5000000.0
5500000.0
6000000.0
6500000.0
7000000.0
7500000.0
8000000.0
8500000.0
9000000.0
9500000.0
10000000.0
10500000.0
11000000.0
11500000.0
12000000.0
12500000.0
13000000.0
13500000.0
14000000.0
14500000.0
15000000.0
15500000.0
16000000.0
16500000.0
17000000.0
17500000.0
18000000.0
18500000.0
19000000.0
19500000.0
20000000.0
20500000.0
21000000.0
21500000.0
22000000.0
22500000.0
23000000.0
23500000.0
24000000.0
24500000.0
25000000.0
25500000.0
26000000.0
26500000.0
27000000.0
27500000.0
28000000.0
28500000.0
29000000.0
29500000.0
30000000.0
30500000.0
31000000.0
31500000.0
32000000.0
32500000.0
33000000.0
33500000.0
34000000.0
34500000.0
35000000.0
35500000.0
36000000.0
36500000.0
37000000.0
37500000.0
38000000.0
38500000.0
39000000.0
39500000.0
40000000.0
40500000.0
41000000.0
41500000.0
42000000.0
42500000.0
43000000.0
43500000.0
44000000.0
44500000.0
45000000.0
45500000.0
46000000.0
46500000.0
47000000.0
47500000.0
48000000.0
48500000.0
49000000.0
49500000.0
50000000.0
8200000.0
8400000.0
8600000.0
8800000.0
9200000.0
9400000.0
9600000.0
9800000.0
10200000.0
10400000.0
10600000.0
10800000.0
11200000.0
11400000.0
11600000.0
11800000.0
28200000.0
28400000.0
28600000.0
28800000.0
29200000.0
29400000.0
29600000.0
29800000.0
30200000.0
30400000.0
30600000.0
30800000.0
31200000.0
31400000.0
31600000.0
31800000.0
48200000.0
48400000.0
48600000.0
48800000.0
49200000.0
49400000.0
49600000.0
49800000.0
