x-axis 1 2
second Volt Volt
+25.60000E-06  
+25.62500E-06 -116.58291519E-03 +0.0E+00
+25.65000E-06 +0.0E+00 +0.0E+00
+25.67500E-06 -116.58291519E-03 +0.0E+00
+25.70000E-06 +0.0E+00 -2.97487434E-03
+25.72500E-06 +0.0E+00 -5.94974868E-03
+25.75000E-06 -116.58291519E-03 +0.0E+00
+25.77500E-06 +0.0E+00 -0.0E+00
+25.80000E-06 -0.0E+00 -2.97487434E-03
+25.82500E-06 -116.58291519E-03 +0.0E+00
+25.85000E-06 -0.0E+00 -2.97487434E-03
+25.87500E-06 -0.0E+00 -0.0E+00
+25.90000E-06 -116.58291519E-03 +0.0E+00
+25.92500E-06 -0.0E+00 +0.0E+00
+25.95000E-06 -116.58291519E-03 +0.0E+00
+25.97500E-06 +0.0E+00 -0.0E+00
+26.00000E-06 +0.0E+00 -2.97487434E-03
+26.02500E-06 +0.0E+00 -2.97487434E-03
+26.05000E-06 -0.0E+00 -0.0E+00
+26.07500E-06 -233.16583037E-03 +0.0E+00
+26.10000E-06 -0.0E+00 -2.97487434E-03
+26.12500E-06 -0.0E+00 -2.97487434E-03
+26.15000E-06 -116.58291519E-03 -5.94974868E-03
+26.17500E-06 +0.0E+00 -0.0E+00
+26.20000E-06 +0.0E+00 -2.97487434E-03
+26.22500E-06 -116.58291519E-03 +0.0E+00
+26.25000E-06 +0.0E+00 +0.0E+00
+26.27500E-06 -116.58291519E-03 +0.0E+00
+26.30000E-06 -116.58291519E-03 -0.0E+00
+26.32500E-06 -116.58291519E-03 +0.0E+00
+26.35000E-06 +0.0E+00 +0.0E+00
+26.37500E-06 -116.58291519E-03 -2.97487434E-03
+26.40000E-06 +0.0E+00 -2.97487434E-03
+26.42500E-06 -0.0E+00 +0.0E+00
+26.45000E-06 -116.58291518E-03 -2.97487434E-03
+26.47500E-06 -116.58291518E-03 -0.0E+00
+26.50000E-06 -0.0E+00 +0.0E+00
+26.52500E-06 -116.58291519E-03 -2.97487434E-03
+26.55000E-06 -116.58291518E-03 +0.0E+00
+26.57500E-06 -116.58291518E-03 -2.97487434E-03
+26.60000E-06 -116.58291519E-03 -5.94974868E-03
+26.62500E-06 -116.58291518E-03 -2.97487434E-03
+26.65000E-06 -116.58291519E-03 +0.0E+00
+26.67500E-06 +0.0E+00 -2.97487434E-03
+26.70000E-06 -116.58291519E-03 -2.97487434E-03
+26.72500E-06 -0.0E+00 -2.97487434E-03
+26.75000E-06 -0.0E+00 -0.0E+00
+26.77500E-06 +0.0E+00 -2.97487434E-03
+26.80000E-06 +0.0E+00 -2.97487434E-03
+26.82500E-06 -0.0E+00 -2.97487434E-03
+26.85000E-06 -0.0E+00 -2.97487434E-03
+26.87500E-06 -116.58291518E-03 +0.0E+00
+26.90000E-06 +0.0E+00 -2.97487434E-03
+26.92500E-06 -0.0E+00 -2.97487434E-03
+26.95000E-06 -116.58291518E-03 +0.0E+00
+26.97500E-06 +0.0E+00 -2.97487434E-03
+27.00000E-06 -116.58291519E-03 -2.97487434E-03
+27.02500E-06 -0.0E+00 +0.0E+00
+27.05000E-06 -116.58291519E-03 -5.94974868E-03
+27.07500E-06 -116.58291518E-03 +0.0E+00
+27.10000E-06 -116.58291518E-03 -2.97487434E-03
+27.12500E-06 -116.58291519E-03 +0.0E+00
+27.15000E-06 -116.58291518E-03 +0.0E+00
+27.17500E-06 -0.0E+00 -0.0E+00
+27.20000E-06 +0.0E+00 -2.97487434E-03
+27.22500E-06 -116.58291519E-03 -2.97487434E-03
+27.25000E-06 -0.0E+00 -2.97487434E-03
+27.27500E-06 +0.0E+00 -2.97487434E-03
+27.30000E-06 -0.0E+00 -0.0E+00
+27.32500E-06 -116.58291519E-03 -2.97487434E-03
+27.35000E-06 -233.16583036E-03 +0.0E+00
+27.37500E-06 -116.58291519E-03 -2.97487434E-03
+27.40000E-06 +0.0E+00 -2.97487434E-03
+27.42500E-06 -10E-12 +0.0E+00
+27.45000E-06 -116.58291518E-03 +0.0E+00
+27.47500E-06 -116.58291518E-03 -0.0E+00
+27.50000E-06 +0.0E+00 -2.97487434E-03
+27.52500E-06 -10E-12 +0.0E+00
+27.55000E-06 -116.58291518E-03 +0.0E+00
+27.57500E-06 +0.0E+00 +0.0E+00
+27.60000E-06 +0.0E+00 -5.94974868E-03
+27.62500E-06 -116.58291519E-03 -0.0E+00
+27.65000E-06 -116.58291519E-03 -0.0E+00
+27.67500E-06 -116.58291519E-03 -2.97487434E-03
+27.70000E-06 +0.0E+00 -0.0E+00
+27.72500E-06 -116.58291519E-03 -2.97487434E-03
+27.75000E-06 -116.58291519E-03 -2.97487434E-03
+27.77500E-06 +0.0E+00 -0.0E+00
+27.80000E-06 -116.58291518E-03 -2.97487434E-03
+27.82500E-06 -116.58291519E-03 -2.97487434E-03
+27.85000E-06 -116.58291519E-03 +0.0E+00
+27.87500E-06 -116.58291518E-03 -2.97487434E-03
+27.90000E-06 -10E-12 -2.97487434E-03
+27.92500E-06 -10E-12 +0.0E+00
+27.95000E-06 -233.16583036E-03 -0.0E+00
+27.97500E-06 +0.0E+00 -2.97487434E-03
+28.00000E-06 +0.0E+00 -2.97487434E-03
+28.02500E-06 -10E-12 +0.0E+00
+28.05000E-06 -116.58291519E-03 +0.0E+00
+28.07500E-06 -233.16583037E-03 -2.97487434E-03
+28.10000E-06 +0.0E+00 -2.97487434E-03
+28.12500E-06 +0.0E+00 -2.97487434E-03
+28.15000E-06 -116.58291519E-03 -0.0E+00
+28.17500E-06 -10E-12 -0.0E+00
+28.20000E-06 -116.58291519E-03 -2.97487434E-03
+28.22500E-06 -10E-12 +0.0E+00
+28.25000E-06 -10E-12 -2.97487434E-03
+28.27500E-06 +0.0E+00 -0.0E+00
+28.30000E-06 -10E-12 +0.0E+00
+28.32500E-06 -10E-12 +0.0E+00
+28.35000E-06 -116.58291518E-03 -2.97487434E-03
+28.37500E-06 -116.58291518E-03 -0.0E+00
+28.40000E-06 -10E-12 -2.97487434E-03
+28.42500E-06 -10E-12 +0.0E+00
+28.45000E-06 +0.0E+00 +0.0E+00
+28.47500E-06 -116.58291518E-03 -0.0E+00
+28.50000E-06 +0.0E+00 -0.0E+00
+28.52500E-06 -10E-12 +0.0E+00
+28.55000E-06 +0.0E+00 -2.97487434E-03
+28.57500E-06 -116.58291519E-03 -2.97487434E-03
+28.60000E-06 -116.58291518E-03 -5.94974868E-03
+28.62500E-06 -10E-12 +0.0E+00
+28.65000E-06 -116.58291519E-03 +0.0E+00
+28.67500E-06 -116.58291519E-03 -0.0E+00
+28.70000E-06 +0.0E+00 +0.0E+00
+28.72500E-06 -116.58291519E-03 -2.97487434E-03
+28.75000E-06 -10E-12 -2.97487434E-03
+28.77500E-06 +0.0E+00 -2.97487434E-03
+28.80000E-06 +0.0E+00 -0.0E+00
+28.82500E-06 +0.0E+00 +2.97487434E-03
+28.85000E-06 -116.58291518E-03 -0.0E+00
+28.87500E-06 -233.16583036E-03 +0.0E+00
+28.90000E-06 -10E-12 +0.0E+00
+28.92500E-06 -116.58291518E-03 -2.97487434E-03
+28.95000E-06 -116.58291519E-03 +0.0E+00
+28.97500E-06 +0.0E+00 -0.0E+00
+29.00000E-06 +0.0E+00 -2.97487434E-03
+29.02500E-06 -116.58291519E-03 +0.0E+00
+29.05000E-06 -10E-12 -2.97487434E-03
+29.07500E-06 -116.58291518E-03 -0.0E+00
+29.10000E-06 +0.0E+00 -0.0E+00
+29.12500E-06 +0.0E+00 -2.97487434E-03
+29.15000E-06 -116.58291518E-03 -0.0E+00
+29.17500E-06 +10E-12 -2.97487434E-03
+29.20000E-06 +0.0E+00 -2.97487434E-03
+29.22500E-06 -116.58291518E-03 -2.97487434E-03
+29.25000E-06 -116.58291519E-03 -0.0E+00
+29.27500E-06 -116.58291518E-03 +0.0E+00
+29.30000E-06 +10E-12 -0.0E+00
+29.32500E-06 -116.58291519E-03 +0.0E+00
+29.35000E-06 -116.58291518E-03 +0.0E+00
+29.37500E-06 +0.0E+00 -2.97487434E-03
+29.40000E-06 +0.0E+00 -2.97487434E-03
+29.42500E-06 -10E-12 -2.97487434E-03
+29.45000E-06 -10E-12 +0.0E+00
+29.47500E-06 -116.58291518E-03 -0.0E+00
+29.50000E-06 +0.0E+00 -0.0E+00
+29.52500E-06 -116.58291518E-03 -2.97487434E-03
+29.55000E-06 -116.58291518E-03 -0.0E+00
+29.57500E-06 -116.58291518E-03 -2.97487434E-03
+29.60000E-06 -116.58291519E-03 -2.97487434E-03
+29.62500E-06 +0.0E+00 -2.97487434E-03
+29.65000E-06 -116.58291519E-03 -2.97487434E-03
+29.67500E-06 -116.58291518E-03 -0.0E+00
+29.70000E-06 -10E-12 +0.0E+00
+29.72500E-06 -10E-12 -2.97487434E-03
+29.75000E-06 -233.16583036E-03 -2.97487434E-03
+29.77500E-06 +0.0E+00 -2.97487434E-03
+29.80000E-06 +0.0E+00 -2.97487434E-03
+29.82500E-06 -116.58291519E-03 +0.0E+00
+29.85000E-06 -116.58291519E-03 +0.0E+00
+29.87500E-06 -116.58291518E-03 +0.0E+00
+29.90000E-06 -116.58291518E-03 -0.0E+00
+29.92500E-06 +0.0E+00 -2.97487434E-03
+29.95000E-06 -10E-12 -2.97487434E-03
+29.97500E-06 +0.0E+00 -2.97487434E-03
+30.00000E-06 -116.58291517E-03 -5.94974868E-03
+30.02500E-06 -10E-12 +0.0E+00
+30.05000E-06 -116.58291519E-03 +0.0E+00
+30.07500E-06 -116.58291517E-03 +0.0E+00
+30.10000E-06 -10E-12 -0.0E+00
+30.12500E-06 -10E-12 -2.97487434E-03
+30.15000E-06 +10E-12 -0.0E+00
+30.17500E-06 +0.0E+00 +0.0E+00
+30.20000E-06 -116.58291517E-03 -2.97487434E-03
+30.22500E-06 -10E-12 +0.0E+00
+30.25000E-06 -116.58291517E-03 +0.0E+00
+30.27500E-06 -116.58291517E-03 +0.0E+00
+30.30000E-06 -10E-12 -0.0E+00
+30.32500E-06 -10E-12 +0.0E+00
+30.35000E-06 -116.58291517E-03 -0.0E+00
+30.37500E-06 -10E-12 -2.97487434E-03
+30.40000E-06 -10E-12 -2.97487434E-03
+30.42500E-06 -10E-12 -2.97487434E-03
+30.45000E-06 -116.58291519E-03 +0.0E+00
+30.47500E-06 -116.58291519E-03 -2.97487434E-03
+30.50000E-06 -116.58291517E-03 -2.97487434E-03
+30.52500E-06 -116.58291519E-03 +0.0E+00
+30.55000E-06 +0.0E+00 +0.0E+00
+30.57500E-06 -10E-12 -2.97487434E-03
+30.60000E-06 +0.0E+00 -2.97487434E-03
+30.62500E-06 -10E-12 +0.0E+00
+30.65000E-06 -116.58291519E-03 -0.0E+00
+30.67500E-06 +0.0E+00 +0.0E+00
+30.70000E-06 +0.0E+00 -2.97487434E-03
+30.72500E-06 +0.0E+00 -2.97487434E-03
+30.75000E-06 -116.58291517E-03 +0.0E+00
+30.77500E-06 +0.0E+00 -2.97487434E-03
+30.80000E-06 -116.58291517E-03 -2.97487434E-03
+30.82500E-06 -10E-12 -2.97487434E-03
+30.85000E-06 -10E-12 -2.97487434E-03
+30.87500E-06 -116.58291519E-03 -0.0E+00
+30.90000E-06 +0.0E+00 -0.0E+00
+30.92500E-06 -116.58291519E-03 -2.97487434E-03
+30.95000E-06 +0.0E+00 +0.0E+00
+30.97500E-06 +0.0E+00 -0.0E+00
+31.00000E-06 +0.0E+00 -2.97487434E-03
+31.02500E-06 -116.58291519E-03 -2.97487434E-03
+31.05000E-06 -116.58291519E-03 +0.0E+00
+31.07500E-06 -116.58291517E-03 -0.0E+00
+31.10000E-06 -20E-12 -0.0E+00
+31.12500E-06 +0.0E+00 -2.97487434E-03
+31.15000E-06 -116.58291517E-03 +0.0E+00
+31.17500E-06 -116.58291517E-03 +0.0E+00
+31.20000E-06 -116.58291519E-03 -5.94974868E-03
+31.22500E-06 -20E-12 -2.97487434E-03
+31.25000E-06 -116.58291519E-03 -0.0E+00
+31.27500E-06 -116.58291517E-03 +0.0E+00
+31.30000E-06 -116.58291517E-03 -2.97487434E-03
+31.32500E-06 -20E-12 -2.97487434E-03
+31.35000E-06 -116.58291517E-03 -0.0E+00
+31.37500E-06 +0.0E+00 -2.97487434E-03
+31.40000E-06 -116.58291517E-03 -2.97487434E-03
+31.42500E-06 +0.0E+00 -2.97487434E-03
+31.45000E-06 -116.58291519E-03 +0.0E+00
+31.47500E-06 +0.0E+00 -2.97487434E-03
+31.50000E-06 +0.0E+00 +0.0E+00
+31.52500E-06 -20E-12 +0.0E+00
+31.55000E-06 +0.0E+00 -0.0E+00
+31.57500E-06 +0.0E+00 -2.97487434E-03
+31.60000E-06 +0.0E+00 -5.94974868E-03
+31.62500E-06 -20E-12 +0.0E+00
+31.65000E-06 -116.58291517E-03 -0.0E+00
+31.67500E-06 -116.58291517E-03 -2.97487434E-03
+31.70000E-06 +0.0E+00 -2.97487434E-03
+31.72500E-06 +0.0E+00 -2.97487434E-03
+31.75000E-06 -116.58291517E-03 -0.0E+00
+31.77500E-06 -20E-12 -0.0E+00
+31.80000E-06 -116.58291517E-03 -2.97487434E-03
+31.82500E-06 -116.58291517E-03 -2.97487434E-03
+31.85000E-06 -116.58291517E-03 +0.0E+00
+31.87500E-06 +0.0E+00 +0.0E+00
+31.90000E-06 -116.58291519E-03 -0.0E+00
+31.92500E-06 -20E-12 +0.0E+00
+31.95000E-06 -116.58291519E-03 -0.0E+00
+31.97500E-06 +0.0E+00 -0.0E+00
+32.00000E-06 +0.0E+00 -2.97487434E-03
+32.02500E-06 +0.0E+00 -2.97487434E-03
+32.05000E-06 -116.58291519E-03 -2.97487434E-03
+32.07500E-06 -116.58291517E-03 -2.97487434E-03
+32.10000E-06 -20E-12 -2.97487434E-03
+32.12500E-06 -116.58291519E-03 -2.97487434E-03
+32.15000E-06 -116.58291517E-03 -2.97487434E-03
+32.17500E-06 +0.0E+00 +0.0E+00
+32.20000E-06 -20E-12 -2.97487434E-03
+32.22500E-06 -116.58291517E-03 -2.97487434E-03
+32.25000E-06 -116.58291519E-03 -2.97487434E-03
+32.27500E-06 +0.0E+00 +0.0E+00
+32.30000E-06 +0.0E+00 +0.0E+00
+32.32500E-06 -20E-12 -2.97487434E-03
+32.35000E-06 +0.0E+00 +0.0E+00
+32.37500E-06 +0.0E+00 -2.97487434E-03
+32.40000E-06 -20E-12 -2.97487434E-03
+32.42500E-06 -20E-12 -2.97487434E-03
+32.45000E-06 -20E-12 -0.0E+00
+32.47500E-06 -116.58291517E-03 -0.0E+00
+32.50000E-06 +0.0E+00 -0.0E+00
+32.52500E-06 -116.58291519E-03 -2.97487434E-03
+32.55000E-06 -116.58291517E-03 +0.0E+00
+32.57500E-06 +0.0E+00 -0.0E+00
+32.60000E-06 +0.0E+00 -2.97487434E-03
+32.62500E-06 -20E-12 +0.0E+00
+32.65000E-06 -20E-12 +0.0E+00
+32.67500E-06 -116.58291519E-03 +0.0E+00
+32.70000E-06 -20E-12 +0.0E+00
+32.72500E-06 -20E-12 +0.0E+00
+32.75000E-06 -116.58291517E-03 -0.0E+00
+32.77500E-06 +116.58291515E-03 -2.97487434E-03
+32.80000E-06 -116.58291517E-03 -2.97487434E-03
+32.82500E-06 -116.58291517E-03 -2.97487434E-03
+32.85000E-06 -20E-12 -0.0E+00
+32.87500E-06 +0.0E+00 -2.97487434E-03
+32.90000E-06 -116.58291519E-03 -0.0E+00
+32.92500E-06 -116.58291519E-03 -2.97487434E-03
+32.95000E-06 -116.58291517E-03 -2.97487434E-03
+32.97500E-06 +0.0E+00 -2.97487434E-03
+33.00000E-06 -116.58291519E-03 -2.97487434E-03
+33.02500E-06 -20E-12 +0.0E+00
+33.05000E-06 -116.58291519E-03 +0.0E+00
+33.07500E-06 -116.58291517E-03 -0.0E+00
+33.10000E-06 +0.0E+00 -2.97487434E-03
+33.12500E-06 +0.0E+00 -2.97487434E-03
+33.15000E-06 -116.58291517E-03 -0.0E+00
+33.17500E-06 +0.0E+00 -0.0E+00
+33.20000E-06 +0.0E+00 -2.97487434E-03
+33.22500E-06 -116.58291519E-03 -2.97487434E-03
+33.25000E-06 -116.58291517E-03 +0.0E+00
+33.27500E-06 +0.0E+00 -2.97487434E-03
+33.30000E-06 -20E-12 -2.97487434E-03
+33.32500E-06 -116.58291517E-03 -0.0E+00
+33.35000E-06 -116.58291516E-03 +0.0E+00
+33.37500E-06 +0.0E+00 -2.97487434E-03
+33.40000E-06 +0.0E+00 -2.97487434E-03
+33.42500E-06 -20E-12 -2.97487434E-03
+33.45000E-06 -20E-12 -2.97487434E-03
+33.47500E-06 +0.0E+00 -2.97487434E-03
+33.50000E-06 +0.0E+00 -0.0E+00
+33.52500E-06 -20E-12 -0.0E+00
+33.55000E-06 -116.58291516E-03 -0.0E+00
+33.57500E-06 +0.0E+00 -2.97487434E-03
+33.60000E-06 -116.58291519E-03 -2.97487434E-03
+33.62500E-06 -116.58291519E-03 -2.97487434E-03
+33.65000E-06 -116.58291521E-03 +0.0E+00
+33.67500E-06 -116.58291516E-03 -2.97487434E-03
+33.70000E-06 -116.58291519E-03 -0.0E+00
+33.72500E-06 +0.0E+00 -0.0E+00
+33.75000E-06 -116.58291516E-03 -2.97487434E-03
+33.77500E-06 +0.0E+00 -0.0E+00
+33.80000E-06 -116.58291516E-03 -0.0E+00
+33.82500E-06 -116.58291519E-03 +0.0E+00
+33.85000E-06 -116.58291516E-03 +0.0E+00
+33.87500E-06 +0.0E+00 -0.0E+00
+33.90000E-06 +0.0E+00 -0.0E+00
+33.92500E-06 -116.58291519E-03 -2.97487434E-03
+33.95000E-06 -116.58291516E-03 +0.0E+00
+33.97500E-06 +0.0E+00 -2.97487434E-03
+34.00000E-06 +0.0E+00 -2.97487434E-03
+34.02500E-06 -116.58291516E-03 -2.97487434E-03
+34.05000E-06 -116.58291516E-03 -0.0E+00
+34.07500E-06 -116.58291516E-03 +0.0E+00
+34.10000E-06 -20E-12 +0.0E+00
+34.12500E-06 -20E-12 -0.0E+00
+34.15000E-06 -116.58291516E-03 -2.97487434E-03
+34.17500E-06 -116.58291519E-03 -2.97487434E-03
+34.20000E-06 -20E-12 -2.97487434E-03
+34.22500E-06 -20E-12 -2.97487434E-03
+34.25000E-06 -116.58291516E-03 -0.0E+00
+34.27500E-06 -116.58291516E-03 +0.0E+00
+34.30000E-06 -116.58291519E-03 -2.97487434E-03
+34.32500E-06 -116.58291519E-03 -2.97487434E-03
+34.35000E-06 -116.58291519E-03 -0.0E+00
+34.37500E-06 -20E-12 -2.97487434E-03
+34.40000E-06 +0.0E+00 -5.94974868E-03
+34.42500E-06 -30E-12 +0.0E+00
+34.45000E-06 -116.58291516E-03 -0.0E+00
+34.47500E-06 -116.58291516E-03 -2.97487434E-03
+34.50000E-06 -30E-12 -2.97487434E-03
+34.52500E-06 -30E-12 +0.0E+00
+34.55000E-06 -116.58291516E-03 +0.0E+00
+34.57500E-06 +0.0E+00 -0.0E+00
+34.60000E-06 +0.0E+00 -2.97487434E-03
+34.62500E-06 -116.58291516E-03 -2.97487434E-03
+34.65000E-06 +0.0E+00 -0.0E+00
+34.67500E-06 -116.58291516E-03 -2.97487434E-03
+34.70000E-06 -30E-12 -2.97487434E-03
+34.72500E-06 -30E-12 -2.97487434E-03
+34.75000E-06 +0.0E+00 -2.97487434E-03
+34.77500E-06 +0.0E+00 -0.0E+00
+34.80000E-06 -30E-12 -2.97487434E-03
+34.82500E-06 -30E-12 -2.97487434E-03
+34.85000E-06 -116.58291516E-03 +0.0E+00
+34.87500E-06 -30E-12 +0.0E+00
+34.90000E-06 -116.58291516E-03 -0.0E+00
+34.92500E-06 -116.58291519E-03 -2.97487434E-03
+34.95000E-06 -116.58291516E-03 +0.0E+00
+34.97500E-06 -116.58291516E-03 -0.0E+00
+35.00000E-06 -30E-12 -2.97487434E-03
+35.02500E-06 -30E-12 -2.97487434E-03
+35.05000E-06 -116.58291519E-03 +0.0E+00
+35.07500E-06 -116.58291516E-03 +0.0E+00
+35.10000E-06 -30E-12 +0.0E+00
+35.12500E-06 -116.58291519E-03 -2.97487434E-03
+35.15000E-06 -116.58291516E-03 +0.0E+00
+35.17500E-06 -116.58291519E-03 -0.0E+00
+35.20000E-06 -116.58291519E-03 -2.97487434E-03
+35.22500E-06 -116.58291519E-03 -0.0E+00
+35.25000E-06 -116.58291516E-03 -0.0E+00
+35.27500E-06 -116.58291516E-03 -0.0E+00
+35.30000E-06 -116.58291519E-03 -2.97487434E-03
+35.32500E-06 -116.58291519E-03 -2.97487434E-03
+35.35000E-06 -116.58291519E-03 -0.0E+00
+35.37500E-06 +0.0E+00 -2.97487434E-03
+35.40000E-06 +0.0E+00 -2.97487434E-03
+35.42500E-06 +0.0E+00 -0.0E+00
+35.45000E-06 -116.58291519E-03 -0.0E+00
+35.47500E-06 -116.58291519E-03 -2.97487434E-03
+35.50000E-06 -30E-12 +0.0E+00
+35.52500E-06 +0.0E+00 -2.97487434E-03
+35.55000E-06 -116.58291516E-03 +0.0E+00
+35.57500E-06 +0.0E+00 -2.97487434E-03
+35.60000E-06 +0.0E+00 -2.97487434E-03
+35.62500E-06 -116.58291516E-03 -2.97487434E-03
+35.65000E-06 -30E-12 +0.0E+00
+35.67500E-06 -233.16583029E-03 +0.0E+00
+35.70000E-06 +0.0E+00 -0.0E+00
+35.72500E-06 -30E-12 -2.97487434E-03
+35.75000E-06 +0.0E+00 +0.0E+00
+35.77500E-06 -30E-12 -0.0E+00
+35.80000E-06 +0.0E+00 -2.97487434E-03
+35.82500E-06 +0.0E+00 -2.97487434E-03
+35.85000E-06 -30E-12 +0.0E+00
+35.87500E-06 -233.16583034E-03 +0.0E+00
+35.90000E-06 -30E-12 -0.0E+00
+35.92500E-06 -116.58291519E-03 -0.0E+00
+35.95000E-06 +0.0E+00 +0.0E+00
+35.97500E-06 -30E-12 -2.97487434E-03
+36.00000E-06 -30E-12 -2.97487434E-03
+36.02500E-06 -30E-12 -2.97487434E-03
+36.05000E-06 -116.58291519E-03 -0.0E+00
+36.07500E-06 -116.58291519E-03 +0.0E+00
+36.10000E-06 +0.0E+00 -2.97487434E-03
+36.12500E-06 -116.58291519E-03 -2.97487434E-03
+36.15000E-06 -116.58291516E-03 +0.0E+00
+36.17500E-06 -116.58291519E-03 -2.97487434E-03
+36.20000E-06 +0.0E+00 -2.97487434E-03
+36.22500E-06 -116.58291516E-03 +0.0E+00
+36.25000E-06 -116.58291522E-03 +0.0E+00
+36.27500E-06 -116.58291516E-03 -0.0E+00
+36.30000E-06 -30E-12 -2.97487434E-03
+36.32500E-06 -30E-12 -2.97487434E-03
+36.35000E-06 +0.0E+00 +0.0E+00
+36.37500E-06 -116.58291516E-03 -2.97487434E-03
+36.40000E-06 +0.0E+00 -2.97487434E-03
+36.42500E-06 -116.58291519E-03 -2.97487434E-03
+36.45000E-06 -30E-12 +0.0E+00
+36.47500E-06 -233.16583031E-03 -2.97487434E-03
+36.50000E-06 -116.58291519E-03 -0.0E+00
+36.52500E-06 -116.58291519E-03 -2.97487434E-03
+36.55000E-06 -116.58291516E-03 -0.0E+00
+36.57500E-06 +116.58291516E-03 -2.97487434E-03
+36.60000E-06 -30E-12 -2.97487434E-03
+36.62500E-06 +0.0E+00 -2.97487434E-03
+36.65000E-06 -116.58291522E-03 -2.97487434E-03
+36.67500E-06 -116.58291516E-03 -2.97487434E-03
+36.70000E-06 -30E-12 -2.97487434E-03
+36.72500E-06 -116.58291519E-03 -2.97487434E-03
+36.75000E-06 -116.58291516E-03 -2.97487434E-03
+36.77500E-06 +0.0E+00 -0.0E+00
+36.80000E-06 +0.0E+00 -2.97487434E-03
+36.82500E-06 -116.58291519E-03 -0.0E+00
+36.85000E-06 -116.58291519E-03 -2.97487434E-03
+36.87500E-06 -116.58291516E-03 -2.97487434E-03
+36.90000E-06 -30E-12 +0.0E+00
+36.92500E-06 -233.16583034E-03 +0.0E+00
+36.95000E-06 -116.58291515E-03 -0.0E+00
+36.97500E-06 +0.0E+00 -0.0E+00
+37.00000E-06 -116.58291515E-03 -2.97487434E-03
+37.02500E-06 -116.58291519E-03 -2.97487434E-03
+37.05000E-06 -116.58291519E-03 -2.97487434E-03
+37.07500E-06 +30E-12 -2.97487434E-03
+37.10000E-06 -116.58291519E-03 +0.0E+00
+37.12500E-06 -116.58291519E-03 -2.97487434E-03
+37.15000E-06 -30E-12 -0.0E+00
+37.17500E-06 +0.0E+00 -2.97487434E-03
+37.20000E-06 -116.58291515E-03 -2.97487434E-03
+37.22500E-06 -30E-12 -2.97487434E-03
+37.25000E-06 -116.58291519E-03 -2.97487434E-03
+37.27500E-06 -116.58291515E-03 +0.0E+00
+37.30000E-06 -116.58291519E-03 -0.0E+00
+37.32500E-06 -116.58291515E-03 -2.97487434E-03
+37.35000E-06 +0.0E+00 +0.0E+00
+37.37500E-06 -116.58291515E-03 -0.0E+00
+37.40000E-06 -116.58291519E-03 -2.97487434E-03
+37.42500E-06 -30E-12 +0.0E+00
+37.45000E-06 +0.0E+00 -2.97487434E-03
+37.47500E-06 -116.58291515E-03 +0.0E+00
+37.50000E-06 -116.58291519E-03 +0.0E+00
+37.52500E-06 -116.58291515E-03 -2.97487434E-03
+37.55000E-06 +0.0E+00 +0.0E+00
+37.57500E-06 +0.0E+00 +0.0E+00
+37.60000E-06 -116.58291519E-03 -5.94974868E-03
+37.62500E-06 +0.0E+00 -2.97487434E-03
+37.65000E-06 +0.0E+00 -0.0E+00
+37.67500E-06 -233.16583034E-03 +0.0E+00
+37.70000E-06 -30E-12 -2.97487434E-03
+37.72500E-06 +0.0E+00 -2.97487434E-03
+37.75000E-06 +30E-12 +0.0E+00
+37.77500E-06 -30E-12 -2.97487434E-03
+37.80000E-06 -116.58291515E-03 -5.94974868E-03
+37.82500E-06 +0.0E+00 -2.97487434E-03
+37.85000E-06 +0.0E+00 +0.0E+00
+37.87500E-06 -233.16583034E-03 -2.97487434E-03
+37.90000E-06 +0.0E+00 -2.97487434E-03
+37.92500E-06 +116.58291515E-03 -2.97487434E-03
+37.95000E-06 +0.0E+00 +2.97487434E-03
+37.97500E-06 -30E-12 -2.97487434E-03
+38.00000E-06 +0.0E+00 -5.94974868E-03
+38.02500E-06 +116.58291512E-03 -2.97487434E-03
+38.05000E-06 -116.58291519E-03 +0.0E+00
+38.07500E-06 -233.16583034E-03 -2.97487434E-03
+38.10000E-06 +0.0E+00 -2.97487434E-03
+38.12500E-06 +116.58291515E-03 -2.97487434E-03
+38.15000E-06 -116.58291515E-03 +0.0E+00
+38.17500E-06 -116.58291519E-03 -5.94974868E-03
+38.20000E-06 +0.0E+00 -2.97487434E-03
+38.22500E-06 -116.58291515E-03 +0.0E+00
+38.25000E-06 -116.58291522E-03 +0.0E+00
+38.27500E-06 -116.58291519E-03 -0.0E+00
+38.30000E-06 +116.58291515E-03 -2.97487434E-03
+38.32500E-06 +116.58291515E-03 +0.0E+00
+38.35000E-06 -116.58291519E-03 -2.97487434E-03
+38.37500E-06 +0.0E+00 -2.97487434E-03
+38.40000E-06 +116.58291519E-03 -2.97487434E-03
+38.42500E-06 -40E-12 +0.0E+00
+38.45000E-06 -233.16583037E-03 -2.97487434E-03
+38.47500E-06 -116.58291515E-03 -2.97487434E-03
+38.50000E-06 +116.58291519E-03 +0.0E+00
+38.52500E-06 -116.58291519E-03 -0.0E+00
+38.55000E-06 -233.16583034E-03 -0.0E+00
+38.57500E-06 +0.0E+00 -2.97487434E-03
+38.60000E-06 +40E-12 -2.97487434E-03
+38.62500E-06 -116.58291519E-03 +0.0E+00
+38.65000E-06 -116.58291522E-03 -2.97487434E-03
+38.67500E-06 +40E-12 -2.97487434E-03
+38.70000E-06 +0.0E+00 +0.0E+00
+38.72500E-06 -233.16583037E-03 +0.0E+00
+38.75000E-06 -116.58291519E-03 -2.97487434E-03
+38.77500E-06 +116.58291519E-03 -2.97487434E-03
+38.80000E-06 +0.0E+00 +0.0E+00
+38.82500E-06 -116.58291522E-03 -2.97487434E-03
+38.85000E-06 -116.58291519E-03 -2.97487434E-03
+38.87500E-06 +40E-12 +0.0E+00
+38.90000E-06 +0.0E+00 +0.0E+00
+38.92500E-06 -233.16583037E-03 -5.94974868E-03
+38.95000E-06 -116.58291515E-03 -2.97487434E-03
+38.97500E-06 +233.16583034E-03 -0.0E+00
+39.00000E-06 -40E-12 -2.97487434E-03
+39.02500E-06 -349.74874552E-03 -2.97487434E-03
+39.05000E-06 +0.0E+00 -2.97487434E-03
+39.07500E-06 +40E-12 +0.0E+00
+39.10000E-06 -116.58291519E-03 +0.0E+00
+39.12500E-06 -233.16583037E-03 -5.94974868E-03
+39.15000E-06 +40E-12 -2.97487434E-03
+39.17500E-06 +116.58291519E-03 +0.0E+00
+39.20000E-06 -233.16583034E-03 -2.97487434E-03
+39.22500E-06 -233.16583034E-03 -5.94974868E-03
+39.25000E-06 +116.58291519E-03 -2.97487434E-03
+39.27500E-06 +40E-12 +2.97487434E-03
+39.30000E-06 -233.16583041E-03 -2.97487434E-03
+39.32500E-06 -116.58291519E-03 -5.94974868E-03
+39.35000E-06 +116.58291519E-03 +0.0E+00
+39.37500E-06 +0.0E+00 +2.97487434E-03
+39.40000E-06 -233.16583041E-03 -5.94974868E-03
+39.42500E-06 -40E-12 -5.94974868E-03
+39.45000E-06 +116.58291519E-03 +2.97487434E-03
+39.47500E-06 -116.58291515E-03 +2.97487434E-03
+39.50000E-06 -233.16583041E-03 -2.97487434E-03
+39.52500E-06 +0.0E+00 -5.94974868E-03
+39.55000E-06 +116.58291523E-03 +0.0E+00
+39.57500E-06 -116.58291519E-03 +0.0E+00
+39.60000E-06 -349.74874552E-03 -5.94974868E-03
+39.62500E-06 +40E-12 -2.97487434E-03
+39.65000E-06 +233.16583033E-03 +2.97487434E-03
+39.67500E-06 -233.16583037E-03 +2.97487434E-03
+39.70000E-06 -233.16583041E-03 -5.94974868E-03
+39.72500E-06 +233.16583037E-03 -2.97487434E-03
+39.75000E-06 +116.58291519E-03 +2.97487434E-03
+39.77500E-06 -233.16583041E-03 -0.0E+00
+39.80000E-06 -116.58291523E-03 -8.92462302E-03
+39.82500E-06 +233.16583037E-03 -2.97487434E-03
+39.85000E-06 -116.58291519E-03 +2.97487434E-03
+39.87500E-06 -349.74874556E-03 -0.0E+00
+39.90000E-06 -116.58291519E-03 -8.92462302E-03
+39.92500E-06 +349.74874552E-03 +2.97487434E-03
+39.95000E-06 +0.0E+00 +2.97487434E-03
+39.97500E-06 -349.74874560E-03 -2.97487434E-03
+40.00000E-06 +0.0E+00 -8.92462302E-03
+40.02500E-06 +233.16583033E-03 +2.97487434E-03
+40.05000E-06 -233.16583037E-03 +5.94974868E-03
+40.07500E-06 -466.33166071E-03 -5.94974868E-03
+40.10000E-06 +116.58291519E-03 -5.94974868E-03
+40.12500E-06 +349.74874552E-03 +2.97487434E-03
+40.15000E-06 -233.16583037E-03 +2.97487434E-03
+40.17500E-06 -233.16583042E-03 -8.92462302E-03
+40.20000E-06 +233.16583042E-03 -5.94974868E-03
+40.22500E-06 +233.16583033E-03 +5.94974868E-03
+40.25000E-06 -349.74874560E-03 +2.97487434E-03
+40.27500E-06 -349.74874552E-03 -5.94974868E-03
+40.30000E-06 +233.16583042E-03 -0.0E+00
+40.32500E-06 +233.16583029E-03 +5.94974868E-03
+40.35000E-06 -466.33166071E-03 +0.0E+00
+40.37500E-06 -116.58291519E-03 -8.92462302E-03
+40.40000E-06 +349.74874556E-03 -2.97487434E-03
+40.42500E-06 -40E-12 +2.97487434E-03
+40.45000E-06 -466.33166075E-03 -2.97487434E-03
+40.47500E-06 -116.58291514E-03 -8.92462302E-03
+40.50000E-06 +466.33166075E-03 +2.97487434E-03
+40.52500E-06 -116.58291523E-03 +5.94974868E-03
+40.55000E-06 -582.91457589E-03 -8.92462302E-03
+40.57500E-06 +116.58291523E-03 -5.94974868E-03
+40.60000E-06 +466.33166070E-03 +5.94974868E-03
+40.62500E-06 -349.74874556E-03 +2.97487434E-03
+40.65000E-06 -349.74874560E-03 -8.92462302E-03
+40.67500E-06 +233.16583042E-03 -2.97487434E-03
+40.70000E-06 +349.74874556E-03 +8.92462302E-03
+40.72500E-06 -466.33166079E-03 +0.0E+00
+40.75000E-06 -466.33166066E-03 -8.92462302E-03
+40.77500E-06 +466.33166075E-03 -2.97487434E-03
+40.80000E-06 +233.16583033E-03 +8.92462302E-03
+40.82500E-06 -582.91457593E-03 -2.97487434E-03
+40.85000E-06 -233.16583037E-03 -8.92462302E-03
+40.87500E-06 +466.33166075E-03 +2.97487434E-03
+40.90000E-06 +116.58291514E-03 +11.89949736E-03
+40.92500E-06 -582.91457598E-03 -5.94974868E-03
+40.95000E-06 -116.58291514E-03 -14.87437170E-03
+40.97500E-06 +466.33166079E-03 +5.94974868E-03
+41.00000E-06 -116.58291523E-03 +5.94974868E-03
+41.02500E-06 -699.49749112E-03 -8.92462302E-03
+41.05000E-06 +116.58291519E-03 -8.92462302E-03
+41.07500E-06 +466.33166079E-03 +5.94974868E-03
+41.10000E-06 -349.74874556E-03 +5.94974868E-03
+41.12500E-06 -582.91457593E-03 -11.89949736E-03
+41.15000E-06 +349.74874560E-03 -5.94974868E-03
+41.17500E-06 +466.33166075E-03 +8.92462302E-03
+41.20000E-06 -466.33166079E-03 +0.0E+00
+41.22500E-06 -466.33166075E-03 -14.87437170E-03
+41.25000E-06 +582.91457589E-03 -5.94974868E-03
+41.27500E-06 +349.74874552E-03 +11.89949736E-03
+41.30000E-06 -699.49749112E-03 +0.0E+00
+41.32500E-06 -349.74874556E-03 -17.84924604E-03
+41.35000E-06 +699.49749112E-03 +0.0E+00
+41.37500E-06 +116.58291514E-03 +11.89949736E-03
+41.40000E-06 -816.08040626E-03 -5.94974868E-03
+41.42500E-06 -116.58291519E-03 -14.87437170E-03
+41.45000E-06 +816.08040626E-03 +5.94974868E-03
+41.47500E-06 -233.16583033E-03 +11.89949736E-03
+41.50000E-06 -816.08040631E-03 -8.92462302E-03
+41.52500E-06 +116.58291519E-03 -14.87437170E-03
+41.55000E-06 +699.49749112E-03 +8.92462302E-03
+41.57500E-06 -349.74874561E-03 +8.92462302E-03
+41.60000E-06 -816.08040631E-03 -14.87437170E-03
+41.62500E-06 +349.74874561E-03 -11.89949736E-03
+41.65000E-06 +582.91457593E-03 +11.89949736E-03
+41.67500E-06 -816.08040626E-03 +5.94974868E-03
+41.70000E-06 -699.49749112E-03 -14.87437170E-03
+41.72500E-06 +699.49749112E-03 -5.94974868E-03
+41.75000E-06 +466.33166075E-03 +17.84924604E-03
+41.77500E-06 -816.08040635E-03 -0.0E+00
+41.80000E-06 -582.91457589E-03 -23.79899472E-03
+41.82500E-06 +816.08040631E-03 +0.0E+00
+41.85000E-06 +349.74874547E-03 +17.84924604E-03
+41.87500E-06 -1.04924623664E+00 -5.94974868E-03
+41.90000E-06 -116.58291519E-03 -20.82412038E-03
+41.92500E-06 +1.04924623664E+00 +2.97487434E-03
+41.95000E-06 -116.58291514E-03 +17.84924604E-03
+41.97500E-06 -1.04924623673E+00 -8.92462302E-03
+42.00000E-06 +90E-12 -20.82412038E-03
+42.02500E-06 +932.66332150E-03 +11.89949736E-03
+42.05000E-06 -349.74874561E-03 +14.87437170E-03
+42.07500E-06 -1.04924623668E+00 -14.87437170E-03
+42.10000E-06 +349.74874561E-03 -14.87437170E-03
+42.12500E-06 +932.66332145E-03 +14.87437170E-03
+42.15000E-06 -816.08040631E-03 +8.92462302E-03
+42.17500E-06 -932.66332150E-03 -20.82412038E-03
+42.20000E-06 +699.49749112E-03 -11.89949736E-03
+42.22500E-06 +816.08040626E-03 +20.82412038E-03
+42.25000E-06 -1.04924623668E+00 +2.97487434E-03
+42.27500E-06 -699.49749107E-03 -26.77386906E-03
+42.30000E-06 +1.04924623668E+00 -2.97487434E-03
+42.32500E-06 +466.33166070E-03 +20.82412038E-03
+42.35000E-06 -1.16582915192E+00 -5.94974868E-03
+42.37500E-06 -349.74874556E-03 -26.77386906E-03
+42.40000E-06 +1.16582915187E+00 +2.97487434E-03
+42.42500E-06 +0.0E+00 +23.79899472E-03
+42.45000E-06 -1.39899498224E+00 -11.89949736E-03
+42.47500E-06 -116.58291509E-03 -23.79899472E-03
+42.50000E-06 +1.28241206706E+00 +11.89949736E-03
+42.52500E-06 -349.74874566E-03 +17.84924604E-03
+42.55000E-06 -1.39899498219E+00 -17.84924604E-03
+42.57500E-06 +466.33166075E-03 -17.84924604E-03
+42.60000E-06 +1.28241206701E+00 +17.84924604E-03
+42.62500E-06 -816.08040636E-03 +11.89949736E-03
+42.65000E-06 -1.16582915187E+00 -23.79899472E-03
+42.67500E-06 +816.08040636E-03 -11.89949736E-03
+42.70000E-06 +1.04924623663E+00 +26.77386906E-03
+42.72500E-06 -1.16582915187E+00 +5.94974868E-03
+42.75000E-06 -816.08040631E-03 -32.72361774E-03
+42.77500E-06 +1.28241206706E+00 -2.97487434E-03
+42.80000E-06 +582.91457593E-03 +26.77386906E-03
+42.82500E-06 -1.51557789743E+00 -2.97487434E-03
+42.85000E-06 -582.91457593E-03 -32.72361774E-03
+42.87500E-06 +1.39899498224E+00 +5.94974868E-03
+42.90000E-06 +233.16583032E-03 +29.74874340E-03
+42.92500E-06 -1.63216081267E+00 -11.89949736E-03
+42.95000E-06 +50E-12 -29.74874340E-03
+42.97500E-06 +1.63216081262E+00 +14.87437170E-03
+43.00000E-06 -349.74874561E-03 +23.79899472E-03
+43.02500E-06 -1.74874372780E+00 -23.79899472E-03
+43.05000E-06 +466.33166075E-03 -23.79899472E-03
+43.07500E-06 +1.51557789743E+00 +23.79899472E-03
+43.10000E-06 -816.08040631E-03 +20.82412038E-03
+43.12500E-06 -1.63216081257E+00 -35.69849208E-03
+43.15000E-06 +932.66332155E-03 -17.84924604E-03
+43.17500E-06 +1.28241206706E+00 +32.72361774E-03
+43.20000E-06 -1.39899498224E+00 +5.94974868E-03
+43.22500E-06 -1.28241206701E+00 -35.69849208E-03
+43.25000E-06 +1.39899498224E+00 -5.94974868E-03
+43.27500E-06 +932.66332145E-03 +35.69849208E-03
+43.30000E-06 -1.74874372780E+00 +0.0E+00
+43.32500E-06 -816.08040626E-03 -38.67336642E-03
+43.35000E-06 +1.74874372785E+00 +2.97487434E-03
+43.37500E-06 +466.33166070E-03 +38.67336642E-03
+43.40000E-06 -1.98190955823E+00 -17.84924604E-03
+43.42500E-06 -349.74874546E-03 -38.67336642E-03
+43.45000E-06 +1.98190955818E+00 +17.84924604E-03
+43.47500E-06 -233.16583042E-03 +32.72361774E-03
+43.50000E-06 -2.09849247331E+00 -23.79899472E-03
+43.52500E-06 +582.91457588E-03 -32.72361774E-03
+43.55000E-06 +1.98190955818E+00 +29.74874340E-03
+43.57500E-06 -816.08040636E-03 +23.79899472E-03
+43.60000E-06 -2.09849247331E+00 -38.67336642E-03
+43.62500E-06 +1.04924623673E+00 -23.79899472E-03
+43.65000E-06 +1.74874372775E+00 +38.67336642E-03
+43.67500E-06 -1.51557789748E+00 +14.87437170E-03
+43.70000E-06 -1.63216081257E+00 -44.62311510E-03
+43.72500E-06 +1.63216081267E+00 -14.87437170E-03
+43.75000E-06 +1.28241206700E+00 +44.62311510E-03
+43.77500E-06 -1.98190955818E+00 +2.97487434E-03
+43.80000E-06 -1.16582915177E+00 -50.57286378E-03
+43.82500E-06 +2.09849247336E+00 +2.97487434E-03
+43.85000E-06 +699.49749102E-03 +44.62311510E-03
+43.87500E-06 -2.44824121892E+00 -11.89949736E-03
+43.90000E-06 -466.33166064E-03 -44.62311510E-03
+43.92500E-06 +2.44824121892E+00 +17.84924604E-03
+43.95000E-06 -100E-12 +41.64824076E-03
+43.97500E-06 -2.56482413406E+00 -26.77386906E-03
+44.00000E-06 +233.16583048E-03 -41.64824076E-03
+44.02500E-06 +2.33165830379E+00 +32.72361774E-03
+44.05000E-06 -816.08040641E-03 +32.72361774E-03
+44.07500E-06 -2.44824121892E+00 -41.64824076E-03
+44.10000E-06 +1.16582915192E+00 -29.74874340E-03
+44.12500E-06 +2.21507538850E+00 +44.62311510E-03
+44.15000E-06 -1.63216081267E+00 +20.82412038E-03
+44.17500E-06 -2.09849247331E+00 -50.57286378E-03
+44.20000E-06 +1.86532664304E+00 -20.82412038E-03
+44.22500E-06 +1.74874372775E+00 +56.52261246E-03
+44.25000E-06 -2.21507538860E+00 +5.94974868E-03
+44.27500E-06 -1.63216081251E+00 -56.52261246E-03
+44.30000E-06 +2.44824121898E+00 +0.0E+00
+44.32500E-06 +1.04924623663E+00 +56.52261246E-03
+44.35000E-06 -2.79798996449E+00 -11.89949736E-03
+44.37500E-06 -699.49749107E-03 -59.49748680E-03
+44.40000E-06 +2.91457287967E+00 +14.87437170E-03
+44.42500E-06 +116.58291513E-03 +53.54773812E-03
+44.45000E-06 -3.03115579486E+00 -26.77386906E-03
+44.47500E-06 +116.58291529E-03 -50.57286378E-03
+44.50000E-06 +3.03115579481E+00 +38.67336642E-03
+44.52500E-06 -699.49749128E-03 +41.64824076E-03
+44.55000E-06 -3.03115579481E+00 -47.59798944E-03
+44.57500E-06 +1.04924623679E+00 -41.64824076E-03
+44.60000E-06 +2.79798996443E+00 +50.57286378E-03
+44.62500E-06 -1.74874372786E+00 +29.74874340E-03
+44.65000E-06 -2.68140704924E+00 -59.49748680E-03
+44.67500E-06 +1.98190955823E+00 -26.77386906E-03
+44.70000E-06 +2.33165830363E+00 +65.44723548E-03
+44.72500E-06 -2.44824121903E+00 +11.89949736E-03
+44.75000E-06 -1.98190955812E+00 -68.42210982E-03
+44.77500E-06 +2.79798996454E+00 -2.97487434E-03
+44.80000E-06 +1.51557789732E+00 +65.44723548E-03
+44.82500E-06 -3.03115579497E+00 -8.92462302E-03
+44.85000E-06 -1.16582915176E+00 -71.39698416E-03
+44.87500E-06 +3.26432162529E+00 +17.84924604E-03
+44.90000E-06 +582.91457577E-03 +65.44723548E-03
+44.92500E-06 -3.61407037074E+00 -29.74874340E-03
+44.95000E-06 -116.58291508E-03 -62.47236114E-03
+44.97500E-06 +3.61407037074E+00 +38.67336642E-03
+45.00000E-06 -699.49749118E-03 +53.54773812E-03
+45.02500E-06 -3.61407037074E+00 -53.54773812E-03
+45.05000E-06 +1.04924623674E+00 -53.54773812E-03
+45.07500E-06 +3.38090454036E+00 +56.52261246E-03
+45.10000E-06 -1.63216081273E+00 +41.64824076E-03
+45.12500E-06 -3.26432162518E+00 -68.42210982E-03
+45.15000E-06 +2.09849247348E+00 -32.72361774E-03
+45.17500E-06 +2.91457287956E+00 +74.37185850E-03
+45.20000E-06 -2.79798996460E+00 +20.82412038E-03
+45.22500E-06 -2.56482413400E+00 -80.32160718E-03
+45.25000E-06 +3.03115579491E+00 -8.92462302E-03
+45.27500E-06 +1.98190955812E+00 +77.34673284E-03
+45.30000E-06 -3.61407037085E+00 -2.97487434E-03
+45.32500E-06 -1.51557789737E+00 -80.32160718E-03
+45.35000E-06 +3.73065328604E+00 +17.84924604E-03
+45.37500E-06 +816.08040625E-03 +77.34673284E-03
+45.40000E-06 -4.08040203154E+00 -32.72361774E-03
+45.42500E-06 -466.33166058E-03 -77.34673284E-03
+45.45000E-06 +3.96381911641E+00 +41.64824076E-03
+45.47500E-06 -466.33166080E-03 +65.44723548E-03
+45.50000E-06 -4.19698494667E+00 -53.54773812E-03
+45.52500E-06 +932.66332161E-03 -65.44723548E-03
+45.55000E-06 +3.96381911635E+00 +62.47236114E-03
+45.57500E-06 -1.63216081279E+00 +50.57286378E-03
+45.60000E-06 -3.96381911630E+00 -74.37185850E-03
+45.62500E-06 +2.21507538866E+00 -41.64824076E-03
+45.65000E-06 +3.49748745549E+00 +80.32160718E-03
+45.67500E-06 -2.91457287973E+00 +26.77386906E-03
+45.70000E-06 -3.26432162506E+00 -89.24623020E-03
+45.72500E-06 +3.26432162529E+00 -20.82412038E-03
+45.75000E-06 +2.56482413405E+00 +89.24623020E-03
+45.77500E-06 -3.84723620128E+00 +2.97487434E-03
+45.80000E-06 -2.09849247325E+00 -98.17085322E-03
+45.82500E-06 +4.19698494679E+00 +8.92462302E-03
+45.85000E-06 +1.39899498207E+00 +92.22110454E-03
+45.87500E-06 -4.66331660748E+00 -29.74874340E-03
+45.90000E-06 -932.66332126E-03 -89.24623020E-03
+45.92500E-06 +4.66331660748E+00 +41.64824076E-03
+45.95000E-06 -120E-12 +80.32160718E-03
+45.97500E-06 -4.77989952266E+00 -56.52261246E-03
+46.00000E-06 +699.49749124E-03 -80.32160718E-03
+46.02500E-06 +4.66331660742E+00 +68.42210982E-03
+46.05000E-06 -1.63216081273E+00 +62.47236114E-03
+46.07500E-06 -4.66331660736E+00 -80.32160718E-03
+46.10000E-06 +2.09849247354E+00 -53.54773812E-03
+46.12500E-06 +4.31356786174E+00 +86.27135586E-03
+46.15000E-06 -3.03115579498E+00 +38.67336642E-03
+46.17500E-06 -3.84723620105E+00 -101.14572756E-03
+46.20000E-06 +3.49748745566E+00 -26.77386906E-03
+46.22500E-06 +3.26432162512E+00 +101.14572756E-03
+46.25000E-06 -4.19698494684E+00 +8.92462302E-03
+46.27500E-06 -2.79798996431E+00 -110.07035058E-03
+46.30000E-06 +4.43015077722E+00 +5.94974868E-03
+46.32500E-06 +1.98190955800E+00 +104.12060190E-03
+46.35000E-06 -5.12964826822E+00 -23.79899472E-03
+46.37500E-06 -1.28241206688E+00 -104.12060190E-03
+46.40000E-06 +5.24623118341E+00 +35.69849208E-03
+46.42500E-06 +349.74874538E-03 +95.19597888E-03
+46.45000E-06 -5.36281409866E+00 -56.52261246E-03
+46.47500E-06 +349.74874574E-03 -92.22110454E-03
+46.50000E-06 +5.24623118341E+00 +68.42210982E-03
+46.52500E-06 -1.28241206723E+00 +77.34673284E-03
+46.55000E-06 -5.36281409848E+00 -86.27135586E-03
+46.57500E-06 +1.98190955830E+00 -65.44723548E-03
+46.60000E-06 +4.89648243773E+00 +95.19597888E-03
+46.62500E-06 -2.91457287985E+00 +50.57286378E-03
+46.65000E-06 -4.66331660736E+00 -107.09547624E-03
+46.67500E-06 +3.49748745579E+00 -38.67336642E-03
+46.70000E-06 +4.08040203136E+00 +116.02009926E-03
+46.72500E-06 -4.31356786203E+00 +14.87437170E-03
+46.75000E-06 -3.38090454024E+00 -121.96984794E-03
+46.77500E-06 +4.77989952278E+00 -2.97487434E-03
+46.80000E-06 +2.56482413393E+00 +113.04522492E-03
+46.82500E-06 -5.47939701384E+00 -20.82412038E-03
+46.85000E-06 -1.86532664281E+00 -121.96984794E-03
+46.87500E-06 +5.47939701384E+00 +35.69849208E-03
+46.90000E-06 +816.08040613E-03 +110.07035058E-03
+46.92500E-06 -5.94572867453E+00 -56.52261246E-03
+46.95000E-06 -116.58291494E-03 -107.09547624E-03
+46.97500E-06 +5.94572867447E+00 +74.37185850E-03
+47.00000E-06 -932.66332174E-03 +89.24623020E-03
+47.02500E-06 -5.82914575934E+00 -92.22110454E-03
+47.05000E-06 +1.74874372799E+00 -83.29648152E-03
+47.07500E-06 +5.47939701378E+00 +98.17085322E-03
+47.10000E-06 -2.79798996467E+00 +62.47236114E-03
+47.12500E-06 -5.36281409847E+00 -116.02009926E-03
+47.15000E-06 +3.38090454066E+00 -47.59798944E-03
+47.17500E-06 +4.66331660729E+00 +121.96984794E-03
+47.20000E-06 -4.43015077722E+00 +23.79899472E-03
+47.22500E-06 -4.08040203142E+00 -133.86934530E-03
+47.25000E-06 +5.01306535316E+00 -11.89949736E-03
+47.27500E-06 +3.14773870986E+00 +127.91959662E-03
+47.30000E-06 -5.59597992909E+00 -11.89949737E-03
+47.32500E-06 -2.44824121874E+00 -133.86934530E-03
+47.35000E-06 +5.94572867465E+00 +29.74874340E-03
+47.37500E-06 +1.39899498206E+00 +127.91959662E-03
+47.40000E-06 -6.41206033528E+00 -56.52261246E-03
+47.42500E-06 -582.91457575E-03 -118.99497360E-03
+47.45000E-06 +6.41206033522E+00 +71.39698416E-03
+47.47500E-06 -582.91457612E-03 +107.09547624E-03
+47.50000E-06 -6.41206033522E+00 -92.22110454E-03
+47.52500E-06 +1.51557789762E+00 -98.17085322E-03
+47.55000E-06 +6.17889450484E+00 +107.09547624E-03
+47.57500E-06 -2.56482413436E+00 +77.34673284E-03
+47.60000E-06 -6.06231158959E+00 -124.94472228E-03
+47.62500E-06 +3.38090454061E+00 -62.47236114E-03
+47.65000E-06 +5.24623118328E+00 +130.89447096E-03
+47.67500E-06 -4.43015077723E+00 +38.67336642E-03
+47.70000E-06 -4.89648243766E+00 -139.81909398E-03
+47.72500E-06 +5.01306535316E+00 -20.82412038E-03
+47.75000E-06 +3.84723620098E+00 +142.79396832E-03
+47.77500E-06 -5.82914575947E+00 -2.97487435E-03
+47.80000E-06 -3.26432162498E+00 -148.74371700E-03
+47.82500E-06 +6.17889450509E+00 +20.82412039E-03
+47.85000E-06 +2.09849247305E+00 +136.84421964E-03
+47.87500E-06 -6.87839199596E+00 -47.59798945E-03
+47.90000E-06 -1.16582915162E+00 -133.86934530E-03
+47.92500E-06 +6.87839199603E+00 +68.42210982E-03
+47.95000E-06 -116.58291538E-03 +121.96984794E-03
+47.97500E-06 -7.11155782640E+00 -92.22110454E-03
+48.00000E-06 +1.04924623687E+00 -113.04522492E-03
+48.02500E-06 +6.76180908078E+00 +107.09547624E-03
+48.05000E-06 -2.21507538874E+00 +92.22110453E-03
+48.07500E-06 -6.64522616553E+00 -127.91959662E-03
+48.10000E-06 +3.03115579518E+00 -77.34673284E-03
+48.12500E-06 +6.06231158959E+00 +133.86934530E-03
+48.15000E-06 -4.19698494692E+00 +53.54773811E-03
+48.17500E-06 -5.47939701359E+00 -151.71859134E-03
+48.20000E-06 +5.12964826835E+00 -35.69849207E-03
+48.22500E-06 +4.66331660722E+00 +148.74371700E-03
+48.25000E-06 -5.82914575954E+00 +5.94974868E-03
+48.27500E-06 -3.96381911603E+00 -154.69346568E-03
+48.30000E-06 +6.41206033541E+00 +14.87437171E-03
+48.32500E-06 +2.68140704904E+00 +148.74371700E-03
+48.35000E-06 -6.87839199615E+00 -41.64824077E-03
+48.37500E-06 -1.74874372755E+00 -145.76884266E-03
+48.40000E-06 +7.22814074159E+00 +59.49748681E-03
+48.42500E-06 +466.33166049E-03 +130.89447096E-03
+48.45000E-06 -7.46130657203E+00 -89.24623020E-03
+48.47500E-06 +466.33166107E-03 -124.94472228E-03
+48.50000E-06 +7.22814074159E+00 +104.12060190E-03
+48.52500E-06 -1.74874372813E+00 +104.12060190E-03
+48.55000E-06 -7.22814074146E+00 -127.91959662E-03
+48.57500E-06 +2.79798996475E+00 -89.24623020E-03
+48.60000E-06 +6.64522616546E+00 +133.86934531E-03
+48.62500E-06 -3.96381911662E+00 +62.47236114E-03
+48.65000E-06 -6.17889450471E+00 -154.69346568E-03
+48.67500E-06 +4.77989952286E+00 -44.62311509E-03
+48.70000E-06 +5.24623118321E+00 +160.64321436E-03
+48.72500E-06 -5.71256284442E+00 +17.84924603E-03
+48.75000E-06 -4.54673369203E+00 -166.59296304E-03
+48.77500E-06 +6.41206033541E+00 +2.97487435E-03
+48.80000E-06 +3.49748745528E+00 +160.64321436E-03
+48.82500E-06 -7.11155782647E+00 -35.69849209E-03
+48.85000E-06 -2.33165830354E+00 -157.66834002E-03
+48.87500E-06 +7.34472365684E+00 +56.52261247E-03
+48.90000E-06 +1.04924623642E+00 +145.76884266E-03
+48.92500E-06 -7.57788948728E+00 -86.27135587E-03
+48.95000E-06 -116.58291486E-03 -136.84421963E-03
+48.97500E-06 +7.69447240227E+00 +101.14572757E-03
+49.00000E-06 -1.28241206732E+00 +113.04522492E-03
+49.02500E-06 -7.57788948708E+00 -127.91959662E-03
+49.05000E-06 +2.33165830400E+00 -101.14572755E-03
+49.07500E-06 +7.11155782633E+00 +139.81909398E-03
+49.10000E-06 -3.61407037099E+00 +74.37185849E-03
+49.12500E-06 -6.64522616552E+00 -157.66834002E-03
+49.15000E-06 +4.54673369249E+00 -56.52261245E-03
+49.17500E-06 +5.82914575921E+00 +163.61808870E-03
+49.20000E-06 -5.47939701398E+00 +26.77386905E-03
+49.22500E-06 -5.12964826802E+00 -172.54271172E-03
+49.25000E-06 +6.29547742016E+00 -5.94974867E-03
+49.27500E-06 +3.96381911615E+00 +166.59296304E-03
+49.30000E-06 -7.11155782647E+00 -23.79899473E-03
+49.32500E-06 -3.03115579459E+00 -166.59296304E-03
+49.35000E-06 +7.34472365698E+00 +47.59798945E-03
+49.37500E-06 +1.86532664265E+00 +154.69346568E-03
+49.40000E-06 -7.92763823271E+00 -77.34673285E-03
+49.42500E-06 -582.91457566E-03 -151.71859133E-03
+49.45000E-06 +7.81105531752E+00 +95.19597889E-03
+49.47500E-06 -699.49749139E-03 +127.91959662E-03
+49.50000E-06 -7.92763823264E+00 -124.94472228E-03
+49.52500E-06 +1.74874372814E+00 -116.02009925E-03
+49.55000E-06 +7.57788948701E+00 +139.81909398E-03
+49.57500E-06 -3.03115579513E+00 +89.24623019E-03
+49.60000E-06 -7.11155782626E+00 -157.66834002E-03
+49.62500E-06 +4.19698494693E+00 -71.39698415E-03
+49.65000E-06 +6.41206033507E+00 +163.61808870E-03
+49.67500E-06 -5.24623118361E+00 +38.67336641E-03
+49.70000E-06 -5.59597992870E+00 -172.54271172E-03
+49.72500E-06 +5.94572867474E+00 -20.82412037E-03
+49.75000E-06 +4.54673369208E+00 +175.51758606E-03
+49.77500E-06 -6.76180908098E+00 -11.89949737E-03
+49.80000E-06 -3.61407037052E+00 -175.51758606E-03
+49.82500E-06 +7.34472365684E+00 +35.69849209E-03
+49.85000E-06 +2.33165830346E+00 +166.59296303E-03
+49.87500E-06 -7.81105531759E+00 -65.44723549E-03
+49.90000E-06 -1.28241206678E+00 -151.71859134E-03
+49.92500E-06 +7.92763823271E+00 +86.27135587E-03
+49.95000E-06 -350E-12 +136.84421964E-03
+49.97500E-06 -8.04422114783E+00 -113.04522493E-03
+50.00000E-06 +1.16582915221E+00 -124.94472227E-03
+50.02500E-06 +7.69447240226E+00 +130.89447097E-03
+50.05000E-06 -2.44824121927E+00 +98.17085321E-03
+50.07500E-06 -7.57788948694E+00 -151.71859135E-03
+50.10000E-06 +3.61407037107E+00 -80.32160717E-03
+50.12500E-06 +6.76180908063E+00 +163.61808870E-03
+50.15000E-06 -4.77989952287E+00 +53.54773811E-03
+50.17500E-06 -6.06231158951E+00 -172.54271172E-03
+50.20000E-06 +5.59597992911E+00 -32.72361773E-03
+50.22500E-06 +5.12964826794E+00 +172.54271172E-03
+50.25000E-06 -6.52864325061E+00 -10E-12
+50.27500E-06 -4.19698494652E+00 -178.49246040E-03
+50.30000E-06 +6.99497491135E+00 +26.77386907E-03
+50.32500E-06 +3.03115579451E+00 +166.59296304E-03
+50.35000E-06 -7.57788948729E+00 -56.52261247E-03
+50.37500E-06 -1.86532664271E+00 -160.64321436E-03
+50.40000E-06 +7.92763823271E+00 +77.34673285E-03
+50.42500E-06 +582.91457558E-03 +139.81909398E-03
+50.45000E-06 -7.92763823285E+00 -104.12060191E-03
+50.47500E-06 +582.91457622E-03 -130.89447096E-03
+50.50000E-06 +7.81105531745E+00 +124.94472228E-03
+50.52500E-06 -1.98190955853E+00 +107.09547623E-03
+50.55000E-06 -7.69447240212E+00 -145.76884266E-03
+50.57500E-06 +3.03115579514E+00 -89.24623019E-03
+50.60000E-06 +7.11155782619E+00 +154.69346568E-03
+50.62500E-06 -4.19698494701E+00 +59.49748679E-03
+50.65000E-06 -6.41206033514E+00 -169.56783738E-03
+50.67500E-06 +5.01306535332E+00 -41.64824075E-03
+50.70000E-06 +5.47939701364E+00 +172.54271172E-03
+50.72500E-06 -5.94572867474E+00 +8.92462301E-03
+50.75000E-06 -4.66331660719E+00 -178.49246040E-03
+50.77500E-06 +6.64522616580E+00 +14.87437171E-03
+50.80000E-06 +3.38090454013E+00 +166.59296304E-03
+50.82500E-06 -7.22814074173E+00 -47.59798945E-03
+50.85000E-06 -2.44824121864E+00 -163.61808870E-03
+50.87500E-06 +7.46130657210E+00 +68.42210983E-03
+50.90000E-06 +1.16582915151E+00 +148.74371700E-03
+50.92500E-06 -7.81105531752E+00 -95.19597889E-03
+50.95000E-06 -116.58291483E-03 -139.81909397E-03
+50.97500E-06 +7.69447240233E+00 +116.02009926E-03
+51.00000E-06 -1.28241206742E+00 +113.04522491E-03
+51.02500E-06 -7.57788948700E+00 -136.84421964E-03
+51.05000E-06 +2.44824121914E+00 -98.17085321E-03
+51.07500E-06 +6.99497491114E+00 +148.74371700E-03
+51.10000E-06 -3.49748745597E+00 +68.42210981E-03
+51.12500E-06 -6.52864325039E+00 -163.61808870E-03
+51.15000E-06 +4.31356786220E+00 -50.57286377E-03
+51.17500E-06 +5.82914575913E+00 +166.59296304E-03
+51.20000E-06 -5.47939701400E+00 +20.82412037E-03
+51.22500E-06 -5.01306535282E+00 -172.54271172E-03
+51.25000E-06 +6.17889450498E+00 +10E-12
+51.27500E-06 +3.84723620088E+00 +166.59296304E-03
+51.30000E-06 -6.76180908099E+00 -32.72361775E-03
+51.32500E-06 -2.91457287938E+00 -166.59296304E-03
+51.35000E-06 +7.11155782647E+00 +53.54773813E-03
+51.37500E-06 +1.63216081240E+00 +148.74371699E-03
+51.40000E-06 -7.46130657196E+00 -86.27135587E-03
+51.42500E-06 -582.91457557E-03 -139.81909398E-03
+51.45000E-06 +7.46130657189E+00 +104.12060191E-03
+51.47500E-06 -699.49749141E-03 +118.99497360E-03
+51.50000E-06 -7.46130657181E+00 -124.94472228E-03
+51.52500E-06 +1.74874372810E+00 -104.12060189E-03
+51.55000E-06 +7.11155782625E+00 +136.84421964E-03
+51.57500E-06 -2.91457287997E+00 +77.34673283E-03
+51.60000E-06 -6.52864325039E+00 -154.69346568E-03
+51.62500E-06 +3.84723620146E+00 -62.47236113E-03
+51.65000E-06 +5.94572867431E+00 +160.64321436E-03
+51.67500E-06 -4.89648243800E+00 +32.72361773E-03
+51.70000E-06 -5.24623118311E+00 -166.59296304E-03
+51.72500E-06 +5.47939701393E+00 -11.89949735E-03
+51.75000E-06 +4.19698494651E+00 +160.64321436E-03
+51.77500E-06 -6.17889450505E+00 -20.82412039E-03
+51.80000E-06 -3.26432162501E+00 -160.64321436E-03
+51.82500E-06 +6.52864325061E+00 +41.64824077E-03
+51.85000E-06 +2.09849247307E+00 +148.74371700E-03
+51.87500E-06 -7.11155782640E+00 -71.39698417E-03
+51.90000E-06 -1.16582915142E+00 -139.81909398E-03
+51.92500E-06 +7.11155782640E+00 +89.24623021E-03
+51.95000E-06 -116.58291549E-03 +124.94472227E-03
+51.97500E-06 -7.11155782640E+00 -110.07035059E-03
+52.00000E-06 +1.04924623698E+00 -110.07035057E-03
+52.02500E-06 +6.76180908076E+00 +124.94472228E-03
+52.05000E-06 -2.21507538893E+00 +83.29648152E-03
+52.07500E-06 -6.64522616550E+00 -142.79396832E-03
+52.10000E-06 +3.14773871027E+00 -65.44723547E-03
+52.12500E-06 +5.82914575927E+00 +145.76884266E-03
+52.15000E-06 -4.08040203184E+00 +38.67336641E-03
+52.17500E-06 -5.24623118326E+00 -157.66834002E-03
+52.20000E-06 +4.89648243800E+00 -20.82412037E-03
+52.22500E-06 +4.31356786169E+00 +154.69346568E-03
+52.25000E-06 -5.59597992920E+00 -8.92462303E-03
+52.27500E-06 -3.61407037057E+00 -151.71859134E-03
+52.30000E-06 +6.06231158979E+00 +29.74874340E-03
+52.32500E-06 +2.56482413381E+00 +145.76884266E-03
+52.35000E-06 -6.52864325047E+00 -56.52261247E-03
+52.37500E-06 -1.63216081231E+00 -139.81909398E-03
+52.40000E-06 +6.64522616565E+00 +71.39698417E-03
+52.42500E-06 +349.74874526E-03 +118.99497360E-03
+52.45000E-06 -6.76180908084E+00 -95.19597889E-03
+52.47500E-06 +466.33166113E-03 -107.09547624E-03
+52.50000E-06 +6.41206033535E+00 +113.04522492E-03
+52.52500E-06 -1.63216081285E+00 +86.27135585E-03
+52.55000E-06 -6.29547741994E+00 -127.91959662E-03
+52.57500E-06 +2.44824121923E+00 -68.42210982E-03
+52.60000E-06 +5.82914575911E+00 +133.86934530E-03
+52.62500E-06 -3.49748745584E+00 +47.59798943E-03
+52.65000E-06 -5.36281409837E+00 -145.76884266E-03
+52.67500E-06 +4.08040203177E+00 -26.77386905E-03
+52.70000E-06 +4.43015077695E+00 +142.79396832E-03
+52.72500E-06 -4.89648243800E+00 -10E-12
+52.75000E-06 -3.73065328567E+00 -148.74371700E-03
+52.77500E-06 +5.36281409875E+00 +17.84924605E-03
+52.80000E-06 +2.68140704907E+00 +133.86934530E-03
+52.82500E-06 -5.82914575942E+00 -41.64824076E-03
+52.85000E-06 -1.98190955794E+00 -133.86934530E-03
+52.87500E-06 +5.94572867461E+00 +62.47236114E-03
+52.90000E-06 +816.08040608E-03 +118.99497359E-03
+52.92500E-06 -6.06231158980E+00 -83.29648153E-03
+52.95000E-06 +310E-12 -107.09547624E-03
+52.97500E-06 +6.06231158972E+00 +95.19597888E-03
+53.00000E-06 -932.66332189E-03 +83.29648152E-03
+53.02500E-06 -5.94572867453E+00 -113.04522492E-03
+53.05000E-06 +1.74874372804E+00 -74.37185849E-03
+53.07500E-06 +5.47939701363E+00 +118.99497360E-03
+53.10000E-06 -2.79798996472E+00 +50.57286377E-03
+53.12500E-06 -5.12964826807E+00 -133.86934530E-03
+53.15000E-06 +3.38090454065E+00 -35.69849207E-03
+53.17500E-06 +4.43015077694E+00 +130.89447096E-03
+53.20000E-06 -4.19698494688E+00 +5.94974867E-03
+53.22500E-06 -3.73065328582E+00 -136.84421964E-03
+53.25000E-06 +4.66331660763E+00 +8.92462303E-03
+53.27500E-06 +2.91457287951E+00 +127.91959662E-03
+53.30000E-06 -5.12964826838E+00 -29.74874341E-03
+53.32500E-06 -2.09849247313E+00 -124.94472228E-03
+53.35000E-06 +5.24623118349E+00 +47.59798945E-03
+53.37500E-06 +1.28241206682E+00 +113.04522491E-03
+53.40000E-06 -5.59597992897E+00 -71.39698416E-03
+53.42500E-06 -466.33166051E-03 -104.12060190E-03
+53.45000E-06 +5.47939701378E+00 +83.29648152E-03
+53.47500E-06 -466.33166099E-03 +86.27135586E-03
+53.50000E-06 -5.47939701370E+00 -98.17085323E-03
+53.52500E-06 +1.28241206721E+00 -74.37185849E-03
+53.55000E-06 +5.12964826814E+00 +107.09547624E-03
+53.57500E-06 -2.09849247360E+00 +56.52261245E-03
+53.60000E-06 -4.89648243769E+00 -121.96984794E-03
+53.62500E-06 +2.68140704954E+00 -38.67336641E-03
+53.65000E-06 +4.31356786168E+00 +116.02009926E-03
+53.67500E-06 -3.49748745577E+00 +14.87437170E-03
+53.70000E-06 -3.73065328582E+00 -121.96984794E-03
+53.72500E-06 +3.96381911651E+00 +0.0E+00
+53.75000E-06 +2.91457287959E+00 +118.99497360E-03
+53.77500E-06 -4.43015077726E+00 -23.79899472E-03
+53.80000E-06 -2.44824121868E+00 -118.99497360E-03
+53.82500E-06 +4.66331660756E+00 +35.69849209E-03
+53.85000E-06 +1.51557789711E+00 +104.12060190E-03
+53.87500E-06 -5.01306535304E+00 -56.52261246E-03
+53.90000E-06 -699.49749096E-03 -98.17085322E-03
+53.92500E-06 +4.89648243785E+00 +65.44723549E-03
+53.95000E-06 -116.58291535E-03 +83.29648152E-03
+53.97500E-06 -5.01306535296E+00 -83.29648152E-03
+54.00000E-06 +699.49749136E-03 -74.37185850E-03
+54.02500E-06 +4.66331660739E+00 +92.22110454E-03
+54.05000E-06 -1.51557789775E+00 +53.54773812E-03
+54.07500E-06 -4.54673369213E+00 -104.12060190E-03
+54.10000E-06 +2.21507538871E+00 -41.64824076E-03
+54.12500E-06 +3.96381911619E+00 +107.09547624E-03
+54.15000E-06 -2.79798996465E+00 +20.82412038E-03
+54.17500E-06 -3.61407037063E+00 -110.07035058E-03
+54.20000E-06 +3.26432162540E+00 -5.94974868E-03
+54.22500E-06 +2.79798996440E+00 +107.09547624E-03
+54.25000E-06 -3.73065328614E+00 -11.89949736E-03
+54.27500E-06 -2.33165830366E+00 -104.12060190E-03
+54.30000E-06 +4.08040203154E+00 +23.79899472E-03
+54.32500E-06 +1.63216081237E+00 +95.19597888E-03
+54.35000E-06 -4.31356786200E+00 -44.62311510E-03
+54.37500E-06 -932.66332133E-03 -89.24623020E-03
+54.40000E-06 +4.31356786200E+00 +50.57286379E-03
+54.42500E-06 +233.16583021E-03 +77.34673284E-03
+54.45000E-06 -4.43015077710E+00 -68.42210982E-03
+54.47500E-06 +349.74874581E-03 -71.39698416E-03
+54.50000E-06 +4.19698494665E+00 +80.32160718E-03
+54.52500E-06 -1.04924623693E+00 +53.54773812E-03
+54.55000E-06 -4.08040203146E+00 -89.24623020E-03
+54.57500E-06 +1.51557789759E+00 -41.64824076E-03
+54.60000E-06 +3.73065328582E+00 +86.27135586E-03
+54.62500E-06 -2.21507538880E+00 +26.77386905E-03
+54.65000E-06 -3.38090454034E+00 -98.17085322E-03
+54.67500E-06 +2.56482413428E+00 -14.87437170E-03
+54.70000E-06 +2.79798996432E+00 +95.19597888E-03
+54.72500E-06 -3.14773871013E+00 -5.94974868E-03
+54.75000E-06 -2.33165830357E+00 -95.19597888E-03
+54.77500E-06 +3.26432162540E+00 +17.84924604E-03
+54.80000E-06 +1.74874372764E+00 +86.27135586E-03
+54.82500E-06 -3.61407037088E+00 -32.72361774E-03
+54.85000E-06 -1.28241206689E+00 -86.27135586E-03
+54.87500E-06 +3.61407037096E+00 +41.64824076E-03
+54.90000E-06 +466.33166066E-03 +71.39698416E-03
+54.92500E-06 -3.84723620108E+00 -56.52261246E-03
+54.95000E-06 +170E-12 -65.44723548E-03
+54.97500E-06 +3.73065328590E+00 +65.44723548E-03
+55.00000E-06 -699.49749120E-03 +50.57286378E-03
+55.02500E-06 -3.61407037071E+00 -77.34673284E-03
+55.05000E-06 +1.04924623685E+00 -41.64824076E-03
+55.07500E-06 +3.26432162515E+00 +74.37185850E-03
+55.10000E-06 -1.74874372780E+00 +26.77386906E-03
+55.12500E-06 -3.03115579477E+00 -83.29648152E-03
+55.15000E-06 +1.98190955843E+00 -17.84924603E-03
+55.17500E-06 +2.56482413411E+00 +80.32160718E-03
+55.20000E-06 -2.56482413420E+00 -2.97487434E-03
+55.22500E-06 -2.21507538847E+00 -83.29648152E-03
+55.25000E-06 +2.68140704938E+00 +8.92462302E-03
+55.27500E-06 +1.63216081253E+00 +74.37185850E-03
+55.30000E-06 -3.03115579486E+00 -23.79899472E-03
+55.32500E-06 -1.28241206689E+00 -74.37185850E-03
+55.35000E-06 +3.14773871005E+00 +35.69849208E-03
+55.37500E-06 +699.49749095E-03 +65.44723548E-03
+55.40000E-06 -3.26432162523E+00 -47.59798944E-03
+55.42500E-06 -233.16583020E-03 -59.49748680E-03
+55.45000E-06 +3.14773871005E+00 +50.57286378E-03
+55.47500E-06 -349.74874565E-03 +47.59798944E-03
+55.50000E-06 -3.26432162506E+00 -62.47236114E-03
+55.52500E-06 +816.08040631E-03 -38.67336642E-03
+55.55000E-06 +2.91457287959E+00 +62.47236114E-03
+55.57500E-06 -1.28241206714E+00 +26.77386906E-03
+55.60000E-06 -2.79798996440E+00 -74.37185850E-03
+55.62500E-06 +1.51557789751E+00 -17.84924604E-03
+55.65000E-06 +2.21507538855E+00 +68.42210982E-03
+55.67500E-06 -2.09849247336E+00 +5.94974868E-03
+55.70000E-06 -2.09849247328E+00 -71.39698416E-03
+55.72500E-06 +2.21507538855E+00 +2.97487434E-03
+55.75000E-06 +1.51557789743E+00 +68.42210982E-03
+55.77500E-06 -2.44824121910E+00 -14.87437171E-03
+55.80000E-06 -1.28241206697E+00 -68.42210982E-03
+55.82500E-06 +2.56482413420E+00 +23.79899472E-03
+55.85000E-06 +816.08040614E-03 +59.49748680E-03
+55.87500E-06 -2.79798996449E+00 -35.69849208E-03
+55.90000E-06 -466.33166058E-03 -50.57286378E-03
+55.92500E-06 +2.68140704921E+00 +38.67336642E-03
+55.95000E-06 -116.58291527E-03 +41.64824076E-03
+55.97500E-06 -2.68140704921E+00 -50.57286378E-03
+56.00000E-06 +466.33166075E-03 -44.62311509E-03
+56.02500E-06 +2.44824121892E+00 +50.57286378E-03
+56.05000E-06 -932.66332158E-03 +26.77386906E-03
+56.07500E-06 -2.56482413394E+00 -56.52261246E-03
+56.10000E-06 +1.04924623677E+00 -20.82412038E-03
+56.12500E-06 +2.09849247328E+00 +56.52261246E-03
+56.15000E-06 -1.63216081262E+00 +8.92462302E-03
+56.17500E-06 -1.86532664290E+00 -59.49748680E-03
+56.20000E-06 +1.63216081270E+00 -5.94974867E-03
+56.22500E-06 +1.39899498216E+00 +56.52261246E-03
+56.25000E-06 -1.98190955835E+00 -8.92462302E-03
+56.27500E-06 -1.28241206688E+00 -56.52261246E-03
+56.30000E-06 +2.09849247336E+00 +14.87437170E-03
+56.32500E-06 +816.08040622E-03 +47.59798944E-03
+56.35000E-06 -2.21507538855E+00 -26.77386906E-03
+56.37500E-06 -582.91457576E-03 -50.57286378E-03
+56.40000E-06 +2.21507538864E+00 +26.77386906E-03
+56.42500E-06 -90E-12 +38.67336642E-03
+56.45000E-06 -2.21507538864E+00 -41.64824076E-03
+56.47500E-06 +116.58291536E-03 -32.72361774E-03
+56.50000E-06 +1.98190955826E+00 +41.64824076E-03
+56.52500E-06 -466.33166092E-03 +23.79899472E-03
+56.55000E-06 -2.09849247328E+00 -44.62311510E-03
+56.57500E-06 +816.08040640E-03 -23.79899472E-03
+56.60000E-06 +1.86532664290E+00 +44.62311510E-03
+56.62500E-06 -1.04924623677E+00 +8.92462302E-03
+56.65000E-06 -1.63216081262E+00 -50.57286378E-03
+56.67500E-06 +1.28241206714E+00 -5.94974868E-03
+56.70000E-06 +1.39899498215E+00 +50.57286378E-03
+56.72500E-06 -1.63216081262E+00 -8.92462302E-03
+56.75000E-06 -1.28241206679E+00 -44.62311510E-03
+56.77500E-06 +1.63216081262E+00 +11.89949736E-03
+56.80000E-06 +816.08040613E-03 +41.64824076E-03
+56.82500E-06 -1.86532664299E+00 -20.82412038E-03
+56.85000E-06 -582.91457593E-03 -41.64824076E-03
+56.87500E-06 +1.74874372780E+00 +23.79899472E-03
+56.90000E-06 +233.16583028E-03 +32.72361774E-03
+56.92500E-06 -1.74874372789E+00 -29.74874340E-03
+56.95000E-06 +90E-12 -32.72361774E-03
+56.97500E-06 +1.74874372780E+00 +32.72361774E-03
+57.00000E-06 -466.33166075E-03 +23.79899472E-03
+57.02500E-06 -1.86532664290E+00 -38.67336642E-03
+57.05000E-06 +582.91457593E-03 -17.84924604E-03
+57.07500E-06 +1.51557789734E+00 +38.67336642E-03
+57.10000E-06 -816.08040640E-03 +8.92462302E-03
+57.12500E-06 -1.39899498224E+00 -41.64824076E-03
+57.15000E-06 +816.08040649E-03 -5.94974868E-03
+57.17500E-06 +1.16582915187E+00 +35.69849208E-03
+57.20000E-06 -1.16582915196E+00 -2.97487434E-03
+57.22500E-06 -1.04924623659E+00 -38.67336642E-03
+57.25000E-06 +1.16582915196E+00 +5.94974868E-03
+57.27500E-06 +699.49749112E-03 +32.72361774E-03
+57.30000E-06 -1.39899498233E+00 -14.87437170E-03
+57.32500E-06 -582.91457593E-03 -35.69849208E-03
+57.35000E-06 +1.28241206715E+00 +17.84924604E-03
+57.37500E-06 +233.16583037E-03 +26.77386906E-03
+57.40000E-06 -1.51557789743E+00 -23.79899472E-03
+57.42500E-06 -116.58291519E-03 -26.77386906E-03
+57.45000E-06 +1.39899498215E+00 +23.79899472E-03
+57.47500E-06 -233.16583028E-03 +20.82412038E-03
+57.50000E-06 -1.39899498224E+00 -26.77386906E-03
+57.52500E-06 +349.74874556E-03 -17.84924604E-03
+57.55000E-06 +1.16582915196E+00 +29.74874340E-03
+57.57500E-06 -466.33166084E-03 +11.89949736E-03
+57.60000E-06 -1.28241206696E+00 -35.69849208E-03
+57.62500E-06 +582.91457603E-03 -11.89949736E-03
+57.65000E-06 +932.66332150E-03 +29.74874340E-03
+57.67500E-06 -932.66332150E-03 -0.0E+00
+57.70000E-06 -932.66332140E-03 -29.74874340E-03
+57.72500E-06 +932.66332140E-03 +2.97487434E-03
+57.75000E-06 +699.49749103E-03 +26.77386906E-03
+57.77500E-06 -1.04924623677E+00 -8.92462302E-03
+57.80000E-06 -582.91457584E-03 -29.74874340E-03
+57.82500E-06 +1.16582915178E+00 +11.89949736E-03
+57.85000E-06 +233.16583037E-03 +23.79899472E-03
+57.87500E-06 -1.16582915187E+00 -17.84924604E-03
+57.90000E-06 -233.16583037E-03 -20.82412038E-03
+57.92500E-06 +1.16582915178E+00 +14.87437170E-03
+57.95000E-06 -116.58291519E-03 +17.84924604E-03
+57.97500E-06 -1.04924623668E+00 -23.79899472E-03
+58.00000E-06 +116.58291528E-03 -17.84924604E-03
+58.02500E-06 +1.04924623659E+00 +23.79899472E-03
+58.05000E-06 -349.74874575E-03 +8.92462302E-03
+58.07500E-06 -1.04924623659E+00 -23.79899472E-03
+58.10000E-06 +466.33166075E-03 -8.92462302E-03
+58.12500E-06 +816.08040631E-03 +23.79899472E-03
+58.15000E-06 -699.49749112E-03 +2.97487434E-03
+58.17500E-06 -816.08040631E-03 -26.77386906E-03
+58.20000E-06 +699.49749112E-03 +0.0E+00
+58.22500E-06 +466.33166075E-03 +20.82412038E-03
+58.25000E-06 -816.08040640E-03 -5.94974868E-03
+58.27500E-06 -582.91457584E-03 -23.79899472E-03
+58.30000E-06 +816.08040631E-03 +5.94974868E-03
+58.32500E-06 +233.16583037E-03 +17.84924604E-03
+58.35000E-06 -1.04924623650E+00 -11.89949736E-03
+58.37500E-06 -116.58291519E-03 -17.84924604E-03
+58.40000E-06 +816.08040631E-03 +11.89949736E-03
+58.42500E-06 +116.58291509E-03 +14.87437170E-03
+58.45000E-06 -932.66332150E-03 -14.87437170E-03
+58.47500E-06 +90E-12 -14.87437170E-03
+58.50000E-06 +816.08040631E-03 +17.84924604E-03
+58.52500E-06 -233.16583047E-03 +5.94974868E-03
+58.55000E-06 -816.08040631E-03 -17.84924604E-03
+58.57500E-06 +233.16583047E-03 -8.92462302E-03
+58.60000E-06 +699.49749103E-03 +17.84924604E-03
+58.62500E-06 -466.33166084E-03 +2.97487434E-03
+58.65000E-06 -699.49749112E-03 -20.82412038E-03
+58.67500E-06 +349.74874565E-03 +0.0E+00
+58.70000E-06 +466.33166075E-03 +17.84924604E-03
+58.72500E-06 -466.33166094E-03 -2.97487434E-03
+58.75000E-06 -582.91457584E-03 -17.84924604E-03
+58.77500E-06 +582.91457593E-03 +5.94974868E-03
+58.80000E-06 +233.16583037E-03 +11.89949736E-03
+58.82500E-06 -699.49749122E-03 -11.89949736E-03
+58.85000E-06 -233.16583037E-03 -14.87437170E-03
+58.87500E-06 +582.91457593E-03 +8.92462302E-03
+58.90000E-06 +116.58291500E-03 +11.89949736E-03
+58.92500E-06 -816.08040621E-03 -14.87437170E-03
+58.95000E-06 -116.58291509E-03 -8.92462302E-03
+58.97500E-06 +699.49749103E-03 +11.89949736E-03
+59.00000E-06 -116.58291519E-03 +5.94974868E-03
+59.02500E-06 -699.49749112E-03 -14.87437170E-03
+59.05000E-06 +100E-12 -5.94974868E-03
+59.07500E-06 +466.33166075E-03 +11.89949736E-03
+59.10000E-06 -349.74874566E-03 +2.97487434E-03
+59.12500E-06 -582.91457593E-03 -17.84924604E-03
+59.15000E-06 +349.74874556E-03 +0.0E+00
+59.17500E-06 +349.74874556E-03 +11.89949736E-03
+59.20000E-06 -466.33166084E-03 -2.97487434E-03
+59.22500E-06 -349.74874556E-03 -14.87437170E-03
+59.25000E-06 +349.74874556E-03 +2.97487434E-03
+59.27500E-06 +233.16583037E-03 +11.89949736E-03
+59.30000E-06 -466.33166084E-03 -8.92462302E-03
+59.32500E-06 -233.16583037E-03 -14.87437170E-03
+59.35000E-06 +466.33166084E-03 +5.94974868E-03
+59.37500E-06 +0.0E+00 +8.92462302E-03
+59.40000E-06 -466.33166084E-03 -11.89949736E-03
+59.42500E-06 -100E-12 -8.92462302E-03
+59.45000E-06 +349.74874556E-03 +8.92462302E-03
+59.47500E-06 -233.16583037E-03 +5.94974868E-03
+59.50000E-06 -582.91457593E-03 -8.92462302E-03
+59.52500E-06 +116.58291509E-03 -5.94974868E-03
+59.55000E-06 +349.74874566E-03 +8.92462302E-03
+59.57500E-06 -116.58291528E-03 -0.0E+00
+59.60000E-06 -466.33166065E-03 -14.87437170E-03
+59.62500E-06 +233.16583028E-03 -2.97487434E-03
+59.65000E-06 +233.16583047E-03 +11.89949736E-03
+59.67500E-06 -349.74874556E-03 -0.0E+00
+59.70000E-06 -233.16583047E-03 -11.89949736E-03
+59.72500E-06 +349.74874546E-03 +0.0E+00
+59.75000E-06 +116.58291519E-03 +8.92462302E-03
+59.77500E-06 -349.74874556E-03 -2.97487434E-03
+59.80000E-06 -233.16583037E-03 -11.89949736E-03
+59.82500E-06 +349.74874546E-03 +2.97487434E-03
+59.85000E-06 +0.0E+00 +8.92462302E-03
+59.87500E-06 -466.33166065E-03 -5.94974868E-03
+59.90000E-06 -100E-12 -8.92462302E-03
+59.92500E-06 +233.16583037E-03 +5.94974868E-03
+59.95000E-06 -100E-12 +5.94974868E-03
+59.97500E-06 -466.33166065E-03 -8.92462302E-03
+60.00000E-06 +0.0E+00 -8.92462302E-03
+60.02500E-06 +349.74874556E-03 +5.94974868E-03
+60.05000E-06 -233.16583037E-03 +2.97487434E-03
+60.07500E-06 -466.33166065E-03 -8.92462302E-03
+60.10000E-06 +116.58291519E-03 -2.97487434E-03
+60.12500E-06 +349.74874536E-03 +5.94974868E-03
+60.15000E-06 -233.16583037E-03 -0.0E+00
+60.17500E-06 -233.16583047E-03 -8.92462302E-03
+60.20000E-06 +233.16583037E-03 -2.97487434E-03
+60.22500E-06 +116.58291519E-03 +2.97487434E-03
+60.25000E-06 -349.74874556E-03 -5.94974868E-03
+60.27500E-06 -233.16583028E-03 -5.94974868E-03
+60.30000E-06 +116.58291529E-03 +0.0E+00
+60.32500E-06 -100E-12 +5.94974868E-03
+60.35000E-06 -349.74874556E-03 -2.97487434E-03
+60.37500E-06 -116.58291519E-03 -5.94974868E-03
+60.40000E-06 +233.16583037E-03 +0.0E+00
+60.42500E-06 -100E-12 +2.97487434E-03
+60.45000E-06 -233.16583047E-03 -5.94974868E-03
+60.47500E-06 -116.58291509E-03 -5.94974868E-03
+60.50000E-06 +233.16583027E-03 +5.94974868E-03
+60.52500E-06 -116.58291519E-03 +0.0E+00
+60.55000E-06 -233.16583037E-03 -5.94974868E-03
+60.57500E-06 +100E-12 -2.97487434E-03
+60.60000E-06 +116.58291519E-03 +2.97487434E-03
+60.62500E-06 -116.58291519E-03 +0.0E+00
+60.65000E-06 -233.16583037E-03 -8.92462302E-03
+60.67500E-06 +100E-12 +0.0E+00
+60.70000E-06 +116.58291519E-03 +2.97487434E-03
+60.72500E-06 -116.58291529E-03 -2.97487434E-03
+60.75000E-06 -233.16583037E-03 -2.97487434E-03
+60.77500E-06 +116.58291519E-03 -0.0E+00
+60.80000E-06 +116.58291509E-03 +0.0E+00
+60.82500E-06 -233.16583037E-03 -2.97487434E-03
+60.85000E-06 -116.58291519E-03 -5.94974868E-03
+60.87500E-06 +116.58291519E-03 +2.97487434E-03
+60.90000E-06 +0.0E+00 +2.97487434E-03
+60.92500E-06 -233.16583037E-03 -5.94974868E-03
+60.95000E-06 +0.0E+00 -2.97487434E-03
+60.97500E-06 +233.16583027E-03 +2.97487434E-03
+61.00000E-06 -116.58291529E-03 +0.0E+00
+61.02500E-06 -233.16583037E-03 -5.94974868E-03
+61.05000E-06 +0.0E+00 -5.94974868E-03
+61.07500E-06 +116.58291519E-03 +2.97487434E-03
+61.10000E-06 -116.58291519E-03 -0.0E+00
+61.12500E-06 -233.16583037E-03 -5.94974868E-03
+61.15000E-06 +100E-12 -0.0E+00
+61.17500E-06 +116.58291519E-03 +2.97487434E-03
+61.20000E-06 -116.58291519E-03 -2.97487434E-03
+61.22500E-06 -233.16583027E-03 -5.94974868E-03
+61.25000E-06 +100E-12 +0.0E+00
+61.27500E-06 +0.0E+00 +2.97487434E-03
+61.30000E-06 -116.58291529E-03 -0.0E+00
+61.32500E-06 -116.58291519E-03 -5.94974868E-03
+61.35000E-06 +0.0E+00 +2.97487434E-03
+61.37500E-06 +0.0E+00 +2.97487434E-03
+61.40000E-06 -233.16583037E-03 -5.94974868E-03
+61.42500E-06 -100E-12 -2.97487434E-03
+61.45000E-06 +100E-12 +0.0E+00
+61.47500E-06 -116.58291509E-03 +0.0E+00
+61.50000E-06 -116.58291529E-03 -2.97487434E-03
+61.52500E-06 -100E-12 -2.97487434E-03
+61.55000E-06 +100E-12 +2.97487434E-03
+61.57500E-06 -116.58291509E-03 -0.0E+00
+61.60000E-06 -116.58291508E-03 -5.94974868E-03
+61.62500E-06 -100E-12 -2.97487434E-03
+61.65000E-06 +100E-12 +2.97487434E-03
+61.67500E-06 -233.16583027E-03 +0.0E+00
+61.70000E-06 -116.58291508E-03 -2.97487434E-03
+61.72500E-06 -100E-12 +0.0E+00
+61.75000E-06 -116.58291508E-03 +2.97487434E-03
+61.77500E-06 -116.58291519E-03 -10E-12
+61.80000E-06 -100E-12 -5.94974868E-03
+61.82500E-06 +116.58291498E-03 +2.97487434E-03
+61.85000E-06 -116.58291519E-03 +0.0E+00
+61.87500E-06 -116.58291519E-03 -2.97487434E-03
+61.90000E-06 -116.58291508E-03 -2.97487434E-03
+61.92500E-06 +0.0E+00 +0.0E+00
+61.95000E-06 -116.58291519E-03 +0.0E+00
+61.97500E-06 -116.58291519E-03 -2.97487434E-03
+62.00000E-06 +0.0E+00 -5.94974868E-03
+62.02500E-06 -100E-12 +0.0E+00
+62.05000E-06 -210E-12 +0.0E+00
+62.07500E-06 -233.16583027E-03 -2.97487434E-03
+62.10000E-06 -100E-12 +0.0E+00
+62.12500E-06 +0.0E+00 +0.0E+00
+62.15000E-06 -116.58291519E-03 -0.0E+00
+62.17500E-06 -116.58291508E-03 -2.97487434E-03
+62.20000E-06 +0.0E+00 -5.94974867E-03
+62.22500E-06 -100E-12 +2.97487434E-03
+62.25000E-06 -116.58291519E-03 -2.97487434E-03
+62.27500E-06 -233.16583027E-03 -5.94974868E-03
+62.30000E-06 +0.0E+00 -0.0E+00
+62.32500E-06 -100E-12 +0.0E+00
+62.35000E-06 -116.58291519E-03 -0.0E+00
+62.37500E-06 +0.0E+00 -2.97487434E-03
+62.40000E-06 +0.0E+00 -2.97487434E-03
+62.42500E-06 -116.58291508E-03 +0.0E+00
+62.45000E-06 -233.16583016E-03 -2.97487434E-03
+62.47500E-06 -116.58291508E-03 +0.0E+00
+62.50000E-06 +0.0E+00 +0.0E+00
+62.52500E-06 -116.58291519E-03 -2.97487434E-03
+62.55000E-06 -116.58291519E-03 -2.97487434E-03
+62.57500E-06 +0.0E+00 -0.0E+00
+62.60000E-06 +0.0E+00 -2.97487434E-03
+62.62500E-06 -110E-12 +0.0E+00
+62.65000E-06 -110E-12 -2.97487434E-03
+62.67500E-06 -116.58291508E-03 +0.0E+00
+62.70000E-06 +0.0E+00 +0.0E+00
+62.72500E-06 -116.58291519E-03 -2.97487434E-03
+62.75000E-06 -116.58291508E-03 -2.97487434E-03
+62.77500E-06 +116.58291508E-03 -0.0E+00
+62.80000E-06 -116.58291508E-03 -2.97487434E-03
+62.82500E-06 -116.58291519E-03 -2.97487434E-03
+62.85000E-06 -116.58291519E-03 -2.97487434E-03
+62.87500E-06 +116.58291508E-03 +0.0E+00
+62.90000E-06 +0.0E+00 -2.97487434E-03
+62.92500E-06 -116.58291519E-03 -2.97487434E-03
+62.95000E-06 +0.0E+00 -0.0E+00
+62.97500E-06 +116.58291508E-03 +0.0E+00
+63.00000E-06 +0.0E+00 -5.94974868E-03
+63.02500E-06 -110E-12 -2.97487434E-03
+63.05000E-06 -116.58291508E-03 +0.0E+00
+63.07500E-06 +0.0E+00 +0.0E+00
+63.10000E-06 +0.0E+00 -2.97487434E-03
+63.12500E-06 -116.58291519E-03 -2.97487434E-03
+63.15000E-06 -116.58291508E-03 +0.0E+00
+63.17500E-06 +0.0E+00 -2.97487434E-03
+63.20000E-06 -116.58291519E-03 -2.97487434E-03
+63.22500E-06 -116.58291519E-03 -2.97487434E-03
+63.25000E-06 -116.58291508E-03 +0.0E+00
+63.27500E-06 +0.0E+00 +0.0E+00
+63.30000E-06 +0.0E+00 -2.97487434E-03
+63.32500E-06 -110E-12 -2.97487434E-03
+63.35000E-06 +0.0E+00 -0.0E+00
+63.37500E-06 +0.0E+00 -0.0E+00
+63.40000E-06 -116.58291519E-03 -2.97487434E-03
+63.42500E-06 -116.58291508E-03 -2.97487434E-03
+63.45000E-06 +0.0E+00 +0.0E+00
+63.47500E-06 -116.58291508E-03 -0.0E+00
+63.50000E-06 -110E-12 -2.97487434E-03
+63.52500E-06 +0.0E+00 -2.97487434E-03
+63.55000E-06 +0.0E+00 +0.0E+00
+63.57500E-06 -110E-12 -2.97487434E-03
+63.60000E-06 -110E-12 -2.97487434E-03
+63.62500E-06 -110E-12 -2.97487434E-03
+63.65000E-06 -116.58291508E-03 +0.0E+00
+63.67500E-06 -116.58291508E-03 -2.97487434E-03
+63.70000E-06 +0.0E+00 -0.0E+00
+63.72500E-06 -110E-12 -2.97487434E-03
+63.75000E-06 +0.0E+00 +0.0E+00
+63.77500E-06 -110E-12 -2.97487434E-03
+63.80000E-06 -110E-12 -5.94974867E-03
+63.82500E-06 +0.0E+00 +0.0E+00
+63.85000E-06 -116.58291508E-03 +0.0E+00
+63.87500E-06 -116.58291519E-03 -2.97487434E-03
+63.90000E-06 +0.0E+00 -2.97487434E-03
+63.92500E-06 -110E-12 +0.0E+00
+63.95000E-06 -116.58291508E-03 +0.0E+00
+63.97500E-06 +0.0E+00 -0.0E+00
+64.00000E-06 -116.58291519E-03 -5.94974867E-03
+64.02500E-06 -110E-12 -2.97487434E-03
+64.05000E-06 -116.58291519E-03 +0.0E+00
+64.07500E-06 -116.58291519E-03 -2.97487434E-03
+64.10000E-06 -116.58291519E-03 -2.97487434E-03
+64.12500E-06 -116.58291519E-03 -2.97487434E-03
+64.15000E-06 -116.58291508E-03 +0.0E+00
+64.17500E-06 -116.58291519E-03 -0.0E+00
+64.20000E-06 -110E-12 -2.97487434E-03
+64.22500E-06 -110E-12 -2.97487434E-03
+64.25000E-06 -110E-12 +0.0E+00
+64.27500E-06 -116.58291508E-03 -0.0E+00
+64.30000E-06 -110E-12 -0.0E+00
+64.32500E-06 -110E-12 -2.97487434E-03
+64.35000E-06 -233.16583015E-03 -0.0E+00
+64.37500E-06 -110E-12 -0.0E+00
+64.40000E-06 +0.0E+00 -2.97487434E-03
+64.42500E-06 -110E-12 -2.97487434E-03
+64.45000E-06 -110E-12 -0.0E+00
+64.47500E-06 +0.0E+00 -0.0E+00
+64.50000E-06 +0.0E+00 -2.97487434E-03
+64.52500E-06 -110E-12 -2.97487434E-03
+64.55000E-06 -233.16583015E-03 -2.97487434E-03
+64.57500E-06 -116.58291519E-03 -2.97487434E-03
+64.60000E-06 +0.0E+00 -5.94974868E-03
+64.62500E-06 -110E-12 +0.0E+00
+64.65000E-06 -116.58291519E-03 +0.0E+00
+64.67500E-06 -116.58291508E-03 +0.0E+00
+64.70000E-06 +0.0E+00 +2.97487433E-03
+64.72500E-06 -116.58291519E-03 -2.97487434E-03
+64.75000E-06 +0.0E+00 +0.0E+00
+64.77500E-06 +0.0E+00 -0.0E+00
+64.80000E-06 -110E-12 -5.94974867E-03
+64.82500E-06 -116.58291519E-03 -2.97487434E-03
+64.85000E-06 -116.58291519E-03 +0.0E+00
+64.87500E-06 -116.58291507E-03 +0.0E+00
+64.90000E-06 +0.0E+00 -0.0E+00
+64.92500E-06 +0.0E+00 -2.97487434E-03
+64.95000E-06 +0.0E+00 +0.0E+00
+64.97500E-06 +0.0E+00 -0.0E+00
+65.00000E-06 -110E-12 -2.97487434E-03
+65.02500E-06 -116.58291519E-03 +0.0E+00
+65.05000E-06 -110E-12 +2.97487434E-03
+65.07500E-06 -116.58291507E-03 -2.97487434E-03
+65.10000E-06 +0.0E+00 -2.97487434E-03
+65.12500E-06 +0.0E+00 -2.97487434E-03
+65.15000E-06 -116.58291496E-03 -0.0E+00
+65.17500E-06 +0.0E+00 -10E-12
+65.20000E-06 -116.58291519E-03 -2.97487434E-03
+65.22500E-06 -116.58291519E-03 -2.97487434E-03
+65.25000E-06 -116.58291530E-03 +0.0E+00
+65.27500E-06 -116.58291507E-03 -2.97487434E-03
+65.30000E-06 -110E-12 -0.0E+00
+65.32500E-06 -116.58291519E-03 -2.97487434E-03
+65.35000E-06 +0.0E+00 +0.0E+00
+65.37500E-06 -116.58291519E-03 -0.0E+00
+65.40000E-06 -110E-12 -2.97487434E-03
+65.42500E-06 -116.58291519E-03 -2.97487434E-03
+65.45000E-06 -110E-12 -0.0E+00
+65.47500E-06 -116.58291519E-03 +0.0E+00
+65.50000E-06 -116.58291507E-03 -2.97487434E-03
+65.52500E-06 -116.58291519E-03 -2.97487434E-03
+65.55000E-06 -116.58291507E-03 +0.0E+00
+65.57500E-06 +0.0E+00 -0.0E+00
+65.60000E-06 -110E-12 -2.97487434E-03
+65.62500E-06 -110E-12 +0.0E+00
+65.65000E-06 -116.58291519E-03 -2.97487434E-03
+65.67500E-06 -116.58291507E-03 -0.0E+00
+65.70000E-06 -110E-12 -2.97487434E-03
+65.72500E-06 -110E-12 -2.97487434E-03
+65.75000E-06 +0.0E+00 +0.0E+00
+65.77500E-06 +0.0E+00 -10E-12
+65.80000E-06 +0.0E+00 -2.97487434E-03
+65.82500E-06 -116.58291519E-03 +0.0E+00
+65.85000E-06 -110E-12 +0.0E+00
+65.87500E-06 +0.0E+00 +0.0E+00
+65.90000E-06 +0.0E+00 -2.97487434E-03
+65.92500E-06 -116.58291507E-03 -2.97487434E-03
+65.95000E-06 +0.0E+00 -0.0E+00
+65.97500E-06 +0.0E+00 -10E-12
+66.00000E-06 +0.0E+00 -2.97487434E-03
+66.02500E-06 -116.58291519E-03 -2.97487434E-03
+66.05000E-06 -116.58291519E-03 +0.0E+00
+66.07500E-06 -116.58291519E-03 +0.0E+00
+66.10000E-06 -120E-12 -2.97487434E-03
+66.12500E-06 -120E-12 -2.97487434E-03
+66.15000E-06 +0.0E+00 -2.97487434E-03
+66.17500E-06 -120E-12 -10E-12
+66.20000E-06 -120E-12 -0.0E+00
+66.22500E-06 -116.58291519E-03 -2.97487434E-03
+66.25000E-06 -120E-12 +0.0E+00
+66.27500E-06 -116.58291519E-03 -0.0E+00
+66.30000E-06 -120E-12 -2.97487434E-03
+66.32500E-06 +0.0E+00 -2.97487434E-03
+66.35000E-06 -116.58291507E-03 +0.0E+00
+66.37500E-06 -116.58291507E-03 -2.97487434E-03
+66.40000E-06 +0.0E+00 -2.97487434E-03
+66.42500E-06 -120E-12 -2.97487434E-03
+66.45000E-06 -116.58291519E-03 +0.0E+00
+66.47500E-06 -116.58291519E-03 +0.0E+00
+66.50000E-06 -120E-12 -0.0E+00
+66.52500E-06 +0.0E+00 -2.97487434E-03
+66.55000E-06 -116.58291519E-03 -2.97487434E-03
+66.57500E-06 +0.0E+00 -0.0E+00
+66.60000E-06 -116.58291507E-03 -2.97487434E-03
+66.62500E-06 -120E-12 -2.97487434E-03
+66.65000E-06 -116.58291519E-03 +0.0E+00
+66.67500E-06 +0.0E+00 +0.0E+00
+66.70000E-06 -120E-12 +0.0E+00
+66.72500E-06 -116.58291507E-03 +0.0E+00
+66.75000E-06 -116.58291507E-03 +0.0E+00
+66.77500E-06 +0.0E+00 -2.97487434E-03
+66.80000E-06 -120E-12 -2.97487434E-03
+66.82500E-06 -116.58291519E-03 +0.0E+00
+66.85000E-06 -116.58291507E-03 +2.97487434E-03
+66.87500E-06 +0.0E+00 +0.0E+00
+66.90000E-06 +0.0E+00 +0.0E+00
+66.92500E-06 -116.58291519E-03 +0.0E+00
+66.95000E-06 -116.58291507E-03 -0.0E+00
+66.97500E-06 -120E-12 -2.97487434E-03
+67.00000E-06 -120E-12 -2.97487434E-03
+67.02500E-06 -116.58291507E-03 -2.97487434E-03
+67.05000E-06 -116.58291519E-03 +0.0E+00
+67.07500E-06 -116.58291519E-03 +0.0E+00
+67.10000E-06 +0.0E+00 -0.0E+00
+67.12500E-06 -116.58291507E-03 -2.97487434E-03
+67.15000E-06 -116.58291519E-03 -2.97487434E-03
+67.17500E-06 +0.0E+00 -2.97487434E-03
+67.20000E-06 +0.0E+00 -2.97487434E-03
+67.22500E-06 -116.58291519E-03 -2.97487434E-03
+67.25000E-06 -116.58291519E-03 +0.0E+00
+67.27500E-06 -120E-12 -2.97487434E-03
+67.30000E-06 -120E-12 -0.0E+00
+67.32500E-06 -116.58291519E-03 -0.0E+00
+67.35000E-06 +0.0E+00 +0.0E+00
+67.37500E-06 -120E-12 -2.97487434E-03
+67.40000E-06 +0.0E+00 -2.97487434E-03
+67.42500E-06 +0.0E+00 +0.0E+00
+67.45000E-06 -120E-12 +0.0E+00
+67.47500E-06 -116.58291507E-03 +0.0E+00
+67.50000E-06 +0.0E+00 -2.97487434E-03
+67.52500E-06 +0.0E+00 -2.97487434E-03
+67.55000E-06 -116.58291507E-03 +0.0E+00
+67.57500E-06 +0.0E+00 -10E-12
+67.60000E-06 +0.0E+00 -2.97487434E-03
+67.62500E-06 +0.0E+00 +0.0E+00
+67.65000E-06 -116.58291507E-03 +0.0E+00
+67.67500E-06 +0.0E+00 +0.0E+00
+67.70000E-06 +0.0E+00 -2.97487434E-03
+67.72500E-06 +0.0E+00 -0.0E+00
+67.75000E-06 -233.16583013E-03 -0.0E+00
+67.77500E-06 -116.58291507E-03 -0.0E+00
+67.80000E-06 -116.58291519E-03 -2.97487434E-03
+67.82500E-06 -120E-12 -2.97487434E-03
+67.85000E-06 -116.58291519E-03 -0.0E+00
+67.87500E-06 -116.58291507E-03 -0.0E+00
+67.90000E-06 +0.0E+00 -2.97487434E-03
+67.92500E-06 -116.58291519E-03 +0.0E+00
+67.95000E-06 -116.58291507E-03 +0.0E+00
+67.97500E-06 -120E-12 -0.0E+00
+68.00000E-06 -120E-12 -2.97487434E-03
+68.02500E-06 -120E-12 -2.97487434E-03
+68.05000E-06 -116.58291519E-03 -2.97487434E-03
+68.07500E-06 -120E-12 +0.0E+00
+68.10000E-06 -116.58291519E-03 -0.0E+00
+68.12500E-06 +0.0E+00 -2.97487434E-03
+68.15000E-06 -116.58291507E-03 -0.0E+00
+68.17500E-06 +0.0E+00 -0.0E+00
+68.20000E-06 -116.58291519E-03 -2.97487434E-03
+68.22500E-06 -116.58291507E-03 -2.97487434E-03
+68.25000E-06 -116.58291507E-03 +0.0E+00
+68.27500E-06 +0.0E+00 -2.97487434E-03
+68.30000E-06 -120E-12 -2.97487434E-03
+68.32500E-06 -116.58291519E-03 +0.0E+00
+68.35000E-06 -116.58291506E-03 +0.0E+00
+68.37500E-06 -120E-12 -2.97487434E-03
+68.40000E-06 -120E-12 -2.97487434E-03
+68.42500E-06 -120E-12 -2.97487434E-03
+68.45000E-06 -116.58291519E-03 -0.0E+00
+68.47500E-06 -116.58291519E-03 -0.0E+00
+68.50000E-06 +0.0E+00 -2.97487434E-03
+68.52500E-06 -240E-12 -2.97487434E-03
+68.55000E-06 -116.58291506E-03 +0.0E+00
+68.57500E-06 -116.58291519E-03 -2.97487434E-03
+68.60000E-06 -116.58291519E-03 -2.97487434E-03
+68.62500E-06 -116.58291519E-03 -2.97487434E-03
+68.65000E-06 -116.58291519E-03 -0.0E+00
+68.67500E-06 +0.0E+00 +0.0E+00
+68.70000E-06 +0.0E+00 +0.0E+00
+68.72500E-06 -116.58291519E-03 +0.0E+00
+68.75000E-06 -116.58291506E-03 +0.0E+00
+68.77500E-06 +0.0E+00 -0.0E+00
+68.80000E-06 -120E-12 +0.0E+00
+68.82500E-06 -116.58291519E-03 -2.97487434E-03
+68.85000E-06 -116.58291519E-03 -2.97487434E-03
+68.87500E-06 -116.58291519E-03 -2.97487434E-03
+68.90000E-06 +0.0E+00 +0.0E+00
+68.92500E-06 -120E-12 -2.97487434E-03
+68.95000E-06 +0.0E+00 +0.0E+00
+68.97500E-06 +0.0E+00 -2.97487434E-03
+69.00000E-06 -120E-12 -2.97487434E-03
+69.02500E-06 -120E-12 -2.97487434E-03
+69.05000E-06 -116.58291519E-03 +0.0E+00
+69.07500E-06 +0.0E+00 -0.0E+00
+69.10000E-06 -120E-12 -0.0E+00
+69.12500E-06 -116.58291519E-03 -2.97487434E-03
+69.15000E-06 -116.58291506E-03 +0.0E+00
+69.17500E-06 +116.58291494E-03 -0.0E+00
+69.20000E-06 -116.58291506E-03 -2.97487434E-03
+69.22500E-06 -120E-12 +0.0E+00
+69.25000E-06 -116.58291519E-03 +0.0E+00
+69.27500E-06 -116.58291519E-03 +0.0E+00
+69.30000E-06 -120E-12 -2.97487434E-03
+69.32500E-06 -120E-12 -2.97487434E-03
+69.35000E-06 -116.58291494E-03 +0.0E+00
+69.37500E-06 -120E-12 -2.97487434E-03
+69.40000E-06 +0.0E+00 -2.97487434E-03
+69.42500E-06 -120E-12 -2.97487434E-03
+69.45000E-06 -120E-12 +0.0E+00
+69.47500E-06 -116.58291506E-03 -0.0E+00
+69.50000E-06 +0.0E+00 -0.0E+00
+69.52500E-06 +0.0E+00 -0.0E+00
+69.55000E-06 -116.58291506E-03 -2.97487434E-03
+69.57500E-06 +0.0E+00 -0.0E+00
+69.60000E-06 +0.0E+00 -2.97487434E-03
+69.62500E-06 -116.58291519E-03 -2.97487434E-03
+69.65000E-06 -116.58291519E-03 -2.97487434E-03
+69.67500E-06 -116.58291494E-03 +0.0E+00
+69.70000E-06 -130E-12 -2.97487434E-03
+69.72500E-06 -116.58291519E-03 +0.0E+00
+69.75000E-06 -116.58291506E-03 +0.0E+00
+69.77500E-06 +0.0E+00 -2.97487434E-03
+69.80000E-06 +0.0E+00 -2.97487434E-03
+69.82500E-06 -116.58291506E-03 -2.97487434E-03
+69.85000E-06 -130E-12 +0.0E+00
+69.87500E-06 -116.58291506E-03 +0.0E+00
+69.90000E-06 +0.0E+00 -2.97487434E-03
+69.92500E-06 +0.0E+00 +0.0E+00
+69.95000E-06 -233.16583012E-03 -2.97487434E-03
+69.97500E-06 -116.58291506E-03 +2.97487433E-03
+70.00000E-06 +0.0E+00 -2.97487434E-03
+70.02500E-06 -130E-12 +0.0E+00
+70.05000E-06 -130E-12 +0.0E+00
+70.07500E-06 -116.58291519E-03 +0.0E+00
+70.10000E-06 +0.0E+00 -0.0E+00
+70.12500E-06 -130E-12 +0.0E+00
+70.15000E-06 -116.58291506E-03 +0.0E+00
+70.17500E-06 +0.0E+00 -2.97487434E-03
+70.20000E-06 -116.58291519E-03 -2.97487434E-03
+70.22500E-06 -116.58291519E-03 +0.0E+00
+70.25000E-06 -116.58291519E-03 -2.97487434E-03
+70.27500E-06 -116.58291506E-03 +0.0E+00
+70.30000E-06 +0.0E+00 -2.97487434E-03
+70.32500E-06 -116.58291519E-03 -2.97487434E-03
+70.35000E-06 -116.58291506E-03 +0.0E+00
+70.37500E-06 +0.0E+00 +0.0E+00
+70.40000E-06 +0.0E+00 -5.94974867E-03
+70.42500E-06 -130E-12 -2.97487434E-03
+70.45000E-06 -116.58291506E-03 +0.0E+00
+70.47500E-06 +0.0E+00 -2.97487434E-03
+70.50000E-06 -130E-12 -2.97487434E-03
+70.52500E-06 -130E-12 +0.0E+00
+70.55000E-06 -116.58291506E-03 +0.0E+00
+70.57500E-06 -130E-12 -0.0E+00
+70.60000E-06 -130E-12 -2.97487434E-03
+70.62500E-06 -116.58291519E-03 +0.0E+00
+70.65000E-06 +0.0E+00 +0.0E+00
+70.67500E-06 -116.58291506E-03 +0.0E+00
+70.70000E-06 +0.0E+00 +0.0E+00
+70.72500E-06 -116.58291519E-03 -2.97487434E-03
+70.75000E-06 -130E-12 +0.0E+00
+70.77500E-06 +0.0E+00 -2.97487434E-03
+70.80000E-06 -130E-12 +0.0E+00
+70.82500E-06 -130E-12 +0.0E+00
+70.85000E-06 -116.58291506E-03 -2.97487434E-03
+70.87500E-06 -116.58291506E-03 +0.0E+00
+70.90000E-06 +0.0E+00 -2.97487434E-03
+70.92500E-06 -130E-12 -2.97487434E-03
+70.95000E-06 -116.58291519E-03 +0.0E+00
+70.97500E-06 -116.58291519E-03 -2.97487434E-03
+71.00000E-06 -116.58291519E-03 -2.97487434E-03
+71.02500E-06 -116.58291519E-03 +0.0E+00
+71.05000E-06 -130E-12 +0.0E+00
+71.07500E-06 -116.58291506E-03 +0.0E+00
+71.10000E-06 +0.0E+00 -0.0E+00
+71.12500E-06 -116.58291506E-03 -2.97487434E-03
+71.15000E-06 -116.58291506E-03 +0.0E+00
+71.17500E-06 +0.0E+00 -2.97487434E-03
+71.20000E-06 -130E-12 -2.97487434E-03
+71.22500E-06 -116.58291519E-03 -2.97487434E-03
+71.25000E-06 -116.58291519E-03 +0.0E+00
+71.27500E-06 -116.58291506E-03 +0.0E+00
+71.30000E-06 -116.58291519E-03 -2.97487434E-03
+71.32500E-06 -116.58291506E-03 +0.0E+00
+71.35000E-06 -116.58291506E-03 +0.0E+00
+71.37500E-06 +0.0E+00 -2.97487434E-03
+71.40000E-06 +0.0E+00 -2.97487434E-03
+71.42500E-06 +0.0E+00 -2.97487434E-03
+71.45000E-06 -116.58291519E-03 +0.0E+00
+71.47500E-06 -116.58291506E-03 -2.97487434E-03
+71.50000E-06 -116.58291506E-03 -0.0E+00
+71.52500E-06 -116.58291506E-03 +0.0E+00
+71.55000E-06 -116.58291506E-03 +0.0E+00
+71.57500E-06 -130E-12 -0.0E+00
+71.60000E-06 +0.0E+00 -2.97487434E-03
+71.62500E-06 -116.58291519E-03 -2.97487434E-03
+71.65000E-06 -130E-12 -2.97487434E-03
+71.67500E-06 +0.0E+00 -0.0E+00
+71.70000E-06 -130E-12 -0.0E+00
+71.72500E-06 -116.58291519E-03 -2.97487434E-03
+71.75000E-06 -233.16583011E-03 +0.0E+00
+71.77500E-06 +0.0E+00 -0.0E+00
+71.80000E-06 +0.0E+00 -2.97487434E-03
+71.82500E-06 -130E-12 -2.97487434E-03
+71.85000E-06 -116.58291519E-03 +0.0E+00
+71.87500E-06 -116.58291506E-03 -0.0E+00
+71.90000E-06 -130E-12 -0.0E+00
+71.92500E-06 -116.58291519E-03 +0.0E+00
+71.95000E-06 -116.58291505E-03 +0.0E+00
+71.97500E-06 +0.0E+00 -0.0E+00
+72.00000E-06 -116.58291532E-03 -2.97487434E-03
+72.02500E-06 -116.58291519E-03 -2.97487434E-03
+72.05000E-06 -116.58291519E-03 -0.0E+00
+72.07500E-06 -116.58291505E-03 -2.97487434E-03
+72.10000E-06 +0.0E+00 -0.0E+00
+72.12500E-06 -116.58291519E-03 +0.0E+00
+72.15000E-06 -116.58291505E-03 +0.0E+00
+72.17500E-06 -116.58291519E-03 -0.0E+00
+72.20000E-06 +0.0E+00 -2.97487434E-03
+72.22500E-06 -116.58291505E-03 +0.0E+00
+72.25000E-06 -116.58291519E-03 +0.0E+00
+72.27500E-06 -116.58291505E-03 +0.0E+00
+72.30000E-06 -130E-12 -2.97487434E-03
+72.32500E-06 -130E-12 -2.97487434E-03
+72.35000E-06 -116.58291505E-03 +0.0E+00
+72.37500E-06 +0.0E+00 -2.97487434E-03
+72.40000E-06 -130E-12 -2.97487434E-03
+72.42500E-06 +0.0E+00 -2.97487434E-03
+72.45000E-06 -116.58291532E-03 +0.0E+00
+72.47500E-06 -116.58291519E-03 +0.0E+00
+72.50000E-06 -116.58291519E-03 +0.0E+00
+72.52500E-06 -116.58291519E-03 -2.97487434E-03
+72.55000E-06 -116.58291519E-03 -2.97487434E-03
+72.57500E-06 +0.0E+00 -0.0E+00
+72.60000E-06 -116.58291519E-03 -2.97487434E-03
+72.62500E-06 -130E-12 -2.97487434E-03
+72.65000E-06 -270E-12 +0.0E+00
+72.67500E-06 +0.0E+00 -2.97487434E-03
+72.70000E-06 +0.0E+00 +0.0E+00
+72.72500E-06 -116.58291519E-03 -2.97487434E-03
+72.75000E-06 -116.58291505E-03 -2.97487434E-03
+72.77500E-06 -130E-12 -2.97487434E-03
+72.80000E-06 -130E-12 -2.97487433E-03
+72.82500E-06 -130E-12 +0.0E+00
+72.85000E-06 -116.58291532E-03 +0.0E+00
+72.87500E-06 -116.58291519E-03 +0.0E+00
+72.90000E-06 -116.58291519E-03 +0.0E+00
+72.92500E-06 -116.58291505E-03 +0.0E+00
+72.95000E-06 +0.0E+00 +0.0E+00
+72.97500E-06 -130E-12 +0.0E+00
+73.00000E-06 +0.0E+00 -2.97487434E-03
+73.02500E-06 -116.58291519E-03 -2.97487434E-03
+73.05000E-06 -116.58291519E-03 +0.0E+00
+73.07500E-06 -116.58291519E-03 -2.97487434E-03
+73.10000E-06 -140E-12 -0.0E+00
+73.12500E-06 +0.0E+00 +0.0E+00
+73.15000E-06 -116.58291505E-03 -2.97487434E-03
+73.17500E-06 +0.0E+00 -2.97487434E-03
+73.20000E-06 -140E-12 -2.97487434E-03
+73.22500E-06 -140E-12 -2.97487434E-03
+73.25000E-06 -116.58291519E-03 +0.0E+00
+73.27500E-06 +0.0E+00 -2.97487434E-03
+73.30000E-06 -140E-12 +2.97487434E-03
+73.32500E-06 -140E-12 +0.0E+00
+73.35000E-06 -116.58291505E-03 +0.0E+00
+73.37500E-06 +0.0E+00 -2.97487434E-03
+73.40000E-06 +0.0E+00 -2.97487434E-03
+73.42500E-06 -116.58291505E-03 +0.0E+00
+73.45000E-06 -116.58291519E-03 -2.97487434E-03
+73.47500E-06 -116.58291505E-03 +0.0E+00
+73.50000E-06 +0.0E+00 +0.0E+00
+73.52500E-06 -140E-12 +0.0E+00
+73.55000E-06 -116.58291505E-03 +0.0E+00
+73.57500E-06 +0.0E+00 -0.0E+00
+73.60000E-06 +0.0E+00 -2.97487433E-03
+73.62500E-06 -116.58291519E-03 +0.0E+00
+73.65000E-06 -116.58291519E-03 +0.0E+00
+73.67500E-06 -140E-12 +0.0E+00
+73.70000E-06 +0.0E+00 +0.0E+00
+73.72500E-06 -140E-12 +0.0E+00
+73.75000E-06 -116.58291519E-03 +0.0E+00
+73.77500E-06 -140E-12 -0.0E+00
+73.80000E-06 +0.0E+00 -2.97487434E-03
+73.82500E-06 -116.58291519E-03 -2.97487434E-03
+73.85000E-06 -116.58291532E-03 +0.0E+00
+73.87500E-06 -233.16583010E-03 -0.0E+00
+73.90000E-06 -140E-12 -2.97487434E-03
+73.92500E-06 -140E-12 +0.0E+00
+73.95000E-06 -116.58291505E-03 +0.0E+00
+73.97500E-06 +0.0E+00 -0.0E+00
+74.00000E-06 -116.58291505E-03 -5.94974867E-03
+74.02500E-06 -140E-12 +0.0E+00
+74.05000E-06 -116.58291519E-03 +0.0E+00
+74.07500E-06 -116.58291519E-03 -0.0E+00
+74.10000E-06 -140E-12 -2.97487434E-03
+74.12500E-06 -116.58291519E-03 -2.97487434E-03
+74.15000E-06 -116.58291519E-03 +0.0E+00
+74.17500E-06 +0.0E+00 -10E-12
+74.20000E-06 +0.0E+00 -2.97487434E-03
+74.22500E-06 +0.0E+00 -0.0E+00
+74.25000E-06 -116.58291519E-03 +0.0E+00
+74.27500E-06 -116.58291505E-03 -2.97487434E-03
+74.30000E-06 -116.58291519E-03 -2.97487434E-03
+74.32500E-06 -116.58291519E-03 +0.0E+00
+74.35000E-06 -116.58291505E-03 -2.97487434E-03
+74.37500E-06 +0.0E+00 -0.0E+00
+74.40000E-06 -116.58291519E-03 -2.97487434E-03
+74.42500E-06 -140E-12 +0.0E+00
+74.45000E-06 -116.58291519E-03 +0.0E+00
+74.47500E-06 -116.58291505E-03 +0.0E+00
+74.50000E-06 -140E-12 -2.97487434E-03
+74.52500E-06 -116.58291519E-03 +0.0E+00
+74.55000E-06 +0.0E+00 -0.0E+00
+74.57500E-06 +0.0E+00 -0.0E+00
+74.60000E-06 +0.0E+00 -2.97487434E-03
+74.62500E-06 -140E-12 -2.97487434E-03
+74.65000E-06 -116.58291505E-03 +0.0E+00
+74.67500E-06 -116.58291505E-03 -0.0E+00
+74.70000E-06 -140E-12 -2.97487434E-03
+74.72500E-06 -140E-12 -2.97487434E-03
+74.75000E-06 -116.58291505E-03 -0.0E+00
+74.77500E-06 -116.58291505E-03 -0.0E+00
+74.80000E-06 -116.58291505E-03 -2.97487434E-03
+74.82500E-06 -116.58291519E-03 -0.0E+00
+74.85000E-06 -116.58291519E-03 -2.97487434E-03
+74.87500E-06 -116.58291505E-03 +0.0E+00
+74.90000E-06 -140E-12 -2.97487434E-03
+74.92500E-06 -116.58291519E-03 -2.97487434E-03
+74.95000E-06 -116.58291491E-03 -0.0E+00
+74.97500E-06 -140E-12 -2.97487434E-03
+75.00000E-06 -140E-12 -2.97487434E-03
+75.02500E-06 -140E-12 +0.0E+00
+75.05000E-06 -116.58291505E-03 +0.0E+00
+75.07500E-06 -116.58291505E-03 +0.0E+00
+75.10000E-06 -140E-12 -2.97487434E-03
+75.12500E-06 -116.58291505E-03 -2.97487434E-03
+75.15000E-06 -116.58291505E-03 -2.97487434E-03
+75.17500E-06 -140E-12 -0.0E+00
+75.20000E-06 -116.58291505E-03 -2.97487434E-03
+75.22500E-06 -116.58291519E-03 +0.0E+00
+75.25000E-06 -116.58291505E-03 +0.0E+00
+75.27500E-06 -116.58291519E-03 -0.0E+00
+75.30000E-06 +0.0E+00 -2.97487434E-03
+75.32500E-06 -140E-12 -2.97487434E-03
+75.35000E-06 +0.0E+00 -2.97487434E-03
+75.37500E-06 -140E-12 -2.97487434E-03
+75.40000E-06 -116.58291505E-03 -2.97487434E-03
+75.42500E-06 -116.58291505E-03 +0.0E+00
+75.45000E-06 +0.0E+00 +0.0E+00
+75.47500E-06 -116.58291504E-03 +0.0E+00
+75.50000E-06 +0.0E+00 -0.0E+00
+75.52500E-06 -116.58291504E-03 -2.97487434E-03
+75.55000E-06 +0.0E+00 -0.0E+00
+75.57500E-06 -140E-12 -0.0E+00
