x-axis SCL1 SDA1
second Volt Volt
+34.50000E-06 -22.92463183E-03 -974.37180E-06
+34.51500E-06 -22.92463183E-03 -974.37180E-06
+34.53000E-06 -56.69347569E-03 -974.37180E-06
+34.54500E-06 -22.92463183E-03 -411.55773E-06
+34.56000E-06 -56.69347569E-03 -411.55773E-06
+34.57500E-06 -22.92463183E-03 -411.55773E-06
+34.59000E-06 -22.92463183E-03 -411.55773E-06
+34.60500E-06 -22.92463183E-03 +151.25633E-06
+34.62000E-06 -22.92463183E-03 -1.53718586E-03
+34.63500E-06 -22.92463183E-03 -411.55773E-06
+34.65000E-06 -22.92463183E-03 -974.37180E-06
+34.66500E-06 -22.92463183E-03 -974.37180E-06
+34.68000E-06 -22.92463183E-03 -974.37180E-06
+34.69500E-06 -22.92463183E-03 -411.55773E-06
+34.71000E-06 -22.92463183E-03 -411.55773E-06
+34.72500E-06 -22.92463183E-03 -974.37180E-06
+34.74000E-06 -22.92463183E-03 -974.37180E-06
+34.75500E-06 -22.92463183E-03 -411.55773E-06
+34.77000E-06 -22.92463183E-03 +151.25633E-06
+34.78500E-06 -56.69347569E-03 -411.55773E-06
+34.80000E-06 -56.69347569E-03 -411.55773E-06
+34.81500E-06 -22.92463183E-03 -411.55773E-06
+34.83000E-06 -22.92463183E-03 -411.55773E-06
+34.84500E-06 -22.92463183E-03 -411.55773E-06
+34.86000E-06 -22.92463183E-03 -974.37180E-06
+34.87500E-06 -22.92463183E-03 -411.55773E-06
+34.89000E-06 -22.92463183E-03 -411.55773E-06
+34.90500E-06 -22.92463183E-03 -974.37180E-06
+34.92000E-06 -56.69347569E-03 -974.37180E-06
+34.93500E-06 -22.92463183E-03 -974.37180E-06
+34.95000E-06 -22.92463183E-03 -974.37180E-06
+34.96500E-06 -22.92463183E-03 -1.53718586E-03
+34.98000E-06 -22.92463183E-03 -974.37180E-06
+34.99500E-06 -22.92463184E-03 -411.55773E-06
+35.01000E-06 -56.69347569E-03 +151.25633E-06
+35.02500E-06 -22.92463184E-03 -411.55773E-06
+35.04000E-06 -22.92463183E-03 -411.55773E-06
+35.05500E-06 -56.69347569E-03 -411.55773E-06
+35.07000E-06 -22.92463183E-03 -411.55773E-06
+35.08500E-06 -22.92463183E-03 -974.37180E-06
+35.10000E-06 +10.84421202E-03 -974.37180E-06
+35.11500E-06 -22.92463183E-03 -411.55773E-06
+35.13000E-06 -56.69347569E-03 -411.55773E-06
+35.14500E-06 -22.92463183E-03 -1.53718586E-03
+35.16000E-06 -22.92463183E-03 -974.37180E-06
+35.17500E-06 -22.92463183E-03 -411.55773E-06
+35.19000E-06 -22.92463183E-03 -974.37180E-06
+35.20500E-06 -22.92463183E-03 -411.55773E-06
+35.22000E-06 -22.92463183E-03 -974.37180E-06
+35.23500E-06 -22.92463183E-03 -974.37180E-06
+35.25000E-06 -22.92463183E-03 -974.37180E-06
+35.26500E-06 -22.92463183E-03 -411.55773E-06
+35.28000E-06 -56.69347569E-03 -411.55773E-06
+35.29500E-06 -22.92463183E-03 -411.55773E-06
+35.31000E-06 -56.69347569E-03 -411.55773E-06
+35.32500E-06 +10.84421202E-03 -411.55773E-06
+35.34000E-06 -22.92463183E-03 -974.37180E-06
+35.35500E-06 -22.92463183E-03 -974.37180E-06
+35.37000E-06 -22.92463183E-03 -411.55773E-06
+35.38500E-06 -22.92463183E-03 -974.37180E-06
+35.40000E-06 -56.69347569E-03 -974.37180E-06
+35.41500E-06 -56.69347569E-03 -411.55773E-06
+35.43000E-06 -22.92463184E-03 -974.37180E-06
+35.44500E-06 -22.92463183E-03 -974.37180E-06
+35.46000E-06 -22.92463183E-03 -974.37180E-06
+35.47500E-06 -22.92463183E-03 -411.55773E-06
+35.49000E-06 -56.69347569E-03 +151.25633E-06
+35.50500E-06 -22.92463183E-03 -411.55773E-06
+35.52000E-06 -56.69347569E-03 -411.55773E-06
+35.53500E-06 -56.69347569E-03 -974.37180E-06
+35.55000E-06 -22.92463183E-03 -411.55773E-06
+35.56500E-06 -22.92463183E-03 -411.55773E-06
+35.58000E-06 -22.92463183E-03 -1.53718586E-03
+35.59500E-06 -56.69347569E-03 +151.25633E-06
+35.61000E-06 -22.92463183E-03 -411.55773E-06
+35.62500E-06 -56.69347569E-03 -974.37180E-06
+35.64000E-06 -56.69347569E-03 -974.37180E-06
+35.65500E-06 -22.92463184E-03 -411.55773E-06
+35.67000E-06 -22.92463183E-03 -411.55773E-06
+35.68500E-06 +10.84421202E-03 -1.53718586E-03
+35.70000E-06 -22.92463183E-03 -1.53718586E-03
+35.71500E-06 -56.69347569E-03 -974.37180E-06
+35.73000E-06 -22.92463183E-03 +151.25633E-06
+35.74500E-06 -22.92463184E-03 -411.55773E-06
+35.76000E-06 -56.69347569E-03 -411.55773E-06
+35.77500E-06 -22.92463183E-03 -411.55773E-06
+35.79000E-06 -22.92463183E-03 -411.55773E-06
+35.80500E-06 -22.92463183E-03 -974.37180E-06
+35.82000E-06 -22.92463184E-03 -1.53718586E-03
+35.83500E-06 -56.69347569E-03 -411.55773E-06
+35.85000E-06 -22.92463183E-03 -974.37180E-06
+35.86500E-06 -22.92463184E-03 -974.37180E-06
+35.88000E-06 -56.69347569E-03 -411.55773E-06
+35.89500E-06 -22.92463183E-03 -974.37180E-06
+35.91000E-06 -56.69347569E-03 -411.55773E-06
+35.92500E-06 -22.92463183E-03 -411.55773E-06
+35.94000E-06 -22.92463183E-03 -974.37180E-06
+35.95500E-06 -22.92463183E-03 -974.37180E-06
+35.97000E-06 -22.92463183E-03 -411.55773E-06
+35.98500E-06 -22.92463184E-03 -974.37180E-06
+36.00000E-06 -56.69347569E-03 -974.37180E-06
+36.01500E-06 -56.69347569E-03 -974.37180E-06
+36.03000E-06 -56.69347569E-03 -411.55773E-06
+36.04500E-06 +10.84421202E-03 -411.55773E-06
+36.06000E-06 -22.92463184E-03 -974.37180E-06
+36.07500E-06 -22.92463183E-03 -411.55773E-06
+36.09000E-06 -56.69347569E-03 -411.55773E-06
+36.10500E-06 -22.92463184E-03 -411.55773E-06
+36.12000E-06 -56.69347569E-03 -411.55773E-06
+36.13500E-06 -22.92463184E-03 -411.55773E-06
+36.15000E-06 -22.92463183E-03 -411.55773E-06
+36.16500E-06 +10.84421203E-03 -411.55773E-06
+36.18000E-06 -22.92463183E-03 -974.37180E-06
+36.19500E-06 -22.92463183E-03 +151.25633E-06
+36.21000E-06 -56.69347569E-03 -411.55773E-06
+36.22500E-06 -22.92463183E-03 -974.37180E-06
+36.24000E-06 -22.92463183E-03 -411.55773E-06
+36.25500E-06 -22.92463183E-03 -974.37180E-06
+36.27000E-06 -22.92463183E-03 -411.55773E-06
+36.28500E-06 -56.69347569E-03 +151.25633E-06
+36.30000E-06 -22.92463183E-03 -974.37180E-06
+36.31500E-06 -56.69347569E-03 +151.25633E-06
+36.33000E-06 -22.92463183E-03 -411.55773E-06
+36.34500E-06 -22.92463183E-03 -974.37180E-06
+36.36000E-06 -56.69347569E-03 -974.37180E-06
+36.37500E-06 -56.69347569E-03 -411.55773E-06
+36.39000E-06 -22.92463183E-03 -974.37180E-06
+36.40500E-06 -22.92463183E-03 -974.37180E-06
+36.42000E-06 -56.69347569E-03 -974.37180E-06
+36.43500E-06 -22.92463183E-03 -974.37180E-06
+36.45000E-06 -22.92463183E-03 -974.37180E-06
+36.46500E-06 +10.84421202E-03 -974.37180E-06
+36.48000E-06 -22.92463184E-03 -411.55773E-06
+36.49500E-06 -56.69347569E-03 -411.55773E-06
+36.51000E-06 -22.92463183E-03 -974.37180E-06
+36.52500E-06 -22.92463183E-03 -974.37180E-06
+36.54000E-06 -56.69347569E-03 -1.53718586E-03
+36.55500E-06 -22.92463184E-03 -411.55773E-06
+36.57000E-06 -22.92463183E-03 -411.55773E-06
+36.58500E-06 -22.92463183E-03 -974.37180E-06
+36.60000E-06 -56.69347569E-03 -974.37180E-06
+36.61500E-06 -22.92463183E-03 -974.37180E-06
+36.63000E-06 -22.92463183E-03 -411.55773E-06
+36.64500E-06 +10.84421202E-03 -411.55773E-06
+36.66000E-06 -22.92463183E-03 -974.37180E-06
+36.67500E-06 -22.92463183E-03 -974.37180E-06
+36.69000E-06 -22.92463183E-03 -411.55773E-06
+36.70500E-06 -22.92463184E-03 -411.55773E-06
+36.72000E-06 -56.69347569E-03 -411.55773E-06
+36.73500E-06 -56.69347569E-03 -411.55773E-06
+36.75000E-06 -22.92463183E-03 -411.55773E-06
+36.76500E-06 +10.84421202E-03 +151.25633E-06
+36.78000E-06 -22.92463184E-03 -974.37180E-06
+36.79500E-06 -56.69347569E-03 -411.55773E-06
+36.81000E-06 -22.92463183E-03 -974.37180E-06
+36.82500E-06 -22.92463184E-03 -974.37180E-06
+36.84000E-06 -56.69347569E-03 -411.55773E-06
+36.85500E-06 -22.92463183E-03 -974.37180E-06
+36.87000E-06 +10.84421202E-03 -411.55773E-06
+36.88500E-06 -22.92463183E-03 -411.55773E-06
+36.90000E-06 -56.69347569E-03 -974.37180E-06
+36.91500E-06 -22.92463183E-03 -974.37180E-06
+36.93000E-06 -22.92463183E-03 -974.37180E-06
+36.94500E-06 -22.92463184E-03 -411.55773E-06
+36.96000E-06 -56.69347569E-03 -974.37180E-06
+36.97500E-06 -22.92463183E-03 -411.55773E-06
+36.99000E-06 -22.92463183E-03 -974.37180E-06
+37.00500E-06 -22.92463183E-03 -411.55773E-06
+37.02000E-06 -56.69347569E-03 -974.37180E-06
+37.03500E-06 -22.92463183E-03 -974.37180E-06
+37.05000E-06 -22.92463183E-03 -974.37180E-06
+37.06500E-06 -22.92463183E-03 -411.55773E-06
+37.08000E-06 -56.69347569E-03 -974.37180E-06
+37.09500E-06 -22.92463183E-03 -974.37180E-06
+37.11000E-06 -22.92463183E-03 -411.55773E-06
+37.12500E-06 +10.84421203E-03 -411.55773E-06
+37.14000E-06 -56.69347570E-03 -1.53718586E-03
+37.15500E-06 -56.69347569E-03 -974.37180E-06
+37.17000E-06 -22.92463183E-03 -974.37180E-06
+37.18500E-06 -22.92463184E-03 -974.37180E-06
+37.20000E-06 -56.69347569E-03 -411.55773E-06
+37.21500E-06 -22.92463183E-03 -974.37180E-06
+37.23000E-06 -22.92463183E-03 -411.55773E-06
+37.24500E-06 -22.92463183E-03 -411.55773E-06
+37.26000E-06 -56.69347569E-03 -974.37180E-06
+37.27500E-06 -22.92463183E-03 -974.37180E-06
+37.29000E-06 -22.92463183E-03 -974.37180E-06
+37.30500E-06 -22.92463184E-03 -974.37180E-06
+37.32000E-06 -56.69347569E-03 -974.37180E-06
+37.33500E-06 -22.92463183E-03 -974.37180E-06
+37.35000E-06 +10.84421203E-03 -411.55773E-06
+37.36500E-06 -22.92463184E-03 +151.25633E-06
+37.38000E-06 -22.92463184E-03 -974.37180E-06
+37.39500E-06 -22.92463183E-03 -974.37180E-06
+37.41000E-06 +10.84421203E-03 -411.55773E-06
+37.42500E-06 -22.92463184E-03 -974.37180E-06
+37.44000E-06 -56.69347569E-03 -411.55773E-06
+37.45500E-06 -22.92463183E-03 -411.55773E-06
+37.47000E-06 +10.84421202E-03 -411.55773E-06
+37.48500E-06 -22.92463184E-03 -411.55773E-06
+37.50000E-06 -22.92463184E-03 -1.53718586E-03
+37.51500E-06 -56.69347568E-03 -974.37180E-06
+37.53000E-06 +10.84421202E-03 -974.37180E-06
+37.54500E-06 -22.92463184E-03 -974.37180E-06
+37.56000E-06 -56.69347569E-03 -974.37180E-06
+37.57500E-06 -22.92463183E-03 -411.55773E-06
+37.59000E-06 -22.92463183E-03 -411.55773E-06
+37.60500E-06 -22.92463184E-03 -411.55773E-06
+37.62000E-06 -56.69347569E-03 -411.55773E-06
+37.63500E-06 -22.92463183E-03 -411.55773E-06
+37.65000E-06 +10.84421203E-03 -411.55773E-06
+37.66500E-06 -22.92463184E-03 -411.55773E-06
+37.68000E-06 -56.69347569E-03 -411.55773E-06
+37.69500E-06 -22.92463183E-03 -974.37180E-06
+37.71000E-06 +10.84421202E-03 -411.55773E-06
+37.72500E-06 -56.69347569E-03 -411.55773E-06
+37.74000E-06 -22.92463183E-03 -1.53718586E-03
+37.75500E-06 -22.92463183E-03 -974.37180E-06
+37.77000E-06 -22.92463183E-03 -411.55773E-06
+37.78500E-06 -56.69347569E-03 -411.55773E-06
+37.80000E-06 -56.69347569E-03 -411.55773E-06
+37.81500E-06 -22.92463183E-03 -974.37180E-06
+37.83000E-06 -22.92463183E-03 -411.55773E-06
+37.84500E-06 -22.92463183E-03 -974.37180E-06
+37.86000E-06 -22.92463183E-03 -1.53718586E-03
+37.87500E-06 +10.84421203E-03 -411.55773E-06
+37.89000E-06 -22.92463183E-03 -974.37180E-06
+37.90500E-06 -56.69347570E-03 -974.37180E-06
+37.92000E-06 -56.69347569E-03 -974.37180E-06
+37.93500E-06 +10.84421203E-03 -974.37180E-06
+37.95000E-06 -22.92463183E-03 -411.55773E-06
+37.96500E-06 -56.69347569E-03 -974.37180E-06
+37.98000E-06 -56.69347569E-03 -1.53718586E-03
+37.99500E-06 +10.84421203E-03 -411.55773E-06
+38.01000E-06 +10.84421202E-03 -974.37180E-06
+38.02500E-06 -22.92463185E-03 -974.37180E-06
+38.04000E-06 -56.69347569E-03 -411.55773E-06
+38.05500E-06 -22.92463183E-03 -411.55773E-06
+38.07000E-06 -22.92463183E-03 -411.55773E-06
+38.08500E-06 -22.92463184E-03 -411.55773E-06
+38.10000E-06 -22.92463183E-03 -974.37180E-06
+38.11500E-06 -22.92463183E-03 -411.55773E-06
+38.13000E-06 -22.92463183E-03 +151.25633E-06
+38.14500E-06 -56.69347571E-03 -974.37180E-06
+38.16000E-06 -56.69347569E-03 -411.55773E-06
+38.17500E-06 -22.92463183E-03 -974.37180E-06
+38.19000E-06 -22.92463183E-03 -411.55773E-06
+38.20500E-06 -90.46231954E-03 -411.55773E-06
+38.22000E-06 -22.92463183E-03 -1.53718586E-03
+38.23500E-06 -22.92463183E-03 -974.37180E-06
+38.25000E-06 -22.92463184E-03 -411.55773E-06
+38.26500E-06 -56.69347569E-03 -411.55773E-06
+38.28000E-06 -56.69347569E-03 -974.37180E-06
+38.29500E-06 +10.84421203E-03 -411.55773E-06
+38.31000E-06 -22.92463183E-03 -411.55773E-06
+38.32500E-06 -56.69347570E-03 +151.25633E-06
+38.34000E-06 -22.92463183E-03 -1.53718586E-03
+38.35500E-06 +44.61305588E-03 -411.55773E-06
+38.37000E-06 -22.92463183E-03 -411.55773E-06
+38.38500E-06 -90.46231954E-03 -411.55773E-06
+38.40000E-06 -56.69347568E-03 -974.37180E-06
+38.41500E-06 +10.84421203E-03 -411.55773E-06
+38.43000E-06 -22.92463183E-03 -411.55773E-06
+38.44500E-06 -56.69347569E-03 -974.37180E-06
+38.46000E-06 -22.92463183E-03 -1.53718586E-03
+38.47500E-06 +44.61305588E-03 -411.55773E-06
+38.49000E-06 -22.92463183E-03 -974.37180E-06
+38.50500E-06 -56.69347570E-03 -974.37180E-06
+38.52000E-06 -56.69347568E-03 -974.37180E-06
+38.53500E-06 +10.84421203E-03 -974.37180E-06
+38.55000E-06 -22.92463184E-03 -411.55773E-06
+38.56500E-06 -56.69347569E-03 -974.37180E-06
+38.58000E-06 -22.92463182E-03 -1.53718586E-03
+38.59500E-06 +10.84421203E-03 -974.37180E-06
+38.61000E-06 -22.92463184E-03 -411.55773E-06
+38.62500E-06 -90.46231954E-03 -411.55773E-06
+38.64000E-06 -56.69347568E-03 -974.37180E-06
+38.65500E-06 +10.84421203E-03 -411.55773E-06
+38.67000E-06 -22.92463183E-03 -411.55773E-06
+38.68500E-06 -90.46231954E-03 -974.37180E-06
+38.70000E-06 -22.92463182E-03 -974.37180E-06
+38.71500E-06 +44.61305588E-03 -411.55773E-06
+38.73000E-06 -56.69347569E-03 -411.55773E-06
+38.74500E-06 -90.46231955E-03 -974.37180E-06
+38.76000E-06 +10.84421203E-03 -411.55773E-06
+38.77500E-06 +44.61305588E-03 -411.55773E-06
+38.79000E-06 -56.69347570E-03 +151.25633E-06
+38.80500E-06 -90.46231954E-03 -411.55773E-06
+38.82000E-06 +10.84421203E-03 -1.53718586E-03
+38.83500E-06 +10.84421202E-03 -411.55773E-06
+38.85000E-06 -56.69347569E-03 -411.55773E-06
+38.86500E-06 -90.46231955E-03 -411.55773E-06
+38.88000E-06 +10.84421203E-03 -974.37180E-06
+38.89500E-06 +10.84421203E-03 -974.37180E-06
+38.91000E-06 -56.69347569E-03 -411.55773E-06
+38.92500E-06 -90.46231954E-03 -411.55773E-06
+38.94000E-06 +44.61305588E-03 -974.37180E-06
+38.95500E-06 +44.61305588E-03 -411.55773E-06
+38.97000E-06 -56.69347569E-03 -974.37180E-06
+38.98500E-06 -90.46231954E-03 -1.53718586E-03
+39.00000E-06 -22.92463181E-03 -974.37180E-06
+39.01500E-06 +44.61305587E-03 -411.55773E-06
+39.03000E-06 -56.69347570E-03 -411.55773E-06
+39.04500E-06 -90.46231954E-03 -411.55773E-06
+39.06000E-06 +44.61305588E-03 -974.37180E-06
+39.07500E-06 +10.84421203E-03 +151.25633E-06
+39.09000E-06 -90.46231955E-03 -974.37180E-06
+39.10500E-06 -90.46231954E-03 -974.37180E-06
+39.12000E-06 +10.84421204E-03 -974.37180E-06
+39.13500E-06 +10.84421202E-03 -411.55773E-06
+39.15000E-06 -90.46231955E-03 -411.55773E-06
+39.16500E-06 -90.46231954E-03 -974.37180E-06
+39.18000E-06 +10.84421204E-03 -1.53718586E-03
+39.19500E-06 +44.61305587E-03 -411.55773E-06
+39.21000E-06 -90.46231956E-03 -411.55773E-06
+39.22500E-06 -56.69347569E-03 -411.55773E-06
+39.24000E-06 +10.84421204E-03 -974.37180E-06
+39.25500E-06 +44.61305587E-03 -411.55773E-06
+39.27000E-06 -124.23116340E-03 +151.25633E-06
+39.28500E-06 -90.46231954E-03 -411.55773E-06
+39.30000E-06 +44.61305588E-03 -974.37180E-06
+39.31500E-06 +10.84421201E-03 -411.55773E-06
+39.33000E-06 -124.23116340E-03 -411.55773E-06
+39.34500E-06 -90.46231954E-03 -411.55773E-06
+39.36000E-06 +44.61305588E-03 -974.37180E-06
+39.37500E-06 +10.84421203E-03 +151.25633E-06
+39.39000E-06 -90.46231956E-03 -411.55773E-06
+39.40500E-06 -56.69347568E-03 -411.55773E-06
+39.42000E-06 +44.61305588E-03 -974.37180E-06
+39.43500E-06 +10.84421201E-03 -411.55773E-06
+39.45000E-06 -124.23116341E-03 -974.37180E-06
+39.46500E-06 -56.69347569E-03 -411.55773E-06
+39.48000E-06 +44.61305590E-03 -974.37180E-06
+39.49500E-06 +44.61305586E-03 -411.55773E-06
+39.51000E-06 -124.23116340E-03 -411.55773E-06
+39.52500E-06 -56.69347568E-03 -411.55773E-06
+39.54000E-06 +44.61305588E-03 -974.37180E-06
+39.55500E-06 +10.84421200E-03 -411.55773E-06
+39.57000E-06 -124.23116341E-03 +151.25633E-06
+39.58500E-06 -22.92463185E-03 -411.55773E-06
+39.60000E-06 +78.38189974E-03 -411.55773E-06
+39.61500E-06 +10.84421200E-03 -411.55773E-06
+39.63000E-06 -158.00000726E-03 -411.55773E-06
+39.64500E-06 -22.92463182E-03 -974.37180E-06
+39.66000E-06 +78.38189974E-03 -974.37180E-06
+39.67500E-06 -22.92463185E-03 -411.55773E-06
+39.69000E-06 -124.23116341E-03 -411.55773E-06
+39.70500E-06 +10.84421201E-03 -411.55773E-06
+39.72000E-06 +78.38189974E-03 -974.37180E-06
+39.73500E-06 -22.92463185E-03 -411.55773E-06
+39.75000E-06 -124.23116341E-03 -411.55773E-06
+39.76500E-06 -22.92463181E-03 -411.55773E-06
+39.78000E-06 +78.38189974E-03 -974.37180E-06
+39.79500E-06 -22.92463185E-03 -411.55773E-06
+39.81000E-06 -158.00000727E-03 -974.37180E-06
+39.82500E-06 +10.84421203E-03 -974.37180E-06
+39.84000E-06 +78.38189974E-03 -411.55773E-06
+39.85500E-06 -22.92463186E-03 -411.55773E-06
+39.87000E-06 -124.23116341E-03 +151.25633E-06
+39.88500E-06 +10.84421204E-03 -974.37180E-06
+39.90000E-06 +78.38189974E-03 -974.37180E-06
+39.91500E-06 -56.69347571E-03 +151.25633E-06
+39.93000E-06 -158.00000727E-03 -411.55773E-06
+39.94500E-06 +10.84421203E-03 -411.55773E-06
+39.96000E-06 +78.38189974E-03 -411.55773E-06
+39.97500E-06 -56.69347572E-03 -411.55773E-06
+39.99000E-06 -191.76885112E-03 -411.55773E-06
+40.00500E-06 +10.84421205E-03 -974.37180E-06
+40.02000E-06 +78.38189974E-03 -974.37180E-06
+40.03500E-06 -90.46231955E-03 -411.55773E-06
+40.05000E-06 -158.00000726E-03 +151.25633E-06
+40.06500E-06 +10.84421204E-03 -1.53718586E-03
+40.08000E-06 +112.15074359E-03 -411.55773E-06
+40.09500E-06 -90.46231957E-03 -411.55773E-06
+40.11000E-06 -158.00000726E-03 -411.55773E-06
+40.12500E-06 +10.84421205E-03 -974.37180E-06
+40.14000E-06 +145.91958744E-03 -1.53718586E-03
+40.15500E-06 -90.46231957E-03 -411.55773E-06
+40.17000E-06 -158.00000726E-03 -974.37180E-06
+40.18500E-06 +44.61305590E-03 -974.37180E-06
+40.20000E-06 +78.38189974E-03 -411.55773E-06
+40.21500E-06 -124.23116341E-03 -411.55773E-06
+40.23000E-06 -158.00000727E-03 -411.55773E-06
+40.24500E-06 +78.38189976E-03 -974.37180E-06
+40.26000E-06 +78.38189973E-03 -411.55773E-06
+40.27500E-06 -124.23116343E-03 -411.55773E-06
+40.29000E-06 -158.00000725E-03 -411.55773E-06
+40.30500E-06 +78.38189974E-03 -974.37180E-06
+40.32000E-06 +78.38189973E-03 -411.55773E-06
+40.33500E-06 -158.00000727E-03 +151.25633E-06
+40.35000E-06 -124.23116340E-03 -411.55773E-06
+40.36500E-06 +112.15074362E-03 -974.37180E-06
+40.38000E-06 +78.38189973E-03 -411.55773E-06
+40.39500E-06 -158.00000728E-03 +151.25633E-06
+40.41000E-06 -124.23116340E-03 -974.37180E-06
+40.42500E-06 +112.15074362E-03 -974.37180E-06
+40.44000E-06 +78.38189973E-03 -411.55773E-06
+40.45500E-06 -158.00000729E-03 +151.25633E-06
+40.47000E-06 -158.00000725E-03 -974.37180E-06
+40.48500E-06 +145.91958746E-03 -1.53718586E-03
+40.50000E-06 +44.61305588E-03 -974.37180E-06
+40.51500E-06 -158.00000730E-03 -411.55773E-06
+40.53000E-06 -158.00000724E-03 -1.53718586E-03
+40.54500E-06 +145.91958745E-03 -974.37180E-06
+40.56000E-06 +78.38189972E-03 -411.55773E-06
+40.57500E-06 -191.76885113E-03 -411.55773E-06
+40.59000E-06 -90.46231955E-03 -974.37180E-06
+40.60500E-06 +112.15074362E-03 -1.53718586E-03
+40.62000E-06 +78.38189972E-03 -411.55773E-06
+40.63500E-06 -225.53769499E-03 +151.25633E-06
+40.65000E-06 -124.23116338E-03 -411.55773E-06
+40.66500E-06 +145.91958746E-03 -411.55773E-06
+40.68000E-06 +78.38189972E-03 +151.25633E-06
+40.69500E-06 -225.53769499E-03 +151.25633E-06
+40.71000E-06 -124.23116337E-03 -974.37180E-06
+40.72500E-06 +179.68843132E-03 -1.53718586E-03
+40.74000E-06 +44.61305586E-03 -974.37180E-06
+40.75500E-06 -225.53769500E-03 +151.25633E-06
+40.77000E-06 -124.23116338E-03 -974.37180E-06
+40.78500E-06 +145.91958746E-03 -974.37180E-06
+40.80000E-06 +10.84421200E-03 +151.25633E-06
+40.81500E-06 -225.53769499E-03 -411.55773E-06
+40.83000E-06 -90.46231951E-03 -974.37180E-06
+40.84500E-06 +213.45727517E-03 -411.55773E-06
+40.86000E-06 +10.84421200E-03 -411.55773E-06
+40.87500E-06 -259.30653885E-03 -411.55773E-06
+40.89000E-06 -56.69347566E-03 -1.53718586E-03
+40.90500E-06 +179.68843132E-03 -411.55773E-06
+40.92000E-06 -22.92463185E-03 -411.55773E-06
+40.93500E-06 -259.30653885E-03 -974.37180E-06
+40.95000E-06 -56.69347566E-03 -1.53718586E-03
+40.96500E-06 +213.45727517E-03 -974.37180E-06
+40.98000E-06 +10.84421198E-03 +151.25633E-06
+40.99500E-06 -259.30653884E-03 -411.55773E-06
+41.01000E-06 -22.92463182E-03 -1.53718586E-03
+41.02500E-06 +213.45727518E-03 -1.53718586E-03
+41.04000E-06 -56.69347572E-03 -411.55773E-06
+41.05500E-06 -259.30653885E-03 -411.55773E-06
+41.07000E-06 -22.92463179E-03 -974.37180E-06
+41.08500E-06 +247.22611903E-03 -411.55773E-06
+41.10000E-06 -56.69347572E-03 -411.55773E-06
+41.11500E-06 -259.30653885E-03 -974.37180E-06
+41.13000E-06 +10.84421206E-03 -1.53718586E-03
+41.14500E-06 +247.22611901E-03 -411.55773E-06
+41.16000E-06 -56.69347574E-03 +151.25633E-06
+41.17500E-06 -293.07538269E-03 -974.37180E-06
+41.19000E-06 +44.61305590E-03 -974.37180E-06
+41.20500E-06 +247.22611904E-03 -411.55773E-06
+41.22000E-06 -56.69347575E-03 +151.25633E-06
+41.23500E-06 -326.84422654E-03 -974.37180E-06
+41.25000E-06 +44.61305591E-03 -1.53718586E-03
+41.26500E-06 +247.22611903E-03 -411.55773E-06
+41.28000E-06 -124.23116344E-03 +151.25633E-06
+41.29500E-06 -293.07538269E-03 -411.55773E-06
+41.31000E-06 +78.38189977E-03 -1.53718586E-03
+41.32500E-06 +247.22611901E-03 -411.55773E-06
+41.34000E-06 -124.23116346E-03 +151.25633E-06
+41.35500E-06 -293.07538269E-03 -411.55773E-06
+41.37000E-06 +112.15074363E-03 -1.53718586E-03
+41.38500E-06 +247.22611901E-03 +151.25633E-06
+41.40000E-06 -191.76885115E-03 +151.25633E-06
+41.41500E-06 -293.07538268E-03 -411.55773E-06
+41.43000E-06 +112.15074363E-03 -974.37180E-06
+41.44500E-06 +247.22611900E-03 -974.37180E-06
+41.46000E-06 -158.00000732E-03 +151.25633E-06
+41.47500E-06 -326.84422652E-03 -1.53718586E-03
+41.49000E-06 +145.91958749E-03 -974.37180E-06
+41.50500E-06 +247.22611899E-03 +151.25633E-06
+41.52000E-06 -191.76885116E-03 +151.25633E-06
+41.53500E-06 -293.07538268E-03 -1.53718586E-03
+41.55000E-06 +145.91958751E-03 -2.09999992E-03
+41.56500E-06 +247.22611899E-03 +151.25633E-06
+41.58000E-06 -225.53769504E-03 -974.37180E-06
+41.59500E-06 -259.30653882E-03 -2.09999993E-03
+41.61000E-06 +179.68843137E-03 -2.09999992E-03
+41.62500E-06 +247.22611899E-03 -411.55773E-06
+41.64000E-06 -259.30653888E-03 +151.25633E-06
+41.65500E-06 -293.07538266E-03 -1.53718586E-03
+41.67000E-06 +213.45727521E-03 -974.37180E-06
+41.68500E-06 +247.22611898E-03 -411.55773E-06
+41.70000E-06 -293.07538274E-03 +151.25633E-06
+41.71500E-06 -259.30653882E-03 -1.53718586E-03
+41.73000E-06 +213.45727521E-03 -1.53718586E-03
+41.74500E-06 +179.68843127E-03 -411.55773E-06
+41.76000E-06 -326.84422659E-03 +714.07040E-06
+41.77500E-06 -259.30653880E-03 -1.53718586E-03
+41.79000E-06 +280.99496293E-03 -974.37180E-06
+41.80500E-06 +179.68843127E-03 +714.07040E-06
+41.82000E-06 -326.84422660E-03 -411.55773E-06
+41.83500E-06 -225.53769494E-03 -2.09999992E-03
+41.85000E-06 +280.99496293E-03 -1.53718586E-03
+41.86500E-06 +145.91958741E-03 +714.07040E-06
+41.88000E-06 -360.61307044E-03 +714.07040E-06
+41.89500E-06 -225.53769492E-03 -1.53718586E-03
+41.91000E-06 +348.53265064E-03 -1.53718586E-03
+41.92500E-06 +145.91958740E-03 +714.07040E-06
+41.94000E-06 -360.61307046E-03 +151.25633E-06
+41.95500E-06 -191.76885108E-03 -1.53718586E-03
+41.97000E-06 +348.53265064E-03 -974.37180E-06
+41.98500E-06 +112.15074354E-03 +714.07040E-06
+42.00000E-06 -428.15075816E-03 -411.55773E-06
+42.01500E-06 -158.00000722E-03 -2.09999993E-03
+42.03000E-06 +348.53265065E-03 -974.37180E-06
+42.04500E-06 +145.91958738E-03 +714.07040E-06
+42.06000E-06 -428.15075816E-03 -411.55773E-06
+42.07500E-06 -124.23116336E-03 -1.53718586E-03
+42.09000E-06 +382.30149450E-03 -974.37180E-06
+42.10500E-06 +78.38189968E-03 +714.07040E-06
+42.12000E-06 -428.15075816E-03 -411.55773E-06
+42.13500E-06 -124.23116333E-03 -2.09999993E-03
+42.15000E-06 +416.07033834E-03 -974.37180E-06
+42.16500E-06 +78.38189968E-03 +714.07040E-06
+42.18000E-06 -428.15075816E-03 -974.37180E-06
+42.19500E-06 -90.46231948E-03 -2.09999993E-03
+42.21000E-06 +449.83918218E-03 -974.37180E-06
+42.22500E-06 +10.84421194E-03 +714.07040E-06
+42.24000E-06 -495.68844587E-03 +151.25633E-06
+42.25500E-06 -56.69347561E-03 -2.09999993E-03
+42.27000E-06 +449.83918220E-03 -974.37180E-06
+42.28500E-06 +10.84421194E-03 +1.27688446E-03
+42.30000E-06 -495.68844585E-03 -411.55773E-06
+42.31500E-06 -22.92463176E-03 -2.09999993E-03
+42.33000E-06 +449.83918218E-03 -411.55773E-06
+42.34500E-06 -56.69347578E-03 +714.07040E-06
+42.36000E-06 -529.45728973E-03 -974.37180E-06
+42.37500E-06 +44.61305597E-03 -2.66281399E-03
+42.39000E-06 +449.83918220E-03 -411.55773E-06
+42.40500E-06 -90.46231962E-03 +714.07040E-06
+42.42000E-06 -529.45728969E-03 -1.53718586E-03
+42.43500E-06 +44.61305597E-03 -2.66281399E-03
+42.45000E-06 +483.60802604E-03 -411.55773E-06
+42.46500E-06 -124.23116350E-03 +1.27688446E-03
+42.48000E-06 -563.22613355E-03 -974.37180E-06
+42.49500E-06 +78.38189983E-03 -2.09999993E-03
+42.51000E-06 +483.60802602E-03 -411.55773E-06
+42.52500E-06 -158.00000736E-03 +714.07040E-06
+42.54000E-06 -529.45728969E-03 -974.37180E-06
+42.55500E-06 +179.68843139E-03 -1.53718586E-03
+42.57000E-06 +483.60802602E-03 +151.25633E-06
+42.58500E-06 -191.76885124E-03 +1.27688446E-03
+42.60000E-06 -563.22613353E-03 -974.37180E-06
+42.61500E-06 +179.68843141E-03 -2.09999993E-03
+42.63000E-06 +483.60802602E-03 +151.25633E-06
+42.64500E-06 -259.30653892E-03 +714.07040E-06
+42.66000E-06 -529.45728967E-03 -1.53718586E-03
+42.67500E-06 +213.45727527E-03 -2.09999993E-03
+42.69000E-06 +449.83918216E-03 -411.55773E-06
+42.70500E-06 -326.84422664E-03 +714.07040E-06
+42.72000E-06 -529.45728967E-03 -1.53718586E-03
+42.73500E-06 +280.99496296E-03 -2.09999993E-03
+42.75000E-06 +483.60802600E-03 +151.25633E-06
+42.76500E-06 -326.84422664E-03 +1.83969852E-03
+42.78000E-06 -529.45728965E-03 -1.53718586E-03
+42.79500E-06 +314.76380683E-03 -2.09999992E-03
+42.81000E-06 +449.83918212E-03 +714.07040E-06
+42.82500E-06 -360.61307050E-03 +1.27688446E-03
+42.84000E-06 -529.45728963E-03 -1.53718586E-03
+42.85500E-06 +348.53265069E-03 -2.09999992E-03
+42.87000E-06 +449.83918210E-03 +151.25633E-06
+42.88500E-06 -428.15075822E-03 +714.07040E-06
+42.90000E-06 -495.68844577E-03 -2.66281399E-03
+42.91500E-06 +416.07033840E-03 -1.53718586E-03
+42.93000E-06 +416.07033824E-03 +714.07040E-06
+42.94500E-06 -495.68844592E-03 +714.07040E-06
+42.96000E-06 -495.68844575E-03 -2.09999993E-03
+42.97500E-06 +449.83918227E-03 -2.66281399E-03
+42.99000E-06 +382.30149438E-03 +714.07040E-06
+43.00500E-06 -563.22613362E-03 +714.07040E-06
+43.02000E-06 -428.15075807E-03 -2.66281399E-03
+43.03500E-06 +483.60802611E-03 -2.66281399E-03
+43.05000E-06 +382.30149438E-03 +714.07040E-06
+43.06500E-06 -630.76382134E-03 +714.07040E-06
+43.08000E-06 -428.15075803E-03 -2.66281399E-03
+43.09500E-06 +551.14571383E-03 -2.09999992E-03
+43.11000E-06 +348.53265050E-03 +714.07040E-06
+43.12500E-06 -630.76382136E-03 +714.07040E-06
+43.14000E-06 -394.38191415E-03 -2.66281399E-03
+43.15500E-06 +584.91455767E-03 -1.53718586E-03
+43.17000E-06 +314.76380664E-03 +1.27688446E-03
+43.18500E-06 -664.53266522E-03 +714.07040E-06
+43.20000E-06 -360.61307031E-03 -2.09999993E-03
+43.21500E-06 +618.68340153E-03 -2.09999992E-03
+43.23000E-06 +247.22611894E-03 +1.83969853E-03
+43.24500E-06 -698.30150904E-03 +151.25633E-06
+43.26000E-06 -293.07538259E-03 -2.66281399E-03
+43.27500E-06 +652.45224539E-03 -1.53718586E-03
+43.29000E-06 +213.45727504E-03 +2.40251259E-03
+43.30500E-06 -732.07035292E-03 +151.25633E-06
+43.32000E-06 -259.30653869E-03 -2.66281399E-03
+43.33500E-06 +719.98993309E-03 -1.53718586E-03
+43.35000E-06 +179.68843118E-03 +1.83969853E-03
+43.36500E-06 -765.83919674E-03 +714.07040E-06
+43.38000E-06 -191.76885101E-03 -3.22562805E-03
+43.39500E-06 +719.98993309E-03 -1.53718586E-03
+43.41000E-06 +145.91958730E-03 +1.83969853E-03
+43.42500E-06 -799.60804062E-03 -411.55773E-06
+43.44000E-06 -124.23116329E-03 -3.22562805E-03
+43.45500E-06 +787.52762079E-03 -974.37180E-06
+43.47000E-06 +78.38189960E-03 +1.83969853E-03
+43.48500E-06 -867.14572828E-03 +151.25633E-06
+43.50000E-06 -90.46231941E-03 -3.78844212E-03
+43.51500E-06 +787.52762079E-03 -974.37180E-06
+43.53000E-06 +10.84421188E-03 +2.40251259E-03
+43.54500E-06 -833.37688446E-03 -411.55773E-06
+43.56000E-06 -56.69347553E-03 -3.22562805E-03
+43.57500E-06 +821.29646463E-03 -974.37180E-06
+43.59000E-06 -56.69347586E-03 +2.40251259E-03
+43.60500E-06 -867.14572828E-03 +151.25633E-06
+43.62000E-06 +10.84421219E-03 -4.35125618E-03
+43.63500E-06 +821.29646461E-03 -411.55773E-06
+43.65000E-06 -90.46231972E-03 +2.40251259E-03
+43.66500E-06 -867.14572830E-03 -974.37180E-06
+43.68000E-06 +78.38189991E-03 -3.78844212E-03
+43.69500E-06 +855.06530845E-03 -411.55773E-06
+43.71000E-06 -191.76885127E-03 +2.96532665E-03
+43.72500E-06 -900.91457212E-03 -411.55773E-06
+43.74000E-06 +145.91958763E-03 -3.22562805E-03
+43.75500E-06 +855.06530845E-03 -411.55773E-06
+43.77000E-06 -259.30653899E-03 +2.96532665E-03
+43.78500E-06 -900.91457210E-03 -1.53718586E-03
+43.80000E-06 +213.45727537E-03 -3.78844212E-03
+43.81500E-06 +855.06530843E-03 +151.25633E-06
+43.83000E-06 -326.84422674E-03 +2.40251259E-03
+43.84500E-06 -900.91457210E-03 -411.55773E-06
+43.86000E-06 +314.76380693E-03 -3.78844212E-03
+43.87500E-06 +855.06530843E-03 +151.25633E-06
+43.89000E-06 -394.38191445E-03 +2.96532665E-03
+43.90500E-06 -900.91457210E-03 -1.53718586E-03
+43.92000E-06 +382.30149463E-03 -3.78844212E-03
+43.93500E-06 +855.06530841E-03 +151.25633E-06
+43.95000E-06 -461.91960215E-03 +2.40251259E-03
+43.96500E-06 -867.14572821E-03 -1.53718586E-03
+43.98000E-06 +449.83918235E-03 -4.35125618E-03
+43.99500E-06 +855.06530838E-03 +714.07040E-06
+44.01000E-06 -529.45728990E-03 +1.83969853E-03
+44.02500E-06 -867.14572821E-03 -2.09999993E-03
+44.04000E-06 +551.14571390E-03 -3.22562805E-03
+44.05500E-06 +787.52762066E-03 +151.25633E-06
+44.07000E-06 -630.76382145E-03 +1.83969852E-03
+44.08500E-06 -867.14572815E-03 -2.09999993E-03
+44.10000E-06 +584.91455779E-03 -3.78844212E-03
+44.11500E-06 +821.29646448E-03 +1.83969853E-03
+44.13000E-06 -664.53266534E-03 +2.40251259E-03
+44.14500E-06 -833.37688431E-03 -2.66281399E-03
+44.16000E-06 +652.45224551E-03 -3.22562805E-03
+44.17500E-06 +753.75877678E-03 +1.83969853E-03
+44.19000E-06 -765.83919687E-03 +2.40251259E-03
+44.20500E-06 -765.83919657E-03 -2.66281399E-03
+44.22000E-06 +753.75877706E-03 -3.78844212E-03
+44.23500E-06 +719.98993288E-03 +1.83969853E-03
+44.25000E-06 -833.37688459E-03 +2.40251259E-03
+44.26500E-06 -732.07035271E-03 -3.22562805E-03
+44.28000E-06 +787.52762092E-03 -2.66281399E-03
+44.29500E-06 +686.22108902E-03 +1.83969853E-03
+44.31000E-06 -900.91457229E-03 +2.40251259E-03
+44.32500E-06 -698.30150880E-03 -2.66281399E-03
+44.34000E-06 +888.83415248E-03 -3.22562805E-03
+44.35500E-06 +618.68340130E-03 +2.96532665E-03
+44.37000E-06 -968.45226001E-03 +1.83969852E-03
+44.38500E-06 -630.76382111E-03 -3.78844212E-03
+44.40000E-06 +956.37184018E-03 -2.66281399E-03
+44.41500E-06 +551.14571356E-03 +2.40251259E-03
+44.43000E-06 -1.03598994771E+00 +1.27688446E-03
+44.44500E-06 -563.22613334E-03 -3.78844212E-03
+44.46000E-06 +1.02390952788E+00 -3.22562805E-03
+44.47500E-06 +483.60802584E-03 +2.96532665E-03
+44.49000E-06 -1.10352763540E+00 +1.83969852E-03
+44.50500E-06 -495.68844564E-03 -3.78844212E-03
+44.52000E-06 +1.02390952790E+00 -2.66281399E-03
+44.53500E-06 +416.07033812E-03 +2.96532665E-03
+44.55000E-06 -1.17106532310E+00 +1.83969852E-03
+44.56500E-06 -428.15075788E-03 -3.78844212E-03
+44.58000E-06 +1.12521605945E+00 -2.66281399E-03
+44.59500E-06 +348.53265037E-03 +2.96532665E-03
+44.61000E-06 -1.23860301077E+00 +1.27688446E-03
+44.62500E-06 -360.61307018E-03 -4.91407025E-03
+44.64000E-06 +1.15898490325E+00 -2.09999992E-03
+44.65500E-06 +247.22611879E-03 +3.52814072E-03
+44.67000E-06 -1.23860301080E+00 +1.27688446E-03
+44.68500E-06 -259.30653858E-03 -4.35125618E-03
+44.70000E-06 +1.22652259097E+00 -2.09999992E-03
+44.71500E-06 +145.91958719E-03 +4.09095478E-03
+44.73000E-06 -1.30614069849E+00 +1.27688446E-03
+44.74500E-06 -191.76885086E-03 -5.47688431E-03
+44.76000E-06 +1.26029143482E+00 -974.37180E-06
+44.77500E-06 +44.61305563E-03 +2.96532665E-03
+44.79000E-06 -1.33990954233E+00 +151.25633E-06
+44.80500E-06 -90.46231928E-03 -5.47688431E-03
+44.82000E-06 +1.29406027866E+00 -1.53718586E-03
+44.83500E-06 -22.92463211E-03 +4.09095478E-03
+44.85000E-06 -1.37367838617E+00 -411.55773E-06
+44.86500E-06 +10.84421228E-03 -4.91407025E-03
+44.88000E-06 +1.32782912250E+00 -974.37180E-06
+44.89500E-06 -124.23116369E-03 +3.52814072E-03
+44.91000E-06 -1.37367838614E+00 +151.25633E-06
+44.92500E-06 +112.15074388E-03 -5.47688431E-03
+44.94000E-06 +1.32782912247E+00 -974.37180E-06
+44.95500E-06 -225.53769527E-03 +4.65376885E-03
+44.97000E-06 -1.40744722998E+00 -411.55773E-06
+44.98500E-06 +213.45727549E-03 -5.47688431E-03
+45.00000E-06 +1.32782912247E+00 -411.55773E-06
+45.01500E-06 -293.07538301E-03 +4.65376885E-03
+45.03000E-06 -1.40744722995E+00 -411.55773E-06
+45.04500E-06 +348.53265090E-03 -4.91407025E-03
+45.06000E-06 +1.36159796629E+00 -974.37179E-06
+45.07500E-06 -428.15075843E-03 +4.65376885E-03
+45.09000E-06 -1.40744722991E+00 -2.09999993E-03
+45.10500E-06 +416.07033862E-03 -5.47688431E-03
+45.12000E-06 +1.32782912240E+00 +151.25633E-06
+45.13500E-06 -529.45729003E-03 +4.09095478E-03
+45.15000E-06 -1.37367838605E+00 -411.55773E-06
+45.16500E-06 +584.91455790E-03 -5.47688431E-03
+45.18000E-06 +1.32782912238E+00 +714.07040E-06
+45.19500E-06 -664.53266543E-03 +4.65376885E-03
+45.21000E-06 -1.37367838604E+00 -2.66281399E-03
+45.22500E-06 +686.22108943E-03 -5.47688431E-03
+45.24000E-06 +1.29406027849E+00 +1.83969853E-03
+45.25500E-06 -732.07035317E-03 +4.09095478E-03
+45.27000E-06 -1.33990954214E+00 -2.66281399E-03
+45.28500E-06 +787.52762106E-03 -4.35125618E-03
+45.30000E-06 +1.26029143458E+00 +1.27688446E-03
+45.31500E-06 -867.14572856E-03 +4.65376885E-03
+45.33000E-06 -1.33990954209E+00 -3.22562805E-03
+45.34500E-06 +888.83415261E-03 -5.47688431E-03
+45.36000E-06 +1.22652259070E+00 +1.27688446E-03
+45.37500E-06 -968.45226016E-03 +4.09095478E-03
+45.39000E-06 -1.23860301051E+00 -3.22562805E-03
+45.40500E-06 +990.14068419E-03 -4.91407025E-03
+45.42000E-06 +1.19275374684E+00 +1.83969853E-03
+45.43500E-06 -1.06975879172E+00 +4.09095478E-03
+45.45000E-06 -1.20483416662E+00 -3.78844212E-03
+45.46500E-06 +1.12521605961E+00 -4.91407025E-03
+45.48000E-06 +1.12521605909E+00 +2.40251259E-03
+45.49500E-06 -1.17106532328E+00 +4.09095478E-03
+45.51000E-06 -1.13729647888E+00 -3.78844212E-03
+45.52500E-06 +1.19275374733E+00 -4.91407025E-03
+45.54000E-06 +1.05767837135E+00 +2.40251259E-03
+45.55500E-06 -1.27237185483E+00 +3.52814072E-03
+45.57000E-06 -1.06975879111E+00 -4.91407025E-03
+45.58500E-06 +1.32782912269E+00 -5.47688431E-03
+45.60000E-06 +922.60299593E-03 +3.52814072E-03
+45.61500E-06 -1.40744723022E+00 +3.52814072E-03
+45.63000E-06 -968.45225955E-03 -3.78844212E-03
+45.64500E-06 +1.39536681044E+00 -4.35125618E-03
+45.66000E-06 +888.83415200E-03 +2.96532666E-03
+45.67500E-06 -1.47498491794E+00 +3.52814072E-03
+45.69000E-06 -867.14572797E-03 -5.47688431E-03
+45.70500E-06 +1.49667334194E+00 -4.35125618E-03
+45.72000E-06 +787.52762042E-03 +4.65376885E-03
+45.73500E-06 -1.61006029333E+00 +3.52814072E-03
+45.75000E-06 -799.60804020E-03 -5.47688431E-03
+45.76500E-06 +1.56421102968E+00 -3.22562805E-03
+45.78000E-06 +686.22108881E-03 +4.09095478E-03
+45.79500E-06 -1.64382913719E+00 +2.96532665E-03
+45.81000E-06 -664.53266476E-03 -5.47688431E-03
+45.82500E-06 +1.63174871735E+00 -3.22562805E-03
+45.84000E-06 +551.14571337E-03 +4.65376885E-03
+45.85500E-06 -1.74513566872E+00 +2.40251259E-03
+45.87000E-06 -529.45728932E-03 -6.60251244E-03
+45.88500E-06 +1.73305524886E+00 -2.66281399E-03
+45.90000E-06 +483.60802563E-03 +5.21658291E-03
+45.91500E-06 -1.77890451258E+00 +2.40251259E-03
+45.93000E-06 -428.15075774E-03 -6.03969838E-03
+45.94500E-06 +1.76682409272E+00 -2.66281399E-03
+45.96000E-06 +314.76380633E-03 +5.21658291E-03
+45.97500E-06 -1.84644220024E+00 +2.40251259E-03
+45.99000E-06 -326.84422613E-03 -6.60251244E-03
+46.00500E-06 +1.83436178041E+00 -2.66281399E-03
+46.02000E-06 +179.68843089E-03 +5.21658291E-03
+46.03500E-06 -1.91397988791E+00 +1.27688446E-03
+46.05000E-06 -158.00000683E-03 -6.60251244E-03
+46.06500E-06 +1.86813062424E+00 -2.09999992E-03
+46.08000E-06 +44.61305547E-03 +6.34221104E-03
+46.09500E-06 -1.94774873174E+00 +1.27688446E-03
+46.11000E-06 -56.69347523E-03 -7.16532650E-03
+46.12500E-06 +1.90189946808E+00 -2.09999992E-03
+46.14000E-06 -56.69347616E-03 +6.34221104E-03
+46.15500E-06 -1.94774873172E+00 +714.07039E-06
+46.17000E-06 +112.15074407E-03 -7.16532650E-03
+46.18500E-06 +1.93566831183E+00 -974.37179E-06
+46.20000E-06 -225.53769543E-03 +6.34221104E-03
+46.21500E-06 -1.98151757552E+00 -411.55773E-06
+46.23000E-06 +247.22611949E-03 -7.16532650E-03
+46.24500E-06 +1.93566831186E+00 -411.55773E-06
+46.26000E-06 -394.38191471E-03 +6.34221104E-03
+46.27500E-06 -1.98151757552E+00 -411.55773E-06
+46.29000E-06 +416.07033879E-03 -7.16532650E-03
+46.30500E-06 +1.93566831183E+00 -411.55773E-06
+46.32000E-06 -529.45729017E-03 +6.90502510E-03
+46.33500E-06 -1.98151757547E+00 -974.37180E-06
+46.35000E-06 +551.14571423E-03 -7.16532650E-03
+46.36500E-06 +1.90189946794E+00 +151.25633E-06
+46.38000E-06 -698.30150945E-03 +6.34221104E-03
+46.39500E-06 -1.94774873158E+00 -974.37180E-06
+46.41000E-06 +686.22108967E-03 -7.72814057E-03
+46.42500E-06 +1.86813062403E+00 +1.27688446E-03
+46.44000E-06 -833.37688491E-03 +6.90502510E-03
+46.45500E-06 -1.91397988767E+00 -2.09999993E-03
+46.47000E-06 +821.29646511E-03 -7.72814057E-03
+46.48500E-06 +1.86813062400E+00 +1.27688446E-03
+46.50000E-06 -934.68341649E-03 +5.77939697E-03
+46.51500E-06 -1.84644219992E+00 -2.66281399E-03
+46.53000E-06 +1.02390952821E+00 -7.16532650E-03
+46.54500E-06 +1.76682409239E+00 +1.83969853E-03
+46.56000E-06 -1.13729647963E+00 +6.90502510E-03
+46.57500E-06 -1.81267335603E+00 -2.66281399E-03
+46.59000E-06 +1.15898490362E+00 -7.72814057E-03
+46.60500E-06 +1.73305524851E+00 +2.40251259E-03
+46.62000E-06 -1.27237185504E+00 +6.34221104E-03
+46.63500E-06 -1.77890451212E+00 -3.78844212E-03
+46.65000E-06 +1.29406027906E+00 -7.72814057E-03
+46.66500E-06 +1.63174871690E+00 +2.96532666E-03
+46.68000E-06 -1.44121607428E+00 +5.77939697E-03
+46.69500E-06 -1.67759798051E+00 -4.35125618E-03
+46.71000E-06 +1.42913565448E+00 -6.60251244E-03
+46.72500E-06 +1.56421102915E+00 +3.52814072E-03
+46.74000E-06 -1.54252260586E+00 +5.77939697E-03
+46.75500E-06 -1.57629144890E+00 -4.91407025E-03
+46.77000E-06 +1.56421102991E+00 -7.16532650E-03
+46.78500E-06 +1.49667334135E+00 +3.52814072E-03
+46.80000E-06 -1.71136682511E+00 +5.21658291E-03
+46.81500E-06 -1.47498491732E+00 -4.91407025E-03
+46.83000E-06 +1.73305524910E+00 -6.60251244E-03
+46.84500E-06 +1.39536680974E+00 +4.09095478E-03
+46.86000E-06 -1.84644220049E+00 +5.21658291E-03
+46.87500E-06 -1.37367838569E+00 -6.03969838E-03
+46.89000E-06 +1.83436178068E+00 -6.60251244E-03
+46.90500E-06 +1.22652259047E+00 +4.65376885E-03
+46.92000E-06 -1.94774873207E+00 +4.65376885E-03
+46.93500E-06 -1.23860301025E+00 -6.03969838E-03
+46.95000E-06 +1.93566831224E+00 -4.91407025E-03
+46.96500E-06 +1.12521605886E+00 +5.77939698E-03
+46.98000E-06 -2.04905526359E+00 +4.09095478E-03
+46.99500E-06 -1.06975879092E+00 -7.16532650E-03
+47.01000E-06 +2.03697484376E+00 -4.91407024E-03
+47.02500E-06 +990.14068336E-03 +5.77939698E-03
+47.04000E-06 -2.15036179515E+00 +4.65376884E-03
+47.05500E-06 -934.68341548E-03 -7.72814057E-03
+47.07000E-06 +2.10451253148E+00 -4.35125618E-03
+47.08500E-06 +855.06530792E-03 +6.90502510E-03
+47.10000E-06 -2.21789948284E+00 +3.52814072E-03
+47.11500E-06 -799.60804001E-03 -7.72814057E-03
+47.13000E-06 +2.20581906300E+00 -4.35125618E-03
+47.14500E-06 +686.22108860E-03 +6.90502510E-03
+47.16000E-06 -2.28543717050E+00 +3.52814072E-03
+47.17500E-06 -630.76382071E-03 -8.29095463E-03
+47.19000E-06 +2.27335675066E+00 -3.78844212E-03
+47.20500E-06 +517.37686929E-03 +7.46783917E-03
+47.22000E-06 -2.35297485819E+00 +2.96532665E-03
+47.23500E-06 -495.68844524E-03 -8.85376870E-03
+47.25000E-06 +2.34089443835E+00 -3.22562805E-03
+47.26500E-06 +348.53264999E-03 +7.46783917E-03
+47.28000E-06 -2.45428138968E+00 +2.40251259E-03
+47.29500E-06 -326.84422591E-03 -8.29095463E-03
+47.31000E-06 +2.40843212599E+00 -2.66281399E-03
+47.32500E-06 +179.68843069E-03 +8.59346730E-03
+47.34000E-06 -2.48805023352E+00 +1.83969852E-03
+47.35500E-06 -124.23116278E-03 -8.85376870E-03
+47.37000E-06 +2.44220096982E+00 -2.09999992E-03
+47.38500E-06 +10.84421134E-03 +8.59346730E-03
+47.40000E-06 -2.52181907732E+00 +1.83969852E-03
+47.41500E-06 +44.61305655E-03 -8.85376870E-03
+47.43000E-06 +2.47596981359E+00 -974.37179E-06
+47.44500E-06 -191.76885177E-03 +8.59346730E-03
+47.46000E-06 -2.48805023343E+00 +151.25633E-06
+47.47500E-06 +213.45727587E-03 -9.41658276E-03
+47.49000E-06 +2.47596981356E+00 -974.37180E-06
+47.50500E-06 -394.38191495E-03 +8.59346730E-03
+47.52000E-06 -2.52181907720E+00 +151.25633E-06
+47.53500E-06 +449.83918284E-03 -9.41658276E-03
+47.55000E-06 +2.47596981353E+00 +151.25633E-06
+47.56500E-06 -563.22613423E-03 +9.15628136E-03
+47.58000E-06 -2.48805023331E+00 -411.55773E-06
+47.59500E-06 +584.91455831E-03 -9.41658276E-03
+47.61000E-06 +2.44220096961E+00 +714.07040E-06
+47.62500E-06 -765.83919738E-03 +9.15628136E-03
+47.64000E-06 -2.48805023325E+00 -974.37180E-06
+47.65500E-06 +821.29646530E-03 -9.41658276E-03
+47.67000E-06 +2.37466328186E+00 +1.27688446E-03
+47.68500E-06 -934.68341668E-03 +8.59346730E-03
+47.70000E-06 -2.42051254550E+00 -1.53718586E-03
+47.71500E-06 +990.14068454E-03 -8.85376870E-03
+47.73000E-06 +2.34089443797E+00 +1.83969853E-03
+47.74500E-06 -1.13729647981E+00 +8.59346730E-03
+47.76000E-06 -2.35297485772E+00 -2.66281399E-03
+47.77500E-06 +1.15898490387E+00 -9.41658276E-03
+47.79000E-06 +2.27335675016E+00 +2.40251259E-03
+47.80500E-06 -1.33990954291E+00 +9.15628136E-03
+47.82000E-06 -2.28543716997E+00 -3.22562806E-03
+47.83500E-06 +1.32782912314E+00 -8.29095463E-03
+47.85000E-06 +2.20581906238E+00 +2.96532666E-03
+47.86500E-06 -1.54252260602E+00 +9.15628136E-03
+47.88000E-06 -2.21789948219E+00 -3.78844212E-03
+47.89500E-06 +1.53044218624E+00 -8.29095463E-03
+47.91000E-06 +2.10451253080E+00 +3.52814072E-03
+47.92500E-06 -1.71136682525E+00 +8.59346730E-03
+47.94000E-06 -2.11659295058E+00 -4.91407025E-03
+47.95500E-06 +1.66551756165E+00 -8.29095463E-03
+47.97000E-06 +2.00320599916E+00 +4.65376885E-03
+47.98500E-06 -1.84644220072E+00 +8.59346730E-03
+48.00000E-06 -1.98151757514E+00 -4.91407025E-03
+48.01500E-06 +1.86813062475E+00 -7.72814057E-03
+48.03000E-06 +1.86813062372E+00 +4.65376885E-03
+48.04500E-06 -2.01528641993E+00 +8.03065323E-03
+48.06000E-06 -1.84644219964E+00 -6.60251244E-03
+48.07500E-06 +2.03697484398E+00 -7.72814057E-03
+48.09000E-06 +1.73305524822E+00 +5.21658291E-03
+48.10500E-06 -2.18413063923E+00 +7.46783917E-03
+48.12000E-06 -1.74513566800E+00 -6.60251244E-03
+48.13500E-06 +2.17205021936E+00 -7.16532650E-03
+48.15000E-06 +1.59797987275E+00 +6.34221104E-03
+48.16500E-06 -2.31920601458E+00 +6.90502510E-03
+48.18000E-06 -1.57629144867E+00 -7.72814057E-03
+48.19500E-06 +2.30712559477E+00 -7.16532650E-03
+48.21000E-06 +1.46290449725E+00 +6.90502511E-03
+48.22500E-06 -2.42051254616E+00 +7.46783917E-03
+48.24000E-06 -1.44121607320E+00 -6.60251244E-03
+48.25500E-06 +2.40843212629E+00 -6.60251244E-03
+48.27000E-06 +1.29406027795E+00 +7.46783917E-03
+48.28500E-06 -2.52181907765E+00 +6.90502510E-03
+48.30000E-06 -1.23860301001E+00 -8.85376870E-03
+48.31500E-06 +2.54350750167E+00 -5.47688431E-03
+48.33000E-06 +1.09144721473E+00 +8.03065323E-03
+48.34500E-06 -2.65689445305E+00 +5.21658291E-03
+48.36000E-06 -1.03598994688E+00 -9.41658276E-03
+48.37500E-06 +2.64481403318E+00 -4.91407024E-03
+48.39000E-06 +922.60299546E-03 +8.59346730E-03
+48.40500E-06 -2.72443214068E+00 +5.21658291E-03
+48.42000E-06 -833.37688372E-03 -9.97939683E-03
+48.43500E-06 +2.71235172087E+00 -4.35125618E-03
+48.45000E-06 +719.98993230E-03 +9.15628136E-03
+48.46500E-06 -2.82573867220E+00 +4.09095478E-03
+48.48000E-06 -698.30150818E-03 -9.97939683E-03
+48.49500E-06 +2.74612056467E+00 -4.35125618E-03
+48.51000E-06 +517.37686911E-03 +9.15628136E-03
+48.52500E-06 -2.82573867217E+00 +4.09095478E-03
+48.54000E-06 -461.91960119E-03 -10.54221089E-03
+48.55500E-06 +2.81365825233E+00 -3.78844211E-03
+48.57000E-06 +314.76380595E-03 +9.71909543E-03
+48.58500E-06 -2.89327635985E+00 +3.52814072E-03
+48.60000E-06 -225.53769417E-03 -10.54221089E-03
+48.61500E-06 +2.84742709615E+00 -3.22562805E-03
+48.63000E-06 +78.38189893E-03 +9.15628136E-03
+48.64500E-06 -2.89327635979E+00 +2.96532665E-03
+48.66000E-06 -56.69347484E-03 -11.10502495E-03
+48.67500E-06 +2.84742709609E+00 -2.09999992E-03
+48.69000E-06 -124.23116423E-03 +10.84472355E-03
+48.70500E-06 -2.89327635973E+00 +1.83969852E-03
+48.72000E-06 +179.68843215E-03 -10.54221089E-03
+48.73500E-06 +2.84742709603E+00 -974.37179E-06
+48.75000E-06 -326.84422739E-03 +10.84472355E-03
+48.76500E-06 -2.89327635966E+00 +1.83969852E-03
+48.78000E-06 +348.53265145E-03 -11.66783902E-03
+48.79500E-06 +2.81365825214E+00 -411.55773E-06
+48.81000E-06 -563.22613441E-03 +10.84472355E-03
+48.82500E-06 -2.85950751577E+00 +714.07039E-06
+48.84000E-06 +584.91455847E-03 -11.10502495E-03
+48.85500E-06 +2.84742709587E+00 -411.55773E-06
+48.87000E-06 -765.83919757E-03 +10.84472355E-03
+48.88500E-06 -2.85950751564E+00 -411.55774E-06
+48.90000E-06 +855.06530928E-03 -11.66783902E-03
+48.91500E-06 +2.74612056425E+00 +714.07040E-06
+48.93000E-06 -1.00222110456E+00 +10.84472355E-03
+48.94500E-06 -2.82573867172E+00 -974.37180E-06
+48.96000E-06 +1.02390952861E+00 -11.10502495E-03
+48.97500E-06 +2.71235172033E+00 +1.83969853E-03
+48.99000E-06 -1.17106532383E+00 +11.97035168E-03
+49.00500E-06 -2.69066329628E+00 -1.53718586E-03
+49.02000E-06 +1.26029143554E+00 -11.10502495E-03
+49.03500E-06 +2.64481403254E+00 +1.83969853E-03
+49.05000E-06 -1.40744723082E+00 +10.84472355E-03
+49.06500E-06 -2.62312560849E+00 -3.22562806E-03
+49.08000E-06 +1.42913565487E+00 -10.54221089E-03
+49.09500E-06 +2.54350750090E+00 +2.96532666E-03
+49.11000E-06 -1.61006029391E+00 +10.28190949E-03
+49.12500E-06 -2.52181907681E+00 -3.78844212E-03
+49.14000E-06 +1.66551756176E+00 -11.10502495E-03
+49.15500E-06 +2.40843212546E+00 +3.52814072E-03
+49.17000E-06 -1.77890451318E+00 +9.71909542E-03
+49.18500E-06 -2.42051254520E+00 -4.35125619E-03
+49.20000E-06 +1.83436178106E+00 -9.97939682E-03
+49.21500E-06 +2.30712559378E+00 +4.09095479E-03
+49.23000E-06 -1.98151757627E+00 +10.28190949E-03
+49.24500E-06 -2.28543716969E+00 -4.91407025E-03
+49.26000E-06 +2.00320600032E+00 -10.54221089E-03
+49.27500E-06 +2.17205021830E+00 +5.21658291E-03
+49.29000E-06 -2.15036179554E+00 +9.15628136E-03
+49.30500E-06 -2.11659295043E+00 -6.03969838E-03
+49.32000E-06 +2.17205021956E+00 -8.29095463E-03
+49.33500E-06 +2.00320599897E+00 +5.77939698E-03
+49.35000E-06 -2.31920601474E+00 +9.15628136E-03
+49.36500E-06 -1.98151757492E+00 -6.60251244E-03
+49.38000E-06 +2.30712559493E+00 -8.85376869E-03
+49.39500E-06 +1.83436177964E+00 +5.77939698E-03
+49.41000E-06 -2.45428139011E+00 +8.59346729E-03
+49.42500E-06 -1.77890451176E+00 -7.72814057E-03
+49.44000E-06 +2.44220097034E+00 -8.85376869E-03
+49.45500E-06 +1.66551756027E+00 +6.90502511E-03
+49.47000E-06 -2.58935676552E+00 +7.46783917E-03
+49.48500E-06 -1.61006029239E+00 -8.29095463E-03
+49.50000E-06 +2.61104518950E+00 -7.72814057E-03
+49.51500E-06 +1.46290449715E+00 +8.03065324E-03
+49.53000E-06 -2.72443214089E+00 +7.46783917E-03
+49.54500E-06 -1.40744722920E+00 -8.85376870E-03
+49.56000E-06 +2.67858287726E+00 -6.60251244E-03
+49.57500E-06 +1.29406027778E+00 +9.15628136E-03
+49.59000E-06 -2.85950751623E+00 +6.90502510E-03
+49.60500E-06 -1.23860300983E+00 -9.41658276E-03
+49.62000E-06 +2.84742709639E+00 -7.16532650E-03
+49.63500E-06 +1.09144721458E+00 +9.15628136E-03
+49.65000E-06 -2.89327636005E+00 +5.77939697E-03
+49.66500E-06 -1.03598994670E+00 -10.54221089E-03
+49.68000E-06 +2.88119594021E+00 -5.47688431E-03
+49.69500E-06 +888.83415142E-03 +9.71909543E-03
+49.71000E-06 -2.96081404771E+00 +5.77939697E-03
+49.72500E-06 -799.60803965E-03 -10.54221089E-03
+49.74000E-06 +2.94873362786E+00 -6.03969837E-03
+49.75500E-06 +618.68340054E-03 +9.71909543E-03
+49.77000E-06 -3.02835173536E+00 +5.21658291E-03
+49.78500E-06 -563.22613263E-03 -11.10502496E-03
+49.80000E-06 +2.98250247169E+00 -3.78844212E-03
+49.81500E-06 +449.83918121E-03 +10.84472355E-03
+49.83000E-06 -3.02835173529E+00 +4.09095478E-03
+49.84500E-06 -394.38191326E-03 -11.66783902E-03
+49.86000E-06 +2.98250247159E+00 -4.35125618E-03
+49.87500E-06 +213.45727419E-03 +10.84472355E-03
+49.89000E-06 -3.06212057911E+00 +3.52814071E-03
+49.90500E-06 -158.00000631E-03 -12.23065308E-03
+49.92000E-06 +3.01627131541E+00 -2.66281399E-03
+49.93500E-06 -22.92463276E-03 +11.97035168E-03
+49.95000E-06 -3.06212057901E+00 +2.96532665E-03
+49.96500E-06 +78.38190067E-03 -12.23065308E-03
+49.98000E-06 +3.01627131527E+00 -2.66281399E-03
+49.99500E-06 -259.30653978E-03 +11.40753762E-03
+50.01000E-06 -3.06212057891E+00 +1.83969852E-03
+50.02500E-06 +314.76380773E-03 -12.79346715E-03
+50.04000E-06 +2.98250247138E+00 -1.53718586E-03
+50.05500E-06 -461.91960298E-03 +10.84472355E-03
+50.07000E-06 -3.06212057887E+00 +714.07039E-06
+50.08500E-06 +551.14571475E-03 -12.23065308E-03
+50.10000E-06 +2.94873362748E+00 -974.37179E-06
+50.11500E-06 -732.07035379E-03 +11.40753762E-03
+50.13000E-06 -2.96081404722E+00 +151.25633E-06
+50.14500E-06 +753.75877787E-03 -12.23065308E-03
+50.16000E-06 +2.88119593969E+00 -411.55773E-06
+50.17500E-06 -900.91457309E-03 +11.40753762E-03
+50.19000E-06 -2.89327635947E+00 -411.55774E-06
+50.20500E-06 +990.14068482E-03 -12.23065308E-03
+50.22000E-06 +2.84742709573E+00 +714.07040E-06
+50.23500E-06 -1.13729648004E+00 +11.97035168E-03
+50.25000E-06 -2.82573867168E+00 -974.37180E-06
+50.26500E-06 +1.19275374795E+00 -11.10502495E-03
+50.28000E-06 +2.67858287646E+00 +1.83969853E-03
+50.29500E-06 -1.33990954320E+00 +11.40753762E-03
+50.31000E-06 -2.75820098389E+00 -2.09999993E-03
+50.32500E-06 +1.39536681107E+00 -11.10502495E-03
+50.34000E-06 +2.61104518860E+00 +2.96532666E-03
+50.35500E-06 -1.54252260636E+00 +11.97035168E-03
+50.37000E-06 -2.65689445223E+00 -2.66281399E-03
+50.38500E-06 +1.59797987416E+00 -10.54221089E-03
+50.40000E-06 +2.50973865699E+00 +3.52814072E-03
+50.41500E-06 -1.74513566937E+00 +10.28190949E-03
+50.43000E-06 -2.48805023293E+00 -3.22562806E-03
+50.44500E-06 +1.76682409343E+00 -9.97939682E-03
+50.46000E-06 +2.40843212533E+00 +4.09095479E-03
+50.47500E-06 -1.94774873250E+00 +10.84472355E-03
+50.49000E-06 -2.35297485742E+00 -4.35125619E-03
+50.50500E-06 +1.96943715651E+00 -10.54221089E-03
+50.52000E-06 +2.23958790600E+00 +5.21658291E-03
+50.53500E-06 -2.08282410790E+00 +9.71909542E-03
+50.55000E-06 -2.21789948191E+00 -5.47688431E-03
+50.56500E-06 +2.13828137574E+00 -9.97939682E-03
+50.58000E-06 +2.07074368666E+00 +4.65376885E-03
+50.59500E-06 -2.25166832713E+00 +10.28190949E-03
+50.61000E-06 -2.01528641875E+00 -6.03969838E-03
+50.62500E-06 +2.27335675111E+00 -8.29095463E-03
+50.64000E-06 +1.90189946729E+00 +6.90502511E-03
+50.65500E-06 -2.38674370250E+00 +9.71909542E-03
+50.67000E-06 -1.88021104324E+00 -6.60251244E-03
+50.68500E-06 +2.44220097034E+00 -8.29095463E-03
+50.70000E-06 +1.76682409178E+00 +6.34221104E-03
+50.71500E-06 -2.55558792165E+00 +9.15628136E-03
+50.73000E-06 -1.67759798004E+00 -7.72814057E-03
+50.74500E-06 +2.50973865802E+00 -8.85376869E-03
+50.76000E-06 +1.56421102862E+00 +7.46783917E-03
+50.77500E-06 -2.65689445320E+00 +8.03065323E-03
+50.79000E-06 -1.50875376067E+00 -8.29095464E-03
+50.80500E-06 +2.64481403339E+00 -7.16532650E-03
+50.82000E-06 +1.39536680928E+00 +7.46783917E-03
+50.83500E-06 -2.72443214092E+00 +7.46783917E-03
+50.85000E-06 -1.30614069751E+00 -8.29095464E-03
+50.86500E-06 +2.71235172100E+00 -6.60251244E-03
+50.88000E-06 +1.12521605844E+00 +9.15628136E-03
+50.89500E-06 -2.82573867239E+00 +6.90502510E-03
+50.91000E-06 -1.06975879049E+00 -9.41658276E-03
+50.92500E-06 +2.81365825250E+00 -5.47688431E-03
+50.94000E-06 +922.60299524E-03 +9.15628136E-03
+50.95500E-06 -2.89327636000E+00 +6.90502510E-03
+50.97000E-06 -867.14572733E-03 -9.41658276E-03
+50.98500E-06 +2.81365825243E+00 -5.47688431E-03
+51.00000E-06 +719.98993208E-03 +10.28190949E-03
+51.01500E-06 -2.92704520378E+00 +5.21658291E-03
+51.03000E-06 -698.30150799E-03 -10.54221089E-03
+51.04500E-06 +2.88119594011E+00 -4.35125618E-03
+51.06000E-06 +517.37686892E-03 +9.71909543E-03
+51.07500E-06 -2.96081404760E+00 +5.21658291E-03
+51.09000E-06 -461.91960097E-03 -11.10502496E-03
+51.10500E-06 +2.91496478386E+00 -4.91407024E-03
+51.12000E-06 +280.99496194E-03 +10.84472356E-03
+51.13500E-06 -2.92704520371E+00 +4.65376884E-03
+51.15000E-06 -191.76885017E-03 -11.66783902E-03
+51.16500E-06 +2.91496478383E+00 -3.78844212E-03
+51.18000E-06 +78.38189874E-03 +10.28190949E-03
+51.19500E-06 -2.96081404742E+00 +3.52814071E-03
+51.21000E-06 -22.92463083E-03 -11.66783902E-03
+51.22500E-06 +2.91496478371E+00 -2.09999992E-03
+51.24000E-06 -158.00000824E-03 +11.40753762E-03
+51.25500E-06 -2.92704520348E+00 +2.40251259E-03
+51.27000E-06 +179.68843233E-03 -11.10502495E-03
+51.28500E-06 +2.84742709599E+00 -2.09999992E-03
+51.30000E-06 -360.61307140E-03 +11.40753762E-03
+51.31500E-06 -2.89327635955E+00 +2.40251259E-03
+51.33000E-06 +416.07033928E-03 -11.66783902E-03
+51.34500E-06 +2.84742709584E+00 -1.53718586E-03
+51.36000E-06 -596.99497838E-03 +10.84472355E-03
+51.37500E-06 -2.82573867183E+00 +714.07039E-06
+51.39000E-06 +618.68340244E-03 -11.66783902E-03
+51.40500E-06 +2.77988940809E+00 -974.37179E-06
+51.42000E-06 -799.60804151E-03 +10.84472355E-03
+51.43500E-06 -2.79196982789E+00 +151.25633E-06
+51.45000E-06 +855.06530938E-03 -11.10502495E-03
+51.46500E-06 +2.71235172029E+00 -411.55773E-06
+51.48000E-06 -1.03598994845E+00 +10.84472355E-03
+51.49500E-06 -2.69066329624E+00 -974.37180E-06
+51.51000E-06 +1.05767837250E+00 -11.66783902E-03
+51.52500E-06 +2.61104518867E+00 +714.07040E-06
+51.54000E-06 -1.17106532389E+00 +10.28190949E-03
+51.55500E-06 -2.62312560844E+00 -974.37180E-06
+51.57000E-06 +1.22652259176E+00 -10.54221089E-03
+51.58500E-06 +2.47596981319E+00 +1.83969853E-03
+51.60000E-06 -1.37367838701E+00 +10.84472355E-03
+51.61500E-06 -2.48805023296E+00 -2.09999993E-03
+51.63000E-06 +1.39536681106E+00 -11.10502495E-03
+51.64500E-06 +2.40843212540E+00 +2.40251259E-03
+51.66000E-06 -1.50875376241E+00 +10.28190949E-03
+51.67500E-06 -2.35297485749E+00 -2.66281399E-03
+51.69000E-06 +1.53044218647E+00 -10.54221089E-03
+51.70500E-06 +2.23958790602E+00 +2.40251259E-03
+51.72000E-06 -1.74513566932E+00 +9.71909542E-03
+51.73500E-06 -2.25166832583E+00 -3.78844212E-03
+51.75000E-06 +1.73305524955E+00 -9.97939682E-03
+51.76500E-06 +2.13828137440E+00 +4.09095479E-03
+51.78000E-06 -1.84644220090E+00 +9.71909542E-03
+51.79500E-06 -2.08282410649E+00 -3.78844212E-03
+51.81000E-06 +1.86813062491E+00 -8.85376870E-03
+51.82500E-06 +1.93566831128E+00 +5.21658291E-03
+51.84000E-06 -2.01528642012E+00 +9.71909542E-03
+51.85500E-06 -1.94774873101E+00 -4.91407025E-03
+51.87000E-06 +2.00320600027E+00 -8.85376869E-03
+51.88500E-06 +1.80059293580E+00 +5.21658291E-03
+51.90000E-06 -2.11659295170E+00 +8.59346730E-03
+51.91500E-06 -1.77890451167E+00 -6.03969838E-03
+51.93000E-06 +2.10451253181E+00 -8.29095463E-03
+51.94500E-06 +1.63174871642E+00 +5.21658291E-03
+51.96000E-06 -2.21789948316E+00 +8.59346729E-03
+51.97500E-06 -1.61006029233E+00 -6.60251244E-03
+51.99000E-06 +2.20581906332E+00 -8.29095463E-03
+52.00500E-06 +1.46290449712E+00 +6.34221104E-03
+52.02000E-06 -2.31920601471E+00 +7.46783917E-03
+52.03500E-06 -1.40744722917E+00 -6.60251244E-03
+52.05000E-06 +2.30712559482E+00 -7.72814057E-03
+52.06500E-06 +1.29406027775E+00 +6.90502511E-03
+52.08000E-06 -2.42051254613E+00 +7.46783917E-03
+52.09500E-06 -1.20483416605E+00 -8.29095463E-03
+52.11000E-06 +2.40843212632E+00 -6.60251244E-03
+52.12500E-06 +1.09144721458E+00 +7.46783917E-03
+52.14000E-06 -2.45428138995E+00 +6.34221104E-03
+52.15500E-06 -1.06975879053E+00 -8.29095463E-03
+52.17000E-06 +2.44220097010E+00 -5.47688431E-03
+52.18500E-06 +888.83415142E-03 +8.03065324E-03
+52.20000E-06 -2.55558792141E+00 +5.77939697E-03
+52.21500E-06 -867.14572741E-03 -8.85376870E-03
+52.23000E-06 +2.47596981388E+00 -5.47688431E-03
+52.24500E-06 +719.98993212E-03 +8.59346730E-03
+52.26000E-06 -2.55558792141E+00 +5.77939697E-03
+52.27500E-06 -664.53266421E-03 -8.85376870E-03
+52.29000E-06 +2.47596981388E+00 -5.47688431E-03
+52.30500E-06 +517.37686892E-03 +8.59346730E-03
+52.32000E-06 -2.55558792133E+00 +5.21658291E-03
+52.33500E-06 -461.91960109E-03 -9.41658276E-03
+52.35000E-06 +2.50973865762E+00 -4.91407024E-03
+52.36500E-06 +348.53264966E-03 +9.15628136E-03
+52.38000E-06 -2.55558792129E+00 +4.09095478E-03
+52.39500E-06 -293.07538175E-03 -9.97939683E-03
+52.41000E-06 +2.50973865758E+00 -3.78844211E-03
+52.42500E-06 +112.15074269E-03 +9.15628136E-03
+52.44000E-06 -2.58935676499E+00 +3.52814071E-03
+52.45500E-06 -90.46231863E-03 -9.41658276E-03
+52.47000E-06 +2.50973865750E+00 -2.66281399E-03
+52.48500E-06 -56.69347661E-03 +9.71909543E-03
+52.50000E-06 -2.52181907731E+00 +2.40251259E-03
+52.51500E-06 +112.15074448E-03 -9.97939682E-03
+52.53000E-06 +2.47596981360E+00 -2.09999992E-03
+52.54500E-06 -225.53769595E-03 +10.28190949E-03
+52.56000E-06 -2.52181907719E+00 +1.83969852E-03
+52.57500E-06 +247.22611997E-03 -10.54221089E-03
+52.59000E-06 +2.44220096962E+00 -1.53718586E-03
+52.60500E-06 -428.15075903E-03 +9.71909543E-03
+52.62000E-06 -2.45428138939E+00 +714.07039E-06
+52.63500E-06 +483.60802695E-03 -9.41658276E-03
+52.65000E-06 +2.37466328186E+00 -974.37179E-06
+52.66500E-06 -563.22613451E-03 +9.71909543E-03
+52.68000E-06 -2.45428138931E+00 +714.07039E-06
+52.69500E-06 +618.68340235E-03 -9.97939683E-03
+52.71000E-06 +2.27335675024E+00 -411.55773E-06
+52.72500E-06 -765.83919755E-03 +9.71909542E-03
+52.74000E-06 -2.31920601383E+00 -411.55774E-06
+52.75500E-06 +787.52762161E-03 -9.97939682E-03
+52.77000E-06 +2.20581906248E+00 +151.25633E-06
+52.78500E-06 -934.68341681E-03 +9.15628136E-03
+52.80000E-06 -2.25166832607E+00 -974.37180E-06
+52.81500E-06 +956.37184086E-03 -9.97939682E-03
+52.83000E-06 +2.13828137472E+00 +1.27688446E-03
+52.84500E-06 -1.06975879221E+00 +9.15628136E-03
+52.86000E-06 -2.15036179445E+00 -1.53718586E-03
+52.87500E-06 +1.09144721626E+00 -8.85376870E-03
+52.89000E-06 +2.03697484306E+00 +1.83969853E-03
+52.90500E-06 -1.23860301151E+00 +9.15628136E-03
+52.92000E-06 -2.08282410664E+00 -2.09999993E-03
+52.93500E-06 +1.26029143548E+00 -9.41658276E-03
+52.95000E-06 +1.90189946758E+00 +1.83969853E-03
+52.96500E-06 -1.37367838683E+00 +9.15628136E-03
+52.98000E-06 -1.91397988730E+00 -3.22562806E-03
+52.99500E-06 +1.36159796706E+00 -8.29095463E-03
+53.01000E-06 +1.80059293596E+00 +2.96532666E-03
+53.02500E-06 -1.50875376223E+00 +8.03065323E-03
+53.04000E-06 -1.84644219950E+00 -3.78844212E-03
+53.05500E-06 +1.49667334238E+00 -8.29095463E-03
+53.07000E-06 +1.66551756048E+00 +3.52814072E-03
+53.08500E-06 -1.61006029372E+00 +8.03065323E-03
+53.10000E-06 -1.64382913642E+00 -4.35125619E-03
+53.11500E-06 +1.56421103010E+00 -7.72814057E-03
+53.13000E-06 +1.53044218499E+00 +3.52814072E-03
+53.14500E-06 -1.71136682526E+00 +8.03065323E-03
+53.16000E-06 -1.54252260476E+00 -4.91407025E-03
+53.17500E-06 +1.69928640541E+00 -7.16532650E-03
+53.19000E-06 +1.39536680955E+00 +4.09095479E-03
+53.20500E-06 -1.77890451294E+00 +7.46783917E-03
+53.22000E-06 -1.37367838546E+00 -6.03969838E-03
+53.23500E-06 +1.76682409309E+00 -7.16532650E-03
+53.25000E-06 +1.22652259021E+00 +5.21658291E-03
+53.26500E-06 -1.88021104444E+00 +6.90502510E-03
+53.28000E-06 -1.23860301002E+00 -5.47688431E-03
+53.29500E-06 +1.86813062459E+00 -6.60251244E-03
+53.31000E-06 +1.05767837096E+00 +5.21658291E-03
+53.32500E-06 -1.91397988826E+00 +6.90502510E-03
+53.34000E-06 -1.06975879068E+00 -6.60251244E-03
+53.35500E-06 +1.90189946841E+00 -6.60251244E-03
+53.37000E-06 +956.37183925E-03 +5.77939698E-03
+53.38500E-06 -1.98151757589E+00 +5.77939697E-03
+53.40000E-06 -934.68341520E-03 -6.60251244E-03
+53.41500E-06 +1.93566831222E+00 -6.03969837E-03
+53.43000E-06 +787.52761999E-03 +6.34221104E-03
+53.44500E-06 -2.01528641971E+00 +5.21658291E-03
+53.46000E-06 -732.07035208E-03 -8.29095463E-03
+53.47500E-06 +1.96943715600E+00 -5.47688431E-03
+53.49000E-06 +652.45224451E-03 +6.34221104E-03
+53.50500E-06 -2.04905526353E+00 +4.09095478E-03
+53.52000E-06 -596.99497664E-03 -7.72814057E-03
+53.53500E-06 +1.96943715596E+00 -4.91407024E-03
+53.55000E-06 +483.60802525E-03 +6.90502511E-03
+53.56500E-06 -2.04905526344E+00 +4.09095478E-03
+53.58000E-06 -428.15075738E-03 -7.72814057E-03
+53.59500E-06 +2.00320599973E+00 -4.35125618E-03
+53.61000E-06 +314.76380595E-03 +6.34221104E-03
+53.62500E-06 -2.04905526340E+00 +3.52814072E-03
+53.64000E-06 -326.84422576E-03 -7.72814057E-03
+53.65500E-06 +1.96943715583E+00 -3.78844211E-03
+53.67000E-06 +179.68843051E-03 +6.90502511E-03
+53.68500E-06 -2.04905526327E+00 +3.52814071E-03
+53.70000E-06 -124.23116264E-03 -8.29095463E-03
+53.71500E-06 +1.96943715579E+00 -2.66281399E-03
+53.73000E-06 +10.84421126E-03 +8.03065323E-03
+53.74500E-06 -2.01528641941E+00 +2.40251259E-03
+53.76000E-06 +10.84421280E-03 -8.29095463E-03
+53.77500E-06 +1.93566831188E+00 -2.66281399E-03
+53.79000E-06 -124.23116419E-03 +7.46783917E-03
+53.80500E-06 -1.98151757551E+00 +1.27688446E-03
+53.82000E-06 +145.91958824E-03 -8.85376870E-03
+53.83500E-06 +1.90189946798E+00 -2.09999992E-03
+53.85000E-06 -259.30653967E-03 +7.46783917E-03
+53.86500E-06 -1.94774873156E+00 +1.27688446E-03
+53.88000E-06 +280.99496363E-03 -8.29095463E-03
+53.89500E-06 +1.86813062399E+00 -1.53718586E-03
+53.91000E-06 -428.15075884E-03 +6.90502510E-03
+53.92500E-06 -1.88021104380E+00 +714.07039E-06
+53.94000E-06 +416.07033903E-03 -8.85376870E-03
+53.95500E-06 +1.80059293627E+00 -1.53718586E-03
+53.97000E-06 -529.45729046E-03 +8.03065323E-03
+53.98500E-06 -1.81267335604E+00 +151.25633E-06
+54.00000E-06 +551.14571443E-03 -8.29095463E-03
+54.01500E-06 +1.73305524851E+00 -411.55773E-06
+54.03000E-06 -664.53266582E-03 +7.46783917E-03
+54.04500E-06 -1.74513566827E+00 -411.55774E-06
+54.06000E-06 +686.22108987E-03 -8.85376869E-03
+54.07500E-06 +1.63174871689E+00 -411.55773E-06
+54.09000E-06 -765.83919740E-03 +6.90502510E-03
+54.10500E-06 -1.67759798055E+00 -1.53718586E-03
+54.12000E-06 +787.52762140E-03 -7.16532650E-03
+54.13500E-06 +1.56421102912E+00 +1.27688446E-03
+54.15000E-06 -900.91457275E-03 +6.34221104E-03
+54.16500E-06 -1.57629144889E+00 -1.53718586E-03
+54.18000E-06 +922.60299676E-03 -7.72814057E-03
+54.19500E-06 +1.46290449754E+00 +1.83969853E-03
+54.21000E-06 -1.00222110428E+00 +6.90502510E-03
+54.22500E-06 -1.47498491731E+00 -2.09999993E-03
+54.24000E-06 +990.14068443E-03 -7.16532650E-03
+54.25500E-06 +1.39536680978E+00 +2.40251259E-03
+54.27000E-06 -1.06975879200E+00 +6.90502510E-03
+54.28500E-06 -1.37367838568E+00 -2.66281399E-03
+54.30000E-06 +1.09144721597E+00 -7.16532650E-03
+54.31500E-06 +1.29406027815E+00 +2.40251259E-03
+54.33000E-06 -1.13729647968E+00 +5.77939697E-03
+54.34500E-06 -1.27237185410E+00 -3.78844212E-03
+54.36000E-06 +1.15898490364E+00 -6.60251244E-03
+54.37500E-06 +1.15898490272E+00 +2.40251259E-03
+54.39000E-06 -1.20483416736E+00 +6.34221104E-03
+54.40500E-06 -1.13729647866E+00 -3.78844212E-03
+54.42000E-06 +1.22652259132E+00 -6.60251244E-03
+54.43500E-06 +1.05767837109E+00 +2.96532666E-03
+54.45000E-06 -1.33990954266E+00 +5.21658291E-03
+54.46500E-06 -1.06975879090E+00 -4.35125618E-03
+54.48000E-06 +1.26029143514E+00 -6.03969837E-03
+54.49500E-06 +956.37183951E-03 +3.52814072E-03
+54.51000E-06 -1.37367838652E+00 +5.77939697E-03
+54.52500E-06 -968.45225923E-03 -3.78844212E-03
+54.54000E-06 +1.32782912281E+00 -6.03969837E-03
+54.55500E-06 +855.06530784E-03 +3.52814072E-03
+54.57000E-06 -1.37367838652E+00 +5.21658291E-03
+54.58500E-06 -833.37688388E-03 -4.35125618E-03
+54.60000E-06 +1.36159796663E+00 -4.91407024E-03
+54.61500E-06 +719.98993245E-03 +3.52814072E-03
+54.63000E-06 -1.44121607411E+00 +4.09095478E-03
+54.64500E-06 -698.30150839E-03 -6.03969838E-03
+54.66000E-06 +1.39536681040E+00 -5.47688431E-03
+54.67500E-06 +618.68340082E-03 +4.09095478E-03
+54.69000E-06 -1.40744723030E+00 +3.52814072E-03
+54.70500E-06 -596.99497681E-03 -5.47688431E-03
+54.72000E-06 +1.39536681040E+00 -3.78844212E-03
+54.73500E-06 +483.60802547E-03 +4.09095478E-03
+54.75000E-06 -1.47498491792E+00 +3.52814072E-03
+54.76500E-06 -495.68844523E-03 -5.47688431E-03
+54.78000E-06 +1.42913565421E+00 -4.91407024E-03
+54.79500E-06 +348.53264999E-03 +4.65376885E-03
+54.81000E-06 -1.47498491783E+00 +2.96532665E-03
+54.82500E-06 -360.61306989E-03 -5.47688431E-03
+54.84000E-06 +1.39536681035E+00 -3.78844212E-03
+54.85500E-06 +280.99496227E-03 +4.65376885E-03
+54.87000E-06 -1.47498491779E+00 +2.96532665E-03
+54.88500E-06 -259.30653826E-03 -5.47688431E-03
+54.90000E-06 +1.39536681022E+00 -3.78844212E-03
+54.91500E-06 +145.91958687E-03 +5.21658291E-03
+54.93000E-06 -1.44121607393E+00 +2.96532665E-03
+54.94500E-06 -158.00000664E-03 -5.47688431E-03
+54.96000E-06 +1.39536681022E+00 -2.66281399E-03
+54.97500E-06 +44.61305529E-03 +5.21658291E-03
+54.99000E-06 -1.44121607388E+00 +1.83969852E-03
+55.00500E-06 -22.92463129E-03 -6.03969838E-03
+55.02000E-06 +1.39536681013E+00 -3.22562805E-03
+55.03500E-06 -56.69347629E-03 +4.65376885E-03
+55.05000E-06 -1.44121607379E+00 +1.83969852E-03
+55.06500E-06 +10.84421267E-03 -6.03969837E-03
+55.08000E-06 +1.32782912245E+00 -2.09999992E-03
+55.09500E-06 -158.00000787E-03 +5.21658291E-03
+55.11000E-06 -1.37367838603E+00 +1.27688446E-03
+55.12500E-06 +179.68843183E-03 -6.03969838E-03
+55.14000E-06 +1.32782912231E+00 -2.09999992E-03
+55.15500E-06 -259.30653936E-03 +4.65376885E-03
+55.17000E-06 -1.33990954212E+00 +1.27688446E-03
+55.18500E-06 +247.22611955E-03 -6.03969837E-03
+55.20000E-06 +1.26029143464E+00 -1.53718586E-03
+55.21500E-06 -360.61307094E-03 +4.65376885E-03
+55.23000E-06 -1.30614069826E+00 +151.25633E-06
+55.24500E-06 +348.53265113E-03 -4.91407025E-03
+55.26000E-06 +1.22652259069E+00 -974.37179E-06
+55.27500E-06 -428.15075861E-03 +5.21658291E-03
+55.29000E-06 -1.27237185431E+00 +151.25633E-06
+55.30500E-06 +416.07033880E-03 -6.03969837E-03
+55.32000E-06 +1.15898490297E+00 +151.25633E-06
+55.33500E-06 -495.68844633E-03 +5.21658291E-03
+55.35000E-06 -1.17106532278E+00 -411.55774E-06
+55.36500E-06 +517.37687033E-03 -6.03969838E-03
+55.38000E-06 +1.09144721520E+00 -411.55773E-06
+55.39500E-06 -596.99497786E-03 +5.21658291E-03
+55.41000E-06 -1.13729647887E+00 -411.55773E-06
+55.42500E-06 +584.91455801E-03 -5.47688431E-03
+55.44000E-06 +1.02390952748E+00 +151.25633E-06
+55.45500E-06 -664.53266558E-03 +4.09095478E-03
+55.47000E-06 -1.03598994729E+00 -1.53718586E-03
+55.48500E-06 +652.45224573E-03 -4.91407025E-03
+55.50000E-06 +956.37183972E-03 +714.07040E-06
+55.51500E-06 -732.07035326E-03 +4.65376885E-03
+55.53000E-06 -968.45225952E-03 -1.53718586E-03
+55.54500E-06 +686.22108954E-03 -4.91407025E-03
+55.56000E-06 +888.83415200E-03 +714.07040E-06
+55.57500E-06 -765.83919712E-03 +4.09095478E-03
+55.59000E-06 -900.91457176E-03 -1.53718586E-03
+55.60500E-06 +753.75877726E-03 -4.35125618E-03
+55.62000E-06 +787.52762042E-03 +1.27688446E-03
+55.63500E-06 -833.37688474E-03 +4.09095478E-03
+55.65000E-06 -833.37688404E-03 -2.09999993E-03
+55.66500E-06 +787.52762103E-03 -4.91407025E-03
+55.68000E-06 +686.22108884E-03 +1.27688446E-03
+55.69500E-06 -867.14572860E-03 +4.09095478E-03
+55.71000E-06 -765.83919632E-03 -2.09999993E-03
+55.72500E-06 +821.29646489E-03 -4.91407025E-03
+55.74000E-06 +652.45224493E-03 +1.27688446E-03
+55.75500E-06 -900.91457237E-03 +3.52814072E-03
+55.77000E-06 -630.76382092E-03 -3.22562805E-03
+55.78500E-06 +888.83415247E-03 -4.91407025E-03
+55.80000E-06 +551.14571340E-03 +1.83969853E-03
+55.81500E-06 -934.68341618E-03 +2.40251259E-03
+55.83000E-06 -596.99497702E-03 -3.22562806E-03
+55.84500E-06 +888.83415256E-03 -3.78844212E-03
+55.86000E-06 +483.60802563E-03 +1.83969853E-03
+55.87500E-06 -934.68341623E-03 +2.96532665E-03
+55.89000E-06 -495.68844548E-03 -2.66281399E-03
+55.90500E-06 +888.83415247E-03 -3.22562805E-03
+55.92000E-06 +416.07033791E-03 +2.40251259E-03
+55.93500E-06 -968.45225999E-03 +3.52814072E-03
+55.95000E-06 -428.15075767E-03 -3.22562806E-03
+55.96500E-06 +922.60299633E-03 -3.78844212E-03
+55.98000E-06 +382.30149400E-03 +2.40251259E-03
+55.99500E-06 -968.45225999E-03 +2.40251259E-03
+56.01000E-06 -360.61307005E-03 -3.22562806E-03
+56.02500E-06 +922.60299628E-03 -3.22562805E-03
+56.04000E-06 +280.99496247E-03 +2.40251259E-03
+56.05500E-06 -968.45225995E-03 +1.83969852E-03
+56.07000E-06 -293.07538228E-03 -4.35125618E-03
+56.08500E-06 +922.60299628E-03 -3.22562805E-03
+56.10000E-06 +179.68843094E-03 +1.83969853E-03
+56.11500E-06 -934.68341609E-03 +1.83969852E-03
+56.13000E-06 -225.53769456E-03 -4.35125618E-03
+56.14500E-06 +922.60299618E-03 -2.66281399E-03
+56.16000E-06 +112.15074317E-03 +2.96532665E-03
+56.17500E-06 -934.68341609E-03 +1.83969852E-03
+56.19000E-06 -124.23116303E-03 -3.78844212E-03
+56.20500E-06 +888.83415237E-03 -2.09999992E-03
+56.22000E-06 +44.61305550E-03 +2.40251259E-03
+56.23500E-06 -934.68341599E-03 +1.83969852E-03
+56.25000E-06 -56.69347531E-03 -3.78844212E-03
+56.26500E-06 +888.83415227E-03 -2.66281399E-03
+56.28000E-06 -56.69347598E-03 +2.96532665E-03
+56.29500E-06 -900.91457218E-03 +1.27688446E-03
+56.31000E-06 -22.92463140E-03 -4.91407025E-03
+56.32500E-06 +888.83415227E-03 -1.53718586E-03
+56.34000E-06 -56.69347613E-03 +2.40251259E-03
+56.35500E-06 -900.91457208E-03 +151.25633E-06
+56.37000E-06 +78.38190013E-03 -3.78844212E-03
+56.38500E-06 +821.29646451E-03 -1.53718586E-03
+56.40000E-06 -158.00000761E-03 +2.96532665E-03
+56.41500E-06 -867.14572822E-03 +714.07039E-06
+56.43000E-06 +112.15074399E-03 -4.35125618E-03
+56.44500E-06 +787.52762069E-03 -1.53718586E-03
+56.46000E-06 -191.76885147E-03 +1.83969853E-03
+56.47500E-06 -833.37688431E-03 -411.55773E-06
+56.49000E-06 +179.68843166E-03 -4.35125618E-03
+56.50500E-06 +753.75877679E-03 -974.37179E-06
+56.52000E-06 -293.07538300E-03 +3.52814072E-03
+56.53500E-06 -765.83919659E-03 +151.25633E-06
+56.55000E-06 +247.22611939E-03 -4.35125618E-03
+56.56500E-06 +753.75877669E-03 -1.53718586E-03
+56.58000E-06 -293.07538310E-03 +2.40251259E-03
+56.59500E-06 -765.83919655E-03 -411.55773E-06
+56.61000E-06 +280.99496320E-03 -4.35125618E-03
+56.62500E-06 +686.22108902E-03 -411.55773E-06
+56.64000E-06 -360.61307067E-03 +3.52814072E-03
+56.65500E-06 -698.30150883E-03 -974.37180E-06
+56.67000E-06 +314.76380706E-03 -3.78844212E-03
+56.68500E-06 +652.45224516E-03 -411.55773E-06
+56.70000E-06 -394.38191458E-03 +2.40251259E-03
+56.71500E-06 -698.30150878E-03 -1.53718586E-03
+56.73000E-06 +382.30149473E-03 -3.22562805E-03
+56.74500E-06 +584.91455744E-03 -411.55773E-06
+56.76000E-06 -428.15075840E-03 +2.40251259E-03
+56.77500E-06 -630.76382106E-03 -411.55773E-06
+56.79000E-06 +382.30149478E-03 -3.78844212E-03
+56.80500E-06 +551.14571353E-03 +714.07040E-06
+56.82000E-06 -461.91960221E-03 +1.83969853E-03
+56.83500E-06 -596.99497715E-03 -1.53718586E-03
+56.85000E-06 +449.83918240E-03 -3.22562805E-03
+56.86500E-06 +517.37686967E-03 +714.07040E-06
+56.88000E-06 -495.68844607E-03 +2.40251259E-03
+56.89500E-06 -529.45728948E-03 -1.53718586E-03
+56.91000E-06 +449.83918235E-03 -3.78844212E-03
+56.92500E-06 +483.60802576E-03 +714.07040E-06
+56.94000E-06 -495.68844607E-03 +1.83969853E-03
+56.95500E-06 -495.68844557E-03 -1.53718586E-03
+56.97000E-06 +483.60802621E-03 -3.22562805E-03
+56.98500E-06 +416.07033804E-03 +714.07040E-06
+57.00000E-06 -529.45728993E-03 +1.83969852E-03
+57.01500E-06 -461.91960166E-03 -2.09999993E-03
+57.03000E-06 +517.37687007E-03 -3.22562805E-03
+57.04500E-06 +382.30149418E-03 +714.07040E-06
+57.06000E-06 -529.45728988E-03 +1.27688446E-03
+57.07500E-06 -394.38191404E-03 -2.09999993E-03
+57.09000E-06 +483.60802626E-03 -2.66281399E-03
+57.10500E-06 +314.76380651E-03 +151.25633E-06
+57.12000E-06 -596.99497749E-03 +1.83969852E-03
+57.13500E-06 -326.84422632E-03 -2.09999993E-03
+57.15000E-06 +517.37687002E-03 -2.66281399E-03
+57.16500E-06 +247.22611879E-03 +1.27688446E-03
+57.18000E-06 -596.99497749E-03 +1.83969853E-03
+57.19500E-06 -293.07538241E-03 -1.53718586E-03
+57.21000E-06 +551.14571383E-03 -2.66281399E-03
+57.22500E-06 +213.45727488E-03 +1.27688446E-03
+57.24000E-06 -596.99497750E-03 +1.83969852E-03
+57.25500E-06 -225.53769474E-03 -2.09999993E-03
+57.27000E-06 +517.37687002E-03 -2.09999992E-03
+57.28500E-06 +179.68843102E-03 +1.27688446E-03
+57.30000E-06 -563.22613364E-03 +714.07040E-06
+57.31500E-06 -191.76885088E-03 -2.09999993E-03
+57.33000E-06 +551.14571383E-03 -2.09999993E-03
+57.34500E-06 +112.15074335E-03 +1.83969853E-03
+57.36000E-06 -596.99497744E-03 +1.27688446E-03
+57.37500E-06 -191.76885083E-03 -2.09999993E-03
+57.39000E-06 +517.37686997E-03 -2.09999992E-03
+57.40500E-06 +112.15074330E-03 +1.27688446E-03
+57.42000E-06 -563.22613358E-03 +714.07040E-06
+57.43500E-06 -90.46231935E-03 -2.66281399E-03
+57.45000E-06 +517.37686992E-03 -2.09999992E-03
+57.46500E-06 +44.61305563E-03 +1.27688446E-03
+57.48000E-06 -596.99497734E-03 +151.25633E-06
+57.49500E-06 -56.69347544E-03 -3.22562805E-03
+57.51000E-06 +517.37686992E-03 -411.55773E-06
+57.52500E-06 -22.92463204E-03 +1.83969852E-03
+57.54000E-06 -529.45728978E-03 -411.55773E-06
+57.55500E-06 -56.69347544E-03 -2.66281399E-03
+57.57000E-06 +483.60802601E-03 -1.53718586E-03
+57.58500E-06 -56.69347590E-03 +1.27688446E-03
+57.60000E-06 -529.45728967E-03 +151.25633E-06
+57.61500E-06 +10.84421223E-03 -3.22562805E-03
+57.63000E-06 +449.83918215E-03 -974.37180E-06
+57.64500E-06 -90.46231976E-03 +714.07040E-06
+57.66000E-06 -529.45728967E-03 -974.37180E-06
+57.67500E-06 +44.61305609E-03 -3.22562805E-03
+57.69000E-06 +449.83918215E-03 -1.53718586E-03
+57.70500E-06 -124.23116367E-03 +714.07040E-06
+57.72000E-06 -495.68844581E-03 +151.25633E-06
+57.73500E-06 +44.61305609E-03 -2.09999993E-03
+57.75000E-06 +416.07033829E-03 -411.55773E-06
+57.76500E-06 -124.23116367E-03 +1.83969853E-03
+57.78000E-06 -461.91960195E-03 -974.37180E-06
+57.79500E-06 +112.15074381E-03 -2.66281399E-03
+57.81000E-06 +382.30149443E-03 -974.37179E-06
+57.82500E-06 -191.76885129E-03 +714.07040E-06
+57.84000E-06 -461.91960190E-03 -411.55773E-06
+57.85500E-06 +112.15074381E-03 -2.66281399E-03
+57.87000E-06 +382.30149443E-03 -411.55773E-06
+57.88500E-06 -225.53769509E-03 +1.83969852E-03
+57.90000E-06 -428.15075799E-03 -974.37180E-06
+57.91500E-06 +145.91958767E-03 -2.66281399E-03
+57.93000E-06 +348.53265057E-03 +151.25633E-06
+57.94500E-06 -191.76885134E-03 +714.07040E-06
+57.96000E-06 -394.38191418E-03 -974.37180E-06
+57.97500E-06 +179.68843148E-03 -2.66281399E-03
+57.99000E-06 +314.76380666E-03 -411.55773E-06
+58.00500E-06 -225.53769510E-03 +714.07040E-06
+58.02000E-06 -360.61307032E-03 -1.53718586E-03
+58.03500E-06 +179.68843153E-03 -2.66281399E-03
+58.05000E-06 +314.76380660E-03 -411.55773E-06
+58.06500E-06 -259.30653901E-03 +1.27688446E-03
+58.08000E-06 -360.61307027E-03 -974.37180E-06
+58.09500E-06 +247.22611915E-03 -2.09999993E-03
+58.11000E-06 +280.99496274E-03 +151.25633E-06
+58.12500E-06 -259.30653896E-03 +1.27688446E-03
+58.14000E-06 -326.84422641E-03 -1.53718586E-03
+58.15500E-06 +213.45727529E-03 -2.09999993E-03
+58.17000E-06 +247.22611888E-03 -411.55773E-06
+58.18500E-06 -293.07538282E-03 +714.07040E-06
+58.20000E-06 -293.07538255E-03 -974.37180E-06
+58.21500E-06 +247.22611915E-03 -2.66281399E-03
+58.23000E-06 +213.45727502E-03 -411.55773E-06
+58.24500E-06 -293.07538282E-03 +714.07040E-06
+58.26000E-06 -259.30653869E-03 -2.09999992E-03
+58.27500E-06 +247.22611915E-03 -1.53718586E-03
+58.29000E-06 +179.68843116E-03 +714.07040E-06
+58.30500E-06 -326.84422662E-03 +714.07040E-06
+58.32000E-06 -225.53769488E-03 -974.37180E-06
+58.33500E-06 +247.22611915E-03 -2.09999992E-03
+58.35000E-06 +179.68843116E-03 +151.25633E-06
+58.36500E-06 -293.07538282E-03 +714.07040E-06
+58.38000E-06 -191.76885097E-03 -2.09999992E-03
+58.39500E-06 +280.99496301E-03 -2.09999992E-03
+58.41000E-06 +179.68843106E-03 +151.25633E-06
+58.42500E-06 -293.07538282E-03 +714.07040E-06
+58.44000E-06 -191.76885097E-03 -1.53718586E-03
+58.45500E-06 +280.99496290E-03 -1.53718586E-03
+58.47000E-06 +112.15074344E-03 +151.25633E-06
+58.48500E-06 -326.84422652E-03 +151.25633E-06
+58.50000E-06 -158.00000711E-03 -2.09999993E-03
+58.51500E-06 +280.99496290E-03 -974.37180E-06
+58.53000E-06 +78.38189964E-03 +1.27688446E-03
+58.54500E-06 -326.84422662E-03 +714.07040E-06
+58.56000E-06 -158.00000706E-03 -974.37180E-06
+58.57500E-06 +280.99496290E-03 -1.53718586E-03
+58.59000E-06 +44.61305572E-03 +714.07040E-06
+58.60500E-06 -326.84422657E-03 +714.07040E-06
+58.62000E-06 -90.46231939E-03 -2.09999993E-03
+58.63500E-06 +280.99496290E-03 -2.09999992E-03
+58.65000E-06 +44.61305572E-03 +151.25633E-06
+58.66500E-06 -326.84422662E-03 +714.07040E-06
+58.68000E-06 -124.23116320E-03 -2.09999992E-03
+58.69500E-06 +280.99496285E-03 -1.53718586E-03
+58.71000E-06 +10.84421192E-03 +714.07040E-06
+58.72500E-06 -293.07538276E-03 +151.25633E-06
+58.74000E-06 -90.46231934E-03 -2.09999992E-03
+58.75500E-06 +247.22611904E-03 -1.53718586E-03
+58.77000E-06 -22.92463194E-03 +714.07040E-06
+58.78500E-06 -293.07538271E-03 +151.25633E-06
+58.80000E-06 -56.69347553E-03 -1.53718586E-03
+58.81500E-06 +213.45727518E-03 -1.53718586E-03
+58.83000E-06 -22.92463200E-03 +151.25633E-06
+58.84500E-06 -293.07538266E-03 +151.25633E-06
+58.86000E-06 +10.84421213E-03 -2.09999992E-03
+58.87500E-06 +213.45727518E-03 -974.37180E-06
+58.89000E-06 -56.69347580E-03 +151.25633E-06
+58.90500E-06 -293.07538271E-03 -411.55773E-06
+58.92000E-06 -22.92463167E-03 -1.53718586E-03
+58.93500E-06 +213.45727518E-03 -411.55773E-06
+58.95000E-06 -56.69347586E-03 +151.25633E-06
+58.96500E-06 -259.30653880E-03 +151.25633E-06
+58.98000E-06 +10.84421219E-03 -2.09999992E-03
+58.99500E-06 +213.45727513E-03 -974.37180E-06
+59.01000E-06 -56.69347586E-03 +151.25633E-06
+59.02500E-06 -225.53769499E-03 -411.55773E-06
+59.04000E-06 +44.61305599E-03 -1.53718586E-03
+59.05500E-06 +213.45727513E-03 -411.55773E-06
+59.07000E-06 -90.46231966E-03 +151.25633E-06
+59.08500E-06 -259.30653874E-03 -411.55773E-06
+59.10000E-06 +78.38189980E-03 -1.53718586E-03
+59.11500E-06 +179.68843132E-03 -411.55773E-06
+59.13000E-06 -124.23116347E-03 +151.25633E-06
+59.14500E-06 -225.53769499E-03 -411.55773E-06
+59.16000E-06 +44.61305599E-03 -1.53718586E-03
+59.17500E-06 +145.91958741E-03 +151.25633E-06
+59.19000E-06 -90.46231966E-03 +151.25633E-06
+59.20500E-06 -225.53769488E-03 -411.55773E-06
+59.22000E-06 +44.61305599E-03 -1.53718586E-03
+59.23500E-06 +179.68843121E-03 -411.55773E-06
+59.25000E-06 -124.23116352E-03 +151.25633E-06
+59.26500E-06 -225.53769499E-03 -411.55773E-06
+59.28000E-06 +78.38189980E-03 -1.53718586E-03
+59.29500E-06 +145.91958735E-03 -974.37179E-06
+59.31000E-06 -124.23116352E-03 +151.25633E-06
+59.32500E-06 -191.76885108E-03 -974.37180E-06
+59.34000E-06 +112.15074366E-03 -1.53718586E-03
+59.35500E-06 +145.91958735E-03 -411.55773E-06
+59.37000E-06 -158.00000727E-03 +151.25633E-06
+59.38500E-06 -158.00000722E-03 -974.37180E-06
+59.40000E-06 +78.38189980E-03 -974.37180E-06
+59.41500E-06 +112.15074355E-03 +151.25633E-06
+59.43000E-06 -191.76885119E-03 +1.27688446E-03
+59.44500E-06 -158.00000722E-03 -411.55773E-06
+59.46000E-06 +78.38189986E-03 -1.53718586E-03
+59.47500E-06 +112.15074349E-03 +151.25633E-06
+59.49000E-06 -191.76885113E-03 +714.07040E-06
+59.50500E-06 -158.00000710E-03 -974.37180E-06
+59.52000E-06 +78.38189986E-03 -974.37180E-06
+59.53500E-06 +78.38189969E-03 -411.55773E-06
+59.55000E-06 -158.00000733E-03 +151.25633E-06
+59.56500E-06 -124.23116341E-03 -411.55773E-06
+59.58000E-06 +145.91958746E-03 -1.53718586E-03
+59.59500E-06 +44.61305588E-03 +151.25633E-06
+59.61000E-06 -158.00000733E-03 +151.25633E-06
+59.62500E-06 -124.23116341E-03 -1.53718586E-03
+59.64000E-06 +112.15074366E-03 -974.37180E-06
+59.65500E-06 +78.38189963E-03 +151.25633E-06
+59.67000E-06 -158.00000727E-03 +151.25633E-06
+59.68500E-06 -90.46231944E-03 -1.53718586E-03
+59.70000E-06 +145.91958746E-03 -2.09999992E-03
+59.71500E-06 +44.61305583E-03 +151.25633E-06
+59.73000E-06 -158.00000727E-03 +151.25633E-06
+59.74500E-06 -90.46231950E-03 -1.53718586E-03
+59.76000E-06 +112.15074360E-03 -1.53718586E-03
+59.77500E-06 +44.61305583E-03 -411.55773E-06
+59.79000E-06 -158.00000727E-03 +151.25633E-06
+59.80500E-06 -56.69347564E-03 -974.37180E-06
+59.82000E-06 +145.91958746E-03 -1.53718586E-03
+59.83500E-06 -22.92463183E-03 +151.25633E-06
+59.85000E-06 -158.00000727E-03 -411.55773E-06
+59.86500E-06 -90.46231944E-03 -1.53718586E-03
+59.88000E-06 +112.15074360E-03 -1.53718586E-03
+59.89500E-06 -22.92463183E-03 +151.25633E-06
+59.91000E-06 -191.76885113E-03 -411.55773E-06
+59.92500E-06 -56.69347558E-03 -974.37180E-06
+59.94000E-06 +112.15074360E-03 -974.37180E-06
+59.95500E-06 -22.92463189E-03 -411.55773E-06
+59.97000E-06 -158.00000722E-03 +151.25633E-06
+59.98500E-06 -56.69347564E-03 -974.37180E-06
+60.00000E-06 +112.15074355E-03 -974.37180E-06
+60.01500E-06 -22.92463189E-03 +151.25633E-06
+60.03000E-06 -124.23116347E-03 -411.55773E-06
+60.04500E-06 -22.92463178E-03 -411.55773E-06
+60.06000E-06 +112.15074355E-03 -1.53718586E-03
+60.07500E-06 -22.92463189E-03 -411.55773E-06
+60.09000E-06 -158.00000721E-03 +151.25633E-06
+60.10500E-06 -56.69347564E-03 -974.37180E-06
+60.12000E-06 +78.38189974E-03 -411.55773E-06
+60.13500E-06 -22.92463189E-03 -411.55773E-06
+60.15000E-06 -124.23116341E-03 +151.25633E-06
+60.16500E-06 -22.92463172E-03 -1.53718586E-03
+60.18000E-06 +78.38189974E-03 -974.37180E-06
+60.19500E-06 -56.69347569E-03 +151.25633E-06
+60.21000E-06 -158.00000721E-03 +151.25633E-06
+60.22500E-06 +10.84421203E-03 -974.37180E-06
+60.24000E-06 +78.38189980E-03 -411.55773E-06
+60.25500E-06 -22.92463195E-03 -411.55773E-06
+60.27000E-06 -124.23116341E-03 +151.25633E-06
+60.28500E-06 +10.84421208E-03 -1.53718586E-03
+60.30000E-06 +44.61305588E-03 -1.53718586E-03
+60.31500E-06 -56.69347575E-03 +151.25633E-06
+60.33000E-06 -124.23116335E-03 -974.37180E-06
+60.34500E-06 +10.84421208E-03 -1.53718586E-03
+60.36000E-06 +78.38189963E-03 -974.37180E-06
+60.37500E-06 -90.46231955E-03 -411.55773E-06
+60.39000E-06 -158.00000721E-03 -411.55773E-06
+60.40500E-06 +10.84421208E-03 -974.37180E-06
+60.42000E-06 +78.38189969E-03 -974.37180E-06
+60.43500E-06 -56.69347575E-03 +151.25633E-06
+60.45000E-06 -124.23116335E-03 -411.55773E-06
+60.46500E-06 +10.84421208E-03 -974.37180E-06
+60.48000E-06 +44.61305588E-03 -411.55773E-06
+60.49500E-06 -90.46231955E-03 +151.25633E-06
+60.51000E-06 -158.00000716E-03 -974.37180E-06
+60.52500E-06 +10.84421203E-03 -2.09999993E-03
+60.54000E-06 +44.61305588E-03 -974.37179E-06
+60.55500E-06 -90.46231955E-03 -411.55773E-06
+60.57000E-06 -90.46231955E-03 -411.55773E-06
+60.58500E-06 +10.84421203E-03 -974.37180E-06
+60.60000E-06 +44.61305583E-03 -974.37180E-06
+60.61500E-06 -90.46231955E-03 -411.55773E-06
+60.63000E-06 -90.46231955E-03 -974.37180E-06
+60.64500E-06 +10.84421208E-03 -974.37180E-06
+60.66000E-06 +44.61305588E-03 -1.53718586E-03
+60.67500E-06 -90.46231955E-03 -411.55773E-06
+60.69000E-06 -90.46231949E-03 +151.25633E-06
+60.70500E-06 +44.61305588E-03 -974.37180E-06
+60.72000E-06 +10.84421203E-03 -411.55773E-06
+60.73500E-06 -124.23116335E-03 -411.55773E-06
+60.75000E-06 -56.69347575E-03 -411.55773E-06
+60.76500E-06 +10.84421208E-03 -1.53718586E-03
+60.78000E-06 +10.84421203E-03 -974.37180E-06
+60.79500E-06 -90.46231961E-03 +151.25633E-06
+60.81000E-06 -56.69347569E-03 -974.37180E-06
+60.82500E-06 +44.61305588E-03 -1.53718586E-03
+60.84000E-06 +10.84421197E-03 -411.55773E-06
+60.85500E-06 -90.46231961E-03 -411.55773E-06
+60.87000E-06 -90.46231949E-03 -974.37180E-06
+60.88500E-06 +44.61305588E-03 -1.53718586E-03
+60.90000E-06 +44.61305577E-03 -974.37180E-06
+60.91500E-06 -90.46231955E-03 +151.25633E-06
+60.93000E-06 -56.69347563E-03 -411.55773E-06
+60.94500E-06 +10.84421203E-03 -411.55773E-06
+60.96000E-06 -22.92463183E-03 +151.25633E-06
+60.97500E-06 -90.46231961E-03 -974.37180E-06
+60.99000E-06 -22.92463183E-03 -411.55773E-06
+61.00500E-06 +78.38189974E-03 -974.37180E-06
+61.02000E-06 -22.92463183E-03 -974.37180E-06
+61.03500E-06 -56.69347575E-03 +151.25633E-06
+61.05000E-06 -56.69347563E-03 -974.37180E-06
+61.06500E-06 +44.61305588E-03 -974.37180E-06
+61.08000E-06 -22.92463183E-03 -411.55773E-06
+61.09500E-06 -90.46231955E-03 -974.37180E-06
+61.11000E-06 -22.92463183E-03 -411.55773E-06
+61.12500E-06 +10.84421203E-03 -411.55773E-06
+61.14000E-06 +10.84421197E-03 -1.53718586E-03
+61.15500E-06 -90.46231955E-03 -411.55773E-06
+61.17000E-06 -22.92463183E-03 -411.55773E-06
+61.18500E-06 +44.61305588E-03 -1.53718586E-03
+61.20000E-06 -56.69347564E-03 -974.37180E-06
+61.21500E-06 -90.46231950E-03 -411.55773E-06
+61.23000E-06 -56.69347558E-03 -974.37180E-06
+61.24500E-06 +10.84421208E-03 -974.37180E-06
+61.26000E-06 -22.92463183E-03 -974.37179E-06
+61.27500E-06 -56.69347575E-03 -411.55773E-06
+61.29000E-06 -22.92463183E-03 -411.55773E-06
+61.30500E-06 +10.84421203E-03 -974.37180E-06
+61.32000E-06 -56.69347564E-03 -411.55773E-06
+61.33500E-06 -90.46231955E-03 -411.55773E-06
+61.35000E-06 -22.92463189E-03 -411.55773E-06
+61.36500E-06 +10.84421203E-03 +151.25633E-06
+61.38000E-06 -22.92463189E-03 -974.37180E-06
+61.39500E-06 -90.46231955E-03 -411.55773E-06
+61.41000E-06 -22.92463178E-03 -974.37180E-06
+61.42500E-06 +44.61305583E-03 -974.37180E-06
+61.44000E-06 -56.69347569E-03 -411.55773E-06
+61.45500E-06 -90.46231955E-03 -974.37180E-06
+61.47000E-06 -22.92463183E-03 -411.55773E-06
+61.48500E-06 +10.84421203E-03 -974.37180E-06
+61.50000E-06 -22.92463189E-03 -974.37180E-06
+61.51500E-06 -56.69347575E-03 -411.55773E-06
+61.53000E-06 +10.84421203E-03 -974.37180E-06
+61.54500E-06 +10.84421203E-03 -411.55773E-06
+61.56000E-06 -56.69347569E-03 -411.55773E-06
+61.57500E-06 -56.69347569E-03 -411.55773E-06
+61.59000E-06 -22.92463178E-03 -411.55773E-06
+61.60500E-06 +44.61305583E-03 -974.37180E-06
+61.62000E-06 -22.92463189E-03 -411.55773E-06
+61.63500E-06 -90.46231950E-03 -411.55773E-06
+61.65000E-06 +10.84421203E-03 -974.37180E-06
+61.66500E-06 +10.84421203E-03 -411.55773E-06
+61.68000E-06 -56.69347564E-03 -411.55773E-06
+61.69500E-06 -56.69347569E-03 -974.37180E-06
+61.71000E-06 -22.92463178E-03 -411.55773E-06
+61.72500E-06 +10.84421208E-03 -411.55773E-06
+61.74000E-06 -22.92463188E-03 -974.37180E-06
+61.75500E-06 -90.46231950E-03 -411.55773E-06
+61.77000E-06 -22.92463178E-03 -1.53718586E-03
+61.78500E-06 +44.61305579E-03 -411.55773E-06
+61.80000E-06 -56.69347564E-03 -411.55773E-06
+61.81500E-06 -56.69347569E-03 -411.55773E-06
+61.83000E-06 +10.84421203E-03 -974.37180E-06
+61.84500E-06 +10.84421203E-03 -411.55773E-06
+61.86000E-06 -56.69347569E-03 -974.37180E-06
+61.87500E-06 -56.69347565E-03 -411.55773E-06
+61.89000E-06 +10.84421203E-03 -411.55773E-06
+61.90500E-06 +10.84421198E-03 -411.55773E-06
+61.92000E-06 -56.69347574E-03 -411.55773E-06
+61.93500E-06 -56.69347569E-03 -411.55773E-06
+61.95000E-06 -22.92463179E-03 -974.37180E-06
+61.96500E-06 +10.84421203E-03 -411.55773E-06
+61.98000E-06 -22.92463188E-03 -974.37180E-06
+61.99500E-06 -90.46231951E-03 -411.55773E-06
+62.01000E-06 -22.92463179E-03 -411.55773E-06
+62.02500E-06 +10.84421193E-03 +151.25633E-06
+62.04000E-06 -56.69347574E-03 -411.55773E-06
+62.05500E-06 -56.69347565E-03 -411.55773E-06
+62.07000E-06 +10.84421203E-03 -411.55773E-06
+62.08500E-06 -22.92463183E-03 -411.55773E-06
+62.10000E-06 -56.69347569E-03 -411.55773E-06
+62.11500E-06 -56.69347565E-03 -974.37180E-06
+62.13000E-06 +10.84421203E-03 -974.37180E-06
+62.14500E-06 +10.84421198E-03 -411.55773E-06
+62.16000E-06 -56.69347569E-03 -411.55773E-06
+62.17500E-06 -56.69347565E-03 +151.25633E-06
+62.19000E-06 -22.92463179E-03 -411.55773E-06
+62.20500E-06 -22.92463183E-03 -974.37180E-06
+62.22000E-06 -56.69347569E-03 -974.37180E-06
+62.23500E-06 -56.69347565E-03 -411.55773E-06
+62.25000E-06 -22.92463179E-03 +151.25633E-06
+62.26500E-06 -22.92463188E-03 -411.55773E-06
+62.28000E-06 -56.69347565E-03 -411.55773E-06
+62.29500E-06 -56.69347565E-03 -411.55773E-06
+62.31000E-06 -22.92463183E-03 -411.55773E-06
+62.32500E-06 -22.92463183E-03 -411.55773E-06
+62.34000E-06 -56.69347569E-03 -974.37180E-06
+62.35500E-06 -22.92463183E-03 -974.37180E-06
+62.37000E-06 +10.84421203E-03 -974.37180E-06
+62.38500E-06 -22.92463188E-03 -974.37180E-06
+62.40000E-06 -56.69347569E-03 -411.55773E-06
+62.41500E-06 -56.69347565E-03 -411.55773E-06
+62.43000E-06 -22.92463183E-03 +151.25633E-06
+62.44500E-06 +10.84421203E-03 -974.37180E-06
+62.46000E-06 -22.92463187E-03 -974.37180E-06
+62.47500E-06 -56.69347565E-03 -974.37180E-06
+62.49000E-06 -22.92463183E-03 +151.25633E-06
+62.50500E-06 -22.92463187E-03 -411.55773E-06
+62.52000E-06 -56.69347569E-03 -411.55773E-06
+62.53500E-06 -56.69347565E-03 -974.37180E-06
+62.55000E-06 -22.92463179E-03 -974.37180E-06
+62.56500E-06 -22.92463183E-03 -411.55773E-06
+62.58000E-06 -56.69347569E-03 -411.55773E-06
+62.59500E-06 -22.92463183E-03 -411.55773E-06
+62.61000E-06 +10.84421199E-03 -974.37180E-06
+62.62500E-06 -56.69347569E-03 -411.55773E-06
+62.64000E-06 -56.69347566E-03 -411.55773E-06
+62.65500E-06 -22.92463183E-03 -411.55773E-06
+62.67000E-06 +10.84421203E-03 -411.55773E-06
+62.68500E-06 -22.92463183E-03 -411.55773E-06
+62.70000E-06 -22.92463187E-03 -974.37180E-06
+62.71500E-06 -22.92463183E-03 -411.55773E-06
+62.73000E-06 -22.92463180E-03 -411.55773E-06
+62.74500E-06 -22.92463187E-03 -974.37180E-06
+62.76000E-06 -56.69347569E-03 -411.55773E-06
+62.77500E-06 -22.92463187E-03 -974.37180E-06
+62.79000E-06 -22.92463183E-03 -411.55773E-06
+62.80500E-06 -22.92463183E-03 -411.55773E-06
+62.82000E-06 -22.92463187E-03 -974.37180E-06
+62.83500E-06 -22.92463183E-03 -974.37180E-06
+62.85000E-06 -56.69347566E-03 +151.25633E-06
+62.86500E-06 -22.92463187E-03 -1.53718586E-03
+62.88000E-06 -56.69347566E-03 -974.37180E-06
+62.89500E-06 -22.92463183E-03 -411.55773E-06
+62.91000E-06 +44.61305585E-03 -974.37180E-06
+62.92500E-06 -56.69347569E-03 -411.55773E-06
+62.94000E-06 -22.92463187E-03 -974.37180E-06
+62.95500E-06 -22.92463180E-03 -411.55773E-06
+62.97000E-06 -22.92463183E-03 -411.55773E-06
+62.98500E-06 +10.84421196E-03 -411.55773E-06
+63.00000E-06 -56.69347569E-03 +151.25633E-06
+63.01500E-06 -22.92463183E-03 +151.25633E-06
+63.03000E-06 -22.92463183E-03 -411.55773E-06
+63.04500E-06 -22.92463183E-03 -411.55773E-06
+63.06000E-06 -22.92463187E-03 -974.37180E-06
+63.07500E-06 -22.92463183E-03 -974.37180E-06
+63.09000E-06 -22.92463183E-03 -974.37180E-06
+63.10500E-06 -22.92463187E-03 -411.55773E-06
+63.12000E-06 -56.69347566E-03 -411.55773E-06
+63.13500E-06 -22.92463183E-03 -974.37180E-06
+63.15000E-06 +44.61305582E-03 -411.55773E-06
+63.16500E-06 -22.92463183E-03 -411.55773E-06
+63.18000E-06 -22.92463187E-03 -974.37180E-06
+63.19500E-06 -22.92463183E-03 -411.55773E-06
+63.21000E-06 -22.92463183E-03 -411.55773E-06
+63.22500E-06 -56.69347569E-03 -974.37180E-06
+63.24000E-06 -56.69347566E-03 -411.55773E-06
+63.25500E-06 +10.84421203E-03 -411.55773E-06
+63.27000E-06 -22.92463183E-03 -411.55773E-06
+63.28500E-06 -22.92463183E-03 +151.25633E-06
+63.30000E-06 -22.92463183E-03 -974.37180E-06
+63.31500E-06 -22.92463183E-03 -411.55773E-06
+63.33000E-06 -22.92463183E-03 -411.55773E-06
+63.34500E-06 -22.92463186E-03 -411.55773E-06
+63.36000E-06 -56.69347566E-03 -411.55773E-06
+63.37500E-06 -22.92463181E-03 -974.37180E-06
+63.39000E-06 -22.92463183E-03 -411.55773E-06
+63.40500E-06 -22.92463183E-03 +151.25633E-06
+63.42000E-06 -22.92463186E-03 -1.53718586E-03
+63.43500E-06 -22.92463183E-03 -411.55773E-06
+63.45000E-06 -22.92463183E-03 -411.55773E-06
+63.46500E-06 -22.92463186E-03 -411.55773E-06
+63.48000E-06 -56.69347567E-03 -974.37180E-06
+63.49500E-06 -22.92463183E-03 -974.37180E-06
+63.51000E-06 -22.92463183E-03 +714.07040E-06
+63.52500E-06 -22.92463186E-03 -411.55773E-06
+63.54000E-06 -56.69347569E-03 -974.37180E-06
+63.55500E-06 -22.92463183E-03 -411.55773E-06
+63.57000E-06 -22.92463181E-03 -411.55773E-06
+63.58500E-06 -22.92463186E-03 -411.55773E-06
+63.60000E-06 -22.92463183E-03 -974.37180E-06
+63.61500E-06 -22.92463183E-03 -974.37180E-06
+63.63000E-06 -56.69347567E-03 -411.55773E-06
+63.64500E-06 -22.92463183E-03 -411.55773E-06
+63.66000E-06 -22.92463183E-03 -974.37180E-06
+63.67500E-06 +10.84421203E-03 -974.37180E-06
+63.69000E-06 +10.84421200E-03 +151.25633E-06
+63.70500E-06 -22.92463186E-03 -411.55773E-06
+63.72000E-06 -56.69347567E-03 -411.55773E-06
+63.73500E-06 -22.92463183E-03 -411.55773E-06
+63.75000E-06 +10.84421200E-03 -411.55773E-06
+63.76500E-06 -22.92463183E-03 -974.37180E-06
+63.78000E-06 -22.92463186E-03 -974.37180E-06
+63.79500E-06 -22.92463183E-03 -411.55773E-06
+63.81000E-06 -56.69347567E-03 -411.55773E-06
+63.82500E-06 -22.92463186E-03 -411.55773E-06
+63.84000E-06 -56.69347567E-03 -411.55773E-06
+63.85500E-06 -22.92463186E-03 -974.37180E-06
+63.87000E-06 -22.92463181E-03 -411.55773E-06
+63.88500E-06 -22.92463183E-03 +151.25633E-06
+63.90000E-06 -22.92463183E-03 -974.37180E-06
+63.91500E-06 -22.92463183E-03 -411.55773E-06
+63.93000E-06 -22.92463186E-03 +151.25633E-06
+63.94500E-06 -22.92463186E-03 -974.37180E-06
+63.96000E-06 -22.92463183E-03 -411.55773E-06
+63.97500E-06 -22.92463183E-03 -974.37180E-06
+63.99000E-06 -56.69347567E-03 +151.25633E-06
+64.00500E-06 -22.92463185E-03 -411.55773E-06
+64.02000E-06 -22.92463183E-03 -1.53718586E-03
+64.03500E-06 -22.92463181E-03 -411.55773E-06
+64.05000E-06 -22.92463185E-03 -411.55773E-06
+64.06500E-06 -22.92463185E-03 -974.37180E-06
+64.08000E-06 -56.69347567E-03 -974.37180E-06
+64.09500E-06 -22.92463183E-03 -974.37180E-06
+64.11000E-06 -22.92463183E-03 -411.55773E-06
+64.12500E-06 -22.92463183E-03 -411.55773E-06
+64.14000E-06 -22.92463183E-03 -974.37180E-06
+64.15500E-06 +10.84421201E-03 -411.55773E-06
+64.17000E-06 -22.92463183E-03 -411.55773E-06
+64.18500E-06 -22.92463185E-03 +151.25633E-06
+64.20000E-06 -56.69347568E-03 -411.55773E-06
+64.21500E-06 -22.92463182E-03 -411.55773E-06
+64.23000E-06 -22.92463183E-03 -411.55773E-06
+64.24500E-06 -22.92463183E-03 +151.25633E-06
+64.26000E-06 -22.92463183E-03 -974.37180E-06
+64.27500E-06 -22.92463183E-03 -411.55773E-06
+64.29000E-06 -56.69347568E-03 -411.55773E-06
+64.30500E-06 -22.92463185E-03 -974.37180E-06
+64.32000E-06 -22.92463183E-03 -411.55773E-06
+64.33500E-06 -22.92463183E-03 -974.37180E-06
+64.35000E-06 -22.92463183E-03 -411.55773E-06
+64.36500E-06 -22.92463183E-03 +151.25633E-06
+64.38000E-06 -22.92463183E-03 -974.37180E-06
+64.39500E-06 -22.92463183E-03 -974.37180E-06
+64.41000E-06 -22.92463183E-03 -411.55773E-06
+64.42500E-06 -22.92463183E-03 -411.55773E-06
+64.44000E-06 -56.69347568E-03 -974.37180E-06
+64.45500E-06 -22.92463183E-03 -411.55773E-06
+64.47000E-06 -22.92463183E-03 -411.55773E-06
+64.48500E-06 -22.92463183E-03 -411.55773E-06
