x-axis 1 2
second Volt Volt
+25.60000E-06  
+25.62500E-06 +0.0E+00 -19.29648221E-03
+25.65000E-06 +0.0E+00 -9.64824110E-03
+25.67500E-06 -104.52261567E-03 +0.0E+00
+25.70000E-06 -104.52261567E-03 -19.29648221E-03
+25.72500E-06 -104.52261567E-03 -9.64824110E-03
+25.75000E-06 +0.0E+00 -9.64824110E-03
+25.77500E-06 -0.0E+00 -9.64824110E-03
+25.80000E-06 +0.0E+00 -0.0E+00
+25.82500E-06 -104.52261567E-03 -19.29648221E-03
+25.85000E-06 -0.0E+00 -19.29648221E-03
+25.87500E-06 -0.0E+00 +0.0E+00
+25.90000E-06 +0.0E+00 -9.64824110E-03
+25.92500E-06 -104.52261567E-03 -9.64824110E-03
+25.95000E-06 +0.0E+00 -0.0E+00
+25.97500E-06 -104.52261567E-03 -9.64824110E-03
+26.00000E-06 -104.52261567E-03 -9.64824110E-03
+26.02500E-06 +0.0E+00 -9.64824110E-03
+26.05000E-06 -104.52261567E-03 -19.29648221E-03
+26.07500E-06 +0.0E+00 +0.0E+00
+26.10000E-06 -0.0E+00 -9.64824110E-03
+26.12500E-06 -104.52261567E-03 -9.64824110E-03
+26.15000E-06 -0.0E+00 -19.29648221E-03
+26.17500E-06 -104.52261567E-03 -9.64824110E-03
+26.20000E-06 -104.52261567E-03 -9.64824110E-03
+26.22500E-06 -104.52261567E-03 -19.29648221E-03
+26.25000E-06 -104.52261567E-03 -9.64824110E-03
+26.27500E-06 -104.52261567E-03 -19.29648221E-03
+26.30000E-06 -104.52261567E-03 +0.0E+00
+26.32500E-06 +0.0E+00 -9.64824110E-03
+26.35000E-06 -0.0E+00 -9.64824110E-03
+26.37500E-06 -104.52261567E-03 -9.64824110E-03
+26.40000E-06 -104.52261567E-03 -0.0E+00
+26.42500E-06 -104.52261567E-03 -19.29648221E-03
+26.45000E-06 -0.0E+00 -19.29648221E-03
+26.47500E-06 -104.52261567E-03 -0.0E+00
+26.50000E-06 -104.52261567E-03 -0.0E+00
+26.52500E-06 -104.52261567E-03 -9.64824110E-03
+26.55000E-06 -104.52261567E-03 -9.64824110E-03
+26.57500E-06 -104.52261567E-03 -9.64824110E-03
+26.60000E-06 -104.52261567E-03 -19.29648221E-03
+26.62500E-06 +0.0E+00 -9.64824110E-03
+26.65000E-06 -0.0E+00 -0.0E+00
+26.67500E-06 -104.52261567E-03 -9.64824110E-03
+26.70000E-06 -104.52261567E-03 -9.64824110E-03
+26.72500E-06 -104.52261567E-03 -9.64824110E-03
+26.75000E-06 -104.52261567E-03 -19.29648220E-03
+26.77500E-06 -104.52261567E-03 -9.64824110E-03
+26.80000E-06 -0.0E+00 -9.64824110E-03
+26.82500E-06 -104.52261567E-03 -19.29648221E-03
+26.85000E-06 +0.0E+00 -9.64824110E-03
+26.87500E-06 -0.0E+00 -0.0E+00
+26.90000E-06 -104.52261567E-03 -9.64824110E-03
+26.92500E-06 -104.52261567E-03 -9.64824110E-03
+26.95000E-06 -0.0E+00 -19.29648221E-03
+26.97500E-06 -104.52261567E-03 -19.29648221E-03
+27.00000E-06 -104.52261567E-03 -9.64824110E-03
+27.02500E-06 +0.0E+00 -19.29648221E-03
+27.05000E-06 -104.52261567E-03 -9.64824110E-03
+27.07500E-06 -0.0E+00 -9.64824110E-03
+27.10000E-06 -0.0E+00 -0.0E+00
+27.12500E-06 -104.52261567E-03 -9.64824110E-03
+27.15000E-06 -104.52261567E-03 -9.64824110E-03
+27.17500E-06 -104.52261567E-03 -9.64824110E-03
+27.20000E-06 +0.0E+00 -0.0E+00
+27.22500E-06 -104.52261567E-03 -19.29648221E-03
+27.25000E-06 -104.52261567E-03 -9.64824110E-03
+27.27500E-06 -104.52261567E-03 +0.0E+00
+27.30000E-06 -104.52261567E-03 +0.0E+00
+27.32500E-06 -104.52261567E-03 -0.0E+00
+27.35000E-06 -0.0E+00 -19.29648220E-03
+27.37500E-06 -104.52261567E-03 +0.0E+00
+27.40000E-06 +0.0E+00 -9.64824110E-03
+27.42500E-06 +0.0E+00 -9.64824110E-03
+27.45000E-06 +0.0E+00 -9.64824110E-03
+27.47500E-06 -104.52261567E-03 +0.0E+00
+27.50000E-06 -0.0E+00 -9.64824110E-03
+27.52500E-06 -104.52261567E-03 -9.64824110E-03
+27.55000E-06 -0.0E+00 -19.29648220E-03
+27.57500E-06 -104.52261567E-03 -0.0E+00
+27.60000E-06 -104.52261567E-03 -9.64824110E-03
+27.62500E-06 -104.52261567E-03 -9.64824110E-03
+27.65000E-06 +0.0E+00 +9.64824110E-03
+27.67500E-06 -104.52261567E-03 +0.0E+00
+27.70000E-06 +0.0E+00 -9.64824110E-03
+27.72500E-06 +104.52261567E-03 -9.64824110E-03
+27.75000E-06 -10E-12 -9.64824110E-03
+27.77500E-06 -104.52261567E-03 +0.0E+00
+27.80000E-06 -104.52261567E-03 -9.64824110E-03
+27.82500E-06 +0.0E+00 -9.64824110E-03
+27.85000E-06 -10E-12 -19.29648221E-03
+27.87500E-06 -104.52261567E-03 -19.29648220E-03
+27.90000E-06 -104.52261567E-03 -9.64824110E-03
+27.92500E-06 -104.52261567E-03 -9.64824110E-03
+27.95000E-06 -10E-12 -9.64824110E-03
+27.97500E-06 -104.52261567E-03 -9.64824110E-03
+28.00000E-06 -104.52261567E-03 -19.29648221E-03
+28.02500E-06 +0.0E+00 -19.29648220E-03
+28.05000E-06 -104.52261567E-03 -19.29648221E-03
+28.07500E-06 -104.52261567E-03 -0.0E+00
+28.10000E-06 -104.52261567E-03 -9.64824110E-03
+28.12500E-06 -104.52261567E-03 -9.64824110E-03
+28.15000E-06 +0.0E+00 +0.0E+00
+28.17500E-06 -104.52261566E-03 +0.0E+00
+28.20000E-06 +0.0E+00 -9.64824110E-03
+28.22500E-06 -104.52261567E-03 -9.64824110E-03
+28.25000E-06 -104.52261566E-03 -9.64824110E-03
+28.27500E-06 -104.52261567E-03 +0.0E+00
+28.30000E-06 -104.52261567E-03 -0.0E+00
+28.32500E-06 +0.0E+00 -9.64824110E-03
+28.35000E-06 -104.52261566E-03 -9.64824110E-03
+28.37500E-06 -104.52261567E-03 -0.0E+00
+28.40000E-06 -104.52261566E-03 -9.64824110E-03
+28.42500E-06 +0.0E+00 -0.0E+00
+28.45000E-06 +0.0E+00 +0.0E+00
+28.47500E-06 -104.52261566E-03 -9.64824110E-03
+28.50000E-06 -104.52261567E-03 -9.64824110E-03
+28.52500E-06 -104.52261566E-03 -9.64824110E-03
+28.55000E-06 -10E-12 -9.64824110E-03
+28.57500E-06 -104.52261567E-03 -0.0E+00
+28.60000E-06 -104.52261566E-03 -19.29648221E-03
+28.62500E-06 +0.0E+00 -19.29648220E-03
+28.65000E-06 -104.52261566E-03 -9.64824110E-03
+28.67500E-06 -104.52261566E-03 -9.64824110E-03
+28.70000E-06 -104.52261567E-03 -9.64824110E-03
+28.72500E-06 -104.52261566E-03 -0.0E+00
+28.75000E-06 -10E-12 +0.0E+00
+28.77500E-06 +0.0E+00 -0.0E+00
+28.80000E-06 -104.52261566E-03 -9.64824110E-03
+28.82500E-06 -104.52261566E-03 -19.29648221E-03
+28.85000E-06 -104.52261567E-03 -9.64824110E-03
+28.87500E-06 +104.52261566E-03 -19.29648221E-03
+28.90000E-06 -104.52261568E-03 -9.64824110E-03
+28.92500E-06 -104.52261566E-03 -9.64824110E-03
+28.95000E-06 -10E-12 -19.29648220E-03
+28.97500E-06 -10E-12 -9.64824110E-03
+29.00000E-06 -104.52261566E-03 -9.64824110E-03
+29.02500E-06 +0.0E+00 -19.29648221E-03
+29.05000E-06 -10E-12 +0.0E+00
+29.07500E-06 -10E-12 -0.0E+00
+29.10000E-06 -104.52261566E-03 -9.64824110E-03
+29.12500E-06 -104.52261566E-03 -9.64824110E-03
+29.15000E-06 +0.0E+00 -9.64824110E-03
+29.17500E-06 +0.0E+00 -9.64824110E-03
+29.20000E-06 -104.52261567E-03 -9.64824110E-03
+29.22500E-06 -104.52261566E-03 -19.29648220E-03
+29.25000E-06 -10E-12 -9.64824110E-03
+29.27500E-06 -104.52261567E-03 -9.64824110E-03
+29.30000E-06 -104.52261566E-03 +0.0E+00
+29.32500E-06 -104.52261566E-03 -9.64824110E-03
+29.35000E-06 +0.0E+00 -9.64824110E-03
+29.37500E-06 -104.52261567E-03 +0.0E+00
+29.40000E-06 -104.52261566E-03 -9.64824110E-03
+29.42500E-06 -104.52261567E-03 -9.64824110E-03
+29.45000E-06 -104.52261566E-03 -9.64824110E-03
+29.47500E-06 -104.52261566E-03 -9.64824110E-03
+29.50000E-06 -10E-12 -9.64824110E-03
+29.52500E-06 -10E-12 -9.64824110E-03
+29.55000E-06 +0.0E+00 -9.64824110E-03
+29.57500E-06 -104.52261566E-03 -9.64824110E-03
+29.60000E-06 -104.52261567E-03 -19.29648221E-03
+29.62500E-06 +0.0E+00 -19.29648220E-03
+29.65000E-06 -104.52261567E-03 -9.64824110E-03
+29.67500E-06 -10E-12 -0.0E+00
+29.70000E-06 -104.52261567E-03 -0.0E+00
+29.72500E-06 -104.52261566E-03 -19.29648221E-03
+29.75000E-06 -10E-12 -19.29648221E-03
+29.77500E-06 -104.52261566E-03 -0.0E+00
+29.80000E-06 +0.0E+00 -19.29648221E-03
+29.82500E-06 -104.52261567E-03 -19.29648220E-03
+29.85000E-06 -10E-12 -9.64824110E-03
+29.87500E-06 -104.52261567E-03 -9.64824110E-03
+29.90000E-06 -104.52261567E-03 -19.29648220E-03
+29.92500E-06 -104.52261566E-03 +0.0E+00
+29.95000E-06 -104.52261567E-03 +0.0E+00
+29.97500E-06 -104.52261567E-03 -19.29648220E-03
+30.00000E-06 -104.52261567E-03 -9.64824110E-03
+30.02500E-06 +0.0E+00 -9.64824110E-03
+30.05000E-06 -10E-12 -9.64824110E-03
+30.07500E-06 -104.52261566E-03 +9.64824110E-03
+30.10000E-06 -104.52261568E-03 -0.0E+00
+30.12500E-06 +0.0E+00 -9.64824110E-03
+30.15000E-06 -104.52261567E-03 -19.29648220E-03
+30.17500E-06 -104.52261566E-03 -9.64824110E-03
+30.20000E-06 -104.52261567E-03 -19.29648220E-03
+30.22500E-06 +0.0E+00 -19.29648220E-03
+30.25000E-06 +0.0E+00 -19.29648221E-03
+30.27500E-06 -104.52261567E-03 -9.64824110E-03
+30.30000E-06 -10E-12 -9.64824110E-03
+30.32500E-06 -104.52261567E-03 -0.0E+00
+30.35000E-06 +0.0E+00 -19.29648220E-03
+30.37500E-06 -10E-12 -9.64824110E-03
+30.40000E-06 +10E-12 -9.64824110E-03
+30.42500E-06 +0.0E+00 -9.64824110E-03
+30.45000E-06 -104.52261567E-03 -9.64824110E-03
+30.47500E-06 -104.52261566E-03 -19.29648220E-03
+30.50000E-06 -10E-12 -9.64824110E-03
+30.52500E-06 -104.52261566E-03 -9.64824110E-03
+30.55000E-06 -104.52261566E-03 -9.64824110E-03
+30.57500E-06 -104.52261567E-03 -9.64824110E-03
+30.60000E-06 -104.52261565E-03 -9.64824110E-03
+30.62500E-06 -10E-12 -19.29648220E-03
+30.65000E-06 +0.0E+00 -9.64824110E-03
+30.67500E-06 -104.52261567E-03 -19.29648220E-03
+30.70000E-06 -104.52261566E-03 -9.64824110E-03
+30.72500E-06 -104.52261566E-03 -9.64824110E-03
+30.75000E-06 -10E-12 -19.29648221E-03
+30.77500E-06 -104.52261566E-03 -9.64824110E-03
+30.80000E-06 -104.52261567E-03 -9.64824110E-03
+30.82500E-06 +0.0E+00 -9.64824110E-03
+30.85000E-06 -104.52261566E-03 -9.64824110E-03
+30.87500E-06 -104.52261567E-03 -9.64824110E-03
+30.90000E-06 -104.52261567E-03 -9.64824110E-03
+30.92500E-06 +0.0E+00 -9.64824111E-03
+30.95000E-06 -10E-12 -9.64824110E-03
+30.97500E-06 -104.52261567E-03 -0.0E+00
+31.00000E-06 +0.0E+00 -0.0E+00
+31.02500E-06 +0.0E+00 -19.29648221E-03
+31.05000E-06 -10E-12 -9.64824110E-03
+31.07500E-06 -104.52261566E-03 +0.0E+00
+31.10000E-06 -104.52261568E-03 -9.64824110E-03
+31.12500E-06 +0.0E+00 +0.0E+00
+31.15000E-06 -10E-12 -9.64824110E-03
+31.17500E-06 +0.0E+00 -0.0E+00
+31.20000E-06 +0.0E+00 -9.64824110E-03
+31.22500E-06 -104.52261567E-03 -19.29648220E-03
+31.25000E-06 -104.52261566E-03 -9.64824110E-03
+31.27500E-06 -104.52261566E-03 -9.64824110E-03
+31.30000E-06 -104.52261567E-03 -9.64824110E-03
+31.32500E-06 +0.0E+00 -9.64824110E-03
+31.35000E-06 +0.0E+00 -19.29648220E-03
+31.37500E-06 -10E-12 -9.64824110E-03
+31.40000E-06 +0.0E+00 -9.64824110E-03
+31.42500E-06 -10E-12 -19.29648220E-03
+31.45000E-06 -10E-12 -9.64824110E-03
+31.47500E-06 -104.52261567E-03 -9.64824110E-03
+31.50000E-06 -104.52261567E-03 -9.64824110E-03
+31.52500E-06 -104.52261566E-03 -19.29648221E-03
+31.55000E-06 -104.52261566E-03 -9.64824110E-03
+31.57500E-06 -104.52261566E-03 -9.64824110E-03
+31.60000E-06 -104.52261566E-03 -9.64824110E-03
+31.62500E-06 -20E-12 -19.29648221E-03
+31.65000E-06 -20E-12 -19.29648220E-03
+31.67500E-06 -104.52261567E-03 -0.0E+00
+31.70000E-06 -104.52261567E-03 -9.64824110E-03
+31.72500E-06 -209.04523133E-03 -9.64824110E-03
+31.75000E-06 -20E-12 -9.64824110E-03
+31.77500E-06 -104.52261567E-03 -9.64824110E-03
+31.80000E-06 -104.52261567E-03 -9.64824110E-03
+31.82500E-06 -20E-12 -9.64824110E-03
+31.85000E-06 -104.52261567E-03 -9.64824110E-03
+31.87500E-06 +0.0E+00 -9.64824110E-03
+31.90000E-06 -104.52261567E-03 -19.29648220E-03
+31.92500E-06 -104.52261567E-03 -0.0E+00
+31.95000E-06 -104.52261567E-03 +0.0E+00
+31.97500E-06 -104.52261567E-03 -9.64824110E-03
+32.00000E-06 -104.52261567E-03 -0.0E+00
+32.02500E-06 -104.52261565E-03 -19.29648220E-03
+32.05000E-06 -104.52261567E-03 -9.64824110E-03
+32.07500E-06 -20E-12 -19.29648220E-03
+32.10000E-06 -104.52261567E-03 -9.64824110E-03
+32.12500E-06 -104.52261565E-03 -9.64824110E-03
+32.15000E-06 +0.0E+00 -9.64824110E-03
+32.17500E-06 +0.0E+00 -9.64824110E-03
+32.20000E-06 -104.52261565E-03 -9.64824110E-03
+32.22500E-06 +0.0E+00 -19.29648220E-03
+32.25000E-06 -104.52261567E-03 -9.64824110E-03
+32.27500E-06 -104.52261565E-03 -9.64824110E-03
+32.30000E-06 -104.52261567E-03 -0.0E+00
+32.32500E-06 -104.52261565E-03 -19.29648221E-03
+32.35000E-06 -20E-12 -19.29648220E-03
+32.37500E-06 -20E-12 -9.64824110E-03
+32.40000E-06 -104.52261567E-03 -19.29648221E-03
+32.42500E-06 +0.0E+00 -19.29648220E-03
+32.45000E-06 -20E-12 -9.64824110E-03
+32.47500E-06 +0.0E+00 -9.64824110E-03
+32.50000E-06 -104.52261567E-03 -9.64824110E-03
+32.52500E-06 +0.0E+00 -9.64824110E-03
+32.55000E-06 +0.0E+00 -19.29648221E-03
+32.57500E-06 -20E-12 -0.0E+00
+32.60000E-06 -104.52261565E-03 -9.64824110E-03
+32.62500E-06 -104.52261567E-03 -9.64824110E-03
+32.65000E-06 -20E-12 -9.64824110E-03
+32.67500E-06 +0.0E+00 -9.64824110E-03
+32.70000E-06 -104.52261567E-03 -9.64824110E-03
+32.72500E-06 -20E-12 -9.64824110E-03
+32.75000E-06 -104.52261567E-03 -19.29648220E-03
+32.77500E-06 -20E-12 -9.64824110E-03
+32.80000E-06 +0.0E+00 -19.29648221E-03
+32.82500E-06 +0.0E+00 -9.64824110E-03
+32.85000E-06 -20E-12 -9.64824110E-03
+32.87500E-06 -20E-12 -19.29648220E-03
+32.90000E-06 -20E-12 -9.64824110E-03
+32.92500E-06 -104.52261565E-03 -9.64824110E-03
+32.95000E-06 +0.0E+00 -9.64824110E-03
+32.97500E-06 -104.52261567E-03 -9.64824110E-03
+33.00000E-06 -104.52261567E-03 -9.64824110E-03
+33.02500E-06 -104.52261567E-03 -19.29648221E-03
+33.05000E-06 +0.0E+00 -9.64824110E-03
+33.07500E-06 -104.52261565E-03 -9.64824110E-03
+33.10000E-06 -104.52261569E-03 -19.29648220E-03
+33.12500E-06 -104.52261565E-03 -19.29648221E-03
+33.15000E-06 +0.0E+00 -9.64824110E-03
+33.17500E-06 -104.52261565E-03 -0.0E+00
+33.20000E-06 -104.52261565E-03 -9.64824110E-03
+33.22500E-06 -20E-12 -19.29648220E-03
+33.25000E-06 +0.0E+00 -19.29648221E-03
+33.27500E-06 -20E-12 -9.64824110E-03
+33.30000E-06 -104.52261567E-03 +0.0E+00
+33.32500E-06 +0.0E+00 -9.64824110E-03
+33.35000E-06 -104.52261565E-03 -9.64824110E-03
+33.37500E-06 +0.0E+00 +0.0E+00
+33.40000E-06 -104.52261565E-03 -0.0E+00
+33.42500E-06 -104.52261565E-03 -19.29648220E-03
+33.45000E-06 -20E-12 -9.64824110E-03
+33.47500E-06 -20E-12 +0.0E+00
+33.50000E-06 -104.52261567E-03 -9.64824110E-03
+33.52500E-06 -104.52261565E-03 -9.64824110E-03
+33.55000E-06 -20E-12 -9.64824110E-03
+33.57500E-06 -104.52261565E-03 -9.64824110E-03
+33.60000E-06 -104.52261567E-03 -0.0E+00
+33.62500E-06 -20E-12 -9.64824110E-03
+33.65000E-06 -104.52261567E-03 -19.29648220E-03
+33.67500E-06 -104.52261567E-03 -9.64824110E-03
+33.70000E-06 -104.52261567E-03 -0.0E+00
+33.72500E-06 +0.0E+00 -9.64824110E-03
+33.75000E-06 +0.0E+00 -9.64824110E-03
+33.77500E-06 -20E-12 -19.29648220E-03
+33.80000E-06 -20E-12 -9.64824110E-03
+33.82500E-06 -104.52261567E-03 -19.29648221E-03
+33.85000E-06 -104.52261567E-03 -9.64824110E-03
+33.87500E-06 -104.52261565E-03 -0.0E+00
+33.90000E-06 -104.52261567E-03 -19.29648221E-03
+33.92500E-06 -104.52261565E-03 -19.29648221E-03
+33.95000E-06 -104.52261567E-03 -19.29648220E-03
+33.97500E-06 -104.52261567E-03 -9.64824110E-03
+34.00000E-06 -104.52261565E-03 -9.64824110E-03
+34.02500E-06 -104.52261567E-03 -19.29648220E-03
+34.05000E-06 +0.0E+00 -28.94472331E-03
+34.07500E-06 -20E-12 -0.0E+00
+34.10000E-06 -104.52261565E-03 -0.0E+00
+34.12500E-06 -104.52261565E-03 -9.64824110E-03
+34.15000E-06 +0.0E+00 -9.64824110E-03
+34.17500E-06 -20E-12 -9.64824110E-03
+34.20000E-06 +0.0E+00 -9.64824110E-03
+34.22500E-06 +0.0E+00 -19.29648220E-03
+34.25000E-06 -104.52261567E-03 -9.64824110E-03
+34.27500E-06 -20E-12 -9.64824110E-03
+34.30000E-06 -104.52261567E-03 -9.64824111E-03
+34.32500E-06 +0.0E+00 -9.64824110E-03
+34.35000E-06 -20E-12 -19.29648220E-03
+34.37500E-06 +0.0E+00 -9.64824110E-03
+34.40000E-06 -104.52261565E-03 -9.64824110E-03
+34.42500E-06 +0.0E+00 -19.29648221E-03
+34.45000E-06 -20E-12 -9.64824110E-03
+34.47500E-06 -104.52261565E-03 -0.0E+00
+34.50000E-06 -20E-12 -9.64824110E-03
+34.52500E-06 -104.52261565E-03 -9.64824110E-03
+34.55000E-06 +0.0E+00 -9.64824110E-03
+34.57500E-06 -20E-12 +0.0E+00
+34.60000E-06 -104.52261567E-03 -9.64824110E-03
+34.62500E-06 -104.52261565E-03 -19.29648220E-03
+34.65000E-06 -20E-12 -9.64824110E-03
+34.67500E-06 -20E-12 -9.64824110E-03
+34.70000E-06 +0.0E+00 -19.29648220E-03
+34.72500E-06 +0.0E+00 -19.29648221E-03
+34.75000E-06 -20E-12 -9.64824110E-03
+34.77500E-06 -104.52261567E-03 -0.0E+00
+34.80000E-06 -104.52261565E-03 -9.64824110E-03
+34.82500E-06 -20E-12 -19.29648220E-03
+34.85000E-06 +0.0E+00 -9.64824110E-03
+34.87500E-06 -104.52261567E-03 -9.64824110E-03
+34.90000E-06 -104.52261569E-03 -19.29648221E-03
+34.92500E-06 -104.52261565E-03 -0.0E+00
+34.95000E-06 -104.52261565E-03 -9.64824110E-03
+34.97500E-06 -104.52261567E-03 -19.29648220E-03
+35.00000E-06 -104.52261565E-03 -9.64824110E-03
+35.02500E-06 -20E-12 -19.29648220E-03
+35.05000E-06 -20E-12 -19.29648220E-03
+35.07500E-06 -104.52261567E-03 +0.0E+00
+35.10000E-06 -20E-12 +0.0E+00
+35.12500E-06 -104.52261565E-03 -9.64824110E-03
+35.15000E-06 -20E-12 -19.29648220E-03
+35.17500E-06 +0.0E+00 -9.64824110E-03
+35.20000E-06 -104.52261565E-03 -0.0E+00
+35.22500E-06 -20E-12 -19.29648220E-03
+35.25000E-06 -20E-12 -9.64824110E-03
+35.27500E-06 -104.52261567E-03 -9.64824110E-03
+35.30000E-06 -20E-12 -9.64824110E-03
+35.32500E-06 -20E-12 -9.64824110E-03
+35.35000E-06 +0.0E+00 -28.94472331E-03
+35.37500E-06 +0.0E+00 -9.64824110E-03
+35.40000E-06 -104.52261565E-03 -9.64824110E-03
+35.42500E-06 -20E-12 -19.29648220E-03
+35.45000E-06 -104.52261565E-03 -9.64824110E-03
+35.47500E-06 -30E-12 -19.29648220E-03
+35.50000E-06 +0.0E+00 -0.0E+00
+35.52500E-06 +0.0E+00 -9.64824110E-03
+35.55000E-06 -30E-12 -9.64824110E-03
+35.57500E-06 -104.52261565E-03 -0.0E+00
+35.60000E-06 -104.52261565E-03 -9.64824110E-03
+35.62500E-06 +0.0E+00 -38.59296441E-03
+35.65000E-06 -104.52261567E-03 -19.29648220E-03
+35.67500E-06 -30E-12 -9.64824110E-03
+35.70000E-06 -104.52261567E-03 +9.64824110E-03
+35.72500E-06 -104.52261565E-03 -9.64824111E-03
+35.75000E-06 +0.0E+00 -9.64824110E-03
+35.77500E-06 -104.52261567E-03 -9.64824110E-03
+35.80000E-06 -104.52261565E-03 -19.29648221E-03
+35.82500E-06 +0.0E+00 -19.29648220E-03
+35.85000E-06 -30E-12 -9.64824110E-03
+35.87500E-06 -104.52261567E-03 -9.64824110E-03
+35.90000E-06 -104.52261567E-03 +0.0E+00
+35.92500E-06 +0.0E+00 -9.64824110E-03
+35.95000E-06 +0.0E+00 -9.64824110E-03
+35.97500E-06 -104.52261567E-03 -9.64824110E-03
+36.00000E-06 -104.52261564E-03 -9.64824111E-03
+36.02500E-06 -30E-12 -9.64824110E-03
+36.05000E-06 -104.52261567E-03 +0.0E+00
+36.07500E-06 -104.52261567E-03 +0.0E+00
+36.10000E-06 +0.0E+00 -19.29648220E-03
+36.12500E-06 -104.52261564E-03 -9.64824110E-03
+36.15000E-06 -30E-12 -19.29648220E-03
+36.17500E-06 -104.52261567E-03 -9.64824110E-03
+36.20000E-06 +0.0E+00 -9.64824111E-03
+36.22500E-06 -104.52261567E-03 -19.29648220E-03
+36.25000E-06 -104.52261564E-03 -9.64824111E-03
+36.27500E-06 +0.0E+00 -9.64824110E-03
+36.30000E-06 -30E-12 -10E-12
+36.32500E-06 -30E-12 -9.64824111E-03
+36.35000E-06 -104.52261567E-03 -9.64824110E-03
+36.37500E-06 -104.52261567E-03 +0.0E+00
+36.40000E-06 -104.52261567E-03 -19.29648221E-03
+36.42500E-06 -104.52261564E-03 -9.64824110E-03
+36.45000E-06 -104.52261564E-03 -9.64824110E-03
+36.47500E-06 -104.52261564E-03 -9.64824110E-03
+36.50000E-06 -104.52261570E-03 -9.64824110E-03
+36.52500E-06 -104.52261567E-03 -0.0E+00
+36.55000E-06 -30E-12 -9.64824110E-03
+36.57500E-06 -104.52261567E-03 -9.64824110E-03
+36.60000E-06 -209.04523129E-03 -10E-12
+36.62500E-06 +0.0E+00 -19.29648220E-03
+36.65000E-06 -30E-12 -9.64824110E-03
+36.67500E-06 -104.52261564E-03 -9.64824110E-03
+36.70000E-06 -104.52261564E-03 -9.64824110E-03
+36.72500E-06 -104.52261564E-03 -9.64824111E-03
+36.75000E-06 -30E-12 -9.64824110E-03
+36.77500E-06 -104.52261567E-03 -0.0E+00
+36.80000E-06 -104.52261567E-03 -9.64824111E-03
+36.82500E-06 +0.0E+00 -19.29648220E-03
+36.85000E-06 -30E-12 -19.29648220E-03
+36.87500E-06 +0.0E+00 -9.64824110E-03
+36.90000E-06 +0.0E+00 -9.64824110E-03
+36.92500E-06 +0.0E+00 -9.64824110E-03
+36.95000E-06 -30E-12 -9.64824110E-03
+36.97500E-06 -104.52261567E-03 -9.64824110E-03
+37.00000E-06 -104.52261564E-03 -9.64824111E-03
+37.02500E-06 +0.0E+00 -9.64824110E-03
+37.05000E-06 -104.52261567E-03 -9.64824110E-03
+37.07500E-06 -104.52261564E-03 -0.0E+00
+37.10000E-06 -104.52261567E-03 -19.29648221E-03
+37.12500E-06 -104.52261564E-03 -9.64824111E-03
+37.15000E-06 -104.52261570E-03 -19.29648220E-03
+37.17500E-06 -104.52261567E-03 -9.64824110E-03
+37.20000E-06 +0.0E+00 -19.29648221E-03
+37.22500E-06 -104.52261567E-03 +0.0E+00
+37.25000E-06 -104.52261567E-03 -9.64824110E-03
+37.27500E-06 -30E-12 +9.64824110E-03
+37.30000E-06 -104.52261567E-03 -9.64824111E-03
+37.32500E-06 -104.52261564E-03 -9.64824111E-03
+37.35000E-06 -30E-12 -9.64824110E-03
+37.37500E-06 -104.52261564E-03 -19.29648221E-03
+37.40000E-06 -30E-12 -9.64824111E-03
+37.42500E-06 -30E-12 -19.29648220E-03
+37.45000E-06 +0.0E+00 -19.29648220E-03
+37.47500E-06 +0.0E+00 -9.64824111E-03
+37.50000E-06 +0.0E+00 -9.64824110E-03
+37.52500E-06 -104.52261567E-03 -0.0E+00
+37.55000E-06 +0.0E+00 -9.64824110E-03
+37.57500E-06 +30E-12 -0.0E+00
+37.60000E-06 -104.52261567E-03 -9.64824111E-03
+37.62500E-06 +0.0E+00 -9.64824110E-03
+37.65000E-06 +0.0E+00 -28.94472330E-03
+37.67500E-06 +0.0E+00 -9.64824110E-03
+37.70000E-06 -104.52261570E-03 -0.0E+00
+37.72500E-06 +0.0E+00 -9.64824110E-03
+37.75000E-06 -30E-12 -19.29648220E-03
+37.77500E-06 -104.52261567E-03 -19.29648220E-03
+37.80000E-06 -104.52261567E-03 -9.64824111E-03
+37.82500E-06 +0.0E+00 -19.29648221E-03
+37.85000E-06 +0.0E+00 -19.29648220E-03
+37.87500E-06 -104.52261567E-03 +0.0E+00
+37.90000E-06 -104.52261570E-03 -9.64824110E-03
+37.92500E-06 +0.0E+00 -19.29648221E-03
+37.95000E-06 -104.52261564E-03 -9.64824110E-03
+37.97500E-06 -209.04523131E-03 +0.0E+00
+38.00000E-06 -104.52261567E-03 -9.64824111E-03
+38.02500E-06 +0.0E+00 -19.29648220E-03
+38.05000E-06 -104.52261567E-03 -19.29648220E-03
+38.07500E-06 -104.52261567E-03 -9.64824110E-03
+38.10000E-06 +0.0E+00 -9.64824110E-03
+38.12500E-06 +0.0E+00 -0.0E+00
+38.15000E-06 -104.52261567E-03 -19.29648220E-03
+38.17500E-06 -30E-12 -9.64824111E-03
+38.20000E-06 +30E-12 -9.64824111E-03
+38.22500E-06 -30E-12 -9.64824110E-03
+38.25000E-06 -104.52261567E-03 -9.64824110E-03
+38.27500E-06 -104.52261564E-03 -9.64824110E-03
+38.30000E-06 -104.52261564E-03 -9.64824110E-03
+38.32500E-06 -209.04523128E-03 +0.0E+00
+38.35000E-06 -104.52261567E-03 -9.64824110E-03
+38.37500E-06 -30E-12 -9.64824111E-03
+38.40000E-06 +0.0E+00 -10E-12
+38.42500E-06 -104.52261567E-03 -9.64824110E-03
+38.45000E-06 -30E-12 -9.64824110E-03
+38.47500E-06 -104.52261561E-03 -19.29648221E-03
+38.50000E-06 -30E-12 -9.64824110E-03
+38.52500E-06 -209.04523131E-03 -9.64824110E-03
+38.55000E-06 -30E-12 -28.94472331E-03
+38.57500E-06 +0.0E+00 -10E-12
+38.60000E-06 -209.04523131E-03 -0.0E+00
+38.62500E-06 -104.52261567E-03 -9.64824110E-03
+38.65000E-06 +0.0E+00 -9.64824111E-03
+38.67500E-06 -30E-12 -0.0E+00
+38.70000E-06 -104.52261570E-03 +9.64824110E-03
+38.72500E-06 -104.52261564E-03 -9.64824111E-03
+38.75000E-06 +104.52261564E-03 -19.29648221E-03
+38.77500E-06 -104.52261567E-03 -0.0E+00
+38.80000E-06 -209.04523131E-03 -9.64824110E-03
+38.82500E-06 +0.0E+00 -28.94472331E-03
+38.85000E-06 +104.52261564E-03 -9.64824111E-03
+38.87500E-06 -104.52261570E-03 +0.0E+00
+38.90000E-06 -104.52261571E-03 -9.64824110E-03
+38.92500E-06 +30E-12 -9.64824111E-03
+38.95000E-06 -30E-12 -9.64824110E-03
+38.97500E-06 -209.04523134E-03 -9.64824110E-03
+39.00000E-06 -104.52261564E-03 -19.29648221E-03
+39.02500E-06 +104.52261567E-03 -28.94472330E-03
+39.05000E-06 -104.52261567E-03 +0.0E+00
+39.07500E-06 -209.04523131E-03 -9.64824110E-03
+39.10000E-06 +0.0E+00 -19.29648221E-03
+39.12500E-06 +30E-12 -9.64824110E-03
+39.15000E-06 -209.04523134E-03 +0.0E+00
+39.17500E-06 -104.52261567E-03 -9.64824110E-03
+39.20000E-06 +104.52261567E-03 -28.94472331E-03
+39.22500E-06 -30E-12 -19.29648220E-03
+39.25000E-06 -209.04523134E-03 -9.64824110E-03
+39.27500E-06 +0.0E+00 -28.94472330E-03
+39.30000E-06 +104.52261567E-03 -19.29648221E-03
+39.32500E-06 -209.04523131E-03 +0.0E+00
+39.35000E-06 -209.04523131E-03 -9.64824110E-03
+39.37500E-06 +104.52261564E-03 -9.64824110E-03
+39.40000E-06 +0.0E+00 -19.29648221E-03
+39.42500E-06 -209.04523134E-03 +0.0E+00
+39.45000E-06 -104.52261567E-03 -28.94472330E-03
+39.47500E-06 +104.52261567E-03 -19.29648221E-03
+39.50000E-06 -40E-12 -9.64824110E-03
+39.52500E-06 -209.04523138E-03 -0.0E+00
+39.55000E-06 +104.52261564E-03 -19.29648221E-03
+39.57500E-06 +104.52261567E-03 -9.64824110E-03
+39.60000E-06 -209.04523134E-03 +9.64824110E-03
+39.62500E-06 -209.04523134E-03 -9.64824110E-03
+39.65000E-06 +209.04523134E-03 -38.59296441E-03
+39.67500E-06 +0.0E+00 +0.0E+00
+39.70000E-06 -313.56784701E-03 +9.64824110E-03
+39.72500E-06 -104.52261564E-03 -28.94472331E-03
+39.75000E-06 +104.52261571E-03 -38.59296440E-03
+39.77500E-06 -104.52261567E-03 +0.0E+00
+39.80000E-06 -313.56784701E-03 +0.0E+00
+39.82500E-06 +104.52261567E-03 -38.59296441E-03
+39.85000E-06 +209.04523131E-03 -28.94472330E-03
+39.87500E-06 -209.04523138E-03 +19.29648221E-03
+39.90000E-06 -209.04523131E-03 +0.0E+00
+39.92500E-06 +104.52261571E-03 -38.59296441E-03
+39.95000E-06 -40E-12 +0.0E+00
+39.97500E-06 -313.56784701E-03 +9.64824110E-03
+40.00000E-06 +0.0E+00 -28.94472331E-03
+40.02500E-06 +313.56784698E-03 -28.94472331E-03
+40.05000E-06 -209.04523134E-03 +9.64824111E-03
+40.07500E-06 -313.56784701E-03 -9.64824110E-03
+40.10000E-06 +104.52261567E-03 -28.94472331E-03
+40.12500E-06 +104.52261571E-03 -0.0E+00
+40.15000E-06 -209.04523138E-03 +0.0E+00
+40.17500E-06 -104.52261567E-03 -19.29648220E-03
+40.20000E-06 +209.04523138E-03 -28.94472331E-03
+40.22500E-06 -40E-12 +0.0E+00
+40.25000E-06 -418.09046265E-03 +0.0E+00
+40.27500E-06 +40E-12 -28.94472331E-03
+40.30000E-06 +313.56784701E-03 -9.64824110E-03
+40.32500E-06 -209.04523134E-03 +19.29648220E-03
+40.35000E-06 -209.04523138E-03 -9.64824110E-03
+40.37500E-06 +209.04523134E-03 -28.94472331E-03
+40.40000E-06 +104.52261567E-03 -9.64824111E-03
+40.42500E-06 -418.09046268E-03 +0.0E+00
+40.45000E-06 -104.52261567E-03 -28.94472331E-03
+40.47500E-06 +209.04523138E-03 -28.94472330E-03
+40.50000E-06 -104.52261571E-03 +10E-12
+40.52500E-06 -418.09046268E-03 +19.29648220E-03
+40.55000E-06 +104.52261571E-03 -38.59296441E-03
+40.57500E-06 +313.56784701E-03 -19.29648221E-03
+40.60000E-06 -313.56784701E-03 +19.29648221E-03
+40.62500E-06 -418.09046265E-03 -9.64824110E-03
+40.65000E-06 +313.56784701E-03 -38.59296441E-03
+40.67500E-06 +104.52261563E-03 -9.64824110E-03
+40.70000E-06 -418.09046272E-03 +19.29648220E-03
+40.72500E-06 -104.52261563E-03 -28.94472331E-03
+40.75000E-06 +313.56784705E-03 -28.94472331E-03
+40.77500E-06 -104.52261567E-03 +9.64824111E-03
+40.80000E-06 -522.61307836E-03 +0.0E+00
+40.82500E-06 +209.04523134E-03 -57.88944661E-03
+40.85000E-06 +313.56784697E-03 -28.94472330E-03
+40.87500E-06 -313.56784705E-03 +28.94472331E-03
+40.90000E-06 -209.04523138E-03 -9.64824111E-03
+40.92500E-06 +313.56784705E-03 -38.59296441E-03
+40.95000E-06 -40E-12 -9.64824110E-03
+40.97500E-06 -522.61307839E-03 +19.29648220E-03
+41.00000E-06 -104.52261563E-03 -28.94472331E-03
+41.02500E-06 +418.09046268E-03 -38.59296441E-03
+41.05000E-06 -313.56784697E-03 +28.94472331E-03
+41.07500E-06 -522.61307832E-03 +0.0E+00
+41.10000E-06 +313.56784697E-03 -48.24120551E-03
+41.12500E-06 +209.04523134E-03 -9.64824111E-03
+41.15000E-06 -522.61307836E-03 +28.94472330E-03
+41.17500E-06 -313.56784697E-03 -19.29648220E-03
+41.20000E-06 +418.09046272E-03 -48.24120551E-03
+41.22500E-06 +104.52261563E-03 +9.64824110E-03
+41.25000E-06 -627.13569403E-03 +19.29648221E-03
+41.27500E-06 +40E-12 -38.59296441E-03
+41.30000E-06 +418.09046264E-03 -19.29648221E-03
+41.32500E-06 -418.09046264E-03 +28.94472331E-03
+41.35000E-06 -418.09046272E-03 -9.64824110E-03
+41.37500E-06 +418.09046268E-03 -57.88944661E-03
+41.40000E-06 +209.04523138E-03 -0.0E+00
+41.42500E-06 -731.65830970E-03 +28.94472331E-03
+41.45000E-06 -104.52261567E-03 -28.94472331E-03
+41.47500E-06 +627.13569403E-03 -57.88944661E-03
+41.50000E-06 -209.04523134E-03 +19.29648221E-03
+41.52500E-06 -731.65830970E-03 +19.29648220E-03
+41.55000E-06 +209.04523138E-03 -48.24120551E-03
+41.57500E-06 +522.61307832E-03 -28.94472331E-03
+41.60000E-06 -522.61307836E-03 +38.59296441E-03
+41.62500E-06 -313.56784705E-03 -19.29648221E-03
+41.65000E-06 +522.61307840E-03 -67.53768772E-03
+41.67500E-06 +209.04523130E-03 +9.64824110E-03
+41.70000E-06 -731.65830970E-03 +38.59296441E-03
+41.72500E-06 -40E-12 -48.24120552E-03
+41.75000E-06 +731.65830970E-03 -57.88944661E-03
+41.77500E-06 -209.04523138E-03 +38.59296441E-03
+41.80000E-06 -836.18092533E-03 +19.29648220E-03
+41.82500E-06 +418.09046268E-03 -77.18592882E-03
+41.85000E-06 +522.61307831E-03 -28.94472330E-03
+41.87500E-06 -627.13569403E-03 +67.53768772E-03
+41.90000E-06 -418.09046268E-03 -9.64824111E-03
+41.92500E-06 +627.13569407E-03 -67.53768772E-03
+41.95000E-06 +104.52261563E-03 +19.29648221E-03
+41.97500E-06 -940.70354104E-03 +38.59296441E-03
+42.00000E-06 +40E-12 -57.88944662E-03
+42.02500E-06 +731.65830970E-03 -57.88944661E-03
+42.05000E-06 -418.09046273E-03 +38.59296441E-03
+42.07500E-06 -731.65830970E-03 +19.29648221E-03
+42.10000E-06 +522.61307840E-03 -86.83416992E-03
+42.12500E-06 +522.61307836E-03 -19.29648220E-03
+42.15000E-06 -940.70354104E-03 +67.53768772E-03
+42.17500E-06 -418.09046264E-03 -28.94472331E-03
+42.20000E-06 +940.70354104E-03 -86.83416992E-03
+42.22500E-06 -40E-12 +19.29648222E-03
+42.25000E-06 -1.04522615671E+00 +57.88944661E-03
+42.27500E-06 +104.52261571E-03 -77.18592883E-03
+42.30000E-06 +836.18092537E-03 -48.24120551E-03
+42.32500E-06 -627.13569403E-03 +67.53768772E-03
+42.35000E-06 -731.65830970E-03 +0.0E+00
+42.37500E-06 +731.65830970E-03 -86.83416993E-03
+42.40000E-06 +418.09046268E-03 +0.0E+00
+42.42500E-06 -1.04522615671E+00 +57.88944662E-03
+42.45000E-06 -313.56784697E-03 -48.24120552E-03
+42.47500E-06 +1.04522615667E+00 -77.18592882E-03
+42.50000E-06 -209.04523139E-03 +48.24120552E-03
+42.52500E-06 -1.14974877234E+00 +48.24120551E-03
+42.55000E-06 +522.61307836E-03 -96.48241102E-03
+42.57500E-06 +836.18092537E-03 -38.59296441E-03
+42.60000E-06 -836.18092537E-03 +86.83416992E-03
+42.62500E-06 -731.65830965E-03 -19.29648220E-03
+42.65000E-06 +940.70354108E-03 -106.13065213E-03
+42.67500E-06 +418.09046264E-03 +19.29648221E-03
+42.70000E-06 -1.14974877243E+00 +86.83416992E-03
+42.72500E-06 -104.52261563E-03 -57.88944662E-03
+42.75000E-06 +1.14974877238E+00 -86.83416992E-03
+42.77500E-06 -313.56784710E-03 +86.83416992E-03
+42.80000E-06 -1.14974877238E+00 +38.59296441E-03
+42.82500E-06 +627.13569407E-03 -125.42713433E-03
+42.85000E-06 +940.70354100E-03 -38.59296440E-03
+42.87500E-06 -1.04522615671E+00 +86.83416993E-03
+42.90000E-06 -627.13569403E-03 -28.94472331E-03
+42.92500E-06 +1.14974877243E+00 -125.42713433E-03
+42.95000E-06 +209.04523130E-03 +38.59296442E-03
+42.97500E-06 -1.35879400377E+00 +86.83416992E-03
+43.00000E-06 +104.52261572E-03 -86.83416993E-03
+43.02500E-06 +1.25427138805E+00 -86.83416992E-03
+43.05000E-06 -627.13569407E-03 +96.48241103E-03
+43.07500E-06 -1.25427138796E+00 +28.94472331E-03
+43.10000E-06 +940.70354104E-03 -135.07537543E-03
+43.12500E-06 +731.65830970E-03 -9.64824110E-03
+43.15000E-06 -1.25427138810E+00 +115.77889323E-03
+43.17500E-06 -522.61307836E-03 -57.88944662E-03
+43.20000E-06 +1.46331661935E+00 -125.42713434E-03
+43.22500E-06 +104.52261558E-03 +57.88944662E-03
+43.25000E-06 -1.46331661940E+00 +77.18592882E-03
+43.27500E-06 +313.56784706E-03 -106.13065214E-03
+43.30000E-06 +1.35879400364E+00 -77.18592882E-03
+43.32500E-06 -940.70354104E-03 +115.77889324E-03
+43.35000E-06 -1.14974877238E+00 +9.64824110E-03
+43.37500E-06 +1.14974877243E+00 -144.72361654E-03
+43.40000E-06 +627.13569403E-03 +9.64824110E-03
+43.42500E-06 -1.56783923511E+00 +125.42713433E-03
+43.45000E-06 -418.09046264E-03 -86.83416992E-03
+43.47500E-06 +1.56783923511E+00 -135.07537543E-03
+43.50000E-06 -313.56784706E-03 +96.48241103E-03
+43.52500E-06 -1.67236185069E+00 +77.18592882E-03
+43.55000E-06 +627.13569407E-03 -144.72361654E-03
+43.57500E-06 +1.35879400373E+00 -48.24120551E-03
+43.60000E-06 -1.25427138810E+00 +135.07537544E-03
+43.62500E-06 -1.14974877234E+00 -9.64824111E-03
+43.65000E-06 +1.56783923507E+00 -173.66833984E-03
+43.67500E-06 +522.61307831E-03 +38.59296442E-03
+43.70000E-06 -1.88140708213E+00 +135.07537543E-03
+43.72500E-06 -209.04523125E-03 -106.13065213E-03
+43.75000E-06 +1.88140708203E+00 -125.42713434E-03
+43.77500E-06 -522.61307840E-03 +115.77889324E-03
+43.80000E-06 -1.77688446641E+00 +67.53768771E-03
+43.82500E-06 +940.70354113E-03 -183.31658095E-03
+43.85000E-06 +1.25427138805E+00 -38.59296441E-03
+43.87500E-06 -1.67236185074E+00 +164.02009875E-03
+43.90000E-06 -1.04522615667E+00 -38.59296442E-03
+43.92500E-06 +1.77688446646E+00 -164.02009875E-03
+43.95000E-06 +313.56784692E-03 +57.88944662E-03
+43.97500E-06 -2.09045231342E+00 +144.72361654E-03
+44.00000E-06 +104.52261576E-03 -135.07537545E-03
+44.02500E-06 +1.98592969771E+00 -125.42713433E-03
+44.05000E-06 -940.70354109E-03 +154.37185765E-03
+44.07500E-06 -1.77688446641E+00 +38.59296440E-03
+44.10000E-06 +1.35879400377E+00 -192.96482205E-03
+44.12500E-06 +1.25427138801E+00 -9.64824110E-03
+44.15000E-06 -1.88140708213E+00 +173.66833985E-03
+44.17500E-06 -836.18092527E-03 -77.18592883E-03
+44.20000E-06 +2.09045231347E+00 -183.31658095E-03
+44.22500E-06 -50E-12 +96.48241104E-03
+44.25000E-06 -2.29949754477E+00 +125.42713434E-03
+44.27500E-06 +522.61307845E-03 -173.66833985E-03
+44.30000E-06 +2.09045231338E+00 -106.13065212E-03
+44.32500E-06 -1.35879400377E+00 +192.96482205E-03
+44.35000E-06 -1.77688446631E+00 +19.29648220E-03
+44.37500E-06 +1.77688446646E+00 -231.55778647E-03
+44.40000E-06 +1.04522615666E+00 +28.94472331E-03
+44.42500E-06 -2.29949754477E+00 +183.31658095E-03
+44.45000E-06 -627.13569393E-03 -106.13065214E-03
+44.47500E-06 +2.29949754481E+00 -183.31658095E-03
+44.50000E-06 -313.56784711E-03 +164.02009875E-03
+44.52500E-06 -2.61306539168E+00 +115.77889323E-03
+44.55000E-06 +940.70354109E-03 -231.55778646E-03
+44.57500E-06 +1.98592969775E+00 -77.18592881E-03
+44.60000E-06 -1.77688446651E+00 +212.26130426E-03
+44.62500E-06 -1.56783923502E+00 -19.29648221E-03
+44.65000E-06 +2.29949754477E+00 -241.20602757E-03
+44.67500E-06 +731.65830970E-03 +67.53768773E-03
+44.70000E-06 -2.71758800745E+00 +202.61306315E-03
+44.72500E-06 -209.04523124E-03 -164.02009875E-03
+44.75000E-06 +2.71758800735E+00 -173.66833985E-03
+44.77500E-06 -731.65830980E-03 +202.61306316E-03
+44.80000E-06 -2.61306539168E+00 +106.13065212E-03
+44.82500E-06 +1.46331661945E+00 -260.50250977E-03
+44.85000E-06 +1.98592969770E+00 -48.24120550E-03
+44.87500E-06 -2.29949754477E+00 +250.85426867E-03
+44.90000E-06 -1.46331661935E+00 -57.88944663E-03
+44.92500E-06 +2.61306539183E+00 -250.85426867E-03
+44.95000E-06 +418.09046264E-03 +115.77889324E-03
+44.97500E-06 -2.92663323879E+00 +192.96482205E-03
+45.00000E-06 +209.04523149E-03 -212.26130427E-03
+45.02500E-06 +2.71758800745E+00 -164.02009873E-03
+45.05000E-06 -1.35879400377E+00 +241.20602757E-03
+45.07500E-06 -2.50854277601E+00 +67.53768771E-03
+45.10000E-06 +1.98592969775E+00 -289.44723308E-03
+45.12500E-06 +1.77688446636E+00 +10E-12
+45.15000E-06 -2.61306539183E+00 +260.50250977E-03
+45.17500E-06 -1.14974877228E+00 -115.77889324E-03
+45.20000E-06 +2.92663323879E+00 -260.50250977E-03
+45.22500E-06 +209.04523119E-03 +164.02009876E-03
+45.25000E-06 -3.13567847013E+00 +183.31658094E-03
+45.27500E-06 +836.18092547E-03 -260.50250978E-03
+45.30000E-06 +2.82211062307E+00 -135.07537542E-03
+45.32500E-06 -1.77688446646E+00 +289.44723309E-03
+45.35000E-06 -2.40402016039E+00 +28.94472330E-03
+45.37500E-06 +2.40402016049E+00 -328.04019749E-03
+45.40000E-06 +1.56783923497E+00 +48.24120552E-03
+45.42500E-06 -3.13567847019E+00 +279.79899198E-03
+45.45000E-06 -731.65830955E-03 -173.66833985E-03
+45.47500E-06 +3.24020108581E+00 -260.50250976E-03
+45.50000E-06 -522.61307846E-03 +231.55778647E-03
+45.52500E-06 -3.34472370143E+00 +164.02009873E-03
+45.55000E-06 +1.35879400383E+00 -318.39195639E-03
+45.57500E-06 +2.71758800740E+00 -96.48241102E-03
+45.60000E-06 -2.40402016049E+00 +318.39195638E-03
+45.62500E-06 -2.19497492899E+00 -38.59296442E-03
+45.65000E-06 +3.03115585446E+00 -347.33667969E-03
+45.67500E-06 +1.14974877228E+00 +106.13065215E-03
+45.70000E-06 -3.55376893282E+00 +289.44723308E-03
+45.72500E-06 -209.04523119E-03 -231.55778647E-03
+45.75000E-06 +3.55376893277E+00 -250.85426866E-03
+45.77500E-06 -1.04522615681E+00 +289.44723309E-03
+45.80000E-06 -3.34472370143E+00 +125.42713432E-03
+45.82500E-06 +1.98592969780E+00 -356.98492080E-03
+45.85000E-06 +2.71758800729E+00 -48.24120550E-03
+45.87500E-06 -2.92663323890E+00 +356.98492080E-03
+45.90000E-06 -1.98592969765E+00 -86.83416993E-03
+45.92500E-06 +3.34472370158E+00 -347.33667969E-03
+45.95000E-06 +627.13569392E-03 +154.37185767E-03
+45.97500E-06 -3.86733677983E+00 +279.79899197E-03
+46.00000E-06 +418.09046279E-03 -289.44723309E-03
+46.02500E-06 +3.65829154844E+00 -221.90954534E-03
+46.05000E-06 -1.67236185089E+00 +347.33667970E-03
+46.07500E-06 -3.24020108575E+00 +86.83416991E-03
+46.10000E-06 +2.50854277621E+00 -385.92964411E-03
+46.12500E-06 +2.29949754471E+00 +19.29648222E-03
+46.15000E-06 -3.55376893287E+00 +366.63316190E-03
+46.17500E-06 -1.35879400362E+00 -154.37185766E-03
+46.20000E-06 +3.86733677983E+00 -356.98492079E-03
+46.22500E-06 +104.52261551E-03 +241.20602758E-03
+46.25000E-06 -4.07638201118E+00 +250.85426866E-03
+46.27500E-06 +1.04522615682E+00 -356.98492080E-03
+46.30000E-06 +3.65829154844E+00 -164.02009874E-03
+46.32500E-06 -2.29949754487E+00 +385.92964411E-03
+46.35000E-06 -3.13567847003E+00 +19.29648220E-03
+46.37500E-06 +3.13567847024E+00 -424.52260852E-03
+46.40000E-06 +1.98592969765E+00 +77.18592884E-03
+46.42500E-06 -3.97185939556E+00 +366.63316190E-03
+46.45000E-06 -836.18092526E-03 -231.55778648E-03
+46.47500E-06 +4.18090462685E+00 -318.39195638E-03
+46.50000E-06 -627.13569413E-03 +328.04019750E-03
+46.52500E-06 -4.28542724246E+00 +212.26130425E-03
+46.55000E-06 +1.77688446652E+00 -414.87436742E-03
+46.57500E-06 +3.65829154833E+00 -115.77889322E-03
+46.60000E-06 -3.03115585457E+00 +424.52260852E-03
+46.62500E-06 -2.71758800740E+00 -67.53768773E-03
+46.65000E-06 +3.76281416422E+00 -453.46733182E-03
+46.67500E-06 +1.46331661924E+00 +164.02009877E-03
+46.70000E-06 -4.38994985824E+00 +376.28140300E-03
+46.72500E-06 -313.56784680E-03 -318.39195640E-03
+46.75000E-06 +4.38994985819E+00 -308.74371527E-03
+46.77500E-06 -1.35879400383E+00 +385.92964412E-03
+46.80000E-06 -4.28542724241E+00 +164.02009873E-03
+46.82500E-06 +2.50854277622E+00 -482.41205513E-03
+46.85000E-06 +3.34472370132E+00 -38.59296439E-03
+46.87500E-06 -3.76281416422E+00 +453.46733183E-03
+46.90000E-06 -2.29949754466E+00 -135.07537545E-03
+46.92500E-06 +4.38994985819E+00 -443.81909072E-03
+46.95000E-06 +836.18092521E-03 +241.20602759E-03
+46.97500E-06 -4.80804032087E+00 +356.98492078E-03
+47.00000E-06 +418.09046285E-03 -385.92964413E-03
+47.02500E-06 +4.59899508948E+00 -270.15075086E-03
+47.05000E-06 -1.98592969792E+00 +453.46733183E-03
+47.07500E-06 -4.07638201107E+00 +96.48241101E-03
+47.10000E-06 +3.24020108592E+00 -511.35677844E-03
+47.12500E-06 +2.92663323868E+00 +38.59296443E-03
+47.15000E-06 -4.28542724257E+00 +472.76381403E-03
+47.17500E-06 -1.77688446625E+00 -221.90954538E-03
+47.20000E-06 +4.70351770526E+00 -453.46733181E-03
+47.22500E-06 +104.52261556E-03 +328.04019751E-03
+47.25000E-06 -5.01708555222E+00 +308.74371527E-03
+47.27500E-06 +1.35879400384E+00 -472.76381404E-03
+47.30000E-06 +4.49447247375E+00 -183.31658094E-03
+47.32500E-06 -2.92663323885E+00 +511.35677845E-03
+47.35000E-06 -3.76281416405E+00 +9.64824109E-03
+47.37500E-06 +3.86733677994E+00 -549.94974285E-03
+47.40000E-06 +2.40402016033E+00 +125.42713436E-03
+47.42500E-06 -4.80804032098E+00 +472.76381403E-03
+47.45000E-06 -1.04522615655E+00 -318.39195639E-03
+47.47500E-06 +5.01708555222E+00 -405.22612630E-03
+47.50000E-06 -627.13569419E-03 +414.87436743E-03
+47.52500E-06 -5.22613078339E+00 +260.50250975E-03
+47.55000E-06 +2.09045231353E+00 -521.00501956E-03
+47.57500E-06 +4.28542724241E+00 -106.13065211E-03
+47.60000E-06 -3.55376893293E+00 +559.59798395E-03
+47.62500E-06 -3.24020108569E+00 -77.18592884E-03
+47.65000E-06 +4.59899508953E+00 -549.94974285E-03
+47.67500E-06 +1.67236185057E+00 +231.55778649E-03
+47.70000E-06 -5.22613078361E+00 +453.46733181E-03
+47.72500E-06 -313.56784679E-03 -405.22612632E-03
+47.75000E-06 +5.22613078350E+00 -356.98492078E-03
+47.77500E-06 -1.46331661962E+00 +501.70853735E-03
+47.80000E-06 -5.01708555205E+00 +183.31658093E-03
+47.82500E-06 +2.92663323896E+00 -578.89446617E-03
+47.85000E-06 +3.97185939533E+00 -19.29648219E-03
+47.87500E-06 -4.28542724263E+00 +569.24622506E-03
+47.90000E-06 -2.71758800728E+00 -173.66833987E-03
+47.92500E-06 +5.01708555227E+00 -540.30150175E-03
+47.95000E-06 +1.04522615648E+00 +318.39195642E-03
+47.97500E-06 -5.53969863063E+00 +434.17084960E-03
+48.00000E-06 +627.13569420E-03 -482.41205516E-03
+48.02500E-06 +5.33065339917E+00 -308.74371526E-03
+48.05000E-06 -2.40402016061E+00 +569.24622506E-03
+48.07500E-06 -4.70351770515E+00 +86.83416991E-03
+48.10000E-06 +3.76281416428E+00 -617.48743057E-03
+48.12500E-06 +3.34472370130E+00 +77.18592884E-03
+48.15000E-06 -5.01708555227E+00 +578.89446616E-03
+48.17500E-06 -1.98592969758E+00 -279.79899200E-03
+48.20000E-06 +5.43517601496E+00 -511.35677843E-03
+48.22500E-06 +209.04523111E-03 +414.87436743E-03
+48.25000E-06 -5.74874386186E+00 +356.98492078E-03
+48.27500E-06 +1.35879400396E+00 -559.59798397E-03
+48.30000E-06 +5.12160816777E+00 -202.61306313E-03
+48.32500E-06 -3.24020108598E+00 +617.48743057E-03
+48.35000E-06 -4.18090462673E+00 -9.64824113E-03
+48.37500E-06 +4.38994985830E+00 -636.78391277E-03
+48.40000E-06 +2.61306539166E+00 +183.31658097E-03
+48.42500E-06 -5.43517601496E+00 +559.59798395E-03
+48.45000E-06 -1.14974877221E+00 -385.92964412E-03
+48.47500E-06 +5.74874386191E+00 -472.76381401E-03
+48.50000E-06 -731.65830993E-03 +511.35677846E-03
+48.52500E-06 -5.74874386180E+00 +289.44723305E-03
+48.55000E-06 +2.29949754500E+00 -627.13567169E-03
+48.57500E-06 +4.80804032076E+00 -106.13065211E-03
+48.60000E-06 -3.97185939568E+00 +646.43215388E-03
+48.62500E-06 -3.76281416393E+00 -125.42713436E-03
+48.65000E-06 +5.01708555227E+00 -646.43215387E-03
+48.67500E-06 +1.98592969758E+00 +299.09547420E-03
+48.70000E-06 -5.85326647764E+00 +540.30150173E-03
+48.72500E-06 -313.56784678E-03 -492.06029625E-03
+48.75000E-06 +5.85326647758E+00 -395.57788519E-03
+48.77500E-06 -1.56783923530E+00 +598.19094837E-03
+48.80000E-06 -5.53969863045E+00 +192.96482202E-03
+48.82500E-06 +3.24020108598E+00 -675.37687719E-03
+48.85000E-06 +4.28542724240E+00 -9.64824108E-03
+48.87500E-06 -4.70351770538E+00 +646.43215388E-03
+48.90000E-06 -2.92663323867E+00 -231.55778649E-03
+48.92500E-06 +5.53969863069E+00 -617.48743056E-03
+48.95000E-06 +1.04522615653E+00 +395.57788524E-03
+48.97500E-06 -6.06231170893E+00 +482.41205511E-03
+49.00000E-06 +627.13569427E-03 -569.24622508E-03
+49.02500E-06 +5.74874386185E+00 -328.04019746E-03
+49.05000E-06 -2.61306539196E+00 +656.08039499E-03
+49.07500E-06 -5.22613078332E+00 +96.48241099E-03
+49.10000E-06 +4.07638201129E+00 -704.32160049E-03
+49.12500E-06 +3.76281416398E+00 +115.77889325E-03
+49.15000E-06 -5.22613078368E+00 +646.43215388E-03
+49.17500E-06 -2.19497492885E+00 -347.33667971E-03
+49.20000E-06 +5.95778909326E+00 -559.59798395E-03
+49.22500E-06 +209.04523104E-03 +492.06029626E-03
+49.25000E-06 -6.16683432460E+00 +395.57788519E-03
+49.27500E-06 +1.56783923531E+00 -646.43215389E-03
+49.30000E-06 +5.53969863045E+00 -202.61306313E-03
+49.32500E-06 -3.44924631733E+00 +704.32160050E-03
+49.35000E-06 -4.49447247374E+00 -38.59296443E-03
+49.37500E-06 +4.70351770532E+00 -713.96984160E-03
+49.40000E-06 +2.92663323861E+00 +221.90954539E-03
+49.42500E-06 -5.85326647765E+00 +607.83918946E-03
+49.45000E-06 -1.35879400342E+00 -443.81909075E-03
+49.47500E-06 +6.06231170899E+00 -501.70853732E-03
+49.50000E-06 -627.13569439E-03 +588.54270728E-03
+49.52500E-06 -6.06231170881E+00 +289.44723305E-03
+49.55000E-06 +2.50854277635E+00 -713.96984161E-03
+49.57500E-06 +5.01708555209E+00 -96.48241099E-03
+49.60000E-06 -4.28542724264E+00 +723.61808270E-03
+49.62500E-06 -3.86733677965E+00 -154.37185767E-03
+49.65000E-06 +5.22613078368E+00 -704.32160049E-03
+49.67500E-06 +1.98592969757E+00 +347.33667972E-03
+49.70000E-06 -6.06231170905E+00 +559.59798394E-03
+49.72500E-06 -313.56784677E-03 -549.94974287E-03
+49.75000E-06 +6.16683432448E+00 -424.52260848E-03
+49.77500E-06 -1.77688446659E+00 +665.72863610E-03
+49.80000E-06 -5.74874386179E+00 +192.96482201E-03
+49.82500E-06 +3.34472370166E+00 -742.91456491E-03
+49.85000E-06 +4.49447247367E+00 +19.29648224E-03
+49.87500E-06 -4.91256293667E+00 +723.61808270E-03
+49.90000E-06 -3.03115585428E+00 -270.15075090E-03
+49.92500E-06 +5.74874386198E+00 -665.72863607E-03
+49.95000E-06 +1.25427138774E+00 +453.46733185E-03
+49.97500E-06 -6.16683432466E+00 +482.41205511E-03
+50.00000E-06 +627.13569427E-03 -636.78391280E-03
+50.02500E-06 +5.95778909313E+00 -318.39195637E-03
+50.05000E-06 -2.61306539203E+00 +723.61808270E-03
+50.07500E-06 -5.22613078337E+00 +77.18592879E-03
+50.10000E-06 +4.07638201136E+00 -752.56280600E-03
+50.12500E-06 +3.65829154837E+00 +154.37185767E-03
+50.15000E-06 -5.43517601502E+00 +685.02511827E-03
+50.17500E-06 -2.19497492884E+00 -385.92964414E-03
+50.20000E-06 +5.95778909332E+00 -588.54270725E-03
+50.22500E-06 +209.04523109E-03 +540.30150178E-03
+50.25000E-06 -6.27135694021E+00 +395.57788519E-03
+50.27500E-06 +1.56783923532E+00 -694.67335941E-03
+50.30000E-06 +5.64422124605E+00 -202.61306313E-03
+50.32500E-06 -3.55376893295E+00 +742.91456490E-03
+50.35000E-06 -4.59899508928E+00 -57.88944665E-03
+50.37500E-06 +4.70351770539E+00 -742.91456490E-03
+50.40000E-06 +2.92663323860E+00 +270.15075090E-03
+50.42500E-06 -5.74874386204E+00 +636.78391276E-03
+50.45000E-06 -1.35879400341E+00 -501.70853736E-03
+50.47500E-06 +6.06231170899E+00 -511.35677842E-03
+50.50000E-06 -731.65830995E-03 +627.13567169E-03
+50.52500E-06 -6.06231170886E+00 +279.79899195E-03
+50.55000E-06 +2.50854277636E+00 -752.56280602E-03
+50.57500E-06 +5.01708555203E+00 -67.53768769E-03
+50.60000E-06 -4.18090462704E+00 +742.91456490E-03
+50.62500E-06 -3.86733677964E+00 -183.31658098E-03
+50.65000E-06 +5.22613078369E+00 -713.96984158E-03
+50.67500E-06 +1.98592969750E+00 +385.92964413E-03
+50.70000E-06 -6.06231170899E+00 +569.24622504E-03
+50.72500E-06 -418.09046230E-03 -588.54270728E-03
+50.75000E-06 +6.06231170886E+00 -395.57788519E-03
+50.77500E-06 -1.56783923532E+00 +694.67335941E-03
+50.80000E-06 -5.64422124605E+00 +154.37185761E-03
+50.82500E-06 +3.34472370161E+00 -762.21104712E-03
+50.85000E-06 +4.38994985800E+00 +57.88944665E-03
+50.87500E-06 -4.70351770539E+00 +713.96984160E-03
+50.90000E-06 -3.03115585427E+00 -289.44723312E-03
+50.92500E-06 +5.53969863064E+00 -656.08039497E-03
+50.95000E-06 +1.14974877212E+00 +482.41205516E-03
+50.97500E-06 -6.06231170893E+00 +482.41205510E-03
+51.00000E-06 +522.61307861E-03 -665.72863610E-03
+51.02500E-06 +5.74874386191E+00 -299.09547414E-03
+51.05000E-06 -2.50854277637E+00 +733.26632381E-03
+51.07500E-06 -5.12160816763E+00 +38.59296438E-03
+51.10000E-06 +3.97185939563E+00 -752.56280601E-03
+51.12500E-06 +3.55376893262E+00 +164.02009878E-03
+51.15000E-06 -5.12160816802E+00 +685.02511828E-03
+51.17500E-06 -2.09045231323E+00 -405.22612635E-03
+51.20000E-06 +5.74874386198E+00 -578.89446614E-03
+51.22500E-06 +209.04523108E-03 +559.59798398E-03
+51.25000E-06 -5.95778909326E+00 +376.28140297E-03
+51.27500E-06 +1.46331661966E+00 -704.32160051E-03
+51.30000E-06 +5.22613078343E+00 -164.02009872E-03
+51.32500E-06 -3.34472370161E+00 +742.91456491E-03
+51.35000E-06 -4.38994985799E+00 -86.83416995E-03
+51.37500E-06 +4.49447247399E+00 -733.26632380E-03
+51.40000E-06 +2.71758800732E+00 +308.74371530E-03
+51.42500E-06 -5.43517601503E+00 +607.83918946E-03
+51.45000E-06 -1.25427138772E+00 -511.35677847E-03
+51.47500E-06 +5.74874386191E+00 -472.76381401E-03
+51.50000E-06 -627.13569436E-03 +636.78391279E-03
+51.52500E-06 -5.64422124618E+00 +250.85426865E-03
+51.55000E-06 +2.29949754503E+00 -742.91456491E-03
+51.57500E-06 +4.70351770507E+00 -57.88944658E-03
+51.60000E-06 -3.86733677997E+00 +733.26632379E-03
+51.62500E-06 -3.55376893269E+00 -212.26130428E-03
+51.65000E-06 +4.80804032094E+00 -685.02511827E-03
+51.67500E-06 +1.88140708188E+00 +395.57788524E-03
+51.70000E-06 -5.64422124631E+00 +540.30150172E-03
+51.72500E-06 -313.56784675E-03 -598.19094839E-03
+51.75000E-06 +5.43517601490E+00 -376.28140297E-03
+51.77500E-06 -1.46331661973E+00 +685.02511830E-03
+51.80000E-06 -5.22613078336E+00 +135.07537540E-03
+51.82500E-06 +2.92663323906E+00 -752.56280600E-03
+51.85000E-06 +3.97185939537E+00 +77.18592886E-03
+51.87500E-06 -4.28542724272E+00 +694.67335939E-03
+51.90000E-06 -2.82211062285E+00 -299.09547422E-03
+51.92500E-06 +5.01708555228E+00 -607.83918946E-03
+51.95000E-06 +1.04522615651E+00 +492.06029626E-03
+51.97500E-06 -5.43517601497E+00 +434.17084960E-03
+52.00000E-06 +522.61307863E-03 -646.43215390E-03
+52.02500E-06 +5.22613078342E+00 -260.50250974E-03
+52.05000E-06 -2.19497492943E+00 +694.67335941E-03
+52.07500E-06 -4.59899508940E+00 +19.29648217E-03
+52.10000E-06 +3.55376893289E+00 -713.96984160E-03
+52.12500E-06 +3.24020108567E+00 +192.96482208E-03
+52.15000E-06 -4.70351770527E+00 +636.78391277E-03
+52.17500E-06 -1.98592969748E+00 -405.22612634E-03
+52.20000E-06 +5.12160816795E+00 -521.00501953E-03
+52.22500E-06 +209.04523107E-03 +549.94974288E-03
+52.25000E-06 -5.22613078356E+00 +318.39195636E-03
+52.27500E-06 +1.25427138833E+00 -685.02511830E-03
+52.30000E-06 +4.70351770507E+00 -125.42713430E-03
+52.32500E-06 -2.92663323900E+00 +685.02511829E-03
+52.35000E-06 -3.86733677963E+00 -96.48241106E-03
+52.37500E-06 +3.97185939557E+00 -675.37687718E-03
+52.40000E-06 +2.40402016023E+00 +308.74371531E-03
+52.42500E-06 -4.80804032101E+00 +540.30150174E-03
+52.45000E-06 -1.14974877211E+00 -501.70853736E-03
+52.47500E-06 +5.01708555222E+00 -424.52260849E-03
+52.50000E-06 -627.13569423E-03 +598.19094838E-03
+52.52500E-06 -4.91256293648E+00 +212.26130423E-03
+52.55000E-06 +1.88140708236E+00 -694.67335939E-03
+52.57500E-06 +4.18090462671E+00 -9.64824107E-03
+52.60000E-06 -3.34472370168E+00 +675.37687718E-03
+52.62500E-06 -3.03115585439E+00 -221.90954539E-03
+52.65000E-06 +4.18090462698E+00 -627.13567166E-03
+52.67500E-06 +1.67236185053E+00 +385.92964413E-03
+52.70000E-06 -4.80804032094E+00 +472.76381401E-03
+52.72500E-06 -313.56784674E-03 -559.59798398E-03
+52.75000E-06 +4.70351770520E+00 -318.39195636E-03
+52.77500E-06 -1.25427138833E+00 +636.78391279E-03
+52.80000E-06 -4.38994985812E+00 +96.48241099E-03
+52.82500E-06 +2.50854277625E+00 -675.37687719E-03
+52.85000E-06 +3.34472370148E+00 +96.48241105E-03
+52.87500E-06 -3.65829154863E+00 +617.48743056E-03
+52.90000E-06 -2.40402016023E+00 -318.39195641E-03
+52.92500E-06 +4.28542724259E+00 -549.94974283E-03
+52.95000E-06 +940.70354076E-03 +453.46733185E-03
+52.97500E-06 -4.70351770527E+00 +376.28140298E-03
+53.00000E-06 +418.09046289E-03 -588.54270728E-03
+53.02500E-06 +4.38994985812E+00 -212.26130423E-03
+53.05000E-06 -1.88140708229E+00 +627.13567168E-03
+53.07500E-06 -3.86733677969E+00 -19.29648223E-03
+53.10000E-06 +2.92663323893E+00 -646.43215388E-03
+53.12500E-06 +2.71758800731E+00 +202.61306318E-03
+53.15000E-06 -3.97185939557E+00 +559.59798395E-03
+53.17500E-06 -1.67236185053E+00 -385.92964413E-03
+53.20000E-06 +4.28542724259E+00 -463.11557290E-03
+53.22500E-06 +209.04523113E-03 +492.06029626E-03
+53.25000E-06 -4.38994985812E+00 +260.50250975E-03
+53.27500E-06 +1.14974877252E+00 -607.83918948E-03
+53.30000E-06 +3.97185939529E+00 -96.48241099E-03
+53.32500E-06 -2.40402016058E+00 +607.83918947E-03
+53.35000E-06 -3.24020108566E+00 -115.77889326E-03
+53.37500E-06 +3.24020108595E+00 -598.19094835E-03
+53.40000E-06 +1.98592969768E+00 +289.44723309E-03
+53.42500E-06 -3.97185939557E+00 +472.76381402E-03
+53.45000E-06 -836.18092523E-03 -453.46733185E-03
+53.47500E-06 +4.07638201125E+00 -356.98492077E-03
+53.50000E-06 -522.61307857E-03 +521.00501956E-03
+53.52500E-06 -4.07638201110E+00 +164.02009871E-03
+53.55000E-06 +1.67236185088E+00 -607.83918948E-03
+53.57500E-06 +3.34472370133E+00 +9.64824113E-03
+53.60000E-06 -2.82211062319E+00 +569.24622505E-03
+53.62500E-06 -2.61306539164E+00 -231.55778648E-03
+53.65000E-06 +3.44924631715E+00 -521.00501953E-03
+53.67500E-06 +1.35879400351E+00 +337.68843863E-03
+53.70000E-06 -3.97185939550E+00 +395.57788518E-03
+53.72500E-06 -313.56784673E-03 -492.06029626E-03
+53.75000E-06 +3.86733677983E+00 -250.85426864E-03
+53.77500E-06 -1.04522615693E+00 +540.30150176E-03
+53.80000E-06 -3.55376893275E+00 +48.24120549E-03
+53.82500E-06 +2.09045231350E+00 -578.89446616E-03
+53.85000E-06 +2.71758800738E+00 +96.48241105E-03
+53.87500E-06 -3.03115585454E+00 +530.65326063E-03
+53.90000E-06 -1.88140708201E+00 -279.79899201E-03
+53.92500E-06 +3.44924631722E+00 -443.81909071E-03
+53.95000E-06 +731.65830955E-03 +395.57788524E-03
+53.97500E-06 -3.76281416416E+00 +299.09547416E-03
+54.00000E-06 +209.04523156E-03 -501.70853736E-03
+54.02500E-06 +3.44924631708E+00 -164.02009871E-03
+54.05000E-06 -1.56783923521E+00 +521.00501956E-03
+54.07500E-06 -3.03115585439E+00 -28.94472334E-03
+54.10000E-06 +2.40402016051E+00 -549.94974285E-03
+54.12500E-06 +2.09045231335E+00 +183.31658097E-03
+54.15000E-06 -3.13567847021E+00 +443.81909072E-03
+54.17500E-06 -1.25427138783E+00 -337.68843861E-03
+54.20000E-06 +3.34472370155E+00 -356.98492079E-03
+54.22500E-06 +104.52261560E-03 +434.17084963E-03
+54.25000E-06 -3.44924631715E+00 +192.96482203E-03
+54.27500E-06 +836.18092559E-03 -501.70853735E-03
+54.30000E-06 +3.03115585439E+00 -57.88944660E-03
+54.32500E-06 -1.98592969783E+00 +501.70853733E-03
+54.35000E-06 -2.50854277596E+00 -115.77889325E-03
+54.37500E-06 +2.50854277618E+00 -482.41205511E-03
+54.40000E-06 +1.56783923499E+00 +241.20602758E-03
+54.42500E-06 -3.13567847013E+00 +366.63316190E-03
+54.45000E-06 -731.65830955E-03 -385.92964413E-03
+54.47500E-06 +3.13567847013E+00 -270.15075086E-03
+54.50000E-06 -313.56784723E-03 +453.46733183E-03
+54.52500E-06 -3.13567847006E+00 +106.13065210E-03
+54.55000E-06 +1.25427138820E+00 -492.06029624E-03
+54.57500E-06 +2.61306539163E+00 +28.94472333E-03
+54.60000E-06 -2.19497492917E+00 +463.11557292E-03
+54.62500E-06 -1.98592969768E+00 -183.31658097E-03
+54.65000E-06 +2.61306539185E+00 -424.52260850E-03
+54.67500E-06 +1.04522615656E+00 +299.09547420E-03
+54.70000E-06 -3.03115585454E+00 +299.09547416E-03
+54.72500E-06 -209.04523119E-03 -405.22612632E-03
+54.75000E-06 +2.82211062320E+00 -192.96482202E-03
+54.77500E-06 -836.18092552E-03 +443.81909072E-03
+54.80000E-06 -2.82211062297E+00 +19.29648218E-03
+54.82500E-06 +1.46331661955E+00 -463.11557292E-03
+54.85000E-06 +2.09045231335E+00 +106.13065215E-03
+54.87500E-06 -2.29949754477E+00 +414.87436740E-03
+54.90000E-06 -1.35879400380E+00 -250.85426868E-03
+54.92500E-06 +2.61306539185E+00 -356.98492077E-03
+54.95000E-06 +522.61307821E-03 +337.68843860E-03
+54.97500E-06 -2.92663323879E+00 +221.90954533E-03
+55.00000E-06 +209.04523149E-03 -414.87436744E-03
+55.02500E-06 +2.50854277618E+00 -106.13065210E-03
+55.05000E-06 -1.14974877253E+00 +405.22612632E-03
+55.07500E-06 -2.29949754469E+00 -48.24120554E-03
+55.10000E-06 +1.67236185089E+00 -434.17084961E-03
+55.12500E-06 +1.46331661940E+00 +164.02009876E-03
+55.15000E-06 -2.40402016051E+00 +347.33667969E-03
+55.17500E-06 -1.04522615656E+00 -289.44723310E-03
+55.20000E-06 +2.40402016051E+00 -270.15075087E-03
+55.22500E-06 +104.52261552E-03 +347.33667970E-03
+55.25000E-06 -2.50854277618E+00 +144.72361652E-03
+55.27500E-06 +627.13569410E-03 -405.22612631E-03
+55.30000E-06 +2.19497492902E+00 -28.94472329E-03
+55.32500E-06 -1.35879400388E+00 +385.92964410E-03
+55.35000E-06 -1.88140708200E+00 -125.42713435E-03
+55.37500E-06 +1.77688446649E+00 -376.28140299E-03
+55.40000E-06 +1.14974877231E+00 +202.61306316E-03
+55.42500E-06 -2.29949754477E+00 +270.15075086E-03
+55.45000E-06 -627.13569387E-03 -328.04019748E-03
+55.47500E-06 +2.29949754484E+00 -202.61306314E-03
+55.50000E-06 -209.04523157E-03 +347.33667970E-03
+55.52500E-06 -2.40402016036E+00 +67.53768770E-03
+55.55000E-06 +731.65830993E-03 -385.92964410E-03
+55.57500E-06 +1.88140708200E+00 +28.94472333E-03
+55.60000E-06 -1.56783923507E+00 +347.33667968E-03
+55.62500E-06 -1.46331661932E+00 -173.66833986E-03
+55.65000E-06 +1.88140708208E+00 -318.39195638E-03
+55.67500E-06 +731.65830954E-03 +241.20602758E-03
+55.70000E-06 -2.19497492917E+00 +202.61306315E-03
+55.72500E-06 -209.04523119E-03 -308.74371529E-03
+55.75000E-06 +2.09045231335E+00 -135.07537542E-03
+55.77500E-06 -627.13569410E-03 +337.68843859E-03
+55.80000E-06 -1.98592969768E+00 +9.64824108E-03
+55.82500E-06 +1.04522615679E+00 -366.63316190E-03
+55.85000E-06 +1.56783923499E+00 +86.83416994E-03
+55.87500E-06 -1.56783923514E+00 +299.09547418E-03
+55.90000E-06 -1.04522615671E+00 -192.96482207E-03
+55.92500E-06 +1.77688446649E+00 -260.50250976E-03
+55.95000E-06 +313.56784701E-03 +250.85426868E-03
+55.97500E-06 -1.98592969783E+00 +154.37185763E-03
+56.00000E-06 +209.04523142E-03 -318.39195640E-03
+56.02500E-06 +1.77688446641E+00 -77.18592880E-03
+56.05000E-06 -731.65830993E-03 +308.74371529E-03
+56.07500E-06 -1.56783923499E+00 -57.88944662E-03
+56.10000E-06 +1.14974877246E+00 -318.39195639E-03
+56.12500E-06 +1.04522615671E+00 +115.77889325E-03
+56.15000E-06 -1.67236185074E+00 +241.20602756E-03
+56.17500E-06 -731.65830962E-03 -212.26130427E-03
+56.20000E-06 +1.77688446633E+00 -202.61306314E-03
+56.22500E-06 +0.0E+00 +260.50250977E-03
+56.25000E-06 -1.77688446641E+00 +96.48241101E-03
+56.27500E-06 +418.09046276E-03 -299.09547420E-03
+56.30000E-06 +1.56783923491E+00 -9.64824109E-03
+56.32500E-06 -1.04522615671E+00 +279.79899197E-03
+56.35000E-06 -1.25427138798E+00 -96.48241104E-03
+56.37500E-06 +1.14974877254E+00 -270.15075087E-03
+56.40000E-06 +731.65830970E-03 +164.02009875E-03
+56.42500E-06 -1.67236185074E+00 +192.96482205E-03
+56.45000E-06 -522.61307820E-03 -241.20602757E-03
+56.47500E-06 +1.56783923499E+00 -135.07537543E-03
+56.50000E-06 -104.52261591E-03 +241.20602758E-03
+56.52500E-06 -1.67236185066E+00 +28.94472329E-03
+56.55000E-06 +522.61307843E-03 -279.79899198E-03
+56.57500E-06 +1.25427138797E+00 +38.59296442E-03
+56.60000E-06 -1.04522615679E+00 +250.85426866E-03
+56.62500E-06 -1.04522615663E+00 -135.07537545E-03
+56.65000E-06 +1.25427138805E+00 -221.90954535E-03
+56.67500E-06 +522.61307836E-03 +183.31658096E-03
+56.70000E-06 -1.46331661940E+00 +144.72361653E-03
+56.72500E-06 -209.04523118E-03 -231.55778648E-03
+56.75000E-06 +1.46331661932E+00 -86.83416991E-03
+56.77500E-06 -418.09046276E-03 +241.20602757E-03
+56.80000E-06 -1.35879400365E+00 -9.64824112E-03
+56.82500E-06 +731.65830970E-03 -260.50250977E-03
+56.85000E-06 +1.04522615655E+00 +67.53768773E-03
+56.87500E-06 -1.14974877238E+00 +202.61306316E-03
+56.90000E-06 -731.65830970E-03 -144.72361655E-03
+56.92500E-06 +1.14974877238E+00 -164.02009874E-03
+56.95000E-06 +209.04523126E-03 +183.31658096E-03
+56.97500E-06 -1.25427138805E+00 +96.48241101E-03
+57.00000E-06 +104.52261575E-03 -231.55778646E-03
+57.02500E-06 +1.14974877238E+00 -38.59296440E-03
+57.05000E-06 -627.13569403E-03 +212.26130426E-03
+57.07500E-06 -1.04522615671E+00 -38.59296443E-03
+57.10000E-06 +731.65830970E-03 -212.26130426E-03
+57.12500E-06 +731.65830962E-03 +96.48241103E-03
+57.15000E-06 -1.14974877238E+00 +154.37185764E-03
+57.17500E-06 -522.61307819E-03 -173.66833986E-03
+57.20000E-06 +1.04522615679E+00 -135.07537544E-03
+57.22500E-06 -80E-12 +183.31658095E-03
+57.25000E-06 -1.14974877246E+00 +48.24120551E-03
+57.27500E-06 +209.04523142E-03 -212.26130426E-03
+57.30000E-06 +940.70354104E-03 -9.64824109E-03
+57.32500E-06 -731.65830970E-03 +192.96482205E-03
+57.35000E-06 -836.18092537E-03 -86.83416993E-03
+57.37500E-06 +836.18092529E-03 -183.31658094E-03
+57.40000E-06 +418.09046268E-03 +115.77889323E-03
+57.42500E-06 -1.04522615663E+00 +115.77889322E-03
+57.45000E-06 -313.56784693E-03 -173.66833985E-03
+57.47500E-06 +836.18092553E-03 -96.48241101E-03
+57.50000E-06 -104.52261583E-03 +173.66833985E-03
+57.52500E-06 -1.04522615663E+00 +9.64824110E-03
+57.55000E-06 +313.56784709E-03 -183.31658095E-03
+57.57500E-06 +731.65830970E-03 +38.59296442E-03
+57.60000E-06 -731.65830970E-03 +164.02009873E-03
+57.62500E-06 -627.13569403E-03 -96.48241104E-03
+57.65000E-06 +836.18092537E-03 -135.07537544E-03
+57.67500E-06 +313.56784693E-03 +135.07537543E-03
+57.70000E-06 -940.70354104E-03 +86.83416991E-03
+57.72500E-06 -209.04523126E-03 -164.02009876E-03
+57.75000E-06 +836.18092537E-03 -57.88944661E-03
+57.77500E-06 -209.04523151E-03 +154.37185765E-03
+57.80000E-06 -940.70354088E-03 -9.64824112E-03
+57.82500E-06 +418.09046268E-03 -173.66833984E-03
+57.85000E-06 +627.13569386E-03 +48.24120552E-03
+57.87500E-06 -731.65830970E-03 +125.42713434E-03
+57.90000E-06 -418.09046277E-03 -106.13065213E-03
+57.92500E-06 +731.65830970E-03 -115.77889322E-03
+57.95000E-06 +104.52261567E-03 +106.13065215E-03
+57.97500E-06 -836.18092545E-03 +48.24120550E-03
+58.00000E-06 +80E-12 -154.37185765E-03
+58.02500E-06 +731.65830970E-03 -28.94472330E-03
+58.05000E-06 -313.56784710E-03 +135.07537545E-03
+58.07500E-06 -627.13569394E-03 -38.59296441E-03
+58.10000E-06 +418.09046277E-03 -135.07537543E-03
+58.12500E-06 +313.56784710E-03 +67.53768772E-03
+58.15000E-06 -731.65830970E-03 +106.13065212E-03
+58.17500E-06 -418.09046252E-03 -115.77889324E-03
+58.20000E-06 +627.13569411E-03 -86.83416992E-03
+58.22500E-06 +0.0E+00 +115.77889323E-03
+58.25000E-06 -731.65830970E-03 +19.29648220E-03
+58.27500E-06 +104.52261567E-03 -135.07537543E-03
+58.30000E-06 +627.13569403E-03 +10E-12
+58.32500E-06 -522.61307819E-03 +115.77889322E-03
+58.35000E-06 -522.61307836E-03 -67.53768772E-03
+58.37500E-06 +418.09046268E-03 -106.13065213E-03
+58.40000E-06 +209.04523134E-03 +77.18592882E-03
+58.42500E-06 -627.13569411E-03 +67.53768771E-03
+58.45000E-06 -209.04523134E-03 -115.77889322E-03
+58.47500E-06 +522.61307836E-03 -57.88944661E-03
+58.50000E-06 -104.52261575E-03 +106.13065214E-03
+58.52500E-06 -627.13569403E-03 +9.64824109E-03
+58.55000E-06 +209.04523134E-03 -125.42713434E-03
+58.57500E-06 +418.09046268E-03 +19.29648221E-03
+58.60000E-06 -418.09046268E-03 +86.83416992E-03
+58.62500E-06 -418.09046268E-03 -77.18592882E-03
+58.65000E-06 +418.09046268E-03 -96.48241101E-03
+58.67500E-06 +104.52261576E-03 +77.18592882E-03
+58.70000E-06 -522.61307844E-03 +48.24120551E-03
+58.72500E-06 -104.52261559E-03 -106.13065214E-03
+58.75000E-06 +522.61307827E-03 -38.59296440E-03
+58.77500E-06 -209.04523134E-03 +96.48241103E-03
+58.80000E-06 -522.61307836E-03 -19.29648221E-03
+58.82500E-06 +104.52261576E-03 -96.48241103E-03
+58.85000E-06 +418.09046260E-03 +28.94472332E-03
+58.87500E-06 -418.09046268E-03 +67.53768773E-03
+58.90000E-06 -313.56784701E-03 -67.53768773E-03
+58.92500E-06 +418.09046268E-03 -67.53768772E-03
+58.95000E-06 +104.52261559E-03 +67.53768772E-03
+58.97500E-06 -522.61307836E-03 +19.29648221E-03
+59.00000E-06 +0.0E+00 -96.48241104E-03
+59.02500E-06 +418.09046268E-03 -19.29648219E-03
+59.05000E-06 -209.04523143E-03 +77.18592883E-03
+59.07500E-06 -418.09046260E-03 -28.94472332E-03
+59.10000E-06 +209.04523134E-03 -86.83416992E-03
+59.12500E-06 +104.52261567E-03 +48.24120551E-03
+59.15000E-06 -418.09046268E-03 +48.24120552E-03
+59.17500E-06 -209.04523134E-03 -77.18592882E-03
+59.20000E-06 +313.56784710E-03 -38.59296442E-03
+59.22500E-06 +0.0E+00 +57.88944662E-03
+59.25000E-06 -522.61307836E-03 +0.0E+00
+59.27500E-06 -104.52261559E-03 -77.18592882E-03
+59.30000E-06 +209.04523134E-03 +0.0E+00
+59.32500E-06 -313.56784693E-03 +57.88944662E-03
+59.35000E-06 -313.56784701E-03 -48.24120551E-03
+59.37500E-06 +313.56784693E-03 -67.53768772E-03
+59.40000E-06 +104.52261567E-03 +38.59296442E-03
+59.42500E-06 -418.09046268E-03 +28.94472332E-03
+59.45000E-06 -104.52261567E-03 -67.53768772E-03
+59.47500E-06 +313.56784710E-03 -28.94472330E-03
+59.50000E-06 -90E-12 +67.53768772E-03
+59.52500E-06 -418.09046260E-03 +0.0E+00
+59.55000E-06 +104.52261558E-03 -77.18592882E-03
+59.57500E-06 +209.04523134E-03 +19.29648221E-03
+59.60000E-06 -313.56784693E-03 +48.24120551E-03
+59.62500E-06 -209.04523134E-03 -57.88944662E-03
+59.65000E-06 +209.04523134E-03 -48.24120552E-03
+59.67500E-06 +104.52261558E-03 +38.59296440E-03
+59.70000E-06 -313.56784710E-03 +28.94472330E-03
+59.72500E-06 -104.52261558E-03 -67.53768772E-03
+59.75000E-06 +313.56784693E-03 -28.94472330E-03
+59.77500E-06 -90E-12 +48.24120551E-03
+59.80000E-06 -418.09046260E-03 -9.64824111E-03
+59.82500E-06 +90E-12 -67.53768771E-03
+59.85000E-06 +209.04523125E-03 +19.29648221E-03
+59.87500E-06 -313.56784693E-03 +38.59296440E-03
+59.90000E-06 -104.52261576E-03 -38.59296442E-03
+59.92500E-06 +104.52261576E-03 -48.24120551E-03
+59.95000E-06 +0.0E+00 +38.59296441E-03
+59.97500E-06 -209.04523143E-03 +9.64824109E-03
+60.00000E-06 -104.52261558E-03 -57.88944662E-03
+60.02500E-06 +209.04523134E-03 +0.0E+00
+60.05000E-06 -104.52261576E-03 +38.59296441E-03
+60.07500E-06 -313.56784701E-03 -19.29648221E-03
+60.10000E-06 +104.52261567E-03 -48.24120551E-03
+60.12500E-06 +104.52261567E-03 +19.29648221E-03
+60.15000E-06 -209.04523134E-03 +28.94472331E-03
+60.17500E-06 -209.04523134E-03 -57.88944662E-03
+60.20000E-06 +180E-12 -28.94472330E-03
+60.22500E-06 +0.0E+00 +28.94472332E-03
+60.25000E-06 -313.56784693E-03 -9.64824109E-03
+60.27500E-06 +0.0E+00 -57.88944662E-03
+60.30000E-06 +104.52261567E-03 +0.0E+00
+60.32500E-06 -209.04523125E-03 +28.94472331E-03
+60.35000E-06 -209.04523134E-03 -28.94472330E-03
+60.37500E-06 +104.52261567E-03 -28.94472331E-03
+60.40000E-06 +0.0E+00 +9.64824110E-03
+60.42500E-06 -209.04523125E-03 +9.64824110E-03
+60.45000E-06 -104.52261567E-03 -48.24120551E-03
+60.47500E-06 +209.04523125E-03 -19.29648220E-03
+60.50000E-06 -104.52261567E-03 +38.59296441E-03
+60.52500E-06 -209.04523125E-03 -9.64824111E-03
+60.55000E-06 +90E-12 -57.88944662E-03
+60.57500E-06 +104.52261567E-03 +9.64824110E-03
+60.60000E-06 -104.52261567E-03 +28.94472329E-03
+60.62500E-06 -104.52261558E-03 -38.59296441E-03
+60.65000E-06 +104.52261567E-03 -28.94472330E-03
+60.67500E-06 +0.0E+00 +28.94472330E-03
+60.70000E-06 -209.04523134E-03 +9.64824109E-03
+60.72500E-06 -104.52261558E-03 -38.59296442E-03
+60.75000E-06 +104.52261567E-03 -9.64824110E-03
+60.77500E-06 -104.52261567E-03 +28.94472331E-03
+60.80000E-06 -104.52261567E-03 -19.29648221E-03
+60.82500E-06 +0.0E+00 -38.59296441E-03
+60.85000E-06 +104.52261558E-03 +10E-12
+60.87500E-06 -104.52261576E-03 +19.29648220E-03
+60.90000E-06 -104.52261576E-03 -38.59296441E-03
+60.92500E-06 +90E-12 -28.94472331E-03
+60.95000E-06 +0.0E+00 +19.29648221E-03
+60.97500E-06 -209.04523134E-03 -10E-12
+61.00000E-06 -104.52261558E-03 -38.59296441E-03
+61.02500E-06 +104.52261558E-03 -9.64824110E-03
+61.05000E-06 -104.52261567E-03 +19.29648221E-03
+61.07500E-06 -104.52261567E-03 -28.94472330E-03
+61.10000E-06 -104.52261558E-03 -48.24120551E-03
+61.12500E-06 +90E-12 +10E-12
+61.15000E-06 -104.52261576E-03 +0.0E+00
+61.17500E-06 -104.52261567E-03 -28.94472331E-03
+61.20000E-06 +90E-12 -19.29648221E-03
+61.22500E-06 +0.0E+00 +9.64824111E-03
+61.25000E-06 -209.04523125E-03 -9.64824110E-03
+61.27500E-06 +0.0E+00 -38.59296440E-03
+61.30000E-06 -104.52261558E-03 +9.64824109E-03
+61.32500E-06 -104.52261567E-03 +9.64824110E-03
+61.35000E-06 -104.52261576E-03 -38.59296439E-03
+61.37500E-06 +0.0E+00 -28.94472331E-03
+61.40000E-06 +0.0E+00 +19.29648220E-03
+61.42500E-06 -104.52261567E-03 -9.64824109E-03
+61.45000E-06 -90E-12 -38.59296440E-03
+61.47500E-06 +90E-12 -9.64824110E-03
+61.50000E-06 -104.52261567E-03 +19.29648221E-03
+61.52500E-06 -104.52261567E-03 -9.64824112E-03
+61.55000E-06 -90E-12 -28.94472331E-03
+61.57500E-06 +0.0E+00 +0.0E+00
+61.60000E-06 -209.04523125E-03 +9.64824109E-03
+61.62500E-06 -104.52261567E-03 -28.94472330E-03
+61.65000E-06 +104.52261567E-03 -19.29648221E-03
+61.67500E-06 +0.0E+00 +9.64824109E-03
+61.70000E-06 -104.52261567E-03 +0.0E+00
+61.72500E-06 -209.04523125E-03 -9.64824111E-03
+61.75000E-06 +104.52261558E-03 -9.64824110E-03
+61.77500E-06 -90E-12 +9.64824109E-03
+61.80000E-06 -104.52261567E-03 -10E-12
+61.82500E-06 +0.0E+00 -38.59296440E-03
+61.85000E-06 +104.52261558E-03 +0.0E+00
+61.87500E-06 -104.52261567E-03 +9.64824109E-03
+61.90000E-06 -104.52261567E-03 -9.64824113E-03
+61.92500E-06 +0.0E+00 -19.29648221E-03
+61.95000E-06 +0.0E+00 +0.0E+00
+61.97500E-06 -104.52261567E-03 -10E-12
+62.00000E-06 -104.52261558E-03 -19.29648222E-03
+62.02500E-06 +0.0E+00 -19.29648219E-03
+62.05000E-06 -209.04523116E-03 +9.64824110E-03
+62.07500E-06 -104.52261576E-03 -19.29648221E-03
+62.10000E-06 +0.0E+00 -19.29648221E-03
+62.12500E-06 +90E-12 -10E-12
+62.15000E-06 -104.52261567E-03 -19.29648219E-03
+62.17500E-06 -90E-12 -19.29648221E-03
+62.20000E-06 +0.0E+00 -9.64824111E-03
+62.22500E-06 +0.0E+00 -9.64824109E-03
+62.25000E-06 -104.52261567E-03 -19.29648221E-03
+62.27500E-06 -104.52261558E-03 -19.29648221E-03
+62.30000E-06 -90E-12 -10E-12
+62.32500E-06 -104.52261567E-03 -10E-12
+62.35000E-06 -104.52261567E-03 -28.94472329E-03
+62.37500E-06 -90E-12 -9.64824109E-03
+62.40000E-06 +0.0E+00 -20E-12
+62.42500E-06 -104.52261567E-03 -19.29648220E-03
+62.45000E-06 -90E-12 -19.29648221E-03
+62.47500E-06 +104.52261548E-03 -19.29648221E-03
+62.50000E-06 -104.52261567E-03 +9.64824110E-03
+62.52500E-06 -209.04523115E-03 -19.29648221E-03
+62.55000E-06 -90E-12 -28.94472331E-03
+62.57500E-06 -90E-12 +0.0E+00
+62.60000E-06 -104.52261558E-03 -20E-12
+62.62500E-06 -104.52261558E-03 -19.29648221E-03
+62.65000E-06 -104.52261558E-03 -9.64824111E-03
+62.67500E-06 -104.52261558E-03 +0.0E+00
+62.70000E-06 -104.52261577E-03 -10E-12
+62.72500E-06 -104.52261558E-03 -19.29648221E-03
+62.75000E-06 +104.52261558E-03 -19.29648221E-03
+62.77500E-06 -104.52261567E-03 +0.0E+00
+62.80000E-06 -104.52261567E-03 -9.64824111E-03
+62.82500E-06 +0.0E+00 -28.94472329E-03
+62.85000E-06 +0.0E+00 -9.64824109E-03
+62.87500E-06 -104.52261567E-03 -10E-12
+62.90000E-06 -104.52261567E-03 -10E-12
+62.92500E-06 -104.52261558E-03 -9.64824110E-03
+62.95000E-06 -100E-12 +10E-12
+62.97500E-06 -104.52261567E-03 -9.64824110E-03
+63.00000E-06 -104.52261548E-03 -19.29648221E-03
+63.02500E-06 +100E-12 -19.29648221E-03
+63.05000E-06 -100E-12 -9.64824109E-03
+63.07500E-06 -100E-12 -19.29648221E-03
+63.10000E-06 -104.52261558E-03 -9.64824111E-03
+63.12500E-06 -209.04523125E-03 -9.64824110E-03
+63.15000E-06 -104.52261567E-03 -9.64824110E-03
+63.17500E-06 -100E-12 -19.29648221E-03
+63.20000E-06 +0.0E+00 -9.64824111E-03
+63.22500E-06 +0.0E+00 -19.29648218E-03
+63.25000E-06 -104.52261567E-03 -19.29648220E-03
+63.27500E-06 -104.52261567E-03 -9.64824110E-03
+63.30000E-06 -104.52261558E-03 -10E-12
+63.32500E-06 -104.52261558E-03 -9.64824110E-03
+63.35000E-06 -100E-12 -19.29648220E-03
+63.37500E-06 -104.52261557E-03 -19.29648220E-03
+63.40000E-06 +0.0E+00 -9.64824110E-03
+63.42500E-06 +0.0E+00 -19.29648221E-03
+63.45000E-06 +0.0E+00 -9.64824110E-03
+63.47500E-06 -100E-12 -10E-12
+63.50000E-06 -104.52261567E-03 -10E-12
+63.52500E-06 +0.0E+00 -9.64824111E-03
+63.55000E-06 +0.0E+00 -19.29648221E-03
+63.57500E-06 -100E-12 -9.64824110E-03
+63.60000E-06 -104.52261567E-03 -10E-12
+63.62500E-06 +0.0E+00 -19.29648220E-03
+63.65000E-06 +0.0E+00 -9.64824109E-03
+63.67500E-06 -100E-12 -9.64824109E-03
+63.70000E-06 -100E-12 -9.64824110E-03
+63.72500E-06 -104.52261557E-03 -19.29648220E-03
+63.75000E-06 -100E-12 -19.29648220E-03
+63.77500E-06 -104.52261567E-03 -10E-12
+63.80000E-06 -104.52261567E-03 -9.64824111E-03
+63.82500E-06 +0.0E+00 -19.29648221E-03
+63.85000E-06 -104.52261557E-03 -9.64824109E-03
+63.87500E-06 +0.0E+00 -10E-12
+63.90000E-06 -104.52261567E-03 -9.64824109E-03
+63.92500E-06 -104.52261557E-03 -9.64824110E-03
+63.95000E-06 +0.0E+00 +0.0E+00
+63.97500E-06 -104.52261567E-03 -10E-12
+64.00000E-06 -104.52261557E-03 -19.29648221E-03
+64.02500E-06 -100E-12 -19.29648221E-03
+64.05000E-06 +0.0E+00 -9.64824109E-03
+64.07500E-06 -104.52261557E-03 -19.29648220E-03
+64.10000E-06 -104.52261567E-03 -10E-12
+64.12500E-06 -104.52261567E-03 -9.64824110E-03
+64.15000E-06 +0.0E+00 -9.64824109E-03
+64.17500E-06 -100E-12 -9.64824109E-03
+64.20000E-06 -104.52261557E-03 -9.64824110E-03
+64.22500E-06 -104.52261567E-03 -9.64824109E-03
+64.25000E-06 +0.0E+00 +0.0E+00
+64.27500E-06 -104.52261567E-03 -9.64824110E-03
+64.30000E-06 -104.52261567E-03 -10E-12
+64.32500E-06 -104.52261567E-03 -9.64824110E-03
+64.35000E-06 +0.0E+00 -9.64824111E-03
+64.37500E-06 +0.0E+00 -9.64824111E-03
+64.40000E-06 -104.52261557E-03 -19.29648221E-03
+64.42500E-06 +0.0E+00 -9.64824110E-03
+64.45000E-06 -104.52261557E-03 -9.64824109E-03
+64.47500E-06 +0.0E+00 -9.64824109E-03
+64.50000E-06 -104.52261567E-03 -10E-12
+64.52500E-06 -104.52261567E-03 -19.29648221E-03
+64.55000E-06 -100E-12 -9.64824109E-03
+64.57500E-06 -104.52261567E-03 -9.64824110E-03
+64.60000E-06 -104.52261557E-03 -9.64824111E-03
+64.62500E-06 -104.52261567E-03 -9.64824110E-03
+64.65000E-06 -104.52261567E-03 -9.64824110E-03
+64.67500E-06 -100E-12 +0.0E+00
+64.70000E-06 +0.0E+00 -9.64824111E-03
+64.72500E-06 +0.0E+00 -9.64824112E-03
+64.75000E-06 -100E-12 -19.29648219E-03
+64.77500E-06 +0.0E+00 -10E-12
+64.80000E-06 -104.52261557E-03 -9.64824110E-03
+64.82500E-06 -100E-12 -9.64824110E-03
+64.85000E-06 -104.52261557E-03 -9.64824109E-03
+64.87500E-06 -104.52261567E-03 -10E-12
+64.90000E-06 -104.52261567E-03 -9.64824110E-03
+64.92500E-06 +0.0E+00 -9.64824110E-03
+64.95000E-06 -100E-12 -9.64824110E-03
+64.97500E-06 -104.52261567E-03 -9.64824111E-03
+65.00000E-06 -104.52261567E-03 -19.29648221E-03
+65.02500E-06 +0.0E+00 -19.29648220E-03
+65.05000E-06 -104.52261567E-03 -9.64824110E-03
+65.07500E-06 -104.52261557E-03 -10E-12
+65.10000E-06 -100E-12 -10E-12
+65.12500E-06 -104.52261557E-03 -9.64824110E-03
+65.15000E-06 -100E-12 -19.29648221E-03
+65.17500E-06 -104.52261567E-03 -20E-12
+65.20000E-06 -104.52261557E-03 -9.64824110E-03
+65.22500E-06 +0.0E+00 -9.64824110E-03
+65.25000E-06 -104.52261567E-03 -19.29648220E-03
+65.27500E-06 -100E-12 -19.29648220E-03
+65.30000E-06 -104.52261567E-03 -10E-12
+65.32500E-06 -104.52261557E-03 -9.64824110E-03
+65.35000E-06 -104.52261567E-03 -9.64824110E-03
+65.37500E-06 -104.52261557E-03 +0.0E+00
+65.40000E-06 -104.52261557E-03 -9.64824110E-03
+65.42500E-06 -104.52261557E-03 -19.29648219E-03
+65.45000E-06 -104.52261567E-03 -9.64824110E-03
+65.47500E-06 -100E-12 -9.64824109E-03
+65.50000E-06 -100E-12 -10E-12
+65.52500E-06 -104.52261557E-03 -9.64824110E-03
+65.55000E-06 -100E-12 -19.29648219E-03
+65.57500E-06 -100E-12 -9.64824110E-03
+65.60000E-06 -104.52261567E-03 -9.64824111E-03
+65.62500E-06 +0.0E+00 -19.29648220E-03
+65.65000E-06 -100E-12 -9.64824111E-03
+65.67500E-06 -104.52261557E-03 -9.64824110E-03
+65.70000E-06 -104.52261577E-03 -9.64824110E-03
+65.72500E-06 -104.52261557E-03 -9.64824111E-03
+65.75000E-06 +0.0E+00 -9.64824110E-03
+65.77500E-06 -104.52261577E-03 -9.64824110E-03
+65.80000E-06 -104.52261557E-03 -9.64824111E-03
+65.82500E-06 +0.0E+00 -19.29648220E-03
+65.85000E-06 -104.52261557E-03 -9.64824110E-03
+65.87500E-06 -104.52261567E-03 -9.64824110E-03
+65.90000E-06 -104.52261557E-03 -9.64824110E-03
+65.92500E-06 -104.52261557E-03 -10E-12
+65.95000E-06 -104.52261567E-03 -19.29648220E-03
+65.97500E-06 -104.52261567E-03 +0.0E+00
+66.00000E-06 -104.52261567E-03 -9.64824111E-03
+66.02500E-06 -100E-12 -19.29648220E-03
+66.05000E-06 +0.0E+00 +0.0E+00
+66.07500E-06 -104.52261567E-03 -10E-12
+66.10000E-06 +0.0E+00 -9.64824111E-03
+66.12500E-06 -104.52261557E-03 -19.29648220E-03
+66.15000E-06 -100E-12 -9.64824110E-03
+66.17500E-06 -104.52261567E-03 -9.64824110E-03
+66.20000E-06 -100E-12 -9.64824110E-03
+66.22500E-06 +0.0E+00 -19.29648220E-03
+66.25000E-06 +0.0E+00 -9.64824109E-03
+66.27500E-06 -104.52261567E-03 -19.29648220E-03
+66.30000E-06 -104.52261567E-03 +0.0E+00
+66.32500E-06 -104.52261567E-03 +0.0E+00
+66.35000E-06 +0.0E+00 -9.64824110E-03
+66.37500E-06 -104.52261567E-03 -9.64824110E-03
+66.40000E-06 -100E-12 -9.64824111E-03
+66.42500E-06 -104.52261557E-03 -19.29648221E-03
+66.45000E-06 -104.52261567E-03 -9.64824110E-03
+66.47500E-06 +0.0E+00 -19.29648221E-03
+66.50000E-06 -104.52261567E-03 -10E-12
+66.52500E-06 -104.52261567E-03 -9.64824111E-03
+66.55000E-06 -100E-12 -9.64824110E-03
+66.57500E-06 -100E-12 +0.0E+00
+66.60000E-06 -104.52261557E-03 -19.29648221E-03
+66.62500E-06 -104.52261567E-03 -9.64824110E-03
+66.65000E-06 -104.52261557E-03 -9.64824109E-03
+66.67500E-06 +0.0E+00 -19.29648221E-03
+66.70000E-06 -100E-12 -9.64824110E-03
+66.72500E-06 -104.52261567E-03 -9.64824110E-03
+66.75000E-06 -104.52261557E-03 -19.29648219E-03
+66.77500E-06 -104.52261557E-03 -10E-12
+66.80000E-06 -104.52261557E-03 -19.29648221E-03
+66.82500E-06 +0.0E+00 -19.29648220E-03
+66.85000E-06 -100E-12 -9.64824109E-03
+66.87500E-06 -104.52261557E-03 -9.64824110E-03
+66.90000E-06 -104.52261567E-03 -9.64824109E-03
+66.92500E-06 -104.52261557E-03 -10E-12
+66.95000E-06 +0.0E+00 -9.64824110E-03
+66.97500E-06 -104.52261567E-03 -19.29648221E-03
+67.00000E-06 -104.52261567E-03 -9.64824111E-03
+67.02500E-06 +0.0E+00 -9.64824110E-03
+67.05000E-06 +0.0E+00 -9.64824109E-03
+67.07500E-06 -104.52261567E-03 -9.64824110E-03
+67.10000E-06 -104.52261567E-03 -9.64824110E-03
+67.12500E-06 +0.0E+00 -9.64824111E-03
+67.15000E-06 -104.52261567E-03 -9.64824110E-03
+67.17500E-06 -104.52261556E-03 -9.64824110E-03
+67.20000E-06 -104.52261556E-03 -19.29648220E-03
+67.22500E-06 -110E-12 -19.29648220E-03
+67.25000E-06 +0.0E+00 -9.64824109E-03
+67.27500E-06 -209.04523113E-03 -9.64824110E-03
+67.30000E-06 -104.52261556E-03 -9.64824110E-03
+67.32500E-06 -209.04523113E-03 -19.29648220E-03
+67.35000E-06 -104.52261567E-03 -9.64824110E-03
+67.37500E-06 -110E-12 -9.64824110E-03
+67.40000E-06 -104.52261556E-03 -9.64824111E-03
+67.42500E-06 -104.52261556E-03 -9.64824111E-03
+67.45000E-06 -110E-12 -19.29648219E-03
+67.47500E-06 -104.52261556E-03 +0.0E+00
+67.50000E-06 +0.0E+00 -19.29648220E-03
+67.52500E-06 -104.52261567E-03 -9.64824110E-03
+67.55000E-06 -104.52261567E-03 -10E-12
+67.57500E-06 -104.52261567E-03 -9.64824110E-03
+67.60000E-06 -104.52261556E-03 -19.29648221E-03
+67.62500E-06 +0.0E+00 -9.64824110E-03
+67.65000E-06 -104.52261567E-03 -9.64824109E-03
+67.67500E-06 -104.52261567E-03 -19.29648220E-03
+67.70000E-06 -104.52261567E-03 +0.0E+00
+67.72500E-06 -104.52261556E-03 -9.64824111E-03
+67.75000E-06 +0.0E+00 -19.29648219E-03
+67.77500E-06 -104.52261567E-03 -19.29648220E-03
+67.80000E-06 -104.52261556E-03 -9.64824111E-03
+67.82500E-06 -104.52261556E-03 -19.29648219E-03
+67.85000E-06 +0.0E+00 -9.64824110E-03
+67.87500E-06 -104.52261567E-03 -9.64824110E-03
+67.90000E-06 -104.52261567E-03 -10E-12
+67.92500E-06 -104.52261567E-03 -20E-12
+67.95000E-06 +0.0E+00 -19.29648220E-03
+67.97500E-06 -104.52261567E-03 -9.64824111E-03
+68.00000E-06 +0.0E+00 -9.64824111E-03
+68.02500E-06 +110E-12 -19.29648220E-03
+68.05000E-06 -104.52261567E-03 -9.64824109E-03
+68.07500E-06 +0.0E+00 +0.0E+00
+68.10000E-06 -104.52261567E-03 -19.29648219E-03
+68.12500E-06 -110E-12 -9.64824111E-03
+68.15000E-06 -110E-12 -9.64824110E-03
+68.17500E-06 -110E-12 -9.64824110E-03
+68.20000E-06 -104.52261556E-03 -19.29648221E-03
+68.22500E-06 +0.0E+00 -9.64824110E-03
+68.25000E-06 -110E-12 +0.0E+00
+68.27500E-06 -104.52261567E-03 -10E-12
+68.30000E-06 -104.52261578E-03 -9.64824109E-03
+68.32500E-06 -104.52261556E-03 -19.29648220E-03
+68.35000E-06 -104.52261567E-03 +0.0E+00
+68.37500E-06 -104.52261567E-03 +0.0E+00
+68.40000E-06 -104.52261567E-03 -9.64824110E-03
+68.42500E-06 -110E-12 -19.29648220E-03
+68.45000E-06 -110E-12 -9.64824110E-03
+68.47500E-06 -104.52261556E-03 -19.29648220E-03
+68.50000E-06 -104.52261567E-03 -10E-12
+68.52500E-06 -104.52261567E-03 -9.64824111E-03
+68.55000E-06 -110E-12 -9.64824110E-03
+68.57500E-06 +0.0E+00 -10E-12
+68.60000E-06 -104.52261567E-03 -9.64824111E-03
+68.62500E-06 +0.0E+00 -19.29648220E-03
+68.65000E-06 -110E-12 -9.64824109E-03
+68.67500E-06 +0.0E+00 -9.64824110E-03
+68.70000E-06 -104.52261567E-03 -19.29648220E-03
+68.72500E-06 -104.52261556E-03 -9.64824111E-03
+68.75000E-06 -104.52261567E-03 +0.0E+00
+68.77500E-06 -104.52261567E-03 -9.64824109E-03
+68.80000E-06 -104.52261556E-03 -19.29648220E-03
+68.82500E-06 +0.0E+00 -9.64824111E-03
+68.85000E-06 -110E-12 -9.64824109E-03
+68.87500E-06 -104.52261556E-03 -9.64824109E-03
+68.90000E-06 -104.52261567E-03 -9.64824111E-03
+68.92500E-06 -104.52261556E-03 -19.29648221E-03
+68.95000E-06 -104.52261556E-03 -19.29648220E-03
+68.97500E-06 -104.52261567E-03 -19.29648221E-03
+69.00000E-06 -104.52261567E-03 -9.64824111E-03
+69.02500E-06 +0.0E+00 -19.29648220E-03
+69.05000E-06 -110E-12 -9.64824110E-03
+69.07500E-06 +0.0E+00 -9.64824110E-03
+69.10000E-06 +0.0E+00 -10E-12
+69.12500E-06 -104.52261567E-03 -9.64824111E-03
+69.15000E-06 -110E-12 -9.64824110E-03
+69.17500E-06 -104.52261567E-03 +0.0E+00
+69.20000E-06 -104.52261556E-03 -9.64824111E-03
+69.22500E-06 -110E-12 -19.29648220E-03
+69.25000E-06 -104.52261556E-03 -9.64824109E-03
+69.27500E-06 -104.52261556E-03 -10E-12
+69.30000E-06 -104.52261578E-03 -20E-12
+69.32500E-06 -104.52261556E-03 -9.64824110E-03
+69.35000E-06 -110E-12 -19.29648220E-03
+69.37500E-06 +0.0E+00 -9.64824110E-03
+69.40000E-06 +0.0E+00 -9.64824111E-03
+69.42500E-06 +0.0E+00 -19.29648220E-03
+69.45000E-06 -104.52261567E-03 +0.0E+00
+69.47500E-06 -110E-12 +0.0E+00
+69.50000E-06 -104.52261567E-03 -9.64824110E-03
+69.52500E-06 -104.52261556E-03 -10E-12
+69.55000E-06 -110E-12 -9.64824110E-03
+69.57500E-06 -104.52261578E-03 +0.0E+00
+69.60000E-06 -104.52261556E-03 -9.64824111E-03
+69.62500E-06 -110E-12 -9.64824110E-03
+69.65000E-06 -110E-12 -10E-12
+69.67500E-06 -110E-12 -9.64824110E-03
+69.70000E-06 -104.52261567E-03 -9.64824111E-03
+69.72500E-06 -104.52261556E-03 -9.64824111E-03
+69.75000E-06 -104.52261567E-03 -9.64824110E-03
+69.77500E-06 -104.52261567E-03 -9.64824110E-03
+69.80000E-06 -104.52261556E-03 -9.64824110E-03
+69.82500E-06 -104.52261556E-03 -19.29648220E-03
+69.85000E-06 +0.0E+00 -20E-12
+69.87500E-06 +104.52261545E-03 -9.64824110E-03
+69.90000E-06 -110E-12 -9.64824110E-03
+69.92500E-06 +0.0E+00 +0.0E+00
+69.95000E-06 -110E-12 -9.64824109E-03
+69.97500E-06 -104.52261556E-03 -10E-12
+70.00000E-06 -104.52261556E-03 -10E-12
+70.02500E-06 +0.0E+00 -19.29648218E-03
+70.05000E-06 -104.52261567E-03 -9.64824109E-03
+70.07500E-06 +0.0E+00 -9.64824110E-03
+70.10000E-06 -104.52261567E-03 -9.64824110E-03
+70.12500E-06 -104.52261556E-03 -9.64824110E-03
+70.15000E-06 -110E-12 -9.64824109E-03
+70.17500E-06 +0.0E+00 -9.64824110E-03
+70.20000E-06 -104.52261567E-03 -10E-12
+70.22500E-06 +0.0E+00 -19.29648219E-03
+70.25000E-06 +0.0E+00 -9.64824110E-03
+70.27500E-06 -110E-12 +0.0E+00
+70.30000E-06 -110E-12 +0.0E+00
+70.32500E-06 -104.52261567E-03 -9.64824110E-03
+70.35000E-06 -110E-12 -9.64824110E-03
+70.37500E-06 -110E-12 +0.0E+00
+70.40000E-06 -104.52261567E-03 -9.64824111E-03
+70.42500E-06 +0.0E+00 -9.64824110E-03
+70.45000E-06 -110E-12 -9.64824109E-03
+70.47500E-06 +104.52261556E-03 -10E-12
+70.50000E-06 -110E-12 -9.64824110E-03
+70.52500E-06 -104.52261556E-03 -10E-12
+70.55000E-06 -104.52261567E-03 -9.64824109E-03
+70.57500E-06 -110E-12 -10E-12
+70.60000E-06 -104.52261567E-03 -9.64824110E-03
+70.62500E-06 +0.0E+00 -19.29648219E-03
+70.65000E-06 -110E-12 -9.64824109E-03
+70.67500E-06 -110E-12 -10E-12
+70.70000E-06 -104.52261567E-03 +0.0E+00
+70.72500E-06 -104.52261556E-03 -20E-12
+70.75000E-06 +0.0E+00 -9.64824110E-03
+70.77500E-06 -104.52261556E-03 -9.64824110E-03
+70.80000E-06 -104.52261556E-03 -19.29648221E-03
+70.82500E-06 +0.0E+00 -9.64824108E-03
+70.85000E-06 -104.52261567E-03 -19.29648219E-03
+70.87500E-06 -120E-12 -19.29648219E-03
+70.90000E-06 -104.52261567E-03 -9.64824110E-03
+70.92500E-06 -104.52261556E-03 -9.64824110E-03
+70.95000E-06 -120E-12 -19.29648219E-03
+70.97500E-06 -104.52261567E-03 -10E-12
+71.00000E-06 -104.52261556E-03 -9.64824111E-03
+71.02500E-06 +0.0E+00 -19.29648219E-03
+71.05000E-06 -120E-12 -19.29648219E-03
+71.07500E-06 -209.04523123E-03 -19.29648219E-03
+71.10000E-06 +0.0E+00 -9.64824110E-03
+71.12500E-06 +0.0E+00 -9.64824111E-03
+71.15000E-06 +0.0E+00 -9.64824109E-03
+71.17500E-06 -120E-12 -9.64824112E-03
+71.20000E-06 -104.52261555E-03 -19.29648221E-03
+71.22500E-06 +0.0E+00 -19.29648219E-03
+71.25000E-06 +0.0E+00 -9.64824110E-03
+71.27500E-06 -120E-12 -19.29648219E-03
+71.30000E-06 -104.52261567E-03 -9.64824110E-03
+71.32500E-06 -104.52261567E-03 -9.64824110E-03
+71.35000E-06 +0.0E+00 -9.64824111E-03
+71.37500E-06 -104.52261567E-03 +0.0E+00
+71.40000E-06 -104.52261555E-03 -9.64824110E-03
+71.42500E-06 -120E-12 -19.29648219E-03
+71.45000E-06 -120E-12 -9.64824110E-03
+71.47500E-06 -120E-12 -19.29648219E-03
+71.50000E-06 -104.52261555E-03 -20E-12
+71.52500E-06 -104.52261555E-03 -20E-12
+71.55000E-06 -120E-12 -9.64824110E-03
+71.57500E-06 -104.52261555E-03 -10E-12
+71.60000E-06 -104.52261555E-03 -9.64824110E-03
+71.62500E-06 -104.52261567E-03 -9.64824109E-03
+71.65000E-06 -120E-12 -10E-12
+71.67500E-06 -104.52261567E-03 -9.64824110E-03
+71.70000E-06 -104.52261567E-03 -9.64824109E-03
+71.72500E-06 -104.52261555E-03 -9.64824110E-03
+71.75000E-06 -120E-12 -19.29648219E-03
+71.77500E-06 -104.52261567E-03 -9.64824109E-03
+71.80000E-06 +0.0E+00 -9.64824111E-03
+71.82500E-06 -104.52261567E-03 -9.64824110E-03
+71.85000E-06 -104.52261567E-03 -10E-12
+71.87500E-06 -104.52261567E-03 -9.64824110E-03
+71.90000E-06 -104.52261567E-03 -10E-12
+71.92500E-06 -104.52261555E-03 -9.64824111E-03
+71.95000E-06 -120E-12 -19.29648219E-03
+71.97500E-06 -120E-12 -9.64824110E-03
+72.00000E-06 +0.0E+00 -9.64824111E-03
+72.02500E-06 -120E-12 -9.64824110E-03
+72.05000E-06 -120E-12 -9.64824111E-03
+72.07500E-06 -120E-12 -10E-12
+72.10000E-06 -104.52261567E-03 -10E-12
+72.12500E-06 -104.52261555E-03 -9.64824111E-03
+72.15000E-06 -120E-12 -9.64824110E-03
+72.17500E-06 -104.52261567E-03 -19.29648219E-03
+72.20000E-06 -104.52261567E-03 -10E-12
+72.22500E-06 +0.0E+00 -9.64824110E-03
+72.25000E-06 -120E-12 +0.0E+00
+72.27500E-06 -104.52261567E-03 -10E-12
+72.30000E-06 -104.52261567E-03 +0.0E+00
+72.32500E-06 +0.0E+00 -9.64824110E-03
+72.35000E-06 -120E-12 -19.29648219E-03
+72.37500E-06 -120E-12 +0.0E+00
+72.40000E-06 -104.52261567E-03 -9.64824110E-03
+72.42500E-06 +0.0E+00 -9.64824110E-03
+72.45000E-06 +0.0E+00 -9.64824111E-03
+72.47500E-06 -104.52261567E-03 -19.29648218E-03
+72.50000E-06 -104.52261579E-03 -10E-12
+72.52500E-06 -104.52261555E-03 -9.64824111E-03
+72.55000E-06 -104.52261567E-03 -9.64824109E-03
+72.57500E-06 -104.52261555E-03 -9.64824110E-03
+72.60000E-06 -120E-12 -9.64824111E-03
+72.62500E-06 -104.52261555E-03 -19.29648219E-03
+72.65000E-06 +0.0E+00 -9.64824111E-03
+72.67500E-06 +0.0E+00 -9.64824110E-03
+72.70000E-06 +0.0E+00 -10E-12
+72.72500E-06 -104.52261555E-03 -9.64824110E-03
+72.75000E-06 -104.52261555E-03 +0.0E+00
+72.77500E-06 +0.0E+00 -9.64824110E-03
+72.80000E-06 +0.0E+00 -9.64824111E-03
+72.82500E-06 -104.52261555E-03 -9.64824110E-03
+72.85000E-06 -104.52261555E-03 -9.64824110E-03
+72.87500E-06 -104.52261567E-03 -9.64824110E-03
+72.90000E-06 -104.52261555E-03 -9.64824110E-03
+72.92500E-06 -104.52261555E-03 -20E-12
+72.95000E-06 -120E-12 -9.64824109E-03
+72.97500E-06 -104.52261567E-03 -9.64824111E-03
+73.00000E-06 -120E-12 -9.64824111E-03
+73.02500E-06 +0.0E+00 -9.64824110E-03
+73.05000E-06 +0.0E+00 +0.0E+00
+73.07500E-06 -104.52261567E-03 +0.0E+00
+73.10000E-06 -104.52261567E-03 +0.0E+00
+73.12500E-06 -104.52261555E-03 -9.64824110E-03
+73.15000E-06 -104.52261567E-03 -19.29648219E-03
+73.17500E-06 -120E-12 -10E-12
+73.20000E-06 -104.52261567E-03 -9.64824110E-03
+73.22500E-06 -120E-12 -9.64824110E-03
+73.25000E-06 +0.0E+00 -10E-12
+73.27500E-06 -120E-12 -10E-12
+73.30000E-06 -120E-12 -9.64824110E-03
+73.32500E-06 -104.52261555E-03 -9.64824111E-03
+73.35000E-06 -120E-12 -9.64824110E-03
+73.37500E-06 -120E-12 -9.64824110E-03
+73.40000E-06 -104.52261567E-03 -9.64824111E-03
+73.42500E-06 +0.0E+00 -9.64824110E-03
+73.45000E-06 -104.52261555E-03 -9.64824109E-03
+73.47500E-06 -104.52261567E-03 +0.0E+00
+73.50000E-06 -120E-12 -9.64824110E-03
+73.52500E-06 -104.52261555E-03 -19.29648219E-03
+73.55000E-06 +0.0E+00 -19.29648219E-03
+73.57500E-06 -104.52261567E-03 -19.29648219E-03
+73.60000E-06 -104.52261567E-03 -10E-12
+73.62500E-06 +0.0E+00 -19.29648221E-03
+73.65000E-06 -120E-12 -9.64824109E-03
+73.67500E-06 -104.52261567E-03 -9.64824110E-03
+73.70000E-06 -104.52261567E-03 -9.64824110E-03
+73.72500E-06 -120E-12 -9.64824110E-03
+73.75000E-06 -120E-12 -9.64824109E-03
+73.77500E-06 -104.52261555E-03 -10E-12
+73.80000E-06 -104.52261555E-03 -19.29648219E-03
+73.82500E-06 -104.52261567E-03 -19.29648218E-03
+73.85000E-06 -104.52261555E-03 -9.64824110E-03
+73.87500E-06 -104.52261567E-03 -9.64824109E-03
+73.90000E-06 -104.52261555E-03 -9.64824110E-03
+73.92500E-06 -104.52261555E-03 -9.64824110E-03
+73.95000E-06 +0.0E+00 -9.64824109E-03
+73.97500E-06 -104.52261567E-03 -9.64824111E-03
+74.00000E-06 -104.52261555E-03 -9.64824110E-03
+74.02500E-06 -120E-12 -19.29648221E-03
+74.05000E-06 -120E-12 -9.64824110E-03
+74.07500E-06 -104.52261567E-03 +0.0E+00
+74.10000E-06 +0.0E+00 -10E-12
+74.12500E-06 -104.52261555E-03 -19.29648221E-03
+74.15000E-06 -120E-12 -9.64824110E-03
+74.17500E-06 -120E-12 -19.29648219E-03
+74.20000E-06 -120E-12 -9.64824110E-03
+74.22500E-06 +0.0E+00 -9.64824111E-03
+74.25000E-06 -120E-12 -9.64824110E-03
+74.27500E-06 -104.52261555E-03 -9.64824109E-03
+74.30000E-06 -120E-12 -10E-12
+74.32500E-06 +0.0E+00 -20E-12
+74.35000E-06 +0.0E+00 -10E-12
+74.37500E-06 -104.52261567E-03 -10E-12
+74.40000E-06 +120E-12 -19.29648219E-03
+74.42500E-06 -120E-12 -19.29648221E-03
+74.45000E-06 -104.52261567E-03 -9.64824109E-03
+74.47500E-06 -120E-12 -10E-12
+74.50000E-06 -104.52261567E-03 +0.0E+00
+74.52500E-06 -104.52261555E-03 -9.64824109E-03
+74.55000E-06 -120E-12 -9.64824110E-03
+74.57500E-06 -120E-12 -19.29648222E-03
+74.60000E-06 +0.0E+00 -19.29648221E-03
+74.62500E-06 +0.0E+00 -19.29648219E-03
+74.65000E-06 +0.0E+00 -9.64824110E-03
+74.67500E-06 -104.52261567E-03 +0.0E+00
+74.70000E-06 -104.52261567E-03 -9.64824110E-03
+74.72500E-06 -209.04523122E-03 -19.29648221E-03
+74.75000E-06 +0.0E+00 -19.29648219E-03
+74.77500E-06 +0.0E+00 -9.64824110E-03
+74.80000E-06 -104.52261555E-03 -9.64824110E-03
+74.82500E-06 +0.0E+00 -9.64824110E-03
+74.85000E-06 +0.0E+00 -9.64824110E-03
+74.87500E-06 -104.52261567E-03 -10E-12
+74.90000E-06 -104.52261567E-03 -9.64824110E-03
+74.92500E-06 -130E-12 -9.64824110E-03
+74.95000E-06 +0.0E+00 -19.29648219E-03
+74.97500E-06 -130E-12 -9.64824110E-03
+75.00000E-06 -104.52261554E-03 -19.29648221E-03
+75.02500E-06 -104.52261567E-03 -28.94472330E-03
+75.05000E-06 -104.52261554E-03 -9.64824110E-03
+75.07500E-06 -104.52261567E-03 -9.64824110E-03
+75.10000E-06 -104.52261554E-03 -9.64824110E-03
+75.12500E-06 +0.0E+00 -9.64824110E-03
+75.15000E-06 -104.52261554E-03 -9.64824109E-03
+75.17500E-06 -104.52261567E-03 -9.64824110E-03
+75.20000E-06 -104.52261554E-03 -19.29648221E-03
+75.22500E-06 +0.0E+00 -9.64824110E-03
+75.25000E-06 -104.52261567E-03 -9.64824111E-03
+75.27500E-06 -104.52261567E-03 -19.29648219E-03
+75.30000E-06 -104.52261567E-03 +0.0E+00
+75.32500E-06 -104.52261567E-03 -10E-12
+75.35000E-06 -130E-12 -19.29648219E-03
+75.37500E-06 -104.52261567E-03 -10E-12
+75.40000E-06 -104.52261554E-03 -19.29648219E-03
+75.42500E-06 -104.52261567E-03 -9.64824110E-03
+75.45000E-06 -104.52261554E-03 -9.64824109E-03
+75.47500E-06 +0.0E+00 -10E-12
+75.50000E-06 -130E-12 -9.64824110E-03
+75.52500E-06 +0.0E+00 -9.64824110E-03
+75.55000E-06 -104.52261554E-03 +0.0E+00
+75.57500E-06 -130E-12 -9.64824110E-03
