x-axis 1 2
second Volt Volt
+34.56000E-06 +0.0E+00 +763.81909E-06
+34.57550E-06 -17.58793951E-03 +1.52763817E-03
+34.59100E-06 -37.68844181E-03 +1.47989948E-03
+34.60650E-06 -17.58793951E-03 +763.81909E-06
+34.62200E-06 -37.68844181E-03 +811.55778E-06
+34.63750E-06 -17.58793951E-03 +429.64824E-06
+34.65300E-06 +0.0E+00 +47.73869E-06
+34.66850E-06 -17.58793951E-03 +763.81909E-06
+34.68400E-06 -37.68844181E-03 +716.08039E-06
+34.69950E-06 -17.58793951E-03 +763.81909E-06
+34.71500E-06 -37.68844181E-03 +716.08039E-06
+34.73050E-06 -22.61306508E-03 +429.64824E-06
+34.74600E-06 -37.68844181E-03 +47.73869E-06
+34.76150E-06 -22.61306508E-03 +1.09798994E-03
+34.77700E-06 -2.51256279E-03 +716.08039E-06
+34.79250E-06 -40.20100459E-03 +1.19346732E-03
+34.80800E-06 -40.20100459E-03 +0.0E+00
+34.82350E-06 -40.20100459E-03 +763.81909E-06
+34.83900E-06 -40.20100459E-03 +763.81909E-06
+34.85450E-06 -40.20100459E-03 +1.19346732E-03
+34.87000E-06 -37.68844181E-03 +811.55778E-06
+34.88550E-06 -22.61306508E-03 +0.0E+00
+34.90100E-06 -2.51256279E-03 +763.81909E-06
+34.91650E-06 +0.0E+00 +763.81909E-06
+34.93200E-06 -37.68844181E-03 +763.81909E-06
+34.94750E-06 -40.20100459E-03 +1.19346732E-03
+34.96300E-06 -37.68844181E-03 +763.81909E-06
+34.97850E-06 -40.20100459E-03 +763.81909E-06
+34.99400E-06 -40.20100459E-03 +47.73869E-06
+35.00950E-06 -22.61306508E-03 +763.81909E-06
+35.02500E-06 -37.68844181E-03 +763.81909E-06
+35.04050E-06 -40.20100459E-03 +1.19346732E-03
+35.05600E-06 -37.68844181E-03 +811.55778E-06
+35.07150E-06 -22.61306508E-03 +1.09798994E-03
+35.08700E-06 -40.20100459E-03 +1.52763817E-03
+35.10250E-06 -40.20100459E-03 +763.81909E-06
+35.11800E-06 -2.51256279E-03 +763.81909E-06
+35.13350E-06 -40.20100459E-03 +429.64824E-06
+35.14900E-06 -2.51256279E-03 +47.73869E-06
+35.16450E-06 -22.61306508E-03 +1.09798994E-03
+35.18000E-06 -2.51256279E-03 +763.81909E-06
+35.19550E-06 -40.20100459E-03 +1.52763817E-03
+35.21100E-06 -2.51256279E-03 +1.52763817E-03
+35.22650E-06 -17.58793951E-03 +1.19346732E-03
+35.24200E-06 +0.0E+00 +811.55778E-06
+35.25750E-06 +0.0E+00 +1.09798994E-03
+35.27300E-06 -40.20100459E-03 +811.55778E-06
+35.28850E-06 -35.17587902E-03 +1.19346732E-03
+35.30400E-06 +0.0E+00 +763.81909E-06
+35.31950E-06 -40.20100459E-03 +763.81909E-06
+35.33500E-06 -37.68844181E-03 +763.81909E-06
+35.35050E-06 +0.0E+00 +1.52763817E-03
+35.36600E-06 +0.0E+00 +763.81909E-06
+35.38150E-06 -22.61306508E-03 +763.81909E-06
+35.39700E-06 -40.20100459E-03 +763.81909E-06
+35.41250E-06 -22.61306508E-03 +763.81909E-06
+35.42800E-06 +0.0E+00 +716.08039E-06
+35.44350E-06 -17.58793951E-03 +1.52763817E-03
+35.45900E-06 +0.0E+00 +1.52763817E-03
+35.47450E-06 +0.0E+00 +1.09798994E-03
+35.49000E-06 -40.20100459E-03 +763.81909E-06
+35.50550E-06 -22.61306508E-03 +763.81909E-06
+35.52100E-06 -2.51256279E-03 +47.73869E-06
+35.53650E-06 +0.0E+00 +334.17085E-06
+35.55200E-06 -77.88944640E-03 +763.81909E-06
+35.56750E-06 +0.0E+00 +1.09798994E-03
+35.58300E-06 +0.0E+00 +811.55778E-06
+35.59850E-06 -40.20100459E-03 +763.81909E-06
+35.61400E-06 -40.20100459E-03 +763.81909E-06
+35.62950E-06 +0.0E+00 +429.64824E-06
+35.64500E-06 -2.51256279E-03 +763.81909E-06
+35.66050E-06 -17.58793951E-03 +334.17085E-06
+35.67600E-06 -37.68844181E-03 +716.08039E-06
+35.69150E-06 -22.61306508E-03 +334.17085E-06
+35.70700E-06 -37.68844181E-03 +1.47989948E-03
+35.72250E-06 -17.58793951E-03 +1.19346732E-03
+35.73800E-06 -5.02512557E-03 +811.55778E-06
+35.75350E-06 +0.0E+00 +1.09798994E-03
+35.76900E-06 +0.0E+00 +0.0E+00
+35.78450E-06 +0.0E+00 +0.0E+00
+35.80000E-06 -37.68844181E-03 +47.73869E-06
+35.81550E-06 -62.81406968E-03 +0.0E+00
+35.83100E-06 +0.0E+00 +763.81909E-06
+35.84650E-06 -40.20100459E-03 +763.81909E-06
+35.86200E-06 -40.20100459E-03 +811.55778E-06
+35.87750E-06 -22.61306508E-03 +0.0E+00
+35.89300E-06 +0.0E+00 +763.81909E-06
+35.90850E-06 -17.58793951E-03 +334.17085E-06
+35.92400E-06 -2.51256279E-03 +763.81909E-06
+35.93950E-06 -40.20100459E-03 +334.17085E-06
+35.95500E-06 -2.51256279E-03 +47.73869E-06
+35.97050E-06 -40.20100459E-03 +763.81909E-06
+35.98600E-06 -37.68844181E-03 -668.34170E-06
+36.00150E-06 +0.0E+00 +763.81909E-06
+36.01700E-06 +0.0E+00 +716.08039E-06
+36.03250E-06 -22.61306508E-03 +1.19346732E-03
+36.04800E-06 -75.37688361E-03 +716.08039E-06
+36.06350E-06 -17.58793951E-03 +1.52763817E-03
+36.07900E-06 -42.71356738E-03 +1.52763817E-03
+36.09450E-06 -40.20100459E-03 +763.81909E-06
+36.11000E-06 -2.51256279E-03 +811.55778E-06
+36.12550E-06 +0.0E+00 +429.64824E-06
+36.14100E-06 +0.0E+00 +47.73869E-06
+36.15650E-06 -17.58793951E-03 +668.34170E-06
+36.17200E-06 +0.0E+00 +668.34170E-06
+36.18750E-06 -22.61306508E-03 +1.52763817E-03
+36.20300E-06 -40.20100459E-03 +763.81909E-06
+36.21850E-06 -40.20100459E-03 +763.81909E-06
+36.23400E-06 -37.68844181E-03 +1.52763817E-03
+36.24950E-06 -22.61306508E-03 +334.17085E-06
+36.26500E-06 -2.51256279E-03 +1.47989948E-03
+36.28050E-06 -17.58793951E-03 +1.09798994E-03
+36.29600E-06 +0.0E+00 +1.52763817E-03
+36.31150E-06 -40.20100459E-03 +1.52763817E-03
+36.32700E-06 -42.71356738E-03 +763.81909E-06
+36.34250E-06 -22.61306508E-03 +429.64824E-06
+36.35800E-06 -40.20100459E-03 +1.52763817E-03
+36.37350E-06 +0.0E+00 +763.81909E-06
+36.38900E-06 -40.20100459E-03 +0.0E+00
+36.40450E-06 +0.0E+00 +1.09798994E-03
+36.42000E-06 +0.0E+00 +716.08039E-06
+36.43550E-06 -22.61306508E-03 +1.19346732E-03
+36.45100E-06 -37.68844181E-03 +763.81909E-06
+36.46650E-06 -40.20100459E-03 +334.17085E-06
+36.48200E-06 +0.0E+00 +47.73869E-06
+36.49750E-06 +0.0E+00 +0.0E+00
+36.51300E-06 -37.68844181E-03 +716.08039E-06
+36.52850E-06 -17.58793951E-03 +763.81909E-06
+36.54400E-06 +0.0E+00 +763.81909E-06
+36.55950E-06 -22.61306509E-03 +1.52763817E-03
+36.57500E-06 -42.71356738E-03 +811.55778E-06
+36.59050E-06 -40.20100459E-03 +1.19346732E-03
+36.60600E-06 -40.20100459E-03 +95.47739E-06
+36.62150E-06 +0.0E+00 +1.19346732E-03
+36.63700E-06 -2.51256279E-03 +47.73869E-06
+36.65250E-06 +0.0E+00 +0.0E+00
+36.66800E-06 +0.0E+00 +716.08039E-06
+36.68350E-06 -40.20100459E-03 +1.09798994E-03
+36.69900E-06 -40.20100459E-03 +763.81909E-06
+36.71450E-06 -5.02512558E-03 +429.64824E-06
+36.73000E-06 +0.0E+00 +763.81909E-06
+36.74550E-06 -40.20100459E-03 +763.81909E-06
+36.76100E-06 -40.20100459E-03 +1.43216079E-03
+36.77650E-06 -17.58793951E-03 +763.81909E-06
+36.79200E-06 -37.68844181E-03 +763.81909E-06
+36.80750E-06 -62.81406968E-03 +763.81909E-06
+36.82300E-06 -40.20100459E-03 +1.47989948E-03
+36.83850E-06 +0.0E+00 +429.64824E-06
+36.85400E-06 +0.0E+00 +47.73869E-06
+36.86950E-06 -22.61306509E-03 +95.47739E-06
+36.88500E-06 -40.20100459E-03 +811.55778E-06
+36.90050E-06 +0.0E+00 +334.17085E-06
+36.91600E-06 -37.68844181E-03 +1.47989948E-03
+36.93150E-06 -40.20100459E-03 +763.81909E-06
+36.94700E-06 -77.88944640E-03 +763.81909E-06
+36.96250E-06 -17.58793951E-03 +763.81909E-06
+36.97800E-06 +0.0E+00 +811.55778E-06
+36.99350E-06 -40.20100459E-03 +763.81909E-06
+37.00900E-06 -40.20100459E-03 +1.47989948E-03
+37.02450E-06 -17.58793951E-03 +763.81909E-06
+37.04000E-06 +0.0E+00 +0.0E+00
+37.05550E-06 -62.81406968E-03 +763.81909E-06
+37.07100E-06 -40.20100459E-03 +1.43216079E-03
+37.08650E-06 +0.0E+00 +763.81909E-06
+37.10200E-06 +0.0E+00 +811.55778E-06
+37.11750E-06 -17.58793951E-03 +0.0E+00
+37.13300E-06 -2.51256279E-03 +0.0E+00
+37.14850E-06 +0.0E+00 +334.17085E-06
+37.16400E-06 -2.51256279E-03 +0.0E+00
+37.17950E-06 +0.0E+00 +1.09798994E-03
+37.19500E-06 +0.0E+00 +763.81909E-06
+37.21050E-06 -22.61306509E-03 +859.29647E-06
+37.22600E-06 -37.68844181E-03 +763.81909E-06
+37.24150E-06 -40.20100459E-03 +334.17085E-06
+37.25700E-06 -2.51256279E-03 +716.08039E-06
+37.27250E-06 -17.58793951E-03 +1.19346732E-03
+37.28800E-06 +2.51256279E-03 +1.52763817E-03
+37.30350E-06 -62.81406968E-03 +763.81909E-06
+37.31900E-06 -2.51256279E-03 +811.55778E-06
+37.33450E-06 +0.0E+00 +1.19346732E-03
+37.35000E-06 -40.20100459E-03 +47.73869E-06
+37.36550E-06 -40.20100459E-03 +763.81909E-06
+37.38100E-06 +0.0E+00 +47.73869E-06
+37.39650E-06 +0.0E+00 +763.81909E-06
+37.41200E-06 -37.68844181E-03 +716.08039E-06
+37.42750E-06 -80.40200919E-03 +1.52763817E-03
+37.44300E-06 +0.0E+00 +763.81909E-06
+37.45850E-06 -22.61306509E-03 +0.0E+00
+37.47400E-06 -2.51256279E-03 +763.81909E-06
+37.48950E-06 -40.20100459E-03 +763.81909E-06
+37.50500E-06 -2.51256279E-03 +1.43216079E-03
+37.52050E-06 +22.61306509E-03 +763.81909E-06
+37.53600E-06 -77.88944640E-03 +716.08039E-06
+37.55150E-06 -40.20100459E-03 +1.09798994E-03
+37.56700E-06 +0.0E+00 +763.81909E-06
+37.58250E-06 +0.0E+00 +1.19346732E-03
+37.59800E-06 -2.51256279E-03 +47.73869E-06
+37.61350E-06 -40.20100459E-03 +763.81909E-06
+37.62900E-06 +0.0E+00 +47.73869E-06
+37.64450E-06 +0.0E+00 +763.81909E-06
+37.66000E-06 -2.51256279E-03 +716.08039E-06
+37.67550E-06 -62.81406968E-03 +1.09798994E-03
+37.69100E-06 +0.0E+00 +763.81909E-06
+37.70650E-06 -40.20100459E-03 +0.0E+00
+37.72200E-06 -2.51256279E-03 +47.73869E-06
+37.73750E-06 -62.81406968E-03 +1.52763817E-03
+37.75300E-06 +0.0E+00 +716.08039E-06
+37.76850E-06 -17.58793951E-03 +763.81909E-06
+37.78400E-06 -40.20100459E-03 +811.55778E-06
+37.79950E-06 -62.81406968E-03 +763.81909E-06
+37.81500E-06 +2.51256279E-03 +1.47989948E-03
+37.83050E-06 -22.61306509E-03 +1.19346732E-03
+37.84600E-06 -77.88944640E-03 +47.73869E-06
+37.86150E-06 -40.20100459E-03 +429.64824E-06
+37.87700E-06 +40.20100459E-03 +811.55778E-06
+37.89250E-06 -40.20100459E-03 -95.47739E-06
+37.90800E-06 -40.20100459E-03 +716.08039E-06
+37.92350E-06 +0.0E+00 +763.81909E-06
+37.93900E-06 +2.51256279E-03 +763.81909E-06
+37.95450E-06 -22.61306509E-03 +334.17085E-06
+37.97000E-06 -42.71356738E-03 +47.73869E-06
+37.98550E-06 +0.0E+00 +763.81909E-06
+38.00100E-06 +37.68844181E-03 +1.47989948E-03
+38.01650E-06 -40.20100459E-03 +1.09798994E-03
+38.03200E-06 -77.88944640E-03 +763.81909E-06
+38.04750E-06 -40.20100459E-03 +1.09798994E-03
+38.06300E-06 -2.51256279E-03 +763.81909E-06
+38.07850E-06 -40.20100459E-03 +1.19346732E-03
+38.09400E-06 -42.71356738E-03 +811.55778E-06
+38.10950E-06 -22.61306509E-03 +1.19346732E-03
+38.12500E-06 +0.0E+00 +0.0E+00
+38.14050E-06 -17.58793951E-03 +763.81909E-06
+38.15600E-06 -40.20100459E-03 +716.08039E-06
+38.17150E-06 -40.20100459E-03 +763.81909E-06
+38.18700E-06 +0.0E+00 +763.81909E-06
+38.20250E-06 -40.20100459E-03 +429.64824E-06
+38.21800E-06 -42.71356738E-03 +763.81909E-06
+38.23350E-06 -22.61306509E-03 +334.17085E-06
+38.24900E-06 +37.68844181E-03 +763.81909E-06
+38.26450E-06 -57.78894410E-03 +763.81909E-06
+38.28000E-06 -77.88944640E-03 +763.81909E-06
+38.29550E-06 +0.0E+00 +763.81909E-06
+38.31100E-06 +0.0E+00 +47.73869E-06
+38.32650E-06 -40.20100459E-03 +1.19346732E-03
+38.34200E-06 -77.88944640E-03 +1.47989948E-03
+38.35750E-06 +17.58793951E-03 +763.81909E-06
+38.37300E-06 +2.51256279E-03 +47.73869E-06
+38.38850E-06 -40.20100459E-03 +334.17085E-06
+38.40400E-06 -37.68844181E-03 +763.81909E-06
+38.41950E-06 +22.61306509E-03 +1.52763817E-03
+38.43500E-06 +0.0E+00 +763.81909E-06
+38.45050E-06 -80.40200919E-03 +429.64824E-06
+38.46600E-06 -40.20100459E-03 +1.52763817E-03
+38.48150E-06 +17.58793951E-03 +1.19346732E-03
+38.49700E-06 +2.51256279E-03 +716.08039E-06
+38.51250E-06 -57.78894410E-03 +0.0E+00
+38.52800E-06 -40.20100459E-03 +811.55778E-06
+38.54350E-06 +22.61306509E-03 +763.81909E-06
+38.55900E-06 -37.68844181E-03 +811.55778E-06
+38.57450E-06 -80.40200919E-03 +1.52763817E-03
+38.59000E-06 -2.51256279E-03 +763.81909E-06
+38.60550E-06 +17.58793951E-03 +429.64824E-06
+38.62100E-06 -37.68844181E-03 +47.73869E-06
+38.63650E-06 -80.40200919E-03 -429.64824E-06
+38.65200E-06 -40.20100459E-03 +716.08039E-06
+38.66750E-06 +22.61306509E-03 +763.81909E-06
+38.68300E-06 -37.68844181E-03 +763.81909E-06
+38.69850E-06 -80.40200919E-03 +429.64824E-06
+38.71400E-06 -2.51256279E-03 +763.81909E-06
+38.72950E-06 +40.20100459E-03 +763.81909E-06
+38.74500E-06 -40.20100459E-03 +716.08039E-06
+38.76050E-06 -80.40200919E-03 +1.52763817E-03
+38.77600E-06 -2.51256279E-03 +1.43216079E-03
+38.79150E-06 +0.0E+00 +429.64824E-06
+38.80700E-06 -42.71356738E-03 +716.08039E-06
+38.82250E-06 -80.40200919E-03 +763.81909E-06
+38.83800E-06 +0.0E+00 +763.81909E-06
+38.85350E-06 +17.58793951E-03 +429.64824E-06
+38.86900E-06 -40.20100459E-03 +763.81909E-06
+38.88450E-06 -40.20100459E-03 +1.09798994E-03
+38.90000E-06 +37.68844181E-03 +763.81909E-06
+38.91550E-06 +0.0E+00 +429.64824E-06
+38.93100E-06 -77.88944640E-03 +716.08039E-06
+38.94650E-06 -62.81406968E-03 +429.64824E-06
+38.96200E-06 +37.68844181E-03 +763.81909E-06
+38.97750E-06 +17.58793951E-03 +763.81909E-06
+38.99300E-06 -40.20100459E-03 +716.08039E-06
+39.00850E-06 -62.81406968E-03 +1.19346732E-03
+39.02400E-06 +2.51256279E-03 +1.52763817E-03
+39.03950E-06 -17.58793951E-03 +1.19346732E-03
+39.05500E-06 -80.40200919E-03 +763.81909E-06
+39.07050E-06 -80.40200919E-03 +1.52763817E-03
+39.08600E-06 +37.68844181E-03 +811.55778E-06
+39.10150E-06 +0.0E+00 +763.81909E-06
+39.11700E-06 -118.09045100E-03 +763.81909E-06
+39.13250E-06 -17.58793951E-03 +334.17085E-06
+39.14800E-06 +40.20100459E-03 +716.08039E-06
+39.16350E-06 -17.58793951E-03 +763.81909E-06
+39.17900E-06 -118.09045100E-03 +716.08039E-06
+39.19450E-06 -22.61306509E-03 +763.81909E-06
+39.21000E-06 +77.88944640E-03 +763.81909E-06
+39.22550E-06 +5.02512558E-03 +334.17085E-06
+39.24100E-06 -118.09045100E-03 +763.81909E-06
+39.25650E-06 -40.20100459E-03 +1.19346732E-03
+39.27200E-06 +37.68844181E-03 +763.81909E-06
+39.28750E-06 +0.0E+00 +334.17085E-06
+39.30300E-06 -120.60301378E-03 +1.52763817E-03
+39.31850E-06 -22.61306509E-03 +1.19346732E-03
+39.33400E-06 +40.20100459E-03 +1.57537687E-03
+39.34950E-06 -40.20100459E-03 +0.0E+00
+39.36500E-06 -120.60301378E-03 +811.55778E-06
+39.38050E-06 +0.0E+00 +763.81909E-06
+39.39600E-06 +80.40200919E-03 +1.43216079E-03
+39.41150E-06 -57.78894410E-03 +1.09798994E-03
+39.42700E-06 -120.60301378E-03 +1.52763817E-03
+39.44250E-06 -5.02512558E-03 +1.19346732E-03
+39.45800E-06 +42.71356738E-03 +47.73869E-06
+39.47350E-06 -40.20100459E-03 +763.81909E-06
+39.48900E-06 -120.60301378E-03 +1.47989948E-03
+39.50450E-06 +22.61306509E-03 +763.81909E-06
+39.52000E-06 +42.71356738E-03 +0.0E+00
+39.53550E-06 -80.40200919E-03 +763.81909E-06
+39.55100E-06 -120.60301378E-03 +1.52763817E-03
+39.56650E-06 +57.78894410E-03 +1.09798994E-03
+39.58200E-06 +80.40200919E-03 +716.08039E-06
+39.59750E-06 -103.01507427E-03 +763.81909E-06
+39.61300E-06 -120.60301378E-03 +47.73869E-06
+39.62850E-06 +57.78894410E-03 +334.17085E-06
+39.64400E-06 +42.71356738E-03 +716.08039E-06
+39.65950E-06 -97.98994870E-03 +763.81909E-06
+39.67500E-06 -80.40200919E-03 +1.47989948E-03
+39.69050E-06 +57.78894410E-03 +429.64824E-06
+39.70600E-06 +42.71356738E-03 +47.73869E-06
+39.72150E-06 -120.60301378E-03 +0.0E+00
+39.73700E-06 -82.91457198E-03 +1.47989948E-03
+39.75250E-06 +62.81406968E-03 +1.52763817E-03
+39.76800E-06 +5.02512558E-03 +716.08039E-06
+39.78350E-06 -125.62813936E-03 +763.81909E-06
+39.79900E-06 -42.71356738E-03 +1.47989948E-03
+39.81450E-06 +80.40200919E-03 +763.81909E-06
+39.83000E-06 +2.51256279E-03 +859.29647E-06
+39.84550E-06 -120.60301378E-03 +0.0E+00
+39.86100E-06 -42.71356738E-03 +763.81909E-06
+39.87650E-06 +80.40200919E-03 +0.0E+00
+39.89200E-06 +2.51256279E-03 +716.08039E-06
+39.90750E-06 -138.19095329E-03 +763.81909E-06
+39.92300E-06 -42.71356738E-03 +1.47989948E-03
+39.93850E-06 +97.98994870E-03 +859.29647E-06
+39.95400E-06 +0.0E+00 +47.73869E-06
+39.96950E-06 -120.60301378E-03 +334.17085E-06
+39.98500E-06 -5.02512558E-03 +1.47989948E-03
+40.00050E-06 +80.40200919E-03 +763.81909E-06
+40.01600E-06 -75.37688361E-03 +0.0E+00
+40.03150E-06 -165.82914396E-03 +1.52763817E-03
+40.04700E-06 -40.20100459E-03 +2.24371857E-03
+40.06250E-06 +80.40200919E-03 +1.19346732E-03
+40.07800E-06 -40.20100459E-03 +763.81909E-06
+40.09350E-06 -143.21607887E-03 +763.81909E-06
+40.10900E-06 +35.17587902E-03 +811.55778E-06
+40.12450E-06 +120.60301378E-03 +668.34170E-06
+40.14000E-06 -77.88944640E-03 +668.34170E-06
+40.15550E-06 -160.80401838E-03 +1.19346732E-03
+40.17100E-06 +40.20100459E-03 +763.81909E-06
+40.18650E-06 +103.01507428E-03 +95.47739E-06
+40.20200E-06 -118.09045099E-03 +0.0E+00
+40.21750E-06 -143.21607887E-03 +1.09798994E-03
+40.23300E-06 +40.20100459E-03 +1.52763817E-03
+40.24850E-06 +62.81406968E-03 +429.64824E-06
+40.26400E-06 -158.29145559E-03 +763.81909E-06
+40.27950E-06 -125.62813936E-03 +1.52763817E-03
+40.29500E-06 +77.88944640E-03 +2.24371857E-03
+40.31050E-06 +62.81406968E-03 +429.64824E-06
+40.32600E-06 -158.29145559E-03 +763.81909E-06
+40.34150E-06 -120.60301378E-03 +1.52763817E-03
+40.35700E-06 +118.09045099E-03 +811.55778E-06
+40.37250E-06 +62.81406968E-03 +334.17085E-06
+40.38800E-06 -160.80401838E-03 +716.08039E-06
+40.40350E-06 -80.40200919E-03 +1.52763817E-03
+40.41900E-06 +120.60301378E-03 +1.52763817E-03
+40.43450E-06 +62.81406968E-03 +0.0E+00
+40.45000E-06 -160.80401838E-03 +0.0E+00
+40.46550E-06 -62.81406968E-03 +1.09798994E-03
+40.48100E-06 +123.11557657E-03 +1.52763817E-03
+40.49650E-06 +22.61306509E-03 +763.81909E-06
+40.51200E-06 -201.00502297E-03 +763.81909E-06
+40.52750E-06 -45.22613017E-03 +1.52763817E-03
+40.54300E-06 +158.29145559E-03 +763.81909E-06
+40.55850E-06 -17.58793951E-03 +763.81909E-06
+40.57400E-06 -201.00502297E-03 +763.81909E-06
+40.58950E-06 -22.61306509E-03 +763.81909E-06
+40.60500E-06 +160.80401838E-03 +47.73869E-06
+40.62050E-06 -17.58793951E-03 +334.17085E-06
+40.63600E-06 -201.00502297E-03 +716.08039E-06
+40.65150E-06 -5.02512558E-03 +1.19346732E-03
+40.66700E-06 +160.80401838E-03 +763.81909E-06
+40.68250E-06 -57.78894410E-03 -334.17085E-06
+40.69800E-06 -203.51758576E-03 +763.81909E-06
+40.71350E-06 +17.58793951E-03 +1.52763817E-03
+40.72900E-06 +160.80401838E-03 +1.52763817E-03
+40.74450E-06 -75.37688361E-03 +334.17085E-06
+40.76000E-06 -241.20602757E-03 +1.52763817E-03
+40.77550E-06 +35.17587902E-03 +1.52763817E-03
+40.79100E-06 +160.80401838E-03 +763.81909E-06
+40.80650E-06 -115.57788821E-03 -334.17085E-06
+40.82200E-06 -203.51758576E-03 +811.55778E-06
+40.83750E-06 +75.37688361E-03 +1.62311556E-03
+40.85300E-06 +163.31658117E-03 +47.73869E-06
+40.86850E-06 -178.39195789E-03 -429.64824E-06
+40.88400E-06 -203.51758576E-03 +1.43216079E-03
+40.89950E-06 +115.57788821E-03 +1.62311556E-03
+40.91500E-06 +160.80401838E-03 +763.81909E-06
+40.93050E-06 -160.80401838E-03 +0.0E+00
+40.94600E-06 -201.00502297E-03 +1.47989948E-03
+40.96150E-06 +138.19095329E-03 +1.09798994E-03
+40.97700E-06 +85.42713477E-03 -47.73869E-06
+40.99250E-06 -195.97989739E-03 +763.81909E-06
+41.00800E-06 -163.31658117E-03 +811.55778E-06
+41.02350E-06 +178.39195789E-03 +1.19346732E-03
+41.03900E-06 +123.11557657E-03 +763.81909E-06
+41.05450E-06 -218.59296248E-03 +429.64824E-06
+41.07000E-06 -123.11557657E-03 +1.52763817E-03
+41.08550E-06 +195.97989739E-03 +859.29647E-06
+41.10100E-06 +82.91457198E-03 -716.08039E-06
+41.11650E-06 -281.40703216E-03 -429.64824E-06
+41.13200E-06 -82.91457198E-03 +2.19597988E-03
+41.14750E-06 +218.59296248E-03 +1.52763817E-03
+41.16300E-06 +7.53768837E-03 +0.0E+00
+41.17850E-06 -281.40703216E-03 +1.19346732E-03
+41.19400E-06 -85.42713477E-03 +1.57537687E-03
+41.20950E-06 +241.20602757E-03 +668.34170E-06
+41.22500E-06 +2.51256279E-03 +0.0E+00
+41.24050E-06 -241.20602757E-03 +763.81909E-06
+41.25600E-06 -42.71356738E-03 +1.52763817E-03
+41.27150E-06 +241.20602757E-03 +0.0E+00
+41.28700E-06 -35.17587902E-03 -716.08039E-06
+41.30250E-06 -281.40703216E-03 +1.52763817E-03
+41.31800E-06 -2.51256279E-03 +1.57537687E-03
+41.33350E-06 +281.40703216E-03 +429.64824E-06
+41.34900E-06 -75.37688361E-03 -1.47989948E-03
+41.36450E-06 -281.40703216E-03 +763.81909E-06
+41.38000E-06 +75.37688361E-03 +1.52763817E-03
+41.39550E-06 +263.81909265E-03 +763.81909E-06
+41.41100E-06 -115.57788821E-03 -47.73869E-06
+41.42650E-06 -281.40703216E-03 +1.52763817E-03
+41.44200E-06 +113.06532542E-03 +1.52763817E-03
+41.45750E-06 +223.61808806E-03 +429.64824E-06
+41.47300E-06 -155.77889280E-03 +0.0E+00
+41.48850E-06 -304.02009725E-03 +1.09798994E-03
+41.50400E-06 +155.77889280E-03 +1.52763817E-03
+41.51950E-06 +223.61808806E-03 +0.0E+00
+41.53500E-06 -236.18090199E-03 +0.0E+00
+41.55050E-06 -263.81909265E-03 +1.52763817E-03
+41.56600E-06 +193.46733461E-03 +1.52763817E-03
+41.58150E-06 +206.03014855E-03 -334.17085E-06
+41.59700E-06 -276.38190658E-03 -763.81909E-06
+41.61250E-06 -246.23115315E-03 +763.81909E-06
+41.62800E-06 +236.18090199E-03 +763.81909E-06
+41.64350E-06 +188.44220904E-03 +0.0E+00
+41.65900E-06 -278.89446937E-03 +0.0E+00
+41.67450E-06 -188.44220904E-03 +1.86180903E-03
+41.69000E-06 +276.38190658E-03 +859.29647E-06
+41.70550E-06 +125.62813936E-03 -763.81909E-06
+41.72100E-06 -319.09547397E-03 +0.0E+00
+41.73650E-06 -148.24120445E-03 +2.29145726E-03
+41.75200E-06 +281.40703216E-03 +811.55778E-06
+41.76750E-06 +67.83919526E-03 -763.81909E-06
+41.78300E-06 -396.98492037E-03 +0.0E+00
+41.79850E-06 -108.04019985E-03 +1.52763817E-03
+41.81400E-06 +319.09547397E-03 +859.29647E-06
+41.82950E-06 +45.22613017E-03 -334.17085E-06
+41.84500E-06 -399.49748316E-03 -716.08039E-06
+41.86050E-06 -67.83919526E-03 +1.86180903E-03
+41.87600E-06 +399.49748316E-03 +811.55778E-06
+41.89150E-06 -12.56281393E-03 -429.64824E-06
+41.90700E-06 -439.69848775E-03 +1.47989948E-03
+41.92250E-06 -27.63819066E-03 +1.95728641E-03
+41.93800E-06 +399.49748316E-03 +47.73869E-06
+41.95350E-06 -75.37688361E-03 -1.19346732E-03
+41.96900E-06 -439.69848775E-03 +716.08039E-06
+41.98450E-06 +12.56281393E-03 +1.86180903E-03
+42.00000E-06 +361.80904135E-03 +811.55778E-06
+42.01550E-06 -133.16582771E-03 +0.0E+00
+42.03100E-06 -402.01004595E-03 +1.43216079E-03
+42.04650E-06 +115.57788821E-03 +1.95728641E-03
+42.06200E-06 +364.32160414E-03 +811.55778E-06
+42.07750E-06 -173.36683231E-03 -429.64824E-06
+42.09300E-06 -404.52260873E-03 +1.52763817E-03
+42.10850E-06 +155.77889280E-03 +1.86180903E-03
+42.12400E-06 +361.80904135E-03 +47.73869E-06
+42.13950E-06 -276.38190658E-03 -429.64824E-06
+42.15500E-06 -404.52260873E-03 +2.24371857E-03
+42.17050E-06 +231.15577641E-03 +1.95728641E-03
+42.18600E-06 +324.12059955E-03 -716.08039E-06
+42.20150E-06 -316.58291118E-03 -429.64824E-06
+42.21700E-06 -366.83416693E-03 +1.52763817E-03
+42.23250E-06 +276.38190658E-03 +1.52763817E-03
+42.24800E-06 +286.43215774E-03 +0.0E+00
+42.26350E-06 -356.78391577E-03 +0.0E+00
+42.27900E-06 -291.45728332E-03 +2.24371857E-03
+42.29450E-06 +356.78391577E-03 +1.95728641E-03
+42.31000E-06 +246.23115315E-03 -763.81909E-06
+42.32550E-06 -414.57285987E-03 -763.81909E-06
+42.34100E-06 -248.74371594E-03 +1.52763817E-03
+42.35650E-06 +396.98492037E-03 +763.81909E-06
+42.37200E-06 +208.54271134E-03 -47.73869E-06
+42.38750E-06 -459.79899005E-03 +429.64824E-06
+42.40300E-06 -208.54271134E-03 +2.29145726E-03
+42.41850E-06 +459.79899005E-03 +1.19346732E-03
+42.43400E-06 +128.14070215E-03 -1.52763817E-03
+42.44950E-06 -477.38692956E-03 -429.64824E-06
+42.46500E-06 -128.14070215E-03 +2.24371857E-03
+42.48050E-06 +442.21105054E-03 +1.19346732E-03
+42.49600E-06 +10.05025116E-03 -763.81909E-06
+42.51150E-06 -545.22612482E-03 +334.17085E-06
+42.52700E-06 -87.93969756E-03 +3.00753766E-03
+42.54250E-06 +522.61305973E-03 +1.19346732E-03
+42.55800E-06 +7.53768837E-03 -763.81909E-06
+42.57350E-06 -562.81406432E-03 +763.81909E-06
+42.58900E-06 +27.63819065E-03 +1.57537687E-03
+42.60450E-06 +499.99999464E-03 +429.64824E-06
+42.62000E-06 -145.72864164E-03 -1.52763817E-03
+42.63550E-06 -545.22612482E-03 +1.09798994E-03
+42.65100E-06 +110.55276263E-03 +3.05527635E-03
+42.66650E-06 +522.61305973E-03 +429.64824E-06
+42.68200E-06 -190.95477182E-03 -1.47989948E-03
+42.69750E-06 -545.22612482E-03 +1.09798994E-03
+42.71300E-06 +188.44220903E-03 +2.29145726E-03
+42.72850E-06 +487.43718071E-03 -763.81909E-06
+42.74400E-06 -271.35678100E-03 -811.55778E-06
+42.75950E-06 -527.63818531E-03 +1.52763817E-03
+42.77500E-06 +271.35678100E-03 +2.29145726E-03
+42.79050E-06 +487.43718071E-03 -668.34170E-06
+42.80600E-06 -351.75879019E-03 -811.55778E-06
+42.82150E-06 -510.05024580E-03 +1.95728641E-03
+42.83700E-06 +314.07034839E-03 +1.62311556E-03
+42.85250E-06 +429.64823661E-03 -763.81909E-06
+42.86800E-06 -432.16079938E-03 -811.55778E-06
+42.88350E-06 -469.84924121E-03 +2.29145726E-03
+42.89900E-06 +432.16079938E-03 +3.05527635E-03
+42.91450E-06 +389.44723202E-03 -1.09798994E-03
+42.93000E-06 -515.07537136E-03 -716.08039E-06
+42.94550E-06 -389.44723202E-03 +2.29145726E-03
+42.96100E-06 +515.07537136E-03 +1.57537687E-03
+42.97650E-06 +291.45728332E-03 -763.81909E-06
+42.99200E-06 -595.47738055E-03 -47.73869E-06
+43.00750E-06 -314.07034841E-03 +2.62562811E-03
+43.02300E-06 +592.96481776E-03 +1.57537687E-03
+43.03850E-06 +273.86934381E-03 -1.09798994E-03
+43.05400E-06 -638.19094793E-03 +0.0E+00
+43.06950E-06 -233.66833922E-03 +3.05527635E-03
+43.08500E-06 +597.98994334E-03 +811.55778E-06
+43.10050E-06 +170.85426954E-03 -1.86180903E-03
+43.11600E-06 -678.39195253E-03 +668.34170E-06
+43.13150E-06 -170.85426954E-03 +3.05527635E-03
+43.14700E-06 +640.70351072E-03 +811.55778E-06
+43.16250E-06 +32.66331625E-03 -1.52763817E-03
+43.17800E-06 -721.10551991E-03 +716.08039E-06
+43.19350E-06 -55.27638133E-03 +3.05527635E-03
+43.20900E-06 +643.21607351E-03 +47.73869E-06
+43.22450E-06 -42.71356736E-03 -1.52763817E-03
+43.24000E-06 -763.81908730E-03 +1.43216079E-03
+43.25550E-06 +25.12562786E-03 +3.05527635E-03
+43.27100E-06 +683.41707811E-03 +47.73869E-06
+43.28650E-06 -145.72864164E-03 -2.29145726E-03
+43.30200E-06 -761.30652451E-03 +1.47989948E-03
+43.31750E-06 +168.34170673E-03 +3.05527635E-03
+43.33300E-06 +685.92964090E-03 +47.73869E-06
+43.34850E-06 -266.33165542E-03 -1.95728641E-03
+43.36400E-06 -728.64320828E-03 +2.19597988E-03
+43.37950E-06 +243.71859034E-03 +3.81909544E-03
+43.39500E-06 +648.24119909E-03 +47.73869E-06
+43.41050E-06 -369.34672970E-03 -1.09798994E-03
+43.42600E-06 -690.95476648E-03 +2.29145726E-03
+43.44150E-06 +391.95979479E-03 +2.29145726E-03
+43.45700E-06 +648.24119909E-03 -716.08039E-06
+43.47250E-06 -489.94974348E-03 -1.19346732E-03
+43.48800E-06 -650.75376188E-03 +3.00753766E-03
+43.50350E-06 +512.56280857E-03 +3.48492459E-03
+43.51900E-06 +570.35175269E-03 -763.81909E-06
+43.53450E-06 -592.96481776E-03 -1.19346732E-03
+43.55000E-06 -572.86431548E-03 +3.05527635E-03
+43.56550E-06 +592.96481776E-03 +2.38693465E-03
+43.58100E-06 +494.97486908E-03 -2.19597988E-03
+43.59650E-06 -673.36682695E-03 -859.29647E-06
+43.61200E-06 -492.46230629E-03 +3.67587936E-03
+43.62750E-06 +673.36682695E-03 +1.95728641E-03
+43.64300E-06 +414.57285989E-03 -1.52763817E-03
+43.65850E-06 -798.99496631E-03 +0.0E+00
+43.67400E-06 -414.57285989E-03 +3.81909544E-03
+43.68950E-06 +776.38190122E-03 +1.86180903E-03
+43.70500E-06 +296.48240890E-03 -2.24371857E-03
+43.72050E-06 -834.17084533E-03 +334.17085E-06
+43.73600E-06 -334.17085071E-03 +4.53517583E-03
+43.75150E-06 +798.99496631E-03 +1.52763817E-03
+43.76700E-06 +175.87939512E-03 -2.29145726E-03
+43.78250E-06 -919.59798010E-03 +334.17085E-06
+43.79800E-06 -175.87939512E-03 +3.81909544E-03
+43.81350E-06 +879.39697550E-03 +859.29647E-06
+43.82900E-06 +57.78894412E-03 -3.00753766E-03
+43.84450E-06 -924.62310567E-03 +1.00251255E-03
+43.86000E-06 -15.07537674E-03 +3.77135674E-03
+43.87550E-06 +907.03516617E-03 +429.64824E-06
+43.89100E-06 -65.32663245E-03 -1.57537687E-03
+43.90650E-06 -964.82411027E-03 +1.86180903E-03
+43.92200E-06 +143.21607885E-03 +3.86683413E-03
+43.93750E-06 +924.62310567E-03 -763.81909E-06
+43.95300E-06 -223.61808804E-03 -2.33919595E-03
+43.96850E-06 -947.23617076E-03 +1.52763817E-03
+43.98400E-06 +263.81909263E-03 +3.81909544E-03
+43.99950E-06 +912.06029175E-03 -334.17085E-06
+44.01500E-06 -384.42210642E-03 -2.29145726E-03
+44.03050E-06 -889.44722666E-03 +2.62562811E-03
+44.04600E-06 +384.42210642E-03 +3.86683413E-03
+44.06150E-06 +854.27134765E-03 -668.34170E-06
+44.07700E-06 -502.51255741E-03 -1.57537687E-03
+44.09250E-06 -854.27134765E-03 +2.19597988E-03
+44.10800E-06 +545.22612480E-03 +3.81909544E-03
+44.12350E-06 +796.48240354E-03 -1.52763817E-03
+44.13900E-06 -665.82913858E-03 -1.57537687E-03
+44.15450E-06 -819.09546863E-03 +3.05527635E-03
+44.17000E-06 +706.03014317E-03 +3.15075374E-03
+44.18550E-06 +738.69345944E-03 -1.86180903E-03
+44.20100E-06 -786.43215236E-03 -1.62311556E-03
+44.21650E-06 -721.10551993E-03 +4.15326629E-03
+44.23200E-06 +829.14571975E-03 +3.10301504E-03
+44.24750E-06 +640.70351074E-03 -1.86180903E-03
+44.26300E-06 -914.57285452E-03 -811.55778E-06
+44.27850E-06 -623.11557124E-03 +3.81909544E-03
+44.29400E-06 +912.06029173E-03 +2.33919595E-03
+44.30950E-06 +479.89949237E-03 -2.95979896E-03
+44.32500E-06 -992.46230091E-03 -1.52763817E-03
+44.34050E-06 -457.28642728E-03 +4.58291452E-03
+44.35600E-06 +1.03517586830E+00 +2.33919595E-03
+44.37150E-06 +341.70853908E-03 -2.62562811E-03
+44.38700E-06 -1.11557787749E+00 -95.47739E-06
+44.40250E-06 -341.70853908E-03 +4.58291452E-03
+44.41800E-06 +1.11557787749E+00 +1.62311556E-03
+44.43350E-06 +203.51758578E-03 -3.05527635E-03
+44.44900E-06 -1.19849244947E+00 +620.60301E-06
+44.46450E-06 -140.70351610E-03 +4.58291452E-03
+44.48000E-06 +1.12060300307E+00 +1.57537687E-03
+44.49550E-06 +20.10050232E-03 -3.05527635E-03
+44.51100E-06 -1.20351757505E+00 +763.81909E-06
+44.52650E-06 +20.10050228E-03 +5.01256276E-03
+44.54200E-06 +1.16331657045E+00 +143.21608E-06
+44.55750E-06 -140.70351606E-03 -3.81909544E-03
+44.57300E-06 -1.20603013784E+00 +1.47989948E-03
+44.58850E-06 +198.49246016E-03 +4.24874367E-03
+44.60400E-06 +1.16834169603E+00 -668.34170E-06
+44.61950E-06 -319.09547394E-03 -2.62562811E-03
+44.63500E-06 -1.20854270063E+00 +2.19597988E-03
+44.65050E-06 +381.90954363E-03 +4.24874367E-03
+44.66600E-06 +1.13065325423E+00 -716.08039E-06
+44.68150E-06 -502.51255741E-03 -3.91457282E-03
+44.69700E-06 -1.17085425882E+00 +3.00753766E-03
+44.71250E-06 +542.71356200E-03 +3.81909544E-03
+44.72800E-06 +1.09547737521E+00 -716.08039E-06
+44.74350E-06 -685.92964087E-03 -2.38693465E-03
+44.75900E-06 -1.09798993800E+00 +3.72361805E-03
+44.77450E-06 +703.51758038E-03 +5.10804015E-03
+44.79000E-06 +977.38692422E-03 -2.19597988E-03
+44.80550E-06 -864.32159876E-03 -3.05527635E-03
+44.82100E-06 -942.21104521E-03 +3.05527635E-03
+44.83650E-06 +909.54772893E-03 +4.24874367E-03
+44.85200E-06 +899.49747782E-03 -2.24371857E-03
+44.86750E-06 -1.03015074272E+00 -1.62311556E-03
+44.88300E-06 -861.80903602E-03 +5.25125623E-03
+44.89850E-06 +1.03015074272E+00 +3.91457282E-03
+44.91400E-06 +743.71858502E-03 -3.72361805E-03
+44.92950E-06 -1.15075375650E+00 -1.62311556E-03
+44.94500E-06 -706.03014322E-03 +5.25125623E-03
+44.96050E-06 +1.15577888208E+00 +2.72110550E-03
+44.97600E-06 +582.91456664E-03 -4.43969844E-03
+44.99150E-06 -1.27638189587E+00 -429.64824E-06
+45.00700E-06 -545.22612484E-03 +5.34673361E-03
+45.02250E-06 +1.25879395636E+00 +2.38693465E-03
+45.03800E-06 +384.42210646E-03 -3.77135674E-03
+45.05350E-06 -1.33919596555E+00 -95.47739E-06
+45.06900E-06 -346.73366466E-03 +6.06281401E-03
+45.08450E-06 +1.36180903064E+00 +1.19346732E-03
+45.10000E-06 +188.44220907E-03 -4.58291452E-03
+45.11550E-06 -1.40703516081E+00 +1.00251255E-03
+45.13100E-06 -145.72864168E-03 +6.11055270E-03
+45.14650E-06 +1.40201003523E+00 +525.12562E-06
+45.16200E-06 -12.56281390E-03 -5.29899492E-03
+45.17750E-06 -1.48743717000E+00 +1.43216079E-03
+45.19300E-06 +90.45226030E-03 +5.34673361E-03
+45.20850E-06 +1.41206028639E+00 +525.12562E-06
+45.22400E-06 -251.25627868E-03 -4.53517583E-03
+45.23950E-06 -1.47487435607E+00 +2.19597988E-03
+45.25500E-06 +291.45728327E-03 +6.11055270E-03
+45.27050E-06 +1.39447234688E+00 -1.00251255E-03
+45.28600E-06 -454.77386444E-03 -3.86683413E-03
+45.30150E-06 -1.45728641656E+00 +3.38944720E-03
+45.31700E-06 +535.17587363E-03 +5.44221100E-03
+45.33250E-06 +1.39949747246E+00 -1.86180903E-03
+45.34800E-06 -695.97989201E-03 -3.91457282E-03
+45.36350E-06 -1.38190953296E+00 +4.15326629E-03
+45.37900E-06 +736.18089660E-03 +5.39447230E-03
+45.39450E-06 +1.26130651917E+00 -2.53015073E-03
+45.41000E-06 -896.98491498E-03 -3.05527635E-03
+45.42550E-06 -1.26633164475E+00 +4.82160799E-03
+45.44100E-06 +977.38692417E-03 +5.39447230E-03
+45.45650E-06 +1.18592963556E+00 -3.29396981E-03
+45.47200E-06 -1.09798993796E+00 -3.10301504E-03
+45.48750E-06 -1.16834169606E+00 +5.25125623E-03
+45.50300E-06 +1.14070350534E+00 +4.67839191E-03
+45.51850E-06 +1.01256280326E+00 -3.38944720E-03
+45.53400E-06 -1.26633164470E+00 -1.67085425E-03
+45.54950E-06 -1.03015074277E+00 +5.68090446E-03
+45.56500E-06 +1.30653264930E+00 +3.91457282E-03
+45.58050E-06 +851.75878488E-03 -4.15326629E-03
+45.59600E-06 -1.42964822587E+00 -1.67085425E-03
+45.61150E-06 -811.55778029E-03 +6.77889440E-03
+45.62700E-06 +1.46984923047E+00 +2.43467334E-03
+45.64250E-06 +673.36682700E-03 -4.48743714E-03
+45.65800E-06 -1.55276380245E+00 -859.29647E-06
+45.67350E-06 -570.35175272E-03 +6.11055270E-03
+45.68900E-06 +1.59547736983E+00 +2.38693465E-03
+45.70450E-06 +437.18592501E-03 -4.91708537E-03
+45.72000E-06 -1.71608038362E+00 +620.60301E-06
+45.73550E-06 -374.37185533E-03 +7.20854264E-03
+45.75100E-06 +1.67839194181E+00 +1.62311556E-03
+45.76650E-06 +173.36683235E-03 -5.34673361E-03
+45.78200E-06 -1.72361807199E+00 +716.08039E-06
+45.79750E-06 -110.55276267E-03 +6.54020094E-03
+45.81300E-06 +1.72361807199E+00 +143.21608E-06
+45.82850E-06 -67.83919521E-03 -5.01256276E-03
+45.84400E-06 -1.80653264397E+00 +2.14824118E-03
+45.85950E-06 +148.24120440E-03 +7.63819087E-03
+45.87500E-06 +1.73115576036E+00 +95.47739E-06
+45.89050E-06 -331.65828787E-03 -5.34673361E-03
+45.90600E-06 -1.77386932774E+00 +2.95979896E-03
+45.92150E-06 +389.44723197E-03 +6.54020094E-03
+45.93700E-06 +1.69346731855E+00 -1.43216079E-03
+45.95250E-06 -608.04019445E-03 -5.01256276E-03
+45.96800E-06 -1.73366832315E+00 +4.43969844E-03
+45.98350E-06 +670.85426413E-03 +6.96984917E-03
+45.99900E-06 +1.65577887675E+00 -2.91206027E-03
+46.01450E-06 -854.27134760E-03 -4.24874367E-03
+46.03000E-06 -1.62060299773E+00 +4.48743714E-03
+46.04550E-06 +952.26129629E-03 +6.20603008E-03
+46.06100E-06 +1.50502510953E+00 -3.72361805E-03
+46.07650E-06 -1.09547737516E+00 -4.34422106E-03
+46.09200E-06 -1.50251254674E+00 +6.01507531E-03
+46.10750E-06 +1.15829144485E+00 +6.20603008E-03
+46.12300E-06 +1.38693465854E+00 -3.00753766E-03
+46.13850E-06 -1.32412058880E+00 -3.91457282E-03
+46.15400E-06 -1.30904521214E+00 +6.77889440E-03
+46.16950E-06 +1.40452259799E+00 +5.44221100E-03
+46.18500E-06 +1.18844219836E+00 -4.48743714E-03
+46.20050E-06 -1.54773867686E+00 -2.81658288E-03
+46.21600E-06 -1.11306531475E+00 +7.54271349E-03
+46.23150E-06 +1.56532661637E+00 +4.34422106E-03
+46.24700E-06 +989.94973817E-03 -5.29899492E-03
+46.26250E-06 -1.71356782082E+00 -2.05276380E-03
+46.27800E-06 -876.88441276E-03 +8.35427127E-03
+46.29350E-06 +1.75376882542E+00 +3.24623112E-03
+46.30900E-06 +716.08039438E-03 -6.06281401E-03
+46.32450E-06 -1.85678389969E+00 -525.12562E-06
+46.34000E-06 -597.98994339E-03 +7.59045218E-03
+46.35550E-06 +1.86180902528E+00 +2.05276380E-03
+46.37100E-06 +437.18592501E-03 -6.06281401E-03
+46.38650E-06 -1.96482409955E+00 +238.69346E-06
+46.40200E-06 -319.09547402E-03 +7.63819087E-03
+46.41750E-06 +1.94723616005E+00 +859.29647E-06
+46.43300E-06 +155.77889285E-03 -6.11055270E-03
+46.44850E-06 -2.05025123432E+00 +2.19597988E-03
+46.46400E-06 -75.37688366E-03 +8.40200996E-03
+46.47950E-06 +2.01005022973E+00 -238.69346E-06
+46.49500E-06 -123.11557652E-03 -6.15829139E-03
+46.51050E-06 -2.05527635990E+00 +2.95979896E-03
+46.52600E-06 +243.71859030E-03 +8.40200996E-03
+46.54150E-06 +2.00251254138E+00 -1.33668340E-03
+46.55700E-06 -442.21105049E-03 -6.92211048E-03
+46.57250E-06 -1.99748741580E+00 +3.62814066E-03
+46.58800E-06 +525.12562247E-03 +8.35427127E-03
+46.60350E-06 +1.94472359728E+00 -2.19597988E-03
+46.61900E-06 -763.81908724E-03 -5.44221100E-03
+46.63450E-06 -1.94472359728E+00 +5.25125623E-03
+46.65000E-06 +884.42210103E-03 +7.73366826E-03
+46.66550E-06 +1.84673364859E+00 -2.95979896E-03
+46.68100E-06 -1.08542712400E+00 -5.44221100E-03
+46.69650E-06 -1.82914570908E+00 +6.01507531E-03
+46.71200E-06 +1.17085425877E+00 +7.68592957E-03
+46.72750E-06 +1.70854269530E+00 -3.72361805E-03
+46.74300E-06 -1.33417083994E+00 -3.91457282E-03
+46.75850E-06 -1.67336681628E+00 +7.11306525E-03
+46.77400E-06 +1.45226129093E+00 +6.25376878E-03
+46.78950E-06 +1.53517586299E+00 -5.25125623E-03
+46.80500E-06 -1.61557787210E+00 -4.63065322E-03
+46.82050E-06 -1.47738691889E+00 +7.11306525E-03
+46.83600E-06 +1.66080400228E+00 +5.44221100E-03
+46.85150E-06 +1.29899496101E+00 -6.01507531E-03
+46.86700E-06 -1.85678389967E+00 -3.19849243E-03
+46.88250E-06 -1.22361807740E+00 +7.63819087E-03
+46.89800E-06 +1.86432158804E+00 +4.01005021E-03
+46.91350E-06 +1.04020099393E+00 -6.44472355E-03
+46.92900E-06 -2.02512560642E+00 -1.71859295E-03
+46.94450E-06 -942.21104524E-03 +8.30653257E-03
+46.96000E-06 +2.07035173659E+00 +3.24623112E-03
+46.97550E-06 +741.20602226E-03 -7.20854264E-03
+46.99100E-06 -2.19346731317E+00 -143.21608E-06
+47.00650E-06 -643.21607357E-03 +9.16582905E-03
+47.02200E-06 +2.19346731317E+00 +1.71859295E-03
+47.03750E-06 +442.21105060E-03 -7.97236172E-03
+47.05300E-06 -2.27889444794E+00 -143.21608E-06
+47.06850E-06 -304.02009731E-03 +9.07035166E-03
+47.08400E-06 +2.28391957352E+00 +907.03517E-06
+47.09950E-06 +103.01507433E-03 -7.30402002E-03
+47.11500E-06 -2.32663314090E+00 +2.14824118E-03
+47.13050E-06 +17.58793945E-03 +9.59547728E-03
+47.14600E-06 +2.29145726189E+00 -1.24120602E-03
+47.16150E-06 -218.59296242E-03 -8.06783911E-03
+47.17700E-06 -2.33165826648E+00 +3.62814066E-03
+47.19250E-06 +339.19597621E-03 +9.92964813E-03
+47.20800E-06 +2.25628138288E+00 -1.38442210E-03
+47.22350E-06 -580.40200377E-03 -7.30402002E-03
+47.23900E-06 -2.25879394567E+00 +4.43969844E-03
+47.25450E-06 +718.59295706E-03 +9.26130643E-03
+47.27000E-06 +2.22110550386E+00 -3.67587936E-03
+47.28550E-06 -924.62310562E-03 -7.30402002E-03
+47.30100E-06 -2.18341706206E+00 +5.20351753E-03
+47.31650E-06 +1.06783918449E+00 +7.63819087E-03
+47.33200E-06 +2.10804017845E+00 -4.48743714E-03
+47.34750E-06 -1.28643214697E+00 -6.20603008E-03
+47.36300E-06 -2.06783917386E+00 +7.49497479E-03
+47.37850E-06 +1.34924621665E+00 +7.82914565E-03
+47.39400E-06 +1.91206028106E+00 -5.96733662E-03
+47.40950E-06 -1.59547736980E+00 -5.10804015E-03
+47.42500E-06 -1.83417083466E+00 +7.54271349E-03
+47.44050E-06 +1.67587937899E+00 +6.96984917E-03
+47.45600E-06 +1.67839194187E+00 -6.01507531E-03
+47.47150E-06 -1.85929646246E+00 -4.34422106E-03
+47.48700E-06 -1.59798993268E+00 +8.30653257E-03
+47.50250E-06 +1.96231153673E+00 +5.87185923E-03
+47.51800E-06 +1.40201003529E+00 -6.73115571E-03
+47.53350E-06 -2.10552761560E+00 -3.24623112E-03
+47.54900E-06 -1.32160802610E+00 +8.40200996E-03
+47.56450E-06 +2.16834168529E+00 +5.10804015E-03
+47.58000E-06 +1.12311556592E+00 -7.59045218E-03
+47.59550E-06 -2.31155776416E+00 -1.71859295E-03
+47.61100E-06 -964.82411033E-03 +9.88190944E-03
+47.62650E-06 +2.33417082925E+00 +3.67587936E-03
+47.64200E-06 +763.81908736E-03 -8.30653257E-03
+47.65750E-06 -2.41959796402E+00 +143.21608E-06
+47.67300E-06 -645.72863636E-03 +10.59798984E-03
+47.68850E-06 +2.42462308960E+00 +1.71859295E-03
+47.70400E-06 +407.03517159E-03 -8.35427127E-03
+47.71950E-06 -2.56783916847E+00 +1.76633164E-03
+47.73500E-06 -251.25627879E-03 +11.40954762E-03
+47.75050E-06 +2.51005022437E+00 +190.95477E-06
+47.76600E-06 +47.73869303E-03 -8.40200996E-03
+47.78150E-06 -2.59547735914E+00 +3.29396981E-03
+47.79700E-06 +150.75376716E-03 +9.97738683E-03
+47.81250E-06 +2.53768841504E+00 -1.00251255E-03
+47.82800E-06 -354.27135292E-03 -8.44974865E-03
+47.84350E-06 -2.56030148013E+00 +4.39195975E-03
+47.85900E-06 +512.56280851E-03 +10.69346722E-03
+47.87450E-06 +2.48492459652E+00 -2.86432158E-03
+47.89000E-06 -756.28139886E-03 -7.73366826E-03
+47.90550E-06 -2.48994972210E+00 +6.34924616E-03
+47.92100E-06 +914.57285445E-03 +9.97738683E-03
+47.93650E-06 +2.39195977341E+00 -3.62814066E-03
+47.95200E-06 -1.15577888202E+00 -7.68592957E-03
+47.96750E-06 -2.35678389439E+00 +6.77889440E-03
+47.98300E-06 +1.27638189580E+00 +9.92964813E-03
+47.99850E-06 +2.23618088061E+00 -5.58542708E-03
+48.01400E-06 -1.48241204436E+00 -7.68592957E-03
+48.02950E-06 -2.16080399700E+00 +8.30653257E-03
+48.04500E-06 +1.60552762093E+00 +7.73366826E-03
+48.06050E-06 +2.02261304371E+00 -6.77889440E-03
+48.07600E-06 -1.84422108571E+00 -5.53768838E-03
+48.09150E-06 -1.92462309502E+00 +9.07035166E-03
+48.10700E-06 +1.92964822048E+00 +7.78140695E-03
+48.12250E-06 +1.74623113713E+00 -7.11306525E-03
+48.13800E-06 -2.09547736444E+00 -4.72613060E-03
+48.15350E-06 -1.64824118844E+00 +9.83417075E-03
+48.16900E-06 +2.21356781543E+00 +6.20603008E-03
+48.18450E-06 +1.45226129105E+00 -7.97236172E-03
+48.20000E-06 -2.37939695939E+00 -2.48241203E-03
+48.21550E-06 -1.33165827726E+00 +11.02763807E-03
+48.23100E-06 +2.42211052678E+00 +5.48994969E-03
+48.24650E-06 +1.11306531478E+00 -8.73618081E-03
+48.26200E-06 -2.58793967074E+00 -954.77386E-06
+48.27750E-06 -992.46230100E-03 +10.26381899E-03
+48.29300E-06 +2.59045223353E+00 +2.53015073E-03
+48.30850E-06 +733.66833393E-03 -9.59547728E-03
+48.32400E-06 -2.71608037289E+00 +572.86432E-06
+48.33950E-06 -572.86431555E-03 +11.45728631E-03
+48.35500E-06 +2.71859293568E+00 +1.71859295E-03
+48.37050E-06 +354.27135307E-03 -9.92964813E-03
+48.38600E-06 -2.76633162865E+00 +2.10050249E-03
+48.40150E-06 -170.85426960E-03 +11.45728631E-03
+48.41700E-06 +2.76633162865E+00 -572.86432E-06
+48.43250E-06 -87.93969747E-03 -9.49999990E-03
+48.44800E-06 -2.81155775883E+00 +3.62814066E-03
+48.46350E-06 +208.54271125E-03 +11.02763807E-03
+48.47900E-06 +2.76884419144E+00 -1.33668340E-03
+48.49450E-06 -489.94974341E-03 -8.83165820E-03
+48.51000E-06 -2.73869343801E+00 +5.15577884E-03
+48.52550E-06 +650.75376179E-03 +11.55276370E-03
+48.54100E-06 +2.70100499621E+00 -3.58040197E-03
+48.55650E-06 -874.37184985E-03 -8.92713558E-03
+48.57200E-06 -2.62562811260E+00 +6.63567832E-03
+48.58750E-06 +1.03517586823E+00 +10.78894461E-03
+48.60300E-06 +2.51005022440E+00 -4.39195975E-03
+48.61850E-06 -1.29899496089E+00 -8.16331650E-03
+48.63400E-06 -2.47236178260E+00 +7.54271349E-03
+48.64950E-06 +1.44221103976E+00 +9.69095467E-03
+48.66500E-06 +2.35678389440E+00 -5.96733662E-03
+48.68050E-06 -1.68341706733E+00 -6.30150747E-03
+48.69600E-06 -2.31658288980E+00 +9.83417075E-03
+48.71150E-06 +1.78643214160E+00 +9.35678382E-03
+48.72700E-06 +2.11809042962E+00 -7.49497479E-03
+48.74250E-06 -2.01005022967E+00 -5.53768838E-03
+48.75800E-06 -2.00502510421E+00 +10.55025114E-03
+48.77350E-06 +2.11306530394E+00 +7.82914565E-03
+48.78900E-06 +1.84170852304E+00 -8.97487428E-03
+48.80450E-06 -2.26130650840E+00 -4.43969845E-03
+48.82000E-06 -1.64824118844E+00 +12.03015062E-03
+48.83550E-06 +2.36432158267E+00 +6.73115571E-03
+48.85100E-06 +1.48743717006E+00 -9.07035166E-03
+48.86650E-06 -2.53015072663E+00 -2.91206027E-03
+48.88200E-06 -1.29396983546E+00 +10.69346722E-03
+48.89750E-06 +2.57035173123E+00 +4.01005021E-03
+48.91300E-06 +1.09296481249E+00 -9.16582905E-03
+48.92850E-06 -2.73618087519E+00 -286.43216E-06
+48.94400E-06 -972.36179871E-03 +12.17336670E-03
+48.95950E-06 +2.74120600077E+00 +3.24623112E-03
+48.97500E-06 +693.46732934E-03 -9.88190944E-03
+48.99050E-06 -2.86683414014E+00 +1.67085425E-03
+49.00600E-06 -535.17587375E-03 +12.22110540E-03
+49.02150E-06 +2.84924620063E+00 +954.77386E-06
+49.03700E-06 +256.28140438E-03 -10.64572853E-03
+49.05250E-06 -2.91206027031E+00 +2.76884419E-03
+49.06800E-06 -92.96482321E-03 +12.17336670E-03
+49.08350E-06 +2.89447233081E+00 -1.00251255E-03
+49.09900E-06 -185.92964616E-03 -10.69346722E-03
+49.11450E-06 -2.92211052148E+00 +4.82160799E-03
+49.13000E-06 +346.73366454E-03 +12.31658278E-03
+49.14550E-06 +2.86432157738E+00 -2.53015073E-03
+49.16100E-06 -590.45225490E-03 -9.92964813E-03
+49.17650E-06 -2.84673363787E+00 +5.91959793E-03
+49.19200E-06 +788.94471508E-03 +11.55276370E-03
+49.20750E-06 +2.70854268458E+00 -3.62814066E-03
+49.22300E-06 -1.07286431003E+00 -9.21356774E-03
+49.23850E-06 -2.71356781017E+00 +7.87688434E-03
+49.25400E-06 +1.19346732382E+00 +11.50502500E-03
+49.26950E-06 +2.59798992196E+00 -5.48994969E-03
+49.28500E-06 -1.47487435598E+00 -9.21356774E-03
+49.30050E-06 -2.52261303836E+00 +8.64070342E-03
+49.31600E-06 +1.59547736976E+00 +10.74120592E-03
+49.33150E-06 +2.36683414556E+00 -7.11306525E-03
+49.34700E-06 -1.83919596012E+00 -7.01758786E-03
+49.36250E-06 -2.26884419687E+00 +9.83417075E-03
+49.37800E-06 +1.96482409948E+00 +8.59296473E-03
+49.39350E-06 +2.09045223898E+00 -8.30653257E-03
+49.40900E-06 -2.24120600606E+00 -5.58542708E-03
+49.42450E-06 -1.99246229029E+00 +11.02763807E-03
+49.44000E-06 +2.25125625723E+00 +7.11306525E-03
+49.45550E-06 +1.76884420223E+00 -9.07035166E-03
+49.47100E-06 -2.45728640578E+00 -3.29396981E-03
+49.48650E-06 -1.65326631403E+00 +11.36180892E-03
+49.50200E-06 +2.53768841497E+00 +5.53768838E-03
+49.51750E-06 +1.43467335155E+00 -9.83417075E-03
+49.53300E-06 -2.70100499614E+00 -2.48241203E-03
+49.54850E-06 -1.25628139366E+00 +11.36180892E-03
+49.56400E-06 +2.74623112632E+00 +3.29396981E-03
+49.57950E-06 +1.03768843118E+00 -10.35929637E-03
+49.59500E-06 -2.86934670289E+00 +477.38693E-06
+49.61050E-06 -859.29647330E-03 +12.98492448E-03
+49.62600E-06 +2.87437182848E+00 +1.09798994E-03
+49.64150E-06 +577.88944114E-03 -10.35929637E-03
+49.65700E-06 -3.03517584686E+00 +2.05276380E-03
+49.67250E-06 -434.67336227E-03 +12.98492448E-03
+49.68800E-06 +2.92713564703E+00 -477.38693E-06
+49.70350E-06 +153.26633011E-03 -10.35929637E-03
+49.71900E-06 -3.04773866081E+00 +4.34422106E-03
+49.73450E-06 +25.12562778E-03 +12.22110540E-03
+49.75000E-06 +2.93467333540E+00 -2.00502510E-03
+49.76550E-06 -283.91959485E-03 -10.69346722E-03
+49.78100E-06 -2.93969846099E+00 +4.43969844E-03
+49.79650E-06 +444.72361323E-03 +11.79145716E-03
+49.81200E-06 +2.93718589819E+00 -3.62814066E-03
+49.82750E-06 -748.74371048E-03 -10.45477376E-03
+49.84300E-06 -2.90201001918E+00 +6.68341701E-03
+49.85850E-06 +909.54772886E-03 +11.55276370E-03
+49.87400E-06 +2.78894469377E+00 -4.39195975E-03
+49.88950E-06 -1.15075375642E+00 -9.26130643E-03
+49.90500E-06 -2.74874368918E+00 +8.25879388E-03
+49.92050E-06 +1.31658290039E+00 +11.21859284E-03
+49.93600E-06 +2.59547735918E+00 -5.96733662E-03
+49.95150E-06 -1.56281405354E+00 -8.16331650E-03
+49.96700E-06 -2.51758791278E+00 +9.78643206E-03
+49.98250E-06 +1.68341706732E+00 +10.12060291E-03
+49.99800E-06 +2.35929645719E+00 -7.44723610E-03
+50.01350E-06 -1.92964822047E+00 -6.96984917E-03
+50.02900E-06 -2.24120600620E+00 +9.83417075E-03
+50.04450E-06 +2.05025123425E+00 +8.92713558E-03
+50.06000E-06 +2.08291455061E+00 -8.30653257E-03
+50.07550E-06 -2.25628138281E+00 -4.53517583E-03
+50.09100E-06 -1.92713565782E+00 +11.40954762E-03
+50.10650E-06 +2.33668339200E+00 +7.82914565E-03
+50.12200E-06 +1.72864319764E+00 -9.07035166E-03
+50.13750E-06 -2.54271354055E+00 -2.91206027E-03
+50.15300E-06 -1.57035174205E+00 +12.88944710E-03
+50.16850E-06 +2.58793967073E+00 +4.77386930E-03
+50.18400E-06 +1.33165827727E+00 -10.59798984E-03
+50.19950E-06 -2.71356781010E+00 -1.05025125E-03
+50.21500E-06 -1.17587938448E+00 +12.88944710E-03
+50.23050E-06 +2.77638187978E+00 +4.10552759E-03
+50.24600E-06 +934.67335691E-03 -10.59798984E-03
+50.26150E-06 -2.87939695406E+00 +143.21608E-06
+50.27700E-06 -736.18089673E-03 +12.26884409E-03
+50.29250E-06 +2.88442207964E+00 +1.71859295E-03
+50.30800E-06 +494.97486916E-03 -10.69346722E-03
+50.32350E-06 -2.96984921441E+00 +2.43467334E-03
+50.33900E-06 -334.17085078E-03 +13.70100488E-03
+50.35450E-06 +2.95226127491E+00 -572.86432E-06
+50.37000E-06 +55.27638141E-03 -10.69346722E-03
+50.38550E-06 -2.97989946558E+00 +4.72613060E-03
+50.40100E-06 +145.72864156E-03 +12.26884409E-03
+50.41650E-06 +2.92211052148E+00 -2.10050249E-03
+50.43200E-06 -386.93466912E-03 -10.74120592E-03
+50.44750E-06 -2.94472358657E+00 +6.68341701E-03
+50.46300E-06 +545.22612471E-03 +13.03266318E-03
+50.47850E-06 +2.85175876346E+00 -3.62814066E-03
+50.49400E-06 -831.65828246E-03 -9.26130643E-03
+50.50950E-06 -2.79396981936E+00 +7.11306525E-03
+50.52500E-06 +1.02763817985E+00 +11.55276370E-03
+50.54050E-06 +2.67839193116E+00 -6.34924616E-03
+50.55600E-06 -1.23366832840E+00 -9.30904513E-03
+50.57150E-06 -2.63819092656E+00 +8.97487428E-03
+50.58700E-06 +1.39447234678E+00 +10.78894461E-03
+50.60250E-06 +2.52261303836E+00 -6.68341701E-03
+50.61800E-06 -1.63819093714E+00 -7.73366826E-03
+50.63350E-06 -2.40201002458E+00 +10.16834160E-03
+50.64900E-06 +1.83417083453E+00 +10.02512552E-03
+50.66450E-06 +2.22864319228E+00 -8.30653257E-03
+50.68000E-06 -2.00502510407E+00 -6.25376878E-03
+50.69550E-06 -2.10804017850E+00 +10.93216069E-03
+50.71100E-06 +2.12311555506E+00 +8.54522604E-03
+50.72650E-06 +1.97487435079E+00 -9.40452251E-03
+50.74200E-06 -2.29145726182E+00 -4.72613060E-03
+50.75750E-06 -1.79145726732E+00 +11.79145716E-03
+50.77300E-06 +2.37437183380E+00 +6.34924616E-03
+50.78850E-06 +1.57286430484E+00 -9.49999990E-03
+50.80400E-06 -2.53768841497E+00 -2.57788942E-03
+50.81950E-06 -1.47487435615E+00 +12.55527625E-03
+50.83500E-06 +2.62060298695E+00 +5.53768838E-03
+50.85050E-06 +1.17587938448E+00 -10.26381899E-03
+50.86600E-06 -2.74623112632E+00 -1.00251255E-03
+50.88150E-06 -1.01507536610E+00 +13.31909533E-03
+50.89700E-06 +2.75376881469E+00 +3.24623112E-03
+50.91250E-06 +796.48240363E-03 -10.69346722E-03
+50.92800E-06 -2.91457283307E+00 +1.28894471E-03
+50.94350E-06 -618.09044574E-03 +12.98492448E-03
+50.95900E-06 +2.87688439127E+00 +1.00251255E-03
+50.97450E-06 +394.47235768E-03 -10.69346722E-03
+50.99000E-06 -2.92211052144E+00 +3.58040197E-03
+51.00550E-06 -193.46733471E-03 +11.88693455E-03
+51.02100E-06 +2.88442207964E+00 -2.00502510E-03
+51.03650E-06 -47.73869286E-03 -11.12311546E-03
+51.05200E-06 -2.92964820982E+00 +5.06030145E-03
+51.06750E-06 +208.54271124E-03 +13.08040187E-03
+51.08300E-06 +2.81658288441E+00 -2.10050249E-03
+51.09850E-06 -467.33667831E-03 -10.35929637E-03
+51.11400E-06 -2.82160801000E+00 +5.96733662E-03
+51.12950E-06 +650.75376178E-03 +12.31658278E-03
+51.14500E-06 +2.74120600081E+00 -4.39195975E-03
+51.16050E-06 -932.16079394E-03 -10.02512552E-03
+51.17600E-06 -2.74371856360E+00 +7.49497479E-03
+51.19150E-06 +1.05276380772E+00 +10.78894461E-03
+51.20700E-06 +2.58793967080E+00 -5.91959793E-03
+51.22250E-06 -1.29899496087E+00 -8.16331650E-03
+51.23800E-06 -2.51256278720E+00 +8.97487428E-03
+51.25350E-06 +1.44221103975E+00 +9.69095467E-03
+51.26900E-06 +2.39195977341E+00 -6.68341701E-03
+51.28450E-06 -1.68341706731E+00 -7.82914565E-03
+51.30000E-06 -2.27889444801E+00 +11.26633154E-03
+51.31550E-06 +1.76884420209E+00 +8.92713558E-03
+51.33100E-06 +2.08291455062E+00 -8.25879388E-03
+51.34650E-06 -1.97487435064E+00 -5.96733662E-03
+51.36200E-06 -1.99999997864E+00 +10.64572853E-03
+51.37750E-06 +2.09547736443E+00 +7.39949741E-03
+51.39300E-06 +1.76381907665E+00 -9.07035166E-03
+51.40850E-06 -2.26130650839E+00 -3.24623112E-03
+51.42400E-06 -1.68592963025E+00 +12.12562801E-03
+51.43950E-06 +2.32412057807E+00 +5.96733662E-03
+51.45500E-06 +1.44723616548E+00 -9.07035166E-03
+51.47050E-06 -2.46733665694E+00 -2.14824118E-03
+51.48600E-06 -1.28894470989E+00 +12.17336670E-03
+51.50150E-06 +2.48994972203E+00 +3.34170851E-03
+51.51700E-06 +1.09045224971E+00 -10.59798984E-03
+51.53250E-06 -2.61557786140E+00 -286.43216E-06
+51.54800E-06 -891.95978953E-03 +12.84170840E-03
+51.56350E-06 +2.64321605207E+00 +2.14824118E-03
+51.57900E-06 +650.75376197E-03 -9.88190944E-03
+51.59450E-06 -2.72864318685E+00 +2.10050249E-03
+51.61000E-06 -492.46230638E-03 +13.70100488E-03
+51.62550E-06 +2.70603012176E+00 +954.77386E-06
+51.64100E-06 +251.25627881E-03 -9.92964813E-03
+51.65650E-06 -2.75125625194E+00 +4.39195975E-03
+51.67200E-06 -128.14070224E-03 +12.98492448E-03
+51.68750E-06 +2.67587936833E+00 -1.33668340E-03
+51.70300E-06 -150.75376713E-03 -9.92964813E-03
+51.71850E-06 -2.69849243342E+00 +5.15577884E-03
+51.73400E-06 +309.04522272E-03 +12.22110540E-03
+51.74950E-06 +2.66331655441E+00 -3.53266328E-03
+51.76500E-06 -552.76381308E-03 -9.97738683E-03
+51.78050E-06 -2.62311554981E+00 +6.25376878E-03
+51.79600E-06 +713.56783146E-03 +11.50502500E-03
+51.81150E-06 +2.51256278720E+00 -4.39195975E-03
+51.82700E-06 -954.77385902E-03 -8.54522604E-03
+51.84250E-06 -2.49497484769E+00 +8.30653257E-03
+51.85800E-06 +1.11557787740E+00 +10.02512552E-03
+51.87350E-06 +2.35678389440E+00 -6.34924616E-03
+51.88900E-06 -1.31909546317E+00 -7.73366826E-03
+51.90450E-06 -2.31658288981E+00 +9.83417075E-03
+51.92000E-06 +1.47989948155E+00 +10.02512552E-03
+51.93550E-06 +2.11557786684E+00 -7.11306525E-03
+51.95100E-06 -1.64572862551E+00 -6.25376878E-03
+51.96650E-06 -2.06281404832E+00 +9.83417075E-03
+51.98200E-06 +1.72864319749E+00 +7.78140695E-03
+51.99750E-06 +1.86180902535E+00 -7.87688434E-03
+52.01300E-06 -1.93216078325E+00 -5.44221100E-03
+52.02850E-06 -1.76381907665E+00 +11.36180892E-03
+52.04400E-06 +2.05276379704E+00 +7.01758786E-03
+52.05950E-06 +1.59045224435E+00 -8.30653257E-03
+52.07500E-06 -2.21608037821E+00 -2.53015073E-03
+52.09050E-06 -1.46984923057E+00 +11.45728631E-03
+52.10600E-06 +2.22110550379E+00 +4.77386930E-03
+52.12150E-06 +1.22864320301E+00 -9.16582905E-03
+52.13700E-06 -2.38190952217E+00 -286.43216E-06
+52.15250E-06 -1.10804018922E+00 +12.55527625E-03
+52.16800E-06 +2.34673364316E+00 +3.24623112E-03
+52.18350E-06 +889.44722674E-03 -9.49999990E-03
+52.19900E-06 -2.47487434532E+00 +572.86432E-06
+52.21450E-06 -728.64320837E-03 +11.79145716E-03
+52.23000E-06 +2.47487434532E+00 +1.71859295E-03
+52.24550E-06 +510.05024589E-03 -9.92964813E-03
+52.26100E-06 -2.55527635451E+00 +2.10050249E-03
+52.27650E-06 -366.83416701E-03 +11.45728631E-03
+52.29200E-06 +2.52261303829E+00 +143.21608E-06
+52.30750E-06 +130.65326503E-03 -9.16582905E-03
+52.32300E-06 -2.52763816387E+00 +4.39195975E-03
+52.33850E-06 -10.05025125E-03 +11.88693455E-03
+52.35400E-06 +2.48994972207E+00 -2.81658288E-03
+52.36950E-06 -231.15577632E-03 -9.69095467E-03
+52.38500E-06 -2.53266328946E+00 +5.15577884E-03
+52.40050E-06 +356.78391569E-03 +10.78894461E-03
+52.41600E-06 +2.41708540126E+00 -3.62814066E-03
+52.43150E-06 -638.19094785E-03 -8.83165820E-03
+52.44700E-06 -2.41959796405E+00 +7.44723610E-03
+52.46250E-06 +758.79396163E-03 +10.45477376E-03
+52.47800E-06 +2.30150751306E+00 -5.15577884E-03
+52.49350E-06 -942.21104510E-03 -7.73366826E-03
+52.50900E-06 -2.26381907126E+00 +6.77889440E-03
+52.52450E-06 +1.06281405888E+00 +8.49748735E-03
+52.54000E-06 +2.14824118306E+00 -5.96733662E-03
+52.55550E-06 -1.26884420744E+00 -6.63567832E-03
+52.57100E-06 -2.03015073207E+00 +9.02261297E-03
+52.58650E-06 +1.34924621663E+00 +8.59296473E-03
+52.60200E-06 +1.91206028107E+00 -6.73115571E-03
+52.61750E-06 -1.57286430469E+00 -4.77386930E-03
+52.63300E-06 -1.83165827189E+00 +9.78643206E-03
+52.64850E-06 +1.63567837437E+00 +7.06532656E-03
+52.66400E-06 +1.59798993270E+00 -8.25879388E-03
+52.67950E-06 -1.81909545784E+00 -3.67587936E-03
+52.69500E-06 -1.59547736990E+00 +10.59798984E-03
+52.71050E-06 +1.88190952753E+00 +5.53768838E-03
+52.72600E-06 +1.36180903071E+00 -8.30653257E-03
+52.74150E-06 -2.00753766689E+00 -2.48241203E-03
+52.75700E-06 -1.24120601693E+00 +9.92964813E-03
+52.77250E-06 +2.03015073198E+00 +4.01005021E-03
+52.78800E-06 +1.07788943576E+00 -8.35427127E-03
+52.80350E-06 -2.15075374577E+00 -954.77386E-06
+52.81900E-06 -919.59798017E-03 +9.97738683E-03
+52.83450E-06 +2.15577887135E+00 +1.81407033E-03
+52.85000E-06 +683.41707819E-03 -8.35427127E-03
+52.86550E-06 -2.19597987595E+00 +907.03517E-06
+52.88100E-06 -565.32662720E-03 +10.64572853E-03
+52.89650E-06 +2.18341706203E+00 +954.77386E-06
+52.91200E-06 +364.32160423E-03 -9.11809035E-03
+52.92750E-06 -2.30904520140E+00 +2.86432158E-03
+52.94300E-06 -243.71859044E-03 +11.45728631E-03
+52.95850E-06 +2.25125625730E+00 -143.21608E-06
+52.97400E-06 +42.71356747E-03 -8.40200996E-03
+52.98950E-06 -2.27386932239E+00 +4.39195975E-03
+53.00500E-06 +77.88944631E-03 +9.92964813E-03
+53.02050E-06 +2.21608037829E+00 -2.10050249E-03
+53.03600E-06 -281.40703208E-03 -8.44974865E-03
+53.05150E-06 -2.22110550387E+00 +5.48994969E-03
+53.06700E-06 +402.01004586E-03 +9.97738683E-03
+53.08250E-06 +2.12311555518E+00 -3.29396981E-03
+53.09800E-06 -640.70351064E-03 -7.63819087E-03
+53.11350E-06 -2.12311555518E+00 +7.11306525E-03
+53.12900E-06 +763.81908721E-03 +9.92964813E-03
+53.14450E-06 +2.00753766698E+00 -4.05778890E-03
+53.16000E-06 -1.00251255199E+00 -6.20603008E-03
+53.17550E-06 -1.96733666238E+00 +8.30653257E-03
+53.19100E-06 +1.04522611937E+00 +8.49748735E-03
+53.20650E-06 +1.82914570909E+00 -5.25125622E-03
+53.22200E-06 -1.21105526334E+00 -6.20603008E-03
+53.23750E-06 -1.77135676500E+00 +8.73618081E-03
+53.25300E-06 +1.32914571433E+00 +6.30150747E-03
+53.26850E-06 +1.65577887680E+00 -6.44472355E-03
+53.28400E-06 -1.45226129090E+00 -4.01005021E-03
+53.29950E-06 -1.53517586301E+00 +9.07035166E-03
+53.31500E-06 +1.49497485829E+00 +6.20603008E-03
+53.33050E-06 +1.37437184463E+00 -6.77889440E-03
+53.34600E-06 -1.65829143946E+00 -3.15075374E-03
+53.36150E-06 -1.29396983545E+00 +9.49999990E-03
+53.37700E-06 +1.70100500685E+00 +4.01005021E-03
+53.39250E-06 +1.10301506364E+00 -7.20854264E-03
+53.40800E-06 -1.86432158802E+00 -1.67085425E-03
+53.42350E-06 -1.04020099396E+00 +9.83417075E-03
+53.43900E-06 +1.82914570901E+00 +3.24623112E-03
+53.45450E-06 +839.19597099E-03 -7.54271349E-03
+53.47000E-06 -1.91206028099E+00 -143.21608E-06
+53.48550E-06 -741.20602229E-03 +9.16582905E-03
+53.50100E-06 +1.94974872279E+00 +954.77386E-06
+53.51650E-06 +557.78893882E-03 -8.83165820E-03
+53.53200E-06 -1.99497485297E+00 +1.33668340E-03
+53.54750E-06 -419.59798553E-03 +9.16582905E-03
+53.56300E-06 +1.95979897396E+00 +190.95477E-06
+53.57850E-06 +258.79396716E-03 -7.63819087E-03
+53.59400E-06 -2.00251254135E+00 +2.91206027E-03
+53.60950E-06 -115.57788828E-03 +9.92964813E-03
+53.62500E-06 +1.92713565775E+00 -668.34170E-06
+53.64050E-06 -62.81406960E-03 -7.30402002E-03
+53.65600E-06 -2.00753766694E+00 +5.15577884E-03
+53.67150E-06 +143.21607879E-03 +9.26130643E-03
+53.68700E-06 +1.92964822054E+00 -2.14824118E-03
+53.70250E-06 -344.22110176E-03 -6.20603008E-03
+53.71800E-06 -1.93467334612E+00 +5.91959793E-03
+53.73350E-06 +407.03517144E-03 +8.16331650E-03
+53.74900E-06 +1.85427133694E+00 -3.62814066E-03
+53.76450E-06 -608.04019442E-03 -6.20603008E-03
+53.78000E-06 -1.81909545793E+00 +6.73115571E-03
+53.79550E-06 +693.46732919E-03 +7.73366826E-03
+53.81100E-06 +1.69849244414E+00 -4.48743714E-03
+53.82650E-06 -871.85928707E-03 -5.44221100E-03
+53.84200E-06 -1.66080400234E+00 +7.49497479E-03
+53.85750E-06 +952.26129626E-03 +6.96984917E-03
+53.87300E-06 +1.54271355135E+00 -4.53517583E-03
+53.88850E-06 -1.09547737514E+00 -4.34422106E-03
+53.90400E-06 -1.50502510955E+00 +7.59045218E-03
+53.91950E-06 +1.15829144482E+00 +5.87185923E-03
+53.93500E-06 +1.38442209576E+00 -5.29899492E-03
+53.95050E-06 -1.28391958419E+00 -2.81658288E-03
+53.96600E-06 -1.30904521216E+00 +8.30653257E-03
+53.98150E-06 +1.36432159338E+00 +4.34422106E-03
+53.99700E-06 +1.14824119378E+00 -6.77889440E-03
+54.01250E-06 -1.42713566306E+00 -2.14824118E-03
+54.02800E-06 -1.03015074279E+00 +8.30653257E-03
+54.04350E-06 +1.44974872815E+00 +3.58040197E-03
+54.05900E-06 +874.37185000E-03 -6.77889440E-03
+54.07450E-06 -1.55276380243E+00 -859.29647E-06
+54.09000E-06 -793.96984081E-03 +8.40200996E-03
+54.10550E-06 +1.57537686752E+00 +2.05276380E-03
+54.12100E-06 +668.34170144E-03 -6.87437179E-03
+54.13650E-06 -1.67839194180E+00 +238.69346E-06
+54.15200E-06 -590.45225504E-03 +9.11809035E-03
+54.16750E-06 +1.62060299770E+00 +859.29647E-06
+54.18300E-06 +394.47235766E-03 -6.87437179E-03
+54.19850E-06 -1.70603013248E+00 +2.19597988E-03
+54.21400E-06 -311.55778567E-03 +7.68592957E-03
+54.22950E-06 +1.66080400230E+00 -668.34170E-06
+54.24500E-06 +148.24120450E-03 -7.63819087E-03
+54.26050E-06 -1.71105525806E+00 +2.53015073E-03
+54.27600E-06 -32.66331631E-03 +9.11809035E-03
+54.29150E-06 +1.67085425347E+00 -668.34170E-06
+54.30700E-06 -128.14070207E-03 -6.15829139E-03
+54.32250E-06 -1.67085425347E+00 +3.72361805E-03
+54.33800E-06 +206.03014847E-03 +7.68592957E-03
+54.35350E-06 +1.63567837446E+00 -2.53015073E-03
+54.36900E-06 -331.65828784E-03 -5.44221100E-03
+54.38450E-06 -1.61306530937E+00 +4.48743714E-03
+54.40000E-06 +414.57285982E-03 +7.68592957E-03
+54.41550E-06 +1.51507536067E+00 -2.86432158E-03
+54.43100E-06 -613.06532000E-03 -4.72613060E-03
+54.44650E-06 -1.49748742117E+00 +5.68090446E-03
+54.46200E-06 +615.57788279E-03 +6.25376878E-03
+54.47750E-06 +1.39949747248E+00 -3.72361805E-03
+54.49300E-06 -814.07034297E-03 -5.39447230E-03
+54.50850E-06 -1.38190953297E+00 +6.01507531E-03
+54.52400E-06 +856.78391036E-03 +6.15829139E-03
+54.53950E-06 +1.26130651919E+00 -4.48743714E-03
+54.55500E-06 -979.89948694E-03 -3.15075374E-03
+54.57050E-06 -1.22613064018E+00 +6.87437179E-03
+54.58600E-06 +1.01758792874E+00 +4.77386930E-03
+54.60150E-06 +1.08291456130E+00 -4.58291452E-03
+54.61700E-06 -1.14321606811E+00 -2.38693465E-03
+54.63250E-06 -1.04773868230E+00 +7.20854264E-03
+54.64800E-06 +1.14572863090E+00 +2.48241203E-03
+54.66350E-06 +904.52260342E-03 -4.91708537E-03
+54.67900E-06 -1.26633164468E+00 -143.21608E-06
+54.69450E-06 -806.53265473E-03 +7.97236172E-03
+54.71000E-06 +1.30653264928E+00 +2.43467334E-03
+54.72550E-06 +685.92964094E-03 -6.44472355E-03
+54.74100E-06 -1.35175877946E+00 -143.21608E-06
+54.75650E-06 -628.14069685E-03 +7.20854264E-03
+54.77200E-06 +1.35175877946E+00 +1.62311556E-03
+54.78750E-06 +489.94974356E-03 -6.11055270E-03
+54.80300E-06 -1.39698490964E+00 +620.60301E-06
+54.81850E-06 -409.54773437E-03 +7.73366826E-03
+54.83400E-06 +1.39447234685E+00 +143.21608E-06
+54.84950E-06 +266.33165550E-03 -5.34673361E-03
+54.86500E-06 -1.47738691883E+00 +2.14824118E-03
+54.88050E-06 -226.13065090E-03 +7.63819087E-03
+54.89600E-06 +1.36180903063E+00 -620.60301E-06
+54.91150E-06 +42.71356743E-03 -5.01256276E-03
+54.92700E-06 -1.44221103982E+00 +2.91206027E-03
+54.94250E-06 +32.66331617E-03 +7.30402002E-03
+54.95800E-06 +1.36432159342E+00 -1.38442210E-03
+54.97350E-06 -135.67839045E-03 -5.34673361E-03
+54.98900E-06 -1.40703516081E+00 +2.95979896E-03
+55.00450E-06 +221.10552522E-03 +6.87437179E-03
+55.02000E-06 +1.32914571441E+00 -2.24371857E-03
+55.03550E-06 -336.68341342E-03 -4.67839191E-03
+55.05100E-06 -1.29145727261E+00 +4.43969844E-03
+55.06650E-06 +376.88441802E-03 +6.20603008E-03
+55.08200E-06 +1.24874370522E+00 -3.67587936E-03
+55.09750E-06 -537.68843640E-03 -4.67839191E-03
+55.11300E-06 -1.25125626802E+00 +5.20351753E-03
+55.12850E-06 +542.71356198E-03 +5.44221100E-03
+55.14400E-06 +1.09547737522E+00 -3.00753766E-03
+55.15950E-06 -703.51758036E-03 -2.72110550E-03
+55.17500E-06 -1.13567837982E+00 +5.29899492E-03
+55.19050E-06 +726.13064545E-03 +4.24874367E-03
+55.20600E-06 +1.01758792883E+00 -3.72361805E-03
+55.22150E-06 -806.53265464E-03 -2.72110550E-03
+55.23700E-06 -977.38692423E-03 +6.06281401E-03
+55.25250E-06 +846.73365923E-03 +4.24874367E-03
+55.26800E-06 +859.29647324E-03 -3.77135674E-03
+55.28350E-06 -949.74873351E-03 -859.29647E-06
+55.29900E-06 -821.60803144E-03 +6.77889440E-03
+55.31450E-06 +949.74873351E-03 +2.81658288E-03
+55.33000E-06 +698.49245487E-03 -4.58291452E-03
+55.34550E-06 -1.03517586829E+00 -95.47739E-06
+55.36100E-06 -658.29145027E-03 +6.82663309E-03
+55.37650E-06 +1.05276380779E+00 +2.38693465E-03
+55.39200E-06 +540.20099928E-03 -3.81909544E-03
+55.40750E-06 -1.11557787748E+00 +668.34170E-06
+55.42300E-06 -464.82411568E-03 +6.82663309E-03
+55.43850E-06 +1.08040199847E+00 +1.28894471E-03
+55.45400E-06 +341.70853910E-03 -3.86683413E-03
+55.46950E-06 -1.12060300306E+00 +668.34170E-06
+55.48500E-06 -304.02009730E-03 +6.11055270E-03
+55.50050E-06 +1.10301506356E+00 +95.47739E-06
+55.51600E-06 +178.39195793E-03 -3.91457282E-03
+55.53150E-06 -1.14321606815E+00 +2.53015073E-03
+55.54700E-06 -103.01507433E-03 +6.87437179E-03
+55.56250E-06 +1.12562812865E+00 -238.69346E-06
+55.57800E-06 -17.58793946E-03 -4.58291452E-03
+55.59350E-06 -1.18844219833E+00 +2.95979896E-03
+55.60900E-06 +57.78894405E-03 +6.11055270E-03
+55.62450E-06 +1.08542712405E+00 -668.34170E-06
+55.64000E-06 -178.39195784E-03 -3.15075374E-03
+55.65550E-06 -1.09045224964E+00 +3.38944720E-03
+55.67100E-06 +218.59296243E-03 +5.39447230E-03
+55.68650E-06 +1.03266330554E+00 -1.76633164E-03
+55.70200E-06 -304.02009721E-03 -3.10301504E-03
+55.71750E-06 -1.03266330554E+00 +3.81909544E-03
+55.73300E-06 +344.22110180E-03 +4.63065322E-03
+55.74850E-06 +992.46230095E-03 -2.62562811E-03
+55.76400E-06 -462.31155279E-03 -2.38693465E-03
+55.77950E-06 -952.26129635E-03 +4.48743714E-03
+55.79500E-06 +502.51255739E-03 +5.34673361E-03
+55.81050E-06 +876.88441275E-03 -2.19597988E-03
+55.82600E-06 -582.91456657E-03 -2.29145726E-03
+55.84150E-06 -854.27134766E-03 +4.48743714E-03
+55.85700E-06 +587.93969216E-03 +3.86683413E-03
+55.87250E-06 +738.69345946E-03 -3.05527635E-03
+55.88800E-06 -708.54270594E-03 -1.62311556E-03
+55.90350E-06 -738.69345946E-03 +4.58291452E-03
+55.91900E-06 +706.03014315E-03 +3.05527635E-03
+55.93450E-06 +640.70351077E-03 -3.81909544E-03
+55.95000E-06 -791.45727793E-03 -95.47739E-06
+55.96550E-06 -618.09044568E-03 +5.34673361E-03
+55.98100E-06 +753.76883612E-03 +1.62311556E-03
+55.99650E-06 +520.10049698E-03 -3.48492459E-03
+56.01200E-06 -834.17084531E-03 +620.60301E-06
+56.02750E-06 -497.48743189E-03 +4.91708537E-03
+56.04300E-06 +796.48240351E-03 +1.62311556E-03
+56.05850E-06 +336.68341352E-03 -3.81909544E-03
+56.07400E-06 -876.88441270E-03 -47.73869E-06
+56.08950E-06 -336.68341352E-03 +4.58291452E-03
+56.10500E-06 +836.68340811E-03 +859.29647E-06
+56.12050E-06 +221.10552532E-03 -3.48492459E-03
+56.13600E-06 -957.28642189E-03 +1.43216079E-03
+56.15150E-06 -216.08039973E-03 +4.58291452E-03
+56.16700E-06 +876.88441270E-03 +95.47739E-06
+56.18250E-06 +95.47738595E-03 -3.05527635E-03
+56.19800E-06 -959.79898468E-03 +2.24371857E-03
+56.21350E-06 -55.27638135E-03 +5.01256276E-03
+56.22900E-06 +881.90953829E-03 -668.34170E-06
+56.24450E-06 -25.12562783E-03 -2.72110550E-03
+56.26000E-06 -922.11054288E-03 +2.19597988E-03
+56.27550E-06 +65.32663243E-03 +5.01256276E-03
+56.29100E-06 +844.22109649E-03 -716.08039E-06
+56.30650E-06 -185.92964621E-03 -2.72110550E-03
+56.32200E-06 -849.24622207E-03 +3.00753766E-03
+56.33750E-06 +168.34170671E-03 +4.24874367E-03
+56.35300E-06 +806.53265468E-03 -763.81909E-06
+56.36850E-06 -306.53266000E-03 -2.29145726E-03
+56.38400E-06 -844.22109649E-03 +3.72361805E-03
+56.39950E-06 +288.94472049E-03 +3.91457282E-03
+56.41500E-06 +728.64320829E-03 -2.24371857E-03
+56.43050E-06 -409.54773428E-03 -1.19346732E-03
+56.44600E-06 -768.84421288E-03 +3.77135674E-03
+56.46150E-06 +369.34672968E-03 +3.15075374E-03
+56.47700E-06 +648.24119910E-03 -2.24371857E-03
+56.49250E-06 -489.94974347E-03 -1.62311556E-03
+56.50800E-06 -688.44220369E-03 +4.48743714E-03
+56.52350E-06 +489.94974347E-03 +3.15075374E-03
+56.53900E-06 +532.66331090E-03 -1.47989948E-03
+56.55450E-06 -552.76381315E-03 -763.81909E-06
+56.57000E-06 -572.86431550E-03 +3.81909544E-03
+56.58550E-06 +552.76381315E-03 +1.95728641E-03
+56.60100E-06 +489.94974351E-03 -3.05527635E-03
+56.61650E-06 -633.16582234E-03 -95.47739E-06
+56.63200E-06 -452.26130171E-03 +4.53517583E-03
+56.64750E-06 +575.37687824E-03 +859.29647E-06
+56.66300E-06 +334.17085072E-03 -3.00753766E-03
+56.67850E-06 -695.97989202E-03 +668.34170E-06
+56.69400E-06 -371.85929252E-03 +4.58291452E-03
+56.70950E-06 +638.19094793E-03 +859.29647E-06
+56.72500E-06 +291.45728334E-03 -3.72361805E-03
+56.74050E-06 -701.00501761E-03 -95.47739E-06
+56.75600E-06 -253.76884153E-03 +4.48743714E-03
+56.77150E-06 +660.80401302E-03 +859.29647E-06
+56.78700E-06 +130.65326496E-03 -2.33919595E-03
+56.80250E-06 -701.00501761E-03 +1.43216079E-03
+56.81800E-06 -135.67839054E-03 +3.86683413E-03
+56.83350E-06 +660.80401302E-03 -334.17085E-06
+56.84900E-06 +15.07537676E-03 -2.29145726E-03
+56.86450E-06 -701.00501761E-03 +1.86180903E-03
+56.88000E-06 -52.76381856E-03 +4.53517583E-03
+56.89550E-06 +643.21607351E-03 +95.47739E-06
+56.91100E-06 -67.83919522E-03 -2.29145726E-03
+56.92650E-06 -706.03014320E-03 +3.05527635E-03
+56.94200E-06 +67.83919522E-03 +3.86683413E-03
+56.95750E-06 +625.62813401E-03 -1.86180903E-03
+56.97300E-06 -148.24120441E-03 -2.29145726E-03
+56.98850E-06 -648.24119910E-03 +2.19597988E-03
+57.00400E-06 +150.75376720E-03 +3.77135674E-03
+57.01950E-06 +585.42712941E-03 -1.09798994E-03
+57.03500E-06 -268.84421819E-03 -859.29647E-06
+57.05050E-06 -590.45225500E-03 +3.81909544E-03
+57.06600E-06 +228.64321360E-03 +3.10301504E-03
+57.08150E-06 +487.43718072E-03 -1.52763817E-03
+57.09700E-06 -311.55778558E-03 -1.52763817E-03
+57.11250E-06 -567.83918991E-03 +2.62562811E-03
+57.12800E-06 +273.86934378E-03 +3.10301504E-03
+57.14350E-06 +429.64823662E-03 -1.09798994E-03
+57.15900E-06 -394.47235757E-03 -47.73869E-06
+57.17450E-06 -469.84924122E-03 +3.81909544E-03
+57.19000E-06 +391.95979477E-03 +1.57537687E-03
+57.20550E-06 +389.44723203E-03 -1.52763817E-03
+57.22100E-06 -472.36180396E-03 -811.55778E-06
+57.23650E-06 -412.06029712E-03 +3.38944720E-03
+57.25200E-06 +394.47235756E-03 +811.55778E-06
+57.26750E-06 +309.04522284E-03 -1.95728641E-03
+57.28300E-06 -477.38692955E-03 -95.47739E-06
+57.29850E-06 -309.04522284E-03 +3.48492459E-03
+57.31400E-06 +437.18592495E-03 +1.57537687E-03
+57.32950E-06 +251.25627874E-03 -2.29145726E-03
+57.34500E-06 -515.07537135E-03 +668.34170E-06
+57.36050E-06 -268.84421825E-03 +3.48492459E-03
+57.37600E-06 +477.38692955E-03 +1.57537687E-03
+57.39150E-06 +165.82914397E-03 -1.52763817E-03
+57.40700E-06 -520.10049694E-03 +763.81909E-06
+57.42250E-06 -188.44220906E-03 +3.81909544E-03
+57.43800E-06 +477.38692955E-03 +47.73869E-06
+57.45350E-06 +90.45226036E-03 -2.29145726E-03
+57.46900E-06 -520.10049694E-03 +763.81909E-06
+57.48450E-06 -90.45226036E-03 +2.62562811E-03
+57.50000E-06 +520.10049694E-03 +47.73869E-06
+57.51550E-06 -30.15075342E-03 -763.81909E-06
+57.53100E-06 -520.10049694E-03 +2.95979896E-03
+57.54650E-06 -10.05025117E-03 +2.72110550E-03
+57.56200E-06 +479.89949234E-03 +0.0E+00
+57.57750E-06 -70.35175801E-03 -1.86180903E-03
+57.59300E-06 -522.61305973E-03 +1.57537687E-03
+57.60850E-06 +52.76381851E-03 +2.72110550E-03
+57.62400E-06 +404.52260874E-03 +0.0E+00
+57.63950E-06 -173.36683229E-03 +0.0E+00
+57.65500E-06 -484.92461793E-03 +3.00753766E-03
+57.67050E-06 +110.55276261E-03 +2.62562811E-03
+57.68600E-06 +404.52260874E-03 -716.08039E-06
+57.70150E-06 -190.95477180E-03 -763.81909E-06
+57.71700E-06 -447.23617613E-03 +1.57537687E-03
+57.73250E-06 +173.36683229E-03 +1.52763817E-03
+57.74800E-06 +366.83416694E-03 -811.55778E-06
+57.76350E-06 -271.35678099E-03 -859.29647E-06
+57.77900E-06 -404.52260874E-03 +2.29145726E-03
+57.79450E-06 +213.56783689E-03 +1.95728641E-03
+57.81000E-06 +326.63316234E-03 -2.19597988E-03
+57.82550E-06 -293.96984608E-03 -95.47739E-06
+57.84100E-06 -326.63316234E-03 +2.29145726E-03
+57.85650E-06 +253.76884148E-03 +2.29145726E-03
+57.87200E-06 +286.43215775E-03 -1.47989948E-03
+57.88750E-06 -356.78391576E-03 +0.0E+00
+57.90300E-06 -324.12059955E-03 +3.00753766E-03
+57.91850E-06 +298.99497167E-03 +1.62311556E-03
+57.93400E-06 +243.71859036E-03 -716.08039E-06
+57.94950E-06 -356.78391576E-03 +334.17085E-06
+57.96500E-06 -246.23115315E-03 +2.33919595E-03
+57.98050E-06 +316.58291117E-03 +1.19346732E-03
+57.99600E-06 +168.34170676E-03 -811.55778E-06
+58.01150E-06 -396.98492036E-03 +1.09798994E-03
+58.02700E-06 -168.34170676E-03 +3.00753766E-03
+58.04250E-06 +356.78391576E-03 +1.62311556E-03
+58.05800E-06 +85.42713478E-03 -716.08039E-06
+58.07350E-06 -379.39698085E-03 +1.09798994E-03
+58.08900E-06 -90.45226036E-03 +3.72361805E-03
+58.10450E-06 +339.19597626E-03 +859.29647E-06
+58.12000E-06 +10.05025117E-03 -859.29647E-06
+58.13550E-06 -384.42210644E-03 +1.43216079E-03
+58.15100E-06 -85.42713478E-03 +3.05527635E-03
+58.16650E-06 +344.22110185E-03 +0.0E+00
+58.18200E-06 +5.02512559E-03 -763.81909E-06
+58.19750E-06 -361.80904135E-03 +1.62311556E-03
+58.21300E-06 +32.66331621E-03 +2.33919595E-03
+58.22850E-06 +321.60803676E-03 +0.0E+00
+58.24400E-06 -35.17587901E-03 -763.81909E-06
+58.25950E-06 -339.19597626E-03 +1.86180903E-03
+58.27500E-06 +35.17587901E-03 +2.29145726E-03
+58.29050E-06 +321.60803676E-03 +429.64824E-06
+58.30600E-06 -115.57788820E-03 -95.47739E-06
+58.32150E-06 -321.60803676E-03 +1.86180903E-03
+58.33700E-06 +115.57788820E-03 +1.52763817E-03
+58.35250E-06 +263.81909266E-03 -763.81909E-06
+58.36800E-06 -190.95477180E-03 -47.73869E-06
+58.38350E-06 -326.63316234E-03 +1.86180903E-03
+58.39900E-06 +153.26633000E-03 +2.29145726E-03
+58.41450E-06 +263.81909266E-03 -334.17085E-06
+58.43000E-06 -195.97989739E-03 -763.81909E-06
+58.44550E-06 -326.63316234E-03 +1.95728641E-03
+58.46100E-06 +193.46733459E-03 +859.29647E-06
+58.47650E-06 +228.64321365E-03 -1.19346732E-03
+58.49200E-06 -198.49246018E-03 -763.81909E-06
+58.50750E-06 -246.23115316E-03 +2.29145726E-03
+58.52300E-06 +233.66833919E-03 +1.57537687E-03
+58.53850E-06 +183.41708347E-03 +0.0E+00
+58.55400E-06 -238.69346477E-03 +47.73869E-06
+58.56950E-06 -183.41708347E-03 +2.29145726E-03
+58.58500E-06 +198.49246018E-03 +1.57537687E-03
+58.60050E-06 +125.62813937E-03 -429.64824E-06
+58.61600E-06 -316.58291117E-03 +0.0E+00
+58.63150E-06 -148.24120446E-03 +2.29145726E-03
+58.64700E-06 +236.18090198E-03 +1.52763817E-03
+58.66250E-06 +108.04019987E-03 +0.0E+00
+58.67800E-06 -278.89446937E-03 +763.81909E-06
+58.69350E-06 -125.62813937E-03 +2.38693465E-03
+58.70900E-06 +276.38190657E-03 +47.73869E-06
+58.72450E-06 +67.83919527E-03 -763.81909E-06
+58.74000E-06 -281.40703216E-03 +716.08039E-06
+58.75550E-06 -85.42713478E-03 +2.62562811E-03
+58.77100E-06 +241.20602757E-03 +811.55778E-06
+58.78650E-06 +5.02512559E-03 -334.17085E-06
+58.80200E-06 -278.89446937E-03 +1.52763817E-03
+58.81750E-06 -5.02512559E-03 +2.29145726E-03
+58.83300E-06 +241.20602757E-03 +47.73869E-06
+58.84850E-06 -12.56281392E-03 -429.64824E-06
+58.86400E-06 -281.40703216E-03 +1.47989948E-03
+58.87950E-06 -5.02512559E-03 +2.29145726E-03
+58.89500E-06 +241.20602757E-03 +47.73869E-06
+58.91050E-06 -75.37688360E-03 -763.81909E-06
+58.92600E-06 -243.71859036E-03 +1.52763817E-03
+58.94150E-06 +35.17587901E-03 +1.95728641E-03
+58.95700E-06 +241.20602757E-03 -716.08039E-06
+58.97250E-06 -75.37688360E-03 -429.64824E-06
+58.98800E-06 -278.89446937E-03 +1.52763817E-03
+59.00350E-06 +57.78894410E-03 +2.29145726E-03
+59.01900E-06 +163.31658117E-03 +47.73869E-06
+59.03450E-06 -120.60301378E-03 +0.0E+00
+59.05000E-06 -203.51758577E-03 +1.52763817E-03
+59.06550E-06 +80.40200919E-03 +1.95728641E-03
+59.08100E-06 +125.62813937E-03 -47.73869E-06
+59.09650E-06 -195.97989738E-03 +763.81909E-06
+59.11200E-06 -203.51758577E-03 +2.24371857E-03
+59.12750E-06 +115.57788820E-03 +1.52763817E-03
+59.14300E-06 +160.80401838E-03 -47.73869E-06
+59.15850E-06 -155.77889279E-03 +334.17085E-06
+59.17400E-06 -165.82914397E-03 +2.24371857E-03
+59.18950E-06 +160.80401838E-03 +1.62311556E-03
+59.20500E-06 +123.11557658E-03 -716.08039E-06
+59.22050E-06 -178.39195788E-03 +334.17085E-06
+59.23600E-06 -85.42713478E-03 +2.24371857E-03
+59.25150E-06 +138.19095329E-03 +763.81909E-06
+59.26700E-06 +82.91457198E-03 -47.73869E-06
+59.28250E-06 -178.39195788E-03 +1.09798994E-03
+59.29800E-06 -87.93969757E-03 +1.52763817E-03
+59.31350E-06 +143.21607888E-03 +763.81909E-06
+59.32900E-06 +45.22613018E-03 +0.0E+00
+59.34450E-06 -218.59296248E-03 +1.52763817E-03
+59.36000E-06 -120.60301378E-03 +2.29145726E-03
+59.37550E-06 +138.19095329E-03 +763.81909E-06
+59.39100E-06 +5.02512559E-03 +763.81909E-06
+59.40650E-06 -241.20602757E-03 +763.81909E-06
+59.42200E-06 -45.22613018E-03 +811.55778E-06
+59.43750E-06 +160.80401838E-03 +859.29647E-06
+59.45300E-06 +2.51256279E-03 -716.08039E-06
+59.46850E-06 -201.00502297E-03 +1.52763817E-03
+59.48400E-06 -42.71356739E-03 +2.24371857E-03
+59.49950E-06 +143.21607888E-03 +0.0E+00
+59.51500E-06 -37.68844180E-03 -47.73869E-06
+59.53050E-06 -201.00502297E-03 +1.09798994E-03
+59.54600E-06 -2.51256279E-03 +1.57537687E-03
+59.56150E-06 +143.21607888E-03 +0.0E+00
+59.57700E-06 -113.06532540E-03 +668.34170E-06
+59.59250E-06 -201.00502297E-03 +1.52763817E-03
+59.60800E-06 +37.68844180E-03 +1.52763817E-03
+59.62350E-06 +103.01507428E-03 +763.81909E-06
+59.63900E-06 -80.40200919E-03 +0.0E+00
+59.65450E-06 -160.80401838E-03 +1.86180903E-03
+59.67000E-06 +37.68844180E-03 +811.55778E-06
+59.68550E-06 +103.01507428E-03 -334.17085E-06
+59.70100E-06 -77.88944639E-03 +763.81909E-06
+59.71650E-06 -143.21607888E-03 +668.34170E-06
+59.73200E-06 +77.88944639E-03 +2.24371857E-03
+59.74750E-06 +125.62813937E-03 +429.64824E-06
+59.76300E-06 -118.09045099E-03 +763.81909E-06
+59.77850E-06 -165.82914397E-03 +763.81909E-06
+59.79400E-06 +40.20100459E-03 +1.52763817E-03
+59.80950E-06 +85.42713478E-03 +0.0E+00
+59.82500E-06 -155.77889279E-03 +716.08039E-06
+59.84050E-06 -125.62813937E-03 +1.86180903E-03
+59.85600E-06 +80.40200919E-03 +763.81909E-06
+59.87150E-06 +22.61306509E-03 +429.64824E-06
+59.88700E-06 -118.09045099E-03 +1.47989948E-03
+59.90250E-06 -103.01507428E-03 +1.52763817E-03
+59.91800E-06 +80.40200919E-03 +811.55778E-06
+59.93350E-06 +62.81406969E-03 +0.0E+00
+59.94900E-06 -158.29145558E-03 +763.81909E-06
+59.96450E-06 -62.81406969E-03 +1.09798994E-03
+59.98000E-06 +118.09045099E-03 +1.47989948E-03
+59.99550E-06 +5.02512559E-03 +763.81909E-06
+60.01100E-06 -158.29145558E-03 +2.19597988E-03
+60.02650E-06 -62.81406969E-03 +1.52763817E-03
+60.04200E-06 +80.40200919E-03 +47.73869E-06
+60.05750E-06 +0.0E+00 +334.17085E-06
+60.07300E-06 -120.60301378E-03 +763.81909E-06
+60.08850E-06 -40.20100459E-03 +1.52763817E-03
+60.10400E-06 +82.91457198E-03 +763.81909E-06
+60.11950E-06 -17.58793950E-03 +334.17085E-06
+60.13500E-06 -160.80401838E-03 +763.81909E-06
+60.15050E-06 +17.58793950E-03 +763.81909E-06
+60.16600E-06 +80.40200919E-03 +0.0E+00
+60.18150E-06 -35.17587901E-03 -334.17085E-06
+60.19700E-06 -160.80401838E-03 +763.81909E-06
+60.21250E-06 +17.58793950E-03 +1.09798994E-03
+60.22800E-06 +118.09045099E-03 +0.0E+00
+60.24350E-06 -35.17587901E-03 +334.17085E-06
+60.25900E-06 -82.91457198E-03 +763.81909E-06
+60.27450E-06 -5.02512559E-03 +429.64824E-06
+60.29000E-06 +80.40200919E-03 -716.08039E-06
+60.30550E-06 -57.78894410E-03 +334.17085E-06
+60.32100E-06 -120.60301378E-03 +1.52763817E-03
+60.33650E-06 +17.58793950E-03 +1.19346732E-03
+60.35200E-06 +42.71356739E-03 +716.08039E-06
+60.36750E-06 -103.01507428E-03 +1.09798994E-03
+60.38300E-06 -120.60301378E-03 +1.52763817E-03
+60.39850E-06 +40.20100459E-03 +1.19346732E-03
+60.41400E-06 +40.20100459E-03 +0.0E+00
+60.42950E-06 -57.78894410E-03 +0.0E+00
+60.44500E-06 -82.91457198E-03 +763.81909E-06
+60.46050E-06 +57.78894410E-03 +763.81909E-06
+60.47600E-06 +42.71356739E-03 +716.08039E-06
+60.49150E-06 -120.60301378E-03 +1.19346732E-03
+60.50700E-06 -42.71356739E-03 +1.47989948E-03
+60.52250E-06 +40.20100459E-03 +1.09798994E-03
+60.53800E-06 +2.51256279E-03 -668.34170E-06
+60.55350E-06 -97.98994869E-03 +334.17085E-06
+60.56900E-06 -42.71356739E-03 +1.47989948E-03
+60.58450E-06 +40.20100459E-03 +763.81909E-06
+60.60000E-06 +2.51256279E-03 +763.81909E-06
+60.61550E-06 -80.40200919E-03 +1.52763817E-03
+60.63100E-06 -82.91457198E-03 +1.52763817E-03
+60.64650E-06 +40.20100459E-03 +1.19346732E-03
+60.66200E-06 -37.68844180E-03 +763.81909E-06
+60.67750E-06 -80.40200919E-03 +1.52763817E-03
+60.69300E-06 -40.20100459E-03 +811.55778E-06
+60.70850E-06 +62.81406969E-03 +763.81909E-06
+60.72400E-06 +2.51256279E-03 +716.08039E-06
+60.73950E-06 -97.98994869E-03 +1.52763817E-03
+60.75500E-06 -2.51256279E-03 +763.81909E-06
+60.77050E-06 +62.81406969E-03 +429.64824E-06
+60.78600E-06 +0.0E+00 +47.73869E-06
+60.80150E-06 -103.01507428E-03 +1.52763817E-03
+60.81700E-06 +0.0E+00 +1.47989948E-03
+60.83250E-06 +40.20100459E-03 +763.81909E-06
+60.84800E-06 -77.88944639E-03 +716.08039E-06
+60.86350E-06 -103.01507428E-03 +1.19346732E-03
+60.87900E-06 +0.0E+00 +763.81909E-06
+60.89450E-06 +22.61306509E-03 +0.0E+00
+60.91000E-06 -37.68844180E-03 +763.81909E-06
+60.92550E-06 -80.40200919E-03 +763.81909E-06
+60.94100E-06 +37.68844180E-03 +95.47739E-06
+60.95650E-06 +80.40200919E-03 +334.17085E-06
+60.97200E-06 -40.20100459E-03 +1.47989948E-03
+60.98750E-06 -80.40200919E-03 +1.09798994E-03
+61.00300E-06 -40.20100459E-03 +1.47989948E-03
+61.01850E-06 +22.61306509E-03 +0.0E+00
+61.03400E-06 -40.20100459E-03 +763.81909E-06
+61.04950E-06 -62.81406969E-03 +1.09798994E-03
+61.06500E-06 +37.68844180E-03 +1.47989948E-03
+61.08050E-06 +40.20100459E-03 +763.81909E-06
+61.09600E-06 -77.88944639E-03 +763.81909E-06
+61.11150E-06 -80.40200919E-03 +1.19346732E-03
+61.12700E-06 +37.68844180E-03 +811.55778E-06
+61.14250E-06 +22.61306509E-03 +429.64824E-06
+61.15800E-06 -80.40200919E-03 +811.55778E-06
+61.17350E-06 -62.81406969E-03 +1.19346732E-03
+61.18900E-06 +37.68844180E-03 +95.47739E-06
+61.20450E-06 +40.20100459E-03 +763.81909E-06
+61.22000E-06 -80.40200919E-03 +1.47989948E-03
+61.23550E-06 -57.78894410E-03 +763.81909E-06
+61.25100E-06 +2.51256279E-03 +1.47989948E-03
+61.26650E-06 +0.0E+00 +429.64824E-06
+61.28200E-06 -80.40200919E-03 +811.55778E-06
+61.29750E-06 -40.20100459E-03 +1.09798994E-03
+61.31300E-06 +40.20100459E-03 +47.73869E-06
+61.32850E-06 -17.58793950E-03 +763.81909E-06
+61.34400E-06 -77.88944639E-03 +1.47989948E-03
+61.35950E-06 -40.20100459E-03 +1.52763817E-03
+61.37500E-06 +35.17587901E-03 +763.81909E-06
+61.39050E-06 -40.20100459E-03 +0.0E+00
+61.40600E-06 -118.09045099E-03 +1.52763817E-03
+61.42150E-06 +22.61306509E-03 +1.19346732E-03
+61.43700E-06 +37.68844180E-03 +811.55778E-06
+61.45250E-06 +0.0E+00 +334.17085E-06
+61.46800E-06 -77.88944639E-03 +763.81909E-06
+61.48350E-06 -17.58793950E-03 +1.52763817E-03
+61.49900E-06 +2.51256279E-03 +763.81909E-06
+61.51450E-06 -40.20100459E-03 +0.0E+00
+61.53000E-06 -80.40200919E-03 +1.47989948E-03
+61.54550E-06 -22.61306509E-03 +1.52763817E-03
+61.56100E-06 +37.68844180E-03 +1.47989948E-03
+61.57650E-06 -40.20100459E-03 +763.81909E-06
+61.59200E-06 -80.40200919E-03 +763.81909E-06
+61.60750E-06 +0.0E+00 +1.09798994E-03
+61.62300E-06 +35.17587901E-03 +1.47989948E-03
+61.63850E-06 -40.20100459E-03 +429.64824E-06
+61.65400E-06 -42.71356739E-03 +1.57537687E-03
+61.66950E-06 +17.58793950E-03 +763.81909E-06
+61.68500E-06 +2.51256279E-03 +47.73869E-06
+61.70050E-06 -40.20100459E-03 +334.17085E-06
+61.71600E-06 -40.20100459E-03 +1.47989948E-03
+61.73150E-06 +0.0E+00 +1.52763817E-03
+61.74700E-06 +40.20100459E-03 +763.81909E-06
+61.76250E-06 -40.20100459E-03 +429.64824E-06
+61.77800E-06 -42.71356739E-03 +1.52763817E-03
+61.79350E-06 -17.58793950E-03 +668.34170E-06
+61.80900E-06 +2.51256279E-03 +716.08039E-06
+61.82450E-06 -80.40200919E-03 +429.64824E-06
+61.84000E-06 -77.88944639E-03 +1.52763817E-03
+61.85550E-06 +0.0E+00 +1.52763817E-03
+61.87100E-06 -37.68844180E-03 +763.81909E-06
+61.88650E-06 -40.20100459E-03 +1.19346732E-03
+61.90200E-06 -40.20100459E-03 +2.24371857E-03
+61.91750E-06 +17.58793950E-03 +763.81909E-06
+61.93300E-06 +0.0E+00 +0.0E+00
+61.94850E-06 -40.20100459E-03 +763.81909E-06
+61.96400E-06 -37.68844180E-03 +1.52763817E-03
+61.97950E-06 -22.61306509E-03 +334.17085E-06
+61.99500E-06 -40.20100459E-03 +1.47989948E-03
+62.01050E-06 -22.61306509E-03 +1.19346732E-03
+62.02600E-06 -40.20100459E-03 +763.81909E-06
+62.04150E-06 +0.0E+00 +763.81909E-06
+62.05700E-06 -37.68844180E-03 +716.08039E-06
+62.07250E-06 -35.17587901E-03 +763.81909E-06
+62.08800E-06 -37.68844180E-03 +763.81909E-06
+62.10350E-06 +0.0E+00 +1.09798994E-03
+62.11900E-06 -37.68844180E-03 +763.81909E-06
+62.13450E-06 -62.81406969E-03 +763.81909E-06
+62.15000E-06 -2.51256279E-03 +811.55778E-06
+62.16550E-06 +17.58793950E-03 +429.64824E-06
+62.18100E-06 +0.0E+00 +811.55778E-06
+62.19650E-06 -62.81406969E-03 +763.81909E-06
+62.21200E-06 -2.51256279E-03 +763.81909E-06
+62.22750E-06 +0.0E+00 +1.09798994E-03
+62.24300E-06 -40.20100459E-03 +1.47989948E-03
+62.25850E-06 -40.20100459E-03 +763.81909E-06
+62.27400E-06 -2.51256279E-03 +1.47989948E-03
+62.28950E-06 +0.0E+00 +1.09798994E-03
+62.30500E-06 -40.20100459E-03 +716.08039E-06
+62.32050E-06 -40.20100459E-03 +1.52763817E-03
+62.33600E-06 -37.68844180E-03 +1.52763817E-03
+62.35150E-06 -17.58793950E-03 +763.81909E-06
+62.36700E-06 -40.20100459E-03 +763.81909E-06
+62.38250E-06 -40.20100459E-03 +763.81909E-06
+62.39800E-06 -40.20100459E-03 +1.52763817E-03
+62.41350E-06 +0.0E+00 +429.64824E-06
+62.42900E-06 -40.20100459E-03 +763.81909E-06
+62.44450E-06 +0.0E+00 +763.81909E-06
+62.46000E-06 +2.51256279E-03 +716.08039E-06
+62.47550E-06 +0.0E+00 +1.09798994E-03
+62.49100E-06 -37.68844180E-03 +1.47989948E-03
+62.50650E-06 -22.61306509E-03 +1.19346732E-03
+62.52200E-06 +0.0E+00 +47.73869E-06
+62.53750E-06 -22.61306509E-03 +0.0E+00
+62.55300E-06 -40.20100459E-03 +763.81909E-06
+62.56850E-06 -40.20100459E-03 +1.09798994E-03
+62.58400E-06 -37.68844180E-03 +763.81909E-06
+62.59950E-06 -22.61306509E-03 +763.81909E-06
+62.61500E-06 -42.71356739E-03 +763.81909E-06
+62.63050E-06 -22.61306509E-03 +1.19346732E-03
+62.64600E-06 -2.51256279E-03 +763.81909E-06
+62.66150E-06 -22.61306509E-03 +429.64824E-06
+62.67700E-06 -40.20100459E-03 +0.0E+00
+62.69250E-06 -40.20100459E-03 +1.09798994E-03
+62.70800E-06 +0.0E+00 +763.81909E-06
+62.72350E-06 +0.0E+00 +763.81909E-06
+62.73900E-06 -37.68844180E-03 +763.81909E-06
+62.75450E-06 -40.20100459E-03 +429.64824E-06
+62.77000E-06 +0.0E+00 +859.29647E-06
+62.78550E-06 -17.58793950E-03 +334.17085E-06
+62.80100E-06 -40.20100459E-03 +47.73869E-06
+62.81650E-06 -40.20100459E-03 +1.52763817E-03
+62.83200E-06 -37.68844180E-03 +763.81909E-06
+62.84750E-06 -40.20100459E-03 +763.81909E-06
+62.86300E-06 -77.88944639E-03 +1.47989948E-03
+62.87850E-06 +0.0E+00 +1.52763817E-03
+62.89400E-06 -2.51256279E-03 +763.81909E-06
+62.90950E-06 -40.20100459E-03 +763.81909E-06
+62.92500E-06 -2.51256279E-03 +763.81909E-06
+62.94050E-06 -40.20100459E-03 +334.17085E-06
+62.95600E-06 +0.0E+00 +763.81909E-06
+62.97150E-06 -17.58793950E-03 +1.19346732E-03
+62.98700E-06 -2.51256279E-03 +1.47989948E-03
+63.00250E-06 -22.61306509E-03 +429.64824E-06
+63.01800E-06 -37.68844180E-03 +763.81909E-06
+63.03350E-06 +0.0E+00 +334.17085E-06
+63.04900E-06 -40.20100459E-03 +763.81909E-06
+63.06450E-06 -17.58793950E-03 +1.52763817E-03
+63.08000E-06 +0.0E+00 +763.81909E-06
+63.09550E-06 -22.61306509E-03 +763.81909E-06
+63.11100E-06 -2.51256279E-03 +1.52763817E-03
+63.12650E-06 -17.58793950E-03 +1.52763817E-03
+63.14200E-06 -2.51256279E-03 +763.81909E-06
+63.15750E-06 -17.58793950E-03 +763.81909E-06
+63.17300E-06 -40.20100459E-03 +95.47739E-06
+63.18850E-06 -22.61306509E-03 +763.81909E-06
+63.20400E-06 +0.0E+00 +716.08039E-06
+63.21950E-06 -17.58793950E-03 +763.81909E-06
+63.23500E-06 -37.68844180E-03 +47.73869E-06
+63.25050E-06 -40.20100459E-03 +429.64824E-06
+63.26600E-06 +0.0E+00 +47.73869E-06
+63.28150E-06 -62.81406969E-03 +1.09798994E-03
+63.29700E-06 -2.51256279E-03 +0.0E+00
+63.31250E-06 -17.58793950E-03 +763.81909E-06
+63.32800E-06 -75.37688360E-03 +763.81909E-06
+63.34350E-06 -62.81406969E-03 +763.81909E-06
+63.35900E-06 -42.71356739E-03 +47.73869E-06
+63.37450E-06 -22.61306509E-03 +429.64824E-06
+63.39000E-06 -37.68844180E-03 +763.81909E-06
+63.40550E-06 -40.20100459E-03 +763.81909E-06
+63.42100E-06 -2.51256280E-03 +47.73869E-06
+63.43650E-06 +0.0E+00 +334.17085E-06
+63.45200E-06 -40.20100459E-03 -47.73869E-06
+63.46750E-06 -40.20100459E-03 +1.19346732E-03
+63.48300E-06 -40.20100459E-03 +763.81909E-06
+63.49850E-06 +0.0E+00 +1.19346732E-03
+63.51400E-06 -40.20100459E-03 +47.73869E-06
+63.52950E-06 +0.0E+00 +1.09798994E-03
+63.54500E-06 -37.68844180E-03 +1.47989948E-03
+63.56050E-06 -17.58793950E-03 +763.81909E-06
+63.57600E-06 -37.68844180E-03 +763.81909E-06
+63.59150E-06 -40.20100459E-03 +1.19346732E-03
+63.60700E-06 -2.51256280E-03 +47.73869E-06
+63.62250E-06 +0.0E+00 +1.19346732E-03
+63.63800E-06 -40.20100459E-03 +0.0E+00
+63.65350E-06 -40.20100459E-03 +763.81909E-06
+63.66900E-06 +0.0E+00 +811.55778E-06
+63.68450E-06 +0.0E+00 +334.17085E-06
+63.70000E-06 +0.0E+00 +763.81909E-06
+63.71550E-06 -40.20100459E-03 +763.81909E-06
+63.73100E-06 +0.0E+00 +763.81909E-06
+63.74650E-06 -17.58793950E-03 +763.81909E-06
+63.76200E-06 -40.20100459E-03 +47.73869E-06
+63.77750E-06 -22.61306509E-03 +334.17085E-06
+63.79300E-06 +0.0E+00 +716.08039E-06
+63.80850E-06 +0.0E+00 +1.52763817E-03
+63.82400E-06 -37.68844180E-03 +716.08039E-06
+63.83950E-06 -40.20100459E-03 +763.81909E-06
+63.85500E-06 -40.20100459E-03 +1.47989948E-03
+63.87050E-06 -22.61306509E-03 +1.19346732E-03
+63.88600E-06 -37.68844180E-03 +811.55778E-06
+63.90150E-06 -40.20100459E-03 +429.64824E-06
+63.91700E-06 +0.0E+00 +47.73869E-06
+63.93250E-06 -22.61306509E-03 +0.0E+00
+63.94800E-06 +0.0E+00 +716.08039E-06
+63.96350E-06 -17.58793950E-03 +1.19346732E-03
+63.97900E-06 -37.68844180E-03 +811.55778E-06
+63.99450E-06 -17.58793950E-03 +763.81909E-06
+64.01000E-06 -2.51256280E-03 +763.81909E-06
+64.02550E-06 -40.20100459E-03 +334.17085E-06
+64.04100E-06 +0.0E+00 +716.08039E-06
+64.05650E-06 +0.0E+00 +1.52763817E-03
+64.07200E-06 -77.88944639E-03 +811.55778E-06
+64.08750E-06 -17.58793950E-03 +1.09798994E-03
+64.10300E-06 -2.51256280E-03 +763.81909E-06
+64.11850E-06 -40.20100459E-03 +1.19346732E-03
+64.13400E-06 -40.20100459E-03 +1.52763817E-03
+64.14950E-06 +0.0E+00 +0.0E+00
+64.16500E-06 +0.0E+00 +47.73869E-06
+64.18050E-06 -22.61306509E-03 +0.0E+00
+64.19600E-06 +0.0E+00 +716.08039E-06
+64.21150E-06 -17.58793950E-03 +763.81909E-06
+64.22700E-06 +0.0E+00 +763.81909E-06
+64.24250E-06 -40.20100459E-03 +0.0E+00
+64.25800E-06 -37.68844180E-03 +1.52763817E-03
+64.27350E-06 -40.20100459E-03 +763.81909E-06
+64.28900E-06 -2.51256280E-03 +763.81909E-06
+64.30450E-06 -40.20100459E-03 +763.81909E-06
+64.32000E-06 +0.0E+00 +811.55778E-06
+64.33550E-06 -62.81406969E-03 +763.81909E-06
+64.35100E-06 -40.20100459E-03 +763.81909E-06
+64.36650E-06 -17.58793950E-03 +1.19346732E-03
+64.38200E-06 -2.51256280E-03 +47.73869E-06
+64.39750E-06 +0.0E+00 +763.81909E-06
+64.41300E-06 -37.68844180E-03 +47.73869E-06
+64.42850E-06 +0.0E+00 +334.17085E-06
+64.44400E-06 +0.0E+00 +716.08039E-06
+64.45950E-06 +0.0E+00 +334.17085E-06
+64.47500E-06 -37.68844180E-03 +47.73869E-06
+64.49050E-06 -40.20100459E-03 +763.81909E-06
+64.50600E-06 -2.51256280E-03 +811.55778E-06
+64.52150E-06 -22.61306509E-03 +1.09798994E-03
+64.53700E-06 +0.0E+00 +1.47989948E-03
+64.55250E-06 -40.20100459E-03 +1.19346732E-03
+64.56800E-06 -40.20100459E-03 +763.81909E-06
+64.58350E-06 -40.20100459E-03 +1.09798994E-03
+64.59900E-06 -2.51256280E-03 +716.08039E-06
+64.61450E-06 -22.61306509E-03 +429.64824E-06
+64.63000E-06 +0.0E+00 +47.73869E-06
+64.64550E-06 -22.61306509E-03 +763.81909E-06
+64.66100E-06 -2.51256280E-03 +47.73869E-06
+64.67650E-06 -40.20100459E-03 -95.47739E-06
+64.69200E-06 -40.20100459E-03 +1.47989948E-03
+64.70750E-06 -17.58793950E-03 +1.19346732E-03
+64.72300E-06 -37.68844180E-03 +811.55778E-06
+64.73850E-06 -40.20100459E-03 +429.64824E-06
+64.75400E-06 +0.0E+00 +47.73869E-06
+64.76950E-06 -22.61306509E-03 +763.81909E-06
+64.78500E-06 +0.0E+00 +716.08039E-06
+64.80050E-06 -17.58793950E-03 +763.81909E-06
+64.81600E-06 -37.68844180E-03 +763.81909E-06
+64.83150E-06 -22.61306509E-03 +0.0E+00
+64.84700E-06 -40.20100459E-03 +1.47989948E-03
+64.86250E-06 -22.61306509E-03 +763.81909E-06
+64.87800E-06 -2.51256280E-03 +47.73869E-06
+64.89350E-06 -40.20100459E-03 +429.64824E-06
+64.90900E-06 -40.20100459E-03 +716.08039E-06
+64.92450E-06 +0.0E+00 +1.09798994E-03
+64.94000E-06 +0.0E+00 +716.08039E-06
+64.95550E-06 -17.58793950E-03 +763.81909E-06
+64.97100E-06 -2.51256280E-03 +1.47989948E-03
+64.98650E-06 -22.61306509E-03 +859.29647E-06
+65.00200E-06 +0.0E+00 +763.81909E-06
+65.01750E-06 +0.0E+00 +763.81909E-06
+65.03300E-06 -40.20100459E-03 +47.73869E-06
+65.04850E-06 -17.58793950E-03 +763.81909E-06
+65.06400E-06 -37.68844180E-03 +47.73869E-06
+65.07950E-06 -40.20100459E-03 +1.09798994E-03
+65.09500E-06 -2.51256280E-03 +763.81909E-06
+65.11050E-06 -40.20100459E-03 +763.81909E-06
+65.12600E-06 -40.20100459E-03 +763.81909E-06
+65.14150E-06 -22.61306509E-03 +763.81909E-06
+65.15700E-06 -2.51256280E-03 +47.73869E-06
+65.17250E-06 +0.0E+00 -429.64824E-06
+65.18800E-06 -37.68844180E-03 +763.81909E-06
+65.20350E-06 -17.58793950E-03 +763.81909E-06
+65.21900E-06 -37.68844180E-03 +811.55778E-06
+65.23450E-06 +0.0E+00 +763.81909E-06
+65.25000E-06 -40.20100459E-03 +763.81909E-06
+65.26550E-06 +0.0E+00 +334.17085E-06
+65.28100E-06 +0.0E+00 +763.81909E-06
+65.29650E-06 -40.20100459E-03 +1.19346732E-03
+65.31200E-06 -77.88944639E-03 +1.52763817E-03
+65.32750E-06 -17.58793950E-03 +1.52763817E-03
+65.34300E-06 -40.20100459E-03 +0.0E+00
+65.35850E-06 -17.58793950E-03 +763.81909E-06
+65.37400E-06 -40.20100459E-03 +811.55778E-06
+65.38950E-06 -22.61306509E-03 +429.64824E-06
+65.40500E-06 -2.51256280E-03 +763.81909E-06
+65.42050E-06 +0.0E+00 +763.81909E-06
+65.43600E-06 +0.0E+00 +1.43216079E-03
+65.45150E-06 +0.0E+00 +763.81909E-06
+65.46700E-06 -37.68844180E-03 +763.81909E-06
+65.48250E-06 -40.20100459E-03 +1.19346732E-03
+65.49800E-06 -37.68844180E-03 +811.55778E-06
+65.51350E-06 +0.0E+00 +763.81909E-06
+65.52900E-06 +0.0E+00 +1.47989948E-03
+65.54450E-06  
