x-axis SCL1 SDA1
second Volt Volt
+34.50000E-06 -45.59925199E-03 -1.04999996E-03
+34.51500E-06 -45.59925199E-03 -567.58791E-06
+34.53000E-06 -45.59925199E-03 -85.17585E-06
+34.54500E-06 -45.59925199E-03 -567.58791E-06
+34.56000E-06 -45.59925199E-03 -567.58791E-06
+34.57500E-06 -113.13693970E-03 -567.58791E-06
+34.59000E-06 -45.59925199E-03 -1.04999996E-03
+34.60500E-06 -113.13693970E-03 -567.58791E-06
+34.62000E-06 -45.59925198E-03 -567.58791E-06
+34.63500E-06 -45.59925199E-03 -1.04999996E-03
+34.65000E-06 -45.59925199E-03 -567.58791E-06
+34.66500E-06 +21.93843573E-03 -1.04999996E-03
+34.68000E-06 -45.59925199E-03 -85.17585E-06
+34.69500E-06 -45.59925198E-03 -567.58791E-06
+34.71000E-06 +21.93843573E-03 -567.58791E-06
+34.72500E-06 -45.59925198E-03 -567.58791E-06
+34.74000E-06 -45.59925199E-03 -567.58791E-06
+34.75500E-06 -45.59925199E-03 -85.17585E-06
+34.77000E-06 -45.59925199E-03 -567.58791E-06
+34.78500E-06 -113.13693970E-03 -567.58791E-06
+34.80000E-06 -45.59925199E-03 -85.17585E-06
+34.81500E-06 -113.13693970E-03 -567.58791E-06
+34.83000E-06 -45.59925199E-03 -85.17585E-06
+34.84500E-06 -45.59925199E-03 -85.17585E-06
+34.86000E-06 +21.93843573E-03 -85.17585E-06
+34.87500E-06 +21.93843573E-03 -567.58791E-06
+34.89000E-06 -45.59925198E-03 -567.58791E-06
+34.90500E-06 -45.59925198E-03 -567.58791E-06
+34.92000E-06 -45.59925199E-03 -85.17585E-06
+34.93500E-06 -45.59925199E-03 -567.58791E-06
+34.95000E-06 -45.59925199E-03 -567.58791E-06
+34.96500E-06 -45.59925199E-03 -567.58791E-06
+34.98000E-06 -45.59925198E-03 -567.58791E-06
+34.99500E-06 -45.59925199E-03 -567.58791E-06
+35.01000E-06 -113.13693970E-03 -567.58791E-06
+35.02500E-06 -45.59925199E-03 -567.58791E-06
+35.04000E-06 -45.59925199E-03 -1.04999996E-03
+35.05500E-06 -45.59925199E-03 -567.58791E-06
+35.07000E-06 -45.59925198E-03 -85.17585E-06
+35.08500E-06 -113.13693970E-03 -567.58791E-06
+35.10000E-06 -45.59925198E-03 -1.04999996E-03
+35.11500E-06 -45.59925199E-03 -567.58791E-06
+35.13000E-06 -45.59925199E-03 -1.04999996E-03
+35.14500E-06 -45.59925199E-03 -567.58791E-06
+35.16000E-06 -45.59925199E-03 -85.17585E-06
+35.17500E-06 -113.13693970E-03 -567.58791E-06
+35.19000E-06 -45.59925199E-03 -85.17585E-06
+35.20500E-06 -45.59925199E-03 -85.17585E-06
+35.22000E-06 -45.59925199E-03 -85.17585E-06
+35.23500E-06 +21.93843573E-03 -85.17585E-06
+35.25000E-06 -113.13693970E-03 -85.17585E-06
+35.26500E-06 -45.59925199E-03 -1.04999996E-03
+35.28000E-06 -45.59925199E-03 -1.04999996E-03
+35.29500E-06 -45.59925199E-03 -567.58791E-06
+35.31000E-06 -113.13693970E-03 -1.04999996E-03
+35.32500E-06 -45.59925198E-03 -85.17585E-06
+35.34000E-06 -45.59925198E-03 -567.58791E-06
+35.35500E-06 -45.59925199E-03 -85.17585E-06
+35.37000E-06 -45.59925199E-03 -85.17585E-06
+35.38500E-06 -45.59925199E-03 -85.17585E-06
+35.40000E-06 +21.93843573E-03 -85.17585E-06
+35.41500E-06 -45.59925199E-03 -85.17585E-06
+35.43000E-06 -45.59925199E-03 -567.58791E-06
+35.44500E-06 +21.93843573E-03 -567.58791E-06
+35.46000E-06 -45.59925199E-03 -567.58791E-06
+35.47500E-06 +21.93843573E-03 -567.58791E-06
+35.49000E-06 -45.59925199E-03 -567.58791E-06
+35.50500E-06 +21.93843573E-03 -567.58791E-06
+35.52000E-06 -113.13693970E-03 -85.17585E-06
+35.53500E-06 -45.59925199E-03 -85.17585E-06
+35.55000E-06 -45.59925199E-03 -567.58791E-06
+35.56500E-06 -45.59925199E-03 -567.58791E-06
+35.58000E-06 -45.59925199E-03 -1.04999996E-03
+35.59500E-06 -45.59925199E-03 -567.58791E-06
+35.61000E-06 -45.59925199E-03 -85.17585E-06
+35.62500E-06 -45.59925199E-03 -567.58791E-06
+35.64000E-06 -45.59925199E-03 -567.58791E-06
+35.65500E-06 -45.59925199E-03 -85.17585E-06
+35.67000E-06 -45.59925198E-03 -85.17585E-06
+35.68500E-06 -113.13693970E-03 -567.58791E-06
+35.70000E-06 -45.59925198E-03 -1.04999996E-03
+35.71500E-06 +21.93843573E-03 -567.58791E-06
+35.73000E-06 -45.59925199E-03 -567.58791E-06
+35.74500E-06 +21.93843573E-03 -567.58791E-06
+35.76000E-06 -45.59925199E-03 -85.17585E-06
+35.77500E-06 -113.13693970E-03 -567.58791E-06
+35.79000E-06 -45.59925199E-03 -567.58791E-06
+35.80500E-06 -45.59925198E-03 -567.58791E-06
+35.82000E-06 -45.59925198E-03 -567.58791E-06
+35.83500E-06 -45.59925199E-03 -1.04999996E-03
+35.85000E-06 -113.13693970E-03 -567.58791E-06
+35.86500E-06 -113.13693970E-03 -85.17585E-06
+35.88000E-06 -45.59925199E-03 -85.17585E-06
+35.89500E-06 -113.13693970E-03 -85.17585E-06
+35.91000E-06 +21.93843573E-03 -85.17585E-06
+35.92500E-06 -45.59925199E-03 -567.58791E-06
+35.94000E-06 -45.59925199E-03 -1.04999996E-03
+35.95500E-06 -45.59925199E-03 -567.58791E-06
+35.97000E-06 -45.59925199E-03 -1.04999996E-03
+35.98500E-06 -45.59925199E-03 -1.04999996E-03
+36.00000E-06 -45.59925199E-03 -85.17585E-06
+36.01500E-06 -45.59925199E-03 -1.04999996E-03
+36.03000E-06 -113.13693970E-03 -567.58791E-06
+36.04500E-06 -45.59925198E-03 -567.58791E-06
+36.06000E-06 -45.59925199E-03 -1.04999996E-03
+36.07500E-06 -45.59925199E-03 -1.04999996E-03
+36.09000E-06 -113.13693970E-03 -567.58791E-06
+36.10500E-06 -45.59925199E-03 -85.17585E-06
+36.12000E-06 -45.59925199E-03 -85.17585E-06
+36.13500E-06 -113.13693970E-03 -85.17585E-06
+36.15000E-06 -45.59925199E-03 -85.17585E-06
+36.16500E-06 -45.59925199E-03 -567.58791E-06
+36.18000E-06 +21.93843573E-03 -1.04999996E-03
+36.19500E-06 -45.59925199E-03 -567.58791E-06
+36.21000E-06 -45.59925198E-03 -85.17585E-06
+36.22500E-06 +21.93843573E-03 -1.04999996E-03
+36.24000E-06 -45.59925199E-03 -1.04999996E-03
+36.25500E-06 -45.59925198E-03 -567.58791E-06
+36.27000E-06 -45.59925199E-03 -85.17585E-06
+36.28500E-06 -45.59925199E-03 -567.58791E-06
+36.30000E-06 -45.59925199E-03 -1.04999996E-03
+36.31500E-06 -45.59925199E-03 -567.58791E-06
+36.33000E-06 -45.59925199E-03 -567.58791E-06
+36.34500E-06 -45.59925199E-03 -567.58791E-06
+36.36000E-06 -45.59925199E-03 -1.04999996E-03
+36.37500E-06 -45.59925199E-03 -567.58791E-06
+36.39000E-06 -45.59925199E-03 -1.04999996E-03
+36.40500E-06 -45.59925199E-03 -567.58791E-06
+36.42000E-06 -45.59925199E-03 -567.58791E-06
+36.43500E-06 +21.93843572E-03 -567.58791E-06
+36.45000E-06 -45.59925199E-03 -567.58791E-06
+36.46500E-06 -45.59925199E-03 -1.04999996E-03
+36.48000E-06 -45.59925199E-03 -567.58791E-06
+36.49500E-06 -113.13693970E-03 -567.58791E-06
+36.51000E-06 -45.59925199E-03 -567.58791E-06
+36.52500E-06 -45.59925199E-03 -85.17585E-06
+36.54000E-06 -45.59925199E-03 -1.04999996E-03
+36.55500E-06 -45.59925199E-03 -567.58791E-06
+36.57000E-06 -45.59925199E-03 -567.58791E-06
+36.58500E-06 -45.59925199E-03 -567.58791E-06
+36.60000E-06 -113.13693970E-03 -567.58791E-06
+36.61500E-06 -45.59925198E-03 -567.58791E-06
+36.63000E-06 -45.59925199E-03 -85.17585E-06
+36.64500E-06 -45.59925199E-03 -85.17585E-06
+36.66000E-06 -45.59925199E-03 -567.58791E-06
+36.67500E-06 -45.59925200E-03 -85.17585E-06
+36.69000E-06 -45.59925199E-03 -85.17585E-06
+36.70500E-06 -45.59925199E-03 -85.17585E-06
+36.72000E-06 -45.59925199E-03 -85.17585E-06
+36.73500E-06 -113.13693968E-03 -567.58791E-06
+36.75000E-06 -45.59925198E-03 -85.17585E-06
+36.76500E-06 -45.59925199E-03 -85.17585E-06
+36.78000E-06 +21.93843573E-03 -85.17585E-06
+36.79500E-06 -45.59925199E-03 -85.17585E-06
+36.81000E-06 -45.59925199E-03 +397.23620E-06
+36.82500E-06 -45.59925198E-03 -85.17585E-06
+36.84000E-06 -45.59925200E-03 -85.17585E-06
+36.85500E-06 -45.59925199E-03 -567.58791E-06
+36.87000E-06 -45.59925200E-03 -567.58791E-06
+36.88500E-06 +21.93843573E-03 -85.17585E-06
+36.90000E-06 -45.59925199E-03 -567.58791E-06
+36.91500E-06 -45.59925199E-03 -85.17585E-06
+36.93000E-06 -113.13693969E-03 -567.58791E-06
+36.94500E-06 +21.93843572E-03 -567.58791E-06
+36.96000E-06 -45.59925199E-03 +397.23620E-06
+36.97500E-06 -113.13693969E-03 -85.17585E-06
+36.99000E-06 -45.59925199E-03 -567.58791E-06
+37.00500E-06 -45.59925200E-03 -1.04999996E-03
+37.02000E-06 +21.93843572E-03 -1.04999996E-03
+37.03500E-06 -113.13693969E-03 -567.58791E-06
+37.05000E-06 +21.93843572E-03 -567.58791E-06
+37.06500E-06 -45.59925199E-03 -567.58791E-06
+37.08000E-06 -45.59925199E-03 -567.58791E-06
+37.09500E-06 -113.13693969E-03 -85.17585E-06
+37.11000E-06 +21.93843572E-03 -85.17585E-06
+37.12500E-06 +21.93843572E-03 -567.58791E-06
+37.14000E-06 -45.59925199E-03 -1.04999996E-03
+37.15500E-06 +21.93843572E-03 -85.17585E-06
+37.17000E-06 -113.13693969E-03 -567.58791E-06
+37.18500E-06 +21.93843573E-03 -1.04999996E-03
+37.20000E-06 -45.59925200E-03 -1.04999996E-03
+37.21500E-06 -45.59925199E-03 -567.58791E-06
+37.23000E-06 -113.13693969E-03 -85.17585E-06
+37.24500E-06 -45.59925199E-03 -567.58791E-06
+37.26000E-06 -45.59925197E-03 -567.58791E-06
+37.27500E-06 -45.59925200E-03 -567.58791E-06
+37.29000E-06 -45.59925199E-03 -567.58791E-06
+37.30500E-06 -45.59925200E-03 -567.58791E-06
+37.32000E-06 +21.93843572E-03 -85.17585E-06
+37.33500E-06 -113.13693970E-03 -567.58791E-06
+37.35000E-06 +21.93843572E-03 -567.58791E-06
+37.36500E-06 -45.59925199E-03 -567.58791E-06
+37.38000E-06 -45.59925199E-03 -567.58791E-06
+37.39500E-06 -45.59925200E-03 -85.17585E-06
+37.41000E-06 -45.59925199E-03 -567.58791E-06
+37.42500E-06 +21.93843573E-03 -85.17585E-06
+37.44000E-06 -113.13693970E-03 -85.17585E-06
+37.45500E-06 -45.59925197E-03 -567.58791E-06
+37.47000E-06 -45.59925200E-03 -1.04999996E-03
+37.48500E-06 +21.93843573E-03 -567.58791E-06
+37.50000E-06 -113.13693969E-03 -567.58791E-06
+37.51500E-06 +21.93843573E-03 -567.58791E-06
+37.53000E-06 -45.59925199E-03 -567.58791E-06
+37.54500E-06 -45.59925199E-03 -1.04999996E-03
+37.56000E-06 -45.59925199E-03 +397.23620E-06
+37.57500E-06 -113.13693969E-03 -567.58791E-06
+37.59000E-06 +21.93843575E-03 +397.23620E-06
+37.60500E-06 -113.13693970E-03 -567.58791E-06
+37.62000E-06 +21.93843573E-03 -567.58791E-06
+37.63500E-06 -45.59925200E-03 -85.17585E-06
+37.65000E-06 -45.59925199E-03 -567.58791E-06
+37.66500E-06 -45.59925200E-03 -567.58791E-06
+37.68000E-06 +21.93843570E-03 -85.17585E-06
+37.69500E-06 -45.59925197E-03 -567.58791E-06
+37.71000E-06 -45.59925200E-03 -567.58791E-06
+37.72500E-06 +21.93843573E-03 -567.58791E-06
+37.74000E-06 -45.59925199E-03 -567.58791E-06
+37.75500E-06 +21.93843572E-03 -85.17585E-06
+37.77000E-06 -113.13693970E-03 +397.23620E-06
+37.78500E-06 +21.93843573E-03 -567.58791E-06
+37.80000E-06 -45.59925200E-03 -1.04999996E-03
+37.81500E-06 -113.13693969E-03 -567.58791E-06
+37.83000E-06 -45.59925199E-03 -85.17585E-06
+37.84500E-06 -45.59925199E-03 -1.04999996E-03
+37.86000E-06 +21.93843572E-03 -567.58791E-06
+37.87500E-06 -45.59925199E-03 -567.58791E-06
+37.89000E-06 +21.93843572E-03 -567.58791E-06
+37.90500E-06 -113.13693969E-03 -567.58791E-06
+37.92000E-06 +21.93843572E-03 -85.17585E-06
+37.93500E-06 -113.13693970E-03 -567.58791E-06
+37.95000E-06 -45.59925199E-03 -85.17585E-06
+37.96500E-06 -45.59925199E-03 -567.58791E-06
+37.98000E-06 -45.59925200E-03 -1.53241202E-03
+37.99500E-06 +21.93843572E-03 +397.23620E-06
+38.01000E-06 -113.13693969E-03 -567.58791E-06
+38.02500E-06 +21.93843573E-03 +397.23620E-06
+38.04000E-06 -113.13693970E-03 -567.58791E-06
+38.05500E-06 +21.93843573E-03 -85.17585E-06
+38.07000E-06 -45.59925199E-03 +397.23620E-06
+38.08500E-06 +21.93843573E-03 -567.58791E-06
+38.10000E-06 -45.59925199E-03 -567.58791E-06
+38.11500E-06 -45.59925200E-03 -85.17585E-06
+38.13000E-06 +21.93843573E-03 -85.17585E-06
+38.14500E-06 -113.13693970E-03 -1.04999996E-03
+38.16000E-06 +21.93843573E-03 -85.17585E-06
+38.17500E-06 -113.13693972E-03 -567.58791E-06
+38.19000E-06 +21.93843573E-03 -85.17585E-06
+38.20500E-06 -113.13693970E-03 -567.58791E-06
+38.22000E-06 -45.59925197E-03 -1.53241202E-03
+38.23500E-06 -45.59925199E-03 +397.23620E-06
+38.25000E-06 -45.59925199E-03 -1.04999996E-03
+38.26500E-06 -45.59925195E-03 -85.17585E-06
+38.28000E-06 -113.13693970E-03 -567.58791E-06
+38.29500E-06 +21.93843573E-03 -85.17585E-06
+38.31000E-06 -113.13693970E-03 -567.58791E-06
+38.32500E-06 +21.93843573E-03 -85.17585E-06
+38.34000E-06 -113.13693970E-03 -567.58791E-06
+38.35500E-06 +21.93843572E-03 -85.17585E-06
+38.37000E-06 -113.13693970E-03 -567.58791E-06
+38.38500E-06 -45.59925199E-03 -1.04999996E-03
+38.40000E-06 -45.59925197E-03 -85.17585E-06
+38.41500E-06 -113.13693970E-03 -1.04999996E-03
+38.43000E-06 +21.93843573E-03 -85.17585E-06
+38.44500E-06 -113.13693972E-03 -1.04999996E-03
+38.46000E-06 +21.93843575E-03 -567.58791E-06
+38.47500E-06 -113.13693970E-03 -567.58791E-06
+38.49000E-06 +21.93843573E-03 -85.17585E-06
+38.50500E-06 -113.13693969E-03 -85.17585E-06
+38.52000E-06 -45.59925199E-03 -567.58791E-06
+38.53500E-06 -113.13693967E-03 -85.17585E-06
+38.55000E-06 -113.13693970E-03 -567.58791E-06
+38.56500E-06 +89.47612345E-03 -85.17585E-06
+38.58000E-06 -113.13693970E-03 -1.04999996E-03
+38.59500E-06 +89.47612345E-03 -567.58791E-06
+38.61000E-06 -180.67462740E-03 -1.04999996E-03
+38.62500E-06 +89.47612343E-03 -567.58791E-06
+38.64000E-06 -45.59925200E-03 -85.17585E-06
+38.65500E-06 +21.93843571E-03 -567.58791E-06
+38.67000E-06 -45.59925199E-03 +397.23620E-06
+38.68500E-06 -45.59925200E-03 -1.53241202E-03
+38.70000E-06 +21.93843573E-03 -567.58791E-06
+38.71500E-06 -113.13693972E-03 -1.04999996E-03
+38.73000E-06 +89.47612345E-03 -567.58791E-06
+38.74500E-06 -113.13693970E-03 -567.58791E-06
+38.76000E-06 +21.93843573E-03 -85.17585E-06
+38.77500E-06 -113.13693970E-03 -567.58791E-06
+38.79000E-06 +21.93843571E-03 -567.58791E-06
+38.80500E-06 -45.59925197E-03 -85.17585E-06
+38.82000E-06 -45.59925200E-03 -1.04999996E-03
+38.83500E-06 +21.93843575E-03 +397.23620E-06
+38.85000E-06 -113.13693970E-03 -567.58791E-06
+38.86500E-06 +89.47612347E-03 -85.17585E-06
+38.88000E-06 -180.67462742E-03 -1.04999996E-03
+38.89500E-06 +21.93843573E-03 -85.17585E-06
+38.91000E-06 -180.67462742E-03 -1.04999996E-03
+38.92500E-06 +21.93843573E-03 -567.58791E-06
+38.94000E-06 -113.13693968E-03 -85.17585E-06
+38.95500E-06 -45.59925201E-03 -1.04999996E-03
+38.97000E-06 -45.59925197E-03 -85.17585E-06
+38.98500E-06 -113.13693972E-03 -1.04999996E-03
+39.00000E-06 +89.47612345E-03 -85.17585E-06
+39.01500E-06 -180.67462742E-03 -567.58791E-06
+39.03000E-06 +89.47612345E-03 +397.23620E-06
+39.04500E-06 -180.67462742E-03 -567.58791E-06
+39.06000E-06 +21.93843573E-03 -1.04999996E-03
+39.07500E-06 -113.13693970E-03 -85.17585E-06
+39.09000E-06 -45.59925199E-03 -85.17585E-06
+39.10500E-06 -45.59925197E-03 +397.23620E-06
+39.12000E-06 -113.13693970E-03 -567.58791E-06
+39.13500E-06 +89.47612345E-03 +397.23620E-06
+39.15000E-06 -248.21231512E-03 -567.58791E-06
+39.16500E-06 +89.47612347E-03 -85.17585E-06
+39.18000E-06 -180.67462742E-03 -567.58791E-06
+39.19500E-06 +21.93843573E-03 -85.17585E-06
+39.21000E-06 -113.13693970E-03 -567.58791E-06
+39.22500E-06 +21.93843571E-03 -567.58791E-06
+39.24000E-06 -45.59925196E-03 -85.17585E-06
+39.25500E-06 -113.13693970E-03 -1.04999996E-03
+39.27000E-06 +89.47612345E-03 +397.23620E-06
+39.28500E-06 -113.13693973E-03 -1.53241202E-03
+39.30000E-06 +157.01381115E-03 -567.58791E-06
+39.31500E-06 -180.67462742E-03 -1.53241202E-03
+39.33000E-06 +89.47612347E-03 -85.17585E-06
+39.34500E-06 -113.13693970E-03 -567.58791E-06
+39.36000E-06 +21.93843571E-03 -85.17585E-06
+39.37500E-06 -113.13693968E-03 -85.17585E-06
+39.39000E-06 -113.13693973E-03 -1.04999996E-03
+39.40500E-06 +89.47612343E-03 +397.23620E-06
+39.42000E-06 -180.67462742E-03 -1.04999996E-03
+39.43500E-06 +157.01381115E-03 -85.17585E-06
+39.45000E-06 -248.21231514E-03 -1.04999996E-03
+39.46500E-06 +157.01381117E-03 -85.17585E-06
+39.48000E-06 -180.67462740E-03 -85.17585E-06
+39.49500E-06 +21.93843573E-03 -85.17585E-06
+39.51000E-06 -113.13693968E-03 +397.23620E-06
+39.52500E-06 -45.59925203E-03 -1.04999996E-03
+39.54000E-06 +21.93843576E-03 -85.17585E-06
+39.55500E-06 -180.67462742E-03 -1.53241202E-03
+39.57000E-06 +157.01381117E-03 +397.23620E-06
+39.58500E-06 -248.21231514E-03 -1.53241202E-03
+39.60000E-06 +157.01381115E-03 +397.23620E-06
+39.61500E-06 -180.67462745E-03 -567.58791E-06
+39.63000E-06 +89.47612345E-03 -567.58791E-06
+39.64500E-06 -113.13693970E-03 -85.17585E-06
+39.66000E-06 -45.59925201E-03 -1.53241202E-03
+39.67500E-06 +21.93843573E-03 +397.23620E-06
+39.69000E-06 -180.67462742E-03 -1.04999996E-03
+39.70500E-06 +157.01381117E-03 +397.23620E-06
+39.72000E-06 -248.21231517E-03 -1.04999996E-03
+39.73500E-06 +157.01381117E-03 -85.17585E-06
+39.75000E-06 -248.21231514E-03 -567.58791E-06
+39.76500E-06 +157.01381115E-03 -567.58791E-06
+39.78000E-06 -113.13693968E-03 -85.17585E-06
+39.79500E-06 +21.93843571E-03 -1.53241202E-03
+39.81000E-06 -45.59925196E-03 +397.23620E-06
+39.82500E-06 -113.13693975E-03 -1.53241202E-03
+39.84000E-06 +89.47612348E-03 +397.23620E-06
+39.85500E-06 -315.75000286E-03 -1.53241202E-03
+39.87000E-06 +157.01381120E-03 -85.17585E-06
+39.88500E-06 -248.21231514E-03 -567.58791E-06
+39.90000E-06 +157.01381117E-03 -567.58791E-06
+39.91500E-06 -180.67462742E-03 -567.58791E-06
+39.93000E-06 +89.47612343E-03 -1.04999996E-03
+39.94500E-06 -45.59925199E-03 +397.23620E-06
+39.96000E-06 -180.67462742E-03 -1.53241202E-03
+39.97500E-06 +89.47612348E-03 +397.23620E-06
+39.99000E-06 -315.75000286E-03 -2.01482407E-03
+40.00500E-06 +224.55149889E-03 +397.23620E-06
+40.02000E-06 -315.75000284E-03 -1.53241202E-03
+40.03500E-06 +157.01381117E-03 -567.58791E-06
+40.05000E-06 -315.75000281E-03 -567.58791E-06
+40.06500E-06 +89.47612343E-03 -1.04999996E-03
+40.08000E-06 -45.59925199E-03 +397.23620E-06
+40.09500E-06 -113.13693973E-03 -2.01482407E-03
+40.11000E-06 +89.47612348E-03 +397.23620E-06
+40.12500E-06 -248.21231517E-03 -2.01482407E-03
+40.14000E-06 +224.55149889E-03 +397.23620E-06
+40.15500E-06 -383.28769058E-03 -1.53241202E-03
+40.17000E-06 +292.08918658E-03 +397.23620E-06
+40.18500E-06 -315.75000284E-03 -1.04999996E-03
+40.20000E-06 +89.47612343E-03 -1.04999996E-03
+40.21500E-06 -113.13693970E-03 -85.17585E-06
+40.23000E-06 -45.59925201E-03 -2.01482407E-03
+40.24500E-06 +157.01381117E-03 +397.23620E-06
+40.26000E-06 -315.75000284E-03 -2.01482407E-03
+40.27500E-06 +224.55149889E-03 +1.36206031E-03
+40.29000E-06 -315.75000286E-03 -1.04999996E-03
+40.30500E-06 +292.08918661E-03 +879.64826E-06
+40.32000E-06 -248.21231514E-03 -567.58791E-06
+40.33500E-06 +157.01381117E-03 -85.17585E-06
+40.35000E-06 -180.67462740E-03 +397.23620E-06
+40.36500E-06 +21.93843571E-03 -1.04999996E-03
+40.38000E-06 +21.93843576E-03 +879.64826E-06
+40.39500E-06 -248.21231517E-03 -2.01482407E-03
+40.41000E-06 +224.55149889E-03 +1.36206031E-03
+40.42500E-06 -383.28769058E-03 -2.01482407E-03
+40.44000E-06 +292.08918661E-03 +879.64826E-06
+40.45500E-06 -383.28769055E-03 -1.53241202E-03
+40.47000E-06 +224.55149886E-03 -1.04999996E-03
+40.48500E-06 -248.21231512E-03 -1.04999996E-03
+40.50000E-06 +89.47612343E-03 -2.01482407E-03
+40.51500E-06 +21.93843576E-03 +879.64826E-06
+40.53000E-06 -180.67462745E-03 -2.01482407E-03
+40.54500E-06 +224.55149892E-03 +1.36206031E-03
+40.56000E-06 -383.28769061E-03 -2.49723613E-03
+40.57500E-06 +359.62687433E-03 +879.64826E-06
+40.59000E-06 -383.28769058E-03 -1.04999996E-03
+40.60500E-06 +292.08918661E-03 -567.58791E-06
+40.62000E-06 -248.21231511E-03 -567.58791E-06
+40.63500E-06 +89.47612342E-03 -1.53241202E-03
+40.65000E-06 -45.59925196E-03 +1.36206031E-03
+40.66500E-06 -180.67462745E-03 -2.49723613E-03
+40.68000E-06 +157.01381120E-03 +1.36206031E-03
+40.69500E-06 -383.28769058E-03 -2.49723613E-03
+40.71000E-06 +359.62687433E-03 +1.84447237E-03
+40.72500E-06 -383.28769058E-03 -2.01482407E-03
+40.74000E-06 +427.16456199E-03 -85.17585E-06
+40.75500E-06 -383.28769055E-03 -1.04999996E-03
+40.77000E-06 +157.01381117E-03 -567.58791E-06
+40.78500E-06 -180.67462737E-03 +397.23620E-06
+40.80000E-06 -113.13693976E-03 -2.97964818E-03
+40.81500E-06 +157.01381120E-03 +1.36206031E-03
+40.83000E-06 -383.28769058E-03 -2.97964818E-03
+40.84500E-06 +359.62687436E-03 +1.36206031E-03
+40.86000E-06 -518.36306602E-03 -2.49723613E-03
+40.87500E-06 +359.62687433E-03 +397.23620E-06
+40.89000E-06 -450.82537827E-03 -1.04999996E-03
+40.90500E-06 +224.55149886E-03 -567.58791E-06
+40.92000E-06 -180.67462739E-03 +879.64826E-06
+40.93500E-06 -113.13693970E-03 -2.01482407E-03
+40.95000E-06 +21.93843579E-03 +1.84447237E-03
+40.96500E-06 -315.75000289E-03 -2.97964818E-03
+40.98000E-06 +359.62687433E-03 +1.36206031E-03
+40.99500E-06 -518.36306605E-03 -2.49723613E-03
+41.01000E-06 +427.16456205E-03 +1.84447237E-03
+41.02500E-06 -450.82537830E-03 -1.04999996E-03
+41.04000E-06 +292.08918658E-03 -85.17585E-06
+41.05500E-06 -248.21231514E-03 +397.23620E-06
+41.07000E-06 +21.93843570E-03 -1.53241202E-03
+41.08500E-06 +89.47612348E-03 +1.84447237E-03
+41.10000E-06 -248.21231517E-03 -2.97964818E-03
+41.11500E-06 +359.62687433E-03 +2.32688442E-03
+41.13000E-06 -518.36306602E-03 -2.49723613E-03
+41.14500E-06 +494.70224974E-03 +1.36206031E-03
+41.16000E-06 -518.36306602E-03 -1.53241202E-03
+41.17500E-06 +359.62687433E-03 +397.23620E-06
+41.19000E-06 -315.75000283E-03 -85.17585E-06
+41.20500E-06 +89.47612339E-03 -1.53241202E-03
+41.22000E-06 -45.59925193E-03 +1.36206031E-03
+41.23500E-06 -315.75000289E-03 -2.97964818E-03
+41.25000E-06 +359.62687436E-03 +2.80929648E-03
+41.26500E-06 -518.36306605E-03 -3.46206024E-03
+41.28000E-06 +562.23993745E-03 +1.36206031E-03
+41.29500E-06 -653.43844139E-03 -2.01482407E-03
+41.31000E-06 +427.16456202E-03 +397.23620E-06
+41.32500E-06 -450.82537827E-03 -567.58791E-06
+41.34000E-06 +224.55149883E-03 -1.04999996E-03
+41.35500E-06 -45.59925199E-03 +1.36206031E-03
+41.37000E-06 -180.67462748E-03 -2.49723613E-03
+41.38500E-06 +292.08918664E-03 +2.32688442E-03
+41.40000E-06 -518.36306605E-03 -2.97964818E-03
+41.41500E-06 +562.23993748E-03 +1.84447237E-03
+41.43000E-06 -653.43844146E-03 -2.49723613E-03
+41.44500E-06 +562.23993745E-03 +879.64826E-06
+41.46000E-06 -585.90075364E-03 -1.04999996E-03
+41.47500E-06 +292.08918655E-03 -1.04999996E-03
+41.49000E-06 -180.67462736E-03 +879.64826E-06
+41.50500E-06 -45.59925205E-03 -2.97964818E-03
+41.52000E-06 +224.55149895E-03 +2.80929648E-03
+41.53500E-06 -518.36306602E-03 -2.49723613E-03
+41.55000E-06 +562.23993748E-03 +2.80929648E-03
+41.56500E-06 -720.97612914E-03 -3.46206024E-03
+41.58000E-06 +629.77762520E-03 +879.64826E-06
+41.59500E-06 -653.43844139E-03 -1.53241202E-03
+41.61000E-06 +427.16456201E-03 -567.58791E-06
+41.62500E-06 -248.21231511E-03 +879.64826E-06
+41.64000E-06 +21.93843567E-03 -2.49723613E-03
+41.65500E-06 +157.01381120E-03 +2.32688442E-03
+41.67000E-06 -450.82537833E-03 -3.46206024E-03
+41.68500E-06 +494.70224980E-03 +2.80929648E-03
+41.70000E-06 -720.97612921E-03 -2.97964818E-03
+41.71500E-06 +629.77762520E-03 +1.84447237E-03
+41.73000E-06 -720.97612914E-03 -1.53241202E-03
+41.74500E-06 +494.70224970E-03 -85.17585E-06
+41.76000E-06 -383.28769052E-03 +397.23620E-06
+41.77500E-06 +21.93843570E-03 -2.01482407E-03
+41.79000E-06 +89.47612348E-03 +1.84447237E-03
+41.80500E-06 -315.75000296E-03 -3.94447229E-03
+41.82000E-06 +494.70224983E-03 +2.80929648E-03
+41.83500E-06 -788.51381689E-03 -4.42688435E-03
+41.85000E-06 +697.31531292E-03 +2.80929648E-03
+41.86500E-06 -788.51381689E-03 -2.97964818E-03
+41.88000E-06 +629.77762514E-03 +1.36206031E-03
+41.89500E-06 -585.90075367E-03 +397.23620E-06
+41.91000E-06 +224.55149882E-03 -1.04999996E-03
+41.92500E-06 -45.59925192E-03 +2.32688442E-03
+41.94000E-06 -248.21231524E-03 -3.94447229E-03
+41.95500E-06 +494.70224980E-03 +3.29170853E-03
+41.97000E-06 -720.97612917E-03 -3.94447229E-03
+41.98500E-06 +764.85300064E-03 +2.80929648E-03
+42.00000E-06 -856.05150461E-03 -2.49723613E-03
+42.01500E-06 +697.31531289E-03 +1.84447237E-03
+42.03000E-06 -653.43844139E-03 -1.04999996E-03
+42.04500E-06 +359.62687426E-03 -2.01482407E-03
+42.06000E-06 -180.67462732E-03 +1.84447237E-03
+42.07500E-06 -113.13693981E-03 -3.46206024E-03
+42.09000E-06 +427.16456208E-03 +3.77412059E-03
+42.10500E-06 -720.97612917E-03 -4.90929640E-03
+42.12000E-06 +764.85300064E-03 +3.77412059E-03
+42.13500E-06 -923.58919233E-03 -3.94447229E-03
+42.15000E-06 +832.39068833E-03 +1.36206031E-03
+42.16500E-06 -788.51381682E-03 -1.53241202E-03
+42.18000E-06 +494.70224970E-03 -1.53241202E-03
+42.19500E-06 -383.28769048E-03 +879.64826E-06
+42.21000E-06 -45.59925205E-03 -3.94447229E-03
+42.22500E-06 +292.08918668E-03 +3.77412059E-03
+42.24000E-06 -653.43844152E-03 -4.42688435E-03
+42.25500E-06 +697.31531296E-03 +3.77412059E-03
+42.27000E-06 -923.58919233E-03 -4.42688435E-03
+42.28500E-06 +899.92837608E-03 +2.32688442E-03
+42.30000E-06 -856.05150458E-03 -2.01482407E-03
+42.31500E-06 +629.77762510E-03 -85.17585E-06
+42.33000E-06 -450.82537826E-03 +1.36206031E-03
+42.34500E-06 +89.47612338E-03 -2.97964818E-03
+42.36000E-06 +157.01381128E-03 +3.77412059E-03
+42.37500E-06 -585.90075377E-03 -4.90929640E-03
+42.39000E-06 +697.31531299E-03 +4.25653264E-03
+42.40500E-06 -991.12688008E-03 -4.90929640E-03
+42.42000E-06 +899.92837611E-03 +2.80929648E-03
+42.43500E-06 -1.05866456773E+00 -2.49723613E-03
+42.45000E-06 +764.85300057E-03 +397.23620E-06
+42.46500E-06 -585.90075367E-03 +397.23620E-06
+42.48000E-06 +224.55149878E-03 -2.49723613E-03
+42.49500E-06 +21.93843584E-03 +3.77412059E-03
+42.51000E-06 -450.82537837E-03 -5.39170846E-03
+42.52500E-06 +629.77762527E-03 +4.25653264E-03
+42.54000E-06 -923.58919240E-03 -5.39170846E-03
+42.55500E-06 +1.03500375148E+00 +3.77412059E-03
+42.57000E-06 -1.12620225545E+00 -3.94447229E-03
+42.58500E-06 +899.92837604E-03 +879.64826E-06
+42.60000E-06 -788.51381682E-03 -85.17585E-06
+42.61500E-06 +427.16456194E-03 -1.53241202E-03
+42.63000E-06 -180.67462731E-03 +2.80929648E-03
+42.64500E-06 -248.21231529E-03 -4.90929640E-03
+42.66000E-06 +629.77762524E-03 +4.73894470E-03
+42.67500E-06 -991.12688012E-03 -6.35653257E-03
+42.69000E-06 +1.03500375155E+00 +3.77412059E-03
+42.70500E-06 -1.19373994317E+00 -4.90929640E-03
+42.72000E-06 +1.03500375144E+00 +2.32688442E-03
+42.73500E-06 -923.58919229E-03 -1.04999996E-03
+42.75000E-06 +562.23993741E-03 -2.01482407E-03
+42.76500E-06 -248.21231507E-03 +2.80929648E-03
+42.78000E-06 -180.67462750E-03 -4.90929640E-03
+42.79500E-06 +427.16456219E-03 +5.22135675E-03
+42.81000E-06 -856.05150469E-03 -6.35653257E-03
+42.82500E-06 +1.03500375159E+00 +5.22135675E-03
+42.84000E-06 -1.26127763093E+00 -4.42688435E-03
+42.85500E-06 +1.10254143924E+00 +3.77412059E-03
+42.87000E-06 -1.12620225541E+00 -2.01482407E-03
+42.88500E-06 +764.85300057E-03 +397.23620E-06
+42.90000E-06 -518.36306591E-03 +2.32688442E-03
+42.91500E-06 +21.93843558E-03 -4.90929640E-03
+42.93000E-06 +359.62687444E-03 +4.25653264E-03
+42.94500E-06 -720.97612932E-03 -6.35653257E-03
+42.96000E-06 +1.03500375159E+00 +6.18618086E-03
+42.97500E-06 -1.26127763096E+00 -6.35653257E-03
+42.99000E-06 +1.23761681464E+00 +4.25653264E-03
+43.00500E-06 -1.26127763089E+00 -2.49723613E-03
+43.02000E-06 +1.03500375136E+00 -85.17585E-06
+43.03500E-06 -720.97612902E-03 +879.64826E-06
+43.05000E-06 +224.55149874E-03 -3.94447229E-03
+43.06500E-06 +157.01381129E-03 +4.25653264E-03
+43.08000E-06 -653.43844161E-03 -6.35653257E-03
+43.09500E-06 +899.92837619E-03 +6.66859292E-03
+43.11000E-06 -1.32881531868E+00 -6.83894462E-03
+43.12500E-06 +1.30515450239E+00 +5.22135675E-03
+43.14000E-06 -1.39635300629E+00 -4.42688435E-03
+43.15500E-06 +1.10254143916E+00 +1.36206031E-03
+43.17000E-06 -923.58919222E-03 +397.23620E-06
+43.18500E-06 +359.62687421E-03 -3.46206024E-03
+43.20000E-06 -45.59925183E-03 +4.73894470E-03
+43.21500E-06 -585.90075385E-03 -6.83894462E-03
+43.23000E-06 +899.92837616E-03 +7.15100497E-03
+43.24500E-06 -1.32881531864E+00 -7.80376873E-03
+43.26000E-06 +1.37269219011E+00 +5.70376881E-03
+43.27500E-06 -1.46389069408E+00 -5.39170846E-03
+43.29000E-06 +1.30515450231E+00 +2.80929648E-03
+43.30500E-06 -1.05866456769E+00 -1.53241202E-03
+43.32000E-06 +697.31531273E-03 -2.49723613E-03
+43.33500E-06 -248.21231498E-03 +4.25653264E-03
+43.35000E-06 -315.75000302E-03 -6.35653257E-03
+43.36500E-06 +764.85300076E-03 +6.66859292E-03
+43.38000E-06 -1.19373994329E+00 -8.76859284E-03
+43.39500E-06 +1.37269219015E+00 +6.18618086E-03
+43.41000E-06 -1.59896606948E+00 -6.83894462E-03
+43.42500E-06 +1.44022987779E+00 +3.29170853E-03
+43.44000E-06 -1.32881531856E+00 -1.53241202E-03
+43.45500E-06 +899.92837592E-03 -1.04999996E-03
+43.47000E-06 -450.82537814E-03 +3.29170853E-03
+43.48500E-06 -45.59925219E-03 -6.35653257E-03
+43.50000E-06 +494.70224997E-03 +6.18618087E-03
+43.51500E-06 -1.05866456789E+00 -8.28618079E-03
+43.53000E-06 +1.30515450247E+00 +8.11582908E-03
+43.54500E-06 -1.66650375724E+00 -7.80376873E-03
+43.56000E-06 +1.57530525319E+00 +5.22135675E-03
+43.57500E-06 -1.59896606936E+00 -2.97964818E-03
+43.59000E-06 +1.10254143911E+00 +397.23620E-06
+43.60500E-06 -720.97612905E-03 +2.32688442E-03
+43.62000E-06 +157.01381101E-03 -5.87412051E-03
+43.63500E-06 +292.08918681E-03 +6.66859292E-03
+43.65000E-06 -991.12688017E-03 -8.28618079E-03
+43.66500E-06 +1.30515450251E+00 +8.11582908E-03
+43.68000E-06 -1.59896606964E+00 -7.80376873E-03
+43.69500E-06 +1.71038062871E+00 +5.70376881E-03
+43.71000E-06 -1.66650375716E+00 -4.42688435E-03
+43.72500E-06 +1.30515450231E+00 +1.36206031E-03
+43.74000E-06 -1.05866456752E+00 +879.64826E-06
+43.75500E-06 +427.16456184E-03 -3.94447229E-03
+43.77000E-06 +89.47612366E-03 +6.18618086E-03
+43.78500E-06 -720.97612938E-03 -8.28618079E-03
+43.80000E-06 +1.17007912708E+00 +8.59824114E-03
+43.81500E-06 -1.66650375732E+00 -9.25100490E-03
+43.83000E-06 +1.71038062879E+00 +7.63341703E-03
+43.84500E-06 -1.86911682031E+00 -5.39170846E-03
+43.86000E-06 +1.50776756546E+00 +2.32688442E-03
+43.87500E-06 -1.32881531852E+00 +397.23620E-06
+43.89000E-06 +697.31531271E-03 -3.46206024E-03
+43.90500E-06 -113.13693949E-03 +5.70376881E-03
+43.92000E-06 -518.36306627E-03 -8.76859285E-03
+43.93500E-06 +1.10254143936E+00 +9.08065320E-03
+43.95000E-06 -1.59896606965E+00 -9.73341695E-03
+43.96500E-06 +1.84545600419E+00 +8.59824114E-03
+43.98000E-06 -2.00419219579E+00 -7.80376873E-03
+43.99500E-06 +1.84545600406E+00 +4.73894470E-03
+44.01000E-06 -1.59896606935E+00 -1.53241202E-03
+44.02500E-06 +967.46606363E-03 -2.01482407E-03
+44.04000E-06 -450.82537809E-03 +4.25653265E-03
+44.05500E-06 -315.75000307E-03 -8.28618079E-03
+44.07000E-06 +832.39068857E-03 +8.59824114E-03
+44.08500E-06 -1.53142838193E+00 -9.73341696E-03
+44.10000E-06 +1.84545600419E+00 +9.08065320E-03
+44.11500E-06 -2.07172988359E+00 -8.76859284E-03
+44.13000E-06 +1.98053137954E+00 +5.22135675E-03
+44.14500E-06 -1.80157913255E+00 -3.94447229E-03
+44.16000E-06 +1.30515450222E+00 -567.58791E-06
+44.17500E-06 -788.51381663E-03 +3.29170854E-03
+44.19000E-06 +21.93843552E-03 -6.83894463E-03
+44.20500E-06 +562.23993774E-03 +8.59824114E-03
+44.22000E-06 -1.32881531882E+00 -10.21582901E-03
+44.23500E-06 +1.77791831651E+00 +10.04547731E-03
+44.25000E-06 -2.20680525899E+00 -9.73341695E-03
+44.26500E-06 +2.11560675497E+00 +6.66859292E-03
+44.28000E-06 -2.07172988342E+00 -4.42688435E-03
+44.29500E-06 +1.64284294077E+00 +1.36206031E-03
+44.31000E-06 -1.12620225523E+00 +2.32688442E-03
+44.32500E-06 +427.16456174E-03 -6.35653257E-03
+44.34000E-06 +359.62687455E-03 +8.11582909E-03
+44.35500E-06 -1.05866456803E+00 -10.69824107E-03
+44.37000E-06 +1.64284294112E+00 +11.49271347E-03
+44.38500E-06 -2.20680525903E+00 -11.66306517E-03
+44.40000E-06 +2.25068213046E+00 +8.59824114E-03
+44.41500E-06 -2.27434294662E+00 -6.83894462E-03
+44.43000E-06 +1.91299369164E+00 +2.32688442E-03
+44.44500E-06 -1.46389069382E+00 +397.23620E-06
+44.46000E-06 +697.31531266E-03 -4.90929640E-03
+44.47500E-06 -45.59925172E-03 +7.63341703E-03
+44.49000E-06 -856.05150483E-03 -11.18065312E-03
+44.50500E-06 +1.44022987805E+00 +11.01030142E-03
+44.52000E-06 -2.07172988364E+00 -11.66306518E-03
+44.53500E-06 +2.31821981822E+00 +10.52788936E-03
+44.55000E-06 -2.40941832210E+00 -8.28618079E-03
+44.56500E-06 +2.18314444260E+00 +3.77412059E-03
+44.58000E-06 -1.80157913245E+00 -1.53241202E-03
+44.59500E-06 +1.03500375125E+00 -2.97964818E-03
+44.61000E-06 -383.28769027E-03 +7.15100498E-03
+44.62500E-06 -450.82537862E-03 -10.21582901E-03
+44.64000E-06 +1.23761681490E+00 +11.97512553E-03
+44.65500E-06 -1.93665450829E+00 -12.62788929E-03
+44.67000E-06 +2.31821981827E+00 +11.49271347E-03
+44.68500E-06 -2.54449369758E+00 -10.21582901E-03
+44.70000E-06 +2.31821981808E+00 +6.18618086E-03
+44.71500E-06 -2.07172988337E+00 -2.49723613E-03
+44.73000E-06 +1.37269218988E+00 -2.01482407E-03
+44.74500E-06 -720.97612885E-03 +5.22135676E-03
+44.76000E-06 -113.13694007E-03 -9.25100490E-03
+44.77500E-06 +899.92837640E-03 +11.01030142E-03
+44.79000E-06 -1.73404144519E+00 -12.62788929E-03
+44.80500E-06 +2.25068213059E+00 +12.45753758E-03
+44.82000E-06 -2.61203138535E+00 -11.66306517E-03
+44.83500E-06 +2.52083288129E+00 +8.59824114E-03
+44.85000E-06 -2.40941832191E+00 -3.94447229E-03
+44.86500E-06 +1.84545600387E+00 +397.23620E-06
+44.88000E-06 -1.12620225521E+00 +3.29170854E-03
+44.89500E-06 +224.55149852E-03 -8.28618079E-03
+44.91000E-06 +562.23993786E-03 +11.01030142E-03
+44.92500E-06 -1.46389069436E+00 -13.59271340E-03
+44.94000E-06 +2.11560675520E+00 +12.93994964E-03
+44.95500E-06 -2.61203138540E+00 -13.11030134E-03
+44.97000E-06 +2.65590825677E+00 +10.52788936E-03
+44.98500E-06 -2.61203138521E+00 -6.83894462E-03
+45.00000E-06 +2.18314444241E+00 +2.32688442E-03
+45.01500E-06 -1.59896606919E+00 +1.84447237E-03
+45.03000E-06 +629.77762487E-03 -6.35653257E-03
+45.04500E-06 +224.55149927E-03 +10.04547731E-03
+45.06000E-06 -1.26127763121E+00 -13.59271340E-03
+45.07500E-06 +1.98053137972E+00 +14.38718580E-03
+45.09000E-06 -2.61203138540E+00 -14.55753751E-03
+45.10500E-06 +2.72344594458E+00 +11.97512552E-03
+45.12000E-06 -2.94971982375E+00 -9.25100490E-03
+45.13500E-06 +2.52083288109E+00 +4.25653264E-03
+45.15000E-06 -1.93665450783E+00 +397.23620E-06
+45.16500E-06 +1.10254143885E+00 -4.90929641E-03
+45.18000E-06 -180.67462704E-03 +8.59824114E-03
+45.19500E-06 -856.05150499E-03 -13.11030134E-03
+45.21000E-06 +1.64284294132E+00 +14.86959786E-03
+45.22500E-06 -2.47695601010E+00 -15.03994956E-03
+45.24000E-06 +2.85852131997E+00 +13.90477375E-03
+45.25500E-06 -3.08479519924E+00 -11.18065312E-03
+45.27000E-06 +2.72344594434E+00 +6.18618086E-03
+45.28500E-06 -2.34188063414E+00 -2.01482407E-03
+45.30000E-06 +1.57530525288E+00 -3.46206024E-03
+45.31500E-06 -653.43844107E-03 +7.15100498E-03
+45.33000E-06 -450.82537869E-03 -12.14547723E-03
+45.34500E-06 +1.30515450278E+00 +13.90477375E-03
+45.36000E-06 -2.27434294695E+00 -15.52236162E-03
+45.37500E-06 +2.79098363235E+00 +14.86959786E-03
+45.39000E-06 -3.08479519938E+00 -12.62788928E-03
+45.40500E-06 +2.99359669522E+00 +8.59824114E-03
+45.42000E-06 -2.67956907278E+00 -4.90929640E-03
+45.43500E-06 +1.98053137919E+00 -567.58791E-06
+45.45000E-06 -1.12620225510E+00 +5.70376881E-03
+45.46500E-06 +89.47612296E-03 -11.18065312E-03
+45.48000E-06 +967.46606419E-03 +13.90477375E-03
+45.49500E-06 -2.00419219618E+00 -16.48718573E-03
+45.51000E-06 +2.65590825697E+00 +16.31683402E-03
+45.52500E-06 -3.21987057482E+00 -15.03994956E-03
+45.54000E-06 +3.26374744614E+00 +11.49271347E-03
+45.55500E-06 -3.01725751137E+00 -6.83894462E-03
+45.57000E-06 +2.38575750560E+00 +1.84447237E-03
+45.58500E-06 -1.53142838145E+00 +3.77412059E-03
+45.60000E-06 +494.70224932E-03 -8.76859285E-03
+45.61500E-06 +562.23993793E-03 +12.93994964E-03
+45.63000E-06 -1.66650375764E+00 -16.00477367E-03
+45.64500E-06 +2.45329519391E+00 +16.79924608E-03
+45.66000E-06 -3.15233288720E+00 -16.96959778E-03
+45.67500E-06 +3.33128513391E+00 +13.90477375E-03
+45.69000E-06 -3.35494595001E+00 -9.73341695E-03
+45.70500E-06 +2.79098363191E+00 +3.77412059E-03
+45.72000E-06 -2.07172988320E+00 +879.64826E-06
+45.73500E-06 +1.03500375102E+00 -7.32135668E-03
+45.75000E-06 -45.59925143E-03 +11.97512553E-03
+45.76500E-06 -1.26127763133E+00 -15.03994956E-03
+45.78000E-06 +2.18314444309E+00 +17.28165813E-03
+45.79500E-06 -3.01725751187E+00 -17.45200984E-03
+45.81000E-06 +3.33128513406E+00 +16.31683402E-03
+45.82500E-06 -3.55755901327E+00 -12.14547723E-03
+45.84000E-06 +3.12867207055E+00 +7.15100497E-03
+45.85500E-06 -2.54449369718E+00 -1.04999996E-03
+45.87000E-06 +1.57530525276E+00 -4.42688435E-03
+45.88500E-06 -450.82537779E-03 +10.04547731E-03
+45.90000E-06 -788.51381740E-03 -15.03994956E-03
+45.91500E-06 +1.84545600450E+00 +17.76407019E-03
+45.93000E-06 -2.81464444871E+00 -18.89924600E-03
+45.94500E-06 +3.33128513411E+00 +17.76407019E-03
+45.96000E-06 -3.76017207647E+00 -13.59271339E-03
+45.97500E-06 +3.39882282147E+00 +9.56306525E-03
+45.99000E-06 -2.94971982359E+00 -3.94447229E-03
+46.00500E-06 +2.04806906684E+00 -2.97964819E-03
+46.02000E-06 -1.05866456720E+00 +8.11582909E-03
+46.03500E-06 -248.21231571E-03 -13.11030134E-03
+46.05000E-06 +1.37269219063E+00 +16.79924608E-03
+46.06500E-06 -2.61203138561E+00 -19.38165806E-03
+46.08000E-06 +3.26374744645E+00 +19.21130635E-03
+46.09500E-06 -3.76017207657E+00 -16.00477367E-03
+46.11000E-06 +3.66897357240E+00 +12.45753758E-03
+46.12500E-06 -3.42248363762E+00 -6.35653257E-03
+46.14000E-06 +2.52083288092E+00 +879.64826E-06
+46.15500E-06 -1.53142838133E+00 +5.70376881E-03
+46.17000E-06 +224.55149842E-03 -11.66306518E-03
+46.18500E-06 +967.46606432E-03 +16.31683402E-03
+46.20000E-06 -2.13926757174E+00 -18.89924600E-03
+46.21500E-06 +3.12867207106E+00 +20.17613046E-03
+46.23000E-06 -3.76017207668E+00 -18.89924600E-03
+46.24500E-06 +3.80404894794E+00 +14.38718580E-03
+46.26000E-06 -3.69263438860E+00 -9.73341695E-03
+46.27500E-06 +2.99359669500E+00 +3.29170853E-03
+46.29000E-06 -2.13926757074E+00 +3.29170854E-03
+46.30500E-06 +832.39068783E-03 -9.73341696E-03
+46.32000E-06 +292.08918724E-03 +14.86959786E-03
+46.33500E-06 -1.80157913310E+00 -18.41683395E-03
+46.35000E-06 +2.72344594486E+00 +20.65854252E-03
+46.36500E-06 -3.69263438902E+00 -20.34648217E-03
+46.38000E-06 +3.93912432343E+00 +16.79924608E-03
+46.39500E-06 -4.03032282724E+00 -12.62788928E-03
+46.41000E-06 +3.46636050902E+00 +6.66859292E-03
+46.42500E-06 -2.67956907254E+00 -85.17585E-06
+46.44000E-06 +1.50776756491E+00 -6.83894463E-03
+46.45500E-06 -248.21231450E-03 +12.93994964E-03
+46.47000E-06 -1.19373994379E+00 -17.45200984E-03
+46.48500E-06 +2.38575750643E+00 +20.17613046E-03
+46.50000E-06 -3.49002132592E+00 -21.31130628E-03
+46.51500E-06 +3.93912432353E+00 +20.17613046E-03
+46.53000E-06 -4.23293589039E+00 -15.52236161E-03
+46.54500E-06 +3.80404894772E+00 +9.56306525E-03
+46.56000E-06 -3.21987057429E+00 -2.49723612E-03
+46.57500E-06 +2.04806906671E+00 -4.42688435E-03
+46.59000E-06 -856.05150397E-03 +10.52788936E-03
+46.60500E-06 -720.97612971E-03 -16.48718573E-03
+46.62000E-06 +1.91299369240E+00 +19.69371841E-03
+46.63500E-06 -3.15233288743E+00 -21.79371833E-03
+46.65000E-06 +3.87158663593E+00 +21.62336663E-03
+46.66500E-06 -4.30047357827E+00 -17.93442189E-03
+46.68000E-06 +4.07419969865E+00 +12.93994963E-03
+46.69500E-06 -3.69263438837E+00 -5.87412051E-03
+46.71000E-06 +2.65590825622E+00 -1.04999997E-03
+46.72500E-06 -1.46389069343E+00 +7.63341703E-03
+46.74000E-06 +21.93843508E-03 -14.55753751E-03
+46.75500E-06 +1.37269219071E+00 +19.69371841E-03
+46.77000E-06 -2.74710676129E+00 -22.75854244E-03
+46.78500E-06 +3.73651126055E+00 +22.58819074E-03
+46.80000E-06 -4.36801126610E+00 -20.82889422E-03
+46.81500E-06 +4.34435044958E+00 +15.83442196E-03
+46.83000E-06 -4.09786051473E+00 -8.76859284E-03
+46.84500E-06 +3.19620975802E+00 +2.32688442E-03
+46.86000E-06 -2.07172988295E+00 +4.73894470E-03
+46.87500E-06 +629.77762449E-03 -11.66306518E-03
+46.89000E-06 +764.85300130E-03 +18.72889430E-03
+46.90500E-06 -2.27434294732E+00 -21.79371833E-03
+46.92000E-06 +3.39882282201E+00 +23.55301485E-03
+46.93500E-06 -4.23293589078E+00 -22.27613039E-03
+46.95000E-06 +4.54696351279E+00 +18.72889430E-03
+46.96500E-06 -4.36801126577E+00 -12.62788928E-03
+46.98000E-06 +3.66897357216E+00 +5.70376881E-03
+46.99500E-06 -2.81464444785E+00 +2.32688443E-03
+47.01000E-06 +1.30515450167E+00 -8.76859285E-03
+47.02500E-06 +89.47612423E-03 +16.31683402E-03
+47.04000E-06 -1.73404144563E+00 -21.31130628E-03
+47.05500E-06 +2.99359669587E+00 +23.55301485E-03
+47.07000E-06 -4.09786051540E+00 -24.20577861E-03
+47.08500E-06 +4.54696351295E+00 +20.65854252E-03
+47.10000E-06 -4.63816201670E+00 -16.00477367E-03
+47.11500E-06 +4.14173738619E+00 +9.08065319E-03
+47.13000E-06 -3.35494594959E+00 -567.58790E-06
+47.14500E-06 +1.98053137885E+00 -5.87412052E-03
+47.16000E-06 -518.36306534E-03 +13.90477375E-03
+47.17500E-06 -1.05866456850E+00 -19.86407011E-03
+47.19000E-06 +2.52083288190E+00 +24.03542691E-03
+47.20500E-06 -3.76017207692E+00 -25.65301477E-03
+47.22000E-06 +4.47942582535E+00 +23.55301485E-03
+47.23500E-06 -4.77323739231E+00 -18.89924600E-03
+47.25000E-06 +4.47942582489E+00 +12.45753758E-03
+47.26500E-06 -3.82770976379E+00 -4.42688434E-03
+47.28000E-06 +2.58837056842E+00 -2.49723613E-03
+47.29500E-06 -1.19373994252E+00 +11.01030142E-03
+47.31000E-06 -383.28769138E-03 -17.45200984E-03
+47.32500E-06 +1.91299369255E+00 +23.07060279E-03
+47.34000E-06 -3.35494595073E+00 -25.65301477E-03
+47.35500E-06 +4.34435044991E+00 +25.96507512E-03
+47.37000E-06 -4.90831276774E+00 -21.79371833E-03
+47.38500E-06 +4.74957657588E+00 +15.83442196E-03
+47.40000E-06 -4.36801126553E+00 -7.32135668E-03
+47.41500E-06 +3.26374744561E+00 +879.64825E-06
+47.43000E-06 -1.93665450742E+00 +8.11582909E-03
+47.44500E-06 +292.08918586E-03 -15.03994956E-03
+47.46000E-06 +1.23761681542E+00 +21.14095458E-03
+47.47500E-06 -2.88218213676E+00 -25.17060272E-03
+47.49000E-06 +4.00666201161E+00 +26.44748718E-03
+47.50500E-06 -4.84077508014E+00 -24.20577861E-03
+47.52000E-06 +4.95218963909E+00 +20.17613046E-03
+47.53500E-06 -4.70569970424E+00 -11.66306517E-03
+47.55000E-06 +3.87158663513E+00 +5.22135675E-03
+47.56500E-06 -2.67956907226E+00 +4.73894470E-03
+47.58000E-06 +1.03500375070E+00 -12.14547723E-03
+47.59500E-06 +562.23993824E-03 +19.69371841E-03
+47.61000E-06 -2.27434294741E+00 -24.68819067E-03
+47.62500E-06 +3.60143588536E+00 +26.92989924E-03
+47.64000E-06 -4.70569970488E+00 -25.17060272E-03
+47.65500E-06 +5.01972732699E+00 +23.07060279E-03
+47.67000E-06 -5.04338814295E+00 -15.03994956E-03
+47.68500E-06 +4.34435044921E+00 +8.59824114E-03
+47.70000E-06 -3.28740826179E+00 +879.64826E-06
+47.71500E-06 +1.84545600326E+00 -8.76859285E-03
+47.73000E-06 -180.67462660E-03 +17.28165814E-03
+47.74500E-06 -1.59896607035E+00 -22.27613039E-03
+47.76000E-06 +3.12867207139E+00 +26.92989924E-03
+47.77500E-06 -4.36801126641E+00 -27.58266299E-03
+47.79000E-06 +5.08726501471E+00 +25.48266307E-03
+47.80500E-06 -5.24600120616E+00 -19.38165805E-03
+47.82000E-06 +4.74957657570E+00 +12.93994963E-03
+47.83500E-06 -3.89524745143E+00 -2.97964818E-03
+47.85000E-06 +2.52083288050E+00 -4.42688435E-03
+47.86500E-06 -923.58919144E-03 +13.90477375E-03
+47.88000E-06 -856.05150551E-03 -20.82889423E-03
+47.89500E-06 +2.45329519439E+00 +25.96507513E-03
+47.91000E-06 -3.96278514022E+00 -28.06507505E-03
+47.92500E-06 +4.95218963939E+00 +27.89472334E-03
+47.94000E-06 -5.31353889406E+00 -22.75854244E-03
+47.95500E-06 +5.08726501435E+00 +16.79924607E-03
+47.97000E-06 -4.50308664083E+00 -6.83894462E-03
+47.98500E-06 +3.19620975780E+00 -1.04999997E-03
+48.00000E-06 -1.66650375646E+00 +10.52788936E-03
+48.01500E-06 -113.13694055E-03 -17.93442190E-03
+48.03000E-06 +1.77791831727E+00 +24.51783896E-03
+48.04500E-06 -3.49002132625E+00 -27.58266300E-03
+48.06000E-06 +4.54696351332E+00 +28.37713540E-03
+48.07500E-06 -5.31353889412E+00 -25.17060272E-03
+48.09000E-06 +5.35741576534E+00 +20.65854251E-03
+48.10500E-06 -4.84077507960E+00 -11.18065312E-03
+48.12000E-06 +3.87158663498E+00 +2.80929647E-03
+48.13500E-06 -2.47695600902E+00 +7.15100498E-03
+48.15000E-06 +697.31531201E-03 -15.03994956E-03
+48.16500E-06 +1.03500375237E+00 +22.10577869E-03
+48.18000E-06 -2.88218213691E+00 -27.10025094E-03
+48.19500E-06 +4.14173738713E+00 +29.82437157E-03
+48.21000E-06 -5.24600120658E+00 -27.58266299E-03
+48.22500E-06 +5.42495345324E+00 +23.55301485E-03
+48.24000E-06 -5.24600120603E+00 -15.03994956E-03
+48.25500E-06 +4.34435044919E+00 +7.63341702E-03
+48.27000E-06 -3.15233288632E+00 +2.80929648E-03
+48.28500E-06 +1.50776756463E+00 -11.66306518E-03
+48.30000E-06 +292.08918747E-03 +19.21130636E-03
+48.31500E-06 -2.07172988447E+00 -25.65301478E-03
+48.33000E-06 +3.66897357323E+00 +29.82437157E-03
+48.34500E-06 -4.84077508046E+00 -29.02989916E-03
+48.36000E-06 +5.49249114096E+00 +26.44748718E-03
+48.37500E-06 -5.51615195703E+00 -18.41683394E-03
+48.39000E-06 +4.88465195106E+00 +11.97512552E-03
+48.40500E-06 -3.82770976356E+00 -1.04999996E-03
+48.42000E-06 +2.25068212959E+00 -7.32135668E-03
+48.43500E-06 -518.36306509E-03 +16.79924608E-03
+48.45000E-06 -1.39635300730E+00 -23.72336656E-03
+48.46500E-06 +2.99359669623E+00 +28.85954746E-03
+48.48000E-06 -4.50308664205E+00 -29.99472327E-03
+48.49500E-06 +5.35741576571E+00 +29.34195951E-03
+48.51000E-06 -5.71876502018E+00 -22.75854244E-03
+48.52500E-06 +5.28987807743E+00 +15.83442196E-03
+48.54000E-06 -4.50308664074E+00 -5.39170845E-03
+48.55500E-06 +3.06113438221E+00 -2.97964819E-03
+48.57000E-06 -1.39635300536E+00 +14.38718581E-03
+48.58500E-06 -585.90075468E-03 -20.82889423E-03
+48.60000E-06 +2.38575750671E+00 +26.92989924E-03
+48.61500E-06 -4.03032282809E+00 -29.99472327E-03
+48.63000E-06 +5.08726501496E+00 +30.78919567E-03
+48.64500E-06 -5.71876502043E+00 -25.65301477E-03
+48.66000E-06 +5.56002882843E+00 +19.69371840E-03
+48.67500E-06 -4.97585045496E+00 -9.25100489E-03
+48.69000E-06 +3.66897357173E+00 +1.84447236E-03
+48.70500E-06 -2.13926757032E+00 +10.04547731E-03
+48.72000E-06 +224.55149781E-03 -17.45200984E-03
+48.73500E-06 +1.57530525428E+00 +25.00025102E-03
+48.75000E-06 -3.35494595110E+00 -29.51231122E-03
+48.76500E-06 +4.74957657656E+00 +31.27160773E-03
+48.78000E-06 -5.65122733278E+00 -29.02989916E-03
+48.79500E-06 +5.83017957930E+00 +23.55301485E-03
+48.81000E-06 -5.38107658127E+00 -14.07512545E-03
+48.82500E-06 +4.41188813669E+00 +5.22135675E-03
+48.84000E-06 -3.01725751066E+00 +5.70376881E-03
+48.85500E-06 +1.03500375049E+00 -14.55753751E-03
+48.87000E-06 +764.85300166E-03 +22.58819074E-03
+48.88500E-06 -2.67956907398E+00 -28.06507505E-03
+48.90000E-06 +4.20927507494E+00 +31.27160773E-03
+48.91500E-06 -5.38107658216E+00 -30.47713532E-03
+48.93000E-06 +5.76264189184E+00 +26.92989923E-03
+48.94500E-06 -5.71876501998E+00 -17.45200983E-03
+48.96000E-06 +4.95218963850E+00 +10.04547730E-03
+48.97500E-06 -3.69263438797E+00 +1.36206032E-03
+48.99000E-06 +1.91299369083E+00 -10.21582902E-03
+49.00500E-06 -113.13693867E-03 +19.69371841E-03
+49.02000E-06 -1.93665450902E+00 -26.61783889E-03
+49.03500E-06 +3.60143588561E+00 +31.27160773E-03
+49.05000E-06 -5.11092583129E+00 -31.44195943E-03
+49.06500E-06 +5.76264189190E+00 +29.82437156E-03
+49.08000E-06 -5.85384039561E+00 -22.27613038E-03
+49.09500E-06 +5.35741576494E+00 +14.86959785E-03
+49.11000E-06 -4.36801126521E+00 -2.97964818E-03
+49.12500E-06 +2.79098363117E+00 -4.90929641E-03
+49.14000E-06 -923.58919129E-03 +15.83442197E-03
+49.15500E-06 -1.05866456888E+00 -24.20577861E-03
+49.17000E-06 +2.85852132091E+00 +29.34195951E-03
+49.18500E-06 -4.57062432974E+00 -32.40678355E-03
+49.20000E-06 +5.49249114122E+00 +31.27160773E-03
+49.21500E-06 -5.98891577125E+00 -25.65301477E-03
+49.23000E-06 +5.76264189138E+00 +18.72889429E-03
+49.24500E-06 -4.84077507943E+00 -7.80376873E-03
+49.26000E-06 +3.53389819619E+00 -1.53241202E-03
+49.27500E-06 -1.80157913162E+00 +11.97512553E-03
+49.29000E-06 -248.21231620E-03 -20.82889423E-03
+49.30500E-06 +2.11560675601E+00 +27.89472335E-03
+49.32000E-06 -3.96278514047E+00 -30.95954738E-03
+49.33500E-06 +5.08726501518E+00 +32.71884390E-03
+49.35000E-06 -5.98891577125E+00 -28.54748710E-03
+49.36500E-06 +5.89771726701E+00 +22.58819073E-03
+49.38000E-06 -5.44861426883E+00 -12.14547722E-03
+49.39500E-06 +4.14173738579E+00 +3.77412058E-03
+49.41000E-06 -2.67956907189E+00 +8.59824115E-03
+49.42500E-06 +629.77762407E-03 -16.96959779E-03
+49.44000E-06 +1.30515450339E+00 +25.96507513E-03
+49.45500E-06 -3.21987057564E+00 -29.99472327E-03
+49.47000E-06 +4.68203888894E+00 +33.20125595E-03
+49.48500E-06 -5.78630270829E+00 -30.95954738E-03
+49.50000E-06 +6.03279264251E+00 +25.96507512E-03
+49.51500E-06 -5.78630270769E+00 -16.96959778E-03
+49.53000E-06 +4.74957657532E+00 +8.11582908E-03
+49.54500E-06 -3.35494594927E+00 +3.77412059E-03
+49.56000E-06 +1.50776756441E+00 -12.62788929E-03
+49.57500E-06 +359.62687547E-03 +22.10577869E-03
+49.59000E-06 -2.47695601081E+00 -28.06507505E-03
+49.60500E-06 +4.07419969967E+00 +32.23643184E-03
+49.62000E-06 -5.38107658218E+00 -32.40678354E-03
+49.63500E-06 +5.96525495506E+00 +29.82437156E-03
+49.65000E-06 -5.98891577098E+00 -20.34648216E-03
+49.66500E-06 +5.22234038955E+00 +12.45753758E-03
+49.68000E-06 -4.03032282659E+00 -1.04999996E-03
+49.69500E-06 +2.31821981716E+00 -8.28618079E-03
+49.71000E-06 -518.36306486E-03 +18.72889430E-03
+49.72500E-06 -1.59896607060E+00 -25.65301478E-03
+49.74000E-06 +3.39882282256E+00 +30.78919568E-03
+49.75500E-06 -4.90831276836E+00 -32.88919560E-03
+49.77000E-06 +5.76264189211E+00 +32.71884389E-03
+49.78500E-06 -6.05645345890E+00 -25.17060271E-03
+49.80000E-06 +5.62756651585E+00 +17.28165813E-03
+49.81500E-06 -4.77323739149E+00 -5.39170845E-03
+49.83000E-06 +3.19620975743E+00 -3.46206024E-03
+49.84500E-06 -1.39635300520E+00 +14.86959786E-03
+49.86000E-06 -720.97613027E-03 -23.24095450E-03
+49.87500E-06 +2.52083288236E+00 +29.82437157E-03
+49.89000E-06 -4.36801126675E+00 -32.88919560E-03
+49.90500E-06 +5.49249114131E+00 +33.20125595E-03
+49.92000E-06 -6.05645345896E+00 -28.06507505E-03
+49.93500E-06 +5.89771726693E+00 +21.62336662E-03
+49.95000E-06 -5.24600120558E+00 -9.73341695E-03
+49.96500E-06 +3.87158663474E+00 +1.36206031E-03
+49.98000E-06 -2.20680525789E+00 +10.52788937E-03
+49.99500E-06 +224.55149772E-03 -18.89924601E-03
+50.01000E-06 +1.71038062981E+00 +27.41231129E-03
+50.02500E-06 -3.62509670205E+00 -31.92437149E-03
+50.04000E-06 +5.01972732748E+00 +34.16608006E-03
+50.05500E-06 -5.92137808373E+00 -30.95954738E-03
+50.07000E-06 +5.96525495485E+00 +25.48266306E-03
+50.08500E-06 -5.58368964438E+00 -15.03994956E-03
+50.10000E-06 +4.47942582427E+00 +5.70376880E-03
+50.11500E-06 -3.01725751050E+00 +6.18618087E-03
+50.13000E-06 +1.10254143798E+00 -15.03994957E-03
+50.14500E-06 +899.92837719E-03 +24.51783896E-03
+50.16000E-06 -2.88218213722E+00 -29.51231122E-03
+50.17500E-06 +4.41188813816E+00 +33.20125595E-03
+50.19000E-06 -5.71876502058E+00 -32.40678354E-03
+50.20500E-06 +6.03279264264E+00 +28.37713540E-03
+50.22000E-06 -5.85384039546E+00 -19.38165805E-03
+50.23500E-06 +5.08726501388E+00 +11.01030141E-03
+50.25000E-06 -3.76017207554E+00 +2.32688443E-03
+50.26500E-06 +1.84545600309E+00 -11.18065313E-03
+50.28000E-06 +21.93843686E-03 +21.14095458E-03
+50.29500E-06 -2.07172988468E+00 -27.10025094E-03
+50.31000E-06 +3.73651126112E+00 +32.23643184E-03
+50.32500E-06 -5.24600120683E+00 -32.88919560E-03
+50.34000E-06 +5.89771726735E+00 +30.78919567E-03
+50.35500E-06 -5.98891577103E+00 -22.75854244E-03
+50.37000E-06 +5.42495345268E+00 +15.35200991E-03
+50.38500E-06 -4.36801126514E+00 -2.97964818E-03
+50.40000E-06 +2.72344594343E+00 -5.39170847E-03
+50.41500E-06 -856.05150348E-03 +17.28165814E-03
+50.43000E-06 -1.19373994441E+00 -23.72336656E-03
+50.44500E-06 +2.99359669636E+00 +30.30678362E-03
+50.46000E-06 -4.70569970523E+00 -32.88919560E-03
+50.47500E-06 +5.62756651668E+00 +32.71884389E-03
+50.49000E-06 -6.12399114654E+00 -26.61783888E-03
+50.50500E-06 +5.76264189134E+00 +19.21130635E-03
+50.52000E-06 -4.90831276696E+00 -7.80376873E-03
+50.53500E-06 +3.33128513303E+00 -1.04999997E-03
+50.55000E-06 -1.73404144374E+00 +12.93994964E-03
+50.56500E-06 -315.75000408E-03 -20.82889423E-03
+50.58000E-06 +2.18314444381E+00 +27.89472335E-03
+50.59500E-06 -3.96278514061E+00 -32.40678355E-03
+50.61000E-06 +5.22234039059E+00 +33.68366801E-03
+50.62500E-06 -5.92137808367E+00 -29.51231121E-03
+50.64000E-06 +5.83017957927E+00 +23.07060279E-03
+50.65500E-06 -5.31353889348E+00 -12.62788928E-03
+50.67000E-06 +4.14173738565E+00 +2.80929647E-03
+50.68500E-06 -2.54449369650E+00 +8.11582909E-03
+50.70000E-06 +562.23993626E-03 -17.45200984E-03
+50.71500E-06 +1.37269219127E+00 +25.48266307E-03
+50.73000E-06 -3.35494595108E+00 -30.47713533E-03
+50.74500E-06 +4.68203888906E+00 +33.20125595E-03
+50.76000E-06 -5.71876502066E+00 -29.99472327E-03
+50.77500E-06 +5.89771726720E+00 +26.44748718E-03
+50.79000E-06 -5.65122733214E+00 -16.48718572E-03
+50.80500E-06 +4.61450119982E+00 +8.11582908E-03
+50.82000E-06 -3.28740826147E+00 +4.25653265E-03
+50.83500E-06 +1.44022987667E+00 -12.62788929E-03
+50.85000E-06 +427.16456328E-03 +22.58819074E-03
+50.86500E-06 -2.40941832331E+00 -28.06507505E-03
+50.88000E-06 +4.07419969960E+00 +32.23643184E-03
+50.89500E-06 -5.38107658214E+00 -31.92437149E-03
+50.91000E-06 +5.83017957963E+00 +29.82437156E-03
+50.92500E-06 -5.85384039544E+00 -20.34648216E-03
+50.94000E-06 +5.01972732627E+00 +12.45753758E-03
+50.95500E-06 -3.96278513873E+00 -567.58790E-06
+50.97000E-06 +2.18314444164E+00 -8.28618080E-03
+50.98500E-06 -383.28768940E-03 +18.72889430E-03
+51.00000E-06 -1.59896607069E+00 -25.65301478E-03
+51.01500E-06 +3.39882282263E+00 +30.30678362E-03
+51.03000E-06 -4.84077508061E+00 -31.92437149E-03
+51.04500E-06 +5.62756651662E+00 +31.75401978E-03
+51.06000E-06 -5.98891577095E+00 -24.20577860E-03
+51.07500E-06 +5.35741576508E+00 +17.76407018E-03
+51.09000E-06 -4.50308664054E+00 -4.90929640E-03
+51.10500E-06 +2.92605900661E+00 -3.94447230E-03
+51.12000E-06 -1.19373994202E+00 +14.38718581E-03
+51.13500E-06 -720.97613051E-03 -21.79371834E-03
+51.15000E-06 +2.58837057009E+00 +29.34195951E-03
+51.16500E-06 -4.23293589137E+00 -31.92437149E-03
+51.18000E-06 +5.28987807818E+00 +31.75401979E-03
+51.19500E-06 -5.78630270816E+00 -27.10025094E-03
+51.21000E-06 +5.56002882831E+00 +20.65854251E-03
+51.22500E-06 -4.90831276707E+00 -9.25100489E-03
+51.24000E-06 +3.53389819615E+00 +879.64825E-06
+51.25500E-06 -2.00419219464E+00 +11.01030142E-03
+51.27000E-06 +21.93843454E-03 -18.41683395E-03
+51.28500E-06 +1.77791831754E+00 +26.44748718E-03
+51.30000E-06 -3.55755901427E+00 -30.95954738E-03
+51.31500E-06 +4.81711426430E+00 +32.71884390E-03
+51.33000E-06 -5.65122733280E+00 -29.02989916E-03
+51.34500E-06 +5.69510420389E+00 +23.55301485E-03
+51.36000E-06 -5.24600120581E+00 -13.11030134E-03
+51.37500E-06 +4.14173738568E+00 +4.73894469E-03
+51.39000E-06 -2.81464444733E+00 +5.70376882E-03
+51.40500E-06 +899.92837488E-03 -14.55753751E-03
+51.42000E-06 +832.39068957E-03 +23.07060280E-03
+51.43500E-06 -2.81464444944E+00 -28.06507505E-03
+51.45000E-06 +4.27681276270E+00 +31.75401979E-03
+51.46500E-06 -5.24600120672E+00 -30.95954738E-03
+51.48000E-06 +5.62756651632E+00 +27.41231129E-03
+51.49500E-06 -5.51615195676E+00 -17.93442189E-03
+51.51000E-06 +4.61450119986E+00 +9.56306524E-03
+51.52500E-06 -3.42248363694E+00 +1.84447237E-03
+51.54000E-06 +1.64284293985E+00 -11.18065313E-03
+51.55500E-06 +89.47612459E-03 +19.69371841E-03
+51.57000E-06 -2.07172988454E+00 -25.65301478E-03
+51.58500E-06 +3.60143588567E+00 +30.30678362E-03
+51.60000E-06 -4.90831276828E+00 -30.47713532E-03
+51.61500E-06 +5.49249114111E+00 +28.85954745E-03
+51.63000E-06 -5.58368964463E+00 -21.79371833E-03
+51.64500E-06 +4.95218963868E+00 +13.90477374E-03
+51.66000E-06 -3.96278513876E+00 -2.97964818E-03
+51.67500E-06 +2.45329519247E+00 -4.90929641E-03
+51.69000E-06 -720.97612795E-03 +16.31683403E-03
+51.70500E-06 -1.26127763200E+00 -23.24095450E-03
+51.72000E-06 +2.85852132085E+00 +28.37713540E-03
+51.73500E-06 -4.36801126668E+00 -30.95954738E-03
+51.75000E-06 +5.15480270267E+00 +30.78919567E-03
+51.76500E-06 -5.58368964486E+00 -24.68819066E-03
+51.78000E-06 +5.22234038962E+00 +16.31683402E-03
+51.79500E-06 -4.36801126538E+00 -6.83894462E-03
+51.81000E-06 +3.06113438208E+00 -1.53241202E-03
+51.82500E-06 -1.46389069285E+00 +11.49271348E-03
+51.84000E-06 -450.82537946E-03 -19.86407012E-03
+51.85500E-06 +2.11560675610E+00 +26.44748718E-03
+51.87000E-06 -3.69263438966E+00 -29.51231122E-03
+51.88500E-06 +4.74957657652E+00 +30.78919567E-03
+51.90000E-06 -5.44861426957E+00 -26.61783888E-03
+51.91500E-06 +5.28987807757E+00 +22.10577868E-03
+51.93000E-06 -4.77323739169E+00 -11.18065311E-03
+51.94500E-06 +3.66897357154E+00 +2.80929647E-03
+51.96000E-06 -2.27434294554E+00 +8.59824115E-03
+51.97500E-06 +359.62687324E-03 -15.52236162E-03
+51.99000E-06 +1.30515450348E+00 +23.07060280E-03
+52.00500E-06 -3.01725751255E+00 -28.06507505E-03
+52.02000E-06 +4.27681276257E+00 +30.78919568E-03
+52.03500E-06 -5.11092583121E+00 -28.06507505E-03
+52.05000E-06 +5.28987807773E+00 +24.51783895E-03
+52.06500E-06 -4.97585045507E+00 -15.03994956E-03
+52.08000E-06 +4.14173738564E+00 +7.63341702E-03
+52.09500E-06 -2.88218213508E+00 +4.25653265E-03
+52.11000E-06 +1.10254143814E+00 -11.66306518E-03
+52.12500E-06 +427.16456323E-03 +20.17613047E-03
+52.14000E-06 -2.27434294773E+00 -25.65301478E-03
+52.15500E-06 +3.60143588562E+00 +29.82437157E-03
+52.17000E-06 -4.84077508034E+00 -29.02989916E-03
+52.18500E-06 +5.15480270237E+00 +25.96507512E-03
+52.20000E-06 -5.17846351830E+00 -18.41683394E-03
+52.21500E-06 +4.41188813683E+00 +11.97512552E-03
+52.23000E-06 -3.35494594934E+00 -567.58790E-06
+52.24500E-06 +1.91299369067E+00 -7.32135669E-03
+52.26000E-06 -180.67462639E-03 +16.79924608E-03
+52.27500E-06 -1.53142838291E+00 -23.24095450E-03
+52.29000E-06 +2.99359669623E+00 +27.89472335E-03
+52.30500E-06 -4.30047357883E+00 -29.51231121E-03
+52.32000E-06 +4.95218963929E+00 +27.89472334E-03
+52.33500E-06 -5.17846351846E+00 -21.31130627E-03
+52.35000E-06 +4.68203888778E+00 +14.38718580E-03
+52.36500E-06 -3.89524745109E+00 -4.90929640E-03
+52.38000E-06 +2.45329519266E+00 -3.46206024E-03
+52.39500E-06 -991.12687894E-03 +13.42236170E-03
+52.41000E-06 -788.51381793E-03 -19.86407012E-03
+52.42500E-06 +2.31821981913E+00 +25.48266307E-03
+52.44000E-06 -3.82770976488E+00 -28.54748711E-03
+52.45500E-06 +4.61450120094E+00 +27.89472334E-03
+52.47000E-06 -5.04338814318E+00 -23.72336655E-03
+52.48500E-06 +4.81711426345E+00 +18.24648224E-03
+52.50000E-06 -4.23293588983E+00 -8.76859284E-03
+52.51500E-06 +3.06113438212E+00 +879.64825E-06
+52.53000E-06 -1.73404144383E+00 +9.08065320E-03
+52.54500E-06 -45.59925303E-03 -16.48718573E-03
+52.56000E-06 +1.64284294195E+00 +23.55301485E-03
+52.57500E-06 -3.15233288786E+00 -27.10025094E-03
+52.59000E-06 +4.20927507471E+00 +28.37713540E-03
+52.60500E-06 -4.84077508011E+00 -25.65301477E-03
+52.62000E-06 +4.81711426361E+00 +20.65854251E-03
+52.63500E-06 -4.43554895323E+00 -12.14547722E-03
+52.65000E-06 +3.46636050859E+00 +4.25653264E-03
+52.66500E-06 -2.27434294566E+00 +4.73894471E-03
+52.68000E-06 +629.77762415E-03 -12.62788929E-03
+52.69500E-06 +832.39068949E-03 +19.69371841E-03
+52.71000E-06 -2.47695601084E+00 -24.68819067E-03
+52.72500E-06 +3.60143588556E+00 +27.41231129E-03
+52.74000E-06 -4.57062432931E+00 -26.61783888E-03
+52.75500E-06 +4.74957657605E+00 +23.07060279E-03
+52.77000E-06 -4.63816201646E+00 -15.52236161E-03
+52.78500E-06 +3.87158663497E+00 +8.11582908E-03
+52.80000E-06 -2.81464444756E+00 +1.84447237E-03
+52.81500E-06 +1.30515450133E+00 -9.25100491E-03
+52.83000E-06 +157.01381231E-03 +17.76407019E-03
+52.84500E-06 -1.73404144594E+00 -22.27613039E-03
+52.86000E-06 +3.06113438382E+00 +25.48266307E-03
+52.87500E-06 -4.09786051561E+00 -26.61783888E-03
+52.89000E-06 +4.61450120078E+00 +24.03542690E-03
+52.90500E-06 -4.63816201670E+00 -18.41683394E-03
+52.92000E-06 +4.14173738593E+00 +11.97512552E-03
+52.93500E-06 -3.21987057403E+00 -2.49723612E-03
+52.95000E-06 +1.91299369088E+00 -4.42688435E-03
+52.96500E-06 -585.90075258E-03 +13.42236170E-03
+52.98000E-06 -1.12620225639E+00 -19.38165806E-03
+52.99500E-06 +2.45329519444E+00 +24.51783896E-03
+53.01000E-06 -3.62509670166E+00 -25.65301477E-03
+53.02500E-06 +4.27681276235E+00 +25.96507512E-03
+53.04000E-06 -4.63816201670E+00 -19.38165805E-03
+53.05500E-06 +4.20927507397E+00 +14.86959785E-03
+53.07000E-06 -3.55755901279E+00 -5.39170845E-03
+53.08500E-06 +2.45329519270E+00 -1.53241202E-03
+53.10000E-06 -1.19373994213E+00 +10.04547731E-03
+53.11500E-06 -315.75000402E-03 -16.48718573E-03
+53.13000E-06 +1.77791831734E+00 +22.10577869E-03
+53.14500E-06 -3.15233288772E+00 -25.17060272E-03
+53.16000E-06 +3.93912432376E+00 +25.00025101E-03
+53.17500E-06 -4.43554895371E+00 -22.27613038E-03
+53.19000E-06 +4.34435044941E+00 +18.24648224E-03
+53.20500E-06 -3.82770976366E+00 -9.25100490E-03
+53.22000E-06 +2.92605900681E+00 +2.80929647E-03
+53.23500E-06 -1.73404144395E+00 +6.66859292E-03
+53.25000E-06 +224.55149789E-03 -12.62788929E-03
+53.26500E-06 +1.10254144024E+00 +19.69371841E-03
+53.28000E-06 -2.61203138597E+00 -22.75854245E-03
+53.29500E-06 +3.46636050998E+00 +25.00025101E-03
+53.31000E-06 -4.16539820300E+00 -22.75854244E-03
+53.32500E-06 +4.20927507430E+00 +19.69371840E-03
+53.34000E-06 -4.09786051461E+00 -12.62788928E-03
+53.35500E-06 +3.26374744557E+00 +6.18618086E-03
+53.37000E-06 -2.20680525815E+00 +3.29170854E-03
+53.38500E-06 +764.85299972E-03 -9.73341696E-03
+53.40000E-06 +427.16456314E-03 +16.31683403E-03
+53.41500E-06 -1.93665450896E+00 -20.82889422E-03
+53.43000E-06 +2.92605900840E+00 +23.55301485E-03
+53.44500E-06 -3.82770976458E+00 -23.72336655E-03
+53.46000E-06 +4.14173738658E+00 +20.65854252E-03
+53.47500E-06 -4.09786051486E+00 -15.52236161E-03
+53.49000E-06 +3.46636050889E+00 +8.59824114E-03
+53.50500E-06 -2.67956907218E+00 -567.58790E-06
+53.52000E-06 +1.44022987690E+00 -5.87412052E-03
+53.53500E-06 -113.13693877E-03 +13.90477375E-03
+53.55000E-06 -1.26127763186E+00 -18.89924601E-03
+53.56500E-06 +2.38575750674E+00 +22.58819074E-03
+53.58000E-06 -3.42248363844E+00 -23.72336655E-03
+53.59500E-06 +3.93912432351E+00 +22.58819074E-03
+53.61000E-06 -4.09786051486E+00 -16.96959778E-03
+53.62500E-06 +3.66897357213E+00 +11.49271347E-03
+53.64000E-06 -2.94971982330E+00 -3.46206023E-03
+53.65500E-06 +1.84545600338E+00 -3.46206024E-03
+53.67000E-06 -720.97612815E-03 +10.52788936E-03
+53.68500E-06 -653.43844248E-03 -16.48718573E-03
+53.70000E-06 +1.84545600491E+00 +20.17613047E-03
+53.71500E-06 -2.94971982450E+00 -23.24095450E-03
+53.73000E-06 +3.53389819746E+00 +22.58819074E-03
+53.74500E-06 -3.96278513968E+00 -18.41683394E-03
+53.76000E-06 +3.73651125993E+00 +14.38718580E-03
+53.77500E-06 -3.21987057426E+00 -6.83894462E-03
+53.79000E-06 +2.31821981731E+00 +397.23620E-06
+53.80500E-06 -1.26127763007E+00 +7.15100498E-03
+53.82000E-06 -113.13694065E-03 -13.11030134E-03
+53.83500E-06 +1.30515450325E+00 +18.72889430E-03
+53.85000E-06 -2.54449369819E+00 -20.82889422E-03
+53.86500E-06 +3.19620975895E+00 +21.62336663E-03
+53.88000E-06 -3.76017207661E+00 -20.34648216E-03
+53.89500E-06 +3.73651126010E+00 +15.83442196E-03
+53.91000E-06 -3.42248363750E+00 -9.73341695E-03
+53.92500E-06 +2.65590825616E+00 +2.80929647E-03
+53.94000E-06 -1.66650375637E+00 +4.25653265E-03
+53.95500E-06 +427.16456109E-03 -10.21582902E-03
+53.97000E-06 +697.31531388E-03 +15.35200992E-03
+53.98500E-06 -1.93665450889E+00 -19.38165806E-03
+54.00000E-06 +2.85852132045E+00 +21.14095457E-03
+54.01500E-06 -3.55755901345E+00 -20.34648217E-03
+54.03000E-06 +3.66897357247E+00 +17.76407018E-03
+54.04500E-06 -3.49002132539E+00 -12.14547723E-03
+54.06000E-06 +2.85852131932E+00 +6.18618086E-03
+54.07500E-06 -2.07172988285E+00 +1.36206032E-03
+54.09000E-06 +899.92837529E-03 -6.83894463E-03
+54.10500E-06 +224.55149976E-03 +12.93994964E-03
+54.12000E-06 -1.39635300715E+00 -17.45200984E-03
+54.13500E-06 +2.31821981879E+00 +19.69371841E-03
+54.15000E-06 -3.21987057512E+00 -20.82889422E-03
+54.16500E-06 +3.53389819711E+00 +18.24648224E-03
+54.18000E-06 -3.49002132547E+00 -14.55753750E-03
+54.19500E-06 +3.06113438256E+00 +9.08065319E-03
+54.21000E-06 -2.47695600908E+00 -1.53241201E-03
+54.22500E-06 +1.37269218932E+00 -3.94447230E-03
+54.24000E-06 -315.75000198E-03 +10.52788936E-03
+54.25500E-06 -923.58919312E-03 -15.52236162E-03
+54.27000E-06 +1.91299369248E+00 +18.72889430E-03
+54.28500E-06 -2.81464444881E+00 -20.34648217E-03
+54.30000E-06 +3.19620975870E+00 +19.21130635E-03
+54.31500E-06 -3.49002132556E+00 -16.00477367E-03
+54.33000E-06 +3.12867207045E+00 +11.49271347E-03
+54.34500E-06 -2.67956907240E+00 -4.90929640E-03
+54.36000E-06 +1.77791831563E+00 -1.53241202E-03
+54.37500E-06 -856.05150373E-03 +8.11582909E-03
+54.39000E-06 -383.28769138E-03 -12.62788929E-03
+54.40500E-06 +1.44022987845E+00 +16.31683402E-03
+54.42000E-06 -2.34188063496E+00 -19.38165806E-03
+54.43500E-06 +2.92605900791E+00 +19.21130635E-03
+54.45000E-06 -3.28740826249E+00 -16.96959778E-03
+54.46500E-06 +3.12867207062E+00 +12.45753758E-03
+54.48000E-06 -2.88218213573E+00 -6.83894462E-03
+54.49500E-06 +2.04806906668E+00 +1.36206031E-03
+54.51000E-06 -1.19373994249E+00 +5.22135676E-03
+54.52500E-06 +89.47612265E-03 -9.73341696E-03
+54.54000E-06 +899.92837679E-03 +14.38718580E-03
+54.55500E-06 -1.86911682111E+00 -17.45200984E-03
+54.57000E-06 +2.58837056950E+00 +18.24648224E-03
+54.58500E-06 -3.01725751188E+00 -17.45200984E-03
+54.60000E-06 +3.06113438299E+00 +14.38718580E-03
+54.61500E-06 -3.01725751117E+00 -9.25100490E-03
+54.63000E-06 +2.31821981764E+00 +4.25653264E-03
+54.64500E-06 -1.59896606880E+00 +1.84447237E-03
+54.66000E-06 +562.23993667E-03 -7.80376874E-03
+54.67500E-06 +427.16456277E-03 +12.45753758E-03
+54.69000E-06 -1.46389069480E+00 -16.00477367E-03
+54.70500E-06 +2.18314444319E+00 +17.28165813E-03
+54.72000E-06 -2.88218213636E+00 -17.45200984E-03
+54.73500E-06 +2.99359669536E+00 +15.35200991E-03
+54.75000E-06 -2.94971982363E+00 -10.69824106E-03
+54.76500E-06 +2.45329519316E+00 +6.18618086E-03
+54.78000E-06 -1.86911681967E+00 -1.04999996E-03
+54.79500E-06 +967.46606298E-03 -4.90929641E-03
+54.81000E-06 -45.59925126E-03 +10.04547731E-03
+54.82500E-06 -991.12688077E-03 -14.07512545E-03
+54.84000E-06 +1.77791831688E+00 +16.31683402E-03
+54.85500E-06 -2.47695601032E+00 -17.45200984E-03
+54.87000E-06 +2.79098363230E+00 +16.31683402E-03
+54.88500E-06 -2.94971982381E+00 -12.62788928E-03
+54.90000E-06 +2.52083288106E+00 +7.63341703E-03
+54.91500E-06 -2.13926757073E+00 -2.97964818E-03
+54.93000E-06 +1.23761681413E+00 -2.01482408E-03
+54.94500E-06 -450.82537766E-03 +7.63341703E-03
+54.96000E-06 -585.90075447E-03 -11.66306518E-03
+54.97500E-06 +1.37269219075E+00 +13.90477375E-03
+54.99000E-06 -2.20680525935E+00 -16.48718573E-03
+55.00500E-06 +2.58837056923E+00 +15.83442197E-03
+55.02000E-06 -2.81464444837E+00 -13.59271339E-03
+55.03500E-06 +2.65590825640E+00 +9.56306525E-03
+55.05000E-06 -2.27434294625E+00 -4.42688435E-03
+55.06500E-06 +1.57530525272E+00 +397.23620E-06
+55.08000E-06 -856.05150388E-03 +5.22135676E-03
+55.09500E-06 -113.13694044E-03 -9.25100490E-03
+55.11000E-06 +899.92837681E-03 +12.93994964E-03
+55.12500E-06 -1.80157913314E+00 -15.03994956E-03
+55.14000E-06 +2.25068213082E+00 +15.35200991E-03
+55.15500E-06 -2.61203138549E+00 -14.07512545E-03
+55.17000E-06 +2.52083288124E+00 +11.49271347E-03
+55.18500E-06 -2.40941832169E+00 -7.32135667E-03
+55.20000E-06 +1.77791831587E+00 +2.80929647E-03
+55.21500E-06 -1.12620225484E+00 +2.80929648E-03
+55.23000E-06 +224.55149824E-03 -6.83894463E-03
+55.24500E-06 +494.70225050E-03 +11.01030142E-03
+55.26000E-06 -1.46389069464E+00 -14.07512545E-03
+55.27500E-06 +1.91299369223E+00 +14.38718580E-03
+55.29000E-06 -2.47695600996E+00 -14.55753751E-03
+55.30500E-06 +2.52083288124E+00 +11.49271347E-03
+55.32000E-06 -2.40941832196E+00 -8.76859284E-03
+55.33500E-06 +1.91299369149E+00 +4.25653264E-03
+55.35000E-06 -1.39635300571E+00 +397.23621E-06
+55.36500E-06 +562.23993693E-03 -5.39170846E-03
+55.38000E-06 +157.01381182E-03 +8.59824114E-03
+55.39500E-06 -991.12688070E-03 -12.14547723E-03
+55.41000E-06 +1.64284294145E+00 +13.90477375E-03
+55.42500E-06 -2.20680525927E+00 -14.55753750E-03
+55.44000E-06 +2.31821981827E+00 +11.97512552E-03
+55.45500E-06 -2.47695600958E+00 -9.73341695E-03
+55.47000E-06 +2.11560675464E+00 +6.18618086E-03
+55.48500E-06 -1.59896606915E+00 -1.04999996E-03
+55.50000E-06 +832.39068770E-03 -2.49723613E-03
+55.51500E-06 -248.21231449E-03 +7.15100498E-03
+55.53000E-06 -720.97612964E-03 -10.69824107E-03
+55.54500E-06 +1.30515450277E+00 +12.45753758E-03
+55.56000E-06 -1.86911682077E+00 -13.11030134E-03
+55.57500E-06 +2.18314444283E+00 +12.45753758E-03
+55.59000E-06 -2.34188063433E+00 -10.69824106E-03
+55.60500E-06 +2.11560675474E+00 +7.15100497E-03
+55.62000E-06 -1.80157913221E+00 -3.46206023E-03
+55.63500E-06 +1.17007912639E+00 -567.58791E-06
+55.65000E-06 -518.36306536E-03 +5.22135676E-03
+55.66500E-06 -248.21231580E-03 -8.28618079E-03
+55.68000E-06 +967.46606417E-03 +11.01030142E-03
+55.69500E-06 -1.66650375752E+00 -13.11030134E-03
+55.71000E-06 +1.91299369214E+00 +12.45753758E-03
+55.72500E-06 -2.20680525908E+00 -11.18065312E-03
+55.74000E-06 +2.11560675483E+00 +8.59824114E-03
+55.75500E-06 -1.86911682011E+00 -4.90929640E-03
+55.77000E-06 +1.30515450192E+00 +879.64825E-06
+55.78500E-06 -720.97612870E-03 +2.80929648E-03
+55.80000E-06 -45.59925255E-03 -7.32135668E-03
+55.81500E-06 +562.23993805E-03 +10.04547731E-03
+55.83000E-06 -1.26127763140E+00 -12.14547723E-03
+55.84500E-06 +1.71038062899E+00 +11.49271347E-03
+55.86000E-06 -2.07172988365E+00 -11.66306517E-03
+55.87500E-06 +2.04806906720E+00 +9.56306525E-03
+55.89000E-06 -1.93665450783E+00 -6.35653257E-03
+55.90500E-06 +1.44022987754E+00 +2.32688442E-03
+55.92000E-06 -991.12687967E-03 +1.84447237E-03
+55.93500E-06 +224.55149851E-03 -5.39170846E-03
+55.95000E-06 +292.08918709E-03 +8.11582909E-03
+55.96500E-06 -1.05866456815E+00 -11.18065312E-03
+55.98000E-06 +1.44022987821E+00 +11.01030142E-03
+55.99500E-06 -1.86911682049E+00 -11.66306517E-03
+56.01000E-06 +1.91299369186E+00 +10.04547730E-03
+56.02500E-06 -1.93665450792E+00 -7.80376873E-03
+56.04000E-06 +1.50776756526E+00 +4.25653264E-03
+56.05500E-06 -1.26127763044E+00 -567.58790E-06
+56.07000E-06 +562.23993700E-03 -3.46206024E-03
+56.08500E-06 +21.93843621E-03 +6.66859292E-03
+56.10000E-06 -653.43844194E-03 -10.21582901E-03
+56.11500E-06 +1.17007912724E+00 +10.52788936E-03
+56.13000E-06 -1.66650375743E+00 -11.66306518E-03
+56.14500E-06 +1.77791831652E+00 +9.56306525E-03
+56.16000E-06 -1.86911682030E+00 -8.28618079E-03
+56.17500E-06 +1.57530525317E+00 +5.22135675E-03
+56.19000E-06 -1.32881531835E+00 -2.01482407E-03
+56.20500E-06 +764.85300025E-03 -2.01482408E-03
+56.22000E-06 -248.21231466E-03 +4.73894470E-03
+56.23500E-06 -383.28769116E-03 -7.80376874E-03
+56.25000E-06 +899.92837647E-03 +9.08065320E-03
+56.26500E-06 -1.39635300665E+00 -11.18065312E-03
+56.28000E-06 +1.57530525336E+00 +10.04547730E-03
+56.29500E-06 -1.80157913268E+00 -8.76859284E-03
+56.31000E-06 +1.64284294079E+00 +6.66859292E-03
+56.32500E-06 -1.46389069369E+00 -3.46206024E-03
+56.34000E-06 +967.46606331E-03 -85.17585E-06
+56.35500E-06 -450.82537791E-03 +3.77412059E-03
+56.37000E-06 -180.67462781E-03 -7.32135668E-03
+56.38500E-06 +629.77762559E-03 +7.63341703E-03
+56.40000E-06 -1.19373994350E+00 -10.21582901E-03
+56.41500E-06 +1.37269219040E+00 +9.56306525E-03
+56.43000E-06 -1.66650375724E+00 -9.73341695E-03
+56.44500E-06 +1.64284294079E+00 +6.66859292E-03
+56.46000E-06 -1.46389069389E+00 -5.39170846E-03
+56.47500E-06 +1.03500375122E+00 +879.64826E-06
+56.49000E-06 -720.97612869E-03 +1.84447237E-03
+56.50500E-06 +89.47612296E-03 -5.87412051E-03
+56.52000E-06 +359.62687482E-03 +6.66859292E-03
+56.53500E-06 -991.12688025E-03 -9.25100490E-03
+56.55000E-06 +1.17007912725E+00 +9.08065319E-03
+56.56500E-06 -1.53142838190E+00 -9.73341695E-03
+56.58000E-06 +1.50776756555E+00 +6.66859292E-03
+56.59500E-06 -1.53142838170E+00 -5.87412051E-03
+56.61000E-06 +1.10254143904E+00 +1.84447237E-03
+56.62500E-06 -923.58919184E-03 +397.23621E-06
+56.64000E-06 +292.08918612E-03 -3.46206024E-03
+56.65500E-06 +157.01381157E-03 +5.22135676E-03
+56.67000E-06 -653.43844185E-03 -8.28618079E-03
+56.68500E-06 +967.46606419E-03 +8.59824114E-03
+56.70000E-06 -1.39635300656E+00 -9.25100490E-03
+56.71500E-06 +1.44022987793E+00 +7.63341703E-03
+56.73000E-06 -1.46389069398E+00 -6.35653257E-03
+56.74500E-06 +1.23761681447E+00 +3.29170853E-03
+56.76000E-06 -991.12687985E-03 -1.04999996E-03
+56.77500E-06 +427.16456175E-03 -2.01482408E-03
+56.79000E-06 -113.13693931E-03 +4.73894470E-03
+56.80500E-06 -450.82537870E-03 -6.83894463E-03
+56.82000E-06 +832.39068866E-03 +7.63341703E-03
+56.83500E-06 -1.19373994341E+00 -8.76859284E-03
+56.85000E-06 +1.30515450249E+00 +7.15100497E-03
+56.86500E-06 -1.39635300636E+00 -6.83894462E-03
+56.88000E-06 +1.23761681447E+00 +3.77412059E-03
+56.89500E-06 -1.05866456757E+00 -2.01482407E-03
+56.91000E-06 +629.77762490E-03 -567.58791E-06
+56.92500E-06 -315.75000236E-03 +3.29170854E-03
+56.94000E-06 -248.21231544E-03 -5.39170846E-03
+56.95500E-06 +562.23993778E-03 +7.15100497E-03
+56.97000E-06 -991.12688035E-03 -8.28618079E-03
+56.98500E-06 +1.17007912705E+00 +6.66859292E-03
+57.00000E-06 -1.32881531864E+00 -6.83894462E-03
+57.01500E-06 +1.17007912685E+00 +5.22135675E-03
+57.03000E-06 -1.12620225529E+00 -3.46206024E-03
+57.04500E-06 +697.31531272E-03 +397.23620E-06
+57.06000E-06 -450.82537790E-03 +1.36206032E-03
+57.07500E-06 -45.59925239E-03 -3.94447230E-03
+57.09000E-06 +359.62687463E-03 +5.22135676E-03
+57.10500E-06 -856.05150481E-03 -7.80376874E-03
+57.12000E-06 +1.03500375162E+00 +7.15100497E-03
+57.13500E-06 -1.26127763093E+00 -7.80376873E-03
+57.15000E-06 +1.23761681457E+00 +5.70376881E-03
+57.16500E-06 -1.12620225539E+00 -3.94447229E-03
+57.18000E-06 +832.39068816E-03 +1.36206031E-03
+57.19500E-06 -518.36306582E-03 -85.17585E-06
+57.21000E-06 +89.47612315E-03 -3.46206024E-03
+57.22500E-06 +224.55149909E-03 +4.73894470E-03
+57.24000E-06 -653.43844166E-03 -6.35653257E-03
+57.25500E-06 +832.39068866E-03 +6.66859292E-03
+57.27000E-06 -1.12620225559E+00 -7.32135668E-03
+57.28500E-06 +1.17007912675E+00 +5.70376881E-03
+57.30000E-06 -1.19373994300E+00 -4.90929640E-03
+57.31500E-06 +899.92837588E-03 +1.84447237E-03
+57.33000E-06 -720.97612887E-03 -85.17585E-06
+57.34500E-06 +292.08918620E-03 -1.53241202E-03
+57.36000E-06 +21.93843594E-03 +3.77412059E-03
+57.37500E-06 -450.82537850E-03 -5.39170846E-03
+57.39000E-06 +697.31531323E-03 +6.66859292E-03
+57.40500E-06 -923.58919253E-03 -6.83894462E-03
+57.42000E-06 +1.03500375162E+00 +5.70376881E-03
+57.43500E-06 -1.12620225549E+00 -5.39170846E-03
+57.45000E-06 +899.92837587E-03 +3.29170853E-03
+57.46500E-06 -720.97612897E-03 -1.53241201E-03
+57.48000E-06 +359.62687402E-03 -1.04999996E-03
+57.49500E-06 -180.67462712E-03 +2.80929648E-03
+57.51000E-06 -315.75000317E-03 -4.90929640E-03
+57.52500E-06 +494.70225007E-03 +5.22135675E-03
+57.54000E-06 -856.05150471E-03 -6.35653257E-03
+57.55500E-06 +967.46606380E-03 +5.22135675E-03
+57.57000E-06 -1.05866456777E+00 -5.39170846E-03
+57.58500E-06 +899.92837598E-03 +3.29170853E-03
+57.60000E-06 -788.51381679E-03 -2.01482407E-03
+57.61500E-06 +494.70224946E-03 -85.17585E-06
+57.63000E-06 -315.75000255E-03 +1.84447237E-03
+57.64500E-06 -180.67462753E-03 -3.94447230E-03
+57.66000E-06 +359.62687464E-03 +4.25653264E-03
+57.67500E-06 -653.43844176E-03 -5.39170846E-03
+57.69000E-06 +764.85300085E-03 +5.22135675E-03
+57.70500E-06 -923.58919243E-03 -5.87412051E-03
+57.72000E-06 +832.39068826E-03 +3.77412059E-03
+57.73500E-06 -856.05150451E-03 -2.97964818E-03
+57.75000E-06 +494.70224977E-03 +397.23620E-06
+57.76500E-06 -315.75000265E-03 +879.64826E-06
+57.78000E-06 +21.93843553E-03 -3.46206024E-03
+57.79500E-06 +224.55149899E-03 +3.77412059E-03
+57.81000E-06 -585.90075384E-03 -5.87412051E-03
+57.82500E-06 +697.31531303E-03 +4.25653264E-03
+57.84000E-06 -923.58919243E-03 -5.39170846E-03
+57.85500E-06 +832.39068836E-03 +3.77412059E-03
+57.87000E-06 -856.05150451E-03 -3.46206024E-03
+57.88500E-06 +629.77762499E-03 +1.36206031E-03
+57.90000E-06 -518.36306571E-03 -567.58791E-06
+57.91500E-06 +157.01381086E-03 -1.53241202E-03
+57.93000E-06 +89.47612366E-03 +2.80929648E-03
+57.94500E-06 -383.28769079E-03 -4.42688435E-03
+57.96000E-06 +562.23993759E-03 +4.73894470E-03
+57.97500E-06 -788.51381700E-03 -4.90929640E-03
+57.99000E-06 +764.85300075E-03 +3.77412059E-03
+58.00500E-06 -788.51381689E-03 -3.46206024E-03
+58.02000E-06 +697.31531282E-03 +1.36206031E-03
+58.03500E-06 -518.36306591E-03 -567.58791E-06
+58.05000E-06 +292.08918629E-03 -1.53241202E-03
+58.06500E-06 -45.59925178E-03 +2.32688442E-03
+58.08000E-06 -315.75000307E-03 -3.94447229E-03
+58.09500E-06 +427.16456215E-03 +4.25653264E-03
+58.11000E-06 -720.97612917E-03 -4.42688435E-03
+58.12500E-06 +697.31531292E-03 +4.25653264E-03
+58.14000E-06 -788.51381689E-03 -4.42688435E-03
+58.15500E-06 +629.77762510E-03 +2.32688442E-03
+58.17000E-06 -653.43844114E-03 -1.04999996E-03
+58.18500E-06 +292.08918640E-03 -567.58791E-06
+58.20000E-06 -180.67462721E-03 +1.36206032E-03
+58.21500E-06 -180.67462763E-03 -3.46206024E-03
+58.23000E-06 +292.08918682E-03 +4.25653264E-03
+58.24500E-06 -585.90075395E-03 -4.90929640E-03
+58.26000E-06 +697.31531292E-03 +3.29170853E-03
+58.27500E-06 -788.51381679E-03 -4.42688435E-03
+58.29000E-06 +562.23993748E-03 +2.80929648E-03
+58.30500E-06 -585.90075374E-03 -2.49723613E-03
+58.32000E-06 +359.62687422E-03 +397.23620E-06
+58.33500E-06 -248.21231493E-03 +879.64826E-06
+58.35000E-06 -45.59925220E-03 -2.49723613E-03
+58.36500E-06 +157.01381138E-03 +2.80929648E-03
+58.38000E-06 -450.82537830E-03 -4.90929640E-03
+58.39500E-06 +494.70224987E-03 +3.77412059E-03
+58.41000E-06 -720.97612907E-03 -4.42688435E-03
+58.42500E-06 +629.77762520E-03 +2.32688442E-03
+58.44000E-06 -585.90075374E-03 -2.49723613E-03
+58.45500E-06 +427.16456194E-03 +397.23620E-06
+58.47000E-06 -315.75000265E-03 +397.23620E-06
+58.48500E-06 +89.47612324E-03 -1.53241202E-03
+58.50000E-06 +89.47612356E-03 +1.84447237E-03
+58.51500E-06 -315.75000307E-03 -3.46206024E-03
+58.53000E-06 +427.16456215E-03 +3.29170853E-03
+58.54500E-06 -653.43844135E-03 -4.42688435E-03
+58.56000E-06 +629.77762510E-03 +2.32688442E-03
+58.57500E-06 -585.90075374E-03 -2.49723613E-03
+58.59000E-06 +427.16456194E-03 +879.64826E-06
+58.60500E-06 -383.28769047E-03 -85.17585E-06
+58.62000E-06 +89.47612334E-03 -2.01482407E-03
+58.63500E-06 +21.93843595E-03 +1.84447237E-03
+58.65000E-06 -248.21231536E-03 -2.97964818E-03
+58.66500E-06 +359.62687444E-03 +2.80929648E-03
+58.68000E-06 -518.36306613E-03 -3.94447229E-03
+58.69500E-06 +427.16456226E-03 +2.80929648E-03
+58.71000E-06 -585.90075374E-03 -2.49723613E-03
+58.72500E-06 +427.16456205E-03 +1.36206031E-03
+58.74000E-06 -450.82537797E-03 -1.53241202E-03
+58.75500E-06 +157.01381106E-03 -1.04999996E-03
+58.77000E-06 -113.13693960E-03 +1.36206031E-03
+58.78500E-06 -180.67462753E-03 -2.97964818E-03
+58.80000E-06 +292.08918661E-03 +2.80929648E-03
+58.81500E-06 -518.36306602E-03 -2.97964818E-03
+58.83000E-06 +427.16456215E-03 +2.80929648E-03
+58.84500E-06 -585.90075374E-03 -2.97964818E-03
+58.86000E-06 +427.16456194E-03 +879.64826E-06
+58.87500E-06 -383.28769058E-03 -1.04999996E-03
+58.89000E-06 +224.55149878E-03 -567.58791E-06
+58.90500E-06 -180.67462710E-03 +397.23620E-06
+58.92000E-06 -45.59925220E-03 -2.01482407E-03
+58.93500E-06 +157.01381139E-03 +1.84447237E-03
+58.95000E-06 -383.28769069E-03 -3.94447229E-03
+58.96500E-06 +427.16456216E-03 +2.80929648E-03
+58.98000E-06 -518.36306602E-03 -3.46206024E-03
+58.99500E-06 +494.70224966E-03 +2.32688442E-03
+59.01000E-06 -450.82537819E-03 -2.01482407E-03
+59.02500E-06 +292.08918639E-03 -85.17585E-06
+59.04000E-06 -248.21231492E-03 +397.23620E-06
+59.05500E-06 -45.59925209E-03 -2.49723613E-03
+59.07000E-06 +89.47612356E-03 +2.32688442E-03
+59.08500E-06 -315.75000297E-03 -2.97964818E-03
+59.10000E-06 +359.62687433E-03 +2.32688442E-03
+59.11500E-06 -450.82537830E-03 -2.97964818E-03
+59.13000E-06 +427.16456205E-03 +1.84447237E-03
+59.14500E-06 -383.28769058E-03 -1.53241202E-03
+59.16000E-06 +292.08918650E-03 +397.23620E-06
+59.17500E-06 -248.21231503E-03 -85.17585E-06
+59.19000E-06 +89.47612323E-03 -1.04999996E-03
+59.20500E-06 -45.59925177E-03 +1.84447237E-03
+59.22000E-06 -248.21231514E-03 -2.97964818E-03
+59.23500E-06 +292.08918661E-03 +2.32688442E-03
+59.25000E-06 -450.82537830E-03 -3.46206024E-03
+59.26500E-06 +359.62687433E-03 +1.84447237E-03
+59.28000E-06 -383.28769069E-03 -2.49723613E-03
+59.29500E-06 +292.08918650E-03 +397.23620E-06
+59.31000E-06 -315.75000275E-03 -1.04999996E-03
+59.32500E-06 +89.47612334E-03 -1.04999996E-03
+59.34000E-06 -45.59925176E-03 -85.17585E-06
+59.35500E-06 -113.13693993E-03 -2.49723613E-03
+59.37000E-06 +157.01381139E-03 +1.84447237E-03
+59.38500E-06 -383.28769058E-03 -3.46206024E-03
+59.40000E-06 +292.08918661E-03 +1.36206031E-03
+59.41500E-06 -450.82537830E-03 -2.49723613E-03
+59.43000E-06 +292.08918650E-03 +879.64826E-06
+59.44500E-06 -248.21231514E-03 -1.04999996E-03
+59.46000E-06 +157.01381095E-03 -1.53241202E-03
+59.47500E-06 -45.59925199E-03 +397.23620E-06
+59.49000E-06 -180.67462731E-03 -1.53241202E-03
+59.50500E-06 +157.01381128E-03 +1.36206031E-03
+59.52000E-06 -315.75000297E-03 -2.01482407E-03
+59.53500E-06 +292.08918661E-03 +1.84447237E-03
+59.55000E-06 -383.28769047E-03 -2.01482407E-03
+59.56500E-06 +224.55149900E-03 +1.36206031E-03
+59.58000E-06 -315.75000286E-03 -2.01482407E-03
+59.59500E-06 +157.01381106E-03 -85.17585E-06
+59.61000E-06 -180.67462731E-03 +397.23620E-06
+59.62500E-06 -45.59925221E-03 -2.01482407E-03
+59.64000E-06 +89.47612356E-03 +879.64826E-06
+59.65500E-06 -315.75000297E-03 -2.49723613E-03
+59.67000E-06 +224.55149889E-03 +1.84447237E-03
+59.68500E-06 -315.75000286E-03 -2.49723613E-03
+59.70000E-06 +292.08918661E-03 +879.64826E-06
+59.71500E-06 -315.75000286E-03 -1.53241202E-03
+59.73000E-06 +157.01381117E-03 -85.17585E-06
+59.74500E-06 -180.67462731E-03 -1.04999996E-03
+59.76000E-06 +21.93843562E-03 -567.58791E-06
+59.77500E-06 +89.47612345E-03 +879.64826E-06
+59.79000E-06 -180.67462754E-03 -2.01482407E-03
+59.80500E-06 +157.01381128E-03 +1.36206031E-03
+59.82000E-06 -315.75000286E-03 -2.01482407E-03
+59.83500E-06 +292.08918661E-03 +879.64826E-06
+59.85000E-06 -315.75000286E-03 -1.53241202E-03
+59.86500E-06 +224.55149878E-03 +397.23620E-06
+59.88000E-06 -180.67462731E-03 -85.17585E-06
+59.89500E-06 -45.59925199E-03 -567.58791E-06
+59.91000E-06 -45.59925187E-03 +879.64826E-06
+59.92500E-06 -113.13693982E-03 -2.01482407E-03
+59.94000E-06 +157.01381117E-03 +397.23620E-06
+59.95500E-06 -315.75000286E-03 -2.01482407E-03
+59.97000E-06 +224.55149889E-03 +879.64826E-06
+59.98500E-06 -315.75000275E-03 -1.04999996E-03
+60.00000E-06 +224.55149878E-03 +397.23620E-06
+60.01500E-06 -180.67462731E-03 -567.58791E-06
+60.03000E-06 +89.47612345E-03 -85.17585E-06
+60.04500E-06 -45.59925187E-03 +397.23620E-06
+60.06000E-06 -113.13693982E-03 -2.01482407E-03
+60.07500E-06 +89.47612357E-03 +1.36206031E-03
+60.09000E-06 -315.75000286E-03 -1.53241202E-03
+60.10500E-06 +224.55149878E-03 +879.64826E-06
+60.12000E-06 -248.21231526E-03 -1.53241202E-03
+60.13500E-06 +157.01381117E-03 +397.23620E-06
+60.15000E-06 -248.21231503E-03 -85.17585E-06
+60.16500E-06 +89.47612334E-03 -85.17585E-06
+60.18000E-06 -45.59925199E-03 +397.23620E-06
+60.19500E-06 -113.13693970E-03 -1.53241202E-03
+60.21000E-06 +89.47612357E-03 +879.64826E-06
+60.22500E-06 -180.67462754E-03 -2.01482407E-03
+60.24000E-06 +157.01381117E-03 +1.36206031E-03
+60.25500E-06 -248.21231526E-03 -1.04999996E-03
+60.27000E-06 +157.01381117E-03 +879.64826E-06
+60.28500E-06 -180.67462742E-03 -1.04999996E-03
+60.30000E-06 +21.93843573E-03 -567.58791E-06
+60.31500E-06 -113.13693970E-03 +397.23620E-06
+60.33000E-06 -45.59925210E-03 -1.04999996E-03
+60.34500E-06 +21.93843573E-03 +879.64826E-06
+60.36000E-06 -113.13693993E-03 -1.53241202E-03
+60.37500E-06 +89.47612345E-03 +879.64826E-06
+60.39000E-06 -248.21231526E-03 -1.53241202E-03
+60.40500E-06 +224.55149877E-03 +879.64826E-06
+60.42000E-06 -180.67462754E-03 -1.53241202E-03
+60.43500E-06 +157.01381117E-03 +397.23620E-06
+60.45000E-06 -113.13693970E-03 -85.17585E-06
+60.46500E-06 +89.47612311E-03 -1.04999996E-03
+60.48000E-06 +21.93843573E-03 +879.64826E-06
+60.49500E-06 -113.13693982E-03 -1.53241202E-03
+60.51000E-06 +89.47612345E-03 +879.64826E-06
+60.52500E-06 -180.67462742E-03 -1.53241202E-03
+60.54000E-06 +89.47612357E-03 -85.17585E-06
+60.55500E-06 -248.21231514E-03 -567.58791E-06
+60.57000E-06 +89.47612345E-03 +397.23620E-06
+60.58500E-06 -113.13693982E-03 -1.04999996E-03
+60.60000E-06 +21.93843550E-03 -567.58791E-06
+60.61500E-06 -45.59925187E-03 -85.17585E-06
+60.63000E-06 -45.59925210E-03 -1.04999996E-03
+60.64500E-06 +21.93843573E-03 +397.23620E-06
+60.66000E-06 -180.67462742E-03 -1.53241202E-03
+60.67500E-06 +157.01381105E-03 +397.23620E-06
+60.69000E-06 -180.67462742E-03 -1.04999996E-03
+60.70500E-06 +89.47612345E-03 +397.23620E-06
+60.72000E-06 -113.13693970E-03 -85.17585E-06
+60.73500E-06 +21.93843573E-03 -85.17585E-06
+60.75000E-06 -45.59925199E-03 +397.23620E-06
+60.76500E-06 -45.59925210E-03 -1.04999996E-03
+60.78000E-06 +89.47612334E-03 -85.17585E-06
+60.79500E-06 -180.67462742E-03 -1.53241202E-03
+60.81000E-06 +89.47612357E-03 +879.64826E-06
+60.82500E-06 -180.67462742E-03 -1.53241202E-03
+60.84000E-06 +89.47612345E-03 +397.23620E-06
+60.85500E-06 -113.13693970E-03 -567.58791E-06
+60.87000E-06 +21.93843573E-03 -567.58791E-06
+60.88500E-06 -113.13693959E-03 -85.17585E-06
+60.90000E-06 -45.59925199E-03 -1.04999996E-03
+60.91500E-06 +21.93843585E-03 +397.23620E-06
+60.93000E-06 -113.13693982E-03 -1.53241202E-03
+60.94500E-06 +157.01381105E-03 +397.23620E-06
+60.96000E-06 -248.21231514E-03 -1.04999996E-03
+60.97500E-06 +89.47612345E-03 +397.23620E-06
+60.99000E-06 -180.67462731E-03 -1.04999996E-03
+61.00500E-06 +89.47612333E-03 -567.58791E-06
+61.02000E-06 -113.13693959E-03 -567.58791E-06
+61.03500E-06 -45.59925199E-03 -567.58791E-06
+61.05000E-06 +21.93843562E-03 +397.23620E-06
+61.06500E-06 -113.13693959E-03 -1.04999996E-03
+61.08000E-06 +89.47612333E-03 +1.36206031E-03
+61.09500E-06 -113.13693982E-03 -1.04999996E-03
+61.11000E-06 +89.47612357E-03 +397.23620E-06
+61.12500E-06 -113.13693982E-03 -567.58791E-06
+61.14000E-06 +89.47612345E-03 -567.58791E-06
+61.15500E-06 -113.13693970E-03 -567.58791E-06
+61.17000E-06 +21.93843562E-03 -567.58791E-06
+61.18500E-06 -45.59925199E-03 +397.23620E-06
+61.20000E-06 -113.13693970E-03 -1.04999996E-03
+61.21500E-06 -45.59925187E-03 +397.23620E-06
+61.23000E-06 -180.67462742E-03 -567.58791E-06
+61.24500E-06 +89.47612345E-03 -85.17585E-06
+61.26000E-06 -113.13693970E-03 -1.53241202E-03
+61.27500E-06 +89.47612334E-03 -85.17585E-06
+61.29000E-06 -113.13693959E-03 -567.58791E-06
+61.30500E-06 +21.93843562E-03 -567.58791E-06
+61.32000E-06 -45.59925199E-03 -85.17585E-06
+61.33500E-06 -45.59925199E-03 -1.04999996E-03
+61.35000E-06 +21.93843573E-03 +397.23620E-06
+61.36500E-06 -113.13693970E-03 -1.04999996E-03
+61.38000E-06 +21.93843573E-03 -85.17585E-06
+61.39500E-06 -180.67462742E-03 -1.53241202E-03
+61.41000E-06 +89.47612345E-03 -85.17585E-06
+61.42500E-06 -113.13693970E-03 -567.58791E-06
+61.44000E-06 -45.59925199E-03 -85.17585E-06
+61.45500E-06 -45.59925199E-03 +397.23620E-06
+61.47000E-06 -113.13693970E-03 -567.58791E-06
+61.48500E-06 +89.47612345E-03 +397.23620E-06
+61.50000E-06 -113.13693970E-03 -1.04999996E-03
+61.51500E-06 +89.47612345E-03 +397.23620E-06
+61.53000E-06 -180.67462732E-03 -567.58791E-06
+61.54500E-06 +89.47612335E-03 -85.17585E-06
+61.56000E-06 -113.13693970E-03 -567.58791E-06
+61.57500E-06 -45.59925188E-03 -85.17585E-06
+61.59000E-06 -113.13693960E-03 -85.17585E-06
+61.60500E-06 -45.59925199E-03 -1.04999996E-03
+61.62000E-06 +21.93843563E-03 -85.17585E-06
+61.63500E-06 -45.59925219E-03 -1.04999996E-03
+61.65000E-06 +21.93843573E-03 -567.58791E-06
+61.66500E-06 -113.13693960E-03 -1.04999996E-03
+61.68000E-06 +21.93843573E-03 +397.23620E-06
+61.69500E-06 -113.13693970E-03 -85.17585E-06
+61.71000E-06 +21.93843583E-03 -85.17585E-06
+61.72500E-06 -45.59925199E-03 -567.58791E-06
+61.74000E-06 +21.93843563E-03 -567.58791E-06
+61.75500E-06 +21.93843563E-03 +397.23620E-06
+61.77000E-06 -113.13693970E-03 -567.58791E-06
+61.78500E-06 +21.93843573E-03 +397.23620E-06
+61.80000E-06 -113.13693980E-03 -567.58791E-06
+61.81500E-06 +21.93843573E-03 -85.17585E-06
+61.83000E-06 -113.13693980E-03 -567.58791E-06
+61.84500E-06 +21.93843573E-03 -85.17585E-06
+61.86000E-06 -113.13693961E-03 -567.58791E-06
+61.87500E-06 -45.59925199E-03 -567.58791E-06
+61.89000E-06 -113.13693961E-03 -85.17585E-06
+61.90500E-06 -45.59925199E-03 -567.58791E-06
+61.92000E-06 +21.93843564E-03 -85.17585E-06
+61.93500E-06 -113.13693970E-03 -1.53241202E-03
+61.95000E-06 +21.93843573E-03 +397.23620E-06
+61.96500E-06 -113.13693970E-03 -1.04999996E-03
+61.98000E-06 +21.93843573E-03 -1.04999996E-03
+61.99500E-06 -45.59925208E-03 -567.58791E-06
+62.01000E-06 -45.59925199E-03 -567.58791E-06
+62.02500E-06 -45.59925199E-03 -567.58791E-06
+62.04000E-06 -45.59925208E-03 -567.58791E-06
+62.05500E-06 -45.59925189E-03 -85.17585E-06
+62.07000E-06 -113.13693970E-03 -567.58791E-06
+62.08500E-06 +89.47612336E-03 -85.17585E-06
+62.10000E-06 -113.13693961E-03 -567.58791E-06
+62.11500E-06 +21.93843573E-03 -567.58791E-06
+62.13000E-06 -113.13693970E-03 -567.58791E-06
+62.14500E-06 -45.59925199E-03 +397.23620E-06
+62.16000E-06 -45.59925207E-03 -567.58791E-06
+62.17500E-06 -113.13693962E-03 -1.04999996E-03
+62.19000E-06 +21.93843564E-03 -85.17585E-06
+62.20500E-06 -45.59925199E-03 -85.17585E-06
+62.22000E-06 +21.93843573E-03 -85.17585E-06
+62.23500E-06 -113.13693979E-03 -567.58791E-06
+62.25000E-06 +21.93843573E-03 -567.58791E-06
+62.26500E-06 -45.59925199E-03 -85.17585E-06
+62.28000E-06 -45.59925190E-03 -85.17585E-06
+62.29500E-06 -113.13693962E-03 -85.17585E-06
+62.31000E-06 -45.59925207E-03 -85.17585E-06
+62.32500E-06 -45.59925190E-03 +397.23620E-06
+62.34000E-06 -45.59925207E-03 -1.04999996E-03
+62.35500E-06 +21.93843565E-03 -567.58791E-06
+62.37000E-06 -113.13693970E-03 -85.17585E-06
+62.38500E-06 +21.93843573E-03 +397.23620E-06
+62.40000E-06 -45.59925207E-03 -85.17585E-06
+62.41500E-06 -45.59925190E-03 -567.58791E-06
+62.43000E-06 -45.59925207E-03 -85.17585E-06
+62.44500E-06 -45.59925199E-03 -1.04999996E-03
+62.46000E-06 -45.59925199E-03 -567.58791E-06
+62.47500E-06 -45.59925207E-03 -85.17585E-06
+62.49000E-06 -45.59925199E-03 +397.23620E-06
+62.50500E-06 -113.13693970E-03 -1.04999996E-03
+62.52000E-06 +21.93843573E-03 -85.17585E-06
+62.53500E-06 -113.13693962E-03 -567.58791E-06
+62.55000E-06 +21.93843573E-03 -85.17585E-06
+62.56500E-06 -113.13693970E-03 -567.58791E-06
+62.58000E-06 -45.59925199E-03 -1.04999996E-03
+62.59500E-06 -45.59925206E-03 +397.23620E-06
+62.61000E-06 -113.13693963E-03 -567.58791E-06
+62.62500E-06 +21.93843566E-03 -567.58791E-06
+62.64000E-06 -45.59925206E-03 -567.58791E-06
+62.65500E-06 -45.59925191E-03 +397.23620E-06
+62.67000E-06 -45.59925199E-03 -85.17585E-06
+62.68500E-06 -45.59925191E-03 -85.17585E-06
+62.70000E-06 -45.59925199E-03 -1.04999996E-03
+62.71500E-06 -45.59925199E-03 -85.17585E-06
+62.73000E-06 -45.59925199E-03 -85.17585E-06
+62.74500E-06 +21.93843558E-03 -1.04999996E-03
+62.76000E-06 -45.59925199E-03 +397.23620E-06
+62.77500E-06 -45.59925206E-03 -1.04999996E-03
+62.79000E-06 +21.93843573E-03 -567.58791E-06
+62.80500E-06 -113.13693970E-03 -567.58791E-06
+62.82000E-06 +21.93843566E-03 -567.58791E-06
+62.83500E-06 -45.59925206E-03 -567.58791E-06
+62.85000E-06 -45.59925199E-03 -567.58791E-06
+62.86500E-06 -45.59925199E-03 -567.58791E-06
+62.88000E-06 +21.93843566E-03 -85.17585E-06
+62.89500E-06 -113.13693963E-03 +397.23620E-06
+62.91000E-06 -45.59925199E-03 -567.58791E-06
+62.92500E-06 -45.59925192E-03 -85.17585E-06
+62.94000E-06 -113.13693964E-03 -567.58791E-06
+62.95500E-06 +21.93843566E-03 -85.17585E-06
+62.97000E-06 -113.13693964E-03 -567.58791E-06
+62.98500E-06 -45.59925199E-03 -567.58791E-06
+63.00000E-06 -45.59925199E-03 -85.17585E-06
+63.01500E-06 -45.59925199E-03 -567.58791E-06
+63.03000E-06 -45.59925199E-03 -85.17585E-06
+63.04500E-06 -45.59925199E-03 -567.58791E-06
+63.06000E-06 -45.59925192E-03 -567.58791E-06
+63.07500E-06 -113.13693970E-03 -85.17585E-06
+63.09000E-06 -45.59925199E-03 -85.17585E-06
+63.10500E-06 -45.59925199E-03 -85.17585E-06
+63.12000E-06 -45.59925199E-03 -85.17585E-06
+63.13500E-06 -113.13693964E-03 -85.17585E-06
+63.15000E-06 -45.59925199E-03 -567.58791E-06
+63.16500E-06 -45.59925199E-03 -85.17585E-06
+63.18000E-06 -45.59925205E-03 -567.58791E-06
+63.19500E-06 -45.59925199E-03 -85.17585E-06
+63.21000E-06 -113.13693964E-03 -567.58791E-06
+63.22500E-06 -45.59925192E-03 +397.23620E-06
+63.24000E-06 -113.13693970E-03 +397.23620E-06
+63.25500E-06 -45.59925199E-03 +397.23620E-06
+63.27000E-06 -45.59925199E-03 -85.17585E-06
+63.28500E-06 -45.59925199E-03 -567.58791E-06
+63.30000E-06 +21.93843567E-03 -567.58791E-06
+63.31500E-06 -45.59925204E-03 -567.58791E-06
+63.33000E-06 -45.59925199E-03 -85.17585E-06
+63.34500E-06 -45.59925204E-03 -1.04999996E-03
+63.36000E-06 -45.59925199E-03 -85.17585E-06
+63.37500E-06 -113.13693970E-03 -85.17585E-06
+63.39000E-06 -45.59925199E-03 -85.17585E-06
+63.40500E-06 -45.59925199E-03 -567.58791E-06
+63.42000E-06 -45.59925199E-03 -1.04999996E-03
+63.43500E-06 -45.59925199E-03 -567.58791E-06
+63.45000E-06 -45.59925193E-03 -567.58791E-06
+63.46500E-06 +21.93843573E-03 -567.58791E-06
+63.48000E-06 -45.59925204E-03 -85.17585E-06
+63.49500E-06 -45.59925193E-03 -85.17585E-06
+63.51000E-06 -45.59925199E-03 -85.17585E-06
+63.52500E-06 -45.59925199E-03 -567.58791E-06
+63.54000E-06 -45.59925199E-03 -1.04999996E-03
+63.55500E-06 +21.93843568E-03 -567.58791E-06
+63.57000E-06 -113.13693965E-03 -85.17585E-06
+63.58500E-06 -45.59925199E-03 -567.58791E-06
+63.60000E-06 -45.59925204E-03 -85.17585E-06
+63.61500E-06 -113.13693965E-03 -85.17585E-06
+63.63000E-06 +21.93843568E-03 -567.58791E-06
+63.64500E-06 -45.59925199E-03 -85.17585E-06
+63.66000E-06 -45.59925199E-03 -1.04999996E-03
+63.67500E-06 -45.59925204E-03 -567.58791E-06
+63.69000E-06 -113.13693966E-03 -567.58791E-06
+63.70500E-06 -45.59925199E-03 -567.58791E-06
+63.72000E-06 +21.93843564E-03 -85.17585E-06
+63.73500E-06 -113.13693966E-03 -85.17585E-06
+63.75000E-06 -45.59925199E-03 -1.04999996E-03
+63.76500E-06 -45.59925199E-03 -85.17585E-06
+63.78000E-06 -113.13693966E-03 -567.58791E-06
+63.79500E-06 -45.59925203E-03 -85.17585E-06
+63.81000E-06 -113.13693966E-03 -567.58791E-06
+63.82500E-06 +21.93843569E-03 -85.17585E-06
+63.84000E-06 -45.59925199E-03 -85.17585E-06
+63.85500E-06 -113.13693966E-03 -85.17585E-06
+63.87000E-06 +21.93843569E-03 -567.58791E-06
+63.88500E-06 -45.59925199E-03 -567.58791E-06
+63.90000E-06 -45.59925199E-03 -567.58791E-06
+63.91500E-06 -45.59925199E-03 -567.58791E-06
+63.93000E-06 -45.59925199E-03 -85.17585E-06
+63.94500E-06 -45.59925203E-03 -1.04999996E-03
+63.96000E-06 -45.59925203E-03 -85.17585E-06
+63.97500E-06 -113.13693970E-03 -567.58791E-06
+63.99000E-06 -45.59925199E-03 -85.17585E-06
+64.00500E-06 -45.59925199E-03 -1.04999996E-03
+64.02000E-06 -45.59925199E-03 -1.53241202E-03
+64.03500E-06 -45.59925199E-03 -85.17585E-06
+64.05000E-06 -113.13693966E-03 -567.58791E-06
+64.06500E-06 -45.59925199E-03 -567.58791E-06
+64.08000E-06 -45.59925202E-03 -567.58791E-06
+64.09500E-06 -113.13693967E-03 -85.17585E-06
+64.11000E-06 -113.13693970E-03 -567.58791E-06
+64.12500E-06 -45.59925199E-03 -567.58791E-06
+64.14000E-06 -45.59925199E-03 -1.04999996E-03
+64.15500E-06 -45.59925206E-03 -85.17585E-06
+64.17000E-06 -113.13693967E-03 -85.17585E-06
+64.18500E-06 -45.59925199E-03 -567.58791E-06
+64.20000E-06 -45.59925202E-03 -85.17585E-06
+64.21500E-06 -45.59925195E-03 -85.17585E-06
+64.23000E-06 +21.93843570E-03 -85.17585E-06
+64.24500E-06 -45.59925202E-03 -85.17585E-06
+64.26000E-06 +21.93843570E-03 -1.04999996E-03
+64.27500E-06 -45.59925202E-03 -567.58791E-06
+64.29000E-06 -113.13693967E-03 -85.17585E-06
+64.30500E-06 -45.59925199E-03 -567.58791E-06
+64.32000E-06 +21.93843567E-03 -567.58791E-06
+64.33500E-06 -45.59925195E-03 -567.58791E-06
+64.35000E-06 -45.59925199E-03 -1.04999996E-03
+64.36500E-06 -45.59925199E-03 -567.58791E-06
+64.38000E-06 -45.59925195E-03 -1.04999996E-03
+64.39500E-06 +21.93843570E-03 -85.17585E-06
+64.41000E-06 -45.59925199E-03 -1.04999996E-03
+64.42500E-06 -45.59925199E-03 -85.17585E-06
+64.44000E-06 -45.59925202E-03 -85.17585E-06
+64.45500E-06 -45.59925199E-03 -85.17585E-06
+64.47000E-06 -45.59925199E-03 -85.17585E-06
+64.48500E-06 -45.59925199E-03 +397.23620E-06
