x-axis SCL1 SDA1
second Volt Volt
+34.50000E-06 -22.92463183E-03 -695.97992E-06
+34.51500E-06 -56.69347569E-03 -695.97992E-06
+34.53000E-06 -22.92463183E-03 -695.97992E-06
+34.54500E-06 -22.92463183E-03 -695.97992E-06
+34.56000E-06 -22.92463183E-03 +510.05022E-06
+34.57500E-06 -22.92463183E-03 -695.97992E-06
+34.59000E-06 -22.92463183E-03 -293.96988E-06
+34.60500E-06 -22.92463183E-03 -293.96988E-06
+34.62000E-06 -22.92463183E-03 +108.04017E-06
+34.63500E-06 -22.92463183E-03 -293.96988E-06
+34.65000E-06 -22.92463183E-03 -293.96988E-06
+34.66500E-06 -22.92463183E-03 -695.97992E-06
+34.68000E-06 -22.92463183E-03 -293.96988E-06
+34.69500E-06 -22.92463183E-03 -293.96988E-06
+34.71000E-06 -22.92463183E-03 -695.97992E-06
+34.72500E-06 -22.92463183E-03 -293.96988E-06
+34.74000E-06 -56.69347569E-03 -293.96988E-06
+34.75500E-06 +10.84421202E-03 -293.96988E-06
+34.77000E-06 -22.92463183E-03 -293.96988E-06
+34.78500E-06 -22.92463183E-03 -695.97992E-06
+34.80000E-06 -22.92463183E-03 -695.97992E-06
+34.81500E-06 -56.69347569E-03 +108.04017E-06
+34.83000E-06 -56.69347569E-03 -695.97992E-06
+34.84500E-06 -56.69347569E-03 -293.96988E-06
+34.86000E-06 -22.92463183E-03 -695.97992E-06
+34.87500E-06 -22.92463183E-03 -293.96988E-06
+34.89000E-06 -22.92463183E-03 +108.04017E-06
+34.90500E-06 -22.92463183E-03 -695.97992E-06
+34.92000E-06 -22.92463183E-03 -293.96988E-06
+34.93500E-06 -22.92463183E-03 +108.04017E-06
+34.95000E-06 -22.92463183E-03 -695.97992E-06
+34.96500E-06 -56.69347569E-03 -695.97992E-06
+34.98000E-06 -56.69347569E-03 -293.96988E-06
+34.99500E-06 -22.92463184E-03 -695.97992E-06
+35.01000E-06 -22.92463183E-03 -293.96988E-06
+35.02500E-06 -22.92463183E-03 -695.97992E-06
+35.04000E-06 -22.92463183E-03 -293.96988E-06
+35.05500E-06 -56.69347569E-03 -293.96988E-06
+35.07000E-06 -56.69347569E-03 -293.96988E-06
+35.08500E-06 -22.92463184E-03 -293.96988E-06
+35.10000E-06 -22.92463184E-03 -695.97992E-06
+35.11500E-06 -22.92463183E-03 -293.96988E-06
+35.13000E-06 -22.92463183E-03 -293.96988E-06
+35.14500E-06 -22.92463183E-03 -695.97992E-06
+35.16000E-06 -22.92463183E-03 -293.96988E-06
+35.17500E-06 -22.92463183E-03 -293.96988E-06
+35.19000E-06 -22.92463183E-03 -293.96988E-06
+35.20500E-06 +10.84421202E-03 -695.97992E-06
+35.22000E-06 -56.69347569E-03 -293.96988E-06
+35.23500E-06 -22.92463183E-03 -695.97992E-06
+35.25000E-06 -22.92463183E-03 -695.97992E-06
+35.26500E-06 -22.92463183E-03 -1.09798997E-03
+35.28000E-06 -22.92463183E-03 -1.09798997E-03
+35.29500E-06 -22.92463183E-03 -293.96988E-06
+35.31000E-06 -22.92463183E-03 -695.97992E-06
+35.32500E-06 -22.92463184E-03 -695.97992E-06
+35.34000E-06 -56.69347569E-03 -695.97992E-06
+35.35500E-06 -22.92463183E-03 -695.97992E-06
+35.37000E-06 -22.92463183E-03 -695.97992E-06
+35.38500E-06 -22.92463183E-03 -695.97992E-06
+35.40000E-06 -22.92463183E-03 -293.96988E-06
+35.41500E-06 -22.92463183E-03 -293.96988E-06
+35.43000E-06 +10.84421202E-03 -695.97992E-06
+35.44500E-06 -22.92463184E-03 -695.97992E-06
+35.46000E-06 -56.69347569E-03 -695.97992E-06
+35.47500E-06 -22.92463183E-03 -293.96988E-06
+35.49000E-06 +10.84421202E-03 -1.09798997E-03
+35.50500E-06 -22.92463183E-03 -293.96988E-06
+35.52000E-06 -22.92463183E-03 -293.96988E-06
+35.53500E-06 -22.92463183E-03 +108.04017E-06
+35.55000E-06 -22.92463183E-03 -695.97992E-06
+35.56500E-06 -22.92463184E-03 -293.96988E-06
+35.58000E-06 -22.92463183E-03 -293.96988E-06
+35.59500E-06 -22.92463183E-03 -293.96988E-06
+35.61000E-06 -22.92463183E-03 -293.96988E-06
+35.62500E-06 -22.92463183E-03 -695.97992E-06
+35.64000E-06 -56.69347569E-03 -695.97992E-06
+35.65500E-06 -22.92463184E-03 -695.97992E-06
+35.67000E-06 -22.92463183E-03 -293.96988E-06
+35.68500E-06 -22.92463184E-03 -695.97992E-06
+35.70000E-06 +10.84421202E-03 -293.96988E-06
+35.71500E-06 -22.92463184E-03 -293.96988E-06
+35.73000E-06 -22.92463183E-03 -695.97992E-06
+35.74500E-06 -22.92463183E-03 -695.97992E-06
+35.76000E-06 -22.92463183E-03 -293.96988E-06
+35.77500E-06 -22.92463183E-03 -293.96988E-06
+35.79000E-06 -22.92463183E-03 -293.96988E-06
+35.80500E-06 -22.92463184E-03 -695.97992E-06
+35.82000E-06 -22.92463183E-03 -695.97992E-06
+35.83500E-06 -22.92463183E-03 +108.04017E-06
+35.85000E-06 -22.92463183E-03 -293.96988E-06
+35.86500E-06 -22.92463183E-03 -695.97992E-06
+35.88000E-06 -22.92463183E-03 -1.09798997E-03
+35.89500E-06 -22.92463183E-03 -1.09798997E-03
+35.91000E-06 -22.92463183E-03 -293.96988E-06
+35.92500E-06 -22.92463184E-03 -695.97992E-06
+35.94000E-06 -56.69347569E-03 -695.97992E-06
+35.95500E-06 -22.92463183E-03 -695.97992E-06
+35.97000E-06 -22.92463183E-03 -293.96988E-06
+35.98500E-06 -22.92463183E-03 -695.97992E-06
+36.00000E-06 -22.92463184E-03 -695.97992E-06
+36.01500E-06 -56.69347569E-03 -293.96988E-06
+36.03000E-06 -22.92463183E-03 -293.96988E-06
+36.04500E-06 -56.69347569E-03 -293.96988E-06
+36.06000E-06 -56.69347569E-03 -695.97992E-06
+36.07500E-06 -56.69347569E-03 -293.96988E-06
+36.09000E-06 -22.92463183E-03 -293.96988E-06
+36.10500E-06 -22.92463183E-03 -695.97992E-06
+36.12000E-06 -22.92463184E-03 -695.97992E-06
+36.13500E-06 -22.92463183E-03 -695.97992E-06
+36.15000E-06 -22.92463183E-03 -293.96988E-06
+36.16500E-06 -56.69347569E-03 -293.96988E-06
+36.18000E-06 -56.69347569E-03 -293.96988E-06
+36.19500E-06 -22.92463184E-03 -695.97992E-06
+36.21000E-06 -22.92463183E-03 -293.96988E-06
+36.22500E-06 -22.92463184E-03 -1.09798997E-03
+36.24000E-06 -56.69347569E-03 -695.97992E-06
+36.25500E-06 -22.92463183E-03 -293.96988E-06
+36.27000E-06 -22.92463183E-03 -695.97992E-06
+36.28500E-06 -56.69347569E-03 -695.97992E-06
+36.30000E-06 -56.69347569E-03 -293.96988E-06
+36.31500E-06 -22.92463183E-03 -293.96988E-06
+36.33000E-06 -22.92463183E-03 -293.96988E-06
+36.34500E-06 -56.69347569E-03 -695.97992E-06
+36.36000E-06 -56.69347569E-03 -1.09798997E-03
+36.37500E-06 -22.92463183E-03 -293.96988E-06
+36.39000E-06 -22.92463183E-03 -695.97992E-06
+36.40500E-06 -56.69347569E-03 -293.96988E-06
+36.42000E-06 -22.92463183E-03 -1.09798997E-03
+36.43500E-06 -22.92463183E-03 -293.96988E-06
+36.45000E-06 -22.92463183E-03 -695.97992E-06
+36.46500E-06 -22.92463183E-03 -695.97992E-06
+36.48000E-06 +10.84421202E-03 -695.97992E-06
+36.49500E-06 -22.92463183E-03 -293.96988E-06
+36.51000E-06 -22.92463183E-03 -293.96988E-06
+36.52500E-06 -22.92463183E-03 -695.97992E-06
+36.54000E-06 -56.69347569E-03 -695.97992E-06
+36.55500E-06 -56.69347569E-03 -695.97992E-06
+36.57000E-06 -22.92463184E-03 -293.96988E-06
+36.58500E-06 -22.92463183E-03 -695.97992E-06
+36.60000E-06 -22.92463183E-03 -293.96988E-06
+36.61500E-06 -22.92463183E-03 -695.97992E-06
+36.63000E-06 -22.92463183E-03 -1.09798997E-03
+36.64500E-06 -22.92463183E-03 -695.97992E-06
+36.66000E-06 -22.92463183E-03 -695.97992E-06
+36.67500E-06 -22.92463183E-03 -293.96988E-06
+36.69000E-06 -56.69347569E-03 -1.09798997E-03
+36.70500E-06 -22.92463183E-03 -1.09798997E-03
+36.72000E-06 +10.84421202E-03 -293.96988E-06
+36.73500E-06 -56.69347569E-03 +108.04017E-06
+36.75000E-06 -56.69347569E-03 -293.96988E-06
+36.76500E-06 -22.92463184E-03 -293.96988E-06
+36.78000E-06 -22.92463183E-03 -293.96988E-06
+36.79500E-06 -56.69347569E-03 -293.96988E-06
+36.81000E-06 -22.92463183E-03 -695.97992E-06
+36.82500E-06 -22.92463183E-03 -1.09798997E-03
+36.84000E-06 -22.92463184E-03 -695.97992E-06
+36.85500E-06 -56.69347569E-03 -695.97992E-06
+36.87000E-06 -56.69347569E-03 -695.97992E-06
+36.88500E-06 -22.92463184E-03 -293.96988E-06
+36.90000E-06 -56.69347569E-03 -695.97992E-06
+36.91500E-06 -56.69347569E-03 -293.96988E-06
+36.93000E-06 -22.92463184E-03 -1.09798997E-03
+36.94500E-06 +10.84421203E-03 -293.96988E-06
+36.96000E-06 +10.84421202E-03 -293.96988E-06
+36.97500E-06 -56.69347569E-03 -293.96988E-06
+36.99000E-06 -22.92463183E-03 -1.09798997E-03
+37.00500E-06 -22.92463184E-03 -695.97992E-06
+37.02000E-06 -56.69347569E-03 -293.96988E-06
+37.03500E-06 -22.92463183E-03 +108.04017E-06
+37.05000E-06 -22.92463183E-03 -293.96988E-06
+37.06500E-06 -56.69347569E-03 -695.97992E-06
+37.08000E-06 -22.92463184E-03 -695.97992E-06
+37.09500E-06 -22.92463183E-03 -695.97992E-06
+37.11000E-06 -22.92463183E-03 -293.96988E-06
+37.12500E-06 -22.92463183E-03 +108.04017E-06
+37.14000E-06 -22.92463183E-03 -293.96988E-06
+37.15500E-06 -22.92463183E-03 -695.97992E-06
+37.17000E-06 -22.92463183E-03 -1.09798997E-03
+37.18500E-06 -56.69347569E-03 -695.97992E-06
+37.20000E-06 -22.92463183E-03 -293.96988E-06
+37.21500E-06 -22.92463183E-03 -695.97992E-06
+37.23000E-06 -22.92463183E-03 -1.09798997E-03
+37.24500E-06 -56.69347569E-03 -695.97992E-06
+37.26000E-06 -56.69347569E-03 -695.97992E-06
+37.27500E-06 -22.92463183E-03 -293.96988E-06
+37.29000E-06 -22.92463183E-03 -695.97992E-06
+37.30500E-06 -22.92463184E-03 +108.04017E-06
+37.32000E-06 +10.84421202E-03 -293.96988E-06
+37.33500E-06 -22.92463183E-03 -695.97992E-06
+37.35000E-06 -56.69347569E-03 -293.96988E-06
+37.36500E-06 -22.92463184E-03 -695.97992E-06
+37.38000E-06 -22.92463183E-03 -695.97992E-06
+37.39500E-06 +10.84421201E-03 -293.96988E-06
+37.41000E-06 -22.92463184E-03 -293.96988E-06
+37.42500E-06 -22.92463183E-03 -695.97992E-06
+37.44000E-06 -22.92463183E-03 -695.97992E-06
+37.45500E-06 -56.69347569E-03 -695.97992E-06
+37.47000E-06 -56.69347569E-03 -695.97992E-06
+37.48500E-06 -22.92463183E-03 -293.96988E-06
+37.50000E-06 -22.92463183E-03 -695.97992E-06
+37.51500E-06 -22.92463183E-03 -293.96988E-06
+37.53000E-06 -56.69347569E-03 -293.96988E-06
+37.54500E-06 +10.84421203E-03 -1.09798997E-03
+37.56000E-06 +10.84421202E-03 -293.96988E-06
+37.57500E-06 -56.69347569E-03 -1.09798997E-03
+37.59000E-06 -56.69347569E-03 -695.97992E-06
+37.60500E-06 -22.92463183E-03 -293.96988E-06
+37.62000E-06 -22.92463183E-03 -293.96988E-06
+37.63500E-06 -56.69347569E-03 -293.96988E-06
+37.65000E-06 -56.69347569E-03 -293.96988E-06
+37.66500E-06 +10.84421203E-03 -1.09798997E-03
+37.68000E-06 -22.92463183E-03 -293.96988E-06
+37.69500E-06 -56.69347569E-03 +108.04017E-06
+37.71000E-06 -22.92463183E-03 -1.09798997E-03
+37.72500E-06 +10.84421203E-03 -695.97992E-06
+37.74000E-06 -56.69347569E-03 -695.97992E-06
+37.75500E-06 -56.69347569E-03 -293.96988E-06
+37.77000E-06 -22.92463183E-03 -695.97992E-06
+37.78500E-06 +10.84421202E-03 -1.09798997E-03
+37.80000E-06 -56.69347569E-03 -695.97992E-06
+37.81500E-06 -56.69347569E-03 -293.96988E-06
+37.83000E-06 -22.92463183E-03 -695.97992E-06
+37.84500E-06 +10.84421201E-03 -293.96988E-06
+37.86000E-06 -56.69347570E-03 -293.96988E-06
+37.87500E-06 -22.92463183E-03 -695.97992E-06
+37.89000E-06 +44.61305588E-03 -293.96988E-06
+37.90500E-06 -22.92463184E-03 -695.97992E-06
+37.92000E-06 -56.69347569E-03 -695.97992E-06
+37.93500E-06 -22.92463183E-03 -293.96988E-06
+37.95000E-06 -22.92463183E-03 -293.96988E-06
+37.96500E-06 -56.69347569E-03 -293.96988E-06
+37.98000E-06 -56.69347569E-03 -695.97992E-06
+37.99500E-06 +10.84421203E-03 -293.96988E-06
+38.01000E-06 -22.92463183E-03 -695.97992E-06
+38.02500E-06 -56.69347569E-03 -1.09798997E-03
+38.04000E-06 -22.92463183E-03 -293.96988E-06
+38.05500E-06 +10.84421203E-03 -695.97992E-06
+38.07000E-06 -22.92463184E-03 -695.97992E-06
+38.08500E-06 -90.46231954E-03 -695.97992E-06
+38.10000E-06 -22.92463183E-03 -1.09798997E-03
+38.11500E-06 +10.84421203E-03 -695.97992E-06
+38.13000E-06 -22.92463184E-03 -695.97992E-06
+38.14500E-06 -56.69347569E-03 -1.09798997E-03
+38.16000E-06 +10.84421203E-03 -293.96988E-06
+38.17500E-06 +10.84421203E-03 -293.96988E-06
+38.19000E-06 -56.69347569E-03 -293.96988E-06
+38.20500E-06 -22.92463184E-03 -695.97992E-06
+38.22000E-06 -22.92463183E-03 -293.96988E-06
+38.23500E-06 -22.92463183E-03 -293.96988E-06
+38.25000E-06 -56.69347570E-03 -293.96988E-06
+38.26500E-06 -22.92463184E-03 -1.09798997E-03
+38.28000E-06 +10.84421203E-03 -1.09798997E-03
+38.29500E-06 -22.92463183E-03 -293.96988E-06
+38.31000E-06 -90.46231955E-03 -695.97992E-06
+38.32500E-06 -22.92463183E-03 -293.96988E-06
+38.34000E-06 +10.84421203E-03 -293.96988E-06
+38.35500E-06 -22.92463184E-03 -293.96988E-06
+38.37000E-06 -90.46231954E-03 -293.96988E-06
+38.38500E-06 +10.84421203E-03 -695.97992E-06
+38.40000E-06 -22.92463183E-03 -293.96988E-06
+38.41500E-06 -56.69347569E-03 +108.04017E-06
+38.43000E-06 -56.69347570E-03 -293.96988E-06
+38.44500E-06 +10.84421203E-03 -293.96988E-06
+38.46000E-06 -22.92463183E-03 -293.96988E-06
+38.47500E-06 -90.46231955E-03 -293.96988E-06
+38.49000E-06 -22.92463183E-03 -293.96988E-06
+38.50500E-06 +44.61305588E-03 -695.97992E-06
+38.52000E-06 -22.92463183E-03 -293.96988E-06
+38.53500E-06 -90.46231955E-03 -293.96988E-06
+38.55000E-06 -22.92463183E-03 -695.97992E-06
+38.56500E-06 +44.61305588E-03 -695.97992E-06
+38.58000E-06 -56.69347570E-03 -695.97992E-06
+38.59500E-06 -56.69347569E-03 -293.96988E-06
+38.61000E-06 -22.92463182E-03 -695.97992E-06
+38.62500E-06 +10.84421203E-03 -695.97992E-06
+38.64000E-06 -90.46231955E-03 -695.97992E-06
+38.65500E-06 -56.69347569E-03 -293.96988E-06
+38.67000E-06 +10.84421203E-03 -695.97992E-06
+38.68500E-06 -22.92463183E-03 -695.97992E-06
+38.70000E-06 -56.69347570E-03 -293.96988E-06
+38.71500E-06 -56.69347568E-03 -293.96988E-06
+38.73000E-06 +44.61305588E-03 -695.97992E-06
+38.74500E-06 -22.92463184E-03 -695.97992E-06
+38.76000E-06 -90.46231954E-03 -293.96988E-06
+38.77500E-06 -22.92463182E-03 -695.97992E-06
+38.79000E-06 +44.61305588E-03 -1.09798997E-03
+38.80500E-06 -56.69347569E-03 -1.09798997E-03
+38.82000E-06 -90.46231954E-03 -293.96988E-06
+38.83500E-06 +10.84421204E-03 -695.97992E-06
+38.85000E-06 +10.84421202E-03 -695.97992E-06
+38.86500E-06 -90.46231955E-03 -293.96988E-06
+38.88000E-06 -56.69347569E-03 -695.97992E-06
+38.89500E-06 +44.61305588E-03 -695.97992E-06
+38.91000E-06 -22.92463184E-03 -1.09798997E-03
+38.92500E-06 -90.46231955E-03 -695.97992E-06
+38.94000E-06 -56.69347568E-03 -695.97992E-06
+38.95500E-06 +44.61305588E-03 -695.97992E-06
+38.97000E-06 -56.69347569E-03 -293.96988E-06
+38.98500E-06 -90.46231954E-03 -695.97992E-06
+39.00000E-06 -22.92463182E-03 -293.96988E-06
+39.01500E-06 +44.61305586E-03 +108.04017E-06
+39.03000E-06 -90.46231955E-03 +108.04017E-06
+39.04500E-06 -90.46231954E-03 -293.96988E-06
+39.06000E-06 +10.84421204E-03 -695.97992E-06
+39.07500E-06 -22.92463183E-03 -695.97992E-06
+39.09000E-06 -124.23116340E-03 -293.96988E-06
+39.10500E-06 -56.69347568E-03 -1.09798997E-03
+39.12000E-06 +78.38189974E-03 -695.97992E-06
+39.13500E-06 -22.92463183E-03 -293.96988E-06
+39.15000E-06 -90.46231955E-03 -293.96988E-06
+39.16500E-06 -22.92463183E-03 -293.96988E-06
+39.18000E-06 +44.61305588E-03 -293.96988E-06
+39.19500E-06 -90.46231955E-03 -293.96988E-06
+39.21000E-06 -124.23116340E-03 +108.04017E-06
+39.22500E-06 +44.61305588E-03 -293.96988E-06
+39.24000E-06 +10.84421203E-03 -293.96988E-06
+39.25500E-06 -90.46231956E-03 -293.96988E-06
+39.27000E-06 -90.46231953E-03 -293.96988E-06
+39.28500E-06 +44.61305590E-03 -695.97992E-06
+39.30000E-06 -22.92463183E-03 -293.96988E-06
+39.31500E-06 -90.46231956E-03 +108.04017E-06
+39.33000E-06 -22.92463183E-03 -695.97992E-06
+39.34500E-06 +78.38189974E-03 -695.97992E-06
+39.36000E-06 +10.84421200E-03 -695.97992E-06
+39.37500E-06 -158.00000726E-03 +108.04017E-06
+39.39000E-06 +10.84421203E-03 -695.97992E-06
+39.40500E-06 +78.38189973E-03 -695.97992E-06
+39.42000E-06 -90.46231956E-03 -695.97992E-06
+39.43500E-06 -124.23116340E-03 -293.96988E-06
+39.45000E-06 +44.61305590E-03 -293.96988E-06
+39.46500E-06 +44.61305587E-03 -1.09798997E-03
+39.48000E-06 -90.46231955E-03 -293.96988E-06
+39.49500E-06 -90.46231954E-03 -695.97992E-06
+39.51000E-06 +78.38189974E-03 -1.09798997E-03
+39.52500E-06 +10.84421200E-03 -695.97992E-06
+39.54000E-06 -158.00000726E-03 +108.04017E-06
+39.55500E-06 -22.92463183E-03 -293.96988E-06
+39.57000E-06 +78.38189973E-03 -695.97992E-06
+39.58500E-06 -56.69347569E-03 +108.04017E-06
+39.60000E-06 -124.23116341E-03 -293.96988E-06
+39.61500E-06 +10.84421204E-03 +108.04017E-06
+39.63000E-06 +44.61305587E-03 -293.96988E-06
+39.64500E-06 -90.46231956E-03 +108.04017E-06
+39.66000E-06 -124.23116340E-03 -293.96988E-06
+39.67500E-06 +44.61305590E-03 -293.96988E-06
+39.69000E-06 +44.61305587E-03 -695.97992E-06
+39.70500E-06 -124.23116342E-03 -695.97992E-06
+39.72000E-06 -56.69347569E-03 -293.96988E-06
+39.73500E-06 +78.38189974E-03 -695.97992E-06
+39.75000E-06 -22.92463185E-03 -1.09798997E-03
+39.76500E-06 -158.00000727E-03 -293.96988E-06
+39.78000E-06 -56.69347567E-03 -293.96988E-06
+39.79500E-06 +78.38189974E-03 -1.09798997E-03
+39.81000E-06 -56.69347571E-03 -293.96988E-06
+39.82500E-06 -158.00000726E-03 -293.96988E-06
+39.84000E-06 +44.61305588E-03 -293.96988E-06
+39.85500E-06 +78.38189973E-03 -293.96988E-06
+39.87000E-06 -90.46231956E-03 -695.97992E-06
+39.88500E-06 -124.23116340E-03 -695.97992E-06
+39.90000E-06 +44.61305590E-03 -695.97992E-06
+39.91500E-06 +10.84421203E-03 -695.97992E-06
+39.93000E-06 -124.23116341E-03 -293.96988E-06
+39.94500E-06 -56.69347568E-03 -293.96988E-06
+39.96000E-06 +78.38189976E-03 -1.09798997E-03
+39.97500E-06 -22.92463183E-03 +108.04017E-06
+39.99000E-06 -158.00000728E-03 -293.96988E-06
+40.00500E-06 -22.92463182E-03 -293.96988E-06
+40.02000E-06 +78.38189976E-03 -695.97992E-06
+40.03500E-06 -56.69347572E-03 -293.96988E-06
+40.05000E-06 -158.00000725E-03 -695.97992E-06
+40.06500E-06 +44.61305590E-03 -1.09798997E-03
+40.08000E-06 +112.15074358E-03 -695.97992E-06
+40.09500E-06 -124.23116341E-03 -695.97992E-06
+40.11000E-06 -124.23116340E-03 -293.96988E-06
+40.12500E-06 +112.15074360E-03 -695.97992E-06
+40.14000E-06 +44.61305586E-03 -695.97992E-06
+40.15500E-06 -191.76885112E-03 -293.96988E-06
+40.17000E-06 -22.92463182E-03 -293.96988E-06
+40.18500E-06 +145.91958746E-03 -695.97992E-06
+40.20000E-06 +10.84421199E-03 -695.97992E-06
+40.21500E-06 -158.00000727E-03 -293.96988E-06
+40.23000E-06 +10.84421205E-03 -695.97992E-06
+40.24500E-06 +112.15074359E-03 -293.96988E-06
+40.26000E-06 -124.23116343E-03 -293.96988E-06
+40.27500E-06 -191.76885111E-03 +108.04017E-06
+40.29000E-06 +78.38189976E-03 -293.96988E-06
+40.30500E-06 +78.38189973E-03 -695.97992E-06
+40.32000E-06 -124.23116343E-03 -293.96988E-06
+40.33500E-06 -90.46231954E-03 +510.05022E-06
+40.35000E-06 +145.91958746E-03 -293.96988E-06
+40.36500E-06 +10.84421201E-03 -293.96988E-06
+40.38000E-06 -191.76885113E-03 -293.96988E-06
+40.39500E-06 -22.92463181E-03 -293.96988E-06
+40.41000E-06 +145.91958746E-03 -293.96988E-06
+40.42500E-06 -56.69347572E-03 -695.97992E-06
+40.44000E-06 -191.76885113E-03 -293.96988E-06
+40.45500E-06 +44.61305590E-03 +108.04017E-06
+40.47000E-06 +145.91958745E-03 -293.96988E-06
+40.48500E-06 -124.23116343E-03 -293.96988E-06
+40.50000E-06 -158.00000726E-03 -293.96988E-06
+40.51500E-06 +112.15074360E-03 -293.96988E-06
+40.53000E-06 +78.38189972E-03 -293.96988E-06
+40.54500E-06 -191.76885113E-03 -293.96988E-06
+40.56000E-06 -90.46231954E-03 +108.04017E-06
+40.57500E-06 +179.68843132E-03 -293.96988E-06
+40.59000E-06 +10.84421200E-03 +108.04017E-06
+40.60500E-06 -191.76885116E-03 -293.96988E-06
+40.62000E-06 -22.92463182E-03 -293.96988E-06
+40.63500E-06 +179.68843131E-03 -695.97992E-06
+40.65000E-06 -56.69347572E-03 +108.04017E-06
+40.66500E-06 -225.53769498E-03 -695.97992E-06
+40.68000E-06 +44.61305590E-03 -1.09798997E-03
+40.69500E-06 +145.91958745E-03 -695.97992E-06
+40.71000E-06 -158.00000729E-03 -293.96988E-06
+40.72500E-06 -158.00000726E-03 -293.96988E-06
+40.74000E-06 +145.91958746E-03 -695.97992E-06
+40.75500E-06 +44.61305587E-03 -1.09798997E-03
+40.77000E-06 -259.30653885E-03 +108.04017E-06
+40.78500E-06 -90.46231952E-03 -695.97992E-06
+40.80000E-06 +179.68843132E-03 -293.96988E-06
+40.81500E-06 -22.92463186E-03 -293.96988E-06
+40.83000E-06 -259.30653885E-03 -293.96988E-06
+40.84500E-06 +10.84421204E-03 -293.96988E-06
+40.86000E-06 +179.68843131E-03 -293.96988E-06
+40.87500E-06 -124.23116343E-03 +108.04017E-06
+40.89000E-06 -225.53769498E-03 +108.04017E-06
+40.90500E-06 +112.15074362E-03 -695.97992E-06
+40.92000E-06 +145.91958743E-03 -695.97992E-06
+40.93500E-06 -191.76885115E-03 +510.05022E-06
+40.95000E-06 -158.00000723E-03 -293.96988E-06
+40.96500E-06 +179.68843134E-03 -695.97992E-06
+40.98000E-06 +78.38189972E-03 -695.97992E-06
+40.99500E-06 -259.30653885E-03 -695.97992E-06
+41.01000E-06 -90.46231951E-03 -293.96988E-06
+41.02500E-06 +213.45727518E-03 -1.09798997E-03
+41.04000E-06 -56.69347572E-03 -695.97992E-06
+41.05500E-06 -259.30653885E-03 +108.04017E-06
+41.07000E-06 +78.38189974E-03 -695.97992E-06
+41.08500E-06 +179.68843131E-03 -695.97992E-06
+41.10000E-06 -158.00000729E-03 +108.04017E-06
+41.11500E-06 -225.53769498E-03 -293.96988E-06
+41.13000E-06 +145.91958748E-03 -1.09798997E-03
+41.14500E-06 +145.91958743E-03 -1.50000001E-03
+41.16000E-06 -225.53769502E-03 +108.04017E-06
+41.17500E-06 -158.00000724E-03 -293.96988E-06
+41.19000E-06 +247.22611904E-03 -1.09798997E-03
+41.20500E-06 +44.61305584E-03 -695.97992E-06
+41.22000E-06 -293.07538271E-03 -293.96988E-06
+41.23500E-06 -56.69347563E-03 -695.97992E-06
+41.25000E-06 +247.22611904E-03 -695.97992E-06
+41.26500E-06 -90.46231957E-03 -695.97992E-06
+41.28000E-06 -259.30653885E-03 -293.96988E-06
+41.29500E-06 +78.38189977E-03 -293.96988E-06
+41.31000E-06 +213.45727517E-03 -695.97992E-06
+41.32500E-06 -191.76885118E-03 -293.96988E-06
+41.34000E-06 -225.53769498E-03 +108.04017E-06
+41.35500E-06 +179.68843134E-03 -695.97992E-06
+41.37000E-06 +112.15074357E-03 -293.96988E-06
+41.38500E-06 -293.07538272E-03 -695.97992E-06
+41.40000E-06 -158.00000723E-03 -293.96988E-06
+41.41500E-06 +213.45727521E-03 -1.09798997E-03
+41.43000E-06 +10.84421198E-03 -695.97992E-06
+41.44500E-06 -326.84422657E-03 -293.96988E-06
+41.46000E-06 -22.92463179E-03 -695.97992E-06
+41.47500E-06 +280.99496289E-03 -1.09798997E-03
+41.49000E-06 -124.23116344E-03 -293.96988E-06
+41.50500E-06 -293.07538269E-03 -695.97992E-06
+41.52000E-06 +145.91958749E-03 -293.96988E-06
+41.53500E-06 +213.45727515E-03 -293.96988E-06
+41.55000E-06 -259.30653888E-03 -293.96988E-06
+41.56500E-06 -225.53769494E-03 +108.04017E-06
+41.58000E-06 +213.45727521E-03 -695.97992E-06
+41.59500E-06 +112.15074356E-03 -293.96988E-06
+41.61000E-06 -360.61307043E-03 -293.96988E-06
+41.62500E-06 -90.46231952E-03 -1.09798997E-03
+41.64000E-06 +314.76380674E-03 -695.97992E-06
+41.65500E-06 -22.92463190E-03 -1.09798997E-03
+41.67000E-06 -360.61307043E-03 -695.97992E-06
+41.68500E-06 +44.61305592E-03 -695.97992E-06
+41.70000E-06 +280.99496288E-03 -1.09798997E-03
+41.71500E-06 -191.76885116E-03 -293.96988E-06
+41.73000E-06 -326.84422655E-03 +510.05022E-06
+41.74500E-06 +179.68843137E-03 -1.50000001E-03
+41.76000E-06 +247.22611898E-03 -695.97992E-06
+41.77500E-06 -293.07538274E-03 -293.96988E-06
+41.79000E-06 -225.53769494E-03 +108.04017E-06
+41.80500E-06 +314.76380678E-03 -1.09798997E-03
+41.82000E-06 +78.38189970E-03 -695.97992E-06
+41.83500E-06 -360.61307044E-03 +108.04017E-06
+41.85000E-06 -90.46231949E-03 -293.96988E-06
+41.86500E-06 +348.53265060E-03 -1.09798997E-03
+41.88000E-06 -22.92463192E-03 +108.04017E-06
+41.89500E-06 -394.38191427E-03 +912.06026E-06
+41.91000E-06 +112.15074364E-03 -293.96988E-06
+41.92500E-06 +314.76380674E-03 -695.97992E-06
+41.94000E-06 -259.30653888E-03 -293.96988E-06
+41.95500E-06 -326.84422654E-03 +108.04017E-06
+41.97000E-06 +247.22611909E-03 -1.09798997E-03
+41.98500E-06 +213.45727513E-03 -695.97992E-06
+42.00000E-06 -326.84422660E-03 +108.04017E-06
+42.01500E-06 -191.76885108E-03 -293.96988E-06
+42.03000E-06 +348.53265064E-03 -1.50000001E-03
+42.04500E-06 +78.38189968E-03 -695.97992E-06
+42.06000E-06 -461.91960199E-03 +510.05022E-06
+42.07500E-06 -22.92463177E-03 -293.96988E-06
+42.09000E-06 +348.53265062E-03 -1.09798997E-03
+42.10500E-06 -124.23116346E-03 -695.97992E-06
+42.12000E-06 -428.15075813E-03 -293.96987E-06
+42.13500E-06 +145.91958751E-03 -695.97992E-06
+42.15000E-06 +348.53265057E-03 -1.50000001E-03
+42.16500E-06 -293.07538278E-03 -293.96988E-06
+42.18000E-06 -326.84422652E-03 +108.04017E-06
+42.19500E-06 +314.76380679E-03 -1.09798997E-03
+42.21000E-06 +213.45727511E-03 -695.97992E-06
+42.22500E-06 -428.15075816E-03 -695.97992E-06
+42.24000E-06 -191.76885108E-03 -293.96988E-06
+42.25500E-06 +416.07033836E-03 -1.09798997E-03
+42.27000E-06 +44.61305580E-03 -695.97992E-06
+42.28500E-06 -495.68844585E-03 +510.05022E-06
+42.30000E-06 +10.84421211E-03 -293.96988E-06
+42.31500E-06 +449.83918216E-03 -695.97992E-06
+42.33000E-06 -158.00000736E-03 -293.96988E-06
+42.34500E-06 -461.91960197E-03 +108.04017E-06
+42.36000E-06 +247.22611908E-03 -695.97992E-06
+42.37500E-06 +348.53265057E-03 -1.09798997E-03
+42.39000E-06 -360.61307048E-03 -293.96987E-06
+42.40500E-06 -360.61307036E-03 -293.96988E-06
+42.42000E-06 +382.30149450E-03 -1.09798997E-03
+42.43500E-06 +179.68843125E-03 -695.97992E-06
+42.45000E-06 -495.68844588E-03 +510.05022E-06
+42.46500E-06 -124.23116332E-03 -293.96988E-06
+42.48000E-06 +483.60802606E-03 -1.09798997E-03
+42.49500E-06 -22.92463191E-03 -293.96988E-06
+42.51000E-06 -563.22613357E-03 +510.05022E-06
+42.52500E-06 +78.38189982E-03 -293.96988E-06
+42.54000E-06 +483.60802600E-03 -1.09798997E-03
+42.55500E-06 -259.30653892E-03 -293.96988E-06
+42.57000E-06 -495.68844579E-03 +510.05022E-06
+42.58500E-06 +314.76380681E-03 -1.50000001E-03
+42.60000E-06 +348.53265055E-03 -695.97992E-06
+42.61500E-06 -461.91960204E-03 +108.04017E-06
+42.63000E-06 -326.84422648E-03 -695.97992E-06
+42.64500E-06 +449.83918222E-03 -1.09798997E-03
+42.66000E-06 +145.91958735E-03 -695.97992E-06
+42.67500E-06 -563.22613360E-03 +108.04017E-06
+42.69000E-06 -90.46231946E-03 -293.96988E-06
+42.70500E-06 +551.14571376E-03 -1.90201006E-03
+42.72000E-06 -90.46231966E-03 +108.04017E-06
+42.73500E-06 -596.99497741E-03 +108.04017E-06
+42.75000E-06 +145.91958756E-03 -1.09798997E-03
+42.76500E-06 +483.60802600E-03 -1.50000001E-03
+42.78000E-06 -360.61307048E-03 -293.96988E-06
+42.79500E-06 -495.68844579E-03 -293.96988E-06
+42.81000E-06 +382.30149453E-03 -1.09798997E-03
+42.82500E-06 +348.53265053E-03 -1.50000001E-03
+42.84000E-06 -529.45728978E-03 +912.06026E-06
+42.85500E-06 -293.07538260E-03 +108.04017E-06
+42.87000E-06 +517.37686994E-03 -1.50000001E-03
+42.88500E-06 +78.38189965E-03 +108.04017E-06
+42.90000E-06 -664.53266513E-03 +108.04017E-06
+42.91500E-06 -22.92463172E-03 -293.96988E-06
+42.93000E-06 +584.91455760E-03 -1.50000001E-03
+42.94500E-06 -158.00000738E-03 -695.97992E-06
+42.96000E-06 -630.76382125E-03 +510.05022E-06
+42.97500E-06 +247.22611914E-03 -293.96988E-06
+42.99000E-06 +517.37686984E-03 -1.09798997E-03
+43.00500E-06 -461.91960208E-03 +108.04017E-06
+43.02000E-06 -495.68844575E-03 +510.05022E-06
+43.03500E-06 +483.60802611E-03 -1.50000001E-03
+43.05000E-06 +280.99496281E-03 -695.97992E-06
+43.06500E-06 -630.76382134E-03 +510.05022E-06
+43.08000E-06 -225.53769488E-03 +108.04017E-06
+43.09500E-06 +618.68340151E-03 -1.50000001E-03
+43.11000E-06 +44.61305577E-03 -293.96988E-06
+43.12500E-06 -698.30150900E-03 +912.06026E-06
+43.14000E-06 +44.61305602E-03 -293.96988E-06
+43.15500E-06 +618.68340146E-03 -695.97992E-06
+43.17000E-06 -293.07538279E-03 +108.04017E-06
+43.18500E-06 -664.53266509E-03 -293.96988E-06
+43.20000E-06 +382.30149456E-03 -1.09798997E-03
+43.21500E-06 +517.37686982E-03 -1.50000001E-03
+43.23000E-06 -563.22613366E-03 +108.04017E-06
+43.24500E-06 -461.91960189E-03 -293.96988E-06
+43.26000E-06 +584.91455767E-03 -1.09798997E-03
+43.27500E-06 +280.99496276E-03 -1.50000001E-03
+43.29000E-06 -732.07035290E-03 +510.05022E-06
+43.30500E-06 -158.00000715E-03 -1.09798997E-03
+43.32000E-06 +719.98993305E-03 -1.50000001E-03
+43.33500E-06 -56.69347581E-03 +108.04017E-06
+43.35000E-06 -765.83919668E-03 +510.05022E-06
+43.36500E-06 +145.91958760E-03 -695.97992E-06
+43.38000E-06 +686.22108913E-03 -1.09798997E-03
+43.39500E-06 -394.38191439E-03 +108.04017E-06
+43.41000E-06 -664.53266506E-03 +510.05022E-06
+43.42500E-06 +517.37687000E-03 -1.50000001E-03
+43.44000E-06 +551.14571364E-03 -1.50000001E-03
+43.45500E-06 -664.53266522E-03 +510.05022E-06
+43.47000E-06 -428.15075801E-03 +510.05022E-06
+43.48500E-06 +753.75877693E-03 -1.09798997E-03
+43.50000E-06 +213.45727504E-03 -293.96987E-06
+43.51500E-06 -833.37688446E-03 +912.06026E-06
+43.53000E-06 -90.46231941E-03 +108.04017E-06
+43.54500E-06 +753.75877693E-03 -1.90201006E-03
+43.56000E-06 -158.00000743E-03 -293.96987E-06
+43.57500E-06 -833.37688440E-03 +510.05022E-06
+43.59000E-06 +280.99496304E-03 -1.09798997E-03
+43.60500E-06 +686.22108913E-03 -1.90201006E-03
+43.62000E-06 -529.45728983E-03 -293.96987E-06
+43.63500E-06 -664.53266504E-03 +108.04017E-06
+43.65000E-06 +584.91455774E-03 -695.97992E-06
+43.66500E-06 +449.83918208E-03 -1.90201006E-03
+43.68000E-06 -765.83919680E-03 +912.06026E-06
+43.69500E-06 -326.84422645E-03 +108.04017E-06
+43.71000E-06 +821.29646465E-03 -2.30402010E-03
+43.72500E-06 +112.15074344E-03 -695.97992E-06
+43.74000E-06 -934.68341602E-03 +108.04017E-06
+43.75500E-06 +10.84421219E-03 -293.96988E-06
+43.77000E-06 +855.06530849E-03 -1.09798997E-03
+43.78500E-06 -259.30653899E-03 -293.96987E-06
+43.80000E-06 -867.14572824E-03 +912.06026E-06
+43.81500E-06 +416.07033846E-03 -1.09798997E-03
+43.83000E-06 +686.22108911E-03 -1.90201006E-03
+43.84500E-06 -664.53266527E-03 +108.04017E-06
+43.86000E-06 -630.76382116E-03 +108.04017E-06
+43.87500E-06 +719.98993318E-03 -1.09798997E-03
+43.89000E-06 +416.07033817E-03 -1.09798997E-03
+43.90500E-06 -867.14572836E-03 +510.05022E-06
+43.92000E-06 -259.30653868E-03 -293.96988E-06
+43.93500E-06 +922.60299623E-03 -1.90201006E-03
+43.95000E-06 +44.61305570E-03 -1.09798997E-03
+43.96500E-06 -968.45225988E-03 +510.05022E-06
+43.98000E-06 +112.15074377E-03 -695.97992E-06
+43.99500E-06 +922.60299615E-03 -1.50000001E-03
+44.01000E-06 -394.38191446E-03 +108.04017E-06
+44.02500E-06 -900.91457205E-03 -293.96987E-06
+44.04000E-06 +551.14571393E-03 -1.90201006E-03
+44.05500E-06 +719.98993290E-03 -1.50000001E-03
+44.07000E-06 -765.83919687E-03 +108.04017E-06
+44.08500E-06 -630.76382111E-03 +108.04017E-06
+44.10000E-06 +888.83415243E-03 -1.50000001E-03
+44.11500E-06 +348.53265043E-03 -695.97992E-06
+44.13000E-06 -1.03598994764E+00 +912.06026E-06
+44.14500E-06 -191.76885092E-03 -293.96988E-06
+44.16000E-06 +990.14068393E-03 -2.30402011E-03
+44.17500E-06 -90.46231975E-03 -293.96988E-06
+44.19000E-06 -1.03598994755E+00 +912.06026E-06
+44.20500E-06 +247.22611924E-03 -1.50000001E-03
+44.22000E-06 +956.37183996E-03 -1.90201006E-03
+44.23500E-06 -563.22613374E-03 +912.06026E-06
+44.25000E-06 -900.91457203E-03 +912.06026E-06
+44.26500E-06 +719.98993318E-03 -1.50000001E-03
+44.28000E-06 +686.22108904E-03 -1.90201006E-03
+44.29500E-06 -934.68341615E-03 +1.31407031E-03
+44.31000E-06 -529.45728953E-03 +108.04017E-06
+44.32500E-06 +990.14068399E-03 -1.90201006E-03
+44.34000E-06 +280.99496268E-03 -1.50000001E-03
+44.35500E-06 -1.13729647920E+00 +912.06026E-06
+44.37000E-06 -90.46231931E-03 -695.97992E-06
+44.38500E-06 +1.09144721548E+00 -1.90201006E-03
+44.40000E-06 -225.53769521E-03 +108.04017E-06
+44.41500E-06 -1.10352763523E+00 +912.06026E-06
+44.43000E-06 +416.07033854E-03 -1.50000001E-03
+44.44500E-06 +956.37183996E-03 -1.90201006E-03
+44.46000E-06 -765.83919687E-03 +108.04017E-06
+44.47500E-06 -867.14572814E-03 +912.06026E-06
+44.49000E-06 +855.06530864E-03 -1.90201006E-03
+44.50500E-06 +618.68340129E-03 -1.50000001E-03
+44.52000E-06 -1.06975879154E+00 +1.31407031E-03
+44.53500E-06 -461.91960176E-03 +108.04017E-06
+44.55000E-06 +1.12521605941E+00 -1.90201006E-03
+44.56500E-06 +145.91958722E-03 -293.96987E-06
+44.58000E-06 -1.20483416689E+00 +2.11809040E-03
+44.59500E-06 +78.38189997E-03 -695.97992E-06
+44.61000E-06 +1.15898490316E+00 -1.90201006E-03
+44.62500E-06 -428.15075835E-03 -695.97992E-06
+44.64000E-06 -1.13729647906E+00 +912.06026E-06
+44.65500E-06 +618.68340170E-03 -1.50000001E-03
+44.67000E-06 +956.37183991E-03 -1.50000001E-03
+44.68500E-06 -900.91457234E-03 +510.05022E-06
+44.70000E-06 -833.37688421E-03 +912.06026E-06
+44.71500E-06 +1.05767837176E+00 -1.50000001E-03
+44.73000E-06 +551.14571353E-03 -1.09798997E-03
+44.74500E-06 -1.20483416696E+00 +1.31407031E-03
+44.76000E-06 -326.84422632E-03 +108.04017E-06
+44.77500E-06 +1.26029143480E+00 -2.30402010E-03
+44.79000E-06 +10.84421177E-03 -293.96987E-06
+44.80500E-06 -1.30614069845E+00 +1.71608035E-03
+44.82000E-06 +247.22611929E-03 -695.97992E-06
+44.83500E-06 +1.22652259083E+00 -2.70603015E-03
+44.85000E-06 -563.22613382E-03 +108.04017E-06
+44.86500E-06 -1.13729647903E+00 +1.71608035E-03
+44.88000E-06 +787.52762098E-03 -1.90201006E-03
+44.89500E-06 +922.60299600E-03 -1.90201006E-03
+44.91000E-06 -1.06975879162E+00 +1.31407031E-03
+44.92500E-06 -732.07035265E-03 +108.04017E-06
+44.94000E-06 +1.15898490334E+00 -1.90201006E-03
+44.95500E-06 +416.07033808E-03 -1.50000001E-03
+44.97000E-06 -1.33990954238E+00 +1.71608035E-03
+44.98500E-06 -191.76885083E-03 -293.96988E-06
+45.00000E-06 +1.36159796636E+00 -2.70603015E-03
+45.01500E-06 -158.00000758E-03 +108.04017E-06
+45.03000E-06 -1.37367838609E+00 +1.31407031E-03
+45.04500E-06 +449.83918243E-03 -1.09798997E-03
+45.06000E-06 +1.26029143464E+00 -1.90201006E-03
+45.07500E-06 -765.83919698E-03 +510.05022E-06
+45.09000E-06 -1.17106532282E+00 +1.31407031E-03
+45.10500E-06 +990.14068411E-03 -2.30402010E-03
+45.12000E-06 +855.06530825E-03 -1.90201006E-03
+45.13500E-06 -1.23860301089E+00 +1.31407031E-03
+45.15000E-06 -664.53266486E-03 +108.04017E-06
+45.16500E-06 +1.32782912261E+00 -2.30402010E-03
+45.18000E-06 +314.76380645E-03 -1.09798997E-03
+45.19500E-06 -1.50875376163E+00 +1.71608035E-03
+45.21000E-06 -56.69347538E-03 -695.97992E-06
+45.22500E-06 +1.46290449789E+00 -2.30402010E-03
+45.24000E-06 -326.84422686E-03 +108.04017E-06
+45.25500E-06 -1.44121607379E+00 +2.11809040E-03
+45.27000E-06 +618.68340178E-03 -1.09798997E-03
+45.28500E-06 +1.26029143458E+00 -2.30402010E-03
+45.30000E-06 -968.45226014E-03 +912.06026E-06
+45.31500E-06 -1.10352763507E+00 +912.06026E-06
+45.33000E-06 +1.15898490344E+00 -1.90201006E-03
+45.34500E-06 +821.29646431E-03 -1.90201006E-03
+45.36000E-06 -1.40744723017E+00 +1.31407031E-03
+45.37500E-06 -529.45728941E-03 +510.05022E-06
+45.39000E-06 +1.49667334184E+00 -3.10804020E-03
+45.40500E-06 +145.91958712E-03 -695.97992E-06
+45.42000E-06 -1.57629144934E+00 +2.11809040E-03
+45.43500E-06 +145.91958778E-03 -293.96988E-06
+45.45000E-06 +1.49667334172E+00 -2.70603015E-03
+45.46500E-06 -563.22613388E-03 +108.04017E-06
+45.48000E-06 -1.44121607373E+00 +1.71608035E-03
+45.49500E-06 +821.29646492E-03 -1.50000001E-03
+45.51000E-06 +1.22652259072E+00 -1.90201006E-03
+45.52500E-06 -1.17106532328E+00 +912.06026E-06
+45.54000E-06 -1.03598994732E+00 +912.06026E-06
+45.55500E-06 +1.36159796653E+00 -1.90201006E-03
+45.57000E-06 +652.45224501E-03 -1.09798997E-03
+45.58500E-06 -1.57629144942E+00 +1.31407031E-03
+45.60000E-06 -394.38191392E-03 +510.05022E-06
+45.61500E-06 +1.59797987339E+00 -2.70603015E-03
+45.63000E-06 -22.92463221E-03 -293.96987E-06
+45.64500E-06 -1.67759798085E+00 +1.71608035E-03
+45.66000E-06 +348.53265099E-03 -1.09798997E-03
+45.67500E-06 +1.53044218555E+00 -2.30402010E-03
+45.69000E-06 -799.60804090E-03 +1.31407031E-03
+45.70500E-06 -1.44121607368E+00 +1.31407031E-03
+45.72000E-06 +1.02390952806E+00 -1.90201006E-03
+45.73500E-06 +1.15898490292E+00 -1.90201006E-03
+45.75000E-06 -1.40744723025E+00 +1.31407031E-03
+45.76500E-06 -934.68341566E-03 +912.06026E-06
+45.78000E-06 +1.53044218583E+00 -3.10804020E-03
+45.79500E-06 +551.14571340E-03 -1.50000001E-03
+45.81000E-06 -1.74513566867E+00 +2.11809040E-03
+45.82500E-06 -158.00000689E-03 +108.04017E-06
+45.84000E-06 +1.73305524878E+00 -2.70603015E-03
+45.85500E-06 -259.30653925E-03 +510.05022E-06
+45.87000E-06 -1.74513566851E+00 +2.52010045E-03
+45.88500E-06 +584.91455799E-03 -695.97992E-06
+45.90000E-06 +1.56421102931E+00 -2.30402010E-03
+45.91500E-06 -1.00222110406E+00 +1.31407031E-03
+45.93000E-06 -1.44121607360E+00 +2.11809040E-03
+45.94500E-06 +1.26029143508E+00 -2.30402011E-03
+45.96000E-06 +1.09144721514E+00 -1.90201006E-03
+45.97500E-06 -1.61006029338E+00 +2.11809040E-03
+45.99000E-06 -765.83919633E-03 +1.31407031E-03
+46.00500E-06 +1.69928640505E+00 -2.70603015E-03
+46.02000E-06 +314.76380638E-03 -293.96987E-06
+46.03500E-06 -1.84644220022E+00 +2.52010045E-03
+46.05000E-06 +44.61305630E-03 -293.96988E-06
+46.06500E-06 +1.80059293645E+00 -2.30402011E-03
+46.08000E-06 -495.68844628E-03 +510.05022E-06
+46.09500E-06 -1.77890451229E+00 +2.11809040E-03
+46.11000E-06 +821.29646501E-03 -1.90201006E-03
+46.12500E-06 +1.53044218539E+00 -2.30402010E-03
+46.14000E-06 -1.23860301108E+00 +1.71608035E-03
+46.15500E-06 -1.30614069813E+00 +1.31407031E-03
+46.17000E-06 +1.49667334205E+00 -2.30402011E-03
+46.18500E-06 +956.37183965E-03 -1.50000001E-03
+46.20000E-06 -1.81267335646E+00 +2.11809040E-03
+46.21500E-06 -596.99497700E-03 +510.05022E-06
+46.23000E-06 +1.86813062429E+00 -3.10804020E-03
+46.24500E-06 +145.91958697E-03 -695.97992E-06
+46.26000E-06 -1.98151757560E+00 +2.52010045E-03
+46.27500E-06 +247.22611951E-03 -293.96988E-06
+46.29000E-06 +1.86813062411E+00 -2.70603015E-03
+46.30500E-06 -698.30150947E-03 +912.06026E-06
+46.32000E-06 -1.77890451223E+00 +1.71608035E-03
+46.33500E-06 +1.05767837201E+00 -1.50000001E-03
+46.35000E-06 +1.46290449764E+00 -2.70603015E-03
+46.36500E-06 -1.47498491808E+00 +2.11809040E-03
+46.38000E-06 -1.20483416652E+00 +1.31407031E-03
+46.39500E-06 +1.73305524902E+00 -3.10804020E-03
+46.41000E-06 +821.29646417E-03 -1.50000001E-03
+46.42500E-06 -1.98151757571E+00 +2.92211049E-03
+46.44000E-06 -428.15075764E-03 -293.96988E-06
+46.45500E-06 +2.00320599968E+00 -3.10804020E-03
+46.47000E-06 -124.23116389E-03 -293.96987E-06
+46.48500E-06 -2.08282410710E+00 +2.52010045E-03
+46.50000E-06 +517.37687037E-03 -1.09798997E-03
+46.51500E-06 +1.90189946789E+00 -2.70603015E-03
+46.53000E-06 -1.00222110416E+00 +912.06026E-06
+46.54500E-06 -1.71136682446E+00 +1.71608035E-03
+46.56000E-06 +1.32782912289E+00 -2.30402010E-03
+46.57500E-06 +1.36159796597E+00 -1.90201006E-03
+46.59000E-06 -1.74513566888E+00 +2.11809040E-03
+46.60500E-06 -1.06975879099E+00 +912.06026E-06
+46.62000E-06 +1.90189946829E+00 -2.70603015E-03
+46.63500E-06 +584.91455712E-03 -695.97992E-06
+46.65000E-06 -2.11659295112E+00 +2.92211049E-03
+46.66500E-06 -191.76885059E-03 -293.96988E-06
+46.68000E-06 +2.13828137503E+00 -2.70603015E-03
+46.69500E-06 -360.61307094E-03 +912.06026E-06
+46.71000E-06 -2.08282410704E+00 +2.92211049E-03
+46.72500E-06 +787.52762125E-03 -1.50000001E-03
+46.74000E-06 +1.86813062397E+00 -2.70603015E-03
+46.75500E-06 -1.30614069885E+00 +1.71608036E-03
+46.77000E-06 -1.64382913668E+00 +2.11809040E-03
+46.78500E-06 +1.59797987372E+00 -3.10804020E-03
+46.80000E-06 +1.26029143433E+00 -2.30402010E-03
+46.81500E-06 -1.98151757585E+00 +2.92211049E-03
+46.83000E-06 -867.14572783E-03 +912.06026E-06
+46.84500E-06 +2.07074368751E+00 -3.10804020E-03
+46.86000E-06 +348.53265007E-03 -695.97992E-06
+46.87500E-06 -2.28543717033E+00 +3.32412054E-03
+46.89000E-06 +112.15074413E-03 -293.96988E-06
+46.90500E-06 +2.17205021886E+00 -3.10804020E-03
+46.92000E-06 -630.76382183E-03 +912.06026E-06
+46.93500E-06 -2.08282410698E+00 +2.92211049E-03
+46.95000E-06 +1.09144721597E+00 -2.30402011E-03
+46.96500E-06 +1.80059293616E+00 -2.70603015E-03
+46.98000E-06 -1.54252260587E+00 +2.52010045E-03
+46.99500E-06 -1.50875376118E+00 +1.71608035E-03
+47.01000E-06 +1.83436178069E+00 -3.10804020E-03
+47.02500E-06 +1.09144721497E+00 -1.90201006E-03
+47.04000E-06 -2.15036179509E+00 +3.32412054E-03
+47.05500E-06 -630.76382074E-03 +912.06026E-06
+47.07000E-06 +2.27335675058E+00 -3.51005024E-03
+47.08500E-06 +78.38189913E-03 -293.96987E-06
+47.10000E-06 -2.31920601416E+00 +2.92211049E-03
+47.11500E-06 +382.30149504E-03 -695.97992E-06
+47.13000E-06 +2.20581906261E+00 -3.10804020E-03
+47.14500E-06 -934.68341655E-03 +510.05022E-06
+47.16000E-06 -2.04905526303E+00 +3.32412054E-03
+47.17500E-06 +1.36159796685E+00 -2.30402011E-03
+47.19000E-06 +1.73305524838E+00 -2.30402010E-03
+47.20500E-06 -1.81267335670E+00 +2.92211049E-03
+47.22000E-06 -1.37367838567E+00 +1.71608035E-03
+47.23500E-06 +2.07074368765E+00 -3.10804020E-03
+47.25000E-06 +855.06530792E-03 -1.09798997E-03
+47.26500E-06 -2.31920601430E+00 +2.92211049E-03
+47.28000E-06 -394.38191372E-03 +108.04017E-06
+47.29500E-06 +2.37466328210E+00 -3.51005024E-03
+47.31000E-06 -191.76885176E-03 +108.04017E-06
+47.32500E-06 -2.38674370179E+00 +3.72613058E-03
+47.34000E-06 +686.22108979E-03 -1.09798997E-03
+47.35500E-06 +2.20581906255E+00 -2.70603015E-03
+47.37000E-06 -1.27237185509E+00 +1.71608036E-03
+47.38500E-06 -1.98151757522E+00 +2.52010045E-03
+47.40000E-06 +1.66551756151E+00 -2.70603015E-03
+47.41500E-06 +1.53044218521E+00 -2.30402010E-03
+47.43000E-06 -2.04905526369E+00 +2.92211049E-03
+47.44500E-06 -1.17106532245E+00 +1.71608035E-03
+47.46000E-06 +2.23958790692E+00 -3.51005024E-03
+47.47500E-06 +584.91455700E-03 -1.50000001E-03
+47.49000E-06 -2.48805023354E+00 +3.32412054E-03
+47.50500E-06 -124.23116275E-03 +108.04017E-06
+47.52000E-06 +2.44220096976E+00 -3.10804020E-03
+47.53500E-06 -529.45729034E-03 +510.05022E-06
+47.55000E-06 -2.38674370170E+00 +3.72613058E-03
+47.56500E-06 +990.14068453E-03 -1.90201006E-03
+47.58000E-06 +2.10451253090E+00 -3.10804020E-03
+47.59500E-06 -1.57629144981E+00 +2.52010045E-03
+47.61000E-06 -1.88021104358E+00 +2.92211049E-03
+47.62500E-06 +1.90189946850E+00 -3.51005024E-03
+47.64000E-06 +1.36159796582E+00 -1.90201006E-03
+47.65500E-06 -2.28543717062E+00 +3.32412054E-03
+47.67000E-06 -900.91457153E-03 +1.31407031E-03
+47.68500E-06 +2.44220096996E+00 -3.51005024E-03
+47.70000E-06 +314.76380608E-03 -695.97992E-06
+47.71500E-06 -2.58935676500E+00 +4.12814063E-03
+47.73000E-06 +179.68843203E-03 -1.09798997E-03
+47.74500E-06 +2.47596981356E+00 -3.91206029E-03
+47.76000E-06 -799.60804125E-03 +1.71608035E-03
+47.77500E-06 -2.38674370158E+00 +3.72613058E-03
+47.79000E-06 +1.32782912308E+00 -2.30402011E-03
+47.80500E-06 +2.03697484306E+00 -3.10804020E-03
+47.82000E-06 -1.84644220066E+00 +2.52010045E-03
+47.83500E-06 -1.67759798035E+00 +2.11809040E-03
+47.85000E-06 +2.17205021930E+00 -3.51005024E-03
+47.86500E-06 +1.12521605873E+00 -2.70603015E-03
+47.88000E-06 -2.45428138986E+00 +4.12814063E-03
+47.89500E-06 -664.53266448E-03 +912.06026E-06
+47.91000E-06 +2.57727634531E+00 -3.91206029E-03
+47.92500E-06 +10.84421131E-03 +108.04017E-06
+47.94000E-06 -2.65689445269E+00 +3.32412054E-03
+47.95500E-06 +483.60802678E-03 -1.50000001E-03
+47.97000E-06 +2.47596981343E+00 -3.51005024E-03
+47.98500E-06 -1.13729647983E+00 +1.71608036E-03
+48.00000E-06 -2.28543716993E+00 +3.32412054E-03
+48.01500E-06 +1.63174871776E+00 -2.70603015E-03
+48.03000E-06 +1.90189946755E+00 -3.10804020E-03
+48.04500E-06 -2.11659295148E+00 +3.72613058E-03
+48.06000E-06 -1.50875376095E+00 +2.52010044E-03
+48.07500E-06 +2.37466328243E+00 -3.51005024E-03
+48.09000E-06 +888.83415164E-03 -1.09798997E-03
+48.10500E-06 -2.62312560907E+00 +3.32412054E-03
+48.12000E-06 -360.61306970E-03 +108.04017E-06
+48.13500E-06 +2.64481403294E+00 -3.51005024E-03
+48.15000E-06 -293.07538347E-03 +108.04017E-06
+48.16500E-06 -2.65689445263E+00 +4.53015068E-03
+48.18000E-06 +821.29646535E-03 -1.50000001E-03
+48.19500E-06 +2.44220096948E+00 -3.91206029E-03
+48.21000E-06 -1.47498491837E+00 +2.11809040E-03
+48.22500E-06 -2.15036179443E+00 +2.11809040E-03
+48.24000E-06 +1.90189946861E+00 -2.70603015E-03
+48.25500E-06 +1.69928640432E+00 -2.70603015E-03
+48.27000E-06 -2.31920601458E+00 +3.32412054E-03
+48.28500E-06 -1.20483416621E+00 +1.71608035E-03
+48.30000E-06 +2.57727634547E+00 -3.91206029E-03
+48.31500E-06 +584.91455690E-03 -695.97992E-06
+48.33000E-06 -2.75820098439E+00 +4.12814063E-03
+48.34500E-06 -56.69347492E-03 +108.04017E-06
+48.36000E-06 +2.74612056436E+00 -3.51005024E-03
+48.37500E-06 -630.76382201E-03 +1.31407031E-03
+48.39000E-06 -2.62312560867E+00 +3.72613058E-03
+48.40500E-06 +1.19275374776E+00 -1.90201006E-03
+48.42000E-06 +2.30712559397E+00 -3.10804020E-03
+48.43500E-06 -1.77890451305E+00 +2.52010045E-03
+48.45000E-06 -1.98151757506E+00 +2.92211049E-03
+48.46500E-06 +2.17205021940E+00 -3.91206029E-03
+48.48000E-06 +1.46290449723E+00 -2.30402010E-03
+48.49500E-06 -2.55558792154E+00 +3.72613058E-03
+48.51000E-06 -934.68341526E-03 +1.71608035E-03
+48.52500E-06 +2.71235172081E+00 -3.91206029E-03
+48.54000E-06 +247.22611823E-03 -293.96987E-06
+48.55500E-06 -2.85950751587E+00 +4.12814063E-03
+48.57000E-06 +280.99496368E-03 -695.97992E-06
+48.58500E-06 +2.71235172050E+00 -4.31407033E-03
+48.60000E-06 -934.68341679E-03 +1.31407031E-03
+48.61500E-06 -2.55558792079E+00 +2.92211049E-03
+48.63000E-06 +1.53044218633E+00 -3.51005024E-03
+48.64500E-06 +2.20581906223E+00 -2.70603015E-03
+48.66000E-06 -2.08282410773E+00 +3.72613058E-03
+48.67500E-06 -1.74513566797E+00 +2.92211049E-03
+48.69000E-06 +2.40843212636E+00 -3.51005024E-03
+48.70500E-06 +1.19275374631E+00 -1.90201006E-03
+48.72000E-06 -2.75820098454E+00 +4.12814063E-03
+48.73500E-06 -630.76382048E-03 +912.06026E-06
+48.75000E-06 +2.81365825229E+00 -4.71608038E-03
+48.76500E-06 -56.69347652E-03 +108.04017E-06
+48.78000E-06 -2.85950751580E+00 +3.72613058E-03
+48.79500E-06 +652.45224612E-03 -1.50000001E-03
+48.81000E-06 +2.64481403268E+00 -3.10804020E-03
+48.82500E-06 -1.33990954305E+00 +1.31407031E-03
+48.84000E-06 -2.42051254531E+00 +3.72613058E-03
+48.85500E-06 +1.83436178101E+00 -2.70603015E-03
+48.87000E-06 +1.90189946755E+00 -3.10804020E-03
+48.88500E-06 -2.35297485852E+00 +3.32412054E-03
+48.90000E-06 -1.50875376088E+00 +1.71608035E-03
+48.91500E-06 +2.64481403325E+00 -3.91206029E-03
+48.93000E-06 +922.60299536E-03 -1.50000001E-03
+48.94500E-06 -2.89327635989E+00 +4.12814063E-03
+48.96000E-06 -259.30653801E-03 +510.05022E-06
+48.97500E-06 +2.88119593992E+00 -3.91206029E-03
+48.99000E-06 -428.15075899E-03 +912.06026E-06
+49.00500E-06 -2.82573867184E+00 +4.53015068E-03
+49.02000E-06 +990.14068469E-03 -1.50000001E-03
+49.03500E-06 +2.54350750100E+00 -3.91206029E-03
+49.05000E-06 -1.64382913774E+00 +2.52010045E-03
+49.06500E-06 -2.25166832591E+00 +3.32412054E-03
+49.08000E-06 +2.10451253180E+00 -3.10804020E-03
+49.09500E-06 +1.73305524814E+00 -2.30402010E-03
+49.11000E-06 -2.55558792158E+00 +4.12814063E-03
+49.12500E-06 -1.23860300993E+00 +1.31407031E-03
+49.14000E-06 +2.74612056477E+00 -3.51005024E-03
+49.15500E-06 +551.14571293E-03 -1.09798997E-03
+49.17000E-06 -2.96081404754E+00 +4.53015068E-03
+49.18500E-06 +44.61305677E-03 -293.96988E-06
+49.20000E-06 +2.88119593982E+00 -3.51005024E-03
+49.21500E-06 -765.83919759E-03 +1.31407031E-03
+49.23000E-06 -2.75820098402E+00 +4.12814063E-03
+49.24500E-06 +1.36159796709E+00 -2.70603015E-03
+49.26000E-06 +2.37466328163E+00 -3.51005024E-03
+49.27500E-06 -1.98151757627E+00 +2.92211049E-03
+49.29000E-06 -2.04905526264E+00 +3.32412054E-03
+49.30500E-06 +2.37466328261E+00 -3.51005024E-03
+49.32000E-06 +1.46290449719E+00 -2.30402010E-03
+49.33500E-06 -2.75820098465E+00 +4.53015068E-03
+49.35000E-06 -867.14572749E-03 +1.31407031E-03
+49.36500E-06 +2.88119594008E+00 -3.51005024E-03
+49.38000E-06 +179.68843046E-03 -293.96987E-06
+49.39500E-06 -2.99458289123E+00 +4.93216072E-03
+49.41000E-06 +416.07033920E-03 -695.97992E-06
+49.42500E-06 +2.84742709585E+00 -3.91206029E-03
+49.44000E-06 -1.10352763613E+00 +1.71608036E-03
+49.45500E-06 -2.62312560848E+00 +4.53015067E-03
+49.47000E-06 +1.69928640563E+00 -2.30402011E-03
+49.48500E-06 +2.20581906222E+00 -3.10804020E-03
+49.50000E-06 -2.28543717088E+00 +3.72613059E-03
+49.51500E-06 -1.77890451172E+00 +2.92211049E-03
+49.53000E-06 +2.57727634564E+00 -3.10804020E-03
+49.54500E-06 +1.15898490237E+00 -1.90201006E-03
+49.56000E-06 -2.89327636002E+00 +4.53015068E-03
+49.57500E-06 -563.22613271E-03 +912.06026E-06
+49.59000E-06 +2.94873362773E+00 -4.31407033E-03
+49.60500E-06 -158.00000818E-03 +108.04017E-06
+49.62000E-06 -2.96081404734E+00 +4.93216072E-03
+49.63500E-06 +787.52762164E-03 -695.97992E-06
+49.65000E-06 +2.74612056413E+00 -4.31407033E-03
+49.66500E-06 -1.44121607467E+00 +2.11809040E-03
+49.68000E-06 -2.45428138907E+00 +4.12814063E-03
+49.69500E-06 +1.96943715648E+00 -2.70603015E-03
+49.71000E-06 +1.96943715513E+00 -3.10804020E-03
+49.72500E-06 -2.52181907781E+00 +4.12814063E-03
+49.74000E-06 -1.50875376077E+00 +2.11809040E-03
+49.75500E-06 +2.77988940870E+00 -3.91206029E-03
+49.77000E-06 +855.06530759E-03 -1.09798997E-03
+49.78500E-06 -2.96081404760E+00 +4.53015068E-03
+49.80000E-06 -225.53769407E-03 +108.04017E-06
+49.81500E-06 +2.94873362763E+00 -4.31407033E-03
+49.83000E-06 -563.22613444E-03 +912.06026E-06
+49.84500E-06 -2.89327635954E+00 +4.53015068E-03
+49.86000E-06 +1.12521606021E+00 -1.50000001E-03
+49.87500E-06 +2.57727634479E+00 -3.51005024E-03
+49.89000E-06 -1.77890451321E+00 +2.92211049E-03
+49.90500E-06 -2.25166832584E+00 +3.32412054E-03
+49.92000E-06 +2.27335675105E+00 -3.10804020E-03
+49.93500E-06 +1.73305524800E+00 -2.30402010E-03
+49.95000E-06 -2.65689445321E+00 +4.53015068E-03
+49.96500E-06 -1.17106532216E+00 +1.71608035E-03
+49.98000E-06 +2.88119594018E+00 -3.91206029E-03
+49.99500E-06 +483.60802509E-03 -695.97992E-06
+50.01000E-06 -3.02835173522E+00 +5.33417077E-03
+50.02500E-06 +179.68843222E-03 -293.96988E-06
+50.04000E-06 +2.91496478363E+00 -3.91206029E-03
+50.05500E-06 -900.91457301E-03 +912.06026E-06
+50.07000E-06 -2.75820098396E+00 +4.12814063E-03
+50.08500E-06 +1.46290449871E+00 -2.30402011E-03
+50.10000E-06 +2.37466328156E+00 -3.51005024E-03
+50.11500E-06 -2.08282410785E+00 +3.72613059E-03
+50.13000E-06 -1.98151757491E+00 +3.32412054E-03
+50.14500E-06 +2.47596981418E+00 -4.31407033E-03
+50.16000E-06 +1.39536680939E+00 -2.30402010E-03
+50.17500E-06 -2.82573867238E+00 +4.12814063E-03
+50.19000E-06 -833.37688352E-03 +912.06026E-06
+50.20500E-06 +2.91496478390E+00 -3.91206029E-03
+50.22000E-06 +112.15074266E-03 -293.96987E-06
+50.23500E-06 -3.02835173508E+00 +4.53015068E-03
+50.25000E-06 +517.37687083E-03 -695.97992E-06
+50.26500E-06 +2.81365825197E+00 -4.71608038E-03
+50.28000E-06 -1.20483416776E+00 +2.11809040E-03
+50.29500E-06 -2.62312560838E+00 +4.53015067E-03
+50.31000E-06 +1.76682409342E+00 -3.51005024E-03
+50.32500E-06 +2.17205021829E+00 -3.10804020E-03
+50.34000E-06 -2.31920601480E+00 +3.72613059E-03
+50.35500E-06 -1.67759798010E+00 +2.52010045E-03
+50.37000E-06 +2.64481403338E+00 -3.91206029E-03
+50.38500E-06 +1.09144721454E+00 -1.50000001E-03
+50.40000E-06 -2.92704520385E+00 +5.33417077E-03
+50.41500E-06 -461.91960105E-03 +108.04017E-06
+50.43000E-06 +2.94873362769E+00 -4.31407033E-03
+50.44500E-06 -259.30653981E-03 -293.96987E-06
+50.46000E-06 -2.96081404725E+00 +4.12814063E-03
+50.47500E-06 +821.29646558E-03 -1.90201006E-03
+50.49000E-06 +2.67858287642E+00 -4.31407033E-03
+50.50500E-06 -1.54252260629E+00 +2.11809040E-03
+50.52000E-06 -2.38674370135E+00 +3.72613058E-03
+50.53500E-06 +2.03697484420E+00 -3.51005024E-03
+50.55000E-06 +1.90189946733E+00 -3.51005024E-03
+50.56500E-06 -2.52181907786E+00 +3.72613059E-03
+50.58000E-06 -1.40744722918E+00 +2.52010044E-03
+50.59500E-06 +2.77988940864E+00 -3.91206029E-03
+50.61000E-06 +719.98993214E-03 -1.09798997E-03
+50.62500E-06 -2.99458289139E+00 +4.93216072E-03
+50.64000E-06 -124.23116248E-03 -293.96988E-06
+50.65500E-06 +2.91496478372E+00 -3.91206029E-03
+50.67000E-06 -596.99497838E-03 +510.05022E-06
+50.68500E-06 -2.82573867173E+00 +4.53015068E-03
+50.70000E-06 +1.15898490411E+00 -2.30402011E-03
+50.71500E-06 +2.50973865701E+00 -3.91206029E-03
+50.73000E-06 -1.84644220093E+00 +3.32412054E-03
+50.74500E-06 -2.15036179422E+00 +3.72613058E-03
+50.76000E-06 +2.27335675108E+00 -3.51005024E-03
+50.77500E-06 +1.56421102873E+00 -2.70603015E-03
+50.79000E-06 -2.69066329698E+00 +4.12814063E-03
+50.80500E-06 -1.03598994667E+00 +1.31407031E-03
+50.82000E-06 +2.84742709629E+00 -4.31407033E-03
+50.83500E-06 +314.76380585E-03 -1.09798997E-03
+50.85000E-06 -2.99458289128E+00 +4.93216072E-03
+50.86500E-06 +314.76380767E-03 -1.09798997E-03
+50.88000E-06 +2.84742709585E+00 -4.71608038E-03
+50.89500E-06 -968.45226077E-03 +1.71608036E-03
+50.91000E-06 -2.69066329618E+00 +4.53015068E-03
+50.92500E-06 +1.49667334257E+00 -2.30402011E-03
+50.94000E-06 +2.23958790609E+00 -3.10804020E-03
+50.95500E-06 -2.04905526402E+00 +3.72613058E-03
+50.97000E-06 -1.84644219944E+00 +3.32412054E-03
+50.98500E-06 +2.44220097031E+00 -3.91206029E-03
+51.00000E-06 +1.26029143391E+00 -1.90201006E-03
+51.01500E-06 -2.79196982842E+00 +4.53015068E-03
+51.03000E-06 -698.30150806E-03 +108.04017E-06
+51.04500E-06 +2.84742709618E+00 -3.91206029E-03
+51.06000E-06 -22.92463279E-03 -293.96987E-06
+51.07500E-06 -2.89327635963E+00 +4.53015068E-03
+51.09000E-06 +551.14571474E-03 -1.50000001E-03
+51.10500E-06 +2.71235172030E+00 -4.31407033E-03
+51.12000E-06 -1.27237185548E+00 +2.11809040E-03
+51.13500E-06 -2.45428138908E+00 +4.12814063E-03
+51.15000E-06 +1.80059293721E+00 -3.10804020E-03
+51.16500E-06 +2.00320599895E+00 -3.51005024E-03
+51.18000E-06 -2.28543717090E+00 +4.12814063E-03
+51.19500E-06 -1.57629144847E+00 +2.52010044E-03
+51.21000E-06 +2.57727634560E+00 -3.91206029E-03
+51.22500E-06 +956.37183908E-03 -1.90201006E-03
+51.24000E-06 -2.82573867224E+00 +4.53015068E-03
+51.25500E-06 -326.84422564E-03 +510.05021E-06
+51.27000E-06 +2.84742709603E+00 -3.91206029E-03
+51.28500E-06 -360.61307136E-03 +912.06026E-06
+51.30000E-06 -2.79196982793E+00 +4.53015068E-03
+51.31500E-06 +888.83415331E-03 -1.90201006E-03
+51.33000E-06 +2.50973865710E+00 -3.51005024E-03
+51.34500E-06 -1.54252260626E+00 +2.52010045E-03
+51.36000E-06 -2.21789948198E+00 +4.12814063E-03
+51.37500E-06 +2.00320600026E+00 -2.70603015E-03
+51.39000E-06 +1.69928640421E+00 -2.30402010E-03
+51.40500E-06 -2.45428139009E+00 +4.53015068E-03
+51.42000E-06 -1.23860300983E+00 +2.11809040E-03
+51.43500E-06 +2.64481403325E+00 -4.31407033E-03
+51.45000E-06 +584.91455669E-03 -695.97992E-06
+51.46500E-06 -2.79196982823E+00 +4.53015068E-03
+51.48000E-06 +10.84421297E-03 -695.97992E-06
+51.49500E-06 +2.74612056434E+00 -3.91206029E-03
+51.51000E-06 -698.30150993E-03 +912.06026E-06
+51.52500E-06 -2.65689445238E+00 +4.53015068E-03
+51.54000E-06 +1.19275374790E+00 -2.30402011E-03
+51.55500E-06 +2.30712559382E+00 -3.51005024E-03
+51.57000E-06 -1.84644220089E+00 +3.32412054E-03
+51.58500E-06 -1.98151757488E+00 +2.92211049E-03
+51.60000E-06 +2.17205021949E+00 -3.10804020E-03
+51.61500E-06 +1.39536680939E+00 -1.50000001E-03
+51.63000E-06 -2.55558792156E+00 +4.12814063E-03
+51.64500E-06 -900.91457126E-03 +1.31407031E-03
+51.66000E-06 +2.64481403314E+00 -3.91206029E-03
+51.67500E-06 +247.22611805E-03 -293.96987E-06
+51.69000E-06 -2.79196982812E+00 +4.12814063E-03
+51.70500E-06 +348.53265150E-03 -1.09798997E-03
+51.72000E-06 +2.64481403264E+00 -3.91206029E-03
+51.73500E-06 -968.45226078E-03 +1.31407031E-03
+51.75000E-06 -2.45428138917E+00 +3.72613058E-03
+51.76500E-06 +1.49667334249E+00 -2.70603015E-03
+51.78000E-06 +2.03697484290E+00 -3.10804020E-03
+51.79500E-06 -2.01528642004E+00 +3.32412054E-03
+51.81000E-06 -1.64382913628E+00 +2.52010044E-03
+51.82500E-06 +2.30712559481E+00 -3.91206029E-03
+51.84000E-06 +1.09144721464E+00 -1.90201006E-03
+51.85500E-06 -2.62312560913E+00 +4.12814063E-03
+51.87000E-06 -596.99497652E-03 +108.04017E-06
+51.88500E-06 +2.61104518916E+00 -3.91206029E-03
+51.90000E-06 -124.23116430E-03 +510.05022E-06
+51.91500E-06 -2.69066329642E+00 +4.53015068E-03
+51.93000E-06 +618.68340243E-03 -1.90201006E-03
+51.94500E-06 +2.44220096948E+00 -3.91206029E-03
+51.96000E-06 -1.23860301155E+00 +1.71608036E-03
+51.97500E-06 -2.21789948211E+00 +3.72613058E-03
+51.99000E-06 +1.73305524944E+00 -3.10804020E-03
+52.00500E-06 +1.76682409198E+00 -3.10804020E-03
+52.02000E-06 -2.18413063923E+00 +3.32412054E-03
+52.03500E-06 -1.37367838535E+00 +1.71608035E-03
+52.05000E-06 +2.40843212624E+00 -3.10804020E-03
+52.06500E-06 +787.52761985E-03 -1.90201006E-03
+52.08000E-06 -2.58935676519E+00 +4.12814063E-03
+52.09500E-06 -225.53769405E-03 +108.04017E-06
+52.11000E-06 +2.57727634515E+00 -3.91206029E-03
+52.12500E-06 -394.38191523E-03 +912.06026E-06
+52.14000E-06 -2.55558792090E+00 +4.12814063E-03
+52.15500E-06 +922.60299702E-03 -1.90201006E-03
+52.17000E-06 +2.27335675002E+00 -3.10804020E-03
+52.18500E-06 -1.50875376232E+00 +2.11809040E-03
+52.20000E-06 -1.94774873119E+00 +3.32412054E-03
+52.21500E-06 +1.90189946867E+00 -3.51005024E-03
+52.23000E-06 +1.49667334105E+00 -2.30402010E-03
+52.24500E-06 -2.25166832691E+00 +3.32412054E-03
+52.26000E-06 -1.03598994675E+00 +1.71608035E-03
+52.27500E-06 +2.44220096998E+00 -3.51005024E-03
+52.29000E-06 +449.83918125E-03 -293.96987E-06
+52.30500E-06 -2.55558792125E+00 +3.32412054E-03
+52.32000E-06 +78.38190066E-03 -293.96988E-06
+52.33500E-06 +2.47596981345E+00 -3.91206029E-03
+52.35000E-06 -698.30150986E-03 +510.05022E-06
+52.36500E-06 -2.35297485770E+00 +3.72613058E-03
+52.38000E-06 +1.15898490400E+00 -1.50000001E-03
+52.39500E-06 +2.03697484295E+00 -3.10804020E-03
+52.41000E-06 -1.71136682536E+00 +2.92211049E-03
+52.42500E-06 -1.71136682405E+00 +2.92211049E-03
+52.44000E-06 +2.00320600017E+00 -3.10804020E-03
+52.45500E-06 +1.19275374626E+00 -1.50000001E-03
+52.47000E-06 -2.31920601452E+00 +3.72613058E-03
+52.48500E-06 -732.07035200E-03 +912.06026E-06
+52.50000E-06 +2.40843212609E+00 -3.51005024E-03
+52.51500E-06 +112.15074272E-03 +108.04017E-06
+52.53000E-06 -2.48805023337E+00 +3.72613058E-03
+52.54500E-06 +348.53265150E-03 -1.09798997E-03
+52.56000E-06 +2.30712559415E+00 -3.10804020E-03
+52.57500E-06 -968.45226066E-03 +2.11809040E-03
+52.59000E-06 -2.15036179445E+00 +2.92211049E-03
+52.60500E-06 +1.36159796705E+00 -2.70603015E-03
+52.62000E-06 +1.76682409207E+00 -2.30402010E-03
+52.63500E-06 -1.84644220073E+00 +3.32412054E-03
+52.65000E-06 -1.44121607308E+00 +2.52010044E-03
+52.66500E-06 +2.10451253159E+00 -3.51005024E-03
+52.68000E-06 +922.60299534E-03 -1.50000001E-03
+52.69500E-06 -2.31920601444E+00 +4.12814063E-03
+52.71000E-06 -428.15075726E-03 +108.04017E-06
+52.72500E-06 +2.37466328206E+00 -3.10804020E-03
+52.74000E-06 -158.00000813E-03 +108.04017E-06
+52.75500E-06 -2.35297485785E+00 +4.12814063E-03
+52.77000E-06 +652.45224617E-03 -1.50000001E-03
+52.78500E-06 +2.17205021858E+00 -3.51005024E-03
+52.80000E-06 -1.20483416761E+00 +2.11809040E-03
+52.81500E-06 -1.91397988735E+00 +3.32412054E-03
+52.83000E-06 +1.53044218627E+00 -2.70603015E-03
+52.84500E-06 +1.49667334111E+00 -2.30402010E-03
+52.86000E-06 -1.98151757601E+00 +2.92211049E-03
+52.87500E-06 -1.13729647838E+00 +1.71608035E-03
+52.89000E-06 +2.13828137533E+00 -3.51005024E-03
+52.90500E-06 +618.68340059E-03 -1.50000001E-03
+52.92000E-06 -2.31920601428E+00 +4.12814063E-03
+52.93500E-06 -124.23116255E-03 +510.05022E-06
+52.95000E-06 +2.23958790658E+00 -3.51005024E-03
+52.96500E-06 -428.15075897E-03 +912.06026E-06
+52.98000E-06 -2.21789948233E+00 +3.32412054E-03
+52.99500E-06 +855.06530925E-03 -2.30402011E-03
+53.01000E-06 +1.93566831152E+00 -3.10804020E-03
+53.02500E-06 -1.40744723061E+00 +1.71608036E-03
+53.04000E-06 -1.67759798029E+00 +2.52010045E-03
+53.05500E-06 +1.66551756159E+00 -2.70603015E-03
+53.07000E-06 +1.22652259022E+00 -1.50000001E-03
+53.08500E-06 -2.04905526365E+00 +3.72613058E-03
+53.10000E-06 -833.37688367E-03 +1.71608035E-03
+53.11500E-06 +2.10451253139E+00 -3.10804020E-03
+53.13000E-06 +314.76380589E-03 -293.96987E-06
+53.14500E-06 -2.21789948261E+00 +2.92211049E-03
+53.16000E-06 +145.91958825E-03 -695.97992E-06
+53.17500E-06 +2.10451253106E+00 -3.10804020E-03
+53.19000E-06 -698.30150977E-03 +1.31407031E-03
+53.20500E-06 -2.01528641912E+00 +3.32412054E-03
+53.22000E-06 +1.05767837233E+00 -2.70603015E-03
+53.23500E-06 +1.69928640445E+00 -2.70603015E-03
+53.25000E-06 -1.50875376215E+00 +2.11809040E-03
+53.26500E-06 -1.40744722936E+00 +1.71608035E-03
+53.28000E-06 +1.76682409305E+00 -2.70603015E-03
+53.29500E-06 +956.37183929E-03 -1.09798997E-03
+53.31000E-06 -2.01528641975E+00 +2.92211049E-03
+53.32500E-06 -563.22613279E-03 +912.06026E-06
+53.34000E-06 +2.03697484363E+00 -3.10804020E-03
+53.35500E-06 +10.84421123E-03 -293.96987E-06
+53.37000E-06 -2.11659295091E+00 +3.32412054E-03
+53.38500E-06 +382.30149524E-03 -1.50000001E-03
+53.40000E-06 +1.93566831168E+00 -3.51005024E-03
+53.41500E-06 -900.91457285E-03 +1.71608036E-03
+53.43000E-06 -1.81267335588E+00 +2.92211049E-03
+53.44500E-06 +1.22652259151E+00 -1.90201006E-03
+53.46000E-06 +1.42913565353E+00 -2.30402010E-03
+53.47500E-06 -1.64382913747E+00 +2.52010045E-03
+53.49000E-06 -1.17106532229E+00 +2.11809040E-03
+53.50500E-06 +1.83436178060E+00 -3.10804020E-03
+53.52000E-06 +686.22108845E-03 -1.09798997E-03
+53.53500E-06 -2.01528641954E+00 +2.92211049E-03
+53.55000E-06 -293.07538190E-03 +108.04017E-06
+53.56500E-06 +2.00320599960E+00 -2.70603015E-03
+53.58000E-06 -225.53769576E-03 +108.04017E-06
+53.59500E-06 -2.01528641924E+00 +3.32412054E-03
+53.61000E-06 +584.91455836E-03 -1.50000001E-03
+53.62500E-06 +1.76682409233E+00 -2.70603015E-03
+53.64000E-06 -1.03598994826E+00 +1.71608036E-03
+53.65500E-06 -1.61006029267E+00 +2.52010045E-03
+53.67000E-06 +1.36159796687E+00 -2.30402011E-03
+53.68500E-06 +1.19275374646E+00 -1.90201006E-03
+53.70000E-06 -1.71136682506E+00 +2.92211049E-03
+53.71500E-06 -900.91457150E-03 +1.31407031E-03
+53.73000E-06 +1.80059293675E+00 -2.70603015E-03
+53.74500E-06 +416.07033761E-03 -1.09798997E-03
+53.76000E-06 -1.94774873178E+00 +2.92211049E-03
+53.77500E-06 -56.69347496E-03 -695.97992E-06
+53.79000E-06 +1.90189946798E+00 -3.51005024E-03
+53.80500E-06 -461.91960269E-03 +108.04017E-06
+53.82000E-06 -1.84644219986E+00 +2.52010045E-03
+53.83500E-06 +787.52762139E-03 -1.50000001E-03
+53.85000E-06 +1.56421102909E+00 -2.30402010E-03
+53.86500E-06 -1.20483416739E+00 +1.71608036E-03
+53.88000E-06 -1.33990954179E+00 +2.11809040E-03
+53.89500E-06 +1.46290449837E+00 -2.30402011E-03
+53.91000E-06 +990.14068321E-03 -2.30402010E-03
+53.92500E-06 -1.71136682502E+00 +2.92211049E-03
+53.94000E-06 -664.53266443E-03 +108.04017E-06
+53.95500E-06 +1.76682409276E+00 -2.70603015E-03
+53.97000E-06 +179.68843063E-03 -293.96987E-06
+53.98500E-06 -1.84644220020E+00 +2.52010045E-03
+54.00000E-06 +179.68843197E-03 -293.96988E-06
+54.01500E-06 +1.73305524860E+00 -3.10804020E-03
+54.03000E-06 -630.76382196E-03 +912.06026E-06
+54.04500E-06 -1.67759798051E+00 +2.52010045E-03
+54.06000E-06 +922.60299675E-03 -2.30402010E-03
+54.07500E-06 +1.39536680974E+00 -2.30402010E-03
+54.09000E-06 -1.30614069889E+00 +2.11809040E-03
+54.10500E-06 -1.13729647854E+00 +1.31407031E-03
+54.12000E-06 +1.49667334210E+00 -2.70603015E-03
+54.13500E-06 +719.98993242E-03 -1.50000001E-03
+54.15000E-06 -1.71136682494E+00 +2.52010045E-03
+54.16500E-06 -394.38191363E-03 +510.05022E-06
+54.18000E-06 +1.69928640495E+00 -2.30402010E-03
+54.19500E-06 -56.69347635E-03 -293.96987E-06
+54.21000E-06 -1.74513566849E+00 +2.92211049E-03
+54.22500E-06 +382.30149509E-03 -1.50000001E-03
+54.24000E-06 +1.59797987307E+00 -2.30402010E-03
+54.25500E-06 -799.60804117E-03 +1.31407031E-03
+54.27000E-06 -1.44121607349E+00 +2.92211049E-03
+54.28500E-06 +1.02390952825E+00 -2.30402011E-03
+54.30000E-06 +1.12521605890E+00 -1.90201006E-03
+54.31500E-06 -1.37367838652E+00 +2.52010045E-03
+54.33000E-06 -900.91457152E-03 +912.06026E-06
+54.34500E-06 +1.49667334206E+00 -2.70603015E-03
+54.36000E-06 +517.37686921E-03 -1.09798996E-03
+54.37500E-06 -1.67759798099E+00 +2.52010045E-03
+54.39000E-06 -191.76885042E-03 +108.04017E-06
+54.40500E-06 +1.59797987329E+00 -3.10804020E-03
+54.42000E-06 -259.30653943E-03 -293.96987E-06
+54.43500E-06 -1.64382913678E+00 +1.71608035E-03
+54.45000E-06 +551.14571435E-03 -1.09798997E-03
+54.46500E-06 +1.42913565372E+00 -2.30402010E-03
+54.48000E-06 -900.91457267E-03 +1.31407031E-03
+54.49500E-06 -1.23860301028E+00 +1.31407031E-03
+54.51000E-06 +1.12521605974E+00 -2.70603015E-03
+54.52500E-06 +956.37183951E-03 -1.90201006E-03
+54.54000E-06 -1.40744723029E+00 +1.71608036E-03
+54.55500E-06 -664.53266458E-03 +912.06026E-06
+54.57000E-06 +1.49667334189E+00 -2.30402011E-03
+54.58500E-06 +280.99496227E-03 -1.09798997E-03
+54.60000E-06 -1.57629144932E+00 +2.52010045E-03
+54.61500E-06 +10.84421261E-03 +108.04017E-06
+54.63000E-06 +1.49667334162E+00 -2.30402010E-03
+54.64500E-06 -428.15075873E-03 +510.05022E-06
+54.66000E-06 -1.47498491743E+00 +1.31407031E-03
+54.67500E-06 +652.45224585E-03 -2.30402010E-03
+54.69000E-06 +1.22652259056E+00 -1.90201006E-03
+54.70500E-06 -1.00222110416E+00 +912.06026E-06
+54.72000E-06 -1.06975879094E+00 +1.71608035E-03
+54.73500E-06 +1.15898490352E+00 -1.90201006E-03
+54.75000E-06 +719.98993253E-03 -1.09798997E-03
+54.76500E-06 -1.40744723021E+00 +1.71608035E-03
+54.78000E-06 -495.68844523E-03 -293.96988E-06
+54.79500E-06 +1.39536681031E+00 -2.30402010E-03
+54.81000E-06 +78.38189916E-03 -293.96987E-06
+54.82500E-06 -1.47498491770E+00 +1.71608036E-03
+54.84000E-06 +179.68843187E-03 -1.09798997E-03
+54.85500E-06 +1.36159796622E+00 -1.90201006E-03
+54.87000E-06 -563.22613408E-03 +912.06026E-06
+54.88500E-06 -1.27237185431E+00 +2.11809040E-03
+54.90000E-06 +787.52762125E-03 -2.30402010E-03
+54.91500E-06 +1.05767837121E+00 -1.50000001E-03
+54.93000E-06 -1.03598994794E+00 +912.06026E-06
+54.94500E-06 -867.14572782E-03 +912.06026E-06
+54.96000E-06 +1.19275374729E+00 -1.90201006E-03
+54.97500E-06 +517.37686937E-03 -1.09798997E-03
+54.99000E-06 -1.33990954244E+00 +1.71608035E-03
+55.00500E-06 -259.30653830E-03 +108.04017E-06
+55.02000E-06 +1.32782912250E+00 -2.30402010E-03
+55.03500E-06 -90.46232010E-03 -293.96987E-06
+55.05000E-06 -1.37367838603E+00 +2.11809040E-03
+55.06500E-06 +348.53265112E-03 -1.50000001E-03
+55.08000E-06 +1.22652259069E+00 -1.90201006E-03
+55.09500E-06 -664.53266562E-03 +1.31407031E-03
+55.11000E-06 -1.13729647878E+00 +1.71608035E-03
+55.12500E-06 +888.83415265E-03 -1.90201006E-03
+55.14000E-06 +821.29646428E-03 -1.50000001E-03
+55.15500E-06 -1.10352763557E+00 +1.31407031E-03
+55.17000E-06 -664.53266470E-03 +510.05022E-06
+55.18500E-06 +1.15898490338E+00 -1.90201006E-03
+55.20000E-06 +314.76380625E-03 -293.96987E-06
+55.21500E-06 -1.27237185468E+00 +2.11809040E-03
+55.23000E-06 -90.46231904E-03 -293.96988E-06
+55.24500E-06 +1.26029143473E+00 -1.90201006E-03
+55.26000E-06 -225.53769550E-03 +108.04017E-06
+55.27500E-06 -1.23860301059E+00 +2.11809040E-03
+55.29000E-06 +416.07033880E-03 -1.50000001E-03
+55.30500E-06 +1.09144721520E+00 -2.30402010E-03
+55.32000E-06 -732.07035325E-03 +912.06026E-06
+55.33500E-06 -968.45225943E-03 +1.31407031E-03
+55.35000E-06 +888.83415270E-03 -1.90201006E-03
+55.36500E-06 +652.45224489E-03 -1.50000001E-03
+55.38000E-06 -1.10352763548E+00 +2.52010045E-03
+55.39500E-06 -495.68844540E-03 +510.05022E-06
+55.41000E-06 +1.12521605943E+00 -2.70603015E-03
+55.42500E-06 +179.68843081E-03 -1.09798997E-03
+55.44000E-06 -1.20483416687E+00 +1.71608036E-03
+55.45500E-06 +44.61305640E-03 -293.96988E-06
+55.47000E-06 +1.15898490306E+00 -2.30402010E-03
+55.48500E-06 -360.61307090E-03 -293.96987E-06
+55.50000E-06 -1.10352763510E+00 +1.31407031E-03
+55.51500E-06 +517.37687034E-03 -1.50000001E-03
+55.53000E-06 +956.37183972E-03 -1.90201006E-03
+55.54500E-06 -799.60804088E-03 +510.05022E-06
+55.56000E-06 -799.60804013E-03 +510.05022E-06
+55.57500E-06 +922.60299642E-03 -1.90201006E-03
+55.59000E-06 +483.60802564E-03 -1.09798997E-03
+55.60500E-06 -1.10352763538E+00 +1.31407031E-03
+55.62000E-06 -360.61306991E-03 +510.05022E-06
+55.63500E-06 +1.09144721553E+00 -2.30402010E-03
+55.65000E-06 +44.61305541E-03 -293.96987E-06
+55.66500E-06 -1.10352763529E+00 +1.31407031E-03
+55.68000E-06 +179.68843175E-03 -293.96988E-06
+55.69500E-06 +1.02390952757E+00 -1.90201006E-03
+55.71000E-06 -461.91960238E-03 +108.04017E-06
+55.72500E-06 -968.45225966E-03 +1.31407031E-03
+55.74000E-06 +584.91455801E-03 -1.09798997E-03
+55.75500E-06 +719.98993279E-03 -1.90201006E-03
+55.77000E-06 -833.37688470E-03 +1.31407031E-03
+55.78500E-06 -596.99497707E-03 +108.04017E-06
+55.80000E-06 +922.60299632E-03 -1.90201006E-03
+55.81500E-06 +382.30149400E-03 -695.97992E-06
+55.83000E-06 -1.00222110385E+00 +1.71608035E-03
+55.84500E-06 -191.76885070E-03 +108.04017E-06
+55.86000E-06 +1.02390952776E+00 -1.90201006E-03
+55.87500E-06 -124.23116379E-03 +108.04017E-06
+55.89000E-06 -1.03598994747E+00 +1.31407031E-03
+55.90500E-06 +280.99496328E-03 -1.09798997E-03
+55.92000E-06 +888.83415218E-03 -1.90201006E-03
+55.93500E-06 -563.22613387E-03 +912.06026E-06
+55.95000E-06 -833.37688408E-03 +108.04017E-06
+55.96500E-06 +652.45224559E-03 -1.50000001E-03
+55.98000E-06 +618.68340116E-03 -1.09798997E-03
+55.99500E-06 -867.14572846E-03 +912.06026E-06
+56.01000E-06 -461.91960162E-03 +108.04017E-06
+56.02500E-06 +888.83415247E-03 -2.30402010E-03
+56.04000E-06 +213.45727475E-03 -293.96987E-06
+56.05500E-06 -968.45225990E-03 +1.71608035E-03
+56.07000E-06 -56.69347526E-03 -695.97992E-06
+56.08500E-06 +922.60299609E-03 -1.90201006E-03
+56.10000E-06 -225.53769538E-03 -293.96987E-06
+56.11500E-06 -934.68341585E-03 +912.06026E-06
+56.13000E-06 +382.30149482E-03 -695.97992E-06
+56.14500E-06 +787.52762055E-03 -1.90201006E-03
+56.16000E-06 -563.22613387E-03 +108.04017E-06
+56.17500E-06 -664.53266483E-03 +510.05022E-06
+56.19000E-06 +686.22108941E-03 -1.90201006E-03
+56.20500E-06 +483.60802567E-03 -1.50000001E-03
+56.22000E-06 -867.14572837E-03 +912.06026E-06
+56.23500E-06 -326.84422618E-03 +108.04017E-06
+56.25000E-06 +855.06530851E-03 -1.90201006E-03
+56.26500E-06 +112.15074317E-03 -1.09798997E-03
+56.28000E-06 -900.91457218E-03 +1.31407031E-03
+56.29500E-06 +44.61305627E-03 +108.04017E-06
+56.31000E-06 +821.29646451E-03 -1.90201006E-03
+56.32500E-06 -293.07538305E-03 +510.05022E-06
+56.34000E-06 -833.37688422E-03 +1.31407031E-03
+56.35500E-06 +416.07033858E-03 -1.50000001E-03
+56.37000E-06 +618.68340125E-03 -1.09798997E-03
+56.38500E-06 -596.99497769E-03 +912.06026E-06
+56.40000E-06 -563.22613329E-03 +510.05022E-06
+56.41500E-06 +686.22108936E-03 -1.50000001E-03
+56.43000E-06 +348.53265028E-03 -695.97992E-06
+56.44500E-06 -799.60804070E-03 +912.06026E-06
+56.46000E-06 -225.53769460E-03 +108.04017E-06
+56.47500E-06 +753.75877693E-03 -1.50000001E-03
+56.49000E-06 -22.92463218E-03 +108.04017E-06
+56.50500E-06 -833.37688431E-03 +912.06026E-06
+56.52000E-06 +145.91958776E-03 -1.09798997E-03
+56.53500E-06 +719.98993288E-03 -1.50000001E-03
+56.55000E-06 -360.61307067E-03 +510.05022E-06
+56.56500E-06 -698.30150883E-03 +510.05022E-06
+56.58000E-06 +449.83918244E-03 -695.97992E-06
+56.59500E-06 +483.60802586E-03 -1.09798997E-03
+56.61000E-06 -596.99497764E-03 +912.06026E-06
+56.62500E-06 -394.38191399E-03 +510.05022E-06
+56.64000E-06 +652.45224545E-03 -1.09798997E-03
+56.65500E-06 +213.45727484E-03 +108.04017E-06
+56.67000E-06 -765.83919674E-03 +912.06026E-06
+56.68500E-06 -90.46231926E-03 -293.96988E-06
+56.70000E-06 +719.98993302E-03 -1.50000001E-03
+56.71500E-06 -124.23116371E-03 -293.96987E-06
+56.73000E-06 -732.07035273E-03 +510.05022E-06
+56.74500E-06 +213.45727548E-03 -1.09798997E-03
+56.76000E-06 +652.45224511E-03 -1.09798997E-03
+56.77500E-06 -394.38191454E-03 +510.05022E-06
+56.79000E-06 -563.22613334E-03 -293.96988E-06
+56.80500E-06 +483.60802621E-03 -1.09798997E-03
+56.82000E-06 +416.07033804E-03 -1.50000001E-03
+56.83500E-06 -630.76382140E-03 +510.05022E-06
+56.85000E-06 -326.84422627E-03 -293.96988E-06
+56.86500E-06 +618.68340154E-03 -1.90201006E-03
+56.88000E-06 +112.15074330E-03 -293.96988E-06
+56.89500E-06 -732.07035278E-03 +912.06026E-06
+56.91000E-06 -22.92463148E-03 -293.96988E-06
+56.92500E-06 +618.68340145E-03 -1.90201006E-03
+56.94000E-06 -158.00000757E-03 +108.04017E-06
+56.95500E-06 -630.76382120E-03 +912.06026E-06
+56.97000E-06 +280.99496310E-03 -695.97992E-06
+56.98500E-06 +517.37686977E-03 -1.90201006E-03
+57.00000E-06 -428.15075835E-03 +510.05022E-06
+57.01500E-06 -461.91960176E-03 +510.05022E-06
+57.03000E-06 +483.60802616E-03 -1.90201006E-03
+57.04500E-06 +314.76380651E-03 -695.97992E-06
+57.06000E-06 -596.99497754E-03 +912.06026E-06
+57.07500E-06 -191.76885088E-03 +108.04017E-06
+57.09000E-06 +584.91455769E-03 -1.50000001E-03
+57.10500E-06 +44.61305563E-03 -293.96987E-06
+57.12000E-06 -630.76382125E-03 +912.06026E-06
+57.13500E-06 +44.61305614E-03 -695.97992E-06
+57.15000E-06 +551.14571373E-03 -1.50000001E-03
+57.16500E-06 -259.30653905E-03 +108.04017E-06
+57.18000E-06 -563.22613343E-03 +912.06026E-06
+57.19500E-06 +280.99496310E-03 -695.97992E-06
+57.21000E-06 +449.83918200E-03 -1.09798997E-03
+57.22500E-06 -428.15075835E-03 +510.05022E-06
+57.24000E-06 -360.61307028E-03 +510.05022E-06
+57.25500E-06 +517.37686997E-03 -1.50000001E-03
+57.27000E-06 +213.45727493E-03 -695.97992E-06
+57.28500E-06 -563.22613364E-03 +510.05022E-06
+57.30000E-06 -158.00000702E-03 -293.96988E-06
+57.31500E-06 +517.37686992E-03 -1.50000001E-03
+57.33000E-06 -56.69347590E-03 -293.96988E-06
+57.34500E-06 -596.99497734E-03 +108.04017E-06
+57.36000E-06 +78.38190005E-03 -695.97992E-06
+57.37500E-06 +517.37686971E-03 -1.50000001E-03
+57.39000E-06 -259.30653905E-03 +108.04017E-06
+57.40500E-06 -461.91960190E-03 +510.05022E-06
+57.42000E-06 +314.76380691E-03 -1.50000001E-03
+57.43500E-06 +314.76380661E-03 -1.09798997E-03
+57.45000E-06 -461.91960211E-03 +912.06026E-06
+57.46500E-06 -293.07538245E-03 -293.96988E-06
+57.48000E-06 +449.83918225E-03 -1.50000001E-03
+57.49500E-06 +145.91958721E-03 -695.97992E-06
+57.51000E-06 -529.45728978E-03 +108.04017E-06
+57.52500E-06 -56.69347549E-03 -695.97992E-06
+57.54000E-06 +483.60802601E-03 -1.09798997E-03
+57.55500E-06 -124.23116362E-03 -293.96987E-06
+57.57000E-06 -529.45728962E-03 -293.96988E-06
+57.58500E-06 +179.68843153E-03 -1.09798997E-03
+57.60000E-06 +416.07033818E-03 -293.96988E-06
+57.61500E-06 -293.07538286E-03 +108.04017E-06
+57.63000E-06 -394.38191408E-03 +510.05022E-06
+57.64500E-06 +314.76380692E-03 -1.50000001E-03
+57.66000E-06 +247.22611884E-03 -695.97992E-06
+57.67500E-06 -428.15075825E-03 +108.04017E-06
+57.69000E-06 -259.30653859E-03 +912.06026E-06
+57.70500E-06 +416.07033834E-03 -1.50000001E-03
+57.72000E-06 +44.61305568E-03 -695.97992E-06
+57.73500E-06 -461.91960201E-03 +510.05022E-06
+57.75000E-06 +10.84421223E-03 -695.97992E-06
+57.76500E-06 +449.83918209E-03 -1.09798997E-03
+57.78000E-06 -158.00000743E-03 +108.04017E-06
+57.79500E-06 -428.15075804E-03 +108.04017E-06
+57.81000E-06 +179.68843153E-03 -695.97992E-06
+57.82500E-06 +348.53265046E-03 -1.50000001E-03
+57.84000E-06 -326.84422667E-03 -293.96988E-06
+57.85500E-06 -360.61307022E-03 +510.05022E-06
+57.87000E-06 +348.53265067E-03 -1.09798997E-03
+57.88500E-06 +145.91958731E-03 -695.97992E-06
+57.90000E-06 -428.15075820E-03 +510.05022E-06
+57.91500E-06 -158.00000706E-03 -293.96988E-06
+57.93000E-06 +348.53265067E-03 -695.97992E-06
+57.94500E-06 +10.84421182E-03 -1.09798997E-03
+57.96000E-06 -428.15075815E-03 +510.05022E-06
+57.97500E-06 +44.61305609E-03 +108.04017E-06
+57.99000E-06 +348.53265057E-03 -1.09798997E-03
+58.00500E-06 -158.00000743E-03 -293.96987E-06
+58.02000E-06 -394.38191418E-03 +510.05022E-06
+58.03500E-06 +213.45727534E-03 -1.09798997E-03
+58.05000E-06 +247.22611894E-03 -1.09798997E-03
+58.06500E-06 -326.84422662E-03 +108.04017E-06
+58.08000E-06 -225.53769489E-03 -293.96988E-06
+58.09500E-06 +314.76380687E-03 -695.97992E-06
+58.11000E-06 +112.15074345E-03 -695.97992E-06
+58.12500E-06 -394.38191434E-03 +510.05022E-06
+58.14000E-06 -90.46231940E-03 -293.96988E-06
+58.15500E-06 +348.53265057E-03 -293.96988E-06
+58.17000E-06 -22.92463204E-03 +108.04017E-06
+58.18500E-06 -394.38191423E-03 -695.97992E-06
+58.20000E-06 +44.61305604E-03 -1.09798997E-03
+58.21500E-06 +280.99496285E-03 -1.09798997E-03
+58.23000E-06 -225.53769510E-03 -695.97992E-06
+58.24500E-06 -326.84422646E-03 -695.97992E-06
+58.26000E-06 +213.45727529E-03 -1.09798997E-03
+58.27500E-06 +179.68843122E-03 -1.09798997E-03
+58.29000E-06 -326.84422667E-03 +510.05022E-06
+58.30500E-06 -158.00000717E-03 -695.97992E-06
+58.32000E-06 +314.76380676E-03 -1.50000001E-03
+58.33500E-06 +78.38189959E-03 -293.96988E-06
+58.35000E-06 -360.61307043E-03 +510.05022E-06
+58.36500E-06 -56.69347553E-03 -695.97992E-06
+58.38000E-06 +314.76380671E-03 -695.97992E-06
+58.39500E-06 -90.46231971E-03 +108.04017E-06
+58.41000E-06 -360.61307032E-03 +510.05022E-06
+58.42500E-06 +112.15074371E-03 -695.97992E-06
+58.44000E-06 +280.99496274E-03 -695.97992E-06
+58.45500E-06 -225.53769510E-03 -293.96988E-06
+58.47000E-06 -293.07538250E-03 -293.96988E-06
+58.48500E-06 +179.68843143E-03 -1.50000001E-03
+58.50000E-06 +145.91958736E-03 -293.96988E-06
+58.51500E-06 -326.84422657E-03 +108.04017E-06
+58.53000E-06 -124.23116325E-03 -695.97992E-06
+58.54500E-06 +247.22611910E-03 -1.09798997E-03
+58.56000E-06 +10.84421192E-03 -695.97992E-06
+58.57500E-06 -326.84422652E-03 -695.97992E-06
+58.59000E-06 -22.92463167E-03 -1.09798997E-03
+58.60500E-06 +247.22611904E-03 -1.90201006E-03
+58.62000E-06 -90.46231971E-03 -293.96988E-06
+58.63500E-06 -293.07538266E-03 -695.97992E-06
+58.65000E-06 +112.15074371E-03 -695.97992E-06
+58.66500E-06 +213.45727507E-03 -695.97992E-06
+58.68000E-06 -191.76885129E-03 +108.04017E-06
+58.69500E-06 -225.53769488E-03 +108.04017E-06
+58.71000E-06 +213.45727518E-03 -695.97992E-06
+58.72500E-06 +78.38189964E-03 -293.96988E-06
+58.74000E-06 -326.84422657E-03 +108.04017E-06
+58.75500E-06 -124.23116325E-03 -293.96988E-06
+58.77000E-06 +213.45727524E-03 -695.97992E-06
+58.78500E-06 -22.92463189E-03 -293.96987E-06
+58.80000E-06 -293.07538266E-03 +108.04017E-06
+58.81500E-06 +10.84421219E-03 -695.97992E-06
+58.83000E-06 +213.45727507E-03 -1.09798997E-03
+58.84500E-06 -124.23116357E-03 +108.04017E-06
+58.86000E-06 -259.30653880E-03 -293.96988E-06
+58.87500E-06 +112.15074371E-03 -695.97992E-06
+58.89000E-06 +179.68843121E-03 -1.09798997E-03
+58.90500E-06 -225.53769510E-03 +108.04017E-06
+58.92000E-06 -158.00000716E-03 -695.97992E-06
+58.93500E-06 +179.68843138E-03 -695.97992E-06
+58.95000E-06 +44.61305583E-03 -293.96988E-06
+58.96500E-06 -259.30653890E-03 +108.04017E-06
+58.98000E-06 -56.69347558E-03 -293.96988E-06
+58.99500E-06 +213.45727518E-03 -695.97992E-06
+59.01000E-06 -56.69347580E-03 -695.97992E-06
+59.02500E-06 -259.30653880E-03 +108.04017E-06
+59.04000E-06 +44.61305599E-03 -695.97992E-06
+59.05500E-06 +179.68843127E-03 -695.97992E-06
+59.07000E-06 -124.23116352E-03 -293.96988E-06
+59.08500E-06 -191.76885108E-03 +108.04017E-06
+59.10000E-06 +112.15074377E-03 -1.09798997E-03
+59.11500E-06 +112.15074355E-03 -293.96988E-06
+59.13000E-06 -191.76885124E-03 +108.04017E-06
+59.14500E-06 -90.46231950E-03 -293.96987E-06
+59.16000E-06 +179.68843138E-03 -293.96988E-06
+59.17500E-06 +10.84421192E-03 -293.96988E-06
+59.19000E-06 -259.30653880E-03 +108.04017E-06
+59.20500E-06 -22.92463178E-03 -293.96988E-06
+59.22000E-06 +179.68843127E-03 -695.97992E-06
+59.23500E-06 -90.46231961E-03 -293.96987E-06
+59.25000E-06 -225.53769494E-03 +108.04017E-06
+59.26500E-06 +78.38189985E-03 -1.09798997E-03
+59.28000E-06 +112.15074360E-03 -293.96988E-06
+59.29500E-06 -191.76885119E-03 -293.96987E-06
+59.31000E-06 -158.00000722E-03 -293.96988E-06
+59.32500E-06 +112.15074371E-03 -695.97992E-06
+59.34000E-06 +44.61305583E-03 -293.96987E-06
+59.35500E-06 -225.53769499E-03 -293.96988E-06
+59.37000E-06 -90.46231950E-03 +108.04017E-06
+59.38500E-06 +179.68843132E-03 -1.50000001E-03
+59.40000E-06 -22.92463189E-03 -1.09798997E-03
+59.41500E-06 -225.53769499E-03 -293.96988E-06
+59.43000E-06 -22.92463172E-03 -695.97992E-06
+59.44500E-06 +145.91958741E-03 -695.97992E-06
+59.46000E-06 -90.46231961E-03 -293.96988E-06
+59.47500E-06 -191.76885108E-03 -293.96988E-06
+59.49000E-06 +78.38189980E-03 -695.97992E-06
+59.50500E-06 +78.38189974E-03 -1.09798997E-03
+59.52000E-06 -124.23116352E-03 -293.96988E-06
+59.53500E-06 -158.00000716E-03 -695.97992E-06
+59.55000E-06 +112.15074366E-03 -695.97992E-06
+59.56500E-06 +10.84421197E-03 -1.09798997E-03
+59.58000E-06 -158.00000733E-03 -293.96988E-06
+59.59500E-06 -90.46231944E-03 -293.96988E-06
+59.61000E-06 +145.91958746E-03 -1.09798997E-03
+59.62500E-06 -22.92463189E-03 -695.97992E-06
+59.64000E-06 -191.76885108E-03 -293.96988E-06
+59.65500E-06 -22.92463172E-03 -1.09798997E-03
+59.67000E-06 +112.15074360E-03 -293.96988E-06
+59.68500E-06 -124.23116341E-03 +108.04017E-06
+59.70000E-06 -158.00000722E-03 -695.97992E-06
+59.71500E-06 +78.38189980E-03 -695.97992E-06
+59.73000E-06 +78.38189969E-03 -1.09798997E-03
+59.74500E-06 -158.00000733E-03 -695.97992E-06
+59.76000E-06 -90.46231950E-03 -695.97992E-06
+59.77500E-06 +112.15074366E-03 -695.97992E-06
+59.79000E-06 +10.84421197E-03 -293.96988E-06
+59.80500E-06 -158.00000727E-03 -293.96987E-06
+59.82000E-06 -56.69347564E-03 -293.96988E-06
+59.83500E-06 +112.15074360E-03 -293.96988E-06
+59.85000E-06 -56.69347575E-03 +108.04017E-06
+59.86500E-06 -158.00000722E-03 -293.96988E-06
+59.88000E-06 +44.61305588E-03 +108.04017E-06
+59.89500E-06 +78.38189974E-03 -695.97992E-06
+59.91000E-06 -90.46231967E-03 -293.96988E-06
+59.92500E-06 -124.23116336E-03 -695.97992E-06
+59.94000E-06 +78.38189974E-03 -695.97992E-06
+59.95500E-06 +78.38189957E-03 -695.97992E-06
+59.97000E-06 -124.23116347E-03 +108.04017E-06
+59.98500E-06 -90.46231950E-03 -695.97992E-06
+60.00000E-06 +78.38189980E-03 -293.96988E-06
+60.01500E-06 +10.84421197E-03 -293.96988E-06
+60.03000E-06 -158.00000727E-03 -293.96988E-06
+60.04500E-06 -22.92463178E-03 -293.96988E-06
+60.06000E-06 +112.15074355E-03 -1.09798997E-03
+60.07500E-06 -90.46231950E-03 -293.96988E-06
+60.09000E-06 -158.00000721E-03 +108.04017E-06
+60.10500E-06 +44.61305594E-03 -695.97992E-06
+60.12000E-06 +78.38189969E-03 -695.97992E-06
+60.13500E-06 -124.23116341E-03 -293.96988E-06
+60.15000E-06 -90.46231955E-03 -293.96988E-06
+60.16500E-06 +44.61305594E-03 -293.96988E-06
+60.18000E-06 +10.84421203E-03 -695.97992E-06
+60.19500E-06 -124.23116341E-03 -293.96987E-06
+60.21000E-06 -56.69347564E-03 -1.09798997E-03
+60.22500E-06 +112.15074360E-03 -1.09798997E-03
+60.24000E-06 -22.92463189E-03 -293.96988E-06
+60.25500E-06 -158.00000721E-03 +108.04017E-06
+60.27000E-06 -22.92463178E-03 +108.04017E-06
+60.28500E-06 +44.61305594E-03 -695.97992E-06
+60.30000E-06 -56.69347581E-03 -293.96988E-06
+60.31500E-06 -124.23116341E-03 +108.04017E-06
+60.33000E-06 +44.61305594E-03 -293.96988E-06
+60.34500E-06 +44.61305588E-03 -695.97992E-06
+60.36000E-06 -90.46231961E-03 -695.97992E-06
+60.37500E-06 -90.46231955E-03 -293.96988E-06
+60.39000E-06 +78.38189974E-03 -695.97992E-06
+60.40500E-06 +10.84421191E-03 -1.09798997E-03
+60.42000E-06 -124.23116341E-03 -293.96988E-06
+60.43500E-06 -90.46231944E-03 -293.96988E-06
+60.45000E-06 +78.38189980E-03 +108.04017E-06
+60.46500E-06 -22.92463189E-03 -293.96988E-06
+60.48000E-06 -124.23116341E-03 +510.05022E-06
+60.49500E-06 -22.92463178E-03 -695.97992E-06
+60.51000E-06 +44.61305588E-03 -695.97992E-06
+60.52500E-06 -56.69347575E-03 -695.97992E-06
+60.54000E-06 -124.23116335E-03 +108.04017E-06
+60.55500E-06 +44.61305594E-03 -293.96987E-06
+60.57000E-06 +44.61305583E-03 -695.97992E-06
+60.58500E-06 -90.46231955E-03 -695.97992E-06
+60.60000E-06 -56.69347569E-03 -293.96988E-06
+60.61500E-06 +44.61305594E-03 -293.96988E-06
+60.63000E-06 -22.92463183E-03 -293.96988E-06
+60.64500E-06 -90.46231961E-03 -293.96988E-06
+60.66000E-06 -56.69347558E-03 -293.96988E-06
+60.67500E-06 +10.84421208E-03 -293.96988E-06
+60.69000E-06 -56.69347569E-03 +108.04017E-06
+60.70500E-06 -124.23116330E-03 -695.97992E-06
+60.72000E-06 +10.84421203E-03 +108.04017E-06
+60.73500E-06 +44.61305588E-03 +108.04017E-06
+60.75000E-06 -56.69347575E-03 -293.96988E-06
+60.76500E-06 -56.69347569E-03 -293.96988E-06
+60.78000E-06 +44.61305588E-03 -695.97992E-06
+60.79500E-06 -22.92463183E-03 -1.09798997E-03
+60.81000E-06 -90.46231955E-03 +108.04017E-06
+60.82500E-06 -56.69347563E-03 -695.97992E-06
+60.84000E-06 +44.61305588E-03 -293.96988E-06
+60.85500E-06 -22.92463183E-03 +108.04017E-06
+60.87000E-06 -90.46231955E-03 +108.04017E-06
+60.88500E-06 -22.92463183E-03 +108.04017E-06
+60.90000E-06 +78.38189963E-03 -293.96988E-06
+60.91500E-06 -56.69347575E-03 -1.09798997E-03
+60.93000E-06 -90.46231949E-03 -293.96988E-06
+60.94500E-06 -22.92463178E-03 -695.97992E-06
+60.96000E-06 +10.84421203E-03 +108.04017E-06
+60.97500E-06 -90.46231955E-03 -695.97992E-06
+60.99000E-06 -56.69347563E-03 -695.97992E-06
+61.00500E-06 +44.61305588E-03 -695.97992E-06
+61.02000E-06 -22.92463183E-03 -293.96988E-06
+61.03500E-06 -90.46231955E-03 -293.96988E-06
+61.05000E-06 -56.69347563E-03 -293.96988E-06
+61.06500E-06 +44.61305588E-03 -695.97992E-06
+61.08000E-06 -22.92463183E-03 -695.97992E-06
+61.09500E-06 -90.46231955E-03 -293.96988E-06
+61.11000E-06 -22.92463178E-03 -293.96988E-06
+61.12500E-06 +10.84421203E-03 -293.96987E-06
+61.14000E-06 -90.46231955E-03 -1.09798997E-03
+61.15500E-06 -90.46231950E-03 -293.96988E-06
+61.17000E-06 +10.84421203E-03 -293.96988E-06
+61.18500E-06 +10.84421197E-03 -695.97992E-06
+61.20000E-06 -56.69347575E-03 -293.96988E-06
+61.21500E-06 -56.69347569E-03 +108.04017E-06
+61.23000E-06 +44.61305583E-03 -695.97992E-06
+61.24500E-06 +10.84421191E-03 -293.96988E-06
+61.26000E-06 -90.46231961E-03 -293.96988E-06
+61.27500E-06 -22.92463183E-03 -293.96988E-06
+61.29000E-06 +44.61305583E-03 -293.96988E-06
+61.30500E-06 -22.92463183E-03 -695.97992E-06
+61.32000E-06 -56.69347575E-03 -293.96988E-06
+61.33500E-06 +10.84421203E-03 -695.97992E-06
+61.35000E-06 +44.61305583E-03 -695.97992E-06
+61.36500E-06 -22.92463189E-03 -293.96988E-06
+61.38000E-06 -56.69347569E-03 -293.96988E-06
+61.39500E-06 +10.84421208E-03 -293.96988E-06
+61.41000E-06 +10.84421203E-03 -293.96988E-06
+61.42500E-06 -90.46231955E-03 +108.04017E-06
+61.44000E-06 -56.69347564E-03 -695.97992E-06
+61.45500E-06 +10.84421203E-03 -695.97992E-06
+61.47000E-06 +10.84421197E-03 +108.04017E-06
+61.48500E-06 -90.46231961E-03 -695.97992E-06
+61.50000E-06 -56.69347564E-03 -293.96987E-06
+61.51500E-06 +10.84421208E-03 -293.96988E-06
+61.53000E-06 -22.92463183E-03 +108.04017E-06
+61.54500E-06 -56.69347569E-03 -695.97992E-06
+61.56000E-06 +10.84421197E-03 -293.96987E-06
+61.57500E-06 +10.84421197E-03 -695.97992E-06
+61.59000E-06 -56.69347575E-03 +108.04017E-06
+61.60500E-06 -56.69347569E-03 +108.04017E-06
+61.62000E-06 +10.84421203E-03 +108.04017E-06
+61.63500E-06 -22.92463183E-03 -695.97992E-06
+61.65000E-06 -56.69347574E-03 -293.96988E-06
+61.66500E-06 -56.69347564E-03 -695.97992E-06
+61.68000E-06 +44.61305583E-03 -293.96988E-06
+61.69500E-06 -22.92463183E-03 +108.04017E-06
+61.71000E-06 -90.46231950E-03 -293.96987E-06
+61.72500E-06 -22.92463183E-03 -695.97992E-06
+61.74000E-06 +10.84421203E-03 -293.96988E-06
+61.75500E-06 -56.69347564E-03 -293.96988E-06
+61.77000E-06 -90.46231955E-03 -293.96988E-06
+61.78500E-06 -22.92463178E-03 -695.97992E-06
+61.80000E-06 +10.84421198E-03 -293.96988E-06
+61.81500E-06 -90.46231950E-03 -695.97992E-06
+61.83000E-06 -56.69347564E-03 -695.97992E-06
+61.84500E-06 -22.92463179E-03 -695.97992E-06
+61.86000E-06 -22.92463179E-03 +108.04017E-06
+61.87500E-06 -90.46231950E-03 -293.96988E-06
+61.89000E-06 -22.92463183E-03 -293.96988E-06
+61.90500E-06 +10.84421203E-03 -695.97992E-06
+61.92000E-06 -22.92463183E-03 -293.96988E-06
+61.93500E-06 -56.69347569E-03 -293.96988E-06
+61.95000E-06 -22.92463183E-03 -695.97992E-06
+61.96500E-06 +10.84421203E-03 -1.09798997E-03
+61.98000E-06 -56.69347569E-03 -293.96988E-06
+61.99500E-06 -56.69347565E-03 +108.04017E-06
+62.01000E-06 -22.92463174E-03 -695.97992E-06
+62.02500E-06 +10.84421198E-03 -695.97992E-06
+62.04000E-06 -56.69347569E-03 -293.96988E-06
+62.05500E-06 -56.69347565E-03 +108.04017E-06
+62.07000E-06 +10.84421203E-03 -293.96988E-06
+62.08500E-06 -22.92463188E-03 -695.97992E-06
+62.10000E-06 -56.69347569E-03 -293.96988E-06
+62.11500E-06 -22.92463183E-03 -695.97992E-06
+62.13000E-06 -22.92463179E-03 -293.96988E-06
+62.14500E-06 -22.92463183E-03 -695.97992E-06
+62.16000E-06 -56.69347569E-03 -293.96988E-06
+62.17500E-06 -22.92463183E-03 +108.04017E-06
+62.19000E-06 -22.92463183E-03 -695.97992E-06
+62.20500E-06 -56.69347569E-03 -695.97992E-06
+62.22000E-06 -56.69347569E-03 -293.96988E-06
+62.23500E-06 +10.84421203E-03 -293.96988E-06
+62.25000E-06 +10.84421198E-03 -695.97992E-06
+62.26500E-06 -22.92463188E-03 -695.97992E-06
+62.28000E-06 -22.92463188E-03 -695.97992E-06
+62.29500E-06 +10.84421198E-03 -293.96988E-06
+62.31000E-06 -22.92463183E-03 +108.04017E-06
+62.32500E-06 -56.69347569E-03 -293.96988E-06
+62.34000E-06 -56.69347565E-03 -293.96987E-06
+62.35500E-06 -22.92463183E-03 -695.97992E-06
+62.37000E-06 -22.92463188E-03 -293.96988E-06
+62.38500E-06 -22.92463183E-03 -695.97992E-06
+62.40000E-06 +10.84421198E-03 -1.09798997E-03
+62.41500E-06 -22.92463183E-03 -293.96988E-06
+62.43000E-06 -22.92463183E-03 +108.04017E-06
+62.44500E-06 -56.69347569E-03 -293.96988E-06
+62.46000E-06 +44.61305584E-03 -695.97992E-06
+62.47500E-06 -22.92463183E-03 -293.96988E-06
+62.49000E-06 -22.92463183E-03 +108.04017E-06
+62.50500E-06 -22.92463183E-03 -1.50000001E-03
+62.52000E-06 +10.84421203E-03 -695.97992E-06
+62.53500E-06 -22.92463183E-03 +108.04017E-06
+62.55000E-06 -56.69347569E-03 +108.04017E-06
+62.56500E-06 -22.92463187E-03 -293.96987E-06
+62.58000E-06 +10.84421199E-03 -293.96987E-06
+62.59500E-06 -22.92463187E-03 -293.96988E-06
+62.61000E-06 -56.69347569E-03 -293.96988E-06
+62.62500E-06 -22.92463183E-03 -293.96987E-06
+62.64000E-06 +10.84421203E-03 -293.96988E-06
+62.65500E-06 -56.69347566E-03 -695.97992E-06
+62.67000E-06 -22.92463183E-03 -293.96987E-06
+62.68500E-06 -22.92463180E-03 -695.97992E-06
+62.70000E-06 -22.92463183E-03 -293.96988E-06
+62.71500E-06 -22.92463183E-03 -293.96988E-06
+62.73000E-06 -22.92463183E-03 -695.97992E-06
+62.74500E-06 -56.69347566E-03 -695.97992E-06
+62.76000E-06 -22.92463183E-03 -695.97992E-06
+62.77500E-06 -56.69347566E-03 -293.96987E-06
+62.79000E-06 -22.92463183E-03 +108.04017E-06
+62.80500E-06 -22.92463180E-03 -695.97992E-06
+62.82000E-06 -56.69347569E-03 +108.04017E-06
+62.83500E-06 -56.69347569E-03 -293.96988E-06
+62.85000E-06 +10.84421199E-03 -293.96988E-06
+62.86500E-06 +10.84421203E-03 -695.97992E-06
+62.88000E-06 -22.92463183E-03 -293.96987E-06
+62.89500E-06 -56.69347569E-03 -293.96988E-06
+62.91000E-06 -22.92463183E-03 -293.96987E-06
+62.92500E-06 -22.92463187E-03 -293.96988E-06
+62.94000E-06 -56.69347566E-03 +510.05022E-06
+62.95500E-06 -22.92463183E-03 -695.97992E-06
+62.97000E-06 -22.92463183E-03 -695.97992E-06
+62.98500E-06 -22.92463183E-03 -1.09798997E-03
+63.00000E-06 -22.92463187E-03 -293.96988E-06
+63.01500E-06 -22.92463183E-03 -293.96988E-06
+63.03000E-06 +10.84421199E-03 -293.96988E-06
+63.04500E-06 -22.92463183E-03 +108.04017E-06
+63.06000E-06 -22.92463183E-03 -695.97992E-06
+63.07500E-06 -22.92463183E-03 -293.96988E-06
+63.09000E-06 -22.92463183E-03 -293.96988E-06
+63.10500E-06 -22.92463187E-03 -1.09798997E-03
+63.12000E-06 -22.92463183E-03 +108.04017E-06
+63.13500E-06 -22.92463183E-03 -695.97992E-06
+63.15000E-06 -22.92463187E-03 -293.96988E-06
+63.16500E-06 -22.92463187E-03 -293.96988E-06
+63.18000E-06 -22.92463183E-03 -695.97992E-06
+63.19500E-06 +10.84421199E-03 +108.04017E-06
+63.21000E-06 -22.92463186E-03 -293.96987E-06
+63.22500E-06 -22.92463183E-03 -695.97992E-06
+63.24000E-06 -22.92463183E-03 -293.96988E-06
+63.25500E-06 -22.92463183E-03 -695.97992E-06
+63.27000E-06 -22.92463183E-03 -1.09798997E-03
+63.28500E-06 -22.92463186E-03 -695.97992E-06
+63.30000E-06 -22.92463183E-03 -293.96988E-06
+63.31500E-06 +10.84421200E-03 -695.97992E-06
+63.33000E-06 -22.92463186E-03 -695.97992E-06
+63.34500E-06 -22.92463186E-03 -695.97992E-06
+63.36000E-06 +10.84421200E-03 -695.97992E-06
+63.37500E-06 -22.92463181E-03 -293.96988E-06
+63.39000E-06 -22.92463186E-03 -293.96988E-06
+63.40500E-06 -22.92463183E-03 -695.97992E-06
+63.42000E-06 -22.92463186E-03 -695.97992E-06
+63.43500E-06 -56.69347567E-03 -293.96988E-06
+63.45000E-06 -56.69347567E-03 +108.04017E-06
+63.46500E-06 -22.92463183E-03 -293.96987E-06
+63.48000E-06 -22.92463183E-03 -293.96987E-06
+63.49500E-06 -56.69347569E-03 -293.96988E-06
+63.51000E-06 -22.92463186E-03 -293.96988E-06
+63.52500E-06 -22.92463183E-03 -695.97992E-06
+63.54000E-06 -22.92463181E-03 -293.96987E-06
+63.55500E-06 -56.69347567E-03 -695.97992E-06
+63.57000E-06 -22.92463183E-03 -1.09798997E-03
+63.58500E-06 -22.92463183E-03 -695.97992E-06
+63.60000E-06 -22.92463183E-03 +108.04017E-06
+63.61500E-06 -56.69347567E-03 -293.96988E-06
+63.63000E-06 -22.92463183E-03 -293.96988E-06
+63.64500E-06 -22.92463186E-03 -695.97992E-06
+63.66000E-06 -56.69347569E-03 -293.96988E-06
+63.67500E-06 -56.69347567E-03 +108.04017E-06
+63.69000E-06 +10.84421200E-03 -293.96988E-06
+63.70500E-06 -22.92463181E-03 -1.09798997E-03
+63.72000E-06 -22.92463186E-03 -293.96987E-06
+63.73500E-06 -56.69347569E-03 -695.97992E-06
+63.75000E-06 -22.92463181E-03 -695.97992E-06
+63.76500E-06 -22.92463183E-03 +108.04017E-06
+63.78000E-06 -22.92463186E-03 -293.96988E-06
+63.79500E-06 -56.69347567E-03 -695.97992E-06
+63.81000E-06 -22.92463181E-03 -293.96988E-06
+63.82500E-06 +10.84421200E-03 -695.97992E-06
+63.84000E-06 +10.84421200E-03 +108.04017E-06
+63.85500E-06 -22.92463183E-03 +108.04017E-06
+63.87000E-06 -22.92463183E-03 -1.50000001E-03
+63.88500E-06 -22.92463183E-03 -695.97992E-06
+63.90000E-06 -56.69347567E-03 -695.97992E-06
+63.91500E-06 -22.92463183E-03 -293.96988E-06
+63.93000E-06 -22.92463183E-03 -293.96988E-06
+63.94500E-06 -22.92463183E-03 -695.97992E-06
+63.96000E-06 -22.92463183E-03 -695.97992E-06
+63.97500E-06 -22.92463186E-03 -293.96988E-06
+63.99000E-06 -22.92463183E-03 -293.96988E-06
+64.00500E-06 -22.92463185E-03 -293.96988E-06
+64.02000E-06 -56.69347567E-03 -695.97992E-06
+64.03500E-06 -22.92463183E-03 -695.97992E-06
+64.05000E-06 -22.92463185E-03 -293.96988E-06
+64.06500E-06 -22.92463183E-03 -1.09798997E-03
+64.08000E-06 -22.92463183E-03 +108.04017E-06
+64.09500E-06 -56.69347567E-03 +108.04017E-06
+64.11000E-06 -22.92463183E-03 -695.97992E-06
+64.12500E-06 +10.84421201E-03 -695.97992E-06
+64.14000E-06 -22.92463183E-03 -293.96988E-06
+64.15500E-06 -22.92463183E-03 +108.04017E-06
+64.17000E-06 -22.92463183E-03 +108.04017E-06
+64.18500E-06 -22.92463183E-03 -1.09798997E-03
+64.20000E-06 +10.84421201E-03 -293.96987E-06
+64.21500E-06 -22.92463183E-03 -293.96988E-06
+64.23000E-06 -56.69347568E-03 -293.96988E-06
+64.24500E-06 -22.92463183E-03 -695.97992E-06
+64.26000E-06 -22.92463183E-03 -1.09798997E-03
+64.27500E-06 -22.92463183E-03 -293.96988E-06
+64.29000E-06 -22.92463183E-03 -695.97992E-06
+64.30500E-06 -22.92463182E-03 -1.09798997E-03
+64.32000E-06 -22.92463183E-03 -695.97992E-06
+64.33500E-06 -22.92463183E-03 -293.96988E-06
+64.35000E-06 -22.92463183E-03 -293.96988E-06
+64.36500E-06 -22.92463185E-03 -695.97992E-06
+64.38000E-06 -56.69347568E-03 -293.96988E-06
+64.39500E-06 -56.69347568E-03 +108.04017E-06
+64.41000E-06 -22.92463183E-03 -293.96988E-06
+64.42500E-06 -22.92463183E-03 -1.09798997E-03
+64.44000E-06 +10.84421201E-03 +108.04017E-06
+64.45500E-06 -56.69347568E-03 -695.97992E-06
+64.47000E-06 -22.92463183E-03 -293.96988E-06
+64.48500E-06 +10.84421201E-03 -293.96988E-06
