x-axis 1 2
second Volt Volt
+24.69900E-06 -39.39698637E-03 +0.0E+00
+24.72400E-06 -39.39698637E-03 +422.11055E-06
+24.74900E-06 -19.69849318E-03 -422.11055E-06
+24.77400E-06 +0.0E+00 -422.11055E-06
+24.79900E-06 +0.0E+00 -422.11055E-06
+24.82400E-06 -19.69849318E-03 +0.0E+00
+24.84900E-06 -39.39698637E-03 +0.0E+00
+24.87400E-06 +19.69849318E-03 +422.11055E-06
+24.89900E-06 -19.69849318E-03 +0.0E+00
+24.92400E-06 -19.69849318E-03 -844.22110E-06
+24.94900E-06 -19.69849318E-03 -422.11055E-06
+24.97400E-06 +0.0E+00 +0.0E+00
+24.99900E-06 +0.0E+00 +0.0E+00
+25.02400E-06 -39.39698637E-03 +422.11055E-06
+25.04900E-06 -19.69849318E-03 +0.0E+00
+25.07400E-06 +0.0E+00 +0.0E+00
+25.09900E-06 -19.69849318E-03 +0.0E+00
+25.12400E-06 -19.69849318E-03 +0.0E+00
+25.14900E-06 -59.09547955E-03 -422.11055E-06
+25.17400E-06 -19.69849318E-03 -422.11055E-06
+25.19900E-06 -19.69849318E-03 +0.0E+00
+25.22400E-06 -19.69849318E-03 -422.11055E-06
+25.24900E-06 -39.39698637E-03 +0.0E+00
+25.27400E-06 -59.09547955E-03 -422.11055E-06
+25.29900E-06 +0.0E+00 +0.0E+00
+25.32400E-06 -19.69849318E-03 +0.0E+00
+25.34900E-06 -39.39698637E-03 -422.11055E-06
+25.37400E-06 +0.0E+00 +0.0E+00
+25.39900E-06 -19.69849318E-03 +422.11055E-06
+25.42400E-06 -19.69849318E-03 +0.0E+00
+25.44900E-06 -19.69849318E-03 +422.11055E-06
+25.47400E-06 -19.69849318E-03 +422.11055E-06
+25.49900E-06 -19.69849318E-03 +422.11055E-06
+25.52400E-06 -19.69849318E-03 +0.0E+00
+25.54900E-06 -19.69849318E-03 -422.11055E-06
+25.57400E-06 -19.69849318E-03 -844.22110E-06
+25.59900E-06 -19.69849318E-03 -422.11055E-06
+25.62400E-06 -19.69849318E-03 +0.0E+00
+25.64900E-06 -39.39698637E-03 +422.11055E-06
+25.67400E-06 -19.69849318E-03 +422.11055E-06
+25.69900E-06 -19.69849318E-03 +0.0E+00
+25.72400E-06 -59.09547955E-03 +0.0E+00
+25.74900E-06 -19.69849318E-03 -844.22110E-06
+25.77400E-06 -19.69849318E-03 -1.26633164E-03
+25.79900E-06 -19.69849318E-03 +1.26633164E-03
+25.82400E-06 -39.39698637E-03 +0.0E+00
+25.84900E-06 -19.69849318E-03 -422.11055E-06
+25.87400E-06 +0.0E+00 +0.0E+00
+25.89900E-06 -39.39698637E-03 +422.11055E-06
+25.92400E-06 -59.09547955E-03 +0.0E+00
+25.94900E-06 -19.69849318E-03 -422.11055E-06
+25.97400E-06 -39.39698637E-03 +0.0E+00
+25.99900E-06 -19.69849318E-03 -422.11055E-06
+26.02400E-06 -39.39698637E-03 -422.11055E-06
+26.04900E-06 -39.39698637E-03 +0.0E+00
+26.07400E-06 +0.0E+00 +0.0E+00
+26.09900E-06 +0.0E+00 +0.0E+00
+26.12400E-06 -19.69849318E-03 +0.0E+00
+26.14900E-06 -19.69849318E-03 -422.11055E-06
+26.17400E-06 +0.0E+00 -422.11055E-06
+26.19900E-06 +19.69849318E-03 +0.0E+00
+26.22400E-06 +0.0E+00 -422.11055E-06
+26.24900E-06 -19.69849318E-03 -422.11055E-06
+26.27400E-06 -19.69849318E-03 +0.0E+00
+26.29900E-06 -19.69849318E-03 +422.11055E-06
+26.32400E-06 -39.39698637E-03 +0.0E+00
+26.34900E-06 -39.39698636E-03 +0.0E+00
+26.37400E-06 -39.39698637E-03 -422.11055E-06
+26.39900E-06 -19.69849318E-03 -422.11055E-06
+26.42400E-06 -39.39698637E-03 +0.0E+00
+26.44900E-06 -39.39698637E-03 +422.11055E-06
+26.47400E-06 -19.69849318E-03 +0.0E+00
+26.49900E-06 -39.39698637E-03 -422.11055E-06
+26.52400E-06 +0.0E+00 -844.22110E-06
+26.54900E-06 -39.39698637E-03 +0.0E+00
+26.57400E-06 +0.0E+00 +0.0E+00
+26.59900E-06 -19.69849318E-03 -422.11055E-06
+26.62400E-06 -19.69849318E-03 +0.0E+00
+26.64900E-06 -59.09547955E-03 +0.0E+00
+26.67400E-06 -19.69849318E-03 +422.11055E-06
+26.69900E-06 -39.39698637E-03 +0.0E+00
+26.72400E-06 -39.39698637E-03 +0.0E+00
+26.74900E-06 +0.0E+00 -422.11055E-06
+26.77400E-06 +0.0E+00 +0.0E+00
+26.79900E-06 +0.0E+00 +0.0E+00
+26.82400E-06 -19.69849318E-03 +422.11055E-06
+26.84900E-06 -39.39698637E-03 +0.0E+00
+26.87400E-06 -19.69849318E-03 +0.0E+00
+26.89900E-06 -39.39698637E-03 +0.0E+00
+26.92400E-06 -39.39698637E-03 +844.22110E-06
+26.94900E-06 -19.69849318E-03 +0.0E+00
+26.97400E-06 +0.0E+00 +0.0E+00
+26.99900E-06 -39.39698637E-03 +0.0E+00
+27.02400E-06 -19.69849318E-03 +422.11055E-06
+27.04900E-06 -59.09547955E-03 +0.0E+00
+27.07400E-06 +0.0E+00 +0.0E+00
+27.09900E-06 +0.0E+00 -422.11055E-06
+27.12400E-06 +0.0E+00 +0.0E+00
+27.14900E-06 -19.69849318E-03 -422.11055E-06
+27.17400E-06 -19.69849319E-03 +0.0E+00
+27.19900E-06 +0.0E+00 +0.0E+00
+27.22400E-06 -39.39698637E-03 +0.0E+00
+27.24900E-06 -19.69849319E-03 -422.11055E-06
+27.27400E-06 -19.69849318E-03 -422.11055E-06
+27.29900E-06 +0.0E+00 -422.11055E-06
+27.32400E-06 -39.39698637E-03 +0.0E+00
+27.34900E-06 -39.39698637E-03 -422.11055E-06
+27.37400E-06 -19.69849318E-03 -844.22110E-06
+27.39900E-06 -19.69849319E-03 +0.0E+00
+27.42400E-06 -19.69849319E-03 +0.0E+00
+27.44900E-06 -39.39698637E-03 +0.0E+00
+27.47400E-06 -19.69849318E-03 +0.0E+00
+27.49900E-06 -39.39698637E-03 +0.0E+00
+27.52400E-06 -39.39698637E-03 +0.0E+00
+27.54900E-06 +0.0E+00 -422.11055E-06
+27.57400E-06 -19.69849318E-03 -844.22110E-06
+27.59900E-06 +0.0E+00 +844.22110E-06
+27.62400E-06 -19.69849318E-03 +0.0E+00
+27.64900E-06 -19.69849319E-03 +0.0E+00
+27.67400E-06 -19.69849318E-03 +422.11055E-06
+27.69900E-06 -19.69849319E-03 +0.0E+00
+27.72400E-06 -19.69849319E-03 +0.0E+00
+27.74900E-06 -39.39698637E-03 -422.11055E-06
+27.77400E-06 +0.0E+00 +0.0E+00
+27.79900E-06 -39.39698637E-03 -422.11055E-06
+27.82400E-06 -39.39698637E-03 -422.11055E-06
+27.84900E-06 -39.39698637E-03 +0.0E+00
+27.87400E-06 -19.69849318E-03 +422.11055E-06
+27.89900E-06 +0.0E+00 +0.0E+00
+27.92400E-06 +0.0E+00 +0.0E+00
+27.94900E-06 -19.69849318E-03 -422.11055E-06
+27.97400E-06 +0.0E+00 -422.11055E-06
+27.99900E-06 +0.0E+00 +0.0E+00
+28.02400E-06 -19.69849318E-03 -0.0E+00
+28.04900E-06 -39.39698637E-03 +0.0E+00
+28.07400E-06 -39.39698637E-03 +0.0E+00
+28.09900E-06 -19.69849319E-03 +0.0E+00
+28.12400E-06 -39.39698637E-03 +0.0E+00
+28.14900E-06 +0.0E+00 -422.11055E-06
+28.17400E-06 -19.69849318E-03 -422.11055E-06
+28.19900E-06 +0.0E+00 -422.11055E-06
+28.22400E-06 -19.69849319E-03 +0.0E+00
+28.24900E-06 -19.69849319E-03 +422.11055E-06
+28.27400E-06 -39.39698636E-03 +0.0E+00
+28.29900E-06 -19.69849319E-03 +0.0E+00
+28.32400E-06 -19.69849318E-03 +0.0E+00
+28.34900E-06 -39.39698636E-03 -422.11055E-06
+28.37400E-06 +0.0E+00 -422.11055E-06
+28.39900E-06 -19.69849319E-03 -844.22110E-06
+28.42400E-06 -39.39698637E-03 +844.22110E-06
+28.44900E-06 -19.69849319E-03 +0.0E+00
+28.47400E-06 -19.69849318E-03 +0.0E+00
+28.49900E-06 +0.0E+00 +0.0E+00
+28.52400E-06 -19.69849319E-03 +0.0E+00
+28.54900E-06 -39.39698637E-03 -422.11055E-06
+28.57400E-06 -19.69849319E-03 -422.11055E-06
+28.59900E-06 +0.0E+00 +0.0E+00
+28.62400E-06 -39.39698637E-03 +0.0E+00
+28.64900E-06 -39.39698637E-03 -422.11055E-06
+28.67400E-06 -19.69849319E-03 +0.0E+00
+28.69900E-06 -19.69849319E-03 +0.0E+00
+28.72400E-06 -59.09547955E-03 -422.11055E-06
+28.74900E-06 -19.69849318E-03 +0.0E+00
+28.77400E-06 -19.69849318E-03 +0.0E+00
+28.79900E-06 +0.0E+00 +0.0E+00
+28.82400E-06 -19.69849319E-03 +0.0E+00
+28.84900E-06 +0.0E+00 +0.0E+00
+28.87400E-06 -19.69849319E-03 +0.0E+00
+28.89900E-06 -19.69849318E-03 -422.11055E-06
+28.92400E-06 -19.69849319E-03 +0.0E+00
+28.94900E-06 +0.0E+00 -422.11055E-06
+28.97400E-06 -19.69849319E-03 -422.11055E-06
+28.99900E-06 +0.0E+00 +422.11055E-06
+29.02400E-06 -19.69849319E-03 +0.0E+00
+29.04900E-06 +0.0E+00 +0.0E+00
+29.07400E-06 -19.69849318E-03 -422.11055E-06
+29.09900E-06 -39.39698637E-03 +0.0E+00
+29.12400E-06 +0.0E+00 -844.22110E-06
+29.14900E-06 -19.69849318E-03 -422.11055E-06
+29.17400E-06 -19.69849318E-03 -422.11055E-06
+29.19900E-06 -39.39698637E-03 -422.11055E-06
+29.22400E-06 +0.0E+00 +0.0E+00
+29.24900E-06 -39.39698637E-03 +0.0E+00
+29.27400E-06 -59.09547954E-03 +0.0E+00
+29.29900E-06 +0.0E+00 +0.0E+00
+29.32400E-06 -19.69849319E-03 +0.0E+00
+29.34900E-06 +0.0E+00 -422.11055E-06
+29.37400E-06 -19.69849319E-03 -422.11055E-06
+29.39900E-06 +0.0E+00 +0.0E+00
+29.42400E-06 +0.0E+00 +0.0E+00
+29.44900E-06 -19.69849319E-03 +0.0E+00
+29.47400E-06 -39.39698637E-03 +0.0E+00
+29.49900E-06 -19.69849319E-03 -422.11055E-06
+29.52400E-06 -19.69849319E-03 +422.11055E-06
+29.54900E-06 -19.69849318E-03 +0.0E+00
+29.57400E-06 +0.0E+00 -844.22110E-06
+29.59900E-06 -19.69849319E-03 +0.0E+00
+29.62400E-06 -19.69849318E-03 +422.11055E-06
+29.64900E-06 -19.69849318E-03 +0.0E+00
+29.67400E-06 -19.69849318E-03 +0.0E+00
+29.69900E-06 -19.69849318E-03 +0.0E+00
+29.72400E-06 +0.0E+00 +0.0E+00
+29.74900E-06 -39.39698637E-03 -422.11055E-06
+29.77400E-06 +0.0E+00 -422.11055E-06
+29.79900E-06 -19.69849319E-03 +0.0E+00
+29.82400E-06 -39.39698637E-03 +0.0E+00
+29.84900E-06 -39.39698637E-03 +0.0E+00
+29.87400E-06 -19.69849318E-03 -422.11055E-06
+29.89900E-06 -19.69849319E-03 +0.0E+00
+29.92400E-06 -39.39698637E-03 +0.0E+00
+29.94900E-06 -19.69849318E-03 -422.11055E-06
+29.97400E-06 -39.39698637E-03 +0.0E+00
+29.99900E-06 -19.69849319E-03 -422.11055E-06
+30.02400E-06 -19.69849319E-03 +422.11055E-06
+30.04900E-06 -39.39698637E-03 +844.22110E-06
+30.07400E-06 -19.69849318E-03 +0.0E+00
+30.09900E-06 -39.39698637E-03 +0.0E+00
+30.12400E-06 -39.39698637E-03 +0.0E+00
+30.14900E-06 +0.0E+00 -422.11055E-06
+30.17400E-06 +0.0E+00 -422.11055E-06
+30.19900E-06 -19.69849318E-03 +0.0E+00
+30.22400E-06 -39.39698637E-03 +0.0E+00
+30.24900E-06 -39.39698637E-03 +0.0E+00
+30.27400E-06 -19.69849318E-03 +0.0E+00
+30.29900E-06 +0.0E+00 -422.11055E-06
+30.32400E-06 -39.39698637E-03 -422.11055E-06
+30.34900E-06 -19.69849318E-03 -422.11055E-06
+30.37400E-06 -19.69849319E-03 -422.11055E-06
+30.39900E-06 +0.0E+00 +0.0E+00
+30.42400E-06 -19.69849318E-03 +0.0E+00
+30.44900E-06 -39.39698637E-03 -422.11055E-06
+30.47400E-06 -39.39698637E-03 +0.0E+00
+30.49900E-06 +0.0E+00 -422.11055E-06
+30.52400E-06 -39.39698637E-03 +422.11055E-06
+30.54900E-06 -39.39698637E-03 -422.11055E-06
+30.57400E-06 -19.69849318E-03 -422.11055E-06
+30.59900E-06 +0.0E+00 -422.11055E-06
+30.62400E-06 -39.39698637E-03 +0.0E+00
+30.64900E-06 -39.39698637E-03 +0.0E+00
+30.67400E-06 +0.0E+00 -422.11055E-06
+30.69900E-06 -19.69849319E-03 -422.11055E-06
+30.72400E-06 -39.39698637E-03 +0.0E+00
+30.74900E-06 -19.69849319E-03 +0.0E+00
+30.77400E-06 -19.69849318E-03 +0.0E+00
+30.79900E-06 -19.69849318E-03 +422.11055E-06
+30.82400E-06 -39.39698637E-03 +422.11055E-06
+30.84900E-06 -59.09547955E-03 +0.0E+00
+30.87400E-06 -19.69849318E-03 +0.0E+00
+30.89900E-06 +0.0E+00 +422.11055E-06
+30.92400E-06 -39.39698637E-03 +0.0E+00
+30.94900E-06 -39.39698637E-03 -422.11055E-06
+30.97400E-06 -19.69849319E-03 +422.11055E-06
+30.99900E-06 -39.39698637E-03 +0.0E+00
+31.02400E-06 -39.39698637E-03 -422.11055E-06
+31.04900E-06 -19.69849318E-03 -0.0E+00
+31.07400E-06 -39.39698637E-03 +0.0E+00
+31.09900E-06 -19.69849319E-03 -422.11055E-06
+31.12400E-06 -39.39698638E-03 +422.11055E-06
+31.14900E-06 -19.69849318E-03 -422.11055E-06
+31.17400E-06 -39.39698637E-03 -844.22110E-06
+31.19900E-06 +0.0E+00 +0.0E+00
+31.22400E-06 -19.69849318E-03 +422.11055E-06
+31.24900E-06 +0.0E+00 +422.11055E-06
+31.27400E-06 -19.69849318E-03 +0.0E+00
+31.29900E-06 -19.69849319E-03 -844.22110E-06
+31.32400E-06 -39.39698637E-03 +0.0E+00
+31.34900E-06 -59.09547954E-03 -844.22110E-06
+31.37400E-06 -19.69849319E-03 +422.11055E-06
+31.39900E-06 -19.69849318E-03 +0.0E+00
+31.42400E-06 -39.39698637E-03 +0.0E+00
+31.44900E-06 -19.69849319E-03 +0.0E+00
+31.47400E-06 -19.69849318E-03 +0.0E+00
+31.49900E-06 +0.0E+00 +0.0E+00
+31.52400E-06 +0.0E+00 +0.0E+00
+31.54900E-06 -39.39698637E-03 +0.0E+00
+31.57400E-06 +0.0E+00 +0.0E+00
+31.59900E-06 +0.0E+00 -422.11055E-06
+31.62400E-06 -19.69849318E-03 +0.0E+00
+31.64900E-06 -19.69849318E-03 +844.22110E-06
+31.67400E-06 -39.39698637E-03 +0.0E+00
+31.69900E-06 -19.69849319E-03 +422.11055E-06
+31.72400E-06 -39.39698637E-03 +844.22110E-06
+31.74900E-06 -19.69849318E-03 -422.11055E-06
+31.77400E-06 +0.0E+00 +0.0E+00
+31.79900E-06 -19.69849319E-03 +0.0E+00
+31.82400E-06 -19.69849319E-03 +0.0E+00
+31.84900E-06 -59.09547954E-03 +422.11055E-06
+31.87400E-06 -19.69849318E-03 -844.22110E-06
+31.89900E-06 -39.39698637E-03 +0.0E+00
+31.92400E-06 -19.69849319E-03 +0.0E+00
+31.94900E-06 -39.39698637E-03 +0.0E+00
+31.97400E-06 -19.69849319E-03 -422.11055E-06
+31.99900E-06 -19.69849318E-03 +422.11055E-06
+32.02400E-06 -39.39698637E-03 -844.22110E-06
+32.04900E-06 -59.09547955E-03 -422.11055E-06
+32.07400E-06 -19.69849318E-03 +0.0E+00
+32.09900E-06 -19.69849319E-03 +422.11055E-06
+32.12400E-06 +0.0E+00 +0.0E+00
+32.14900E-06 -39.39698637E-03 -422.11055E-06
+32.17400E-06 +0.0E+00 -422.11055E-06
+32.19900E-06 -39.39698637E-03 -422.11055E-06
+32.22400E-06 -19.69849319E-03 +0.0E+00
+32.24900E-06 -39.39698637E-03 +422.11055E-06
+32.27400E-06 +0.0E+00 -422.11055E-06
+32.29900E-06 +0.0E+00 +0.0E+00
+32.32400E-06 -39.39698637E-03 +0.0E+00
+32.34900E-06 -59.09547954E-03 -422.11055E-06
+32.37400E-06 -19.69849319E-03 +422.11055E-06
+32.39900E-06 -19.69849319E-03 +422.11055E-06
+32.42400E-06 -19.69849319E-03 -422.11055E-06
+32.44900E-06 -39.39698637E-03 +0.0E+00
+32.47400E-06 -39.39698637E-03 +0.0E+00
+32.49900E-06 -19.69849318E-03 -422.11055E-06
+32.52400E-06 -39.39698637E-03 +0.0E+00
+32.54900E-06 -39.39698637E-03 -422.11055E-06
+32.57400E-06 +0.0E+00 +0.0E+00
+32.59900E-06 +0.0E+00 -422.11055E-06
+32.62400E-06 -19.69849319E-03 -422.11055E-06
+32.64900E-06 -19.69849319E-03 +0.0E+00
+32.67400E-06 -19.69849318E-03 +422.11055E-06
+32.69900E-06 -39.39698637E-03 +0.0E+00
+32.72400E-06 -19.69849318E-03 +0.0E+00
+32.74900E-06 -39.39698637E-03 +422.11055E-06
+32.77400E-06 -19.69849319E-03 +0.0E+00
+32.79900E-06 +0.0E+00 +0.0E+00
+32.82400E-06 -19.69849317E-03 +0.0E+00
+32.84900E-06 -59.09547956E-03 -844.22110E-06
+32.87400E-06 -19.69849317E-03 -422.11055E-06
+32.89900E-06 -19.69849319E-03 -422.11055E-06
+32.92400E-06 -19.69849319E-03 +0.0E+00
+32.94900E-06 -39.39698637E-03 -422.11055E-06
+32.97400E-06 -19.69849319E-03 -422.11055E-06
+32.99900E-06 +0.0E+00 +0.0E+00
+33.02400E-06 +0.0E+00 +422.11055E-06
+33.04900E-06 -19.69849319E-03 +422.11055E-06
+33.07400E-06 -39.39698635E-03 +0.0E+00
+33.09900E-06 -19.69849319E-03 +0.0E+00
+33.12400E-06 -19.69849319E-03 -844.22110E-06
+33.14900E-06 -19.69849317E-03 -0.0E+00
+33.17400E-06 +0.0E+00 -422.11055E-06
+33.19900E-06 -39.39698637E-03 +0.0E+00
+33.22400E-06 -39.39698637E-03 -422.11055E-06
+33.24900E-06 -19.69849319E-03 +0.0E+00
+33.27400E-06 -19.69849317E-03 +0.0E+00
+33.29900E-06 -19.69849319E-03 +422.11055E-06
+33.32400E-06 -19.69849319E-03 +0.0E+00
+33.34900E-06 +0.0E+00 -422.11055E-06
+33.37400E-06 -39.39698637E-03 +0.0E+00
+33.39900E-06 -39.39698637E-03 +422.11055E-06
+33.42400E-06 -39.39698637E-03 +0.0E+00
+33.44900E-06 -19.69849317E-03 +422.11055E-06
+33.47400E-06 -39.39698637E-03 -844.22110E-06
+33.49900E-06 -19.69849319E-03 +0.0E+00
+33.52400E-06 -39.39698637E-03 +0.0E+00
+33.54900E-06 -19.69849317E-03 -422.11055E-06
+33.57400E-06 -19.69849319E-03 -422.11055E-06
+33.59900E-06 -39.39698637E-03 +0.0E+00
+33.62400E-06 -19.69849319E-03 -422.11055E-06
+33.64900E-06 -39.39698637E-03 +0.0E+00
+33.67400E-06 -19.69849317E-03 +844.22110E-06
+33.69900E-06 -39.39698637E-03 +0.0E+00
+33.72400E-06 -39.39698637E-03 -422.11055E-06
+33.74900E-06 -19.69849317E-03 +0.0E+00
+33.77400E-06 +0.0E+00 +0.0E+00
+33.79900E-06 -19.69849319E-03 -422.11055E-06
+33.82400E-06 -19.69849317E-03 -422.11055E-06
+33.84900E-06 -19.69849319E-03 +422.11055E-06
+33.87400E-06 -39.39698637E-03 -422.11055E-06
+33.89900E-06 +0.0E+00 +0.0E+00
+33.92400E-06 -39.39698637E-03 +0.0E+00
+33.94900E-06 -19.69849317E-03 -844.22110E-06
+33.97400E-06 -19.69849319E-03 -422.11055E-06
+33.99900E-06 +0.0E+00 -422.11055E-06
+34.02400E-06 +0.0E+00 +0.0E+00
+34.04900E-06 -39.39698637E-03 +422.11055E-06
+34.07400E-06 -39.39698637E-03 -844.22110E-06
+34.09900E-06 +0.0E+00 +0.0E+00
+34.12400E-06 -19.69849319E-03 +0.0E+00
+34.14900E-06 -19.69849317E-03 -422.11055E-06
+34.17400E-06 -39.39698637E-03 +0.0E+00
+34.19900E-06 -19.69849317E-03 +0.0E+00
+34.22400E-06 -39.39698637E-03 +844.22110E-06
+34.24900E-06 -19.69849317E-03 +0.0E+00
+34.27400E-06 -39.39698635E-03 +422.11055E-06
+34.29900E-06 -19.69849319E-03 +0.0E+00
+34.32400E-06 -19.69849319E-03 +0.0E+00
+34.34900E-06 -39.39698637E-03 +0.0E+00
+34.37400E-06 -19.69849319E-03 -422.11055E-06
+34.39900E-06 -39.39698637E-03 +0.0E+00
+34.42400E-06 -39.39698637E-03 +0.0E+00
+34.44900E-06 -19.69849319E-03 +422.11055E-06
+34.47400E-06 -19.69849317E-03 -422.11055E-06
+34.49900E-06 +0.0E+00 +0.0E+00
+34.52400E-06 -19.69849319E-03 -422.11055E-06
+34.54900E-06 -19.69849317E-03 -422.11055E-06
+34.57400E-06 -19.69849319E-03 -422.11055E-06
+34.59900E-06 +0.0E+00 +0.0E+00
+34.62400E-06 -39.39698637E-03 +0.0E+00
+34.64900E-06 -39.39698637E-03 +0.0E+00
+34.67400E-06 +0.0E+00 +422.11055E-06
+34.69900E-06 -19.69849319E-03 +422.11055E-06
+34.72400E-06 -19.69849319E-03 -422.11055E-06
+34.74900E-06 -39.39698637E-03 -422.11055E-06
+34.77400E-06 +0.0E+00 -422.11055E-06
+34.79900E-06 -39.39698637E-03 +0.0E+00
+34.82400E-06 -19.69849319E-03 +0.0E+00
+34.84900E-06 -59.09547956E-03 +844.22110E-06
+34.87400E-06 +0.0E+00 +422.11055E-06
+34.89900E-06 +0.0E+00 +0.0E+00
+34.92400E-06 -39.39698637E-03 +422.11055E-06
+34.94900E-06 +0.0E+00 -422.11055E-06
+34.97400E-06 +0.0E+00 -422.11055E-06
+34.99900E-06 -39.39698637E-03 +0.0E+00
+35.02400E-06 -19.69849319E-03 -844.22110E-06
+35.04900E-06 -19.69849317E-03 +0.0E+00
+35.07400E-06 -39.39698635E-03 -422.11055E-06
+35.09900E-06 -39.39698637E-03 -844.22110E-06
+35.12400E-06 -19.69849319E-03 -422.11055E-06
+35.14900E-06 -19.69849317E-03 -844.22110E-06
+35.17400E-06 -39.39698637E-03 -422.11055E-06
+35.19900E-06 -19.69849319E-03 +0.0E+00
+35.22400E-06 -19.69849319E-03 +0.0E+00
+35.24900E-06 -39.39698637E-03 -844.22110E-06
+35.27400E-06 -19.69849317E-03 -422.11055E-06
+35.29900E-06 -19.69849319E-03 +0.0E+00
+35.32400E-06 +0.0E+00 +0.0E+00
+35.34900E-06 -19.69849317E-03 -422.11055E-06
+35.37400E-06 -19.69849317E-03 +0.0E+00
+35.39900E-06 -19.69849319E-03 -422.11055E-06
+35.42400E-06 -39.39698637E-03 +0.0E+00
+35.44900E-06 -39.39698637E-03 +844.22110E-06
+35.47400E-06 -19.69849317E-03 -422.11055E-06
+35.49900E-06 +0.0E+00 -844.22110E-06
+35.52400E-06 -39.39698637E-03 +0.0E+00
+35.54900E-06 -39.39698637E-03 -422.11055E-06
+35.57400E-06 -39.39698637E-03 -422.11055E-06
+35.59900E-06 -19.69849319E-03 +0.0E+00
+35.62400E-06 -19.69849319E-03 +0.0E+00
+35.64900E-06 -59.09547956E-03 +0.0E+00
+35.67400E-06 -39.39698637E-03 +0.0E+00
+35.69900E-06 -39.39698637E-03 +0.0E+00
+35.72400E-06 -19.69849319E-03 -422.11055E-06
+35.74900E-06 -19.69849317E-03 +0.0E+00
+35.77400E-06 -19.69849317E-03 -422.11055E-06
+35.79900E-06 -39.39698637E-03 +0.0E+00
+35.82400E-06 -39.39698637E-03 +0.0E+00
+35.84900E-06 -39.39698637E-03 +0.0E+00
+35.87400E-06 -19.69849317E-03 +422.11055E-06
+35.89900E-06 -19.69849319E-03 -422.11055E-06
+35.92400E-06 -39.39698637E-03 -422.11055E-06
+35.94900E-06 -19.69849317E-03 -844.22110E-06
+35.97400E-06 -19.69849319E-03 +0.0E+00
+35.99900E-06 +19.69849319E-03 +0.0E+00
+36.02400E-06 -19.69849317E-03 +0.0E+00
+36.04900E-06 -19.69849319E-03 -422.11055E-06
+36.07400E-06 -39.39698634E-03 -422.11055E-06
+36.09900E-06 +0.0E+00 +0.0E+00
+36.12400E-06 -39.39698637E-03 +0.0E+00
+36.14900E-06 +0.0E+00 -422.11055E-06
+36.17400E-06 -19.69849319E-03 -422.11055E-06
+36.19900E-06 -39.39698637E-03 +0.0E+00
+36.22400E-06 -39.39698637E-03 +0.0E+00
+36.24900E-06 -39.39698637E-03 +0.0E+00
+36.27400E-06 -19.69849317E-03 -422.11055E-06
+36.29900E-06 -19.69849319E-03 +0.0E+00
+36.32400E-06 -39.39698637E-03 +0.0E+00
+36.34900E-06 -39.39698637E-03 -422.11055E-06
+36.37400E-06 -19.69849319E-03 -422.11055E-06
+36.39900E-06 +20E-12 +0.0E+00
+36.42400E-06 -39.39698637E-03 +0.0E+00
+36.44900E-06 +0.0E+00 -844.22110E-06
+36.47400E-06 -39.39698637E-03 +0.0E+00
+36.49900E-06 -39.39698637E-03 +0.0E+00
+36.52400E-06 +0.0E+00 -422.11055E-06
+36.54900E-06 -19.69849317E-03 -422.11055E-06
+36.57400E-06 +0.0E+00 -422.11055E-06
+36.59900E-06 -39.39698637E-03 +0.0E+00
+36.62400E-06 -39.39698637E-03 +422.11055E-06
+36.64900E-06 -19.69849319E-03 +422.11055E-06
+36.67400E-06 +0.0E+00 -422.11055E-06
+36.69900E-06 -19.69849319E-03 -422.11055E-06
+36.72400E-06 -39.39698637E-03 +0.0E+00
+36.74900E-06 -19.69849317E-03 +0.0E+00
+36.77400E-06 -19.69849319E-03 -422.11055E-06
+36.79900E-06 +0.0E+00 +0.0E+00
+36.82400E-06 +0.0E+00 +422.11055E-06
+36.84900E-06 -19.69849319E-03 -422.11055E-06
+36.87400E-06 -39.39698637E-03 +422.11055E-06
+36.89900E-06 -39.39698637E-03 +0.0E+00
+36.92400E-06 -19.69849317E-03 +422.11055E-06
+36.94900E-06 +0.0E+00 -422.11055E-06
+36.97400E-06 -19.69849317E-03 -844.22110E-06
+36.99900E-06 -19.69849319E-03 +0.0E+00
+37.02400E-06 -39.39698637E-03 -422.11055E-06
+37.04900E-06 -19.69849317E-03 -422.11055E-06
+37.07400E-06 +0.0E+00 +0.0E+00
+37.09900E-06 +0.0E+00 +0.0E+00
+37.12400E-06 +0.0E+00 -422.11055E-06
+37.14900E-06 -59.09547954E-03 +0.0E+00
+37.17400E-06 +0.0E+00 -844.22110E-06
+37.19900E-06 -39.39698637E-03 +844.22110E-06
+37.22400E-06 -20E-12 -422.11055E-06
+37.24900E-06 -19.69849317E-03 +0.0E+00
+37.27400E-06 -59.09547954E-03 -422.11055E-06
+37.29900E-06 -39.39698637E-03 -422.11055E-06
+37.32400E-06 +0.0E+00 +422.11055E-06
+37.34900E-06 +0.0E+00 +422.11055E-06
+37.37400E-06 +0.0E+00 -422.11055E-06
+37.39900E-06 -39.39698637E-03 +0.0E+00
+37.42400E-06 -39.39698637E-03 +0.0E+00
+37.44900E-06 -39.39698637E-03 +0.0E+00
+37.47400E-06 +19.69849319E-03 +0.0E+00
+37.49900E-06 -19.69849319E-03 +0.0E+00
+37.52400E-06 -39.39698637E-03 +0.0E+00
+37.54900E-06 -78.79397273E-03 -844.22110E-06
+37.57400E-06 -19.69849317E-03 -422.11055E-06
+37.59900E-06 -19.69849319E-03 +0.0E+00
+37.62400E-06 -19.69849317E-03 +0.0E+00
+37.64900E-06 -59.09547956E-03 +0.0E+00
+37.67400E-06 -19.69849320E-03 -844.22110E-06
+37.69900E-06 -39.39698637E-03 -422.11055E-06
+37.72400E-06 +0.0E+00 +0.0E+00
+37.74900E-06 +0.0E+00 +422.11055E-06
+37.77400E-06 +0.0E+00 -844.22110E-06
+37.79900E-06 -39.39698637E-03 -422.11055E-06
+37.82400E-06 -19.69849317E-03 +0.0E+00
+37.84900E-06 -19.69849317E-03 +0.0E+00
+37.87400E-06 +19.69849320E-03 +0.0E+00
+37.89900E-06 +0.0E+00 +0.0E+00
+37.92400E-06 -39.39698637E-03 -422.11055E-06
+37.94900E-06 -59.09547954E-03 -422.11055E-06
+37.97400E-06 -19.69849317E-03 -422.11055E-06
+37.99900E-06 +0.0E+00 +422.11055E-06
+38.02400E-06 +0.0E+00 +0.0E+00
+38.04900E-06 -19.69849317E-03 -844.22110E-06
+38.07400E-06 -78.79397273E-03 +0.0E+00
+38.09900E-06 -39.39698637E-03 +0.0E+00
+38.12400E-06 +0.0E+00 +0.0E+00
+38.14900E-06 +19.69849320E-03 -422.11055E-06
+38.17400E-06 -19.69849320E-03 -422.11055E-06
+38.19900E-06 -39.39698637E-03 +0.0E+00
+38.22400E-06 -78.79397273E-03 +0.0E+00
+38.24900E-06 -39.39698637E-03 +0.0E+00
+38.27400E-06 +19.69849320E-03 +0.0E+00
+38.29900E-06 +0.0E+00 +0.0E+00
+38.32400E-06 -39.39698639E-03 -422.11055E-06
+38.34900E-06 -59.09547953E-03 -422.11055E-06
+38.37400E-06 -19.69849317E-03 -422.11055E-06
+38.39900E-06 +0.0E+00 +0.0E+00
+38.42400E-06 +0.0E+00 +0.0E+00
+38.44900E-06 -39.39698637E-03 -422.11055E-06
+38.47400E-06 -59.09547953E-03 -422.11055E-06
+38.49900E-06 -39.39698637E-03 -422.11055E-06
+38.52400E-06 +0.0E+00 +0.0E+00
+38.54900E-06 +39.39698637E-03 -422.11055E-06
+38.57400E-06 +0.0E+00 -422.11055E-06
+38.59900E-06 -78.79397273E-03 -844.22110E-06
+38.62400E-06 -78.79397273E-03 +0.0E+00
+38.64900E-06 -39.39698637E-03 +0.0E+00
+38.67400E-06 +19.69849320E-03 +844.22110E-06
+38.69900E-06 +19.69849317E-03 +422.11055E-06
+38.72400E-06 -59.09547956E-03 +0.0E+00
+38.74900E-06 -78.79397273E-03 -422.11055E-06
+38.77400E-06 -39.39698637E-03 -422.11055E-06
+38.79900E-06 +0.0E+00 +422.11055E-06
+38.82400E-06 +19.69849317E-03 +0.0E+00
+38.84900E-06 -59.09547956E-03 +422.11055E-06
+38.87400E-06 -78.79397273E-03 -844.22110E-06
+38.89900E-06 -59.09547953E-03 -422.11055E-06
+38.92400E-06 +19.69849317E-03 +0.0E+00
+38.94900E-06 +59.09547956E-03 -422.11055E-06
+38.97400E-06 +0.0E+00 -844.22110E-06
+38.99900E-06 -78.79397273E-03 -844.22110E-06
+39.02400E-06 -78.79397273E-03 +0.0E+00
+39.04900E-06 -19.69849317E-03 +0.0E+00
+39.07400E-06 +59.09547956E-03 +0.0E+00
+39.09900E-06 +39.39698637E-03 +422.11055E-06
+39.12400E-06 -59.09547956E-03 -422.11055E-06
+39.14900E-06 -98.49246590E-03 -422.11055E-06
+39.17400E-06 -59.09547953E-03 -422.11055E-06
+39.19900E-06 +39.39698637E-03 +422.11055E-06
+39.22400E-06 +39.39698637E-03 +422.11055E-06
+39.24900E-06 -39.39698639E-03 +0.0E+00
+39.27400E-06 -98.49246590E-03 -422.11055E-06
+39.29900E-06 -59.09547953E-03 +0.0E+00
+39.32400E-06 +0.0E+00 +844.22110E-06
+39.34900E-06 +78.79397273E-03 +0.0E+00
+39.37400E-06 +19.69849317E-03 -422.11055E-06
+39.39900E-06 -98.49246593E-03 -422.11055E-06
+39.42400E-06 -118.19095910E-03 +0.0E+00
+39.44900E-06 -39.39698637E-03 +844.22110E-06
+39.47400E-06 +59.09547956E-03 +422.11055E-06
+39.49900E-06 +59.09547953E-03 +0.0E+00
+39.52400E-06 -59.09547956E-03 -422.11055E-06
+39.54900E-06 -118.19095910E-03 -1.26633165E-03
+39.57400E-06 -39.39698634E-03 +0.0E+00
+39.59900E-06 +39.39698637E-03 +1.68844219E-03
+39.62400E-06 +59.09547956E-03 +422.11055E-06
+39.64900E-06 -59.09547956E-03 -844.22110E-06
+39.67400E-06 -137.88945226E-03 -1.26633164E-03
+39.69900E-06 -59.09547953E-03 -422.11055E-06
+39.72400E-06 +39.39698637E-03 +422.11055E-06
+39.74900E-06 +59.09547953E-03 +422.11055E-06
+39.77400E-06 +0.0E+00 -844.22110E-06
+39.79900E-06 -118.19095910E-03 -1.26633164E-03
+39.82400E-06 -118.19095910E-03 -1.26633164E-03
+39.84900E-06 +0.0E+00 +844.22110E-06
+39.87400E-06 +98.49246593E-03 +422.11055E-06
+39.89900E-06 +59.09547953E-03 -422.11055E-06
+39.92400E-06 -98.49246593E-03 -1.26633165E-03
+39.94900E-06 -157.58794546E-03 -422.11055E-06
+39.97400E-06 -59.09547953E-03 +422.11055E-06
+39.99900E-06 +78.79397273E-03 +844.22110E-06
+40.02400E-06 +78.79397273E-03 +0.0E+00
+40.04900E-06 -59.09547956E-03 -844.22110E-06
+40.07400E-06 -157.58794546E-03 -1.26633165E-03
+40.09900E-06 -98.49246590E-03 -422.11055E-06
+40.12400E-06 +39.39698637E-03 +844.22110E-06
+40.14900E-06 +98.49246590E-03 +422.11055E-06
+40.17400E-06 +19.69849317E-03 -844.22110E-06
+40.19900E-06 -137.88945229E-03 -1.26633165E-03
+40.22400E-06 -137.88945226E-03 +0.0E+00
+40.24900E-06 -19.69849317E-03 +844.22110E-06
+40.27400E-06 +118.19095910E-03 +1.68844219E-03
+40.29900E-06 +78.79397270E-03 +422.11055E-06
+40.32400E-06 -98.49246593E-03 -844.22110E-06
+40.34900E-06 -196.98493183E-03 -844.22110E-06
+40.37400E-06 -59.09547953E-03 +0.0E+00
+40.39900E-06 +118.19095913E-03 +1.68844219E-03
+40.42400E-06 +137.88945226E-03 +422.11055E-06
+40.44900E-06 -59.09547956E-03 -844.22110E-06
+40.47400E-06 -196.98493183E-03 -1.68844219E-03
+40.49900E-06 -137.88945226E-03 -422.11055E-06
+40.52400E-06 +78.79397273E-03 +1.26633164E-03
+40.54900E-06 +157.58794546E-03 +844.22110E-06
+40.57400E-06 +19.69849317E-03 -844.22110E-06
+40.59900E-06 -177.28643866E-03 -1.68844219E-03
+40.62400E-06 -157.58794546E-03 -422.11055E-06
+40.64900E-06 -19.69849317E-03 +844.22110E-06
+40.67400E-06 +177.28643866E-03 +1.26633164E-03
+40.69900E-06 +78.79397273E-03 +0.0E+00
+40.72400E-06 -157.58794549E-03 -1.68844219E-03
+40.74900E-06 -216.68342499E-03 -844.22110E-06
+40.77400E-06 -59.09547953E-03 +844.22110E-06
+40.79900E-06 +137.88945229E-03 +2.11055274E-03
+40.82400E-06 +137.88945226E-03 +422.11055E-06
+40.84900E-06 -78.79397276E-03 -1.26633165E-03
+40.87400E-06 -236.38191819E-03 -1.68844219E-03
+40.89900E-06 -137.88945226E-03 -422.11055E-06
+40.92400E-06 +98.49246593E-03 +1.68844219E-03
+40.94900E-06 +216.68342502E-03 +422.11055E-06
+40.97400E-06 +39.39698633E-03 -1.26633164E-03
+40.99900E-06 -216.68342502E-03 -2.11055274E-03
+41.02400E-06 -216.68342499E-03 +0.0E+00
+41.04900E-06 +30E-12 +1.26633164E-03
+41.07400E-06 +216.68342502E-03 +1.68844219E-03
+41.09900E-06 +118.19095906E-03 +0.0E+00
+41.12400E-06 -157.58794549E-03 -2.11055274E-03
+41.14900E-06 -256.08041136E-03 -1.68844219E-03
+41.17400E-06 -59.09547953E-03 +422.11055E-06
+41.19900E-06 +216.68342503E-03 +2.53266329E-03
+41.22400E-06 +216.68342499E-03 +844.22110E-06
+41.24900E-06 -78.79397276E-03 -1.26633165E-03
+41.27400E-06 -275.77890456E-03 -2.53266329E-03
+41.29900E-06 -177.28643860E-03 +0.0E+00
+41.32400E-06 +137.88945229E-03 +1.68844219E-03
+41.34900E-06 +236.38191819E-03 +1.26633164E-03
+41.37400E-06 +39.39698633E-03 -844.22110E-06
+41.39900E-06 -275.77890459E-03 -2.95477384E-03
+41.42400E-06 -275.77890453E-03 -1.68844219E-03
+41.44900E-06 +19.69849323E-03 +2.11055274E-03
+41.47400E-06 +256.08041139E-03 +2.53266329E-03
+41.49900E-06 +157.58794543E-03 +0.0E+00
+41.52400E-06 -196.98493186E-03 -2.11055274E-03
+41.54900E-06 -334.87438409E-03 -2.11055274E-03
+41.57400E-06 -118.19095906E-03 +1.68844219E-03
+41.59900E-06 +256.08041139E-03 +2.53266329E-03
+41.62400E-06 +256.08041136E-03 +1.26633164E-03
+41.64900E-06 -98.49246596E-03 -2.11055274E-03
+41.67400E-06 -374.27137045E-03 -2.53266329E-03
+41.69900E-06 -196.98493179E-03 -422.11055E-06
+41.72400E-06 +177.28643866E-03 +2.11055274E-03
+41.74900E-06 +334.87438412E-03 +2.11055274E-03
+41.77400E-06 +59.09547950E-03 -1.68844219E-03
+41.79900E-06 -315.17589096E-03 -2.95477384E-03
+41.82400E-06 -334.87438406E-03 -1.26633164E-03
+41.84900E-06 +19.69849323E-03 +2.11055274E-03
+41.87400E-06 +334.87438412E-03 +2.95477384E-03
+41.89900E-06 +216.68342496E-03 +422.11055E-06
+41.92400E-06 -236.38191822E-03 -2.95477384E-03
+41.94900E-06 -433.36685002E-03 -2.53266329E-03
+41.97400E-06 -98.49246586E-03 +1.26633165E-03
+41.99900E-06 +295.47739776E-03 +3.37688439E-03
+42.02400E-06 +315.17589089E-03 +844.22110E-06
+42.04900E-06 -118.19095916E-03 -2.95477384E-03
+42.07400E-06 -433.36685002E-03 -2.95477384E-03
+42.09900E-06 -275.77890452E-03 -422.11055E-06
+42.12400E-06 +196.98493186E-03 +3.37688439E-03
+42.14900E-06 +413.66835682E-03 +2.11055274E-03
+42.17400E-06 +78.79397266E-03 -2.11055274E-03
+42.19900E-06 -393.96986369E-03 -3.79899493E-03
+42.22400E-06 -393.96986362E-03 -844.22110E-06
+42.24900E-06 +39.39698643E-03 +2.95477384E-03
+42.27400E-06 +453.06534322E-03 +3.37688439E-03
+42.29900E-06 +256.08041132E-03 +0.0E+00
+42.32400E-06 -275.77890462E-03 -3.37688439E-03
+42.34900E-06 -492.46232955E-03 -3.37688439E-03
+42.37400E-06 -118.19095903E-03 +1.26633165E-03
+42.39900E-06 +393.96986369E-03 +4.22110548E-03
+42.42400E-06 +413.66835679E-03 +1.68844219E-03
+42.44900E-06 -137.88945236E-03 -2.95477384E-03
+42.47400E-06 -531.85931595E-03 -4.64321603E-03
+42.49900E-06 -315.17589085E-03 +0.0E+00
+42.52400E-06 +275.77890463E-03 +3.79899493E-03
+42.54900E-06 +512.16082275E-03 +2.95477384E-03
+42.57400E-06 +78.79397266E-03 -1.68844219E-03
+42.59900E-06 -492.46232962E-03 -5.06532658E-03
+42.62400E-06 -472.76383635E-03 -1.68844219E-03
+42.64900E-06 +39.39698643E-03 +3.37688439E-03
+42.67400E-06 +551.55780915E-03 +4.22110548E-03
+42.69900E-06 +295.47739769E-03 +422.11055E-06
+42.72400E-06 -315.17589099E-03 -4.64321603E-03
+42.74900E-06 -590.95479545E-03 -3.37688439E-03
+42.77400E-06 -118.19095903E-03 +1.68844219E-03
+42.79900E-06 +472.76383642E-03 +4.64321603E-03
+42.82400E-06 +472.76383635E-03 +2.11055274E-03
+42.84900E-06 -137.88945237E-03 -3.37688439E-03
+42.87400E-06 -630.35178185E-03 -4.64321603E-03
+42.89900E-06 -354.57287722E-03 +0.0E+00
+42.92400E-06 +315.17589099E-03 +4.64321603E-03
+42.94900E-06 +571.25630228E-03 +3.37688439E-03
+42.97400E-06 +118.19095903E-03 -2.53266329E-03
+42.99900E-06 -571.25630235E-03 -5.90954768E-03
+43.02400E-06 -571.25630224E-03 -2.11055274E-03
+43.04900E-06 +98.49246600E-03 +3.79899493E-03
+43.07400E-06 +630.35178188E-03 +4.64321603E-03
+43.09900E-06 +354.57287722E-03 -0.0E+00
+43.12400E-06 -393.96986372E-03 -5.48743713E-03
+43.14900E-06 -728.84424774E-03 -5.06532658E-03
+43.17400E-06 -196.98493176E-03 +2.53266329E-03
+43.19900E-06 +571.25630235E-03 +6.33165822E-03
+43.22400E-06 +571.25630224E-03 +2.11055274E-03
+43.24900E-06 -177.28643873E-03 -4.64321603E-03
+43.27400E-06 -748.54274094E-03 -5.90954768E-03
+43.29900E-06 -433.36684995E-03 +0.0E+00
+43.32400E-06 +393.96986376E-03 +5.90954768E-03
+43.34900E-06 +709.14575454E-03 +4.64321603E-03
+43.37400E-06 +118.19095899E-03 -3.37688439E-03
+43.39900E-06 -669.74876828E-03 -6.75376877E-03
+43.42400E-06 -669.74876814E-03 -2.53266329E-03
+43.44900E-06 +118.19095920E-03 +5.06532658E-03
+43.47400E-06 +748.54274094E-03 +5.90954768E-03
+43.49900E-06 +413.66835675E-03 -0.0E+00
+43.52400E-06 -453.06534329E-03 -7.17587932E-03
+43.54900E-06 -827.33671364E-03 -5.48743713E-03
+43.57400E-06 -177.28643855E-03 +2.95477384E-03
+43.59900E-06 +689.44726145E-03 +8.02010042E-03
+43.62400E-06 +709.14575450E-03 +2.53266329E-03
+43.64900E-06 -177.28643877E-03 -5.48743713E-03
+43.67400E-06 -866.73370007E-03 -6.75376877E-03
+43.69900E-06 -492.46232948E-03 +0.0E+00
+43.72400E-06 +472.76383649E-03 +7.17587932E-03
+43.74900E-06 +827.33671364E-03 +5.06532658E-03
+43.77400E-06 +137.88945219E-03 -3.79899494E-03
+43.79900E-06 -768.24123422E-03 -8.44221096E-03
+43.82400E-06 -768.24123403E-03 -2.53266329E-03
+43.84900E-06 +137.88945241E-03 +5.90954768E-03
+43.87400E-06 +906.13068644E-03 +7.59798987E-03
+43.89900E-06 +492.46232947E-03 -422.11055E-06
+43.92400E-06 -551.55780922E-03 -8.02010042E-03
+43.94900E-06 -945.52767273E-03 -6.75376877E-03
+43.97400E-06 -177.28643851E-03 +2.95477384E-03
+43.99900E-06 +807.63822054E-03 +8.86432151E-03
+44.02400E-06 +787.93972723E-03 +2.95477384E-03
+44.04900E-06 -236.38191834E-03 -7.17587932E-03
+44.07400E-06 -1.00462315233E+00 -8.86432151E-03
+44.09900E-06 -551.55780900E-03 -422.11055E-06
+44.12400E-06 +571.25630243E-03 +8.44221097E-03
+44.14900E-06 +1.00462315226E+00 +5.48743713E-03
+44.17400E-06 +157.58794531E-03 -4.64321603E-03
+44.19900E-06 -906.13068648E-03 -9.28643206E-03
+44.22400E-06 -906.13068633E-03 -3.37688438E-03
+44.24900E-06 +236.38191834E-03 +6.75376877E-03
+44.27400E-06 +1.04402013870E+00 +8.86432151E-03
+44.29900E-06 +571.25630217E-03 -422.11055E-06
+44.32400E-06 -669.74876836E-03 -9.70854261E-03
+44.34900E-06 -1.14251260456E+00 -6.75376877E-03
+44.37400E-06 -216.68342484E-03 +3.37688439E-03
+44.39900E-06 +965.22616604E-03 +10.13065316E-03
+44.42400E-06 +906.13068633E-03 +3.79899493E-03
+44.44900E-06 -256.08041154E-03 -7.59798987E-03
+44.47400E-06 -1.20160808416E+00 -9.70854261E-03
+44.49900E-06 -650.05027490E-03 +0.0E+00
+44.52400E-06 +669.74876836E-03 +10.97487426E-03
+44.54900E-06 +1.16221109776E+00 +7.17587932E-03
+44.57400E-06 +196.98493164E-03 -4.64321603E-03
+44.59900E-06 -1.02432164561E+00 -11.81909535E-03
+44.62400E-06 -1.02432164538E+00 -4.22110548E-03
+44.64900E-06 +256.08041155E-03 +8.44221097E-03
+44.67400E-06 +1.20160808420E+00 +10.55276371E-03
+44.69900E-06 +669.74876806E-03 -422.11055E-06
+44.72400E-06 -748.54274109E-03 -10.97487426E-03
+44.74900E-06 -1.26070356365E+00 -8.02010042E-03
+44.77400E-06 -236.38191800E-03 +4.64321603E-03
+44.79900E-06 +1.06371863198E+00 +12.66331645E-03
+44.82400E-06 +1.04402013858E+00 +4.22110548E-03
+44.84900E-06 -315.17589111E-03 -8.86432151E-03
+44.87400E-06 -1.33949753642E+00 -11.39698480E-03
+44.89900E-06 -728.84424758E-03 +422.11055E-06
+44.92400E-06 +748.54274110E-03 +11.39698480E-03
+44.94900E-06 +1.30010055002E+00 +8.44221096E-03
+44.97400E-06 +196.98493163E-03 -5.90954768E-03
+44.99900E-06 -1.18190959108E+00 -13.92964809E-03
+45.02400E-06 -1.16221109764E+00 -4.64321603E-03
+45.04900E-06 +275.77890475E-03 +10.13065316E-03
+45.07400E-06 +1.33949753646E+00 +12.24120590E-03
+45.09900E-06 +728.84424758E-03 -0.0E+00
+45.12400E-06 -847.03520703E-03 -12.66331645E-03
+45.14900E-06 -1.43799000228E+00 -9.70854261E-03
+45.17400E-06 -236.38191796E-03 +4.64321603E-03
+45.19900E-06 +1.24100507061E+00 +13.92964809E-03
+45.22400E-06 +1.18190959084E+00 +4.64321603E-03
+45.24900E-06 -374.27137069E-03 -10.55276371E-03
+45.27400E-06 -1.51678397508E+00 -13.50753754E-03
+45.29900E-06 -787.93972711E-03 +422.11055E-06
+45.32400E-06 +866.73370023E-03 +13.50753754E-03
+45.34900E-06 +1.47738698864E+00 +8.86432151E-03
+45.37400E-06 +216.68342479E-03 -6.75376877E-03
+45.39900E-06 -1.35919602970E+00 -15.19597974E-03
+45.42400E-06 -1.30010054990E+00 -5.48743713E-03
+45.44900E-06 +374.27137069E-03 +11.81909535E-03
+45.47400E-06 +1.57587945465E+00 +14.77386919E-03
+45.49900E-06 +827.33671347E-03 -0.0E+00
+45.52400E-06 -1.00462315253E+00 -14.35175864E-03
+45.54900E-06 -1.61527644090E+00 -10.55276370E-03
+45.57400E-06 -256.08041111E-03 +6.33165823E-03
+45.59900E-06 +1.41829150927E+00 +15.61809029E-03
+45.62400E-06 +1.33949753626E+00 +5.90954767E-03
+45.64900E-06 -433.36685026E-03 -11.81909535E-03
+45.67400E-06 -1.67437192055E+00 -15.19597974E-03
+45.69900E-06 -886.43219300E-03 +1.68844220E-03
+45.72400E-06 +984.92465933E-03 +16.04020083E-03
+45.74900E-06 +1.63497493410E+00 +10.97487425E-03
+45.77400E-06 +216.68342475E-03 -8.02010042E-03
+45.79900E-06 -1.51678397521E+00 -17.30653248E-03
+45.82400E-06 -1.41829150899E+00 -5.90954767E-03
+45.84900E-06 +393.96986390E-03 +13.08542700E-03
+45.87400E-06 +1.73346740011E+00 +15.61809028E-03
+45.89900E-06 +906.13068616E-03 -844.22110E-06
+45.92400E-06 -1.08341712531E+00 -17.30653248E-03
+45.94900E-06 -1.77286438636E+00 -12.24120590E-03
+45.97400E-06 -256.08041111E-03 +7.59798987E-03
+45.99900E-06 +1.55618096157E+00 +18.15075357E-03
+46.02400E-06 +1.45768849535E+00 +6.33165822E-03
+46.04900E-06 -512.16082304E-03 -13.50753755E-03
+46.07400E-06 -1.89105534554E+00 -16.88442193E-03
+46.09900E-06 -965.22616568E-03 +844.22110E-06
+46.12400E-06 +1.12281411164E+00 +17.72864303E-03
+46.14900E-06 +1.81226137272E+00 +12.66331644E-03
+46.17400E-06 +236.38191790E-03 -8.86432152E-03
+46.19900E-06 -1.69407041383E+00 -18.99497467E-03
+46.22400E-06 -1.55618096124E+00 -6.33165822E-03
+46.24900E-06 +472.76383667E-03 +15.19597974E-03
+46.27400E-06 +1.89105534558E+00 +18.15075357E-03
+46.29900E-06 +965.22616568E-03 -422.11055E-06
+46.32400E-06 -1.24100507078E+00 -18.99497467E-03
+46.34900E-06 -1.96984931818E+00 -13.92964809E-03
+46.37400E-06 -295.47739743E-03 +8.44221097E-03
+46.39900E-06 +1.69407041387E+00 +20.26130632E-03
+46.42400E-06 +1.59557794761E+00 +8.02010041E-03
+46.44900E-06 -571.25630261E-03 -14.77386919E-03
+46.47400E-06 -2.06834178420E+00 -18.57286412E-03
+46.49900E-06 -1.02432164521E+00 +1.26633165E-03
+46.52400E-06 +1.24100507078E+00 +20.26130632E-03
+46.54900E-06 +2.00924630455E+00 +14.77386919E-03
+46.57400E-06 +256.08041106E-03 -9.28643206E-03
+46.59900E-06 -1.81226137297E+00 -21.10552741E-03
+46.62400E-06 -1.69407041350E+00 -7.17587932E-03
+46.64900E-06 +551.55780945E-03 +16.46231138E-03
+46.67400E-06 +2.10773877061E+00 +19.41708522E-03
+46.69900E-06 +1.06371863157E+00 -844.22110E-06
+46.72400E-06 -1.37889452304E+00 -20.68341687E-03
+46.74900E-06 -2.10773877044E+00 -14.35175864E-03
+46.77400E-06 -275.77890418E-03 +10.55276371E-03
+46.79900E-06 +1.87135685250E+00 +22.79396961E-03
+46.82400E-06 +1.73346739986E+00 +8.44221096E-03
+46.84900E-06 -630.35178218E-03 -16.88442193E-03
+46.87400E-06 -2.22592972970E+00 -20.26130631E-03
+46.89900E-06 -1.14251260425E+00 +1.26633165E-03
+46.92400E-06 +1.33949753672E+00 +21.94974851E-03
+46.94900E-06 +2.16683425001E+00 +15.61809028E-03
+46.97400E-06 +216.68342465E-03 -10.13065316E-03
+46.99900E-06 -2.00924630480E+00 -23.63819070E-03
+47.02400E-06 -1.83195986575E+00 -7.17587932E-03
+47.04900E-06 +630.35178219E-03 +18.15075358E-03
+47.07400E-06 +2.24562822287E+00 +21.94974851E-03
+47.09900E-06 +1.12281411105E+00 -1.26633165E-03
+47.12400E-06 -1.47738698902E+00 -23.21608015E-03
+47.14900E-06 -2.28502520906E+00 -16.46231138E-03
+47.17400E-06 -275.77890417E-03 +10.97487426E-03
+47.19900E-06 +2.04864329117E+00 +24.48241180E-03
+47.22400E-06 +1.83195986575E+00 +9.28643206E-03
+47.24900E-06 -669.74876860E-03 -18.57286413E-03
+47.27400E-06 -2.40321616833E+00 -22.37185906E-03
+47.29900E-06 -1.18190959061E+00 +1.26633165E-03
+47.32400E-06 +1.45768849582E+00 +24.06030125E-03
+47.34900E-06 +2.30472370226E+00 +16.88442193E-03
+47.37400E-06 +256.08041096E-03 -11.81909535E-03
+47.39900E-06 -2.14713575711E+00 -25.74874344E-03
+47.42400E-06 -1.96984931800E+00 -8.44221096E-03
+47.44900E-06 +689.44726176E-03 +20.26130632E-03
+47.47400E-06 +2.44261315469E+00 +24.48241180E-03
+47.49900E-06 +1.16221109741E+00 -1.68844220E-03
+47.52400E-06 -1.61527644133E+00 -25.32663290E-03
+47.54900E-06 -2.42291466136E+00 -17.30653247E-03
+47.57400E-06 -295.47739732E-03 +12.24120590E-03
+47.59900E-06 +2.18653274347E+00 +26.59296454E-03
+47.62400E-06 +1.96984931800E+00 +9.28643206E-03
+47.64900E-06 -748.54274134E-03 -19.83919577E-03
+47.67400E-06 -2.58050260695E+00 -24.48241180E-03
+47.69900E-06 -1.28040205650E+00 +1.68844220E-03
+47.72400E-06 +1.59557794813E+00 +26.59296454E-03
+47.74900E-06 +2.44261315456E+00 +18.99497467E-03
+47.77400E-06 +216.68342459E-03 -12.24120590E-03
+47.79900E-06 -2.28502520937E+00 -27.43718564E-03
+47.82400E-06 -2.04864329073E+00 -8.86432151E-03
+47.84900E-06 +748.54274134E-03 +21.94974851E-03
+47.87400E-06 +2.58050260699E+00 +26.17085399E-03
+47.89900E-06 +1.22130657692E+00 -844.22110E-06
+47.92400E-06 -1.69407041406E+00 -27.43718564E-03
+47.94900E-06 -2.56080411361E+00 -18.99497467E-03
+47.97400E-06 -275.77890411E-03 +13.08542700E-03
+47.99900E-06 +2.32442219573E+00 +29.12562783E-03
+48.02400E-06 +2.04864329068E+00 +10.55276370E-03
+48.04900E-06 -827.33671412E-03 -21.52763796E-03
+48.07400E-06 -2.67899507289E+00 -25.74874344E-03
+48.09900E-06 -1.28040205645E+00 +2.11055275E-03
+48.12400E-06 +1.69407041407E+00 +28.70351728E-03
+48.14900E-06 +2.56080411361E+00 +19.41708522E-03
+48.17400E-06 +196.98493138E-03 -12.66331645E-03
+48.19900E-06 -2.40321616851E+00 -29.96984892E-03
+48.22400E-06 -2.14713575662E+00 -8.44221096E-03
+48.24900E-06 +827.33671412E-03 +23.63819071E-03
+48.27400E-06 +2.67899507289E+00 +27.43718563E-03
+48.29900E-06 +1.28040205644E+00 -1.26633165E-03
+48.32400E-06 -1.79256288001E+00 -28.70351728E-03
+48.34900E-06 -2.67899507271E+00 -20.26130631E-03
+48.37400E-06 -256.08041090E-03 +13.92964810E-03
+48.39900E-06 +2.42291466167E+00 +30.81407002E-03
+48.42400E-06 +2.12743726341E+00 +10.97487425E-03
+48.44900E-06 -866.73370054E-03 -23.63819071E-03
+48.47400E-06 -2.81688452519E+00 -27.43718563E-03
+48.49900E-06 -1.31979904281E+00 +2.11055275E-03
+48.52400E-06 +1.79256287996E+00 +30.39195948E-03
+48.54900E-06 +2.65929657955E+00 +21.10552741E-03
+48.57400E-06 +177.28643816E-03 -13.92964810E-03
+48.59900E-06 -2.56080411398E+00 -31.65829112E-03
+48.62400E-06 -2.20623123614E+00 -10.13065315E-03
+48.64900E-06 +827.33671413E-03 +24.90452235E-03
+48.67400E-06 +2.81688452519E+00 +29.12562783E-03
+48.69900E-06 +1.31979904276E+00 -1.68844220E-03
+48.72400E-06 -1.87135685274E+00 -29.96984893E-03
+48.74900E-06 -2.77748753859E+00 -20.68341686E-03
+48.77400E-06 -236.38191768E-03 +14.77386919E-03
+48.79900E-06 +2.54110562082E+00 +32.50251221E-03
+48.82400E-06 +2.18653274293E+00 +11.39698480E-03
+48.84900E-06 -906.13068691E-03 -24.48241180E-03
+48.87400E-06 -2.93507548429E+00 -29.12562783E-03
+48.89900E-06 -1.33949753596E+00 +2.53266330E-03
+48.92400E-06 +1.87135685275E+00 +32.08040167E-03
+48.94900E-06 +2.75778904543E+00 +21.94974850E-03
+48.97400E-06 +216.68342448E-03 -15.19597974E-03
+48.99900E-06 -2.61989959350E+00 -32.50251221E-03
+49.02400E-06 -2.26532671566E+00 -9.70854260E-03
+49.04900E-06 +886.43219371E-03 +25.74874345E-03
+49.07400E-06 +2.89567849792E+00 +30.39195947E-03
+49.09900E-06 +1.28040205638E+00 -1.26633165E-03
+49.12400E-06 -1.95015082548E+00 -32.08040167E-03
+49.14900E-06 -2.83658301816E+00 -22.37185905E-03
+49.17400E-06 -216.68342447E-03 +15.61809029E-03
+49.19900E-06 +2.63959808671E+00 +34.19095441E-03
+49.22400E-06 +2.22592972929E+00 +11.39698480E-03
+49.24900E-06 -965.22616649E-03 -26.17085400E-03
+49.27400E-06 -2.95477397745E+00 -29.96984892E-03
+49.29900E-06 -1.37889452227E+00 +2.53266330E-03
+49.32400E-06 +1.91075383912E+00 +32.92462276E-03
+49.34900E-06 +2.79718603180E+00 +23.21608015E-03
+49.37400E-06 +157.58794494E-03 -14.77386919E-03
+49.39900E-06 -2.67899507308E+00 -34.19095441E-03
+49.42400E-06 -2.26532671565E+00 -9.70854260E-03
+49.44900E-06 +965.22616645E-03 +27.01507509E-03
+49.47400E-06 +2.95477397745E+00 +31.23618057E-03
+49.49900E-06 +1.31979904274E+00 -2.11055275E-03
+49.52400E-06 -1.98954781185E+00 -32.92462276E-03
+49.54900E-06 -2.89567849768E+00 -22.79396960E-03
+49.57400E-06 -196.98493130E-03 +16.46231139E-03
+49.59900E-06 +2.63959808671E+00 +35.45728605E-03
+49.62400E-06 +2.24562822244E+00 +11.81909534E-03
+49.64900E-06 -965.22616645E-03 -26.59296454E-03
+49.67400E-06 -3.01386945697E+00 -30.39195947E-03
+49.69900E-06 -1.35919602910E+00 +2.95477384E-03
+49.72400E-06 +1.93045233228E+00 +34.61306496E-03
+49.74900E-06 +2.81688452495E+00 +22.79396960E-03
+49.77400E-06 +157.58794488E-03 -16.04020084E-03
+49.79900E-06 -2.71839205945E+00 -35.45728605E-03
+49.82400E-06 -2.30472370201E+00 -10.55276370E-03
+49.84900E-06 +984.92465961E-03 +27.85929619E-03
+49.87400E-06 +2.97447247065E+00 +32.50251221E-03
+49.89900E-06 +1.30010054953E+00 -2.11055275E-03
+49.92400E-06 -2.00924630507E+00 -33.76884386E-03
+49.94900E-06 -2.87598000447E+00 -23.21608015E-03
+49.97400E-06 -177.28643809E-03 +16.88442194E-03
+49.99900E-06 +2.67899507308E+00 +36.30150715E-03
+50.02400E-06 +2.24562822244E+00 +12.24120589E-03
+50.04900E-06 -1.02432164603E+00 -27.01507509E-03
+50.07400E-06 -3.03356795018E+00 -31.23618057E-03
+50.09900E-06 -1.33949753588E+00 +2.95477384E-03
+50.12400E-06 +1.96984931866E+00 +35.03517551E-03
+50.14900E-06 +2.81688452495E+00 +24.06030124E-03
+50.17400E-06 +98.49246535E-03 -16.88442194E-03
+50.19900E-06 -2.71839205945E+00 -35.45728605E-03
+50.22400E-06 -2.30472370200E+00 -10.97487425E-03
+50.24900E-06 +965.22616646E-03 +29.54773838E-03
+50.27400E-06 +2.97447247066E+00 +33.34673331E-03
+50.29900E-06 +1.28040205636E+00 -1.68844220E-03
+50.32400E-06 -2.02894479823E+00 -34.61306496E-03
+50.34900E-06 -2.87598000447E+00 -22.79396960E-03
+50.37400E-06 -177.28643808E-03 +18.15075358E-03
+50.39900E-06 +2.67899507309E+00 +35.87939660E-03
+50.42400E-06 +2.20623123606E+00 +12.24120589E-03
+50.44900E-06 -1.06371863241E+00 -27.43718564E-03
+50.47400E-06 -2.99417096381E+00 -32.08040166E-03
+50.49900E-06 -1.30010054951E+00 +2.53266330E-03
+50.52400E-06 +1.96984931866E+00 +35.45728605E-03
+50.54900E-06 +2.81688452495E+00 +24.48241179E-03
+50.57400E-06 +59.09547898E-03 -16.88442194E-03
+50.59900E-06 -2.71839205945E+00 -35.45728605E-03
+50.62400E-06 -2.22592972927E+00 -10.55276370E-03
+50.64900E-06 +984.92465963E-03 +29.12562783E-03
+50.67400E-06 +2.93507548429E+00 +32.50251221E-03
+50.69900E-06 +1.22130657683E+00 -2.11055275E-03
+50.72400E-06 -2.02894479824E+00 -35.03517551E-03
+50.74900E-06 -2.79718603174E+00 -23.21608015E-03
+50.77400E-06 -137.88945171E-03 +17.72864303E-03
+50.79900E-06 +2.61989959352E+00 +36.72361770E-03
+50.82400E-06 +2.14713575653E+00 +11.81909534E-03
+50.84900E-06 -1.04402013921E+00 -27.85929619E-03
+50.87400E-06 -2.97447247061E+00 -31.23618057E-03
+50.89900E-06 -1.24100506998E+00 +2.95477384E-03
+50.92400E-06 +1.93045233230E+00 +35.45728605E-03
+50.94900E-06 +2.71839205906E+00 +23.63819070E-03
+50.97400E-06 +59.09547897E-03 -17.72864303E-03
+50.99900E-06 -2.67899507304E+00 -35.45728605E-03
+51.02400E-06 -2.14713575653E+00 -10.55276370E-03
+51.04900E-06 +984.92465964E-03 +29.54773838E-03
+51.07400E-06 +2.85628151151E+00 +32.50251221E-03
+51.09900E-06 +1.18190959046E+00 -2.11055275E-03
+51.12400E-06 -1.98954781183E+00 -34.61306496E-03
+51.14900E-06 -2.71839205900E+00 -23.63819070E-03
+51.17400E-06 -78.79397217E-03 +17.30653249E-03
+51.19900E-06 +2.58050260716E+00 +35.87939660E-03
+51.22400E-06 +2.06834178380E+00 +11.81909534E-03
+51.24900E-06 -1.06371863237E+00 -27.85929619E-03
+51.27400E-06 -2.87598000467E+00 -31.23618057E-03
+51.29900E-06 -1.18190959045E+00 +2.95477384E-03
+51.32400E-06 +1.91075383910E+00 +35.03517551E-03
+51.34900E-06 +2.61989959312E+00 +23.63819070E-03
+51.37400E-06 +59.09547896E-03 -17.30653248E-03
+51.39900E-06 -2.58050260716E+00 -35.45728605E-03
+51.42400E-06 -2.08804027700E+00 -10.13065315E-03
+51.44900E-06 +965.22616644E-03 +28.70351728E-03
+51.47400E-06 +2.75778904562E+00 +31.65829112E-03
+51.49900E-06 +1.16221109729E+00 -2.95477384E-03
+51.52400E-06 -1.95015082552E+00 -34.19095441E-03
+51.54900E-06 -2.65929657948E+00 -22.37185905E-03
+51.57400E-06 -78.79397216E-03 +16.88442194E-03
+51.59900E-06 +2.50170863443E+00 +35.87939660E-03
+51.62400E-06 +1.98954781106E+00 +11.81909534E-03
+51.64900E-06 -1.02432164601E+00 -27.43718564E-03
+51.67400E-06 -2.77748753878E+00 -30.81407002E-03
+51.69900E-06 -1.12281411092E+00 +3.37688439E-03
+51.72400E-06 +1.83195986638E+00 +34.19095441E-03
+51.74900E-06 +2.54110562038E+00 +23.63819070E-03
+51.77400E-06 -520E-12 -16.46231139E-03
+51.79900E-06 -2.52140712759E+00 -34.61306495E-03
+51.82400E-06 -1.96984931790E+00 -10.13065315E-03
+51.84900E-06 +965.22616639E-03 +28.28140674E-03
+51.87400E-06 +2.65929657969E+00 +30.81407002E-03
+51.89900E-06 +1.02432164503E+00 -2.11055275E-03
+51.92400E-06 -1.87135685274E+00 -33.34673331E-03
+51.94900E-06 -2.50170863402E+00 -21.94974850E-03
+51.97400E-06 -59.09547900E-03 +17.72864303E-03
+51.99900E-06 +2.40321616849E+00 +35.03517550E-03
+52.02400E-06 +1.89105534517E+00 +11.39698480E-03
+52.04900E-06 -1.00462315281E+00 -26.17085400E-03
+52.07400E-06 -2.63959808648E+00 -29.96984892E-03
+52.09900E-06 -1.06371863134E+00 +3.79899494E-03
+52.12400E-06 +1.81226137317E+00 +33.76884386E-03
+52.14900E-06 +2.38351767492E+00 +21.94974850E-03
+52.17400E-06 -530E-12 -16.46231139E-03
+52.19900E-06 -2.38351767529E+00 -33.34673331E-03
+52.22400E-06 -1.89105534517E+00 -9.28643205E-03
+52.24900E-06 +945.52767324E-03 +27.43718564E-03
+52.27400E-06 +2.52140712738E+00 +30.39195947E-03
+52.29900E-06 +984.92465866E-03 -2.53266330E-03
+52.32400E-06 -1.79256288002E+00 -31.65829112E-03
+52.34900E-06 -2.40321616813E+00 -21.52763796E-03
+52.37400E-06 -19.69849268E-03 +16.46231139E-03
+52.39900E-06 +2.30472370256E+00 +33.34673331E-03
+52.42400E-06 +1.79256287928E+00 +10.55276370E-03
+52.44900E-06 -965.22616640E-03 -25.32663290E-03
+52.47400E-06 -2.52140712743E+00 -29.12562783E-03
+52.49900E-06 -1.02432164502E+00 +3.37688439E-03
+52.52400E-06 +1.71376890724E+00 +32.08040167E-03
+52.54900E-06 +2.26532671582E+00 +21.52763796E-03
+52.57400E-06 -19.69849369E-03 -16.04020084E-03
+52.59900E-06 -2.26532671619E+00 -32.92462276E-03
+52.62400E-06 -1.77286438606E+00 -9.28643206E-03
+52.64900E-06 +886.43219368E-03 +26.17085400E-03
+52.67400E-06 +2.36381918192E+00 +29.12562783E-03
+52.69900E-06 +906.13068592E-03 -2.11055275E-03
+52.72400E-06 -1.67437192088E+00 -30.81407002E-03
+52.74900E-06 -2.22592972945E+00 -19.83919576E-03
+52.77400E-06 -19.69849267E-03 +15.19597974E-03
+52.79900E-06 +2.12743726394E+00 +31.65829112E-03
+52.82400E-06 +1.63497493381E+00 +10.13065315E-03
+52.84900E-06 -925.82918004E-03 -24.90452235E-03
+52.87400E-06 -2.36381918192E+00 -28.28140673E-03
+52.89900E-06 -925.82917912E-03 +2.95477384E-03
+52.92400E-06 +1.61527644130E+00 +30.39195948E-03
+52.94900E-06 +2.08804027720E+00 +19.83919576E-03
+52.97400E-06 -59.09548001E-03 -14.35175865E-03
+52.99900E-06 -2.10773877073E+00 -30.81407002E-03
+53.02400E-06 -1.63497493381E+00 -8.86432151E-03
+53.04900E-06 +827.33671411E-03 +24.90452235E-03
+53.07400E-06 +2.20623123646E+00 +27.01507508E-03
+53.09900E-06 +827.33671324E-03 -1.68844220E-03
+53.12400E-06 -1.57587945494E+00 -29.54773838E-03
+53.14900E-06 -2.06834178399E+00 -19.41708521E-03
+53.17400E-06 -19.69849277E-03 +14.77386919E-03
+53.19900E-06 +1.96984931843E+00 +30.39195947E-03
+53.22400E-06 +1.53648246792E+00 +10.13065315E-03
+53.24900E-06 -847.03520726E-03 -23.63819071E-03
+53.27400E-06 -2.18653274325E+00 -25.74874344E-03
+53.29900E-06 -827.33671323E-03 +2.95477384E-03
+53.32400E-06 +1.47738698900E+00 +28.70351728E-03
+53.34900E-06 +1.91075383858E+00 +19.41708521E-03
+53.37400E-06 -78.79397317E-03 -14.35175864E-03
+53.39900E-06 -1.96984931843E+00 -29.12562783E-03
+53.42400E-06 -1.47738698840E+00 -8.44221096E-03
+53.44900E-06 +787.93972769E-03 +22.37185906E-03
+53.47400E-06 +2.04864329100E+00 +25.74874344E-03
+53.49900E-06 +768.24123371E-03 -2.95477384E-03
+53.52400E-06 -1.47738698900E+00 -27.43718564E-03
+53.54900E-06 -1.89105534537E+00 -18.15075357E-03
+53.57400E-06 +390E-12 +13.92964810E-03
+53.59900E-06 +1.81226137297E+00 +28.28140673E-03
+53.62400E-06 +1.35919602930E+00 +8.44221096E-03
+53.64900E-06 -827.33671406E-03 -21.94974851E-03
+53.67400E-06 -2.00924630463E+00 -24.06030125E-03
+53.69900E-06 -748.54274055E-03 +2.53266330E-03
+53.72400E-06 +1.35919602991E+00 +27.01507509E-03
+53.74900E-06 +1.75316589312E+00 +17.72864302E-03
+53.77400E-06 -39.39698675E-03 -13.08542700E-03
+53.79900E-06 -1.79256287976E+00 -27.01507509E-03
+53.82400E-06 -1.35919602930E+00 -7.59798986E-03
+53.84900E-06 +709.14575491E-03 +21.94974851E-03
+53.87400E-06 +1.85165835917E+00 +24.06030125E-03
+53.89900E-06 +669.74876782E-03 -2.53266330E-03
+53.92400E-06 -1.37889452307E+00 -26.17085399E-03
+53.94900E-06 -1.71376890675E+00 -16.88442193E-03
+53.97400E-06 +19.69849355E-03 +12.24120590E-03
+53.99900E-06 +1.65467342751E+00 +26.59296454E-03
+54.02400E-06 +1.24100507025E+00 +8.44221096E-03
+54.04900E-06 -748.54274128E-03 -19.83919577E-03
+54.07400E-06 -1.83195986596E+00 -22.37185905E-03
+54.09900E-06 -689.44726103E-03 +2.95477384E-03
+54.12400E-06 +1.24100507076E+00 +25.32663290E-03
+54.14900E-06 +1.59557794765E+00 +16.46231138E-03
+54.17400E-06 -59.09547992E-03 -11.81909536E-03
+54.19900E-06 -1.63497493430E+00 -25.32663289E-03
+54.22400E-06 -1.20160808383E+00 -6.75376877E-03
+54.24900E-06 +650.05027534E-03 +20.26130632E-03
+54.27400E-06 +1.67437192055E+00 +21.94974851E-03
+54.29900E-06 +590.95479514E-03 -2.53266330E-03
+54.32400E-06 -1.24100507076E+00 -23.63819070E-03
+54.34900E-06 -1.55618096129E+00 -16.04020083E-03
+54.37400E-06 +39.39698671E-03 +11.81909536E-03
+54.39900E-06 +1.53648246836E+00 +24.06030125E-03
+54.42400E-06 +1.08341712479E+00 +7.17587931E-03
+54.44900E-06 -689.44726171E-03 -18.15075358E-03
+54.47400E-06 -1.63497493413E+00 -21.10552741E-03
+54.49900E-06 -590.95479514E-03 +2.53266329E-03
+54.52400E-06 +1.12281411167E+00 +23.21608016E-03
+54.54900E-06 +1.41829150904E+00 +14.77386918E-03
+54.57400E-06 -59.09547986E-03 -11.39698481E-03
+54.59900E-06 -1.47738698884E+00 -23.21608015E-03
+54.62400E-06 -1.06371863163E+00 -6.75376877E-03
+54.64900E-06 +590.95479577E-03 +17.72864303E-03
+54.67400E-06 +1.49708548188E+00 +20.26130631E-03
+54.69900E-06 +531.85931561E-03 -2.53266329E-03
+54.72400E-06 -1.10311561846E+00 -21.10552741E-03
+54.74900E-06 -1.37889452261E+00 -14.77386919E-03
+54.77400E-06 +39.39698665E-03 +10.97487426E-03
+54.79900E-06 +1.37889452290E+00 +21.52763796E-03
+54.82400E-06 +965.22616575E-03 +6.33165822E-03
+54.84900E-06 -630.35178213E-03 -16.46231138E-03
+54.87400E-06 -1.45768849552E+00 -18.99497467E-03
+54.89900E-06 -512.16082246E-03 +2.11055275E-03
+54.92400E-06 +1.02432164573E+00 +20.68341687E-03
+54.94900E-06 +1.24100507036E+00 +13.50753754E-03
+54.97400E-06 -59.09547987E-03 -10.55276371E-03
+54.99900E-06 -1.30010055017E+00 -20.26130631E-03
+55.02400E-06 -965.22616575E-03 -6.33165822E-03
+55.04900E-06 +531.85931619E-03 +16.46231138E-03
+55.07400E-06 +1.33949753642E+00 +17.72864302E-03
+55.09900E-06 +472.76383609E-03 -2.11055275E-03
+55.12400E-06 -984.92465937E-03 -19.41708522E-03
+55.14900E-06 -1.22130657721E+00 -12.66331644E-03
+55.17400E-06 +290E-12 +9.28643207E-03
+55.19900E-06 +1.20160808423E+00 +19.41708522E-03
+55.22400E-06 +847.03520665E-03 +5.48743712E-03
+55.24900E-06 -551.55780941E-03 -14.77386919E-03
+55.27400E-06 -1.26070356369E+00 -16.46231138E-03
+55.29900E-06 -433.36684972E-03 +2.53266329E-03
+55.32400E-06 +886.43219343E-03 +18.57286412E-03
+55.34900E-06 +1.08341712496E+00 +11.81909535E-03
+55.37400E-06 -98.49246618E-03 -9.28643207E-03
+55.39900E-06 -1.14251260471E+00 -18.15075357E-03
+55.42400E-06 -847.03520665E-03 -5.06532658E-03
+55.44900E-06 +453.06534341E-03 +15.19597974E-03
+55.47400E-06 +1.12281411138E+00 +16.46231138E-03
+55.49900E-06 +393.96986342E-03 -2.11055275E-03
+55.52400E-06 -886.43219343E-03 -16.46231138E-03
+55.54900E-06 -1.06371863175E+00 -11.81909535E-03
+55.57400E-06 +19.69849345E-03 +8.44221097E-03
+55.59900E-06 +1.04402013877E+00 +17.30653248E-03
+55.62400E-06 +748.54274076E-03 +5.48743712E-03
+55.64900E-06 -472.76383662E-03 -13.50753755E-03
+55.67400E-06 -1.12281411138E+00 -14.35175864E-03
+55.69900E-06 -393.96986341E-03 +2.53266329E-03
+55.72400E-06 +768.24123427E-03 +16.04020083E-03
+55.74900E-06 +965.22616586E-03 +10.13065315E-03
+55.77400E-06 -78.79397297E-03 -8.02010042E-03
+55.79900E-06 -1.00462315241E+00 -16.46231138E-03
+55.82400E-06 -709.14575440E-03 -4.22110548E-03
+55.84900E-06 +413.66835704E-03 +12.66331645E-03
+55.87400E-06 +984.92465913E-03 +13.92964809E-03
+55.89900E-06 +334.87438390E-03 -2.11055274E-03
+55.92400E-06 -748.54274112E-03 -15.61809029E-03
+55.94900E-06 -925.82917950E-03 -10.55276370E-03
+55.97400E-06 +59.09547976E-03 +7.59798987E-03
+55.99900E-06 +906.13068646E-03 +14.77386919E-03
+56.02400E-06 +610.65328851E-03 +5.06532658E-03
+56.04900E-06 -453.06534341E-03 -11.81909535E-03
+56.07400E-06 -965.22616592E-03 -13.08542699E-03
+56.09900E-06 -334.87438389E-03 +1.26633165E-03
+56.12400E-06 +650.05027518E-03 +14.77386919E-03
+56.14900E-06 +827.33671355E-03 +8.86432151E-03
+56.17400E-06 -78.79397291E-03 -7.17587932E-03
+56.19900E-06 -886.43219331E-03 -14.35175864E-03
+56.22400E-06 -610.65328851E-03 -3.79899493E-03
+56.24900E-06 +334.87438426E-03 +10.97487426E-03
+56.27400E-06 +866.73370004E-03 +12.24120590E-03
+56.29900E-06 +275.77890437E-03 -1.68844220E-03
+56.32400E-06 -669.74876839E-03 -13.50753755E-03
+56.34900E-06 -807.63822040E-03 -8.86432151E-03
+56.37400E-06 +39.39698655E-03 +7.17587932E-03
+56.39900E-06 +748.54274100E-03 +13.50753754E-03
+56.42400E-06 +531.85931578E-03 +3.79899493E-03
+56.44900E-06 -374.27137068E-03 -10.97487426E-03
+56.47400E-06 -847.03520682E-03 -11.39698480E-03
+56.49900E-06 -256.08041122E-03 +1.68844220E-03
+56.52400E-06 +571.25630245E-03 +12.66331645E-03
+56.54900E-06 +650.05027494E-03 +8.02010041E-03
+56.57400E-06 -78.79397291E-03 -6.75376877E-03
+56.59900E-06 -748.54274100E-03 -12.66331645E-03
+56.62400E-06 -531.85931578E-03 -3.37688438E-03
+56.64900E-06 +295.47739789E-03 +10.55276371E-03
+56.67400E-06 +728.84424779E-03 +9.70854261E-03
+56.69900E-06 +216.68342486E-03 -1.26633165E-03
+56.72400E-06 -571.25630245E-03 -10.97487426E-03
+56.74900E-06 -650.05027500E-03 -8.02010041E-03
+56.77400E-06 +19.69849334E-03 +5.48743713E-03
+56.79900E-06 +650.05027506E-03 +11.39698480E-03
+56.82400E-06 +433.36684990E-03 +3.37688438E-03
+56.84900E-06 -315.17589105E-03 -8.44221097E-03
+56.87400E-06 -709.14575451E-03 -9.70854261E-03
+56.89900E-06 -216.68342485E-03 +1.26633165E-03
+56.92400E-06 +492.46232966E-03 +10.55276371E-03
+56.94900E-06 +571.25630227E-03 +6.33165822E-03
+56.97400E-06 -59.09547970E-03 -5.48743713E-03
+56.99900E-06 -630.35178191E-03 -11.39698480E-03
+57.02400E-06 -433.36684989E-03 -3.37688438E-03
+57.04900E-06 +236.38191832E-03 +8.02010042E-03
+57.07400E-06 +590.95479548E-03 +8.86432151E-03
+57.09900E-06 +157.58794534E-03 -1.26633165E-03
+57.12400E-06 -492.46232966E-03 -9.70854261E-03
+57.14900E-06 -551.55780905E-03 -6.75376877E-03
+57.17400E-06 +39.39698649E-03 +4.22110549E-03
+57.19900E-06 +531.85931596E-03 +9.70854261E-03
+57.22400E-06 +354.57287716E-03 +2.53266329E-03
+57.24900E-06 -315.17589105E-03 -7.17587932E-03
+57.27400E-06 -571.25630227E-03 -8.86432151E-03
+57.29900E-06 -196.98493170E-03 +844.22110E-06
+57.32400E-06 +393.96986378E-03 +8.86432151E-03
+57.34900E-06 +453.06534311E-03 +5.90954767E-03
+57.37400E-06 -59.09547970E-03 -4.64321603E-03
+57.39900E-06 -551.55780918E-03 -8.44221096E-03
+57.42400E-06 -334.87438401E-03 -2.11055274E-03
+57.44900E-06 +216.68342510E-03 +6.75376877E-03
+57.47400E-06 +512.16082275E-03 +7.59798987E-03
+57.49900E-06 +137.88945218E-03 -844.22110E-06
+57.52400E-06 -413.66835693E-03 -8.86432151E-03
+57.54900E-06 -492.46232953E-03 -5.90954767E-03
+57.57400E-06 +19.69849328E-03 +4.22110549E-03
+57.59900E-06 +453.06534323E-03 +8.86432151E-03
+57.62400E-06 +295.47739765E-03 +1.68844219E-03
+57.64900E-06 -236.38191832E-03 -6.75376877E-03
+57.67400E-06 -512.16082275E-03 -6.33165822E-03
+57.69900E-06 -196.98493170E-03 +0.0E+00
+57.72400E-06 +354.57287735E-03 +8.02010042E-03
+57.74900E-06 +374.27137044E-03 +5.06532658E-03
+57.77400E-06 -78.79397286E-03 -4.64321603E-03
+57.79900E-06 -453.06534323E-03 -8.02010042E-03
+57.82400E-06 -295.47739764E-03 -2.11055274E-03
+57.84900E-06 +196.98493189E-03 +5.06532658E-03
+57.87400E-06 +374.27137050E-03 +6.75376877E-03
+57.89900E-06 +98.49246582E-03 -1.26633165E-03
+57.92400E-06 -315.17589099E-03 -7.17587932E-03
+57.94900E-06 -433.36684995E-03 -4.64321603E-03
+57.97400E-06 +19.69849328E-03 +2.95477384E-03
+57.99900E-06 +374.27137050E-03 +6.75376877E-03
+58.02400E-06 +236.38191813E-03 +1.68844219E-03
+58.04900E-06 -216.68342511E-03 -5.06532658E-03
+58.07400E-06 -393.96986365E-03 -6.33165822E-03
+58.09900E-06 -137.88945218E-03 +844.22110E-06
+58.12400E-06 +256.08041141E-03 +6.75376877E-03
+58.14900E-06 +315.17589086E-03 +3.79899493E-03
+58.17400E-06 -59.09547964E-03 -4.22110548E-03
+58.19900E-06 -374.27137050E-03 -6.75376877E-03
+58.22400E-06 -256.08041128E-03 -2.11055274E-03
+58.24900E-06 +118.19095916E-03 +4.64321603E-03
+58.27400E-06 +315.17589092E-03 +5.06532658E-03
+58.29900E-06 +98.49246582E-03 -844.22110E-06
+58.32400E-06 -315.17589099E-03 -5.90954768E-03
+58.34900E-06 -334.87438407E-03 -4.22110548E-03
+58.37400E-06 +19.69849328E-03 +2.53266329E-03
+58.39900E-06 +295.47739777E-03 +5.90954768E-03
+58.42400E-06 +196.98493176E-03 +2.11055274E-03
+58.44900E-06 -177.28643874E-03 -4.22110548E-03
+58.47400E-06 -315.17589092E-03 -5.06532658E-03
+58.49900E-06 -118.19095903E-03 +422.11055E-06
+58.52400E-06 +216.68342504E-03 +5.06532658E-03
+58.54900E-06 +236.38191813E-03 +2.53266329E-03
+58.57400E-06 -59.09547965E-03 -2.95477384E-03
+58.59900E-06 -315.17589092E-03 -5.48743713E-03
+58.62400E-06 -196.98493176E-03 -1.68844219E-03
+58.64900E-06 +98.49246595E-03 +3.79899493E-03
+58.67400E-06 +256.08041134E-03 +4.64321603E-03
+58.69900E-06 +39.39698630E-03 -844.22110E-06
+58.72400E-06 -236.38191826E-03 -5.48743713E-03
+58.74900E-06 -275.77890449E-03 -3.79899493E-03
+58.77400E-06 +19.69849322E-03 +2.53266329E-03
+58.79900E-06 +236.38191819E-03 +4.64321603E-03
+58.82400E-06 +137.88945225E-03 +1.26633164E-03
+58.84900E-06 -157.58794553E-03 -3.79899493E-03
+58.87400E-06 -295.47739771E-03 -4.22110548E-03
+58.89900E-06 -78.79397267E-03 +422.11055E-06
+58.92400E-06 +157.58794546E-03 +4.22110548E-03
+58.94900E-06 +177.28643868E-03 +1.68844219E-03
+58.97400E-06 -59.09547958E-03 -2.53266329E-03
+58.99900E-06 -236.38191819E-03 -3.79899493E-03
+59.02400E-06 -157.58794540E-03 -844.22110E-06
+59.04900E-06 +59.09547958E-03 +3.37688439E-03
+59.07400E-06 +216.68342504E-03 +3.79899493E-03
+59.09900E-06 +19.69849315E-03 -422.11055E-06
+59.12400E-06 -216.68342504E-03 -3.37688439E-03
+59.14900E-06 -216.68342498E-03 -2.53266329E-03
+59.17400E-06 +0.0E+00 +1.68844219E-03
+59.19900E-06 +177.28643868E-03 +4.22110548E-03
+59.22400E-06 +118.19095903E-03 +1.26633164E-03
+59.24900E-06 -118.19095916E-03 -2.95477384E-03
+59.27400E-06 -236.38191819E-03 -3.37688439E-03
+59.29900E-06 -59.09547951E-03 +0.0E+00
+59.32400E-06 +118.19095910E-03 +3.79899493E-03
+59.34900E-06 +137.88945225E-03 +1.68844219E-03
+59.37400E-06 -19.69849322E-03 -2.53266329E-03
+59.39900E-06 -196.98493183E-03 -3.37688438E-03
+59.42400E-06 -137.88945225E-03 -1.26633164E-03
+59.44900E-06 +78.79397280E-03 +3.37688439E-03
+59.47400E-06 +137.88945231E-03 +2.95477384E-03
+59.49900E-06 +39.39698630E-03 -422.11055E-06
+59.52400E-06 -177.28643868E-03 -2.95477384E-03
+59.54900E-06 -177.28643861E-03 -1.68844219E-03
+59.57400E-06 +70E-12 +844.22110E-06
+59.59900E-06 +157.58794546E-03 +3.79899493E-03
+59.62400E-06 +59.09547951E-03 +1.26633164E-03
+59.64900E-06 -118.19095916E-03 -2.53266329E-03
+59.67400E-06 -177.28643861E-03 -2.53266329E-03
+59.69900E-06 -59.09547951E-03 +0.0E+00
+59.72400E-06 +98.49246595E-03 +2.53266329E-03
+59.74900E-06 +78.79397273E-03 +1.68844219E-03
+59.77400E-06 -59.09547958E-03 -1.26633165E-03
+59.79900E-06 -157.58794546E-03 -2.53266329E-03
+59.82400E-06 -137.88945224E-03 -844.22110E-06
+59.84900E-06 +19.69849322E-03 +2.11055274E-03
+59.87400E-06 +98.49246588E-03 +2.95477384E-03
+59.89900E-06 +19.69849315E-03 -422.11055E-06
+59.92400E-06 -118.19095910E-03 -1.68844219E-03
+59.94900E-06 -137.88945224E-03 -1.26633164E-03
+59.97400E-06 -19.69849315E-03 +1.68844219E-03
+59.99900E-06 +78.79397273E-03 +2.95477384E-03
+60.02400E-06 +59.09547951E-03 +844.22110E-06
+60.04900E-06 -78.79397280E-03 -2.11055274E-03
+60.07400E-06 -157.58794546E-03 -2.11055274E-03
+60.09900E-06 -19.69849315E-03 +422.11055E-06
+60.12400E-06 +78.79397273E-03 +2.95477384E-03
+60.14900E-06 +78.79397273E-03 +1.26633164E-03
+60.17400E-06 -19.69849322E-03 -1.26633164E-03
+60.19900E-06 -118.19095910E-03 -2.53266329E-03
+60.22400E-06 -98.49246588E-03 -422.11055E-06
+60.24900E-06 +19.69849322E-03 +1.68844219E-03
+60.27400E-06 +78.79397273E-03 +1.68844219E-03
+60.29900E-06 +19.69849315E-03 +0.0E+00
+60.32400E-06 -98.49246595E-03 -1.68844219E-03
+60.34900E-06 -118.19095910E-03 -1.26633164E-03
+60.37400E-06 -19.69849315E-03 +844.22110E-06
+60.39900E-06 +59.09547951E-03 +2.53266329E-03
+60.42400E-06 +59.09547951E-03 +0.0E+00
+60.44900E-06 -59.09547958E-03 -1.26633165E-03
+60.47400E-06 -137.88945224E-03 -2.11055274E-03
+60.49900E-06 -59.09547951E-03 +0.0E+00
+60.52400E-06 +59.09547958E-03 +1.68844219E-03
+60.54900E-06 +39.39698637E-03 +1.26633164E-03
+60.57400E-06 -39.39698643E-03 -1.68844219E-03
+60.59900E-06 -118.19095910E-03 -1.26633164E-03
+60.62400E-06 -98.49246588E-03 +0.0E+00
+60.64900E-06 +0.0E+00 +1.68844219E-03
+60.67400E-06 +39.39698637E-03 +2.11055274E-03
+60.69900E-06 -70E-12 +0.0E+00
+60.72400E-06 -78.79397273E-03 -1.26633165E-03
+60.74900E-06 -98.49246588E-03 -1.68844219E-03
+60.77400E-06 +0.0E+00 +844.22110E-06
+60.79900E-06 +59.09547958E-03 +2.53266329E-03
+60.82400E-06 +0.0E+00 +0.0E+00
+60.84900E-06 -59.09547958E-03 -1.26633164E-03
+60.87400E-06 -98.49246588E-03 -844.22110E-06
+60.89900E-06 -39.39698637E-03 +0.0E+00
+60.92400E-06 +19.69849315E-03 +844.22110E-06
+60.94900E-06 +0.0E+00 -422.11055E-06
+60.97400E-06 -59.09547958E-03 -1.26633165E-03
+60.99900E-06 -78.79397273E-03 -1.68844219E-03
+61.02400E-06 -78.79397273E-03 +0.0E+00
+61.04900E-06 +0.0E+00 +1.26633165E-03
+61.07400E-06 +59.09547958E-03 +1.26633164E-03
+61.09900E-06 +19.69849315E-03 +0.0E+00
+61.12400E-06 -59.09547958E-03 -1.26633164E-03
+61.14900E-06 -78.79397273E-03 -1.26633165E-03
+61.17400E-06 -19.69849315E-03 +844.22110E-06
+61.19900E-06 +39.39698637E-03 +1.68844219E-03
+61.22400E-06 +0.0E+00 +0.0E+00
+61.24900E-06 -59.09547958E-03 -422.11055E-06
+61.27400E-06 -59.09547951E-03 -844.22110E-06
+61.29900E-06 -39.39698637E-03 +0.0E+00
+61.32400E-06 +0.0E+00 +844.22110E-06
+61.34900E-06 +19.69849322E-03 +422.11055E-06
+61.37400E-06 -19.69849322E-03 -1.26633164E-03
+61.39900E-06 -78.79397273E-03 -1.68844219E-03
+61.42400E-06 -39.39698637E-03 +0.0E+00
+61.44900E-06 +0.0E+00 +422.11055E-06
+61.47400E-06 +19.69849322E-03 +422.11055E-06
+61.49900E-06 -19.69849322E-03 +0.0E+00
+61.52400E-06 -59.09547958E-03 -844.22110E-06
+61.54900E-06 -78.79397273E-03 -844.22110E-06
+61.57400E-06 -19.69849315E-03 +422.11055E-06
+61.59900E-06 +19.69849315E-03 +422.11055E-06
+61.62400E-06 +0.0E+00 +422.11055E-06
+61.64900E-06 -39.39698637E-03 -844.22110E-06
+61.67400E-06 -59.09547951E-03 -844.22110E-06
+61.69900E-06 -19.69849322E-03 -422.11055E-06
+61.72400E-06 +0.0E+00 +844.22110E-06
+61.74900E-06 +0.0E+00 -422.11055E-06
+61.77400E-06 -19.69849322E-03 -844.22110E-06
+61.79900E-06 -59.09547951E-03 -844.22110E-06
+61.82400E-06 -39.39698637E-03 +0.0E+00
+61.84900E-06 -39.39698637E-03 +422.11055E-06
+61.87400E-06 +0.0E+00 +844.22110E-06
+61.89900E-06 +0.0E+00 +422.11055E-06
+61.92400E-06 -39.39698637E-03 -422.11055E-06
+61.94900E-06 -39.39698637E-03 -844.22110E-06
+61.97400E-06 +0.0E+00 +422.11055E-06
+61.99900E-06 +0.0E+00 -422.11055E-06
+62.02400E-06 -19.69849315E-03 +0.0E+00
+62.04900E-06 -59.09547958E-03 -844.22110E-06
+62.07400E-06 -39.39698629E-03 -844.22110E-06
+62.09900E-06 -39.39698637E-03 +422.11055E-06
+62.12400E-06 -19.69849322E-03 +844.22110E-06
+62.14900E-06 -19.69849315E-03 +422.11055E-06
+62.17400E-06 +0.0E+00 -844.22110E-06
+62.19900E-06 -39.39698637E-03 -422.11055E-06
+62.22400E-06 -39.39698637E-03 +0.0E+00
+62.24900E-06 +0.0E+00 +422.11055E-06
+62.27400E-06 -19.69849315E-03 +844.22110E-06
+62.29900E-06 +0.0E+00 -844.22110E-06
+62.32400E-06 -19.69849322E-03 -422.11055E-06
+62.34900E-06 -19.69849315E-03 -1.26633165E-03
+62.37400E-06 -19.69849322E-03 -422.11055E-06
+62.39900E-06 +0.0E+00 +422.11055E-06
+62.42400E-06 -19.69849322E-03 +0.0E+00
+62.44900E-06 -78.79397273E-03 -844.22110E-06
+62.47400E-06 -59.09547951E-03 -844.22110E-06
+62.49900E-06 -39.39698637E-03 +0.0E+00
+62.52400E-06 -39.39698637E-03 +844.22110E-06
+62.54900E-06 -39.39698637E-03 -422.11055E-06
+62.57400E-06 +0.0E+00 -422.11055E-06
+62.59900E-06 -39.39698637E-03 -844.22110E-06
+62.62400E-06 -39.39698637E-03 +0.0E+00
+62.64900E-06 -19.69849315E-03 +422.11055E-06
+62.67400E-06 +0.0E+00 +1.26633164E-03
+62.69900E-06 +0.0E+00 +0.0E+00
+62.72400E-06 -19.69849315E-03 -844.22110E-06
+62.74900E-06 -39.39698637E-03 -844.22110E-06
+62.77400E-06 -19.69849322E-03 +0.0E+00
+62.79900E-06 +0.0E+00 +422.11055E-06
+62.82400E-06 -39.39698637E-03 +844.22110E-06
+62.84900E-06 -39.39698637E-03 +0.0E+00
+62.87400E-06 +0.0E+00 -422.11055E-06
+62.89900E-06 +0.0E+00 +0.0E+00
+62.92400E-06 -19.69849322E-03 +422.11055E-06
+62.94900E-06 +0.0E+00 +422.11055E-06
+62.97400E-06 -19.69849322E-03 -422.11055E-06
+62.99900E-06 -19.69849315E-03 +0.0E+00
+63.02400E-06 -39.39698637E-03 +0.0E+00
+63.04900E-06 -19.69849315E-03 +0.0E+00
+63.07400E-06 -19.69849315E-03 +422.11055E-06
+63.09900E-06 -19.69849322E-03 +0.0E+00
+63.12400E-06 -19.69849322E-03 -422.11055E-06
+63.14900E-06 -39.39698629E-03 -422.11055E-06
+63.17400E-06 -19.69849322E-03 +422.11055E-06
+63.19900E-06 +0.0E+00 +0.0E+00
+63.22400E-06 -19.69849322E-03 +0.0E+00
+63.24900E-06 -78.79397273E-03 +0.0E+00
+63.27400E-06 -19.69849315E-03 -422.11055E-06
+63.29900E-06 -19.69849315E-03 +0.0E+00
+63.32400E-06 -39.39698637E-03 +422.11055E-06
+63.34900E-06 -19.69849315E-03 +0.0E+00
+63.37400E-06 +0.0E+00 -422.11055E-06
+63.39900E-06 -39.39698637E-03 +0.0E+00
+63.42400E-06 -39.39698637E-03 +844.22110E-06
+63.44900E-06 -19.69849315E-03 +844.22110E-06
+63.47400E-06 -19.69849315E-03 +0.0E+00
+63.49900E-06 -19.69849322E-03 -422.11055E-06
+63.52400E-06 -39.39698637E-03 -844.22110E-06
+63.54900E-06 -39.39698637E-03 -1.26633165E-03
+63.57400E-06 -19.69849322E-03 +0.0E+00
+63.59900E-06 +0.0E+00 +0.0E+00
+63.62400E-06 +0.0E+00 +0.0E+00
+63.64900E-06 -39.39698637E-03 +0.0E+00
+63.67400E-06 -39.39698629E-03 -422.11055E-06
+63.69900E-06 -39.39698637E-03 -422.11055E-06
+63.72400E-06 -19.69849322E-03 +422.11055E-06
+63.74900E-06 +0.0E+00 -422.11055E-06
+63.77400E-06 -19.69849315E-03 -844.22110E-06
+63.79900E-06 -19.69849322E-03 +0.0E+00
+63.82400E-06 -19.69849315E-03 +0.0E+00
+63.84900E-06 -39.39698637E-03 +422.11055E-06
+63.87400E-06 -19.69849315E-03 +0.0E+00
+63.89900E-06 -19.69849322E-03 +422.11055E-06
+63.92400E-06 -39.39698637E-03 +0.0E+00
+63.94900E-06 -19.69849315E-03 +0.0E+00
+63.97400E-06 -39.39698637E-03 -422.11055E-06
+63.99900E-06 -19.69849322E-03 +422.11055E-06
+64.02400E-06 -19.69849322E-03 +0.0E+00
+64.04900E-06 -59.09547959E-03 +0.0E+00
+64.07400E-06 +0.0E+00 -422.11055E-06
+64.09900E-06 +80E-12 +0.0E+00
+64.12400E-06 -19.69849322E-03 +0.0E+00
+64.14900E-06 -19.69849322E-03 -422.11055E-06
+64.17400E-06 -39.39698637E-03 -422.11055E-06
+64.19900E-06 +0.0E+00 -422.11055E-06
+64.22400E-06 -19.69849314E-03 +844.22110E-06
+64.24900E-06 -39.39698637E-03 +0.0E+00
+64.27400E-06 -19.69849314E-03 -422.11055E-06
+64.29900E-06 -19.69849314E-03 +0.0E+00
+64.32400E-06 -39.39698637E-03 +0.0E+00
+64.34900E-06 -39.39698637E-03 +0.0E+00
+64.37400E-06 -39.39698637E-03 +0.0E+00
+64.39900E-06 +0.0E+00 +422.11055E-06
+64.42400E-06 -19.69849322E-03 +0.0E+00
+64.44900E-06 +0.0E+00 +0.0E+00
+64.47400E-06 -39.39698637E-03 +0.0E+00
+64.49900E-06 +0.0E+00 +0.0E+00
+64.52400E-06 +0.0E+00 +844.22110E-06
+64.54900E-06 -19.69849314E-03 -422.11055E-06
+64.57400E-06 +0.0E+00 -422.11055E-06
+64.59900E-06 +0.0E+00 +0.0E+00
+64.62400E-06 -39.39698637E-03 -422.11055E-06
+64.64900E-06 -39.39698637E-03 +0.0E+00
+64.67400E-06 -19.69849314E-03 -422.11055E-06
+64.69900E-06 -19.69849322E-03 +0.0E+00
+64.72400E-06 -39.39698637E-03 +0.0E+00
+64.74900E-06 -39.39698637E-03 +422.11055E-06
+64.77400E-06 -39.39698637E-03 -422.11055E-06
+64.79900E-06 +0.0E+00 +0.0E+00
+64.82400E-06 -19.69849314E-03 +0.0E+00
+64.84900E-06 -19.69849314E-03 +0.0E+00
+64.87400E-06 -19.69849314E-03 +0.0E+00
+64.89900E-06 +0.0E+00 -422.11055E-06
+64.92400E-06 -39.39698637E-03 +0.0E+00
+64.94900E-06 +0.0E+00 -422.11055E-06
+64.97400E-06 -39.39698637E-03 -422.11055E-06
+64.99900E-06 -19.69849322E-03 +422.11055E-06
+65.02400E-06 -39.39698637E-03 +0.0E+00
+65.04900E-06 -19.69849322E-03 +422.11055E-06
+65.07400E-06 +0.0E+00 +422.11055E-06
+65.09900E-06 +0.0E+00 -422.11055E-06
+65.12400E-06 -19.69849322E-03 +0.0E+00
+65.14900E-06 -19.69849314E-03 +0.0E+00
+65.17400E-06 +0.0E+00 -422.11055E-06
+65.19900E-06 -19.69849314E-03 +0.0E+00
+65.22400E-06 +0.0E+00 +0.0E+00
+65.24900E-06 +0.0E+00 +0.0E+00
+65.27400E-06 -19.69849322E-03 +0.0E+00
+65.29900E-06 -39.39698637E-03 -422.11055E-06
+65.32400E-06 +0.0E+00 +0.0E+00
+65.34900E-06 +0.0E+00 -0.0E+00
+65.37400E-06 +0.0E+00 -422.11055E-06
+65.39900E-06 -39.39698637E-03 +844.22110E-06
+65.42400E-06 -39.39698637E-03 +0.0E+00
+65.44900E-06 -39.39698637E-03 +0.0E+00
+65.47400E-06 -19.69849314E-03 +0.0E+00
+65.49900E-06 +0.0E+00 +0.0E+00
+65.52400E-06 -39.39698637E-03 +0.0E+00
+65.54900E-06 -39.39698637E-03 -844.22110E-06
+65.57400E-06 -19.69849314E-03 -422.11055E-06
+65.59900E-06 -19.69849314E-03 +0.0E+00
+65.62400E-06 -39.39698637E-03 +0.0E+00
+65.64900E-06 -19.69849322E-03 +844.22110E-06
+65.67400E-06 -19.69849314E-03 +0.0E+00
+65.69900E-06 -19.69849322E-03 -422.11055E-06
+65.72400E-06 -19.69849322E-03 +422.11055E-06
+65.74900E-06 -19.69849322E-03 -422.11055E-06
+65.77400E-06 -19.69849322E-03 +0.0E+00
+65.79900E-06 +0.0E+00 +0.0E+00
+65.82400E-06 -19.69849314E-03 +0.0E+00
+65.84900E-06 -19.69849314E-03 +0.0E+00
+65.87400E-06 -39.39698637E-03 +0.0E+00
+65.89900E-06 +0.0E+00 +0.0E+00
+65.92400E-06 -39.39698637E-03 +422.11055E-06
+65.94900E-06 -19.69849314E-03 -422.11055E-06
+65.97400E-06 -39.39698637E-03 +0.0E+00
+65.99900E-06 -59.09547959E-03 +0.0E+00
+66.02400E-06 -19.69849322E-03 -422.11055E-06
+66.04900E-06 -59.09547959E-03 +0.0E+00
+66.07400E-06 -59.09547951E-03 +0.0E+00
+66.09900E-06 +0.0E+00 -422.11055E-06
+66.12400E-06 -19.69849314E-03 +0.0E+00
+66.14900E-06 -39.39698637E-03 +0.0E+00
+66.17400E-06 +0.0E+00 -422.11055E-06
+66.19900E-06 -19.69849322E-03 +0.0E+00
+66.22400E-06 -39.39698637E-03 +844.22110E-06
+66.24900E-06 -19.69849314E-03 -844.22110E-06
+66.27400E-06 -19.69849322E-03 +0.0E+00
+66.29900E-06 -19.69849314E-03 +0.0E+00
+66.32400E-06 -39.39698637E-03 +0.0E+00
+66.34900E-06 -19.69849314E-03 +0.0E+00
+66.37400E-06 +0.0E+00 +0.0E+00
+66.39900E-06 -19.69849314E-03 -844.22110E-06
+66.42400E-06 -39.39698637E-03 +0.0E+00
+66.44900E-06 -39.39698637E-03 +0.0E+00
+66.47400E-06 -39.39698637E-03 +0.0E+00
+66.49900E-06 -19.69849322E-03 +0.0E+00
+66.52400E-06 -39.39698637E-03 +0.0E+00
+66.54900E-06 -19.69849322E-03 -422.11055E-06
+66.57400E-06 -19.69849314E-03 -422.11055E-06
+66.59900E-06 -19.69849314E-03 +0.0E+00
+66.62400E-06 -19.69849322E-03 -422.11055E-06
+66.64900E-06 -19.69849314E-03 +0.0E+00
+66.67400E-06 -59.09547951E-03 -844.22110E-06
+66.69900E-06 -39.39698637E-03 +422.11055E-06
+66.72400E-06 -39.39698637E-03 +0.0E+00
+66.74900E-06 -19.69849314E-03 -422.11055E-06
+66.77400E-06 -19.69849322E-03 -844.22110E-06
+66.79900E-06 +0.0E+00 +0.0E+00
+66.82400E-06 -19.69849322E-03 +422.11055E-06
+66.84900E-06 -39.39698637E-03 +0.0E+00
+66.87400E-06 +0.0E+00 +422.11055E-06
+66.89900E-06 +0.0E+00 +422.11055E-06
+66.92400E-06 -19.69849322E-03 -422.11055E-06
+66.94900E-06 -39.39698637E-03 +0.0E+00
+66.97400E-06 -19.69849322E-03 +422.11055E-06
+66.99900E-06 -39.39698637E-03 +0.0E+00
+67.02400E-06 -19.69849314E-03 +0.0E+00
+67.04900E-06 -39.39698637E-03 +422.11055E-06
+67.07400E-06 -39.39698637E-03 +0.0E+00
+67.09900E-06 -19.69849322E-03 -422.11055E-06
+67.12400E-06 -59.09547959E-03 -422.11055E-06
+67.14900E-06 -39.39698637E-03 -422.11055E-06
+67.17400E-06 +0.0E+00 -422.11055E-06
+67.19900E-06 -19.69849322E-03 +422.11055E-06
+67.22400E-06 -19.69849314E-03 +0.0E+00
+67.24900E-06 -39.39698637E-03 +422.11055E-06
+67.27400E-06 -19.69849314E-03 +0.0E+00
+67.29900E-06 +0.0E+00 +422.11055E-06
+67.32400E-06 -19.69849314E-03 -844.22110E-06
+67.34900E-06 -39.39698637E-03 +0.0E+00
+67.37400E-06 +0.0E+00 +0.0E+00
+67.39900E-06 +0.0E+00 +0.0E+00
+67.42400E-06 -19.69849314E-03 +0.0E+00
+67.44900E-06 -19.69849322E-03 +0.0E+00
+67.47400E-06 -19.69849314E-03 +0.0E+00
+67.49900E-06 -19.69849322E-03 +0.0E+00
+67.52400E-06 -19.69849322E-03 -422.11055E-06
+67.54900E-06 -39.39698637E-03 -422.11055E-06
+67.57400E-06 -19.69849322E-03 +0.0E+00
+67.59900E-06 -19.69849322E-03 +0.0E+00
+67.62400E-06 -39.39698637E-03 +844.22110E-06
+67.64900E-06 -39.39698637E-03 +0.0E+00
+67.67400E-06 -19.69849314E-03 +422.11055E-06
+67.69900E-06 -19.69849322E-03 +0.0E+00
+67.72400E-06 -19.69849322E-03 +0.0E+00
+67.74900E-06 -39.39698637E-03 +0.0E+00
+67.77400E-06 -19.69849322E-03 -422.11055E-06
+67.79900E-06 +0.0E+00 -422.11055E-06
+67.82400E-06 -39.39698637E-03 +0.0E+00
+67.84900E-06 -39.39698637E-03 +0.0E+00
+67.87400E-06 -39.39698637E-03 -422.11055E-06
+67.89900E-06 -19.69849322E-03 +0.0E+00
+67.92400E-06 -19.69849322E-03 +0.0E+00
+67.94900E-06 +0.0E+00 -422.11055E-06
+67.97400E-06 -19.69849314E-03 -422.11055E-06
+67.99900E-06 -39.39698637E-03 +422.11055E-06
+68.02400E-06 -19.69849322E-03 +0.0E+00
+68.04900E-06 -39.39698637E-03 +0.0E+00
+68.07400E-06 -19.69849314E-03 +422.11055E-06
+68.09900E-06 +0.0E+00 +0.0E+00
+68.12400E-06 -19.69849322E-03 +0.0E+00
+68.14900E-06 -19.69849322E-03 -844.22110E-06
+68.17400E-06 +0.0E+00 +422.11055E-06
+68.19900E-06 -39.39698637E-03 +0.0E+00
+68.22400E-06 -39.39698637E-03 +0.0E+00
+68.24900E-06 -39.39698637E-03 +844.22110E-06
+68.27400E-06 -39.39698637E-03 +422.11055E-06
+68.29900E-06 -19.69849322E-03 +0.0E+00
+68.32400E-06 -19.69849322E-03 +0.0E+00
+68.34900E-06 -19.69849314E-03 +0.0E+00
+68.37400E-06 +0.0E+00 -422.11055E-06
+68.39900E-06 -19.69849314E-03 +0.0E+00
+68.42400E-06 -39.39698637E-03 +0.0E+00
+68.44900E-06 -39.39698637E-03 +0.0E+00
+68.47400E-06 -39.39698637E-03 +0.0E+00
+68.49900E-06 -39.39698637E-03 +422.11055E-06
+68.52400E-06 -19.69849322E-03 +422.11055E-06
+68.54900E-06 -19.69849314E-03 -422.11055E-06
+68.57400E-06 -39.39698637E-03 +0.0E+00
+68.59900E-06 +0.0E+00 +0.0E+00
+68.62400E-06 -39.39698637E-03 +0.0E+00
+68.64900E-06 -59.09547959E-03 -422.11055E-06
+68.67400E-06 -19.69849314E-03 +422.11055E-06
+68.69900E-06 -19.69849314E-03 -422.11055E-06
+68.72400E-06 +19.69849314E-03 +0.0E+00
+68.74900E-06 -39.39698637E-03 -422.11055E-06
+68.77400E-06 -39.39698637E-03 -844.22110E-06
+68.79900E-06 -39.39698637E-03 +0.0E+00
+68.82400E-06 -39.39698637E-03 +0.0E+00
+68.84900E-06 -39.39698637E-03 +0.0E+00
+68.87400E-06 -19.69849314E-03 +0.0E+00
+68.89900E-06 +0.0E+00 +0.0E+00
+68.92400E-06 -39.39698637E-03 +422.11055E-06
+68.94900E-06 -39.39698637E-03 -844.22110E-06
+68.97400E-06 -19.69849323E-03 -422.11055E-06
+68.99900E-06 +0.0E+00 +0.0E+00
+69.02400E-06 -39.39698637E-03 +0.0E+00
+69.04900E-06 -39.39698637E-03 +422.11055E-06
+69.07400E-06 -19.69849314E-03 +422.11055E-06
+69.09900E-06 -39.39698637E-03 +422.11055E-06
+69.12400E-06 -19.69849323E-03 +0.0E+00
+69.14900E-06 -39.39698628E-03 +422.11055E-06
+69.17400E-06 -19.69849314E-03 -422.11055E-06
+69.19900E-06 -39.39698637E-03 +0.0E+00
+69.22400E-06 -19.69849323E-03 -422.11055E-06
+69.24900E-06 -59.09547959E-03 -422.11055E-06
+69.27400E-06 -19.69849314E-03 +422.11055E-06
+69.29900E-06 -19.69849323E-03 +422.11055E-06
+69.32400E-06 -19.69849323E-03 +422.11055E-06
+69.34900E-06 +0.0E+00 +0.0E+00
+69.37400E-06 +0.0E+00 +0.0E+00
+69.39900E-06 +0.0E+00 +0.0E+00
+69.42400E-06 -19.69849323E-03 +422.11055E-06
+69.44900E-06 -19.69849323E-03 +422.11055E-06
+69.47400E-06 +0.0E+00 +0.0E+00
+69.49900E-06 -19.69849323E-03 +0.0E+00
+69.52400E-06 -39.39698637E-03 +0.0E+00
+69.54900E-06 -39.39698637E-03 -422.11055E-06
+69.57400E-06 -19.69849314E-03 -422.11055E-06
+69.59900E-06 +0.0E+00 +422.11055E-06
+69.62400E-06 -19.69849323E-03 +422.11055E-06
+69.64900E-06 -39.39698637E-03 +0.0E+00
+69.67400E-06 -19.69849314E-03 +844.22110E-06
+69.69900E-06 +0.0E+00 +0.0E+00
+69.72400E-06 -39.39698637E-03 +0.0E+00
+69.74900E-06 -19.69849314E-03 -844.22110E-06
+69.77400E-06 -19.69849314E-03 +0.0E+00
+69.79900E-06 +0.0E+00 +0.0E+00
+69.82400E-06 -39.39698637E-03 +0.0E+00
+69.84900E-06 -19.69849323E-03 +844.22110E-06
+69.87400E-06 -39.39698637E-03 -422.11055E-06
+69.89900E-06 -19.69849323E-03 +0.0E+00
+69.92400E-06 -19.69849323E-03 +422.11055E-06
+69.94900E-06 -39.39698637E-03 +422.11055E-06
+69.97400E-06 -19.69849314E-03 -422.11055E-06
+69.99900E-06 -39.39698637E-03 -422.11055E-06
+70.02400E-06 -39.39698637E-03 +0.0E+00
+70.04900E-06 -39.39698637E-03 +0.0E+00
+70.07400E-06 +0.0E+00 +0.0E+00
+70.09900E-06 +0.0E+00 +0.0E+00
+70.12400E-06 -19.69849323E-03 +422.11055E-06
+70.14900E-06 -19.69849314E-03 +0.0E+00
+70.17400E-06 -39.39698637E-03 -422.11055E-06
+70.19900E-06 -39.39698637E-03 +422.11055E-06
+70.22400E-06 -39.39698637E-03 +0.0E+00
+70.24900E-06 -39.39698637E-03 +0.0E+00
+70.27400E-06 -19.69849314E-03 +844.22110E-06
+70.29900E-06 +0.0E+00 +0.0E+00
+70.32400E-06 -19.69849323E-03 -422.11055E-06
+70.34900E-06 +0.0E+00 -844.22110E-06
+70.37400E-06 +0.0E+00 +0.0E+00
+70.39900E-06 -19.69849314E-03 +0.0E+00
+70.42400E-06 -39.39698637E-03 +0.0E+00
+70.44900E-06 -39.39698637E-03 -422.11055E-06
+70.47400E-06 -19.69849323E-03 +422.11055E-06
+70.49900E-06 -39.39698637E-03 +0.0E+00
+70.52400E-06 -39.39698637E-03 +422.11055E-06
+70.54900E-06 -39.39698637E-03 +0.0E+00
+70.57400E-06 +0.0E+00 +0.0E+00
+70.59900E-06 +0.0E+00 +0.0E+00
+70.62400E-06 +0.0E+00 +0.0E+00
+70.64900E-06 -39.39698637E-03 +0.0E+00
+70.67400E-06 -19.69849314E-03 -422.11055E-06
+70.69900E-06 -19.69849314E-03 +422.11055E-06
+70.72400E-06 -19.69849314E-03 +0.0E+00
+70.74900E-06 -19.69849314E-03 -422.11055E-06
+70.77400E-06 -19.69849323E-03 +0.0E+00
+70.79900E-06 -19.69849314E-03 +0.0E+00
+70.82400E-06 -19.69849323E-03 +0.0E+00
+70.84900E-06 -39.39698637E-03 +0.0E+00
+70.87400E-06 -39.39698628E-03 +422.11055E-06
+70.89900E-06 -19.69849323E-03 -422.11055E-06
+70.92400E-06 -19.69849314E-03 +422.11055E-06
+70.94900E-06 -19.69849314E-03 -844.22110E-06
+70.97400E-06 +0.0E+00 -422.11055E-06
+70.99900E-06 +0.0E+00 +844.22110E-06
+71.02400E-06 -19.69849323E-03 +0.0E+00
+71.04900E-06 -19.69849323E-03 +422.11055E-06
+71.07400E-06 -19.69849314E-03 +0.0E+00
+71.09900E-06 -39.39698637E-03 +422.11055E-06
+71.12400E-06 -39.39698637E-03 -844.22110E-06
+71.14900E-06 -19.69849314E-03 -422.11055E-06
+71.17400E-06 +0.0E+00 -422.11055E-06
+71.19900E-06 -39.39698637E-03 +0.0E+00
+71.22400E-06 +19.69849314E-03 +0.0E+00
+71.24900E-06 -39.39698637E-03 -422.11055E-06
+71.27400E-06 -39.39698637E-03 +0.0E+00
+71.29900E-06 -19.69849323E-03 +0.0E+00
+71.32400E-06 -39.39698637E-03 +422.11055E-06
+71.34900E-06 -19.69849314E-03 -422.11055E-06
+71.37400E-06 -19.69849314E-03 +0.0E+00
+71.39900E-06 +0.0E+00 +0.0E+00
+71.42400E-06 -19.69849323E-03 +0.0E+00
+71.44900E-06 -19.69849314E-03 +0.0E+00
+71.47400E-06 -39.39698637E-03 -422.11055E-06
+71.49900E-06 +0.0E+00 -422.11055E-06
+71.52400E-06 -19.69849314E-03 +0.0E+00
+71.54900E-06 +0.0E+00 +0.0E+00
+71.57400E-06 -39.39698637E-03 +0.0E+00
+71.59900E-06 -19.69849323E-03 +0.0E+00
+71.62400E-06 -19.69849314E-03 +422.11055E-06
+71.64900E-06 -19.69849323E-03 +422.11055E-06
+71.67400E-06 -19.69849314E-03 -422.11055E-06
+71.69900E-06 -19.69849314E-03 +0.0E+00
+71.72400E-06 -19.69849323E-03 +0.0E+00
+71.74900E-06 -19.69849314E-03 -1.26633165E-03
+71.77400E-06 -19.69849323E-03 +0.0E+00
+71.79900E-06 +0.0E+00 +0.0E+00
+71.82400E-06 +0.0E+00 +844.22110E-06
+71.84900E-06 -39.39698637E-03 +0.0E+00
+71.87400E-06 +0.0E+00 +0.0E+00
+71.89900E-06 -39.39698646E-03 +0.0E+00
+71.92400E-06 -19.69849314E-03 -422.11055E-06
+71.94900E-06 -19.69849314E-03 +422.11055E-06
+71.97400E-06 -39.39698637E-03 -422.11055E-06
+71.99900E-06 -39.39698637E-03 +844.22110E-06
+72.02400E-06 -19.69849314E-03 +422.11055E-06
+72.04900E-06 -39.39698637E-03 +0.0E+00
+72.07400E-06 -19.69849314E-03 +422.11055E-06
+72.09900E-06 +0.0E+00 +0.0E+00
+72.12400E-06 -19.69849323E-03 +844.22110E-06
+72.14900E-06 -19.69849314E-03 +422.11055E-06
+72.17400E-06 -19.69849323E-03 +0.0E+00
+72.19900E-06 -19.69849323E-03 +422.11055E-06
+72.22400E-06 -39.39698637E-03 +844.22110E-06
+72.24900E-06 -19.69849314E-03 +0.0E+00
+72.27400E-06 -19.69849314E-03 +0.0E+00
+72.29900E-06 +0.0E+00 +0.0E+00
+72.32400E-06 -59.09547959E-03 +0.0E+00
+72.34900E-06 -19.69849314E-03 -844.22110E-06
+72.37400E-06 -19.69849323E-03 +422.11055E-06
+72.39900E-06 -39.39698637E-03 +844.22110E-06
+72.42400E-06 -19.69849314E-03 +0.0E+00
+72.44900E-06 -39.39698637E-03 +844.22110E-06
+72.47400E-06 +0.0E+00 +0.0E+00
+72.49900E-06 +0.0E+00 +422.11055E-06
+72.52400E-06 -19.69849314E-03 +422.11055E-06
+72.54900E-06 -19.69849314E-03 +0.0E+00
+72.57400E-06 -19.69849314E-03 +422.11055E-06
+72.59900E-06 -19.69849314E-03 +0.0E+00
+72.62400E-06 +0.0E+00 +844.22110E-06
+72.64900E-06 -39.39698637E-03 +422.11055E-06
+72.67400E-06 -19.69849314E-03 +0.0E+00
+72.69900E-06 -19.69849323E-03 +422.11055E-06
+72.72400E-06 -19.69849323E-03 +422.11055E-06
+72.74900E-06 +0.0E+00 +422.11055E-06
+72.77400E-06 -19.69849323E-03 -422.11055E-06
+72.79900E-06 +0.0E+00 +0.0E+00
+72.82400E-06 -19.69849323E-03 +422.11055E-06
+72.84900E-06 -59.09547959E-03 +0.0E+00
+72.87400E-06 -39.39698637E-03 +0.0E+00
+72.89900E-06 +0.0E+00 +0.0E+00
+72.92400E-06 -39.39698637E-03 +422.11055E-06
+72.94900E-06 -19.69849314E-03 -0.0E+00
+72.97400E-06 -19.69849314E-03 +422.11055E-06
+72.99900E-06 -19.69849323E-03 +0.0E+00
+73.02400E-06 -39.39698637E-03 +0.0E+00
+73.04900E-06 -59.09547959E-03 +0.0E+00
+73.07400E-06 -19.69849314E-03 +844.22110E-06
+73.09900E-06 -19.69849323E-03 +0.0E+00
+73.12400E-06 -39.39698637E-03 +422.11055E-06
+73.14900E-06 -19.69849314E-03 +0.0E+00
+73.17400E-06 -39.39698637E-03 +0.0E+00
+73.19900E-06 -19.69849323E-03 +422.11055E-06
+73.22400E-06 +0.0E+00 +844.22110E-06
+73.24900E-06 -39.39698637E-03 +0.0E+00
+73.27400E-06 +0.0E+00 -422.11055E-06
+73.29900E-06 -19.69849323E-03 +0.0E+00
+73.32400E-06 -19.69849323E-03 -422.11055E-06
+73.34900E-06 -19.69849314E-03 +0.0E+00
+73.37400E-06 -39.39698637E-03 +0.0E+00
+73.39900E-06 -39.39698637E-03 +422.11055E-06
+73.42400E-06 -19.69849323E-03 +422.11055E-06
+73.44900E-06 -19.69849323E-03 +0.0E+00
+73.47400E-06 -19.69849314E-03 +422.11055E-06
+73.49900E-06 -39.39698637E-03 +0.0E+00
+73.52400E-06 -19.69849323E-03 +422.11055E-06
+73.54900E-06 -19.69849314E-03 +0.0E+00
+73.57400E-06 -39.39698637E-03 +0.0E+00
+73.59900E-06 -19.69849314E-03 +0.0E+00
+73.62400E-06 -39.39698637E-03 +0.0E+00
+73.64900E-06 -19.69849323E-03 +0.0E+00
+73.67400E-06 -39.39698637E-03 -422.11055E-06
+73.69900E-06 -19.69849323E-03 +422.11055E-06
+73.72400E-06 -39.39698637E-03 +0.0E+00
+73.74900E-06 -19.69849314E-03 +0.0E+00
+73.77400E-06 -19.69849323E-03 +422.11055E-06
+73.79900E-06 +0.0E+00 +844.22110E-06
+73.82400E-06 -19.69849323E-03 +0.0E+00
+73.84900E-06 -39.39698646E-03 +0.0E+00
+73.87400E-06 -19.69849314E-03 -422.11055E-06
+73.89900E-06 -39.39698637E-03 -422.11055E-06
+73.92400E-06 -39.39698637E-03 +0.0E+00
+73.94900E-06 -19.69849314E-03 -422.11055E-06
+73.97400E-06 -19.69849323E-03 -422.11055E-06
+73.99900E-06 -39.39698637E-03 +0.0E+00
+74.02400E-06 -39.39698637E-03 +0.0E+00
+74.04900E-06 -39.39698637E-03 +844.22110E-06
+74.07400E-06 +0.0E+00 +0.0E+00
+74.09900E-06 +0.0E+00 +0.0E+00
+74.12400E-06 -19.69849323E-03 +0.0E+00
+74.14900E-06 -19.69849314E-03 +422.11055E-06
+74.17400E-06 +0.0E+00 +0.0E+00
+74.19900E-06 -39.39698637E-03 +0.0E+00
+74.22400E-06 -19.69849323E-03 +0.0E+00
+74.24900E-06 -39.39698637E-03 +0.0E+00
+74.27400E-06 -39.39698627E-03 +422.11055E-06
+74.29900E-06 -39.39698637E-03 +0.0E+00
+74.32400E-06 -19.69849314E-03 +0.0E+00
+74.34900E-06 +0.0E+00 +422.11055E-06
+74.37400E-06 -19.69849323E-03 -422.11055E-06
+74.39900E-06 -19.69849323E-03 +0.0E+00
+74.42400E-06 -19.69849323E-03 +844.22110E-06
+74.44900E-06 -39.39698637E-03 +422.11055E-06
+74.47400E-06 -19.69849314E-03 +0.0E+00
+74.49900E-06 +0.0E+00 +844.22110E-06
+74.52400E-06 -19.69849323E-03 +0.0E+00
+74.54900E-06 -39.39698637E-03 +0.0E+00
+74.57400E-06 +0.0E+00 +422.11055E-06
+74.59900E-06 -19.69849314E-03 +0.0E+00
+74.62400E-06 -39.39698637E-03 +0.0E+00
+74.64900E-06 -39.39698637E-03 +0.0E+00
+74.67400E-06 -39.39698637E-03 +422.11055E-06
