x-axis SCL1 SDA1
second Volt Volt
+34.50000E-06 -22.92463183E-03 -835.17586E-06
+34.51500E-06 -56.69347569E-03 -835.17586E-06
+34.53000E-06 -56.69347569E-03 -352.76380E-06
+34.54500E-06 -56.69347569E-03 +129.64825E-06
+34.56000E-06 -56.69347569E-03 -352.76380E-06
+34.57500E-06 -22.92463183E-03 +129.64825E-06
+34.59000E-06 -22.92463183E-03 -352.76380E-06
+34.60500E-06 -22.92463183E-03 +129.64825E-06
+34.62000E-06 -22.92463183E-03 +129.64825E-06
+34.63500E-06 -22.92463183E-03 +129.64825E-06
+34.65000E-06 -22.92463183E-03 -835.17586E-06
+34.66500E-06 -56.69347569E-03 -352.76380E-06
+34.68000E-06 -22.92463183E-03 -835.17586E-06
+34.69500E-06 -56.69347569E-03 +129.64825E-06
+34.71000E-06 -22.92463183E-03 -835.17586E-06
+34.72500E-06 -22.92463183E-03 +129.64825E-06
+34.74000E-06 -56.69347569E-03 -835.17586E-06
+34.75500E-06 -22.92463183E-03 -352.76380E-06
+34.77000E-06 -22.92463183E-03 -352.76380E-06
+34.78500E-06 -56.69347569E-03 -352.76380E-06
+34.80000E-06 -22.92463183E-03 -835.17586E-06
+34.81500E-06 -56.69347569E-03 +129.64825E-06
+34.83000E-06 -22.92463183E-03 -835.17586E-06
+34.84500E-06 -22.92463183E-03 -352.76380E-06
+34.86000E-06 -22.92463183E-03 +129.64825E-06
+34.87500E-06 -22.92463183E-03 +129.64825E-06
+34.89000E-06 -22.92463183E-03 -352.76380E-06
+34.90500E-06 -22.92463183E-03 -352.76380E-06
+34.92000E-06 -22.92463183E-03 -352.76380E-06
+34.93500E-06 -22.92463183E-03 -835.17586E-06
+34.95000E-06 -22.92463183E-03 -352.76380E-06
+34.96500E-06 -22.92463183E-03 +129.64825E-06
+34.98000E-06 -56.69347569E-03 -352.76380E-06
+34.99500E-06 -22.92463183E-03 -352.76380E-06
+35.01000E-06 -22.92463184E-03 +129.64825E-06
+35.02500E-06 -22.92463183E-03 -352.76380E-06
+35.04000E-06 -22.92463183E-03 +129.64825E-06
+35.05500E-06 -22.92463183E-03 -352.76380E-06
+35.07000E-06 -22.92463183E-03 -835.17586E-06
+35.08500E-06 -22.92463184E-03 -835.17586E-06
+35.10000E-06 -22.92463184E-03 -835.17586E-06
+35.11500E-06 -22.92463183E-03 -835.17586E-06
+35.13000E-06 -22.92463184E-03 -352.76380E-06
+35.14500E-06 -22.92463184E-03 -352.76380E-06
+35.16000E-06 -22.92463183E-03 +129.64825E-06
+35.17500E-06 -22.92463184E-03 -835.17586E-06
+35.19000E-06 -22.92463184E-03 -835.17586E-06
+35.20500E-06 -22.92463184E-03 -352.76380E-06
+35.22000E-06 -22.92463183E-03 -352.76380E-06
+35.23500E-06 -22.92463183E-03 -352.76380E-06
+35.25000E-06 -22.92463184E-03 -352.76380E-06
+35.26500E-06 -56.69347569E-03 +129.64825E-06
+35.28000E-06 +10.84421202E-03 -352.76380E-06
+35.29500E-06 -22.92463183E-03 -352.76380E-06
+35.31000E-06 -22.92463184E-03 -1.31758791E-03
+35.32500E-06 -22.92463183E-03 +129.64825E-06
+35.34000E-06 -22.92463183E-03 +129.64825E-06
+35.35500E-06 -56.69347569E-03 -352.76380E-06
+35.37000E-06 -22.92463184E-03 -352.76380E-06
+35.38500E-06 -22.92463183E-03 -352.76380E-06
+35.40000E-06 -22.92463183E-03 -352.76380E-06
+35.41500E-06 -22.92463183E-03 -352.76380E-06
+35.43000E-06 -22.92463183E-03 -835.17586E-06
+35.44500E-06 -22.92463183E-03 -352.76380E-06
+35.46000E-06 -22.92463183E-03 -352.76380E-06
+35.47500E-06 -22.92463183E-03 -835.17586E-06
+35.49000E-06 -22.92463183E-03 -352.76380E-06
+35.50500E-06 -22.92463183E-03 -352.76380E-06
+35.52000E-06 -22.92463184E-03 -352.76380E-06
+35.53500E-06 -22.92463183E-03 +129.64825E-06
+35.55000E-06 -56.69347569E-03 -1.31758791E-03
+35.56500E-06 -56.69347569E-03 -835.17586E-06
+35.58000E-06 -56.69347569E-03 -835.17586E-06
+35.59500E-06 -22.92463183E-03 -352.76380E-06
+35.61000E-06 -22.92463184E-03 -835.17586E-06
+35.62500E-06 -56.69347569E-03 -352.76380E-06
+35.64000E-06 -22.92463183E-03 -352.76380E-06
+35.65500E-06 -22.92463183E-03 -352.76380E-06
+35.67000E-06 +10.84421202E-03 -835.17586E-06
+35.68500E-06 -22.92463183E-03 -352.76380E-06
+35.70000E-06 -56.69347569E-03 -352.76380E-06
+35.71500E-06 -22.92463183E-03 -352.76380E-06
+35.73000E-06 -22.92463184E-03 -835.17586E-06
+35.74500E-06 -22.92463183E-03 -352.76380E-06
+35.76000E-06 -22.92463183E-03 -352.76380E-06
+35.77500E-06 -22.92463183E-03 +129.64825E-06
+35.79000E-06 -22.92463183E-03 -835.17586E-06
+35.80500E-06 -22.92463184E-03 -835.17586E-06
+35.82000E-06 -22.92463183E-03 -835.17586E-06
+35.83500E-06 -22.92463183E-03 -352.76380E-06
+35.85000E-06 -22.92463184E-03 -835.17586E-06
+35.86500E-06 -56.69347569E-03 -352.76380E-06
+35.88000E-06 -22.92463183E-03 -835.17586E-06
+35.89500E-06 +10.84421203E-03 -835.17586E-06
+35.91000E-06 +10.84421202E-03 -835.17586E-06
+35.92500E-06 -22.92463183E-03 +129.64825E-06
+35.94000E-06 -22.92463183E-03 -352.76380E-06
+35.95500E-06 -22.92463183E-03 -352.76380E-06
+35.97000E-06 -22.92463183E-03 -352.76380E-06
+35.98500E-06 -56.69347569E-03 -835.17586E-06
+36.00000E-06 -22.92463184E-03 -352.76380E-06
+36.01500E-06 -22.92463183E-03 -352.76380E-06
+36.03000E-06 +10.84421202E-03 -835.17586E-06
+36.04500E-06 -22.92463184E-03 -352.76380E-06
+36.06000E-06 -22.92463183E-03 +129.64825E-06
+36.07500E-06 -22.92463183E-03 -352.76380E-06
+36.09000E-06 -22.92463184E-03 -352.76380E-06
+36.10500E-06 -56.69347569E-03 -352.76380E-06
+36.12000E-06 -22.92463183E-03 +129.64825E-06
+36.13500E-06 -22.92463183E-03 -352.76380E-06
+36.15000E-06 +10.84421202E-03 -835.17586E-06
+36.16500E-06 -22.92463183E-03 +129.64825E-06
+36.18000E-06 -22.92463183E-03 -352.76380E-06
+36.19500E-06 -56.69347569E-03 -352.76380E-06
+36.21000E-06 -22.92463184E-03 -835.17586E-06
+36.22500E-06 -56.69347569E-03 -352.76380E-06
+36.24000E-06 -22.92463184E-03 -352.76380E-06
+36.25500E-06 -22.92463183E-03 -352.76380E-06
+36.27000E-06 -22.92463184E-03 -835.17586E-06
+36.28500E-06 -22.92463184E-03 -352.76380E-06
+36.30000E-06 -22.92463184E-03 -352.76380E-06
+36.31500E-06 +10.84421202E-03 -835.17586E-06
+36.33000E-06 -56.69347569E-03 -352.76380E-06
+36.34500E-06 -56.69347569E-03 -352.76380E-06
+36.36000E-06 -56.69347569E-03 -352.76380E-06
+36.37500E-06 -22.92463183E-03 +129.64825E-06
+36.39000E-06 -22.92463183E-03 -835.17586E-06
+36.40500E-06 -22.92463183E-03 +129.64825E-06
+36.42000E-06 -22.92463183E-03 +129.64825E-06
+36.43500E-06 -22.92463183E-03 -352.76380E-06
+36.45000E-06 -22.92463184E-03 +129.64825E-06
+36.46500E-06 -56.69347568E-03 -835.17586E-06
+36.48000E-06 -22.92463183E-03 -352.76380E-06
+36.49500E-06 -22.92463183E-03 -352.76380E-06
+36.51000E-06 -22.92463183E-03 -835.17586E-06
+36.52500E-06 -22.92463183E-03 -352.76380E-06
+36.54000E-06 -22.92463183E-03 +129.64825E-06
+36.55500E-06 -22.92463183E-03 -352.76380E-06
+36.57000E-06 -22.92463184E-03 -352.76380E-06
+36.58500E-06 -56.69347568E-03 -352.76380E-06
+36.60000E-06 -22.92463183E-03 -352.76380E-06
+36.61500E-06 -22.92463183E-03 +129.64825E-06
+36.63000E-06 -56.69347569E-03 +129.64825E-06
+36.64500E-06 -22.92463183E-03 +129.64825E-06
+36.66000E-06 -56.69347569E-03 +129.64825E-06
+36.67500E-06 +10.84421202E-03 -352.76380E-06
+36.69000E-06 -56.69347569E-03 -352.76380E-06
+36.70500E-06 -22.92463183E-03 -352.76380E-06
+36.72000E-06 +10.84421202E-03 -352.76380E-06
+36.73500E-06 -22.92463183E-03 -352.76380E-06
+36.75000E-06 -22.92463183E-03 -1.31758791E-03
+36.76500E-06 -22.92463183E-03 +129.64825E-06
+36.78000E-06 -22.92463183E-03 +129.64825E-06
+36.79500E-06 -22.92463184E-03 -352.76380E-06
+36.81000E-06 -22.92463184E-03 -352.76380E-06
+36.82500E-06 -56.69347569E-03 -352.76380E-06
+36.84000E-06 -22.92463183E-03 -352.76380E-06
+36.85500E-06 -22.92463183E-03 -352.76380E-06
+36.87000E-06 -22.92463183E-03 -835.17586E-06
+36.88500E-06 -22.92463183E-03 -352.76380E-06
+36.90000E-06 -22.92463183E-03 +129.64825E-06
+36.91500E-06 -56.69347569E-03 -352.76380E-06
+36.93000E-06 -22.92463184E-03 -352.76380E-06
+36.94500E-06 -22.92463183E-03 +129.64825E-06
+36.96000E-06 -22.92463183E-03 +129.64825E-06
+36.97500E-06 -22.92463183E-03 +129.64825E-06
+36.99000E-06 -22.92463183E-03 -835.17586E-06
+37.00500E-06 -22.92463183E-03 -352.76380E-06
+37.02000E-06 -22.92463183E-03 -352.76380E-06
+37.03500E-06 -56.69347569E-03 -352.76380E-06
+37.05000E-06 -22.92463184E-03 -352.76380E-06
+37.06500E-06 -56.69347569E-03 +129.64825E-06
+37.08000E-06 -56.69347569E-03 -352.76380E-06
+37.09500E-06 -56.69347569E-03 +129.64825E-06
+37.11000E-06 -22.92463183E-03 -835.17586E-06
+37.12500E-06 +10.84421202E-03 -835.17586E-06
+37.14000E-06 -22.92463183E-03 -352.76380E-06
+37.15500E-06 -22.92463184E-03 -352.76380E-06
+37.17000E-06 +10.84421201E-03 -835.17586E-06
+37.18500E-06 -22.92463183E-03 -352.76380E-06
+37.20000E-06 -22.92463184E-03 -352.76380E-06
+37.21500E-06 -56.69347569E-03 +129.64825E-06
+37.23000E-06 -22.92463183E-03 -835.17586E-06
+37.24500E-06 -22.92463184E-03 -1.31758791E-03
+37.26000E-06 -56.69347569E-03 -352.76380E-06
+37.27500E-06 -56.69347569E-03 -352.76380E-06
+37.29000E-06 -22.92463183E-03 -352.76380E-06
+37.30500E-06 -22.92463183E-03 -352.76380E-06
+37.32000E-06 -56.69347569E-03 -352.76380E-06
+37.33500E-06 -22.92463183E-03 -835.17586E-06
+37.35000E-06 -22.92463183E-03 -835.17586E-06
+37.36500E-06 -22.92463183E-03 -835.17586E-06
+37.38000E-06 -56.69347569E-03 -352.76380E-06
+37.39500E-06 -22.92463183E-03 -352.76380E-06
+37.41000E-06 -22.92463183E-03 -835.17586E-06
+37.42500E-06 -56.69347569E-03 -352.76380E-06
+37.44000E-06 -56.69347569E-03 -352.76380E-06
+37.45500E-06 -22.92463183E-03 -835.17586E-06
+37.47000E-06 +10.84421202E-03 -835.17586E-06
+37.48500E-06 -22.92463183E-03 -352.76380E-06
+37.50000E-06 -22.92463184E-03 -835.17586E-06
+37.51500E-06 -22.92463183E-03 -352.76380E-06
+37.53000E-06 +10.84421202E-03 -835.17586E-06
+37.54500E-06 -56.69347569E-03 -352.76380E-06
+37.56000E-06 -22.92463183E-03 -835.17586E-06
+37.57500E-06 -22.92463183E-03 +129.64825E-06
+37.59000E-06 +10.84421203E-03 -835.17586E-06
+37.60500E-06 -22.92463184E-03 -352.76380E-06
+37.62000E-06 -56.69347569E-03 -352.76380E-06
+37.63500E-06 -22.92463183E-03 -352.76380E-06
+37.65000E-06 -56.69347569E-03 -352.76380E-06
+37.66500E-06 -90.46231955E-03 -352.76380E-06
+37.68000E-06 -22.92463184E-03 -352.76380E-06
+37.69500E-06 -22.92463183E-03 -352.76380E-06
+37.71000E-06 -22.92463183E-03 -835.17586E-06
+37.72500E-06 -56.69347569E-03 -352.76380E-06
+37.74000E-06 -56.69347569E-03 -352.76380E-06
+37.75500E-06 +10.84421203E-03 -835.17586E-06
+37.77000E-06 -22.92463184E-03 -352.76380E-06
+37.78500E-06 -56.69347569E-03 -352.76380E-06
+37.80000E-06 -22.92463183E-03 -352.76380E-06
+37.81500E-06 +10.84421203E-03 -352.76380E-06
+37.83000E-06 -22.92463183E-03 -835.17586E-06
+37.84500E-06 -90.46231955E-03 -352.76380E-06
+37.86000E-06 -22.92463183E-03 -835.17586E-06
+37.87500E-06 +10.84421203E-03 -352.76380E-06
+37.89000E-06 -56.69347569E-03 +129.64825E-06
+37.90500E-06 -56.69347569E-03 -352.76380E-06
+37.92000E-06 -22.92463183E-03 -352.76380E-06
+37.93500E-06 +10.84421202E-03 -352.76380E-06
+37.95000E-06 -56.69347569E-03 -352.76380E-06
+37.96500E-06 -56.69347569E-03 -352.76380E-06
+37.98000E-06 +10.84421203E-03 -352.76380E-06
+37.99500E-06 +10.84421202E-03 -352.76380E-06
+38.01000E-06 -22.92463184E-03 -835.17586E-06
+38.02500E-06 -56.69347569E-03 -352.76380E-06
+38.04000E-06 -22.92463183E-03 -835.17586E-06
+38.05500E-06 -22.92463183E-03 -352.76380E-06
+38.07000E-06 -22.92463185E-03 -1.31758791E-03
+38.08500E-06 -56.69347569E-03 -835.17586E-06
+38.10000E-06 -22.92463183E-03 -835.17586E-06
+38.11500E-06 +10.84421203E-03 -352.76380E-06
+38.13000E-06 -22.92463184E-03 -835.17586E-06
+38.14500E-06 -56.69347569E-03 -352.76380E-06
+38.16000E-06 +10.84421203E-03 -352.76380E-06
+38.17500E-06 -56.69347569E-03 -352.76380E-06
+38.19000E-06 -56.69347569E-03 -1.31758791E-03
+38.20500E-06 -22.92463183E-03 -352.76380E-06
+38.22000E-06 +44.61305588E-03 -352.76380E-06
+38.23500E-06 -22.92463183E-03 +129.64825E-06
+38.25000E-06 -56.69347569E-03 -835.17586E-06
+38.26500E-06 -56.69347569E-03 -352.76380E-06
+38.28000E-06 +10.84421203E-03 -352.76380E-06
+38.29500E-06 -22.92463183E-03 -352.76380E-06
+38.31000E-06 -90.46231954E-03 -352.76380E-06
+38.32500E-06 -22.92463183E-03 -352.76380E-06
+38.34000E-06 +44.61305588E-03 -352.76380E-06
+38.35500E-06 -56.69347568E-03 +129.64825E-06
+38.37000E-06 -56.69347569E-03 -352.76380E-06
+38.38500E-06 -22.92463183E-03 -352.76380E-06
+38.40000E-06 +10.84421202E-03 +129.64825E-06
+38.41500E-06 -56.69347569E-03 -352.76380E-06
+38.43000E-06 -90.46231954E-03 -835.17586E-06
+38.44500E-06 +10.84421203E-03 -352.76380E-06
+38.46000E-06 +10.84421203E-03 +129.64825E-06
+38.47500E-06 -56.69347569E-03 -352.76380E-06
+38.49000E-06 -22.92463184E-03 -352.76380E-06
+38.50500E-06 -22.92463183E-03 -352.76380E-06
+38.52000E-06 +10.84421202E-03 +129.64825E-06
+38.53500E-06 -56.69347570E-03 -352.76380E-06
+38.55000E-06 -56.69347569E-03 -835.17586E-06
+38.56500E-06 +10.84421203E-03 -835.17586E-06
+38.58000E-06 -22.92463183E-03 -352.76380E-06
+38.59500E-06 -56.69347570E-03 -352.76380E-06
+38.61000E-06 -56.69347569E-03 -352.76380E-06
+38.62500E-06 +10.84421203E-03 -352.76380E-06
+38.64000E-06 -56.69347568E-03 -352.76380E-06
+38.65500E-06 -90.46231955E-03 -352.76380E-06
+38.67000E-06 -22.92463183E-03 -352.76380E-06
+38.68500E-06 +44.61305588E-03 -835.17586E-06
+38.70000E-06 -22.92463184E-03 +129.64825E-06
+38.71500E-06 -90.46231955E-03 +129.64825E-06
+38.73000E-06 -22.92463184E-03 -352.76380E-06
+38.74500E-06 +10.84421203E-03 +129.64825E-06
+38.76000E-06 -22.92463184E-03 +129.64825E-06
+38.77500E-06 -90.46231954E-03 +129.64825E-06
+38.79000E-06 +10.84421203E-03 -1.31758791E-03
+38.80500E-06 +44.61305588E-03 -352.76380E-06
+38.82000E-06 -56.69347569E-03 -352.76380E-06
+38.83500E-06 -56.69347569E-03 -352.76380E-06
+38.85000E-06 +44.61305587E-03 -835.17586E-06
+38.86500E-06 +10.84421203E-03 +129.64825E-06
+38.88000E-06 -90.46231955E-03 +129.64825E-06
+38.89500E-06 -90.46231954E-03 -352.76380E-06
+38.91000E-06 +10.84421203E-03 -352.76380E-06
+38.92500E-06 +10.84421202E-03 -835.17586E-06
+38.94000E-06 -56.69347570E-03 -835.17586E-06
+38.95500E-06 -90.46231954E-03 -835.17586E-06
+38.97000E-06 +44.61305587E-03 -352.76380E-06
+38.98500E-06 -22.92463182E-03 -835.17586E-06
+39.00000E-06 -124.23116341E-03 -352.76380E-06
+39.01500E-06 -22.92463184E-03 -352.76380E-06
+39.03000E-06 +10.84421204E-03 -1.31758791E-03
+39.04500E-06 -22.92463183E-03 +129.64825E-06
+39.06000E-06 -90.46231954E-03 -835.17586E-06
+39.07500E-06 -22.92463182E-03 -352.76380E-06
+39.09000E-06 +44.61305588E-03 -352.76380E-06
+39.10500E-06 -56.69347569E-03 +129.64825E-06
+39.12000E-06 -124.23116340E-03 +129.64825E-06
+39.13500E-06 +10.84421203E-03 +129.64825E-06
+39.15000E-06 +10.84421204E-03 -352.76380E-06
+39.16500E-06 -56.69347569E-03 -352.76380E-06
+39.18000E-06 -124.23116340E-03 +129.64825E-06
+39.19500E-06 +10.84421203E-03 -352.76380E-06
+39.21000E-06 +44.61305587E-03 -352.76380E-06
+39.22500E-06 -56.69347571E-03 +129.64825E-06
+39.24000E-06 -124.23116340E-03 -352.76380E-06
+39.25500E-06 +10.84421204E-03 -835.17586E-06
+39.27000E-06 +44.61305587E-03 -835.17586E-06
+39.28500E-06 -90.46231956E-03 -352.76380E-06
+39.30000E-06 -90.46231954E-03 -352.76380E-06
+39.31500E-06 +10.84421204E-03 -835.17586E-06
+39.33000E-06 +10.84421201E-03 -352.76380E-06
+39.34500E-06 -124.23116341E-03 -352.76380E-06
+39.36000E-06 -90.46231954E-03 -352.76380E-06
+39.37500E-06 +78.38189973E-03 -835.17586E-06
+39.39000E-06 +10.84421201E-03 -835.17586E-06
+39.40500E-06 -90.46231956E-03 -352.76380E-06
+39.42000E-06 -90.46231953E-03 +129.64825E-06
+39.43500E-06 +44.61305588E-03 -1.31758791E-03
+39.45000E-06 +10.84421201E-03 -835.17586E-06
+39.46500E-06 -124.23116342E-03 -352.76380E-06
+39.48000E-06 -56.69347568E-03 -352.76380E-06
+39.49500E-06 +78.38189973E-03 -352.76380E-06
+39.51000E-06 -22.92463185E-03 -835.17586E-06
+39.52500E-06 -124.23116341E-03 -352.76380E-06
+39.54000E-06 -22.92463182E-03 -352.76380E-06
+39.55500E-06 +78.38189974E-03 -352.76380E-06
+39.57000E-06 -56.69347572E-03 -352.76380E-06
+39.58500E-06 -124.23116341E-03 -352.76380E-06
+39.60000E-06 +10.84421204E-03 -352.76380E-06
+39.61500E-06 +78.38189974E-03 -835.17586E-06
+39.63000E-06 -56.69347570E-03 -835.17586E-06
+39.64500E-06 -90.46231955E-03 -352.76380E-06
+39.66000E-06 +10.84421204E-03 +129.64825E-06
+39.67500E-06 +78.38189973E-03 +129.64825E-06
+39.69000E-06 -90.46231956E-03 -352.76380E-06
+39.70500E-06 -90.46231955E-03 -352.76380E-06
+39.72000E-06 +44.61305590E-03 +129.64825E-06
+39.73500E-06 +78.38189972E-03 +129.64825E-06
+39.75000E-06 -124.23116341E-03 -352.76380E-06
+39.76500E-06 -90.46231955E-03 -352.76380E-06
+39.78000E-06 +78.38189976E-03 +129.64825E-06
+39.79500E-06 +44.61305586E-03 +612.06031E-06
+39.81000E-06 -124.23116341E-03 -352.76380E-06
+39.82500E-06 -56.69347569E-03 +129.64825E-06
+39.84000E-06 +78.38189974E-03 -352.76380E-06
+39.85500E-06 +10.84421201E-03 +129.64825E-06
+39.87000E-06 -158.00000727E-03 +129.64825E-06
+39.88500E-06 -56.69347568E-03 -352.76380E-06
+39.90000E-06 +78.38189976E-03 -352.76380E-06
+39.91500E-06 +10.84421201E-03 -352.76380E-06
+39.93000E-06 -158.00000726E-03 -352.76380E-06
+39.94500E-06 -56.69347567E-03 -352.76380E-06
+39.96000E-06 +112.15074360E-03 -352.76380E-06
+39.97500E-06 -22.92463186E-03 -352.76380E-06
+39.99000E-06 -158.00000726E-03 -835.17586E-06
+40.00500E-06 +10.84421203E-03 -352.76380E-06
+40.02000E-06 +78.38189974E-03 +129.64825E-06
+40.03500E-06 -56.69347571E-03 -352.76380E-06
+40.05000E-06 -124.23116341E-03 -352.76380E-06
+40.06500E-06 +44.61305588E-03 -352.76380E-06
+40.08000E-06 +78.38189974E-03 -352.76380E-06
+40.09500E-06 -90.46231957E-03 +129.64825E-06
+40.11000E-06 -158.00000726E-03 -835.17586E-06
+40.12500E-06 +44.61305590E-03 -352.76380E-06
+40.14000E-06 +78.38189972E-03 -352.76380E-06
+40.15500E-06 -124.23116342E-03 -352.76380E-06
+40.17000E-06 -124.23116340E-03 -352.76380E-06
+40.18500E-06 +78.38189974E-03 -352.76380E-06
+40.20000E-06 +44.61305588E-03 +129.64825E-06
+40.21500E-06 -124.23116343E-03 +129.64825E-06
+40.23000E-06 -90.46231954E-03 -835.17586E-06
+40.24500E-06 +145.91958746E-03 -352.76380E-06
+40.26000E-06 +44.61305586E-03 +129.64825E-06
+40.27500E-06 -158.00000727E-03 -352.76380E-06
+40.29000E-06 -22.92463185E-03 -352.76380E-06
+40.30500E-06 +145.91958745E-03 -352.76380E-06
+40.32000E-06 -22.92463185E-03 -352.76380E-06
+40.33500E-06 -158.00000728E-03 +129.64825E-06
+40.35000E-06 -56.69347567E-03 -835.17586E-06
+40.36500E-06 +145.91958745E-03 -835.17586E-06
+40.38000E-06 -56.69347571E-03 -352.76380E-06
+40.39500E-06 -191.76885113E-03 +129.64825E-06
+40.41000E-06 +10.84421204E-03 -352.76380E-06
+40.42500E-06 +112.15074360E-03 -352.76380E-06
+40.44000E-06 -124.23116341E-03 +129.64825E-06
+40.45500E-06 -191.76885113E-03 -835.17586E-06
+40.47000E-06 +78.38189976E-03 -1.31758791E-03
+40.48500E-06 +145.91958745E-03 -835.17586E-06
+40.50000E-06 -124.23116343E-03 -352.76380E-06
+40.51500E-06 -158.00000726E-03 -835.17586E-06
+40.53000E-06 +112.15074360E-03 +129.64825E-06
+40.54500E-06 +112.15074358E-03 -352.76380E-06
+40.56000E-06 -158.00000727E-03 +129.64825E-06
+40.57500E-06 -124.23116340E-03 -352.76380E-06
+40.59000E-06 +112.15074362E-03 -835.17586E-06
+40.60500E-06 +112.15074358E-03 -352.76380E-06
+40.62000E-06 -191.76885114E-03 +129.64825E-06
+40.63500E-06 -90.46231953E-03 -835.17586E-06
+40.65000E-06 +112.15074362E-03 -835.17586E-06
+40.66500E-06 +44.61305587E-03 -352.76380E-06
+40.68000E-06 -191.76885113E-03 +129.64825E-06
+40.69500E-06 -56.69347568E-03 +129.64825E-06
+40.71000E-06 +179.68843132E-03 -835.17586E-06
+40.72500E-06 +10.84421200E-03 +612.06031E-06
+40.74000E-06 -259.30653885E-03 +129.64825E-06
+40.75500E-06 -56.69347565E-03 -352.76380E-06
+40.77000E-06 +179.68843131E-03 -352.76380E-06
+40.78500E-06 -22.92463186E-03 -352.76380E-06
+40.80000E-06 -225.53769499E-03 +129.64825E-06
+40.81500E-06 -22.92463179E-03 -835.17586E-06
+40.83000E-06 +179.68843131E-03 -835.17586E-06
+40.84500E-06 -90.46231957E-03 +129.64825E-06
+40.86000E-06 -225.53769498E-03 +129.64825E-06
+40.87500E-06 +44.61305591E-03 -835.17586E-06
+40.89000E-06 +213.45727515E-03 -352.76380E-06
+40.90500E-06 -124.23116344E-03 +129.64825E-06
+40.92000E-06 -191.76885112E-03 +129.64825E-06
+40.93500E-06 +78.38189979E-03 -835.17586E-06
+40.95000E-06 +179.68843129E-03 -835.17586E-06
+40.96500E-06 -158.00000730E-03 +612.06031E-06
+40.98000E-06 -191.76885110E-03 -835.17586E-06
+40.99500E-06 +145.91958748E-03 -1.31758791E-03
+41.01000E-06 +112.15074357E-03 -352.76380E-06
+41.02500E-06 -225.53769499E-03 +129.64825E-06
+41.04000E-06 -158.00000724E-03 -352.76380E-06
+41.05500E-06 +213.45727518E-03 -835.17586E-06
+41.07000E-06 +78.38189972E-03 +129.64825E-06
+41.08500E-06 -259.30653886E-03 -352.76380E-06
+41.10000E-06 -90.46231954E-03 -835.17586E-06
+41.11500E-06 +213.45727518E-03 -835.17586E-06
+41.13000E-06 +10.84421200E-03 -352.76380E-06
+41.14500E-06 -293.07538271E-03 +129.64825E-06
+41.16000E-06 -90.46231951E-03 -352.76380E-06
+41.17500E-06 +213.45727520E-03 -352.76380E-06
+41.19000E-06 -22.92463186E-03 +129.64825E-06
+41.20500E-06 -259.30653885E-03 +129.64825E-06
+41.22000E-06 -22.92463179E-03 -352.76380E-06
+41.23500E-06 +247.22611903E-03 -352.76380E-06
+41.25000E-06 -90.46231958E-03 +612.06031E-06
+41.26500E-06 -293.07538269E-03 -835.17586E-06
+41.28000E-06 +44.61305592E-03 -835.17586E-06
+41.29500E-06 +247.22611901E-03 -352.76380E-06
+41.31000E-06 -124.23116346E-03 -352.76380E-06
+41.32500E-06 -259.30653882E-03 -352.76380E-06
+41.34000E-06 +145.91958749E-03 -1.31758791E-03
+41.35500E-06 +247.22611901E-03 -352.76380E-06
+41.37000E-06 -191.76885118E-03 +129.64825E-06
+41.38500E-06 -225.53769498E-03 -352.76380E-06
+41.40000E-06 +145.91958751E-03 +129.64825E-06
+41.41500E-06 +179.68843129E-03 -352.76380E-06
+41.43000E-06 -259.30653888E-03 -352.76380E-06
+41.44500E-06 -191.76885112E-03 -352.76380E-06
+41.46000E-06 +213.45727520E-03 +129.64825E-06
+41.47500E-06 +112.15074357E-03 -352.76380E-06
+41.49000E-06 -326.84422658E-03 -352.76380E-06
+41.50500E-06 -158.00000724E-03 -352.76380E-06
+41.52000E-06 +280.99496290E-03 -352.76380E-06
+41.53500E-06 +78.38189970E-03 +612.06031E-06
+41.55000E-06 -326.84422657E-03 -352.76380E-06
+41.56500E-06 -90.46231952E-03 -835.17586E-06
+41.58000E-06 +314.76380674E-03 -352.76380E-06
+41.59500E-06 -22.92463187E-03 +129.64825E-06
+41.61000E-06 -360.61307043E-03 -352.76380E-06
+41.62500E-06 -56.69347563E-03 -835.17586E-06
+41.64000E-06 +314.76380674E-03 -835.17586E-06
+41.65500E-06 -90.46231958E-03 +129.64825E-06
+41.67000E-06 -326.84422655E-03 +129.64825E-06
+41.68500E-06 +78.38189979E-03 -835.17586E-06
+41.70000E-06 +314.76380673E-03 -835.17586E-06
+41.71500E-06 -124.23116346E-03 +129.64825E-06
+41.73000E-06 -360.61307040E-03 +129.64825E-06
+41.74500E-06 +112.15074367E-03 -835.17586E-06
+41.76000E-06 +280.99496285E-03 +129.64825E-06
+41.77500E-06 -191.76885120E-03 +129.64825E-06
+41.79000E-06 -293.07538268E-03 -835.17586E-06
+41.80500E-06 +213.45727521E-03 -352.76380E-06
+41.82000E-06 +213.45727513E-03 -352.76380E-06
+41.83500E-06 -293.07538274E-03 +129.64825E-06
+41.85000E-06 -259.30653883E-03 -835.17586E-06
+41.86500E-06 +247.22611907E-03 -835.17586E-06
+41.88000E-06 +179.68843127E-03 -352.76380E-06
+41.89500E-06 -360.61307046E-03 +129.64825E-06
+41.91000E-06 -225.53769492E-03 -1.31758791E-03
+41.92500E-06 +314.76380678E-03 -1.31758791E-03
+41.94000E-06 +112.15074354E-03 +129.64825E-06
+41.95500E-06 -394.38191430E-03 -352.76380E-06
+41.97000E-06 -124.23116335E-03 -835.17586E-06
+41.98500E-06 +348.53265062E-03 -835.17586E-06
+42.00000E-06 +10.84421198E-03 +129.64825E-06
+42.01500E-06 -428.15075815E-03 -352.76380E-06
+42.03000E-06 -22.92463178E-03 -1.31758791E-03
+42.04500E-06 +382.30149446E-03 -835.17586E-06
+42.06000E-06 -56.69347574E-03 +612.06031E-06
+42.07500E-06 -428.15075813E-03 +129.64825E-06
+42.09000E-06 +44.61305594E-03 -835.17586E-06
+42.10500E-06 +382.30149445E-03 -835.17586E-06
+42.12000E-06 -158.00000734E-03 +1.09447236E-03
+42.13500E-06 -428.15075811E-03 -352.76380E-06
+42.15000E-06 +145.91958751E-03 -1.31758791E-03
+42.16500E-06 +348.53265059E-03 -1.31758791E-03
+42.18000E-06 -259.30653890E-03 +612.06031E-06
+42.19500E-06 -428.15075808E-03 -835.17586E-06
+42.21000E-06 +213.45727523E-03 -835.17586E-06
+42.22500E-06 +280.99496285E-03 +129.64825E-06
+42.24000E-06 -360.61307048E-03 +612.06031E-06
+42.25500E-06 -326.84422652E-03 -352.76380E-06
+42.27000E-06 +348.53265064E-03 -1.79999997E-03
+42.28500E-06 +247.22611899E-03 +129.64825E-06
+42.30000E-06 -394.38191432E-03 +612.06031E-06
+42.31500E-06 -259.30653880E-03 -835.17586E-06
+42.33000E-06 +416.07033834E-03 -835.17586E-06
+42.34500E-06 +145.91958739E-03 +129.64825E-06
+42.36000E-06 -495.68844587E-03 +129.64825E-06
+42.37500E-06 -158.00000720E-03 -352.76380E-06
+42.39000E-06 +449.83918220E-03 -1.31758791E-03
+42.40500E-06 +44.61305581E-03 +129.64825E-06
+42.42000E-06 -563.22613357E-03 +129.64825E-06
+42.43500E-06 -56.69347562E-03 -835.17586E-06
+42.45000E-06 +483.60802604E-03 -835.17586E-06
+42.46500E-06 -56.69347576E-03 +612.06031E-06
+42.48000E-06 -529.45728971E-03 +129.64825E-06
+42.49500E-06 +78.38189982E-03 -352.76380E-06
+42.51000E-06 +483.60802602E-03 -1.31758791E-03
+42.52500E-06 -158.00000734E-03 +612.06031E-06
+42.54000E-06 -529.45728969E-03 +129.64825E-06
+42.55500E-06 +179.68843139E-03 -1.31758791E-03
+42.57000E-06 +449.83918214E-03 -352.76380E-06
+42.58500E-06 -293.07538278E-03 +129.64825E-06
+42.60000E-06 -495.68844581E-03 -352.76380E-06
+42.61500E-06 +280.99496296E-03 -1.31758791E-03
+42.63000E-06 +416.07033827E-03 -352.76380E-06
+42.64500E-06 -394.38191434E-03 +1.09447236E-03
+42.66000E-06 -428.15075807E-03 -835.17586E-06
+42.67500E-06 +382.30149453E-03 -1.31758791E-03
+42.69000E-06 +348.53265051E-03 +129.64825E-06
+42.70500E-06 -495.68844590E-03 +612.06031E-06
+42.72000E-06 -326.84422648E-03 -352.76380E-06
+42.73500E-06 +449.83918227E-03 -835.17586E-06
+42.75000E-06 +247.22611893E-03 +129.64825E-06
+42.76500E-06 -563.22613360E-03 +612.06031E-06
+42.78000E-06 -225.53769490E-03 -835.17586E-06
+42.79500E-06 +517.37686994E-03 -835.17586E-06
+42.81000E-06 +112.15074349E-03 +612.06031E-06
+42.82500E-06 -630.76382129E-03 +129.64825E-06
+42.84000E-06 -124.23116328E-03 -1.31758791E-03
+42.85500E-06 +584.91455765E-03 -835.17586E-06
+42.87000E-06 -22.92463193E-03 +1.09447236E-03
+42.88500E-06 -664.53266513E-03 +129.64825E-06
+42.90000E-06 +10.84421214E-03 -1.31758791E-03
+42.91500E-06 +618.68340146E-03 -835.17586E-06
+42.93000E-06 -158.00000738E-03 +612.06031E-06
+42.94500E-06 -664.53266509E-03 -352.76380E-06
+42.96000E-06 +145.91958760E-03 -1.31758791E-03
+42.97500E-06 +584.91455758E-03 -835.17586E-06
+42.99000E-06 -293.07538280E-03 +1.09447236E-03
+43.00500E-06 -596.99497737E-03 +612.06031E-06
+43.02000E-06 +314.76380684E-03 -1.79999997E-03
+43.03500E-06 +517.37686984E-03 -352.76380E-06
+43.05000E-06 -428.15075824E-03 +1.09447236E-03
+43.06500E-06 -529.45728965E-03 -835.17586E-06
+43.08000E-06 +449.83918226E-03 -1.79999997E-03
+43.09500E-06 +449.83918208E-03 -352.76380E-06
+43.11000E-06 -563.22613364E-03 +129.64825E-06
+43.12500E-06 -428.15075805E-03 -1.31758791E-03
+43.14000E-06 +551.14571381E-03 -1.79999997E-03
+43.15500E-06 +314.76380664E-03 +129.64825E-06
+43.17000E-06 -664.53266522E-03 +612.06031E-06
+43.18500E-06 -326.84422643E-03 -835.17586E-06
+43.20000E-06 +652.45224539E-03 -835.17586E-06
+43.21500E-06 +179.68843121E-03 +612.06031E-06
+43.23000E-06 -732.07035286E-03 +612.06031E-06
+43.24500E-06 -158.00000715E-03 -1.31758791E-03
+43.26000E-06 +686.22108921E-03 -835.17586E-06
+43.27500E-06 +10.84421193E-03 +612.06031E-06
+43.29000E-06 -765.83919672E-03 +612.06031E-06
+43.30500E-06 +10.84421216E-03 -1.79999997E-03
+43.32000E-06 +719.98993303E-03 -1.31758791E-03
+43.33500E-06 -90.46231971E-03 +1.57688442E-03
+43.35000E-06 -732.07035284E-03 +129.64825E-06
+43.36500E-06 +145.91958760E-03 -1.31758791E-03
+43.38000E-06 +719.98993301E-03 -352.76380E-06
+43.39500E-06 -293.07538285E-03 +1.09447236E-03
+43.41000E-06 -732.07035282E-03 -352.76380E-06
+43.42500E-06 +314.76380688E-03 -1.31758791E-03
+43.44000E-06 +618.68340140E-03 +129.64825E-06
+43.45500E-06 -461.91960213E-03 +612.06031E-06
+43.47000E-06 -630.76382122E-03 -835.17586E-06
+43.48500E-06 +517.37687000E-03 -1.79999997E-03
+43.50000E-06 +551.14571366E-03 -352.76380E-06
+43.51500E-06 -630.76382138E-03 +612.06031E-06
+43.53000E-06 -529.45728962E-03 -352.76380E-06
+43.54500E-06 +618.68340158E-03 -1.79999997E-03
+43.56000E-06 +416.07033820E-03 +612.06031E-06
+43.57500E-06 -732.07035296E-03 +1.09447236E-03
+43.59000E-06 -394.38191415E-03 -1.31758791E-03
+43.60500E-06 +753.75877697E-03 -1.79999997E-03
+43.62000E-06 +280.99496274E-03 +612.06031E-06
+43.63500E-06 -799.60804064E-03 +1.09447236E-03
+43.65000E-06 -225.53769483E-03 -1.31758791E-03
+43.66500E-06 +821.29646465E-03 -1.31758791E-03
+43.68000E-06 +78.38189958E-03 +129.64825E-06
+43.69500E-06 -900.91457216E-03 +612.06031E-06
+43.71000E-06 -22.92463169E-03 -2.76482408E-03
+43.72500E-06 +855.06530849E-03 -1.31758791E-03
+43.74000E-06 -124.23116356E-03 +1.09447236E-03
+43.75500E-06 -900.91457214E-03 +612.06031E-06
+43.77000E-06 +179.68843145E-03 -1.79999997E-03
+43.78500E-06 +821.29646459E-03 -352.76380E-06
+43.80000E-06 -293.07538288E-03 +2.05929647E-03
+43.81500E-06 -867.14572822E-03 +129.64825E-06
+43.83000E-06 +348.53265077E-03 -2.28241202E-03
+43.84500E-06 +787.52762067E-03 -352.76380E-06
+43.86000E-06 -495.68844601E-03 +1.57688442E-03
+43.87500E-06 -799.60804045E-03 -352.76380E-06
+43.89000E-06 +551.14571390E-03 -1.79999997E-03
+43.90500E-06 +686.22108907E-03 -352.76380E-06
+43.92000E-06 -698.30150911E-03 +612.06031E-06
+43.93500E-06 -664.53266502E-03 -835.17586E-06
+43.95000E-06 +753.75877702E-03 -2.28241202E-03
+43.96500E-06 +551.14571361E-03 -352.76380E-06
+43.98000E-06 -833.37688452E-03 +1.09447236E-03
+43.99500E-06 -529.45728951E-03 -1.31758791E-03
+44.01000E-06 +821.29646472E-03 -1.31758791E-03
+44.02500E-06 +348.53265043E-03 +129.64825E-06
+44.04000E-06 -968.45225994E-03 +1.57688442E-03
+44.05500E-06 -293.07538252E-03 -1.79999997E-03
+44.07000E-06 +956.37184009E-03 -1.31758791E-03
+44.08500E-06 +179.68843111E-03 +1.57688442E-03
+44.10000E-06 -1.03598994760E+00 +1.09447236E-03
+44.11500E-06 -56.69347552E-03 -1.79999997E-03
+44.13000E-06 +1.02390952777E+00 -1.31758791E-03
+44.14500E-06 -56.69347589E-03 +1.09447236E-03
+44.16000E-06 -1.06975879141E+00 +129.64825E-06
+44.17500E-06 +112.15074382E-03 -2.28241202E-03
+44.19000E-06 +990.14068388E-03 -835.17586E-06
+44.20500E-06 -293.07538290E-03 +1.57688442E-03
+44.22000E-06 -1.03598994751E+00 +129.64825E-06
+44.23500E-06 +348.53265081E-03 -2.76482408E-03
+44.25000E-06 +990.14068380E-03 -352.76380E-06
+44.26500E-06 -563.22613376E-03 +1.09447236E-03
+44.28000E-06 -968.45225975E-03 +129.64825E-06
+44.29500E-06 +584.91455779E-03 -2.28241202E-03
+44.31000E-06 +855.06530834E-03 -835.17586E-06
+44.32500E-06 -765.83919689E-03 +2.05929647E-03
+44.34000E-06 -833.37688426E-03 -352.76380E-06
+44.35500E-06 +787.52762092E-03 -2.28241202E-03
+44.37000E-06 +686.22108902E-03 -352.76380E-06
+44.38500E-06 -934.68341615E-03 +1.57688442E-03
+44.40000E-06 -664.53266492E-03 -835.17586E-06
+44.41500E-06 +956.37184018E-03 -2.76482408E-03
+44.43000E-06 +483.60802586E-03 +129.64825E-06
+44.44500E-06 -1.06975879154E+00 +1.09447236E-03
+44.46000E-06 -428.15075790E-03 -1.31758791E-03
+44.47500E-06 +1.12521605941E+00 -2.28241202E-03
+44.49000E-06 +247.22611880E-03 +1.57688442E-03
+44.50500E-06 -1.17106532308E+00 +612.06031E-06
+44.52000E-06 -191.76885086E-03 -1.79999997E-03
+44.53500E-06 +1.19275374706E+00 -2.28241202E-03
+44.55000E-06 +10.84421176E-03 +1.09447236E-03
+44.56500E-06 -1.20483416689E+00 +612.06031E-06
+44.58000E-06 +112.15074383E-03 -1.79999997E-03
+44.59500E-06 +1.15898490318E+00 -1.31758791E-03
+44.61000E-06 -259.30653910E-03 +1.57688442E-03
+44.62500E-06 -1.23860301066E+00 +129.64825E-06
+44.64000E-06 +382.30149471E-03 -2.76482408E-03
+44.65500E-06 +1.12521605925E+00 -835.17586E-06
+44.67000E-06 -563.22613381E-03 +1.57688442E-03
+44.68500E-06 -1.13729647901E+00 -352.76380E-06
+44.70000E-06 +618.68340170E-03 -2.76482408E-03
+44.71500E-06 +1.02390952763E+00 -352.76380E-06
+44.73000E-06 -833.37688462E-03 +2.05929647E-03
+44.74500E-06 -968.45225972E-03 -835.17586E-06
+44.76000E-06 +888.83415253E-03 -2.28241202E-03
+44.77500E-06 +855.06530828E-03 +612.06031E-06
+44.79000E-06 -1.03598994775E+00 +2.05929647E-03
+44.80500E-06 -765.83919651E-03 -835.17586E-06
+44.82000E-06 +1.09144721562E+00 -2.28241202E-03
+44.83500E-06 +618.68340124E-03 +612.06031E-06
+44.85000E-06 -1.20483416701E+00 +2.05929647E-03
+44.86500E-06 -529.45728947E-03 -1.79999997E-03
+44.88000E-06 +1.22652259103E+00 -2.28241202E-03
+44.89500E-06 +348.53265034E-03 +1.09447236E-03
+44.91000E-06 -1.33990954238E+00 +1.09447236E-03
+44.92500E-06 -259.30653857E-03 -2.28241202E-03
+44.94000E-06 +1.36159796636E+00 -1.79999997E-03
+44.95500E-06 +44.61305561E-03 +1.57688442E-03
+44.97000E-06 -1.40744723005E+00 +1.09447236E-03
+44.98500E-06 +78.38190002E-03 -1.79999997E-03
+45.00000E-06 +1.32782912247E+00 -835.17586E-06
+45.01500E-06 -259.30653913E-03 +2.05929647E-03
+45.03000E-06 -1.40744722993E+00 +612.06031E-06
+45.04500E-06 +348.53265090E-03 -2.28241202E-03
+45.06000E-06 +1.29406027854E+00 -835.17586E-06
+45.07500E-06 -596.99497768E-03 +2.05929647E-03
+45.09000E-06 -1.30614069833E+00 +129.64825E-06
+45.10500E-06 +652.45224561E-03 -2.76482408E-03
+45.12000E-06 +1.15898490306E+00 -352.76380E-06
+45.13500E-06 -833.37688472E-03 +2.54170853E-03
+45.15000E-06 -1.13729647898E+00 -835.17586E-06
+45.16500E-06 +922.60299642E-03 -3.24723613E-03
+45.18000E-06 +990.14068369E-03 +129.64825E-06
+45.19500E-06 -1.10352763553E+00 +2.05929647E-03
+45.21000E-06 -934.68341578E-03 -835.17586E-06
+45.22500E-06 +1.15898490341E+00 -2.76482408E-03
+45.24000E-06 +787.52762048E-03 +612.06031E-06
+45.25500E-06 -1.30614069864E+00 +2.05929647E-03
+45.27000E-06 -630.76382102E-03 -2.28241202E-03
+45.28500E-06 +1.36159796647E+00 -2.76482408E-03
+45.30000E-06 +483.60802572E-03 +1.57688442E-03
+45.31500E-06 -1.50875376167E+00 +2.05929647E-03
+45.33000E-06 -360.61307011E-03 -2.28241202E-03
+45.34500E-06 +1.46290449801E+00 -1.79999997E-03
+45.36000E-06 +145.91958710E-03 +2.05929647E-03
+45.37500E-06 -1.54252260551E+00 +1.57688442E-03
+45.39000E-06 -22.92463152E-03 -2.76482408E-03
+45.40500E-06 +1.53044218560E+00 -2.28241202E-03
+45.42000E-06 -191.76885147E-03 +2.54170853E-03
+45.43500E-06 -1.57629144925E+00 +612.06031E-06
+45.45000E-06 +348.53265094E-03 -2.76482408E-03
+45.46500E-06 +1.46290449783E+00 -835.17586E-06
+45.48000E-06 -563.22613390E-03 +2.54170853E-03
+45.49500E-06 -1.50875376145E+00 +612.06031E-06
+45.51000E-06 +686.22108951E-03 -3.72964819E-03
+45.52500E-06 +1.39536681004E+00 -352.76380E-06
+45.54000E-06 -900.91457245E-03 +3.02412058E-03
+45.55500E-06 -1.33990954208E+00 -835.17586E-06
+45.57000E-06 +990.14068420E-03 -2.76482408E-03
+45.58500E-06 +1.22652259064E+00 +129.64825E-06
+45.60000E-06 -1.20483416711E+00 +3.50653264E-03
+45.61500E-06 -1.13729647885E+00 -835.17586E-06
+45.63000E-06 +1.29406027888E+00 -3.24723613E-03
+45.64500E-06 +956.37183974E-03 +1.57688442E-03
+45.66000E-06 -1.44121607408E+00 +3.02412058E-03
+45.67500E-06 -833.37688409E-03 -1.79999997E-03
+45.69000E-06 +1.49667334192E+00 -3.24723613E-03
+45.70500E-06 +584.91455729E-03 +2.05929647E-03
+45.72000E-06 -1.64382913714E+00 +2.05929647E-03
+45.73500E-06 -495.68844547E-03 -2.28241202E-03
+45.75000E-06 +1.63174871733E+00 -3.24723613E-03
+45.76500E-06 +247.22611867E-03 +2.05929647E-03
+45.78000E-06 -1.74513566864E+00 +1.57688442E-03
+45.79500E-06 -90.46231920E-03 -3.24723613E-03
+45.81000E-06 +1.69928640495E+00 -2.28241202E-03
+45.82500E-06 -124.23116382E-03 +2.54170853E-03
+45.84000E-06 -1.77890451240E+00 +1.57688442E-03
+45.85500E-06 +280.99496328E-03 -2.76482408E-03
+45.87000E-06 +1.69928640485E+00 -1.79999997E-03
+45.88500E-06 -529.45729011E-03 +3.02412058E-03
+45.90000E-06 -1.71136682460E+00 +1.09447236E-03
+45.91500E-06 +686.22108957E-03 -2.76482408E-03
+45.93000E-06 +1.59797987316E+00 -835.17586E-06
+45.94500E-06 -900.91457251E-03 +3.02412058E-03
+45.96000E-06 -1.54252260523E+00 -352.76380E-06
+45.97500E-06 +1.05767837195E+00 -3.72964819E-03
+45.99000E-06 +1.42913565379E+00 -835.17586E-06
+46.00500E-06 -1.27237185489E+00 +2.54170853E-03
+46.02000E-06 -1.33990954199E+00 -835.17586E-06
+46.03500E-06 +1.36159796663E+00 -3.72964819E-03
+46.05000E-06 +1.15898490281E+00 +612.06031E-06
+46.06500E-06 -1.54252260569E+00 +2.54170853E-03
+46.08000E-06 -1.00222110337E+00 -835.17586E-06
+46.09500E-06 +1.63174871741E+00 -3.24723613E-03
+46.11000E-06 +787.52762038E-03 +1.57688442E-03
+46.12500E-06 -1.77890451263E+00 +2.54170853E-03
+46.14000E-06 -630.76382086E-03 -1.79999997E-03
+46.15500E-06 +1.80059293663E+00 -3.24723613E-03
+46.17000E-06 +382.30149401E-03 +2.05929647E-03
+46.18500E-06 -1.94774873180E+00 +1.57688442E-03
+46.20000E-06 -225.53769457E-03 -2.76482408E-03
+46.21500E-06 +1.90189946810E+00 -1.79999997E-03
+46.23000E-06 -22.92463228E-03 +2.54170853E-03
+46.24500E-06 -1.94774873172E+00 +2.05929647E-03
+46.26000E-06 +179.68843179E-03 -2.76482408E-03
+46.27500E-06 +1.86813062416E+00 -1.79999997E-03
+46.29000E-06 -461.91960245E-03 +3.50653264E-03
+46.30500E-06 -1.91397988778E+00 +1.09447236E-03
+46.32000E-06 +618.68340194E-03 -3.24723613E-03
+46.33500E-06 +1.80059293634E+00 -835.17586E-06
+46.35000E-06 -934.68341641E-03 +3.50653264E-03
+46.36500E-06 -1.77890451223E+00 +129.64825E-06
+46.38000E-06 +1.05767837204E+00 -3.72964819E-03
+46.39500E-06 +1.59797987310E+00 +129.64825E-06
+46.41000E-06 -1.30614069881E+00 +3.98894469E-03
+46.42500E-06 -1.50875376128E+00 -835.17586E-06
+46.44000E-06 +1.42913565441E+00 -3.72964819E-03
+46.45500E-06 +1.32782912214E+00 +1.09447236E-03
+46.47000E-06 -1.64382913733E+00 +3.02412058E-03
+46.48500E-06 -1.20483416646E+00 -1.31758791E-03
+46.50000E-06 +1.76682409288E+00 -4.21206024E-03
+46.51500E-06 +990.14068344E-03 +2.54170853E-03
+46.53000E-06 -1.91397988810E+00 +3.02412058E-03
+46.54500E-06 -833.37688395E-03 -1.79999997E-03
+46.56000E-06 +1.96943715593E+00 -3.24723613E-03
+46.57500E-06 +551.14571327E-03 +2.54170853E-03
+46.59000E-06 -2.08282410729E+00 +2.54170853E-03
+46.60500E-06 -360.61306992E-03 -2.76482408E-03
+46.62000E-06 +2.07074368742E+00 -2.28241202E-03
+46.63500E-06 +44.61305540E-03 +2.54170853E-03
+46.65000E-06 -2.15036179490E+00 +1.57688442E-03
+46.66500E-06 +112.15074412E-03 -3.72964819E-03
+46.68000E-06 +2.07074368734E+00 -2.28241202E-03
+46.69500E-06 -428.15075864E-03 +3.50653264E-03
+46.71000E-06 -2.15036179473E+00 +1.09447236E-03
+46.72500E-06 +584.91455813E-03 -3.72964819E-03
+46.74000E-06 +2.00320599949E+00 -1.31758791E-03
+46.75500E-06 -867.14572881E-03 +3.50653264E-03
+46.77000E-06 -1.98151757538E+00 +1.09447236E-03
+46.78500E-06 +1.05767837211E+00 -4.21206024E-03
+46.80000E-06 +1.83436178005E+00 -352.76380E-06
+46.81500E-06 -1.33990954274E+00 +3.50653264E-03
+46.83000E-06 -1.74513566825E+00 -835.17586E-06
+46.84500E-06 +1.49667334217E+00 -4.21206024E-03
+46.86000E-06 +1.49667334143E+00 +612.06031E-06
+46.87500E-06 -1.71136682511E+00 +3.98894469E-03
+46.89000E-06 -1.37367838574E+00 -835.17586E-06
+46.90500E-06 +1.76682409302E+00 -3.72964819E-03
+46.92000E-06 +1.15898490272E+00 +2.05929647E-03
+46.93500E-06 -2.01528641971E+00 +3.98894469E-03
+46.95000E-06 -968.45225934E-03 -2.28241203E-03
+46.96500E-06 +2.07074368756E+00 -4.21206024E-03
+46.98000E-06 +719.98993252E-03 +3.02412058E-03
+46.99500E-06 -2.25166832658E+00 +3.02412058E-03
+47.01000E-06 -495.68844531E-03 -2.28241202E-03
+47.02500E-06 +2.20581906289E+00 -2.76482408E-03
+47.04000E-06 +213.45727462E-03 +3.50653264E-03
+47.05500E-06 -2.31920601419E+00 +3.02412058E-03
+47.07000E-06 -22.92463125E-03 -3.72964819E-03
+47.08500E-06 +2.30712559433E+00 -2.76482408E-03
+47.10000E-06 -326.84422713E-03 +3.50653264E-03
+47.11500E-06 -2.28543717028E+00 +1.57688442E-03
+47.13000E-06 +551.14571428E-03 -4.21206025E-03
+47.14500E-06 +2.17205021880E+00 -835.17586E-06
+47.16000E-06 -833.37688497E-03 +3.98894469E-03
+47.17500E-06 -2.18413063853E+00 +129.64825E-06
+47.19000E-06 +1.02390952832E+00 -4.69447230E-03
+47.20500E-06 +2.00320599936E+00 +129.64825E-06
+47.22000E-06 -1.33990954278E+00 +4.47135675E-03
+47.23500E-06 -1.91397988757E+00 +129.64825E-06
+47.25000E-06 +1.46290449841E+00 -4.69447230E-03
+47.26500E-06 +1.73305524837E+00 +1.09447236E-03
+47.28000E-06 -1.71136682520E+00 +4.47135675E-03
+47.29500E-06 -1.61006029269E+00 -835.17586E-06
+47.31000E-06 +1.90189946844E+00 -4.69447230E-03
+47.32500E-06 +1.32782912197E+00 +2.05929647E-03
+47.34000E-06 -2.11659295132E+00 +4.47135675E-03
+47.35500E-06 -1.17106532245E+00 -2.76482408E-03
+47.37000E-06 +2.17205021917E+00 -4.21206024E-03
+47.38500E-06 +855.06530791E-03 +2.54170853E-03
+47.40000E-06 -2.35297485825E+00 +3.50653264E-03
+47.41500E-06 -664.53266453E-03 -2.76482408E-03
+47.43000E-06 +2.34089443841E+00 -3.72964819E-03
+47.44500E-06 +348.53264998E-03 +3.98894469E-03
+47.46000E-06 -2.48805023351E+00 +3.02412058E-03
+47.47500E-06 -124.23116278E-03 -3.72964819E-03
+47.49000E-06 +2.44220096979E+00 -2.28241202E-03
+47.50500E-06 -225.53769560E-03 +4.47135675E-03
+47.52000E-06 -2.52181907720E+00 +3.02412058E-03
+47.53500E-06 +416.07033898E-03 -3.72964819E-03
+47.55000E-06 +2.40843212581E+00 -2.28241202E-03
+47.56500E-06 -732.07035352E-03 +4.95376880E-03
+47.58000E-06 -2.38674370167E+00 +2.05929647E-03
+47.59500E-06 +956.37184067E-03 -4.69447230E-03
+47.61000E-06 +2.23958790631E+00 -835.17586E-06
+47.62500E-06 -1.30614069899E+00 +4.47135675E-03
+47.64000E-06 -2.15036179451E+00 +612.06031E-06
+47.65500E-06 +1.46290449851E+00 -4.69447230E-03
+47.67000E-06 +1.93566831151E+00 +612.06031E-06
+47.68500E-06 -1.77890451294E+00 +4.95376880E-03
+47.70000E-06 -1.81267335583E+00 -352.76381E-06
+47.71500E-06 +1.93566831237E+00 -5.17688435E-03
+47.73000E-06 +1.53044218511E+00 +1.57688442E-03
+47.74500E-06 -2.18413063913E+00 +3.50653264E-03
+47.76000E-06 -1.33990954173E+00 -1.31758792E-03
+47.77500E-06 +2.23958790698E+00 -4.69447230E-03
+47.79000E-06 +1.05767837099E+00 +2.54170853E-03
+47.80500E-06 -2.45428138986E+00 +4.47135675E-03
+47.82000E-06 -833.37688378E-03 -2.28241203E-03
+47.83500E-06 +2.50973865768E+00 -3.72964819E-03
+47.85000E-06 +551.14571303E-03 +3.50653264E-03
+47.86500E-06 -2.62312560898E+00 +3.98894469E-03
+47.88000E-06 -293.07538199E-03 -3.24723614E-03
+47.89500E-06 +2.54350750142E+00 -3.24723613E-03
+47.91000E-06 -56.69347641E-03 +3.98894469E-03
+47.92500E-06 -2.65689445269E+00 +3.02412058E-03
+47.94000E-06 +280.99496362E-03 -3.72964819E-03
+47.95500E-06 +2.57727634507E+00 -1.79999997E-03
+47.97000E-06 -630.76382202E-03 +4.47135675E-03
+47.98500E-06 -2.55558792096E+00 +1.57688442E-03
+48.00000E-06 +888.83415303E-03 -4.69447230E-03
+48.01500E-06 +2.40843212565E+00 -1.31758791E-03
+48.03000E-06 -1.20483416755E+00 +4.47135675E-03
+48.04500E-06 -2.35297485765E+00 +612.06031E-06
+48.06000E-06 +1.42913565470E+00 -5.17688435E-03
+48.07500E-06 +2.13828137463E+00 +612.06031E-06
+48.09000E-06 -1.74513566921E+00 +5.43618086E-03
+48.10500E-06 -1.98151757511E+00 -352.76380E-06
+48.12000E-06 +1.93566831247E+00 -4.69447230E-03
+48.13500E-06 +1.73305524822E+00 +1.09447236E-03
+48.15000E-06 -2.21789948303E+00 +4.47135675E-03
+48.16500E-06 -1.57629144870E+00 -1.31758792E-03
+48.18000E-06 +2.30712559474E+00 -4.69447230E-03
+48.19500E-06 +1.22652259026E+00 +2.54170853E-03
+48.21000E-06 -2.52181907762E+00 +4.47135675E-03
+48.22500E-06 -1.03598994685E+00 -2.76482408E-03
+48.24000E-06 +2.57727634543E+00 -4.21206024E-03
+48.25500E-06 +686.22108845E-03 +3.50653264E-03
+48.27000E-06 -2.72443214059E+00 +3.98894469E-03
+48.28500E-06 -428.15075738E-03 -3.72964819E-03
+48.30000E-06 +2.71235172072E+00 -4.21206024E-03
+48.31500E-06 +78.38189897E-03 +4.47135675E-03
+48.33000E-06 -2.79196982818E+00 +3.02412058E-03
+48.34500E-06 +145.91958826E-03 -3.72964819E-03
+48.36000E-06 +2.71235172056E+00 -1.79999997E-03
+48.37500E-06 -529.45729047E-03 +4.47135675E-03
+48.39000E-06 -2.69066329642E+00 +2.05929647E-03
+48.40500E-06 +787.52762154E-03 -4.69447230E-03
+48.42000E-06 +2.57727634494E+00 -1.31758791E-03
+48.43500E-06 -1.17106532374E+00 +5.43618086E-03
+48.45000E-06 -2.48805023314E+00 +1.09447236E-03
+48.46500E-06 +1.39536681088E+00 -5.65929641E-03
+48.48000E-06 +2.30712559394E+00 -352.76380E-06
+48.49500E-06 -1.71136682537E+00 +4.95376880E-03
+48.51000E-06 -2.18413063824E+00 -352.76380E-06
+48.52500E-06 +1.90189946862E+00 -6.14170846E-03
+48.54000E-06 +1.93566831133E+00 +1.09447236E-03
+48.55500E-06 -2.18413063928E+00 +4.95376880E-03
+48.57000E-06 -1.74513566798E+00 -1.31758791E-03
+48.58500E-06 +2.30712559484E+00 -5.17688435E-03
+48.60000E-06 +1.42913565334E+00 +2.05929647E-03
+48.61500E-06 -2.58935676537E+00 +4.47135675E-03
+48.63000E-06 -1.20483416616E+00 -2.28241203E-03
+48.64500E-06 +2.64481403322E+00 -5.17688435E-03
+48.66000E-06 +855.06530769E-03 +3.02412058E-03
+48.67500E-06 -2.79196982837E+00 +4.47135675E-03
+48.69000E-06 -630.76382048E-03 -3.24723614E-03
+48.70500E-06 +2.77988940850E+00 -4.69447230E-03
+48.72000E-06 +247.22611822E-03 +4.47135675E-03
+48.73500E-06 -2.89327635979E+00 +3.50653264E-03
+48.75000E-06 +10.84421288E-03 -4.21206025E-03
+48.76500E-06 +2.84742709603E+00 -2.76482408E-03
+48.78000E-06 -428.15075894E-03 +4.95376880E-03
+48.79500E-06 -2.82573867191E+00 +2.54170853E-03
+48.81000E-06 +686.22108998E-03 -5.17688436E-03
+48.82500E-06 +2.67858287660E+00 -1.31758791E-03
+48.84000E-06 -1.03598994838E+00 +5.43618086E-03
+48.85500E-06 -2.62312560860E+00 +1.57688441E-03
+48.87000E-06 +1.32782912322E+00 -5.17688436E-03
+48.88500E-06 +2.47596981325E+00 -352.76380E-06
+48.90000E-06 -1.64382913770E+00 +6.40100497E-03
+48.91500E-06 -2.35297485752E+00 +1.09447236E-03
+48.93000E-06 +1.83436178098E+00 -4.69447230E-03
+48.94500E-06 +2.07074368677E+00 +1.09447236E-03
+48.96000E-06 -2.18413063932E+00 +5.91859291E-03
+48.97500E-06 -1.91397988725E+00 -835.17586E-06
+48.99000E-06 +2.30712559489E+00 -5.65929641E-03
+49.00500E-06 +1.59797987264E+00 +2.05929647E-03
+49.02000E-06 -2.55558792158E+00 +4.95376880E-03
+49.03500E-06 -1.37367838540E+00 -2.28241203E-03
+49.05000E-06 +2.64481403329E+00 -4.69447230E-03
+49.06500E-06 +1.02390952697E+00 +3.50653264E-03
+49.08000E-06 -2.79196982847E+00 +5.43618086E-03
+49.09500E-06 -765.83919590E-03 -3.24723614E-03
+49.11000E-06 +2.84742709625E+00 -4.21206024E-03
+49.12500E-06 +416.07033746E-03 +3.50653264E-03
+49.14000E-06 -2.96081404751E+00 +4.47135675E-03
+49.15500E-06 -90.46231870E-03 -4.21206025E-03
+49.17000E-06 +2.91496478374E+00 -3.24723613E-03
+49.18500E-06 -293.07538353E-03 +4.95376880E-03
+49.20000E-06 -2.92704520352E+00 +3.02412058E-03
+49.21500E-06 +551.14571460E-03 -4.69447230E-03
+49.23000E-06 +2.81365825203E+00 -2.28241202E-03
+49.24500E-06 -900.91457303E-03 +6.40100497E-03
+49.26000E-06 -2.79196982785E+00 +2.54170852E-03
+49.27500E-06 +1.19275374786E+00 -5.17688436E-03
+49.29000E-06 +2.61104518868E+00 +129.64825E-06
+49.30500E-06 -1.54252260623E+00 +5.91859291E-03
+49.32000E-06 -2.45428138915E+00 +1.09447236E-03
+49.33500E-06 +1.76682409338E+00 -5.65929641E-03
+49.35000E-06 +2.27335674991E+00 +129.64825E-06
+49.36500E-06 -2.08282410779E+00 +5.91859291E-03
+49.38000E-06 -2.08282410650E+00 +129.64825E-06
+49.39500E-06 +2.27335675107E+00 -5.65929641E-03
+49.41000E-06 +1.76682409192E+00 +2.05929647E-03
+49.42500E-06 -2.55558792162E+00 +5.91859291E-03
+49.44000E-06 -1.54252260471E+00 -1.31758792E-03
+49.45500E-06 +2.64481403333E+00 -5.17688435E-03
+49.47000E-06 +1.19275374624E+00 +3.02412058E-03
+49.48500E-06 -2.82573867237E+00 +4.95376880E-03
+49.50000E-06 -968.45225896E-03 -2.76482408E-03
+49.51500E-06 +2.88119594014E+00 -5.17688435E-03
+49.53000E-06 +584.91455666E-03 +3.98894469E-03
+49.54500E-06 -2.99458289146E+00 +3.98894469E-03
+49.56000E-06 -293.07538177E-03 -3.72964819E-03
+49.57500E-06 +2.94873362770E+00 -3.72964819E-03
+49.59000E-06 -90.46232049E-03 +4.95376880E-03
+49.60500E-06 -2.99458289126E+00 +3.50653264E-03
+49.62000E-06 +416.07033925E-03 -4.69447230E-03
+49.63500E-06 +2.94873362743E+00 -2.28241202E-03
+49.65000E-06 -732.07035383E-03 +6.40100497E-03
+49.66500E-06 -2.89327635945E+00 +2.05929647E-03
+49.68000E-06 +1.02390952865E+00 -5.65929641E-03
+49.69500E-06 +2.71235172027E+00 -835.17586E-06
+49.71000E-06 -1.44121607468E+00 +5.43618086E-03
+49.72500E-06 -2.58935676457E+00 +612.06031E-06
+49.74000E-06 +1.66551756182E+00 -6.14170847E-03
+49.75500E-06 +2.37466328154E+00 +129.64825E-06
+49.77000E-06 -2.01528642015E+00 +6.40100497E-03
+49.78500E-06 -2.18413063812E+00 +129.64825E-06
+49.80000E-06 +2.17205021954E+00 -6.14170846E-03
+49.81500E-06 +1.90189946740E+00 +1.57688442E-03
+49.83000E-06 -2.45428139012E+00 +5.43618086E-03
+49.84500E-06 -1.67759798009E+00 -1.31758792E-03
+49.86000E-06 +2.61104518951E+00 -5.17688435E-03
+49.87500E-06 +1.32782912169E+00 +3.02412058E-03
+49.89000E-06 -2.79196982855E+00 +5.43618086E-03
+49.90500E-06 -1.10352763441E+00 -3.24723613E-03
+49.92000E-06 +2.88119594018E+00 -5.17688435E-03
+49.93500E-06 +719.98993214E-03 +3.98894469E-03
+49.95000E-06 -2.99458289146E+00 +4.47135675E-03
+49.96500E-06 -428.15075722E-03 -3.72964819E-03
+49.98000E-06 +2.94873362776E+00 -3.72964819E-03
+49.99500E-06 +44.61305492E-03 +4.95376880E-03
+50.01000E-06 -3.02835173515E+00 +3.50653264E-03
+50.02500E-06 +213.45727612E-03 -4.21206025E-03
+50.04000E-06 +2.91496478369E+00 -2.28241202E-03
+50.05500E-06 -630.76382220E-03 +5.43618086E-03
+50.07000E-06 -2.89327635950E+00 +2.54170853E-03
+50.08500E-06 +888.83415324E-03 -5.65929641E-03
+50.10000E-06 +2.74612056419E+00 -835.17586E-06
+50.11500E-06 -1.27237185547E+00 +5.43618086E-03
+50.13000E-06 -2.65689445235E+00 +1.57688442E-03
+50.14500E-06 +1.53044218643E+00 -5.17688436E-03
+50.16000E-06 +2.47596981310E+00 +129.64825E-06
+50.17500E-06 -1.84644220094E+00 +6.40100497E-03
+50.19000E-06 -2.31920601351E+00 -352.76381E-06
+50.20500E-06 +2.07074368805E+00 -6.14170846E-03
+50.22000E-06 +2.03697484279E+00 +1.57688442E-03
+50.23500E-06 -2.35297485863E+00 +5.43618086E-03
+50.25000E-06 -1.81267335558E+00 -1.31758791E-03
+50.26500E-06 +2.47596981419E+00 -5.17688435E-03
+50.28000E-06 +1.49667334096E+00 +3.02412058E-03
+50.29500E-06 -2.72443214087E+00 +4.95376880E-03
+50.31000E-06 -1.23860300986E+00 -2.28241203E-03
+50.32500E-06 +2.81365825250E+00 -5.17688435E-03
+50.34000E-06 +855.06530756E-03 +3.50653264E-03
+50.35500E-06 -2.92704520382E+00 +4.47135675E-03
+50.37000E-06 -563.22613267E-03 -3.24723614E-03
+50.38500E-06 +2.91496478394E+00 -4.21206024E-03
+50.40000E-06 +213.45727419E-03 +4.95376880E-03
+50.41500E-06 -2.99458289136E+00 +3.98894469E-03
+50.43000E-06 +78.38190074E-03 -4.69447230E-03
+50.44500E-06 +2.94873362755E+00 -2.76482408E-03
+50.46000E-06 -461.91960297E-03 +5.91859291E-03
+50.47500E-06 -2.96081404725E+00 +2.54170853E-03
+50.49000E-06 +753.75877779E-03 -5.17688436E-03
+50.50500E-06 +2.77988940811E+00 -1.31758791E-03
+50.52000E-06 -1.10352763619E+00 +6.40100497E-03
+50.53500E-06 -2.72443214005E+00 +1.57688441E-03
+50.55000E-06 +1.36159796723E+00 -5.65929641E-03
+50.56500E-06 +2.54350750084E+00 +129.64825E-06
+50.58000E-06 -1.74513566938E+00 +5.91859291E-03
+50.59500E-06 -2.35297485749E+00 +612.06031E-06
+50.61000E-06 +1.93566831262E+00 -5.65929641E-03
+50.62500E-06 +2.10451253056E+00 +1.57688442E-03
+50.64000E-06 -2.21789948324E+00 +5.91859291E-03
+50.65500E-06 -1.88021104328E+00 -835.17586E-06
+50.67000E-06 +2.37466328269E+00 -5.65929641E-03
+50.68500E-06 +1.59797987252E+00 +2.54170853E-03
+50.70000E-06 -2.62312560937E+00 +5.43618086E-03
+50.71500E-06 -1.37367838527E+00 -2.28241203E-03
+50.73000E-06 +2.67858287714E+00 -5.17688435E-03
+50.74500E-06 +990.14068301E-03 +3.50653264E-03
+50.76000E-06 -2.89327635996E+00 +4.95376880E-03
+50.77500E-06 -732.07035190E-03 -3.24723614E-03
+50.79000E-06 +2.91496478394E+00 -4.21206024E-03
+50.80500E-06 +348.53264964E-03 +4.47135675E-03
+50.82000E-06 -2.96081404753E+00 +3.98894469E-03
+50.83500E-06 -90.46231853E-03 -4.21206025E-03
+50.85000E-06 +2.91496478372E+00 -3.24723613E-03
+50.86500E-06 -326.84422752E-03 +4.95376880E-03
+50.88000E-06 -2.89327635963E+00 +3.02412058E-03
+50.89500E-06 +551.14571476E-03 -4.21206025E-03
+50.91000E-06 +2.81365825199E+00 -2.76482408E-03
+50.92500E-06 -968.45226078E-03 +5.91859291E-03
+50.94000E-06 -2.75820098390E+00 +1.57688442E-03
+50.95500E-06 +1.22652259177E+00 -5.17688436E-03
+50.97000E-06 +2.57727634472E+00 -352.76380E-06
+50.98500E-06 -1.57629145014E+00 +5.43618086E-03
+51.00000E-06 -2.45428138898E+00 +1.09447236E-03
+51.01500E-06 +1.76682409338E+00 -5.65929641E-03
+51.03000E-06 +2.17205021826E+00 +1.57688442E-03
+51.04500E-06 -2.08282410785E+00 +6.40100497E-03
+51.06000E-06 -1.98151757491E+00 -835.17586E-06
+51.07500E-06 +2.23958790726E+00 -5.65929641E-03
+51.09000E-06 +1.69928640411E+00 +2.54170853E-03
+51.10500E-06 -2.48805023398E+00 +6.40100497E-03
+51.12000E-06 -1.47498491687E+00 -1.31758792E-03
+51.13500E-06 +2.57727634564E+00 -5.17688435E-03
+51.15000E-06 +1.12521605842E+00 +3.02412058E-03
+51.16500E-06 -2.72443214077E+00 +5.43618086E-03
+51.18000E-06 -900.91457118E-03 -2.28241203E-03
+51.19500E-06 +2.77988940857E+00 -4.21206024E-03
+51.21000E-06 +483.60802509E-03 +4.95376880E-03
+51.22500E-06 -2.89327635981E+00 +4.47135675E-03
+51.24000E-06 -225.53769402E-03 -3.72964819E-03
+51.25500E-06 +2.84742709607E+00 -3.24723613E-03
+51.27000E-06 -158.00000824E-03 +4.95376880E-03
+51.28500E-06 -2.85950751580E+00 +3.50653264E-03
+51.30000E-06 +416.07033928E-03 -4.69447230E-03
+51.31500E-06 +2.74612056426E+00 -2.28241202E-03
+51.33000E-06 -799.60804150E-03 +5.43618086E-03
+51.34500E-06 -2.72443214010E+00 +2.54170853E-03
+51.36000E-06 +1.05767837249E+00 -4.69447230E-03
+51.37500E-06 +2.50973865713E+00 -1.31758791E-03
+51.39000E-06 -1.40744723082E+00 +4.95376880E-03
+51.40500E-06 -2.42051254521E+00 +1.09447236E-03
+51.42000E-06 +1.59797987414E+00 -5.17688436E-03
+51.43500E-06 +2.17205021835E+00 +129.64825E-06
+51.45000E-06 -1.91397988860E+00 +5.43618086E-03
+51.46500E-06 -2.04905526261E+00 -352.76381E-06
+51.48000E-06 +2.07074368798E+00 -5.17688436E-03
+51.49500E-06 +1.73305524806E+00 +2.05929647E-03
+51.51000E-06 -2.31920601469E+00 +5.43618086E-03
+51.52500E-06 -1.54252260464E+00 -1.31758792E-03
+51.54000E-06 +2.40843212639E+00 -5.17688435E-03
+51.55500E-06 +1.19275374619E+00 +2.54170853E-03
+51.57000E-06 -2.62312560924E+00 +5.43618086E-03
+51.58500E-06 -968.45225898E-03 -2.28241203E-03
+51.60000E-06 +2.64481403321E+00 -4.69447230E-03
+51.61500E-06 +618.68340054E-03 +3.50653264E-03
+51.63000E-06 -2.79196982827E+00 +3.98894469E-03
+51.64500E-06 -394.38191329E-03 -3.72964819E-03
+51.66000E-06 +2.74612056456E+00 -3.24723613E-03
+51.67500E-06 +10.84421103E-03 +4.47135675E-03
+51.69000E-06 -2.79196982812E+00 +3.50653264E-03
+51.70500E-06 +213.45727618E-03 -3.72964819E-03
+51.72000E-06 +2.71235172044E+00 -2.76482408E-03
+51.73500E-06 -630.76382219E-03 +4.95376880E-03
+51.75000E-06 -2.62312560863E+00 +2.05929647E-03
+51.76500E-06 +855.06530936E-03 -4.21206025E-03
+51.78000E-06 +2.47596981334E+00 -1.31758791E-03
+51.79500E-06 -1.20483416772E+00 +5.43618086E-03
+51.81000E-06 -2.42051254528E+00 +1.57688442E-03
+51.82500E-06 +1.39536681103E+00 -5.65929641E-03
+51.84000E-06 +2.20581906219E+00 +129.64825E-06
+51.85500E-06 -1.71136682546E+00 +5.91859291E-03
+51.87000E-06 -2.04905526266E+00 +129.64825E-06
+51.88500E-06 +1.86813062487E+00 -5.17688435E-03
+51.90000E-06 +1.76682409194E+00 +1.09447236E-03
+51.91500E-06 -2.15036179541E+00 +4.95376880E-03
+51.93000E-06 -1.61006029241E+00 -835.17586E-06
+51.94500E-06 +2.23958790714E+00 -5.17688435E-03
+51.96000E-06 +1.29406027779E+00 +1.57688442E-03
+51.97500E-06 -2.45428138999E+00 +4.47135675E-03
+51.99000E-06 -1.03598994672E+00 -2.76482408E-03
+52.00500E-06 +2.47596981396E+00 -5.17688435E-03
+52.02000E-06 +719.98993214E-03 +3.50653264E-03
+52.03500E-06 -2.62312560905E+00 +3.98894469E-03
+52.05000E-06 -461.91960111E-03 -3.24723614E-03
+52.06500E-06 +2.57727634530E+00 -3.72964819E-03
+52.08000E-06 +145.91958652E-03 +3.98894469E-03
+52.09500E-06 -2.65689445271E+00 +3.50653264E-03
+52.11000E-06 +112.15074451E-03 -4.21206025E-03
+52.12500E-06 +2.57727634511E+00 -2.76482408E-03
+52.14000E-06 -461.91960291E-03 +5.43618086E-03
+52.15500E-06 -2.55558792094E+00 +2.05929647E-03
+52.17000E-06 +686.22109008E-03 -4.21206025E-03
+52.18500E-06 +2.40843212561E+00 -1.79999997E-03
+52.20000E-06 -1.00222110455E+00 +4.95376880E-03
+52.21500E-06 -2.35297485762E+00 +1.57688441E-03
+52.23000E-06 +1.22652259171E+00 -5.65929641E-03
+52.24500E-06 +2.17205021840E+00 -352.76380E-06
+52.26000E-06 -1.54252260614E+00 +5.43618086E-03
+52.27500E-06 -2.01528641891E+00 +129.64825E-06
+52.29000E-06 +1.73305524933E+00 -5.65929641E-03
+52.30500E-06 +1.76682409200E+00 +1.09447236E-03
+52.32000E-06 -1.98151757612E+00 +5.43618086E-03
+52.33500E-06 -1.61006029243E+00 -835.17586E-06
+52.35000E-06 +2.07074368789E+00 -5.65929641E-03
+52.36500E-06 +1.32782912171E+00 +1.57688442E-03
+52.38000E-06 -2.28543717069E+00 +4.47135675E-03
+52.39500E-06 -1.13729647828E+00 -2.28241203E-03
+52.41000E-06 +2.27335675081E+00 -4.69447230E-03
+52.42500E-06 +821.29646373E-03 +2.54170853E-03
+52.44000E-06 -2.45428138979E+00 +4.47135675E-03
+52.45500E-06 -596.99497652E-03 -2.76482408E-03
+52.47000E-06 +2.44220096990E+00 -3.72964819E-03
+52.48500E-06 +280.99496198E-03 +3.98894469E-03
+52.50000E-06 -2.52181907731E+00 +3.50653264E-03
+52.51500E-06 -56.69347477E-03 -3.72964819E-03
+52.53000E-06 +2.40843212588E+00 -2.28241202E-03
+52.54500E-06 -326.84422741E-03 +3.98894469E-03
+52.56000E-06 -2.42051254557E+00 +3.02412058E-03
+52.57500E-06 +517.37687076E-03 -4.21206025E-03
+52.59000E-06 +2.30712559410E+00 -1.79999997E-03
+52.60500E-06 -833.37688527E-03 +4.95376880E-03
+52.62000E-06 -2.28543716993E+00 +1.57688442E-03
+52.63500E-06 +1.02390952858E+00 -4.21206025E-03
+52.65000E-06 +2.10451253070E+00 -352.76380E-06
+52.66500E-06 -1.30614069918E+00 +5.43618086E-03
+52.68000E-06 -1.98151757503E+00 +1.09447236E-03
+52.69500E-06 +1.49667334249E+00 -4.21206025E-03
+52.71000E-06 +1.80059293585E+00 +129.64825E-06
+52.72500E-06 -1.74513566919E+00 +4.95376880E-03
+52.74000E-06 -1.61006029245E+00 -352.76381E-06
+52.75500E-06 +1.90189946856E+00 -4.21206024E-03
+52.77000E-06 +1.36159796559E+00 +1.57688442E-03
+52.78500E-06 -2.08282410759E+00 +4.47135675E-03
+52.80000E-06 -1.13729647838E+00 -1.31758792E-03
+52.81500E-06 +2.10451253156E+00 -4.21206024E-03
+52.83000E-06 +888.83415147E-03 +2.05929647E-03
+52.84500E-06 -2.25166832672E+00 +4.47135675E-03
+52.86000E-06 -698.30150812E-03 -2.76482408E-03
+52.87500E-06 +2.20581906301E+00 -3.24723613E-03
+52.89000E-06 +382.30149358E-03 +3.50653264E-03
+52.90500E-06 -2.31920601428E+00 +3.98894469E-03
+52.92000E-06 -158.00000637E-03 -3.24723614E-03
+52.93500E-06 +2.27335675053E+00 -3.24723613E-03
+52.95000E-06 -158.00000813E-03 +3.98894469E-03
+52.96500E-06 -2.31920601403E+00 +3.02412058E-03
+52.98000E-06 +348.53265148E-03 -3.72964819E-03
+52.99500E-06 +2.17205021874E+00 -2.28241202E-03
+53.01000E-06 -630.76382217E-03 +4.47135675E-03
+53.02500E-06 -2.18413063843E+00 +2.05929647E-03
+53.04000E-06 +855.06530925E-03 -4.21206025E-03
+53.05500E-06 +2.03697484305E+00 -835.17586E-06
+53.07000E-06 -1.13729647986E+00 +4.47135675E-03
+53.08500E-06 -1.91397988738E+00 +1.57688441E-03
+53.10000E-06 +1.29406027926E+00 -4.21206025E-03
+53.11500E-06 +1.69928640438E+00 +129.64825E-06
+53.13000E-06 -1.54252260609E+00 +5.43618086E-03
+53.14500E-06 -1.57629144870E+00 -352.76380E-06
+53.16000E-06 +1.66551756155E+00 -4.69447230E-03
+53.17500E-06 +1.29406027802E+00 +1.09447236E-03
+53.19000E-06 -1.84644220062E+00 +4.47135675E-03
+53.20500E-06 -1.17106532231E+00 -835.17586E-06
+53.22000E-06 +1.90189946840E+00 -3.72964819E-03
+53.23500E-06 +888.83415158E-03 +2.05929647E-03
+53.25000E-06 -2.08282410743E+00 +4.95376880E-03
+53.26500E-06 -765.83919586E-03 -1.79999997E-03
+53.28000E-06 +2.07074368753E+00 -3.24723613E-03
+53.29500E-06 +416.07033754E-03 +2.54170853E-03
+53.31000E-06 -2.15036179498E+00 +3.50653264E-03
+53.32500E-06 -225.53769419E-03 -3.24723614E-03
+53.34000E-06 +2.10451253123E+00 -3.24723613E-03
+53.35500E-06 -22.92463263E-03 +3.50653264E-03
+53.37000E-06 -2.15036179481E+00 +2.54170853E-03
+53.38500E-06 +213.45727598E-03 -3.24723614E-03
+53.40000E-06 +2.07074368716E+00 -2.28241202E-03
+53.41500E-06 -495.68844667E-03 +3.50653264E-03
+53.43000E-06 -2.01528641925E+00 +1.09447236E-03
+53.44500E-06 +686.22108989E-03 -4.21206025E-03
+53.46000E-06 +1.90189946769E+00 -835.17586E-06
+53.47500E-06 -934.68341671E-03 +3.98894469E-03
+53.49000E-06 -1.81267335592E+00 +1.09447236E-03
+53.50500E-06 +1.12521605994E+00 -4.69447230E-03
+53.52000E-06 +1.66551756054E+00 +129.64825E-06
+53.53500E-06 -1.33990954286E+00 +3.98894469E-03
+53.55000E-06 -1.54252260492E+00 +129.64825E-06
+53.56500E-06 +1.42913565459E+00 -4.21206024E-03
+53.58000E-06 +1.29406027800E+00 +1.09447236E-03
+53.59500E-06 -1.64382913747E+00 +3.50653264E-03
+53.61000E-06 -1.13729647852E+00 -352.76381E-06
+53.62500E-06 +1.66551756152E+00 -3.72964819E-03
+53.64000E-06 +922.60299551E-03 +2.05929647E-03
+53.65500E-06 -1.81267335660E+00 +3.50653264E-03
+53.67000E-06 -732.07035216E-03 -2.28241203E-03
+53.68500E-06 +1.83436178056E+00 -3.72964819E-03
+53.70000E-06 +483.60802533E-03 +2.05929647E-03
+53.71500E-06 -1.98151757568E+00 +3.50653264E-03
+53.73000E-06 -326.84422584E-03 -2.76482408E-03
+53.74500E-06 +1.90189946811E+00 -2.76482408E-03
+53.76000E-06 +78.38189897E-03 +3.02412058E-03
+53.77500E-06 -1.94774873169E+00 +2.54170853E-03
+53.79000E-06 +112.15074433E-03 -3.24723614E-03
+53.80500E-06 +1.86813062412E+00 -2.28241202E-03
+53.82000E-06 -360.61307116E-03 +3.02412058E-03
+53.83500E-06 -1.88021104384E+00 +1.09447236E-03
+53.85000E-06 +551.14571447E-03 -3.24723614E-03
+53.86500E-06 +1.73305524851E+00 -352.76380E-06
+53.88000E-06 -765.83919739E-03 +3.98894469E-03
+53.89500E-06 -1.71136682437E+00 +1.09447236E-03
+53.91000E-06 +922.60299675E-03 -4.21206024E-03
+53.92500E-06 +1.56421102908E+00 -352.76380E-06
+53.94000E-06 -1.13729647971E+00 +3.98894469E-03
+53.95500E-06 -1.44121607337E+00 +129.64825E-06
+53.97000E-06 +1.22652259140E+00 -4.21206024E-03
+53.98500E-06 +1.26029143426E+00 +129.64825E-06
+54.00000E-06 -1.44121607432E+00 +3.98894469E-03
+54.01500E-06 -1.13729647859E+00 -835.17586E-06
+54.03000E-06 +1.46290449833E+00 -3.72964819E-03
+54.04500E-06 +922.60299553E-03 +1.09447236E-03
+54.06000E-06 -1.64382913730E+00 +3.50653264E-03
+54.07500E-06 -765.83919604E-03 -1.79999997E-03
+54.09000E-06 +1.63174871741E+00 -3.72964819E-03
+54.10500E-06 +517.37686922E-03 +2.05929647E-03
+54.12000E-06 -1.74513566875E+00 +3.02412058E-03
+54.13500E-06 -394.38191354E-03 -2.28241202E-03
+54.15000E-06 +1.69928640500E+00 -3.24723613E-03
+54.16500E-06 +145.91958681E-03 +2.54170853E-03
+54.18000E-06 -1.77890451244E+00 +2.54170853E-03
+54.19500E-06 +44.61305654E-03 -2.28241203E-03
+54.21000E-06 +1.73305524864E+00 -1.79999997E-03
+54.22500E-06 -259.30653951E-03 +3.02412058E-03
+54.24000E-06 -1.71136682459E+00 +1.57688442E-03
+54.25500E-06 +348.53265137E-03 -3.24723614E-03
+54.27000E-06 +1.59797987315E+00 -1.79999997E-03
+54.28500E-06 -596.99497810E-03 +3.02412058E-03
+54.30000E-06 -1.61006029283E+00 +1.57688441E-03
+54.31500E-06 +719.98993360E-03 -3.72964819E-03
+54.33000E-06 +1.46290449745E+00 -352.76380E-06
+54.34500E-06 -968.45226034E-03 +2.54170853E-03
+54.36000E-06 -1.37367838572E+00 +129.64825E-06
+54.37500E-06 +1.02390952829E+00 -3.72964819E-03
+54.39000E-06 +1.15898490276E+00 -835.17586E-06
+54.40500E-06 -1.23860301117E+00 +2.54170853E-03
+54.42000E-06 -1.06975879090E+00 +129.64825E-06
+54.43500E-06 +1.26029143518E+00 -4.21206024E-03
+54.45000E-06 +888.83415175E-03 +612.06031E-06
+54.46500E-06 -1.44121607415E+00 +3.50653264E-03
+54.48000E-06 -765.83919612E-03 -1.31758791E-03
+54.49500E-06 +1.42913565430E+00 -3.72964819E-03
+54.51000E-06 +584.91455697E-03 +1.57688442E-03
+54.52500E-06 -1.54252260564E+00 +3.02412058E-03
+54.54000E-06 -461.91960134E-03 -1.79999997E-03
+54.55500E-06 +1.53044218570E+00 -2.76482408E-03
+54.57000E-06 +179.68843070E-03 +2.05929647E-03
+54.58500E-06 -1.61006029314E+00 +2.54170853E-03
+54.60000E-06 -90.46231893E-03 -2.76482408E-03
+54.61500E-06 +1.53044218561E+00 -2.76482408E-03
+54.63000E-06 -124.23116408E-03 +2.05929647E-03
+54.64500E-06 -1.54252260533E+00 +1.57688442E-03
+54.66000E-06 +280.99496349E-03 -2.28241202E-03
+54.67500E-06 +1.42913565390E+00 -2.28241202E-03
+54.69000E-06 -495.68844645E-03 +2.54170853E-03
+54.70500E-06 -1.44121607362E+00 +1.57688442E-03
+54.72000E-06 +584.91455813E-03 -3.24723613E-03
+54.73500E-06 +1.29406027837E+00 -1.31758791E-03
+54.75000E-06 -732.07035338E-03 +3.02412058E-03
+54.76500E-06 -1.23860301041E+00 +612.06031E-06
+54.78000E-06 +821.29646515E-03 -3.72964819E-03
+54.79500E-06 +1.15898490270E+00 -352.76380E-06
+54.81000E-06 -1.03598994798E+00 +3.02412058E-03
+54.82500E-06 -1.03598994712E+00 -352.76380E-06
+54.84000E-06 +1.09144721584E+00 -3.24723613E-03
+54.85500E-06 +855.06530801E-03 +612.06031E-06
+54.87000E-06 -1.23860301100E+00 +2.54170853E-03
+54.88500E-06 -732.07035238E-03 -835.17586E-06
+54.90000E-06 +1.22652259119E+00 -2.76482408E-03
+54.91500E-06 +551.14571319E-03 +1.09447236E-03
+54.93000E-06 -1.37367838635E+00 +2.05929647E-03
+54.94500E-06 -461.91960142E-03 -1.31758791E-03
+54.96000E-06 +1.32782912263E+00 -2.76482408E-03
+54.97500E-06 +247.22611849E-03 +1.57688442E-03
+54.99000E-06 -1.37367838626E+00 +1.57688442E-03
+55.00500E-06 -158.00000668E-03 -1.79999997E-03
+55.02000E-06 +1.32782912250E+00 -2.28241202E-03
+55.03500E-06 -56.69347629E-03 +2.05929647E-03
+55.05000E-06 -1.40744722993E+00 +1.09447236E-03
+55.06500E-06 +145.91958801E-03 -2.28241202E-03
+55.08000E-06 +1.29406027850E+00 -1.79999997E-03
+55.09500E-06 -360.61307098E-03 +2.05929647E-03
+55.11000E-06 -1.30614069826E+00 +612.06031E-06
+55.12500E-06 +416.07033889E-03 -2.76482408E-03
+55.14000E-06 +1.19275374678E+00 -352.76380E-06
+55.15500E-06 -630.76382176E-03 +2.54170853E-03
+55.17000E-06 -1.17106532269E+00 +612.06030E-06
+55.18500E-06 +719.98993349E-03 -2.76482408E-03
+55.20000E-06 +1.02390952744E+00 +129.64825E-06
+55.21500E-06 -867.14572864E-03 +2.54170853E-03
+55.23000E-06 -934.68341562E-03 -352.76380E-06
+55.24500E-06 +888.83415274E-03 -3.24723613E-03
+55.26000E-06 +787.52762038E-03 +612.06031E-06
+55.27500E-06 -1.03598994785E+00 +2.05929647E-03
+55.29000E-06 -698.30150856E-03 -835.17586E-06
+55.30500E-06 +1.02390952809E+00 -2.28241202E-03
+55.32000E-06 +551.14571327E-03 +1.57688442E-03
+55.33500E-06 -1.17106532319E+00 +2.54170853E-03
+55.35000E-06 -461.91960150E-03 -1.31758791E-03
+55.36500E-06 +1.12521605953E+00 -3.24723613E-03
+55.38000E-06 +280.99496239E-03 +1.57688442E-03
+55.39500E-06 -1.20483416696E+00 +2.05929647E-03
+55.41000E-06 -191.76885062E-03 -1.31758791E-03
+55.42500E-06 +1.15898490320E+00 -2.28241202E-03
+55.44000E-06 +10.84421151E-03 +1.57688442E-03
+55.45500E-06 -1.23860301063E+00 +1.09447236E-03
+55.47000E-06 +78.38190030E-03 -1.79999997E-03
+55.48500E-06 +1.12521605929E+00 -1.79999997E-03
+55.50000E-06 -259.30653932E-03 +2.05929647E-03
+55.51500E-06 -1.17106532282E+00 +1.09447236E-03
+55.53000E-06 +348.53265104E-03 -2.28241202E-03
+55.54500E-06 +1.02390952762E+00 -1.31758791E-03
+55.56000E-06 -495.68844629E-03 +2.05929647E-03
+55.57500E-06 -1.06975879119E+00 +612.06031E-06
+55.59000E-06 +551.14571415E-03 -2.76482408E-03
+55.60500E-06 +922.60299590E-03 -352.76380E-06
+55.62000E-06 -732.07035321E-03 +2.54170853E-03
+55.63500E-06 -867.14572790E-03 +612.06030E-06
+55.65000E-06 +753.75877722E-03 -2.76482408E-03
+55.66500E-06 +753.75877651E-03 +129.64825E-06
+55.68000E-06 -867.14572856E-03 +2.05929647E-03
+55.69500E-06 -664.53266479E-03 +129.64825E-06
+55.71000E-06 +888.83415256E-03 -2.28241202E-03
+55.72500E-06 +483.60802568E-03 +612.06031E-06
+55.74000E-06 -1.00222110390E+00 +2.05929647E-03
+55.75500E-06 -461.91960158E-03 -835.17586E-06
+55.77000E-06 +990.14068400E-03 -2.28241202E-03
+55.78500E-06 +280.99496247E-03 +1.09447236E-03
+55.80000E-06 -1.06975879148E+00 +2.05929647E-03
+55.81500E-06 -191.76885075E-03 -1.79999997E-03
+55.83000E-06 +990.14068400E-03 -2.28241202E-03
+55.84500E-06 +44.61305546E-03 +612.06031E-06
+55.86000E-06 -1.06975879143E+00 +1.57688442E-03
+55.87500E-06 +10.84421250E-03 -1.79999997E-03
+55.89000E-06 +956.37184004E-03 -1.31758791E-03
+55.90500E-06 -225.53769537E-03 +2.05929647E-03
+55.92000E-06 -1.00222110361E+00 +612.06031E-06
+55.93500E-06 +213.45727561E-03 -1.79999997E-03
+55.95000E-06 +956.37183985E-03 -1.31758791E-03
+55.96500E-06 -394.38191472E-03 +1.57688442E-03
+55.98000E-06 -934.68341580E-03 +129.64825E-06
+55.99500E-06 +416.07033867E-03 -2.28241202E-03
+56.01000E-06 +787.52762050E-03 -352.76380E-06
+56.02500E-06 -596.99497773E-03 +1.57688442E-03
+56.04000E-06 -765.83919650E-03 +129.64825E-06
+56.05500E-06 +618.68340178E-03 -1.79999997E-03
+56.07000E-06 +652.45224502E-03 -352.76380E-06
+56.08500E-06 -732.07035312E-03 +1.57688442E-03
+56.10000E-06 -630.76382092E-03 -835.17586E-06
+56.11500E-06 +719.98993327E-03 -2.28241202E-03
+56.13000E-06 +483.60802562E-03 +129.64825E-06
+56.14500E-06 -833.37688460E-03 +1.57688442E-03
+56.16000E-06 -461.91960157E-03 -835.17586E-06
+56.17500E-06 +821.29646475E-03 -1.79999997E-03
+56.19000E-06 +280.99496251E-03 +129.64825E-06
+56.20500E-06 -900.91457223E-03 +1.09447236E-03
+56.22000E-06 -259.30653841E-03 -1.31758791E-03
+56.23500E-06 +821.29646470E-03 -1.79999997E-03
+56.25000E-06 +78.38189931E-03 +1.57688442E-03
+56.26500E-06 -900.91457213E-03 +1.09447236E-03
+56.28000E-06 -22.92463149E-03 -1.31758791E-03
+56.29500E-06 +821.29646460E-03 -1.79999997E-03
+56.31000E-06 -90.46231994E-03 +1.57688442E-03
+56.32500E-06 -867.14572827E-03 +1.09447236E-03
+56.34000E-06 +145.91958780E-03 -2.28241202E-03
+56.35500E-06 +821.29646451E-03 -1.31758791E-03
+56.37000E-06 -293.07538305E-03 +2.05929647E-03
+56.38500E-06 -833.37688422E-03 +1.09447236E-03
+56.40000E-06 +314.76380710E-03 -1.79999997E-03
+56.41500E-06 +719.98993288E-03 -352.76380E-06
+56.43000E-06 -461.91960230E-03 +1.57688442E-03
+56.44500E-06 -698.30150873E-03 +612.06031E-06
+56.46000E-06 +483.60802635E-03 -1.31758791E-03
+56.47500E-06 +584.91455734E-03 +129.64825E-06
+56.49000E-06 -596.99497774E-03 +2.05929647E-03
+56.50500E-06 -596.99497710E-03 -835.17586E-06
+56.52000E-06 +551.14571407E-03 -1.79999997E-03
+56.53500E-06 +449.83918185E-03 +129.64825E-06
+56.55000E-06 -664.53266536E-03 +1.57688442E-03
+56.56500E-06 -394.38191399E-03 -835.17586E-06
+56.58000E-06 +686.22108931E-03 -1.79999997E-03
+56.59500E-06 +280.99496256E-03 +1.09447236E-03
+56.61000E-06 -732.07035298E-03 +1.09447236E-03
+56.62500E-06 -293.07538227E-03 -1.79999997E-03
+56.64000E-06 +719.98993312E-03 -1.79999997E-03
+56.65500E-06 +112.15074326E-03 +612.06031E-06
+56.67000E-06 -732.07035288E-03 +1.09447236E-03
+56.68500E-06 -56.69347535E-03 -835.17586E-06
+56.70000E-06 +719.98993297E-03 -1.31758791E-03
+56.71500E-06 -56.69347604E-03 +1.09447236E-03
+56.73000E-06 -765.83919664E-03 +1.09447236E-03
+56.74500E-06 +78.38190009E-03 -1.31758791E-03
+56.76000E-06 +686.22108902E-03 -352.76380E-06
+56.77500E-06 -191.76885148E-03 +1.57688442E-03
+56.79000E-06 -698.30150887E-03 -352.76380E-06
+56.80500E-06 +247.22611929E-03 -2.28241202E-03
+56.82000E-06 +618.68340130E-03 -835.17586E-06
+56.83500E-06 -326.84422682E-03 +612.06031E-06
+56.85000E-06 -630.76382106E-03 -352.76380E-06
+56.86500E-06 +348.53265092E-03 -2.28241202E-03
+56.88000E-06 +517.37686967E-03 -352.76380E-06
+56.89500E-06 -461.91960221E-03 +1.09447236E-03
+56.91000E-06 -529.45728948E-03 -352.76380E-06
+56.92500E-06 +483.60802621E-03 -2.28241202E-03
+56.94000E-06 +382.30149423E-03 +129.64825E-06
+56.95500E-06 -563.22613373E-03 +1.09447236E-03
+56.97000E-06 -360.61307018E-03 -352.76380E-06
+56.98500E-06 +551.14571388E-03 -1.31758791E-03
+57.00000E-06 +247.22611879E-03 +129.64825E-06
+57.01500E-06 -630.76382135E-03 +1.57688442E-03
+57.03000E-06 -259.30653855E-03 -1.31758791E-03
+57.04500E-06 +618.68340145E-03 -1.79999997E-03
+57.06000E-06 +112.15074335E-03 +1.09447236E-03
+57.07500E-06 -664.53266516E-03 +1.09447236E-03
+57.09000E-06 -90.46231930E-03 -835.17586E-06
+57.10500E-06 +584.91455764E-03 -1.31758791E-03
+57.12000E-06 +10.84421167E-03 +1.09447236E-03
+57.13500E-06 -630.76382125E-03 +129.64825E-06
+57.15000E-06 +78.38190000E-03 -2.28241202E-03
+57.16500E-06 +584.91455753E-03 -1.31758791E-03
+57.18000E-06 -158.00000752E-03 +612.06031E-06
+57.19500E-06 -596.99497729E-03 +129.64825E-06
+57.21000E-06 +145.91958777E-03 -835.17586E-06
+57.22500E-06 +483.60802596E-03 -352.76380E-06
+57.24000E-06 -259.30653910E-03 +1.09447236E-03
+57.25500E-06 -529.45728957E-03 +129.64825E-06
+57.27000E-06 +280.99496310E-03 -2.28241202E-03
+57.28500E-06 +449.83918200E-03 -835.17586E-06
+57.30000E-06 -394.38191444E-03 +612.06031E-06
+57.31500E-06 -428.15075799E-03 +129.64825E-06
+57.33000E-06 +348.53265077E-03 -1.79999997E-03
+57.34500E-06 +314.76380656E-03 -352.76380E-06
+57.36000E-06 -461.91960216E-03 +1.09447236E-03
+57.37500E-06 -326.84422637E-03 -352.76381E-06
+57.39000E-06 +416.07033849E-03 -1.79999997E-03
+57.40500E-06 +247.22611879E-03 -352.76380E-06
+57.42000E-06 -529.45728978E-03 +612.06031E-06
+57.43500E-06 -225.53769468E-03 -1.31758791E-03
+57.45000E-06 +449.83918225E-03 -835.17586E-06
+57.46500E-06 +112.15074335E-03 +129.64825E-06
+57.48000E-06 -529.45728978E-03 +612.06031E-06
+57.49500E-06 -90.46231935E-03 -352.76381E-06
+57.51000E-06 +483.60802611E-03 -1.31758791E-03
+57.52500E-06 +10.84421177E-03 +612.06031E-06
+57.54000E-06 -529.45728967E-03 +612.06031E-06
+57.55500E-06 +10.84421228E-03 -1.31758791E-03
+57.57000E-06 +483.60802595E-03 -352.76380E-06
+57.58500E-06 -124.23116362E-03 +129.64825E-06
+57.60000E-06 -495.68844581E-03 -352.76380E-06
+57.61500E-06 +112.15074381E-03 -1.31758791E-03
+57.63000E-06 +416.07033824E-03 -835.17586E-06
+57.64500E-06 -225.53769515E-03 +612.06031E-06
+57.66000E-06 -461.91960185E-03 +129.64825E-06
+57.67500E-06 +213.45727529E-03 -1.31758791E-03
+57.69000E-06 +382.30149427E-03 -835.17586E-06
+57.70500E-06 -326.84422672E-03 +1.09447236E-03
+57.72000E-06 -394.38191413E-03 +129.64825E-06
+57.73500E-06 +280.99496306E-03 -1.79999997E-03
+57.75000E-06 +314.76380655E-03 -835.17586E-06
+57.76500E-06 -394.38191439E-03 +129.64825E-06
+57.78000E-06 -326.84422641E-03 -352.76380E-06
+57.79500E-06 +348.53265072E-03 -1.79999997E-03
+57.81000E-06 +213.45727497E-03 +129.64825E-06
+57.82500E-06 -428.15075820E-03 +1.09447236E-03
+57.84000E-06 -225.53769478E-03 -835.17586E-06
+57.85500E-06 +382.30149448E-03 -1.79999997E-03
+57.87000E-06 +112.15074340E-03 -352.76380E-06
+57.88500E-06 -461.91960206E-03 +129.64825E-06
+57.90000E-06 -124.23116320E-03 -1.31758791E-03
+57.91500E-06 +382.30149453E-03 -1.31758791E-03
+57.93000E-06 +44.61305562E-03 +129.64825E-06
+57.94500E-06 -428.15075815E-03 +612.06031E-06
+57.96000E-06 -22.92463163E-03 -1.31758791E-03
+57.97500E-06 +348.53265067E-03 -835.17586E-06
+57.99000E-06 -90.46231971E-03 -352.76380E-06
+58.00500E-06 -428.15075809E-03 +129.64825E-06
+58.02000E-06 +44.61305609E-03 -1.31758791E-03
+58.03500E-06 +348.53265057E-03 -352.76380E-06
+58.05000E-06 -158.00000748E-03 +612.06031E-06
+58.06500E-06 -394.38191418E-03 +612.06031E-06
+58.08000E-06 +145.91958762E-03 -835.17586E-06
+58.09500E-06 +314.76380660E-03 -352.76380E-06
+58.11000E-06 -259.30653896E-03 +612.06031E-06
+58.12500E-06 -326.84422646E-03 -352.76380E-06
+58.14000E-06 +179.68843148E-03 -835.17586E-06
+58.15500E-06 +213.45727508E-03 -352.76380E-06
+58.17000E-06 -293.07538281E-03 +129.64825E-06
+58.18500E-06 -293.07538255E-03 -1.31758791E-03
+58.20000E-06 +247.22611915E-03 -835.17586E-06
+58.21500E-06 +213.45727497E-03 -352.76380E-06
+58.23000E-06 -326.84422662E-03 -352.76380E-06
+58.24500E-06 -191.76885097E-03 -835.17586E-06
+58.26000E-06 +314.76380681E-03 -835.17586E-06
+58.27500E-06 +112.15074344E-03 -352.76380E-06
+58.29000E-06 -326.84422667E-03 +129.64825E-06
+58.30500E-06 -124.23116325E-03 -835.17586E-06
+58.32000E-06 +314.76380681E-03 -352.76380E-06
+58.33500E-06 +44.61305567E-03 +129.64825E-06
+58.35000E-06 -394.38191423E-03 +129.64825E-06
+58.36500E-06 -56.69347553E-03 -352.76380E-06
+58.38000E-06 +314.76380671E-03 -835.17586E-06
+58.39500E-06 -22.92463199E-03 +129.64825E-06
+58.41000E-06 -360.61307043E-03 -352.76380E-06
+58.42500E-06 +10.84421224E-03 -835.17586E-06
+58.44000E-06 +314.76380671E-03 -352.76380E-06
+58.45500E-06 -124.23116357E-03 -352.76380E-06
+58.47000E-06 -326.84422646E-03 +129.64825E-06
+58.48500E-06 +112.15074371E-03 -835.17586E-06
+58.50000E-06 +247.22611893E-03 -352.76380E-06
+58.51500E-06 -191.76885124E-03 +612.06031E-06
+58.53000E-06 -259.30653880E-03 -352.76380E-06
+58.54500E-06 +145.91958762E-03 -835.17586E-06
+58.56000E-06 +213.45727502E-03 +129.64825E-06
+58.57500E-06 -225.53769504E-03 +612.06031E-06
+58.59000E-06 -259.30653869E-03 -1.31758791E-03
+58.60500E-06 +179.68843148E-03 -1.31758791E-03
+58.62000E-06 +145.91958736E-03 +129.64825E-06
+58.63500E-06 -259.30653890E-03 +129.64825E-06
+58.65000E-06 -191.76885097E-03 -352.76380E-06
+58.66500E-06 +213.45727524E-03 -835.17586E-06
+58.68000E-06 +112.15074344E-03 +129.64825E-06
+58.69500E-06 -293.07538276E-03 +129.64825E-06
+58.71000E-06 -90.46231945E-03 -835.17586E-06
+58.72500E-06 +213.45727524E-03 -835.17586E-06
+58.74000E-06 +10.84421197E-03 +612.06031E-06
+58.75500E-06 -293.07538271E-03 -352.76380E-06
+58.77000E-06 -22.92463178E-03 -352.76380E-06
+58.78500E-06 +247.22611899E-03 -835.17586E-06
+58.80000E-06 -22.92463200E-03 +612.06031E-06
+58.81500E-06 -293.07538266E-03 -352.76380E-06
+58.83000E-06 +10.84421213E-03 -1.31758791E-03
+58.84500E-06 +213.45727518E-03 -835.17586E-06
+58.86000E-06 -90.46231972E-03 +129.64825E-06
+58.87500E-06 -259.30653880E-03 -352.76380E-06
+58.89000E-06 +78.38189985E-03 -835.17586E-06
+58.90500E-06 +179.68843132E-03 +129.64825E-06
+58.92000E-06 -158.00000738E-03 +129.64825E-06
+58.93500E-06 -225.53769499E-03 -352.76380E-06
+58.95000E-06 +145.91958752E-03 -1.31758791E-03
+58.96500E-06 +179.68843127E-03 -835.17586E-06
+58.98000E-06 -191.76885119E-03 +129.64825E-06
+58.99500E-06 -191.76885102E-03 -835.17586E-06
+59.01000E-06 +145.91958752E-03 -835.17586E-06
+59.02500E-06 +112.15074349E-03 -352.76380E-06
+59.04000E-06 -225.53769505E-03 +1.09447236E-03
+59.05500E-06 -158.00000716E-03 -352.76380E-06
+59.07000E-06 +179.68843132E-03 -1.31758791E-03
+59.08500E-06 +78.38189963E-03 -352.76380E-06
+59.10000E-06 -225.53769505E-03 +612.06031E-06
+59.11500E-06 -124.23116325E-03 -835.17586E-06
+59.13000E-06 +179.68843132E-03 -835.17586E-06
+59.14500E-06 +10.84421197E-03 +129.64825E-06
+59.16000E-06 -259.30653885E-03 +612.06031E-06
+59.17500E-06 -22.92463178E-03 -835.17586E-06
+59.19000E-06 +179.68843132E-03 -1.31758791E-03
+59.20500E-06 +10.84421186E-03 +129.64825E-06
+59.22000E-06 -225.53769499E-03 +129.64825E-06
+59.23500E-06 -22.92463172E-03 -835.17586E-06
+59.25000E-06 +179.68843127E-03 -835.17586E-06
+59.26500E-06 -90.46231961E-03 +129.64825E-06
+59.28000E-06 -225.53769494E-03 +612.06031E-06
+59.29500E-06 +10.84421214E-03 -352.76380E-06
+59.31000E-06 +179.68843121E-03 -1.31758791E-03
+59.32500E-06 -124.23116347E-03 +129.64825E-06
+59.34000E-06 -191.76885108E-03 +129.64825E-06
+59.35500E-06 +78.38189980E-03 -352.76380E-06
+59.37000E-06 +145.91958735E-03 -352.76380E-06
+59.38500E-06 -158.00000727E-03 +129.64825E-06
+59.40000E-06 -158.00000722E-03 -352.76380E-06
+59.41500E-06 +78.38189986E-03 -1.31758791E-03
+59.43000E-06 +112.15074349E-03 -835.17586E-06
+59.44500E-06 -191.76885113E-03 +612.06031E-06
+59.46000E-06 -158.00000716E-03 +129.64825E-06
+59.47500E-06 +145.91958746E-03 -352.76380E-06
+59.49000E-06 +78.38189958E-03 -352.76380E-06
+59.50500E-06 -225.53769499E-03 +129.64825E-06
+59.52000E-06 -90.46231950E-03 -352.76380E-06
+59.53500E-06 +112.15074372E-03 -352.76380E-06
+59.55000E-06 +10.84421203E-03 -352.76380E-06
+59.56500E-06 -191.76885113E-03 +129.64825E-06
+59.58000E-06 -90.46231939E-03 +129.64825E-06
+59.59500E-06 +179.68843127E-03 -835.17586E-06
+59.61000E-06 -22.92463189E-03 -352.76380E-06
+59.62500E-06 -191.76885108E-03 -352.76380E-06
+59.64000E-06 -22.92463178E-03 -835.17586E-06
+59.65500E-06 +112.15074360E-03 -352.76380E-06
+59.67000E-06 -56.69347575E-03 -835.17586E-06
+59.68500E-06 -158.00000727E-03 +129.64825E-06
+59.70000E-06 +10.84421214E-03 -835.17586E-06
+59.71500E-06 +145.91958735E-03 -352.76380E-06
+59.73000E-06 -56.69347581E-03 -352.76380E-06
+59.74500E-06 -158.00000722E-03 +129.64825E-06
+59.76000E-06 +44.61305594E-03 -835.17586E-06
+59.77500E-06 +112.15074355E-03 -835.17586E-06
+59.79000E-06 -90.46231955E-03 -835.17586E-06
+59.80500E-06 -158.00000722E-03 -352.76380E-06
+59.82000E-06 +44.61305594E-03 -835.17586E-06
+59.83500E-06 +78.38189963E-03 +129.64825E-06
+59.85000E-06 -124.23116347E-03 -352.76380E-06
+59.86500E-06 -124.23116336E-03 -352.76380E-06
+59.88000E-06 +78.38189980E-03 -352.76380E-06
+59.89500E-06 +78.38189963E-03 -352.76380E-06
+59.91000E-06 -158.00000727E-03 -835.17586E-06
+59.92500E-06 -56.69347569E-03 -352.76380E-06
+59.94000E-06 +112.15074366E-03 -835.17586E-06
+59.95500E-06 +10.84421197E-03 +129.64825E-06
+59.97000E-06 -158.00000727E-03 +129.64825E-06
+59.98500E-06 -124.23116330E-03 -352.76380E-06
+60.00000E-06 +112.15074360E-03 -352.76380E-06
+60.01500E-06 +10.84421186E-03 -352.76380E-06
+60.03000E-06 -124.23116347E-03 -835.17586E-06
+60.04500E-06 -56.69347558E-03 -835.17586E-06
+60.06000E-06 +112.15074360E-03 -835.17586E-06
+60.07500E-06 -22.92463189E-03 +612.06031E-06
+60.09000E-06 -158.00000721E-03 -352.76380E-06
+60.10500E-06 -22.92463178E-03 -352.76380E-06
+60.12000E-06 +78.38189980E-03 +129.64825E-06
+60.13500E-06 -56.69347581E-03 +129.64825E-06
+60.15000E-06 -124.23116341E-03 -352.76380E-06
+60.16500E-06 +44.61305588E-03 -352.76380E-06
+60.18000E-06 +78.38189969E-03 +129.64825E-06
+60.19500E-06 -90.46231961E-03 +129.64825E-06
+60.21000E-06 -158.00000721E-03 +129.64825E-06
+60.22500E-06 +44.61305588E-03 -835.17586E-06
+60.24000E-06 +78.38189969E-03 -352.76380E-06
+60.25500E-06 -90.46231961E-03 +129.64825E-06
+60.27000E-06 -90.46231950E-03 -835.17586E-06
+60.28500E-06 +78.38189974E-03 -352.76380E-06
+60.30000E-06 +44.61305583E-03 -352.76380E-06
+60.31500E-06 -90.46231961E-03 -352.76380E-06
+60.33000E-06 -90.46231950E-03 -352.76380E-06
+60.34500E-06 +44.61305594E-03 -352.76380E-06
+60.36000E-06 +10.84421197E-03 +129.64825E-06
+60.37500E-06 -124.23116347E-03 +129.64825E-06
+60.39000E-06 -56.69347564E-03 -352.76380E-06
+60.40500E-06 +78.38189974E-03 -835.17586E-06
+60.42000E-06 -22.92463183E-03 +129.64825E-06
+60.43500E-06 -124.23116341E-03 +129.64825E-06
+60.45000E-06 -22.92463189E-03 -352.76380E-06
+60.46500E-06 +78.38189969E-03 +129.64825E-06
+60.48000E-06 -22.92463189E-03 +129.64825E-06
+60.49500E-06 -90.46231961E-03 +612.06030E-06
+60.51000E-06 -22.92463178E-03 -835.17586E-06
+60.52500E-06 +78.38189969E-03 -352.76380E-06
+60.54000E-06 -90.46231955E-03 +612.06031E-06
+60.55500E-06 -124.23116341E-03 +129.64825E-06
+60.57000E-06 +10.84421203E-03 -835.17586E-06
+60.58500E-06 +44.61305588E-03 -352.76380E-06
+60.60000E-06 -90.46231955E-03 +129.64825E-06
+60.61500E-06 -90.46231955E-03 +129.64825E-06
+60.63000E-06 +10.84421208E-03 -835.17586E-06
+60.64500E-06 +44.61305588E-03 +129.64825E-06
+60.66000E-06 -90.46231955E-03 -352.76380E-06
+60.67500E-06 -90.46231955E-03 +129.64825E-06
+60.69000E-06 +44.61305588E-03 -352.76380E-06
+60.70500E-06 +10.84421203E-03 -352.76380E-06
+60.72000E-06 -56.69347575E-03 -352.76380E-06
+60.73500E-06 -90.46231944E-03 +129.64825E-06
+60.75000E-06 +44.61305588E-03 -835.17586E-06
+60.76500E-06 +10.84421197E-03 +129.64825E-06
+60.78000E-06 -90.46231961E-03 +129.64825E-06
+60.79500E-06 -22.92463183E-03 +129.64825E-06
+60.81000E-06 +78.38189969E-03 -835.17586E-06
+60.82500E-06 -22.92463183E-03 -352.76380E-06
+60.84000E-06 -124.23116335E-03 +612.06031E-06
+60.85500E-06 -22.92463178E-03 -352.76380E-06
+60.87000E-06 +78.38189969E-03 -835.17586E-06
+60.88500E-06 -22.92463189E-03 -835.17586E-06
+60.90000E-06 -90.46231955E-03 -352.76380E-06
+60.91500E-06 -22.92463183E-03 -835.17586E-06
+60.93000E-06 +44.61305583E-03 +129.64825E-06
+60.94500E-06 -56.69347569E-03 +129.64825E-06
+60.96000E-06 -90.46231955E-03 -352.76380E-06
+60.97500E-06 -22.92463178E-03 +129.64825E-06
+60.99000E-06 +44.61305588E-03 -352.76380E-06
+61.00500E-06 -56.69347569E-03 +612.06031E-06
+61.02000E-06 -90.46231949E-03 +129.64825E-06
+61.03500E-06 +10.84421208E-03 -352.76380E-06
+61.05000E-06 +44.61305583E-03 +129.64825E-06
+61.06500E-06 -56.69347575E-03 +129.64825E-06
+61.08000E-06 -90.46231949E-03 -352.76380E-06
+61.09500E-06 +10.84421203E-03 -1.31758791E-03
+61.11000E-06 +10.84421203E-03 -835.17586E-06
+61.12500E-06 -56.69347569E-03 +129.64825E-06
+61.14000E-06 -90.46231944E-03 -835.17586E-06
+61.15500E-06 +10.84421208E-03 -352.76380E-06
+61.17000E-06 +10.84421197E-03 -352.76380E-06
+61.18500E-06 -124.23116330E-03 -352.76380E-06
+61.20000E-06 -90.46231944E-03 +129.64825E-06
+61.21500E-06 +44.61305588E-03 -352.76380E-06
+61.23000E-06 +10.84421197E-03 -352.76380E-06
+61.24500E-06 -56.69347575E-03 +129.64825E-06
+61.26000E-06 -56.69347564E-03 +129.64825E-06
+61.27500E-06 +44.61305588E-03 -352.76380E-06
+61.29000E-06 -56.69347569E-03 -835.17586E-06
+61.30500E-06 -90.46231955E-03 -352.76380E-06
+61.32000E-06 -22.92463183E-03 +129.64825E-06
+61.33500E-06 +44.61305583E-03 -352.76380E-06
+61.35000E-06 -56.69347569E-03 -835.17586E-06
+61.36500E-06 -56.69347575E-03 +129.64825E-06
+61.38000E-06 -22.92463178E-03 -352.76380E-06
+61.39500E-06 -22.92463178E-03 -352.76380E-06
+61.41000E-06 -56.69347569E-03 +129.64825E-06
+61.42500E-06 -90.46231950E-03 +129.64825E-06
+61.44000E-06 -22.92463183E-03 -352.76380E-06
+61.45500E-06 -22.92463178E-03 +129.64825E-06
+61.47000E-06 -56.69347569E-03 -835.17586E-06
+61.48500E-06 -90.46231950E-03 -352.76380E-06
+61.50000E-06 +10.84421203E-03 -352.76380E-06
+61.51500E-06 +10.84421203E-03 -352.76380E-06
+61.53000E-06 -90.46231961E-03 -352.76380E-06
+61.54500E-06 -56.69347569E-03 +129.64825E-06
+61.56000E-06 +44.61305583E-03 -352.76380E-06
+61.57500E-06 +10.84421203E-03 +129.64825E-06
+61.59000E-06 -56.69347569E-03 -352.76380E-06
+61.60500E-06 -56.69347564E-03 +129.64825E-06
+61.62000E-06 +10.84421203E-03 -352.76380E-06
+61.63500E-06 -22.92463183E-03 -352.76380E-06
+61.65000E-06 -56.69347569E-03 +129.64825E-06
+61.66500E-06 -56.69347564E-03 +129.64825E-06
+61.68000E-06 +10.84421197E-03 +129.64825E-06
+61.69500E-06 -22.92463183E-03 -352.76380E-06
+61.71000E-06 -56.69347569E-03 -352.76380E-06
+61.72500E-06 -56.69347569E-03 +129.64825E-06
+61.74000E-06 -22.92463178E-03 -352.76380E-06
+61.75500E-06 -22.92463183E-03 -352.76380E-06
+61.77000E-06 -56.69347569E-03 -352.76380E-06
+61.78500E-06 -56.69347559E-03 -352.76380E-06
+61.80000E-06 +10.84421203E-03 -352.76380E-06
+61.81500E-06 -56.69347569E-03 +129.64825E-06
+61.83000E-06 -90.46231950E-03 +129.64825E-06
+61.84500E-06 -22.92463179E-03 -352.76380E-06
+61.86000E-06 +10.84421203E-03 +129.64825E-06
+61.87500E-06 -56.69347565E-03 +612.06031E-06
+61.89000E-06 -56.69347569E-03 -352.76380E-06
+61.90500E-06 +10.84421207E-03 -352.76380E-06
+61.92000E-06 -22.92463183E-03 -352.76380E-06
+61.93500E-06 -56.69347569E-03 +129.64825E-06
+61.95000E-06 -56.69347565E-03 -835.17586E-06
+61.96500E-06 -22.92463183E-03 -352.76380E-06
+61.98000E-06 -22.92463183E-03 -352.76380E-06
+61.99500E-06 -56.69347565E-03 +129.64825E-06
+62.01000E-06 -56.69347569E-03 +129.64825E-06
+62.02500E-06 -22.92463179E-03 +129.64825E-06
+62.04000E-06 -22.92463188E-03 -352.76380E-06
+62.05500E-06 -56.69347574E-03 +129.64825E-06
+62.07000E-06 -22.92463183E-03 -352.76380E-06
+62.08500E-06 -22.92463183E-03 -352.76380E-06
+62.10000E-06 -56.69347565E-03 +129.64825E-06
+62.11500E-06 -56.69347565E-03 -352.76380E-06
+62.13000E-06 -22.92463183E-03 -352.76380E-06
+62.14500E-06 -22.92463179E-03 +129.64825E-06
+62.16000E-06 -22.92463183E-03 -352.76380E-06
+62.17500E-06 -90.46231951E-03 +129.64825E-06
+62.19000E-06 -22.92463183E-03 -835.17586E-06
+62.20500E-06 +10.84421203E-03 +129.64825E-06
+62.22000E-06 -22.92463183E-03 +129.64825E-06
+62.23500E-06 -22.92463183E-03 -835.17586E-06
+62.25000E-06 +10.84421194E-03 -352.76380E-06
+62.26500E-06 +10.84421198E-03 -352.76380E-06
+62.28000E-06 -56.69347565E-03 -352.76380E-06
+62.29500E-06 -56.69347565E-03 +129.64825E-06
+62.31000E-06 +10.84421198E-03 +129.64825E-06
+62.32500E-06 -22.92463183E-03 -352.76380E-06
+62.34000E-06 -22.92463188E-03 -835.17586E-06
+62.35500E-06 -22.92463183E-03 -835.17586E-06
+62.37000E-06 +10.84421198E-03 -352.76380E-06
+62.38500E-06 -22.92463183E-03 -835.17586E-06
+62.40000E-06 -56.69347569E-03 -352.76380E-06
+62.41500E-06 -22.92463183E-03 -352.76380E-06
+62.43000E-06 +10.84421198E-03 -835.17586E-06
+62.44500E-06 -22.92463183E-03 +129.64825E-06
+62.46000E-06 -56.69347565E-03 -352.76380E-06
+62.47500E-06 -56.69347565E-03 -352.76380E-06
+62.49000E-06 +10.84421203E-03 -352.76380E-06
+62.50500E-06 -22.92463183E-03 +129.64825E-06
+62.52000E-06 -22.92463183E-03 -352.76380E-06
+62.53500E-06 -56.69347565E-03 +129.64825E-06
+62.55000E-06 -22.92463183E-03 -835.17586E-06
+62.56500E-06 -22.92463183E-03 -352.76380E-06
+62.58000E-06 -56.69347565E-03 -352.76380E-06
+62.59500E-06 -22.92463183E-03 +129.64825E-06
+62.61000E-06 +10.84421199E-03 -835.17586E-06
+62.62500E-06 -56.69347565E-03 -352.76380E-06
+62.64000E-06 -22.92463183E-03 -352.76380E-06
+62.65500E-06 +10.84421203E-03 +129.64825E-06
+62.67000E-06 -22.92463180E-03 -352.76380E-06
+62.68500E-06 -56.69347569E-03 +129.64825E-06
+62.70000E-06 -56.69347569E-03 -352.76380E-06
+62.71500E-06 -22.92463180E-03 +129.64825E-06
+62.73000E-06 -22.92463183E-03 -352.76380E-06
+62.74500E-06 -56.69347566E-03 +129.64825E-06
+62.76000E-06 -56.69347566E-03 +129.64825E-06
+62.77500E-06 -22.92463180E-03 -352.76380E-06
+62.79000E-06 +10.84421199E-03 -352.76380E-06
+62.80500E-06 -22.92463183E-03 -352.76380E-06
+62.82000E-06 -56.69347566E-03 +129.64825E-06
+62.83500E-06 -22.92463183E-03 -352.76380E-06
+62.85000E-06 -22.92463187E-03 +612.06031E-06
+62.86500E-06 -56.69347566E-03 +129.64825E-06
+62.88000E-06 -56.69347566E-03 -352.76380E-06
+62.89500E-06 +10.84421203E-03 +129.64825E-06
+62.91000E-06 -22.92463183E-03 -835.17586E-06
+62.92500E-06 -22.92463183E-03 +129.64825E-06
+62.94000E-06 -56.69347566E-03 -352.76380E-06
+62.95500E-06 +10.84421203E-03 -835.17586E-06
+62.97000E-06 -22.92463187E-03 -835.17586E-06
+62.98500E-06 -56.69347566E-03 -352.76380E-06
+63.00000E-06 -22.92463183E-03 -352.76380E-06
+63.01500E-06 +10.84421199E-03 +129.64825E-06
+63.03000E-06 -22.92463187E-03 -352.76380E-06
+63.04500E-06 -22.92463183E-03 +129.64825E-06
+63.06000E-06 -22.92463183E-03 -352.76380E-06
+63.07500E-06 -22.92463183E-03 +129.64825E-06
+63.09000E-06 -22.92463187E-03 -352.76380E-06
+63.10500E-06 -56.69347566E-03 -352.76380E-06
+63.12000E-06 -22.92463183E-03 +129.64825E-06
+63.13500E-06 +44.61305582E-03 +129.64825E-06
+63.15000E-06 -22.92463187E-03 -352.76380E-06
+63.16500E-06 -56.69347569E-03 -352.76380E-06
+63.18000E-06 -22.92463183E-03 -352.76380E-06
+63.19500E-06 -22.92463183E-03 -352.76380E-06
+63.21000E-06 -56.69347572E-03 -352.76380E-06
+63.22500E-06 -56.69347569E-03 +129.64825E-06
+63.24000E-06 +10.84421199E-03 +129.64825E-06
+63.25500E-06 -22.92463183E-03 -352.76380E-06
+63.27000E-06 -56.69347569E-03 -352.76380E-06
+63.28500E-06 -22.92463183E-03 +129.64825E-06
+63.30000E-06 -22.92463183E-03 -352.76380E-06
+63.31500E-06 -22.92463180E-03 -352.76380E-06
+63.33000E-06 -22.92463186E-03 -352.76380E-06
+63.34500E-06 -56.69347569E-03 -352.76380E-06
+63.36000E-06 -22.92463183E-03 -352.76380E-06
+63.37500E-06 -22.92463183E-03 -352.76380E-06
+63.39000E-06 -22.92463186E-03 -835.17586E-06
+63.40500E-06 -22.92463183E-03 +129.64825E-06
+63.42000E-06 -22.92463181E-03 +129.64825E-06
+63.43500E-06 -22.92463183E-03 -352.76380E-06
+63.45000E-06 -56.69347569E-03 -835.17586E-06
+63.46500E-06 -22.92463183E-03 -352.76380E-06
+63.48000E-06 -22.92463183E-03 -352.76380E-06
+63.49500E-06 -56.69347567E-03 -835.17586E-06
+63.51000E-06 -22.92463183E-03 -835.17586E-06
+63.52500E-06 -22.92463183E-03 -352.76380E-06
+63.54000E-06 -22.92463183E-03 +612.06031E-06
+63.55500E-06 -22.92463186E-03 +129.64825E-06
+63.57000E-06 -22.92463186E-03 -352.76380E-06
+63.58500E-06 -22.92463183E-03 -352.76380E-06
+63.60000E-06 -22.92463181E-03 -352.76380E-06
+63.61500E-06 -22.92463183E-03 -352.76380E-06
+63.63000E-06 -22.92463183E-03 -835.17586E-06
+63.64500E-06 -22.92463186E-03 -835.17586E-06
+63.66000E-06 -22.92463183E-03 -835.17586E-06
+63.67500E-06 -22.92463186E-03 -352.76380E-06
+63.69000E-06 -22.92463183E-03 -352.76380E-06
+63.70500E-06 -22.92463183E-03 -352.76380E-06
+63.72000E-06 -22.92463186E-03 +129.64825E-06
+63.73500E-06 -22.92463186E-03 -352.76380E-06
+63.75000E-06 -22.92463183E-03 -1.31758791E-03
+63.76500E-06 -22.92463183E-03 -352.76380E-06
+63.78000E-06 -22.92463186E-03 -835.17586E-06
+63.79500E-06 -56.69347569E-03 -352.76380E-06
+63.81000E-06 -22.92463183E-03 -352.76380E-06
+63.82500E-06 -22.92463183E-03 -352.76380E-06
+63.84000E-06 -22.92463183E-03 +129.64825E-06
+63.85500E-06 -22.92463183E-03 -352.76380E-06
+63.87000E-06 -22.92463183E-03 -835.17586E-06
+63.88500E-06 -22.92463183E-03 -352.76380E-06
+63.90000E-06 -22.92463183E-03 -352.76380E-06
+63.91500E-06 -22.92463186E-03 -352.76380E-06
+63.93000E-06 -22.92463186E-03 -352.76380E-06
+63.94500E-06 -22.92463183E-03 -352.76380E-06
+63.96000E-06 -22.92463183E-03 +129.64825E-06
+63.97500E-06 -22.92463183E-03 -352.76380E-06
+63.99000E-06 -22.92463185E-03 -835.17586E-06
+64.00500E-06 -22.92463183E-03 -352.76380E-06
+64.02000E-06 -22.92463183E-03 +129.64825E-06
+64.03500E-06 -22.92463183E-03 +612.06031E-06
+64.05000E-06 +10.84421201E-03 -352.76380E-06
+64.06500E-06 -56.69347565E-03 -352.76380E-06
+64.08000E-06 -22.92463183E-03 +129.64825E-06
+64.09500E-06 -56.69347569E-03 +129.64825E-06
+64.11000E-06 -56.69347567E-03 -352.76380E-06
+64.12500E-06 -22.92463183E-03 -352.76380E-06
+64.14000E-06 -22.92463185E-03 +129.64825E-06
+64.15500E-06 -22.92463183E-03 -352.76380E-06
+64.17000E-06 -22.92463183E-03 -352.76380E-06
+64.18500E-06 -56.69347568E-03 -352.76380E-06
+64.20000E-06 -22.92463183E-03 -352.76380E-06
+64.21500E-06 -22.92463182E-03 -352.76380E-06
+64.23000E-06 -22.92463183E-03 -835.17586E-06
+64.24500E-06 -22.92463185E-03 -352.76380E-06
+64.26000E-06 -22.92463183E-03 +129.64825E-06
+64.27500E-06 -22.92463183E-03 -352.76380E-06
+64.29000E-06 -22.92463183E-03 -352.76380E-06
+64.30500E-06 -22.92463183E-03 +129.64825E-06
+64.32000E-06 -22.92463183E-03 +129.64825E-06
+64.33500E-06 -22.92463183E-03 -835.17586E-06
+64.35000E-06 -56.69347568E-03 -352.76380E-06
+64.36500E-06 -56.69347569E-03 -352.76380E-06
+64.38000E-06 -22.92463183E-03 -835.17586E-06
+64.39500E-06 -22.92463182E-03 -352.76380E-06
+64.41000E-06 +10.84421199E-03 +129.64825E-06
+64.42500E-06 -56.69347568E-03 +129.64825E-06
+64.44000E-06 -22.92463182E-03 -352.76380E-06
+64.45500E-06 -22.92463183E-03 +129.64825E-06
+64.47000E-06 -22.92463183E-03 -352.76380E-06
+64.48500E-06 -22.92463183E-03 -352.76380E-06
