x-axis 1 2
second Volt Volt
+23.90000E-06  
+23.92500E-06 -161.80904023E-03 +1.68844219E-03
+23.95000E-06 -184.92461741E-03 +0.0E+00
+23.97500E-06 -92.46230870E-03 -1.68844219E-03
+24.00000E-06 -92.46230870E-03 -2.81407032E-03
+24.02500E-06 -92.46230870E-03 +0.0E+00
+24.05000E-06 -161.80904023E-03 +0.0E+00
+24.07500E-06 -92.46230870E-03 +0.0E+00
+24.10000E-06 -92.46230870E-03 -1.68844219E-03
+24.12500E-06 -161.80904023E-03 +0.0E+00
+24.15000E-06 -115.57788588E-03 +0.0E+00
+24.17500E-06 -92.46230870E-03 -1.68844219E-03
+24.20000E-06 -92.46230870E-03 -1.68844219E-03
+24.22500E-06 -161.80904023E-03 -562.81406E-06
+24.25000E-06 -92.46230870E-03 +0.0E+00
+24.27500E-06 -115.57788588E-03 +0.0E+00
+24.30000E-06 -161.80904023E-03 -1.12562813E-03
+24.32500E-06 -92.46230870E-03 -562.81406E-06
+24.35000E-06 -92.46230870E-03 +0.0E+00
+24.37500E-06 -92.46230870E-03 +0.0E+00
+24.40000E-06 -92.46230870E-03 +0.0E+00
+24.42500E-06 -92.46230870E-03 -562.81406E-06
+24.45000E-06 -92.46230870E-03 +0.0E+00
+24.47500E-06 -92.46230870E-03 +0.0E+00
+24.50000E-06 -92.46230870E-03 +0.0E+00
+24.52500E-06 -115.57788588E-03 +0.0E+00
+24.55000E-06 -92.46230870E-03 +0.0E+00
+24.57500E-06 -92.46230870E-03 -1.68844219E-03
+24.60000E-06 -69.34673153E-03 -2.25125626E-03
+24.62500E-06 -92.46230870E-03 +0.0E+00
+24.65000E-06 -92.46230870E-03 +0.0E+00
+24.67500E-06 -115.57788588E-03 +0.0E+00
+24.70000E-06 -92.46230870E-03 -1.68844219E-03
+24.72500E-06 -92.46230870E-03 -562.81406E-06
+24.75000E-06 -115.57788588E-03 -1.68844219E-03
+24.77500E-06 -115.57788588E-03 -2.25125626E-03
+24.80000E-06 -69.34673153E-03 +0.0E+00
+24.82500E-06 -92.46230870E-03 +0.0E+00
+24.85000E-06 -161.80904024E-03 +0.0E+00
+24.87500E-06 -115.57788588E-03 +1.68844219E-03
+24.90000E-06 -92.46230870E-03 +0.0E+00
+24.92500E-06 -92.46230870E-03 +0.0E+00
+24.95000E-06 -92.46230870E-03 +0.0E+00
+24.97500E-06 -92.46230870E-03 -1.68844219E-03
+25.00000E-06 -92.46230870E-03 +0.0E+00
+25.02500E-06 -92.46230870E-03 +0.0E+00
+25.05000E-06 -92.46230870E-03 +0.0E+00
+25.07500E-06 -92.46230870E-03 +0.0E+00
+25.10000E-06 -161.80904024E-03 +0.0E+00
+25.12500E-06 -92.46230870E-03 +0.0E+00
+25.15000E-06 -92.46230870E-03 +0.0E+00
+25.17500E-06 -92.46230870E-03 -1.68844219E-03
+25.20000E-06 -92.46230870E-03 -562.81406E-06
+25.22500E-06 -161.80904024E-03 +0.0E+00
+25.25000E-06 -184.92461741E-03 +0.0E+00
+25.27500E-06 -92.46230870E-03 +0.0E+00
+25.30000E-06 -92.46230870E-03 -1.12562813E-03
+25.32500E-06 -92.46230870E-03 +1.68844219E-03
+25.35000E-06 -92.46230870E-03 +0.0E+00
+25.37500E-06 -92.46230870E-03 -3.93969845E-03
+25.40000E-06 -92.46230870E-03 -2.81407032E-03
+25.42500E-06 -92.46230870E-03 +0.0E+00
+25.45000E-06 -92.46230870E-03 +0.0E+00
+25.47500E-06 -115.57788588E-03 -1.68844219E-03
+25.50000E-06 -92.46230870E-03 -1.68844219E-03
+25.52500E-06 -161.80904024E-03 +1.68844219E-03
+25.55000E-06 -23.11557717E-03 -2.25125626E-03
+25.57500E-06 -92.46230870E-03 -1.68844219E-03
+25.60000E-06 -92.46230870E-03 -562.81406E-06
+25.62500E-06 -92.46230870E-03 -562.81406E-06
+25.65000E-06 -161.80904024E-03 +0.0E+00
+25.67500E-06 -115.57788588E-03 +0.0E+00
+25.70000E-06 -92.46230870E-03 -1.12562813E-03
+25.72500E-06 -92.46230870E-03 -562.81406E-06
+25.75000E-06 -161.80904024E-03 +0.0E+00
+25.77500E-06 -92.46230870E-03 +0.0E+00
+25.80000E-06 -23.11557717E-03 -562.81406E-06
+25.82500E-06 -92.46230870E-03 +562.81406E-06
+25.85000E-06 -161.80904024E-03 +562.81406E-06
+25.87500E-06 -115.57788588E-03 +0.0E+00
+25.90000E-06 -92.46230870E-03 +1.68844219E-03
+25.92500E-06 -184.92461741E-03 +0.0E+00
+25.95000E-06 -115.57788588E-03 +0.0E+00
+25.97500E-06 -92.46230870E-03 -2.25125626E-03
+26.00000E-06 -23.11557717E-03 -562.81406E-06
+26.02500E-06 -92.46230870E-03 -562.81406E-06
+26.05000E-06 -92.46230870E-03 +0.0E+00
+26.07500E-06 -92.46230870E-03 +0.0E+00
+26.10000E-06 -92.46230870E-03 -2.25125626E-03
+26.12500E-06 -92.46230870E-03 -562.81406E-06
+26.15000E-06 -92.46230870E-03 +1.68844219E-03
+26.17500E-06 -69.34673153E-03 -1.68844219E-03
+26.20000E-06 -92.46230870E-03 +1.12562813E-03
+26.22500E-06 -92.46230870E-03 -562.81406E-06
+26.25000E-06 -138.69346307E-03 +0.0E+00
+26.27500E-06 -138.69346305E-03 -1.68844219E-03
+26.30000E-06 -92.46230870E-03 +0.0E+00
+26.32500E-06 -23.11557717E-03 +0.0E+00
+26.35000E-06 +0.0E+00 +0.0E+00
+26.37500E-06 -115.57788588E-03 -1.68844219E-03
+26.40000E-06 -92.46230870E-03 -562.81406E-06
+26.42500E-06 -184.92461741E-03 -562.81406E-06
+26.45000E-06 -161.80904024E-03 -1.68844219E-03
+26.47500E-06 -46.23115434E-03 -1.68844219E-03
+26.50000E-06 -161.80904024E-03 +0.0E+00
+26.52500E-06 -115.57788588E-03 -562.81406E-06
+26.55000E-06 -184.92461741E-03 -1.68844219E-03
+26.57500E-06 -92.46230870E-03 -3.37688439E-03
+26.60000E-06 -92.46230870E-03 -2.25125626E-03
+26.62500E-06 -92.46230870E-03 -2.25125626E-03
+26.65000E-06 -161.80904024E-03 +0.0E+00
+26.67500E-06 -115.57788588E-03 -1.68844219E-03
+26.70000E-06 -92.46230870E-03 +0.0E+00
+26.72500E-06 -115.57788588E-03 +0.0E+00
+26.75000E-06 -115.57788588E-03 -1.68844219E-03
+26.77500E-06 -115.57788588E-03 -1.68844219E-03
+26.80000E-06 -92.46230870E-03 +0.0E+00
+26.82500E-06 -92.46230870E-03 +0.0E+00
+26.85000E-06 -92.46230870E-03 +0.0E+00
+26.87500E-06 -69.34673154E-03 +0.0E+00
+26.90000E-06 -92.46230870E-03 -1.68844219E-03
+26.92500E-06 -92.46230870E-03 -562.81406E-06
+26.95000E-06 -92.46230870E-03 +0.0E+00
+26.97500E-06 -184.92461741E-03 +0.0E+00
+27.00000E-06 -92.46230870E-03 +0.0E+00
+27.02500E-06 -92.46230870E-03 +0.0E+00
+27.05000E-06 -161.80904024E-03 +0.0E+00
+27.07500E-06 -115.57788587E-03 +0.0E+00
+27.10000E-06 -69.34673154E-03 +0.0E+00
+27.12500E-06 -92.46230870E-03 -562.81406E-06
+27.15000E-06 -115.57788587E-03 +0.0E+00
+27.17500E-06 -115.57788587E-03 -2.25125626E-03
+27.20000E-06 -115.57788587E-03 -562.81406E-06
+27.22500E-06 -115.57788587E-03 +0.0E+00
+27.25000E-06 -161.80904024E-03 +0.0E+00
+27.27500E-06 -115.57788587E-03 +0.0E+00
+27.30000E-06 -161.80904024E-03 -1.68844219E-03
+27.32500E-06 -161.80904024E-03 -562.81406E-06
+27.35000E-06 -92.46230870E-03 +0.0E+00
+27.37500E-06 -92.46230870E-03 -1.68844219E-03
+27.40000E-06 -115.57788587E-03 +0.0E+00
+27.42500E-06 -92.46230870E-03 +0.0E+00
+27.45000E-06 -184.92461741E-03 +0.0E+00
+27.47500E-06 -92.46230870E-03 -2.25125626E-03
+27.50000E-06 -92.46230870E-03 -1.68844219E-03
+27.52500E-06 -161.80904024E-03 -562.81406E-06
+27.55000E-06 -115.57788587E-03 -562.81406E-06
+27.57500E-06 -161.80904024E-03 -1.68844219E-03
+27.60000E-06 -69.34673154E-03 -562.81406E-06
+27.62500E-06 -92.46230870E-03 +0.0E+00
+27.65000E-06 -161.80904024E-03 +0.0E+00
+27.67500E-06 -115.57788587E-03 +0.0E+00
+27.70000E-06 -69.34673154E-03 +0.0E+00
+27.72500E-06 -92.46230870E-03 +0.0E+00
+27.75000E-06 -92.46230870E-03 +0.0E+00
+27.77500E-06 -23.11557717E-03 -1.68844219E-03
+27.80000E-06 -161.80904024E-03 -562.81406E-06
+27.82500E-06 -92.46230870E-03 +0.0E+00
+27.85000E-06 -161.80904024E-03 +0.0E+00
+27.87500E-06 -115.57788587E-03 +0.0E+00
+27.90000E-06 -92.46230870E-03 +0.0E+00
+27.92500E-06 -92.46230870E-03 -562.81406E-06
+27.95000E-06 -92.46230870E-03 +1.68844219E-03
+27.97500E-06 -92.46230870E-03 -1.68844219E-03
+28.00000E-06 -161.80904024E-03 -562.81406E-06
+28.02500E-06 -92.46230870E-03 +0.0E+00
+28.05000E-06 -161.80904024E-03 +1.68844219E-03
+28.07500E-06 -115.57788587E-03 +562.81406E-06
+28.10000E-06 -92.46230870E-03 +0.0E+00
+28.12500E-06 -92.46230870E-03 -562.81406E-06
+28.15000E-06 -23.11557717E-03 +0.0E+00
+28.17500E-06 -115.57788587E-03 +0.0E+00
+28.20000E-06 -92.46230870E-03 +1.12562813E-03
+28.22500E-06 -161.80904024E-03 +0.0E+00
+28.25000E-06 -161.80904024E-03 +0.0E+00
+28.27500E-06 -92.46230870E-03 -2.25125626E-03
+28.30000E-06 -161.80904024E-03 -562.81406E-06
+28.32500E-06 -92.46230870E-03 -562.81406E-06
+28.35000E-06 -92.46230870E-03 -1.68844219E-03
+28.37500E-06 -92.46230870E-03 -2.25125626E-03
+28.40000E-06 -115.57788587E-03 -562.81406E-06
+28.42500E-06 -92.46230870E-03 +0.0E+00
+28.45000E-06 -161.80904024E-03 +0.0E+00
+28.47500E-06 -115.57788587E-03 +0.0E+00
+28.50000E-06 -92.46230870E-03 +0.0E+00
+28.52500E-06 -161.80904024E-03 -562.81406E-06
+28.55000E-06 -115.57788587E-03 -1.68844219E-03
+28.57500E-06 -92.46230870E-03 -1.68844219E-03
+28.60000E-06 -92.46230870E-03 -562.81406E-06
+28.62500E-06 -92.46230870E-03 -562.81406E-06
+28.65000E-06 -161.80904024E-03 -1.12562813E-03
+28.67500E-06 -115.57788587E-03 +562.81406E-06
+28.70000E-06 -161.80904024E-03 +0.0E+00
+28.72500E-06 -184.92461741E-03 -562.81406E-06
+28.75000E-06 -23.11557717E-03 +0.0E+00
+28.77500E-06 -92.46230870E-03 -1.68844219E-03
+28.80000E-06 -161.80904024E-03 -562.81406E-06
+28.82500E-06 -92.46230870E-03 +0.0E+00
+28.85000E-06 -92.46230870E-03 +2.25125626E-03
+28.87500E-06 -115.57788587E-03 +0.0E+00
+28.90000E-06 -92.46230870E-03 +0.0E+00
+28.92500E-06 -92.46230870E-03 -562.81406E-06
+28.95000E-06 -92.46230870E-03 +0.0E+00
+28.97500E-06 -92.46230870E-03 -1.68844219E-03
+29.00000E-06 -92.46230870E-03 -2.25125626E-03
+29.02500E-06 -184.92461741E-03 +0.0E+00
+29.05000E-06 -115.57788587E-03 -1.68844219E-03
+29.07500E-06 -115.57788587E-03 +0.0E+00
+29.10000E-06 -115.57788587E-03 -562.81406E-06
+29.12500E-06 -184.92461741E-03 +0.0E+00
+29.15000E-06 -115.57788587E-03 +0.0E+00
+29.17500E-06 -92.46230870E-03 -1.68844219E-03
+29.20000E-06 -161.80904024E-03 -562.81406E-06
+29.22500E-06 -92.46230870E-03 +0.0E+00
+29.25000E-06 -161.80904025E-03 +0.0E+00
+29.27500E-06 -115.57788587E-03 -1.68844219E-03
+29.30000E-06 -184.92461741E-03 -562.81406E-06
+29.32500E-06 -161.80904025E-03 -562.81406E-06
+29.35000E-06 -92.46230870E-03 -1.68844219E-03
+29.37500E-06 -92.46230870E-03 -1.68844219E-03
+29.40000E-06 -92.46230870E-03 +1.12562813E-03
+29.42500E-06 -92.46230870E-03 -562.81406E-06
+29.45000E-06 -161.80904025E-03 -1.68844219E-03
+29.47500E-06 -115.57788587E-03 -1.68844219E-03
+29.50000E-06 -92.46230870E-03 +0.0E+00
+29.52500E-06 -184.92461741E-03 -562.81406E-06
+29.55000E-06 -115.57788587E-03 +0.0E+00
+29.57500E-06 -92.46230870E-03 -1.68844219E-03
+29.60000E-06 -69.34673154E-03 -2.25125626E-03
+29.62500E-06 -92.46230870E-03 +0.0E+00
+29.65000E-06 -184.92461741E-03 -1.68844219E-03
+29.67500E-06 -115.57788587E-03 -1.68844219E-03
+29.70000E-06 -69.34673154E-03 +0.0E+00
+29.72500E-06 -115.57788587E-03 -562.81406E-06
+29.75000E-06 -92.46230870E-03 +0.0E+00
+29.77500E-06 -92.46230870E-03 +562.81406E-06
+29.80000E-06 -115.57788587E-03 -562.81406E-06
+29.82500E-06 -92.46230870E-03 -1.68844219E-03
+29.85000E-06 -184.92461741E-03 +0.0E+00
+29.87500E-06 -115.57788587E-03 +0.0E+00
+29.90000E-06 -92.46230870E-03 -1.68844219E-03
+29.92500E-06 -92.46230870E-03 -1.68844219E-03
+29.95000E-06 -92.46230870E-03 +562.81406E-06
+29.97500E-06 -161.80904025E-03 +0.0E+00
+30.00000E-06 -115.57788587E-03 -562.81406E-06
+30.02500E-06 -92.46230870E-03 -562.81406E-06
+30.05000E-06 -161.80904025E-03 +0.0E+00
+30.07500E-06 -138.69346303E-03 -1.68844219E-03
+30.10000E-06 -92.46230870E-03 +0.0E+00
+30.12500E-06 -161.80904025E-03 +0.0E+00
+30.15000E-06 -92.46230870E-03 +0.0E+00
+30.17500E-06 -92.46230870E-03 -1.68844219E-03
+30.20000E-06 -184.92461741E-03 +1.12562813E-03
+30.22500E-06 -92.46230870E-03 +0.0E+00
+30.25000E-06 -115.57788587E-03 +0.0E+00
+30.27500E-06 -115.57788587E-03 +0.0E+00
+30.30000E-06 -115.57788587E-03 -1.68844219E-03
+30.32500E-06 -92.46230870E-03 +0.0E+00
+30.35000E-06 -115.57788587E-03 +0.0E+00
+30.37500E-06 -92.46230870E-03 -1.68844219E-03
+30.40000E-06 -115.57788587E-03 +0.0E+00
+30.42500E-06 -92.46230870E-03 -562.81406E-06
+30.45000E-06 -161.80904025E-03 +0.0E+00
+30.47500E-06 -92.46230870E-03 +0.0E+00
+30.50000E-06 -92.46230870E-03 +0.0E+00
+30.52500E-06 -115.57788587E-03 +0.0E+00
+30.55000E-06 -69.34673154E-03 +0.0E+00
+30.57500E-06 -69.34673154E-03 -1.12562813E-03
+30.60000E-06 -161.80904025E-03 -2.25125626E-03
+30.62500E-06 -161.80904025E-03 +0.0E+00
+30.65000E-06 -231.15577179E-03 -1.68844219E-03
+30.67500E-06 -115.57788587E-03 +0.0E+00
+30.70000E-06 -161.80904025E-03 +0.0E+00
+30.72500E-06 -92.46230870E-03 +1.68844219E-03
+30.75000E-06 -184.92461741E-03 +0.0E+00
+30.77500E-06 -92.46230870E-03 +0.0E+00
+30.80000E-06 -92.46230870E-03 -562.81406E-06
+30.82500E-06 -115.57788587E-03 +0.0E+00
+30.85000E-06 -92.46230870E-03 +0.0E+00
+30.87500E-06 -115.57788587E-03 +0.0E+00
+30.90000E-06 -92.46230870E-03 +562.81406E-06
+30.92500E-06 -115.57788587E-03 +0.0E+00
+30.95000E-06 -92.46230870E-03 +0.0E+00
+30.97500E-06 -92.46230870E-03 -1.68844219E-03
+31.00000E-06 -115.57788587E-03 -2.25125626E-03
+31.02500E-06 -161.80904025E-03 +0.0E+00
+31.05000E-06 -161.80904025E-03 -1.68844219E-03
+31.07500E-06 -115.57788587E-03 +0.0E+00
+31.10000E-06 -161.80904025E-03 +0.0E+00
+31.12500E-06 -184.92461741E-03 +0.0E+00
+31.15000E-06 -161.80904025E-03 +0.0E+00
+31.17500E-06 -92.46230870E-03 +562.81406E-06
+31.20000E-06 +0.0E+00 +0.0E+00
+31.22500E-06 -161.80904025E-03 -562.81406E-06
+31.25000E-06 -92.46230870E-03 +0.0E+00
+31.27500E-06 -92.46230870E-03 +0.0E+00
+31.30000E-06 -92.46230870E-03 -2.25125626E-03
+31.32500E-06 -184.92461741E-03 -1.68844219E-03
+31.35000E-06 -115.57788586E-03 -1.68844219E-03
+31.37500E-06 -115.57788586E-03 -1.68844219E-03
+31.40000E-06 -92.46230870E-03 -562.81406E-06
+31.42500E-06 -92.46230870E-03 +0.0E+00
+31.45000E-06 -161.80904025E-03 +0.0E+00
+31.47500E-06 -115.57788586E-03 -1.68844219E-03
+31.50000E-06 -92.46230870E-03 +0.0E+00
+31.52500E-06 -92.46230870E-03 +0.0E+00
+31.55000E-06 -115.57788586E-03 +0.0E+00
+31.57500E-06 -92.46230870E-03 -1.68844219E-03
+31.60000E-06 -115.57788586E-03 +0.0E+00
+31.62500E-06 -92.46230870E-03 -562.81406E-06
+31.65000E-06 -161.80904025E-03 +2.25125626E-03
+31.67500E-06 -115.57788586E-03 +0.0E+00
+31.70000E-06 -115.57788586E-03 +0.0E+00
+31.72500E-06 -115.57788586E-03 -562.81406E-06
+31.75000E-06 -92.46230870E-03 +0.0E+00
+31.77500E-06 -92.46230870E-03 -1.68844219E-03
+31.80000E-06 -115.57788586E-03 -562.81406E-06
+31.82500E-06 -92.46230870E-03 +562.81406E-06
+31.85000E-06 -92.46230870E-03 +0.0E+00
+31.87500E-06 -115.57788586E-03 -1.68844219E-03
+31.90000E-06 -161.80904025E-03 +0.0E+00
+31.92500E-06 -161.80904025E-03 -562.81406E-06
+31.95000E-06 -92.46230870E-03 +0.0E+00
+31.97500E-06 -92.46230870E-03 -3.37688439E-03
+32.00000E-06 -161.80904025E-03 -562.81406E-06
+32.02500E-06 -92.46230870E-03 +0.0E+00
+32.05000E-06 -161.80904025E-03 +0.0E+00
+32.07500E-06 -23.11557716E-03 -1.68844219E-03
+32.10000E-06 -69.34673155E-03 -1.68844219E-03
+32.12500E-06 -92.46230870E-03 +0.0E+00
+32.15000E-06 -23.11557716E-03 +0.0E+00
+32.17500E-06 -92.46230870E-03 -1.12562813E-03
+32.20000E-06 -92.46230870E-03 -562.81406E-06
+32.22500E-06 -92.46230870E-03 +0.0E+00
+32.25000E-06 -92.46230870E-03 +0.0E+00
+32.27500E-06 -92.46230870E-03 -562.81406E-06
+32.30000E-06 -69.34673155E-03 +0.0E+00
+32.32500E-06 -161.80904025E-03 -562.81406E-06
+32.35000E-06 -92.46230870E-03 +562.81406E-06
+32.37500E-06 -115.57788586E-03 -1.68844219E-03
+32.40000E-06 -161.80904025E-03 -1.68844219E-03
+32.42500E-06 -161.80904025E-03 +0.0E+00
+32.45000E-06 -161.80904025E-03 -562.81406E-06
+32.47500E-06 -115.57788586E-03 +0.0E+00
+32.50000E-06 -92.46230870E-03 +0.0E+00
+32.52500E-06 -161.80904025E-03 -562.81406E-06
+32.55000E-06 -92.46230870E-03 +0.0E+00
+32.57500E-06 -69.34673155E-03 -1.68844219E-03
+32.60000E-06 -92.46230870E-03 -2.25125626E-03
+32.62500E-06 -92.46230870E-03 -562.81406E-06
+32.65000E-06 -69.34673155E-03 +0.0E+00
+32.67500E-06 -115.57788586E-03 -562.81406E-06
+32.70000E-06 -69.34673155E-03 -2.25125626E-03
+32.72500E-06 -92.46230870E-03 +0.0E+00
+32.75000E-06 -92.46230870E-03 -1.68844219E-03
+32.77500E-06 -92.46230870E-03 +0.0E+00
+32.80000E-06 -92.46230870E-03 -562.81406E-06
+32.82500E-06 -92.46230870E-03 -562.81406E-06
+32.85000E-06 -184.92461741E-03 +0.0E+00
+32.87500E-06 -92.46230870E-03 +0.0E+00
+32.90000E-06 -92.46230870E-03 -2.25125626E-03
+32.92500E-06 -161.80904025E-03 -562.81406E-06
+32.95000E-06 -92.46230870E-03 +0.0E+00
+32.97500E-06 -115.57788586E-03 +0.0E+00
+33.00000E-06 -115.57788586E-03 -562.81406E-06
+33.02500E-06 -92.46230870E-03 +1.68844219E-03
+33.05000E-06 -92.46230870E-03 -3.37688439E-03
+33.07500E-06 -115.57788586E-03 +0.0E+00
+33.10000E-06 -92.46230870E-03 +0.0E+00
+33.12500E-06 -92.46230870E-03 -562.81406E-06
+33.15000E-06 -92.46230870E-03 -1.68844219E-03
+33.17500E-06 -184.92461741E-03 -1.68844219E-03
+33.20000E-06 -92.46230870E-03 -2.25125626E-03
+33.22500E-06 -184.92461741E-03 -562.81406E-06
+33.25000E-06 -184.92461741E-03 -562.81406E-06
+33.27500E-06 -115.57788586E-03 +0.0E+00
+33.30000E-06 -92.46230870E-03 -1.68844219E-03
+33.32500E-06 -115.57788586E-03 -2.81407032E-03
+33.35000E-06 -92.46230870E-03 +562.81406E-06
+33.37500E-06 -92.46230870E-03 -1.68844219E-03
+33.40000E-06 -92.46230870E-03 -562.81406E-06
+33.42500E-06 -92.46230870E-03 +0.0E+00
+33.45000E-06 -161.80904025E-03 +0.0E+00
+33.47500E-06 -46.23115431E-03 +0.0E+00
+33.50000E-06 -92.46230870E-03 +0.0E+00
+33.52500E-06 -92.46230870E-03 -562.81406E-06
+33.55000E-06 -23.11557715E-03 +0.0E+00
+33.57500E-06 -161.80904025E-03 -1.68844219E-03
+33.60000E-06 -23.11557715E-03 -562.81406E-06
+33.62500E-06 -92.46230870E-03 +0.0E+00
+33.65000E-06 -161.80904026E-03 +0.0E+00
+33.67500E-06 -115.57788586E-03 +0.0E+00
+33.70000E-06 -69.34673155E-03 +0.0E+00
+33.72500E-06 -161.80904026E-03 -562.81406E-06
+33.75000E-06 -184.92461741E-03 -1.68844219E-03
+33.77500E-06 -161.80904026E-03 -1.68844219E-03
+33.80000E-06 -161.80904026E-03 -562.81406E-06
+33.82500E-06 -92.46230870E-03 +0.0E+00
+33.85000E-06 -184.92461741E-03 +562.81406E-06
+33.87500E-06 -92.46230870E-03 +0.0E+00
+33.90000E-06 -92.46230870E-03 -1.68844219E-03
+33.92500E-06 -92.46230870E-03 +0.0E+00
+33.95000E-06 -92.46230870E-03 -1.68844219E-03
+33.97500E-06 -69.34673155E-03 -1.68844219E-03
+34.00000E-06 -92.46230870E-03 -562.81406E-06
+34.02500E-06 -92.46230870E-03 +0.0E+00
+34.05000E-06 -184.92461741E-03 -1.68844219E-03
+34.07500E-06 -115.57788586E-03 +0.0E+00
+34.10000E-06 -69.34673155E-03 -1.68844219E-03
+34.12500E-06 -184.92461741E-03 +1.68844219E-03
+34.15000E-06 -115.57788586E-03 +0.0E+00
+34.17500E-06 -92.46230870E-03 -2.25125626E-03
+34.20000E-06 -184.92461741E-03 +0.0E+00
+34.22500E-06 -161.80904026E-03 +1.68844219E-03
+34.25000E-06 -161.80904026E-03 +0.0E+00
+34.27500E-06 -115.57788586E-03 -562.81406E-06
+34.30000E-06 -161.80904026E-03 -1.68844219E-03
+34.32500E-06 -92.46230870E-03 +1.12562813E-03
+34.35000E-06 -92.46230870E-03 -1.68844219E-03
+34.37500E-06 -92.46230870E-03 -1.68844219E-03
+34.40000E-06 -92.46230870E-03 -562.81406E-06
+34.42500E-06 -161.80904026E-03 -562.81406E-06
+34.45000E-06 -161.80904026E-03 +0.0E+00
+34.47500E-06 -92.46230870E-03 +0.0E+00
+34.50000E-06 -92.46230870E-03 -1.68844219E-03
+34.52500E-06 -92.46230870E-03 -562.81406E-06
+34.55000E-06 -184.92461741E-03 +0.0E+00
+34.57500E-06 -115.57788586E-03 -1.68844219E-03
+34.60000E-06 -254.27134896E-03 -562.81406E-06
+34.62500E-06 -92.46230870E-03 +1.68844219E-03
+34.65000E-06 -161.80904026E-03 +0.0E+00
+34.67500E-06 -115.57788586E-03 +0.0E+00
+34.70000E-06 -92.46230870E-03 -1.68844219E-03
+34.72500E-06 -184.92461741E-03 -562.81406E-06
+34.75000E-06 -92.46230870E-03 -1.68844219E-03
+34.77500E-06 -161.80904026E-03 +0.0E+00
+34.80000E-06 -92.46230870E-03 -2.25125626E-03
+34.82500E-06 -92.46230870E-03 +0.0E+00
+34.85000E-06 -184.92461741E-03 +0.0E+00
+34.87500E-06 -115.57788586E-03 -1.68844219E-03
+34.90000E-06 -161.80904026E-03 +0.0E+00
+34.92500E-06 -115.57788586E-03 -562.81406E-06
+34.95000E-06 -92.46230870E-03 +0.0E+00
+34.97500E-06 -92.46230870E-03 -1.68844219E-03
+35.00000E-06 -69.34673155E-03 -2.25125626E-03
+35.02500E-06 -161.80904026E-03 -562.81406E-06
+35.05000E-06 -161.80904026E-03 +0.0E+00
+35.07500E-06 -92.46230870E-03 +1.68844219E-03
+35.10000E-06 -138.69346311E-03 +0.0E+00
+35.12500E-06 -161.80904026E-03 -1.12562813E-03
+35.15000E-06 -92.46230870E-03 +0.0E+00
+35.17500E-06 -184.92461741E-03 -1.68844219E-03
+35.20000E-06 -92.46230870E-03 -1.68844219E-03
+35.22500E-06 -161.80904026E-03 -1.68844219E-03
+35.25000E-06 -184.92461741E-03 +0.0E+00
+35.27500E-06 -115.57788586E-03 -562.81406E-06
+35.30000E-06 -92.46230870E-03 -562.81406E-06
+35.32500E-06 -92.46230870E-03 +0.0E+00
+35.35000E-06 -92.46230870E-03 +0.0E+00
+35.37500E-06 -23.11557715E-03 -1.68844219E-03
+35.40000E-06 -92.46230870E-03 -562.81406E-06
+35.42500E-06 -92.46230870E-03 +0.0E+00
+35.45000E-06 -184.92461741E-03 +0.0E+00
+35.47500E-06 -23.11557715E-03 +0.0E+00
+35.50000E-06 -92.46230870E-03 -1.68844219E-03
+35.52500E-06 -115.57788586E-03 +0.0E+00
+35.55000E-06 -92.46230870E-03 +0.0E+00
+35.57500E-06 -115.57788586E-03 -1.68844219E-03
+35.60000E-06 -92.46230870E-03 -562.81406E-06
+35.62500E-06 -92.46230870E-03 +0.0E+00
+35.65000E-06 -161.80904026E-03 +562.81406E-06
+35.67500E-06 -115.57788585E-03 -1.68844219E-03
+35.70000E-06 -184.92461741E-03 -1.68844219E-03
+35.72500E-06 -92.46230870E-03 +0.0E+00
+35.75000E-06 -92.46230870E-03 +0.0E+00
+35.77500E-06 -161.80904026E-03 -1.68844219E-03
+35.80000E-06 -92.46230870E-03 -562.81406E-06
+35.82500E-06 -92.46230870E-03 +0.0E+00
+35.85000E-06 -161.80904026E-03 +0.0E+00
+35.87500E-06 -115.57788585E-03 +0.0E+00
+35.90000E-06 -92.46230870E-03 -1.68844219E-03
+35.92500E-06 -184.92461741E-03 -562.81406E-06
+35.95000E-06 -115.57788585E-03 +0.0E+00
+35.97500E-06 -92.46230870E-03 +0.0E+00
+36.00000E-06 -92.46230870E-03 -2.25125626E-03
+36.02500E-06 -92.46230870E-03 +0.0E+00
+36.05000E-06 -92.46230870E-03 +0.0E+00
+36.07500E-06 -23.11557715E-03 +0.0E+00
+36.10000E-06 -92.46230870E-03 -1.68844219E-03
+36.12500E-06 -161.80904026E-03 -1.68844219E-03
+36.15000E-06 -161.80904026E-03 -2.25125626E-03
+36.17500E-06 -161.80904026E-03 -2.25125626E-03
+36.20000E-06 -92.46230870E-03 +0.0E+00
+36.22500E-06 -69.34673156E-03 +0.0E+00
+36.25000E-06 -115.57788585E-03 +0.0E+00
+36.27500E-06 -92.46230870E-03 +562.81406E-06
+36.30000E-06 -69.34673156E-03 -2.25125626E-03
+36.32500E-06 -92.46230870E-03 +0.0E+00
+36.35000E-06 -115.57788585E-03 +0.0E+00
+36.37500E-06 -161.80904026E-03 -2.25125626E-03
+36.40000E-06 -161.80904026E-03 -562.81406E-06
+36.42500E-06 -161.80904026E-03 +0.0E+00
+36.45000E-06 -161.80904026E-03 -1.68844219E-03
+36.47500E-06 -115.57788585E-03 -2.25125626E-03
+36.50000E-06 -23.11557715E-03 +0.0E+00
+36.52500E-06 -115.57788585E-03 +0.0E+00
+36.55000E-06 -184.92461741E-03 +0.0E+00
+36.57500E-06 -92.46230870E-03 -1.68844219E-03
+36.60000E-06 -92.46230870E-03 -2.25125626E-03
+36.62500E-06 -92.46230870E-03 +0.0E+00
+36.65000E-06 -184.92461741E-03 +1.68844219E-03
+36.67500E-06 -115.57788585E-03 +562.81406E-06
+36.70000E-06 -92.46230870E-03 -2.25125626E-03
+36.72500E-06 -161.80904026E-03 +0.0E+00
+36.75000E-06 -92.46230870E-03 -562.81406E-06
+36.77500E-06 -23.11557715E-03 -2.25125626E-03
+36.80000E-06 -92.46230870E-03 -562.81406E-06
+36.82500E-06 -184.92461741E-03 +0.0E+00
+36.85000E-06 -92.46230870E-03 +0.0E+00
+36.87500E-06 -92.46230870E-03 -562.81406E-06
+36.90000E-06 -161.80904026E-03 +0.0E+00
+36.92500E-06 -92.46230870E-03 -562.81406E-06
+36.95000E-06 -92.46230870E-03 -562.81406E-06
+36.97500E-06 -161.80904026E-03 +0.0E+00
+37.00000E-06 -184.92461741E-03 -562.81406E-06
+37.02500E-06 -92.46230870E-03 +0.0E+00
+37.05000E-06 -184.92461741E-03 +0.0E+00
+37.07500E-06 -138.69346300E-03 +0.0E+00
+37.10000E-06 -69.34673156E-03 -1.68844219E-03
+37.12500E-06 -161.80904026E-03 -562.81406E-06
+37.15000E-06 -92.46230870E-03 +0.0E+00
+37.17500E-06 -161.80904026E-03 -1.68844219E-03
+37.20000E-06 -69.34673156E-03 -2.25125626E-03
+37.22500E-06 -92.46230870E-03 +0.0E+00
+37.25000E-06 -184.92461741E-03 +0.0E+00
+37.27500E-06 -46.23115429E-03 +0.0E+00
+37.30000E-06 -92.46230870E-03 +0.0E+00
+37.32500E-06 -184.92461741E-03 +0.0E+00
+37.35000E-06 -184.92461741E-03 -1.68844219E-03
+37.37500E-06 -92.46230870E-03 -2.25125626E-03
+37.40000E-06 -92.46230870E-03 -562.81406E-06
+37.42500E-06 -161.80904026E-03 +0.0E+00
+37.45000E-06 -184.92461741E-03 +0.0E+00
+37.47500E-06 -46.23115429E-03 +0.0E+00
+37.50000E-06 -161.80904026E-03 +562.81406E-06
+37.52500E-06 -92.46230870E-03 -562.81406E-06
+37.55000E-06 -23.11557715E-03 +0.0E+00
+37.57500E-06 -92.46230870E-03 +0.0E+00
+37.60000E-06 -231.15577182E-03 -1.12562813E-03
+37.62500E-06 -92.46230870E-03 +0.0E+00
+37.65000E-06 -92.46230870E-03 +0.0E+00
+37.67500E-06 -208.04019456E-03 +562.81406E-06
+37.70000E-06 -184.92461741E-03 +0.0E+00
+37.72500E-06 -23.11557715E-03 -562.81406E-06
+37.75000E-06 -23.11557715E-03 +562.81406E-06
+37.77500E-06 -115.57788585E-03 -2.25125626E-03
+37.80000E-06 +0.0E+00 -2.25125626E-03
+37.82500E-06 +0.0E+00 +0.0E+00
+37.85000E-06 -231.15577182E-03 +0.0E+00
+37.87500E-06 -184.92461741E-03 +0.0E+00
+37.90000E-06 -23.11557715E-03 -562.81406E-06
+37.92500E-06 -115.57788585E-03 +0.0E+00
+37.95000E-06 -184.92461741E-03 +0.0E+00
+37.97500E-06 -92.46230870E-03 -2.25125626E-03
+38.00000E-06 -69.34673156E-03 -562.81406E-06
+38.02500E-06 -184.92461741E-03 +0.0E+00
+38.05000E-06 -161.80904026E-03 -562.81406E-06
+38.07500E-06 -23.11557714E-03 +562.81406E-06
+38.10000E-06 -92.46230870E-03 +562.81406E-06
+38.12500E-06 -184.92461741E-03 -562.81406E-06
+38.15000E-06 -23.11557714E-03 -1.68844219E-03
+38.17500E-06 +0.0E+00 +0.0E+00
+38.20000E-06 -184.92461741E-03 +0.0E+00
+38.22500E-06 -161.80904027E-03 -562.81406E-06
+38.25000E-06 +0.0E+00 +0.0E+00
+38.27500E-06 -115.57788585E-03 +1.68844219E-03
+38.30000E-06 -254.27134897E-03 -1.68844219E-03
+38.32500E-06 -92.46230870E-03 -562.81406E-06
+38.35000E-06 -23.11557714E-03 +0.0E+00
+38.37500E-06 -184.92461741E-03 -1.68844219E-03
+38.40000E-06 -92.46230870E-03 -2.25125626E-03
+38.42500E-06 +0.0E+00 -562.81406E-06
+38.45000E-06 -184.92461741E-03 +1.68844219E-03
+38.47500E-06 -208.04019455E-03 +0.0E+00
+38.50000E-06 -69.34673156E-03 +0.0E+00
+38.52500E-06 -92.46230870E-03 +0.0E+00
+38.55000E-06 -184.92461741E-03 +0.0E+00
+38.57500E-06 -161.80904027E-03 -2.25125626E-03
+38.60000E-06 +69.34673156E-03 +0.0E+00
+38.62500E-06 -184.92461741E-03 +562.81406E-06
+38.65000E-06 -346.73365768E-03 +0.0E+00
+38.67500E-06 -92.46230870E-03 -1.68844219E-03
+38.70000E-06 +69.34673156E-03 +562.81406E-06
+38.72500E-06 -277.38692611E-03 -562.81406E-06
+38.75000E-06 -92.46230870E-03 -2.25125626E-03
+38.77500E-06 +69.34673156E-03 -3.37688439E-03
+38.80000E-06 -184.92461741E-03 -562.81406E-06
+38.82500E-06 -277.38692611E-03 -562.81406E-06
+38.85000E-06 -92.46230870E-03 -562.81406E-06
+38.87500E-06 -46.23115429E-03 +0.0E+00
+38.90000E-06 -277.38692611E-03 +0.0E+00
+38.92500E-06 -92.46230870E-03 -2.25125626E-03
+38.95000E-06 +0.0E+00 +0.0E+00
+38.97500E-06 -184.92461741E-03 -1.68844219E-03
+39.00000E-06 -277.38692611E-03 -3.93969845E-03
+39.02500E-06 +0.0E+00 -562.81406E-06
+39.05000E-06 -23.11557714E-03 +0.0E+00
+39.07500E-06 -277.38692611E-03 -1.68844219E-03
+39.10000E-06 -92.46230870E-03 -2.25125626E-03
+39.12500E-06 +23.11557714E-03 +0.0E+00
+39.15000E-06 -115.57788585E-03 +2.25125626E-03
+39.17500E-06 -346.73365768E-03 -3.93969845E-03
+39.20000E-06 +92.46230870E-03 -2.25125626E-03
+39.22500E-06 -23.11557714E-03 +2.25125626E-03
+39.25000E-06 -346.73365768E-03 +0.0E+00
+39.27500E-06 -92.46230870E-03 -2.25125626E-03
+39.30000E-06 +92.46230870E-03 +0.0E+00
+39.32500E-06 -184.92461741E-03 +1.68844219E-03
+39.35000E-06 -277.38692611E-03 -2.25125626E-03
+39.37500E-06 +0.0E+00 -1.68844219E-03
+39.40000E-06 -92.46230870E-03 +2.25125626E-03
+39.42500E-06 -300.50250326E-03 -562.81406E-06
+39.45000E-06 -92.46230870E-03 -1.68844219E-03
+39.47500E-06 +92.46230870E-03 +0.0E+00
+39.50000E-06 -208.04019455E-03 +0.0E+00
+39.52500E-06 -346.73365768E-03 -2.25125626E-03
+39.55000E-06 +92.46230870E-03 +0.0E+00
+39.57500E-06 +0.0E+00 +562.81406E-06
+39.60000E-06 -392.96481196E-03 -1.12562813E-03
+39.62500E-06 -92.46230870E-03 -2.25125626E-03
+39.65000E-06 +92.46230870E-03 +2.25125626E-03
+39.67500E-06 -277.38692611E-03 +1.68844219E-03
+39.70000E-06 -277.38692611E-03 -2.25125626E-03
+39.72500E-06 +92.46230870E-03 +0.0E+00
+39.75000E-06 -92.46230870E-03 +2.25125626E-03
+39.77500E-06 -369.84923482E-03 -1.68844219E-03
+39.80000E-06 +0.0E+00 -2.81407032E-03
+39.82500E-06 +115.57788585E-03 +2.25125626E-03
+39.85000E-06 -346.73365768E-03 +2.25125626E-03
+39.87500E-06 -254.27134897E-03 -2.25125626E-03
+39.90000E-06 +184.92461741E-03 -2.25125626E-03
+39.92500E-06 -23.11557714E-03 +3.93969845E-03
+39.95000E-06 -462.31154352E-03 -562.81406E-06
+39.97500E-06 -69.34673156E-03 -3.93969845E-03
+40.00000E-06 +184.92461741E-03 +1.68844219E-03
+40.02500E-06 -300.50250325E-03 +0.0E+00
+40.05000E-06 -323.61808054E-03 -3.37688439E-03
+40.07500E-06 +184.92461741E-03 +0.0E+00
+40.10000E-06 -46.23115428E-03 +2.25125626E-03
+40.12500E-06 -462.31154352E-03 -562.81406E-06
+40.15000E-06 +69.34673156E-03 -2.25125626E-03
+40.17500E-06 +184.92461741E-03 +562.81406E-06
+40.20000E-06 -369.84923482E-03 +1.68844219E-03
+40.22500E-06 -277.38692611E-03 -2.25125626E-03
+40.25000E-06 +277.38692611E-03 +0.0E+00
+40.27500E-06 -115.57788584E-03 +2.25125626E-03
+40.30000E-06 -462.31154352E-03 -3.93969845E-03
+40.32500E-06 +23.11557714E-03 -3.93969845E-03
+40.35000E-06 +161.80904027E-03 +2.81407032E-03
+40.37500E-06 -462.31154352E-03 +0.0E+00
+40.40000E-06 -254.27134898E-03 -4.50251251E-03
+40.42500E-06 +369.84923482E-03 +0.0E+00
+40.45000E-06 -184.92461741E-03 +4.50251251E-03
+40.47500E-06 -554.77385223E-03 -2.25125626E-03
+40.50000E-06 +115.57788584E-03 -4.50251251E-03
+40.52500E-06 +254.27134898E-03 +2.25125626E-03
+40.55000E-06 -485.42712066E-03 +0.0E+00
+40.57500E-06 -184.92461741E-03 -6.19095471E-03
+40.60000E-06 +392.96481196E-03 +0.0E+00
+40.62500E-06 -208.04019455E-03 +3.93969845E-03
+40.65000E-06 -531.65827509E-03 -2.81407032E-03
+40.67500E-06 +208.04019455E-03 -2.25125626E-03
+40.70000E-06 +184.92461741E-03 +2.81407032E-03
+40.72500E-06 -577.88942937E-03 +0.0E+00
+40.75000E-06 -231.15577184E-03 -4.50251251E-03
+40.77500E-06 +369.84923482E-03 +562.81406E-06
+40.80000E-06 -277.38692611E-03 +1.68844219E-03
+40.82500E-06 -554.77385223E-03 -5.06532658E-03
+40.85000E-06 +277.38692611E-03 -1.68844219E-03
+40.87500E-06 +231.15577184E-03 +4.50251251E-03
+40.90000E-06 -601.00500651E-03 +0.0E+00
+40.92500E-06 -254.27134898E-03 -4.50251251E-03
+40.95000E-06 +439.19596639E-03 +2.25125626E-03
+40.97500E-06 -231.15577169E-03 +2.81407032E-03
+41.00000E-06 -647.23616093E-03 -5.06532658E-03
+41.02500E-06 +208.04019455E-03 -3.93969845E-03
+41.05000E-06 +231.15577184E-03 +6.19095471E-03
+41.07500E-06 -762.81404678E-03 +0.0E+00
+41.10000E-06 -161.80904027E-03 -4.50251251E-03
+41.12500E-06 +462.31154352E-03 +1.68844219E-03
+41.15000E-06 -392.96481196E-03 +4.50251251E-03
+41.17500E-06 -693.46731536E-03 -6.75376877E-03
+41.20000E-06 +323.61808039E-03 -4.50251251E-03
+41.22500E-06 +161.80904027E-03 +6.19095471E-03
+41.25000E-06 -832.16077834E-03 -562.81406E-06
+41.27500E-06 -92.46230870E-03 -6.75376877E-03
+41.30000E-06 +554.77385223E-03 +1.12562813E-03
+41.32500E-06 -416.08038909E-03 +2.25125626E-03
+41.35000E-06 -647.23616093E-03 -5.06532658E-03
+41.37500E-06 +485.42712066E-03 -3.93969845E-03
+41.40000E-06 +161.80904027E-03 +6.19095471E-03
+41.42500E-06 -832.16077834E-03 -2.25125626E-03
+41.45000E-06 -138.69346314E-03 -6.75376877E-03
+41.47500E-06 +554.77385223E-03 +2.81407032E-03
+41.50000E-06 -554.77385223E-03 +3.93969845E-03
+41.52500E-06 -716.58289250E-03 -7.31658284E-03
+41.55000E-06 +554.77385223E-03 -3.93969845E-03
+41.57500E-06 +92.46230870E-03 +5.06532658E-03
+41.60000E-06 -924.62308705E-03 -1.12562813E-03
+41.62500E-06 +0.0E+00 -6.75376877E-03
+41.65000E-06 +647.23616093E-03 +6.75376877E-03
+41.67500E-06 -531.65827493E-03 +4.50251251E-03
+41.70000E-06 -693.46731537E-03 -9.00502503E-03
+41.72500E-06 +624.12058380E-03 +0.0E+00
+41.75000E-06 +115.57788600E-03 +7.31658284E-03
+41.77500E-06 -993.96981862E-03 -3.93969845E-03
+41.80000E-06 +115.57788584E-03 -9.00502503E-03
+41.82500E-06 +624.12058380E-03 +5.06532658E-03
+41.85000E-06 -762.81404678E-03 +4.50251251E-03
+41.87500E-06 -624.12058380E-03 -9.00502503E-03
+41.90000E-06 +670.35173807E-03 -1.68844219E-03
+41.92500E-06 -23.11557714E-03 +9.00502503E-03
+41.95000E-06 -1.10954770446E+00 -2.81407032E-03
+41.97500E-06 +161.80904011E-03 -10.69346722E-03
+42.00000E-06 +716.58289250E-03 +5.06532658E-03
+42.02500E-06 -855.27635548E-03 +3.93969845E-03
+42.05000E-06 -670.35173823E-03 -10.69346722E-03
+42.07500E-06 +832.16077834E-03 -1.12562813E-03
+42.10000E-06 +46.23115443E-03 +9.00502503E-03
+42.12500E-06 -1.17889443603E+00 -5.06532658E-03
+42.15000E-06 +300.50250325E-03 -8.44221097E-03
+42.17500E-06 +832.16077834E-03 +7.31658284E-03
+42.20000E-06 -947.73866418E-03 +3.37688439E-03
+42.22500E-06 -601.00500666E-03 -9.56783909E-03
+42.25000E-06 +947.73866418E-03 +562.81406E-06
+42.27500E-06 -69.34673141E-03 +9.00502503E-03
+42.30000E-06 -1.29447232187E+00 -6.75376877E-03
+42.32500E-06 +416.08038909E-03 -10.69346722E-03
+42.35000E-06 +785.92962407E-03 +9.00502503E-03
+42.37500E-06 -1.13266328159E+00 +2.25125626E-03
+42.40000E-06 -601.00500666E-03 -11.81909535E-03
+42.42500E-06 +1.10954770446E+00 +2.25125626E-03
+42.45000E-06 -254.27134881E-03 +10.69346722E-03
+42.47500E-06 -1.29447232187E+00 -6.75376877E-03
+42.50000E-06 +577.88942936E-03 -8.44221097E-03
+42.52500E-06 +878.39193278E-03 +11.25628129E-03
+42.55000E-06 -1.15577885873E+00 +3.93969845E-03
+42.57500E-06 -670.35173824E-03 -15.19597974E-03
+42.60000E-06 +1.13266328159E+00 +2.81407032E-03
+42.62500E-06 -254.27134881E-03 +10.69346722E-03
+42.65000E-06 -1.43316578501E+00 -9.00502503E-03
+42.67500E-06 +624.12058363E-03 -10.13065316E-03
+42.70000E-06 +809.04520121E-03 +11.25628129E-03
+42.72500E-06 -1.38693463057E+00 +1.12562813E-03
+42.75000E-06 -416.08038926E-03 -12.94472348E-03
+42.77500E-06 +1.36381905344E+00 +1.12562813E-03
+42.80000E-06 -416.08038909E-03 +12.38190942E-03
+42.82500E-06 -1.43316578501E+00 -9.56783909E-03
+42.85000E-06 +785.92962391E-03 -7.87939690E-03
+42.87500E-06 +762.81404694E-03 +14.07035161E-03
+42.90000E-06 -1.50251251641E+00 +0.0E+00
+42.92500E-06 -392.96481212E-03 -15.75879380E-03
+42.95000E-06 +1.45628136214E+00 +5.62814064E-03
+42.97500E-06 -531.65827492E-03 +10.69346722E-03
+43.00000E-06 -1.52562809372E+00 -11.81909535E-03
+43.02500E-06 +970.85424132E-03 -6.19095471E-03
+43.05000E-06 +855.27635565E-03 +13.50753754E-03
+43.07500E-06 -1.75678386539E+00 -562.81406E-06
+43.10000E-06 -369.84923499E-03 -17.44723600E-03
+43.12500E-06 +1.54874367085E+00 +7.31658284E-03
+43.15000E-06 -716.58289233E-03 +12.94472348E-03
+43.17500E-06 -1.61809040242E+00 -15.75879380E-03
+43.20000E-06 +1.17889443586E+00 -8.44221097E-03
+43.22500E-06 +762.81404694E-03 +15.75879380E-03
+43.25000E-06 -1.94170848280E+00 -562.81406E-06
+43.27500E-06 -208.04019472E-03 -17.44723600E-03
+43.30000E-06 +1.64120597955E+00 +7.87939690E-03
+43.32500E-06 -901.50750974E-03 +14.63316567E-03
+43.35000E-06 -1.52562809372E+00 -16.32160786E-03
+43.37500E-06 +1.36381905327E+00 -7.31658284E-03
+43.40000E-06 +693.46731537E-03 +15.75879380E-03
+43.42500E-06 -1.96482405993E+00 -3.37688438E-03
+43.45000E-06 -92.46230888E-03 -17.44723600E-03
+43.47500E-06 +1.73366828826E+00 +11.81909535E-03
+43.50000E-06 -1.08643212715E+00 +12.38190942E-03
+43.52500E-06 -1.66432155686E+00 -18.57286412E-03
+43.55000E-06 +1.52562809354E+00 -5.06532658E-03
+43.57500E-06 +554.77385241E-03 +18.57286412E-03
+43.60000E-06 -2.12663310021E+00 -5.06532658E-03
+43.62500E-06 +92.46230853E-03 -18.01005006E-03
+43.65000E-06 +1.89547732854E+00 +14.07035161E-03
+43.67500E-06 -1.36381905326E+00 +11.81909535E-03
+43.70000E-06 -1.59497482529E+00 -20.26130632E-03
+43.72500E-06 +1.80301501966E+00 -3.93969845E-03
+43.75000E-06 +439.19596657E-03 +20.26130632E-03
+43.77500E-06 -2.38090444919E+00 -9.00502503E-03
+43.80000E-06 +277.38692594E-03 -20.26130632E-03
+43.82500E-06 +1.98793963724E+00 +16.32160786E-03
+43.85000E-06 -1.54874367067E+00 +12.38190942E-03
+43.87500E-06 -1.52562809372E+00 -20.82412038E-03
+43.90000E-06 +1.96482405993E+00 -1.68844219E-03
+43.92500E-06 +346.73365787E-03 +20.82412038E-03
+43.95000E-06 -2.49648233503E+00 -10.13065316E-03
+43.97500E-06 +485.42712048E-03 -21.38693445E-03
+44.00000E-06 +1.98793963724E+00 +18.01005006E-03
+44.02500E-06 -1.75678386521E+00 +10.13065316E-03
+44.05000E-06 -1.57185924816E+00 -23.07537664E-03
+44.07500E-06 +2.24221098605E+00 -562.81407E-06
+44.10000E-06 +184.92461759E-03 +24.20100477E-03
+44.12500E-06 -2.65829137531E+00 -12.38190941E-03
+44.15000E-06 +739.69846946E-03 -19.69849225E-03
+44.17500E-06 +2.05728636882E+00 +19.13567818E-03
+44.20000E-06 -2.03417079133E+00 +7.87939690E-03
+44.22500E-06 -1.45628136233E+00 -27.57788915E-03
+44.25000E-06 +2.35778887188E+00 +1.68844219E-03
+44.27500E-06 +46.23115463E-03 +24.20100477E-03
+44.30000E-06 -2.82010041559E+00 -12.38190941E-03
+44.32500E-06 +1.01708539557E+00 -19.69849225E-03
+44.35000E-06 +2.03417079169E+00 +23.07537664E-03
+44.37500E-06 -2.21909540873E+00 +8.44221097E-03
+44.40000E-06 -1.29447232205E+00 -29.82914541E-03
+44.42500E-06 +2.61206022087E+00 +5.06532658E-03
+44.45000E-06 -277.38692593E-03 +26.45226102E-03
+44.47500E-06 -2.93567830143E+00 -16.88442193E-03
+44.50000E-06 +1.15577885853E+00 -17.44723600E-03
+44.52500E-06 +2.03417079169E+00 +25.32663289E-03
+44.55000E-06 -2.56582906642E+00 +7.31658284E-03
+44.57500E-06 -1.15577885909E+00 -30.95477354E-03
+44.60000E-06 +2.88944714698E+00 +7.31658284E-03
+44.62500E-06 -392.96481176E-03 +26.45226102E-03
+44.65000E-06 -2.98190945587E+00 -21.38693444E-03
+44.67500E-06 +1.57185924780E+00 -16.32160787E-03
+44.70000E-06 +2.03417079169E+00 +30.39195947E-03
+44.72500E-06 -2.84321599253E+00 +4.50251252E-03
+44.75000E-06 -970.85424168E-03 -33.20602980E-03
+44.77500E-06 +3.14371849597E+00 +10.69346722E-03
+44.80000E-06 -716.58289214E-03 +24.20100477E-03
+44.82500E-06 -3.07437176458E+00 -23.63819070E-03
+44.85000E-06 +1.84924617391E+00 -15.19597974E-03
+44.87500E-06 +1.98793963744E+00 +32.08040167E-03
+44.90000E-06 -3.12060291865E+00 +1.12562813E-03
+44.92500E-06 -739.69846983E-03 -33.76884386E-03
+44.95000E-06 +3.23618080467E+00 +12.38190941E-03
+44.97500E-06 -970.85424112E-03 +28.14070322E-03
+45.00000E-06 -3.16683407328E+00 -27.57788915E-03
+45.02500E-06 +2.21909540873E+00 -14.63316567E-03
+45.05000E-06 +1.89547732873E+00 +34.33165792E-03
+45.07500E-06 -3.46733657634E+00 -1.68844219E-03
+45.10000E-06 -577.88942974E-03 -33.76884386E-03
+45.12500E-06 +3.42110542208E+00 +17.44723599E-03
+45.15000E-06 -1.27135674436E+00 +28.14070322E-03
+45.17500E-06 -3.14371849616E+00 -31.51758760E-03
+45.20000E-06 +2.45025118039E+00 -16.32160787E-03
+45.22500E-06 +1.71055271133E+00 +36.02010012E-03
+45.25000E-06 -3.65226119375E+00 -2.25125625E-03
+45.27500E-06 -323.61808075E-03 -37.70854231E-03
+45.30000E-06 +3.55979888523E+00 +19.69849225E-03
+45.32500E-06 -1.61809040205E+00 +25.88944696E-03
+45.35000E-06 -3.12060291903E+00 -32.08040167E-03
+45.37500E-06 +2.79698483808E+00 -13.50753755E-03
+45.40000E-06 +1.52562809392E+00 +38.27135637E-03
+45.42500E-06 -3.97587927431E+00 -6.19095470E-03
+45.45000E-06 -92.46230909E-03 -37.70854231E-03
+45.47500E-06 +3.79095465709E+00 +23.07537664E-03
+45.50000E-06 -1.91859290529E+00 +23.63819070E-03
+45.52500E-06 -3.09748734190E+00 -37.14572824E-03
+45.55000E-06 +3.23618080448E+00 -9.56783910E-03
+45.57500E-06 +1.31758789938E+00 +38.83417044E-03
+45.60000E-06 -4.18391946885E+00 -11.25628128E-03
+45.62500E-06 +254.27134860E-03 -39.39698451E-03
+45.65000E-06 +3.81407023422E+00 +26.45226102E-03
+45.67500E-06 -2.38090444881E+00 +25.32663290E-03
+45.70000E-06 -3.09748734191E+00 -41.08542669E-03
+45.72500E-06 +3.49045215346E+00 -5.62814065E-03
+45.75000E-06 +1.10954770485E+00 +42.77386889E-03
+45.77500E-06 -4.36884408626E+00 -15.19597973E-03
+45.80000E-06 +577.88942896E-03 -39.39698451E-03
+45.82500E-06 +3.88341696580E+00 +30.39195947E-03
+45.85000E-06 -2.72763810650E+00 +23.07537664E-03
+45.87500E-06 -2.91256272450E+00 -42.77386889E-03
+45.90000E-06 +3.88341696541E+00 -2.25125626E-03
+45.92500E-06 +832.16077874E-03 +44.46231108E-03
+45.95000E-06 -4.59999985812E+00 -19.13567818E-03
+45.97500E-06 +993.96981823E-03 -40.52261264E-03
+46.00000E-06 +3.88341696580E+00 +34.89447199E-03
+46.02500E-06 -3.18994965002E+00 +20.26130632E-03
+46.05000E-06 -2.79698483867E+00 -47.27638140E-03
+46.07500E-06 +4.18391946884E+00 -0.0E+00
+46.10000E-06 +554.77385263E-03 +46.71356734E-03
+46.12500E-06 -4.78492447553E+00 -24.20100476E-03
+46.15000E-06 +1.31758789860E+00 -37.14572825E-03
+46.17500E-06 +3.92964812025E+00 +37.70854231E-03
+46.20000E-06 -3.55979888484E+00 +16.32160787E-03
+46.22500E-06 -2.58894464414E+00 -50.65326579E-03
+46.25000E-06 +4.48442197209E+00 +6.75376877E-03
+46.27500E-06 +231.15577226E-03 +50.65326579E-03
+46.30000E-06 -4.94673351581E+00 -25.32663289E-03
+46.32500E-06 +1.77989944212E+00 -36.02010012E-03
+46.35000E-06 +3.83718581155E+00 +43.89949701E-03
+46.37500E-06 -4.02211042836E+00 +14.07035161E-03
+46.40000E-06 -2.28844214090E+00 -54.03015018E-03
+46.42500E-06 +4.83115562978E+00 +10.69346722E-03
+46.45000E-06 -138.69346255E-03 +50.65326579E-03
+46.47500E-06 -5.01608024739E+00 -32.64321573E-03
+46.50000E-06 +2.17286425406E+00 -32.64321573E-03
+46.52500E-06 +3.81407023443E+00 +46.15075327E-03
+46.55000E-06 -4.36884408605E+00 +12.94472349E-03
+46.57500E-06 -2.10351752349E+00 -55.71859237E-03
+46.60000E-06 +5.10854255589E+00 +13.50753754E-03
+46.62500E-06 -508.54269737E-03 +50.09045173E-03
+46.65000E-06 -5.15477371055E+00 -35.45728605E-03
+46.67500E-06 +2.75075368361E+00 -32.08040167E-03
+46.70000E-06 +3.72160792573E+00 +50.65326579E-03
+46.72500E-06 -4.73869332087E+00 +6.19095471E-03
+46.75000E-06 -1.80301502026E+00 -56.28140643E-03
+46.77500E-06 +5.29346717330E+00 +16.32160786E-03
+46.80000E-06 -993.96981801E-03 +49.52763767E-03
+46.82500E-06 -5.15477371055E+00 -39.95979856E-03
+46.85000E-06 +3.16683407268E+00 -28.70351729E-03
+46.87500E-06 +3.49045215407E+00 +54.59296424E-03
+46.90000E-06 -5.10854255569E+00 +3.37688439E-03
+46.92500E-06 -1.41005020832E+00 -59.65829082E-03
+46.95000E-06 +5.45527621359E+00 +21.38693444E-03
+46.97500E-06 -1.36381905283E+00 +47.83919547E-03
+47.00000E-06 -5.22412044214E+00 -45.02512514E-03
+47.02500E-06 +3.60603003907E+00 -26.45226103E-03
+47.05000E-06 +3.21306522796E+00 +59.09547675E-03
+47.07500E-06 -5.54773852208E+00 -2.81407032E-03
+47.10000E-06 -947.73866480E-03 -61.90954708E-03
+47.12500E-06 +5.70954756258E+00 +28.70351728E-03
+47.15000E-06 -1.91859290505E+00 +48.96482360E-03
+47.17500E-06 -5.10854255631E+00 -50.65326579E-03
+47.20000E-06 +4.06834158260E+00 -22.51256258E-03
+47.22500E-06 +3.00502503343E+00 +63.03517520E-03
+47.25000E-06 -5.80200987107E+00 -6.75376877E-03
+47.27500E-06 -577.88942998E-03 -61.90954708E-03
+47.30000E-06 +5.77889429416E+00 +32.08040166E-03
+47.32500E-06 -2.45025118015E+00 +44.46231109E-03
+47.35000E-06 -5.01608024761E+00 -53.46733611E-03
+47.37500E-06 +4.50753754899E+00 -16.88442194E-03
+47.40000E-06 +2.63517579862E+00 +63.03517520E-03
+47.42500E-06 -6.05628122006E+00 -11.25628128E-03
+47.45000E-06 -184.92461804E-03 -61.34673302E-03
+47.47500E-06 +5.82512544862E+00 +39.95979856E-03
+47.50000E-06 -2.91256272367E+00 +42.21105483E-03
+47.52500E-06 -4.80804005307E+00 -58.53266268E-03
+47.55000E-06 +4.94673351539E+00 -11.81909536E-03
+47.57500E-06 +2.40402002696E+00 +65.84924552E-03
+47.60000E-06 -6.37989930063E+00 -18.01005005E-03
+47.62500E-06 +277.38692548E-03 -61.34673302E-03
+47.65000E-06 +5.84824102574E+00 +45.02512514E-03
+47.67500E-06 -3.42110542144E+00 +37.70854232E-03
+47.70000E-06 -4.69246216725E+00 -62.47236114E-03
+47.72500E-06 +5.31658275021E+00 -8.44221097E-03
+47.75000E-06 +1.91859290632E+00 +69.78894398E-03
+47.77500E-06 -6.56482391804E+00 -24.76381883E-03
+47.80000E-06 +832.16077770E-03 -59.09547676E-03
+47.82500E-06 +5.96381891178E+00 +49.52763766E-03
+47.85000E-06 -3.90653254230E+00 +35.45728606E-03
+47.87500E-06 -4.41507524114E+00 -65.84924552E-03
+47.90000E-06 +5.75577871661E+00 -3.37688439E-03
+47.92500E-06 +1.47939693992E+00 +71.47738617E-03
+47.95000E-06 -6.68040180387E+00 -28.70351727E-03
+47.97500E-06 +1.31758789834E+00 -57.96984863E-03
+48.00000E-06 +5.84824102596E+00 +53.46733611E-03
+48.02500E-06 -4.39195966294E+00 +30.39195948E-03
+48.05000E-06 -4.09145716079E+00 -68.66331584E-03
+48.07500E-06 +6.01005006560E+00 +5.06532657E-03
+48.10000E-06 +993.96981928E-03 +73.16582836E-03
+48.12500E-06 -6.81909526704E+00 -36.02010011E-03
+48.15000E-06 +1.84924617344E+00 -51.77889392E-03
+48.17500E-06 +5.73266314014E+00 +58.53266268E-03
+48.20000E-06 -4.92361793804E+00 +23.63819071E-03
+48.22500E-06 -3.79095465755E+00 -72.60301430E-03
+48.25000E-06 +6.31055256883E+00 +10.13065315E-03
+48.27500E-06 +508.54269864E-03 +73.16582836E-03
+48.30000E-06 -6.88844199862E+00 -40.52261263E-03
+48.32500E-06 +2.35778887121E+00 -51.21607986E-03
+48.35000E-06 +5.52462294561E+00 +63.03517520E-03
+48.37500E-06 -5.45527621315E+00 +17.44723600E-03
+48.40000E-06 -3.35175869115E+00 -74.85427055E-03
+48.42500E-06 +6.63417064941E+00 +16.32160786E-03
+48.45000E-06 -23.11557646E-03 +70.35175804E-03
+48.47500E-06 -6.95778873021E+00 -45.58793920E-03
+48.50000E-06 +2.98190945501E+00 -48.40200954E-03
+48.52500E-06 +5.31658275108E+00 +68.66331584E-03
+48.55000E-06 -5.73266313926E+00 +14.07035162E-03
+48.57500E-06 -2.93567830210E+00 -78.23115494E-03
+48.60000E-06 +6.88844199840E+00 +22.51256257E-03
+48.62500E-06 -508.54269710E-03 +69.78894398E-03
+48.65000E-06 -6.98090430755E+00 -51.77889391E-03
+48.67500E-06 +3.51356773012E+00 -41.64824077E-03
+48.70000E-06 +5.03919582497E+00 +73.16582836E-03
+48.72500E-06 -6.17185910566E+00 +7.31658285E-03
+48.75000E-06 -2.47336675858E+00 -78.23115494E-03
+48.77500E-06 +7.07336661581E+00 +25.88944695E-03
+48.80000E-06 -1.13266328091E+00 +66.97487366E-03
+48.82500E-06 -6.88844199885E+00 -56.28140643E-03
+48.85000E-06 +3.97587927364E+00 -36.58291419E-03
+48.87500E-06 +4.73869332174E+00 +74.85427055E-03
+48.90000E-06 -6.47236160889E+00 -562.81406E-06
+48.92500E-06 -1.91859290636E+00 -79.91959714E-03
+48.95000E-06 +7.21206007898E+00 +34.33165792E-03
+48.97500E-06 -1.61809040155E+00 +63.59798927E-03
+49.00000E-06 -6.61105507273E+00 -63.03517520E-03
+49.02500E-06 +4.57688428033E+00 -30.39195948E-03
+49.05000E-06 +4.27638177822E+00 +78.23115494E-03
+49.07500E-06 -6.88844199817E+00 -3.37688438E-03
+49.10000E-06 -1.45628136284E+00 -79.91959714E-03
+49.12500E-06 +7.25829123344E+00 +40.52261263E-03
+49.15000E-06 -2.26532656248E+00 +60.22110489E-03
+49.17500E-06 -6.56482391850E+00 -66.41205959E-03
+49.20000E-06 +5.03919582385E+00 -28.14070322E-03
+49.22500E-06 +3.95276369787E+00 +79.35678307E-03
+49.25000E-06 -7.18894450163E+00 -11.81909534E-03
+49.27500E-06 -809.04520191E-03 -79.35678307E-03
+49.30000E-06 +7.32763796503E+00 +43.33668295E-03
+49.32500E-06 -2.79698483758E+00 +56.84422051E-03
+49.35000E-06 -6.26432141527E+00 -70.91457210E-03
+49.37500E-06 +5.47839179025E+00 -18.57286413E-03
+49.40000E-06 +3.49045215435E+00 +83.29648152E-03
+49.42500E-06 -7.35075354192E+00 -17.44723598E-03
+49.45000E-06 -416.08038997E-03 -78.23115495E-03
+49.47500E-06 +7.18894450209E+00 +51.77889391E-03
+49.50000E-06 -3.35175868980E+00 +50.65326580E-03
+49.52500E-06 -5.96381891204E+00 -73.72864242E-03
+49.55000E-06 +5.98693448824E+00 -11.81909536E-03
+49.57500E-06 +3.02814061083E+00 +83.85929558E-03
+49.60000E-06 -7.51256258221E+00 -24.20100476E-03
+49.62500E-06 +254.27134807E-03 -74.29145650E-03
+49.65000E-06 +7.02713546180E+00 +56.28140643E-03
+49.67500E-06 -3.90653254203E+00 +46.15075328E-03
+49.70000E-06 -5.59396967722E+00 -77.66834087E-03
+49.72500E-06 +6.28743699147E+00 -5.62814065E-03
+49.75000E-06 +2.51959791308E+00 +84.98492371E-03
+49.77500E-06 -7.60502489092E+00 -30.39195946E-03
+49.80000E-06 +809.04520029E-03 -72.04020024E-03
+49.82500E-06 +6.98090430757E+00 +60.78391894E-03
+49.85000E-06 -4.43819081713E+00 +41.08542671E-03
+49.87500E-06 -5.22412044241E+00 -82.17085339E-03
+49.90000E-06 +6.51859276334E+00 +1.68844218E-03
+49.92500E-06 +1.96482406086E+00 +86.67336591E-03
+49.95000E-06 -7.60502489092E+00 -34.89447198E-03
+49.97500E-06 +1.34070347540E+00 -68.10050179E-03
+50.00000E-06 +6.77286411304E+00 +65.28643146E-03
+50.02500E-06 -4.80804005195E+00 +34.33165793E-03
+50.05000E-06 -4.80804005335E+00 -81.60803933E-03
+50.07500E-06 +6.77286411234E+00 +7.87939689E-03
+50.10000E-06 +1.34070347704E+00 +82.17085339E-03
+50.12500E-06 -7.72060277697E+00 -42.21105481E-03
+50.15000E-06 +1.89547732763E+00 -61.90954708E-03
+50.17500E-06 +6.44924603269E+00 +69.78894397E-03
+50.20000E-06 -5.38592948153E+00 +27.01507510E-03
+50.22500E-06 -4.32261293272E+00 -83.85929558E-03
+50.25000E-06 +6.95778872974E+00 +14.63316566E-03
+50.27500E-06 +762.81404770E-03 +81.60803933E-03
+50.30000E-06 -7.53567815956E+00 -47.83919546E-03
+50.32500E-06 +2.54271348855E+00 -57.40703457E-03
+50.35000E-06 +6.19497468370E+00 +73.16582836E-03
+50.37500E-06 -5.66331640764E+00 +19.13567820E-03
+50.40000E-06 -3.79095465761E+00 -86.11055184E-03
+50.42500E-06 +7.18894450162E+00 +21.38693444E-03
+50.45000E-06 +138.69346389E-03 +78.79396901E-03
+50.47500E-06 -7.48944700533E+00 -51.77889391E-03
+50.50000E-06 +3.09748734078E+00 -50.09045173E-03
+50.52500E-06 +5.80200987177E+00 +75.97989868E-03
+50.55000E-06 -6.01005006534E+00 +13.50753756E-03
+50.57500E-06 -3.28241195986E+00 -87.23617997E-03
+50.60000E-06 +7.18894450162E+00 +25.88944695E-03
+50.62500E-06 -439.19596545E-03 +75.97989869E-03
+50.65000E-06 -7.37386911951E+00 -56.84422049E-03
+50.67500E-06 +3.60603003877E+00 -43.89949703E-03
+50.70000E-06 +5.38592948272E+00 +78.23115494E-03
+50.72500E-06 -6.37989930015E+00 +6.75376878E-03
+50.75000E-06 -2.82010041634E+00 -83.29648152E-03
+50.77500E-06 +7.30452238768E+00 +30.95477353E-03
+50.80000E-06 -924.62308609E-03 +69.78894398E-03
+50.82500E-06 -7.07336661628E+00 -59.09547675E-03
+50.85000E-06 +3.97587927358E+00 -36.58291419E-03
+50.87500E-06 +4.90050236208E+00 +79.91959713E-03
+50.90000E-06 -6.61105507203E+00 -1.12562812E-03
+50.92500E-06 -2.17286425541E+00 -83.29648152E-03
+50.95000E-06 +7.28140681057E+00 +38.83417043E-03
+50.97500E-06 -1.50251251566E+00 +63.59798927E-03
+51.00000E-06 -6.72663295858E+00 -65.28643146E-03
+51.02500E-06 +4.41507523999E+00 -29.82914542E-03
+51.05000E-06 +4.43819081856E+00 +81.60803933E-03
+51.07500E-06 -6.86532642103E+00 -7.31658283E-03
+51.10000E-06 -1.59497482608E+00 -79.91959714E-03
+51.12500E-06 +7.16582892475E+00 +42.77386888E-03
+51.15000E-06 -2.05728636789E+00 +60.22110489E-03
+51.17500E-06 -6.56482391853E+00 -69.22612991E-03
+51.20000E-06 +4.76180889769E+00 -25.32663291E-03
+51.22500E-06 +3.97587927504E+00 +83.29648152E-03
+51.25000E-06 -6.93467315262E+00 -12.38190941E-03
+51.27500E-06 -993.96981938E-03 -78.79396901E-03
+51.30000E-06 +7.11959777052E+00 +47.83919546E-03
+51.32500E-06 -2.51959791141E+00 +55.15577831E-03
+51.35000E-06 -6.10251237501E+00 -71.47738616E-03
+51.37500E-06 +5.10854255539E+00 -16.88442194E-03
+51.40000E-06 +3.42110542282E+00 +81.04522526E-03
+51.42500E-06 -7.00401988421E+00 -19.13567818E-03
+51.45000E-06 -508.54269874E-03 -74.85427056E-03
+51.47500E-06 +6.91155757600E+00 +54.03015017E-03
+51.50000E-06 -2.98190945493E+00 +48.96482360E-03
+51.52500E-06 -5.70954756308E+00 -73.16582836E-03
+51.55000E-06 +5.38592948150E+00 -10.13065317E-03
+51.57500E-06 +2.95879387930E+00 +81.04522526E-03
+51.60000E-06 -6.98090430709E+00 -25.88944695E-03
+51.62500E-06 +46.23115348E-03 -70.35175805E-03
+51.65000E-06 +6.58793949541E+00 +56.28140643E-03
+51.67500E-06 -3.44422099845E+00 +43.33668296E-03
+51.70000E-06 -5.24723601956E+00 -75.41708462E-03
+51.72500E-06 +5.68643198497E+00 -3.37688440E-03
+51.75000E-06 +2.31155771837E+00 +79.91959714E-03
+51.77500E-06 -7.02713546157E+00 -32.08040166E-03
+51.80000E-06 +647.23616018E-03 -65.84924553E-03
+51.82500E-06 +6.44924603248E+00 +60.22110488E-03
+51.85000E-06 -3.92964811933E+00 +34.89447200E-03
+51.87500E-06 -4.78492447604E+00 -75.41708462E-03
+51.90000E-06 +5.87135660238E+00 +3.37688438E-03
+51.92500E-06 +1.82613059774E+00 +79.35678307E-03
+51.95000E-06 -6.84221084416E+00 -38.83417043E-03
+51.97500E-06 +1.13266328082E+00 -60.78391895E-03
+52.00000E-06 +6.05628122055E+00 +61.90954707E-03
+52.02500E-06 -4.23015062255E+00 +28.14070323E-03
+52.05000E-06 -4.36884408700E+00 -74.85427055E-03
+52.07500E-06 +5.91758775686E+00 +8.44221095E-03
+52.10000E-06 +1.27135674551E+00 +75.97989869E-03
+52.12500E-06 -6.72663295834E+00 -41.08542669E-03
+52.15000E-06 +1.57185924722E+00 -54.03015018E-03
+52.17500E-06 +5.68643198573E+00 +63.03517520E-03
+52.20000E-06 -4.53065312603E+00 +21.38693445E-03
+52.22500E-06 -3.81407023477E+00 -74.85427055E-03
+52.25000E-06 +5.91758775686E+00 +14.63316566E-03
+52.27500E-06 +739.69847040E-03 +72.04020024E-03
+52.30000E-06 -6.54170834093E+00 -45.02512514E-03
+52.32500E-06 +1.94170848203E+00 -47.27638141E-03
+52.35000E-06 +5.22412044221E+00 +64.72361739E-03
+52.37500E-06 -4.73869332055E+00 +15.19597974E-03
+52.40000E-06 -3.35175869125E+00 -76.54271275E-03
+52.42500E-06 +5.98693448845E+00 +18.57286411E-03
+52.45000E-06 +300.50250399E-03 +65.84924553E-03
+52.47500E-06 -6.35678372352E+00 -47.27638140E-03
+52.50000E-06 +2.40402002556E+00 -42.21105483E-03
+52.52500E-06 +4.76180889869E+00 +68.66331584E-03
+52.55000E-06 -4.96984909244E+00 +10.13065317E-03
+52.57500E-06 -2.79698483903E+00 -72.04020023E-03
+52.60000E-06 +5.89447217974E+00 +23.07537663E-03
+52.62500E-06 -208.04019375E-03 +63.03517521E-03
+52.65000E-06 -6.03316564319E+00 -49.52763765E-03
+52.67500E-06 +2.77386926063E+00 -35.45728606E-03
+52.70000E-06 +4.43819081835E+00 +64.72361739E-03
+52.72500E-06 -5.06231140114E+00 +5.06532659E-03
+52.75000E-06 -2.33467329551E+00 -67.53768772E-03
+52.77500E-06 +5.82512544841E+00 +29.82914540E-03
+52.80000E-06 -716.58289175E-03 +58.53266270E-03
+52.82500E-06 -5.73266313996E+00 -53.46733611E-03
+52.85000E-06 +3.09748734096E+00 -29.82914542E-03
+52.87500E-06 +3.97587927483E+00 +68.10050178E-03
+52.90000E-06 -5.20100486432E+00 -1.12562812E-03
+52.92500E-06 -1.77989944329E+00 -66.41205959E-03
+52.95000E-06 +5.70954756259E+00 +33.76884385E-03
+52.97500E-06 -1.08643212656E+00 +52.34170799E-03
+53.00000E-06 -5.43216063674E+00 -55.71859236E-03
+53.02500E-06 +3.42110542156E+00 -21.94974852E-03
+53.05000E-06 +3.51356773131E+00 +65.84924552E-03
+53.07500E-06 -5.20100486432E+00 -6.75376877E-03
+53.10000E-06 -1.31758789977E+00 -64.16080334E-03
+53.12500E-06 +5.52462294518E+00 +36.02010011E-03
+53.15000E-06 -1.45628136138E+00 +47.27638141E-03
+53.17500E-06 -5.06231140192E+00 -57.40703456E-03
+53.20000E-06 +3.53668330737E+00 -18.01005006E-03
+53.22500E-06 +3.12060291938E+00 +64.72361740E-03
+53.25000E-06 -5.33969832751E+00 -11.81909534E-03
+53.27500E-06 -878.39193336E-03 -59.65829082E-03
+53.30000E-06 +5.24723601907E+00 +38.27135637E-03
+53.32500E-06 -1.87236175068E+00 +41.64824077E-03
+53.35000E-06 -4.66934658999E+00 -56.84422050E-03
+53.37500E-06 +3.67537677055E+00 -12.38190942E-03
+53.40000E-06 +2.58894464427E+00 +60.78391895E-03
+53.42500E-06 -5.24723601880E+00 -18.01005005E-03
+53.45000E-06 -577.88943013E-03 -56.28140644E-03
+53.47500E-06 +5.03919582455E+00 +40.52261262E-03
+53.50000E-06 -2.17286425390E+00 +34.33165793E-03
+53.52500E-06 -4.27638177807E+00 -56.84422050E-03
+53.55000E-06 +3.76783907926E+00 -4.50251252E-03
+53.57500E-06 +2.19597983234E+00 +60.78391895E-03
+53.60000E-06 -5.15477371010E+00 -22.51256257E-03
+53.62500E-06 -46.23115502E-03 -52.34170799E-03
+53.65000E-06 +4.76180889843E+00 +43.89949701E-03
+53.67500E-06 -2.45025118001E+00 +29.26633135E-03
+53.70000E-06 -3.92964812036E+00 -56.28140643E-03
+53.72500E-06 +3.90653254245E+00 -1.68844220E-03
+53.75000E-06 +1.75678386593E+00 +57.96984863E-03
+53.77500E-06 -5.08542697877E+00 -26.45226102E-03
+53.80000E-06 +300.50250269E-03 -47.83919547E-03
+53.82500E-06 +4.46130639521E+00 +43.89949701E-03
+53.85000E-06 -2.65829137479E+00 +24.76381884E-03
+53.87500E-06 -3.44422099973E+00 -54.59296424E-03
+53.90000E-06 +3.99899485115E+00 +4.50251251E-03
+53.92500E-06 +1.29447232241E+00 +55.71859237E-03
+53.95000E-06 -4.80804005265E+00 -27.01507508E-03
+53.97500E-06 +670.35173750E-03 -43.33668296E-03
+54.00000E-06 +4.16080389199E+00 +43.89949701E-03
+54.02500E-06 -2.86633156931E+00 +19.69849226E-03
+54.05000E-06 -3.16683407361E+00 -54.03015018E-03
+54.07500E-06 +3.92964811982E+00 +7.31658283E-03
+54.10000E-06 +901.50751048E-03 +51.21607986E-03
+54.12500E-06 -4.59999985813E+00 -30.95477353E-03
+54.15000E-06 +947.73866361E-03 -36.02010012E-03
+54.17500E-06 +3.92964812036E+00 +44.46231108E-03
+54.20000E-06 -3.02814060961E+00 +15.19597975E-03
+54.22500E-06 -2.70452253009E+00 -52.34170798E-03
+54.25000E-06 +3.92964811982E+00 +9.56783909E-03
+54.27500E-06 +531.65827567E-03 +50.09045173E-03
+54.30000E-06 -4.41507524073E+00 -32.64321573E-03
+54.32500E-06 +1.17889443551E+00 -32.08040167E-03
+54.35000E-06 +3.51356773106E+00 +48.40200953E-03
+54.37500E-06 -3.07437176409E+00 +7.31658284E-03
+54.40000E-06 -2.35778887239E+00 -50.09045172E-03
+54.42500E-06 +3.92964811982E+00 +15.19597973E-03
+54.45000E-06 +208.04019507E-03 +45.58793922E-03
+54.47500E-06 -4.13768831461E+00 -34.89447198E-03
+54.50000E-06 +1.47939693873E+00 -28.70351729E-03
+54.52500E-06 +3.12060291913E+00 +45.58793921E-03
+54.55000E-06 -3.16683407280E+00 +4.50251252E-03
+54.57500E-06 -1.96482406046E+00 -48.96482360E-03
+54.60000E-06 +3.74472350241E+00 +16.88442193E-03
+54.62500E-06 -69.34673105E-03 +39.39698451E-03
+54.65000E-06 -3.99899485169E+00 -35.45728605E-03
+54.67500E-06 +1.61809040192E+00 -22.51256258E-03
+54.70000E-06 +2.84321599302E+00 +43.89949701E-03
+54.72500E-06 -3.23618080439E+00 +562.81407E-06
+54.75000E-06 -1.52562809405E+00 -44.46231108E-03
+54.77500E-06 +3.67537677109E+00 +20.26130631E-03
+54.80000E-06 -416.08038876E-03 +36.02010012E-03
+54.82500E-06 -3.55979888528E+00 -33.20602979E-03
+54.85000E-06 +1.80301501933E+00 -18.01005007E-03
+54.87500E-06 +2.51959791269E+00 +45.02512515E-03
+54.90000E-06 -3.28241195888E+00 -3.93969845E-03
+54.92500E-06 -1.22512559083E+00 -43.89949702E-03
+54.95000E-06 +3.42110542208E+00 +21.38693444E-03
+54.97500E-06 -624.12058327E-03 +30.95477354E-03
+55.00000E-06 -3.28241195916E+00 -37.14572824E-03
+55.02500E-06 +1.96482405963E+00 -14.07035161E-03
+55.05000E-06 +2.19597983209E+00 +42.77386889E-03
+55.07500E-06 -3.21306522728E+00 -6.19095470E-03
+55.10000E-06 -947.73866471E-03 -39.39698451E-03
+55.12500E-06 +3.30552753627E+00 +23.63819070E-03
+55.15000E-06 -878.39193227E-03 +27.57788916E-03
+55.17500E-06 -3.14371849625E+00 -38.27135637E-03
+55.20000E-06 +2.05728636833E+00 -9.56783910E-03
+55.22500E-06 +1.80301502017E+00 +40.52261263E-03
+55.25000E-06 -3.18994965018E+00 -8.44221096E-03
+55.27500E-06 -624.12058411E-03 -35.45728605E-03
+55.30000E-06 +3.02814061015E+00 +21.94974850E-03
+55.32500E-06 -970.85424098E-03 +23.07537664E-03
+55.35000E-06 -2.70452252983E+00 -34.89447198E-03
+55.37500E-06 +2.05728636833E+00 -7.31658284E-03
+55.40000E-06 +1.52562809405E+00 +36.02010012E-03
+55.42500E-06 -3.02814060987E+00 -9.00502502E-03
+55.45000E-06 -416.08038960E-03 -33.20602980E-03
+55.47500E-06 +2.82010041564E+00 +25.88944696E-03
+55.50000E-06 -1.22512558998E+00 +19.13567819E-03
+55.52500E-06 -2.58894464402E+00 -34.33165792E-03
+55.55000E-06 +2.17286425442E+00 -4.50251252E-03
+55.57500E-06 +1.27135674505E+00 +34.33165792E-03
+55.60000E-06 -2.91256272406E+00 -15.19597973E-03
+55.62500E-06 -161.80904059E-03 -30.39195948E-03
+55.65000E-06 +2.65829137534E+00 +25.88944696E-03
+55.67500E-06 -1.41005020739E+00 +14.63316568E-03
+55.70000E-06 -2.31155771791E+00 -33.76884386E-03
+55.72500E-06 +2.08040194572E+00 +1.12562813E-03
+55.75000E-06 +924.62308734E-03 +33.20602980E-03
+55.77500E-06 -2.70452252955E+00 -16.88442193E-03
+55.80000E-06 +23.11557682E-03 -26.45226102E-03
+55.82500E-06 +2.38090444922E+00 +25.32663289E-03
+55.85000E-06 -1.47939693899E+00 +12.38190942E-03
+55.87500E-06 -1.96482406019E+00 -31.51758760E-03
+55.90000E-06 +2.10351752282E+00 +1.68844219E-03
+55.92500E-06 +716.58289282E-03 +30.95477354E-03
+55.95000E-06 -2.68140695244E+00 -16.32160786E-03
+55.97500E-06 +300.50250293E-03 -23.07537664E-03
+56.00000E-06 +2.19597983181E+00 +25.32663289E-03
+56.02500E-06 -1.57185924769E+00 +9.56783910E-03
+56.05000E-06 -1.75678386568E+00 -31.51758760E-03
+56.07500E-06 +2.03417079151E+00 +5.62814064E-03
+56.10000E-06 +462.31154381E-03 +27.01507509E-03
+56.12500E-06 -2.49648233503E+00 -17.44723599E-03
+56.15000E-06 +392.96481163E-03 -19.69849225E-03
+56.17500E-06 +2.05728636890E+00 +24.20100476E-03
+56.20000E-06 -1.59497482480E+00 +5.06532658E-03
+56.22500E-06 -1.47939693957E+00 -29.82914541E-03
+56.25000E-06 +1.98793963701E+00 +5.62814064E-03
+56.27500E-06 +161.80904060E-03 +24.20100477E-03
+56.30000E-06 -2.40402002633E+00 -18.57286412E-03
+56.32500E-06 +462.31154323E-03 -16.88442193E-03
+56.35000E-06 +1.71055271119E+00 +24.76381883E-03
+56.37500E-06 -1.61809040219E+00 +1.68844219E-03
+56.40000E-06 -1.29447232216E+00 -27.57788915E-03
+56.42500E-06 +1.87236175120E+00 +7.87939690E-03
+56.45000E-06 +115.57788610E-03 +21.94974851E-03
+56.47500E-06 -2.19597983181E+00 -18.57286412E-03
+56.50000E-06 +647.23616064E-03 -16.32160787E-03
+56.52500E-06 +1.52562809378E+00 +23.07537664E-03
+56.55000E-06 -1.64120597929E+00 +3.37688439E-03
+56.57500E-06 -1.01708539605E+00 -26.45226103E-03
+56.60000E-06 +1.77989944250E+00 +9.56783909E-03
+56.62500E-06 -161.80904001E-03 +19.13567819E-03
+56.65000E-06 -2.08040194601E+00 -19.13567818E-03
+56.67500E-06 +693.46731514E-03 -12.38190942E-03
+56.70000E-06 +1.31758789927E+00 +22.51256257E-03
+56.72500E-06 -1.52562809348E+00 +562.81407E-06
+56.75000E-06 -924.62308734E-03 -22.51256257E-03
+56.77500E-06 +1.68743713379E+00 +10.13065315E-03
+56.80000E-06 -254.27134872E-03 +16.88442193E-03
+56.82500E-06 -1.82613059699E+00 -18.57286412E-03
+56.85000E-06 +693.46731514E-03 -7.87939690E-03
+56.87500E-06 +1.13266328186E+00 +21.94974851E-03
+56.90000E-06 -1.52562809348E+00 -3.37688438E-03
+56.92500E-06 -739.69846993E-03 -21.94974851E-03
+56.95000E-06 +1.57185924798E+00 +11.81909535E-03
+56.97500E-06 -392.96481192E-03 +15.19597974E-03
+57.00000E-06 -1.71055271119E+00 -18.57286412E-03
+57.02500E-06 +716.58289224E-03 -6.19095471E-03
+57.05000E-06 +947.73866445E-03 +20.82412038E-03
+57.07500E-06 -1.59497482508E+00 -3.37688438E-03
+57.10000E-06 -508.54269803E-03 -17.44723600E-03
+57.12500E-06 +1.54874367088E+00 +14.07035161E-03
+57.15000E-06 -369.84923452E-03 +11.25628129E-03
+57.17500E-06 -1.52562809378E+00 -20.26130632E-03
+57.20000E-06 +878.39193255E-03 -5.62814065E-03
+57.22500E-06 +785.92962414E-03 +18.01005006E-03
+57.25000E-06 -1.57185924798E+00 -5.06532658E-03
+57.27500E-06 -392.96481222E-03 -17.44723600E-03
+57.30000E-06 +1.29447232187E+00 +11.81909535E-03
+57.32500E-06 -531.65827483E-03 +10.69346722E-03
+57.35000E-06 -1.27135674477E+00 -19.69849225E-03
+57.37500E-06 +855.27635544E-03 -3.37688439E-03
+57.40000E-06 +693.46731544E-03 +17.44723600E-03
+57.42500E-06 -1.41005020767E+00 -5.62814064E-03
+57.45000E-06 -300.50250352E-03 -13.50753754E-03
+57.47500E-06 +1.24824116767E+00 +11.81909535E-03
+57.50000E-06 -531.65827483E-03 +8.44221097E-03
+57.52500E-06 -1.24824116767E+00 -16.32160786E-03
+57.55000E-06 +855.27635544E-03 -1.68844219E-03
+57.57500E-06 +508.54269803E-03 +14.07035161E-03
+57.60000E-06 -1.38693463057E+00 -7.87939690E-03
+57.62500E-06 -138.69346321E-03 -13.50753754E-03
+57.65000E-06 +1.08643212736E+00 +11.81909535E-03
+57.67500E-06 -693.46731513E-03 +6.75376877E-03
+57.70000E-06 -1.08643212736E+00 -15.75879380E-03
+57.72500E-06 +832.16077834E-03 +0.0E+00
+57.75000E-06 +416.08038932E-03 +15.75879380E-03
+57.77500E-06 -1.20201001316E+00 -9.00502503E-03
+57.80000E-06 -46.23115450E-03 -13.50753754E-03
+57.82500E-06 +924.62308705E-03 +11.81909535E-03
+57.85000E-06 -670.35173803E-03 +6.19095471E-03
+57.87500E-06 -901.50750995E-03 -13.50753754E-03
+57.90000E-06 +762.81404674E-03 +1.12562812E-03
+57.92500E-06 +254.27134902E-03 +14.63316568E-03
+57.95000E-06 -1.20201001316E+00 -7.31658283E-03
+57.97500E-06 -23.11557741E-03 -10.69346722E-03
+58.00000E-06 +832.16077834E-03 +11.25628129E-03
+58.02500E-06 -762.81404674E-03 +3.37688439E-03
+58.05000E-06 -785.92962414E-03 -13.50753754E-03
+58.07500E-06 +693.46731513E-03 +4.50251251E-03
+58.10000E-06 +208.04019482E-03 +10.69346722E-03
+58.12500E-06 -1.08643212736E+00 -7.31658283E-03
+58.15000E-06 +138.69346290E-03 -8.44221097E-03
+58.17500E-06 +716.58289254E-03 +9.56783909E-03
+58.20000E-06 -670.35173803E-03 +1.68844219E-03
+58.22500E-06 -716.58289254E-03 -12.94472348E-03
+58.25000E-06 +693.46731513E-03 +5.06532658E-03
+58.27500E-06 +138.69346321E-03 +9.00502503E-03
+58.30000E-06 -1.01708539575E+00 -9.56783909E-03
+58.32500E-06 +208.04019451E-03 -6.75376877E-03
+58.35000E-06 +624.12058384E-03 +11.25628129E-03
+58.37500E-06 -739.69846964E-03 -2.25125626E-03
+58.40000E-06 -601.00500674E-03 -11.25628129E-03
+58.42500E-06 +647.23616093E-03 +3.93969845E-03
+58.45000E-06 -23.11557710E-03 +8.44221097E-03
+58.47500E-06 -924.62308705E-03 -7.31658283E-03
+58.50000E-06 +184.92461741E-03 -6.19095471E-03
+58.52500E-06 +531.65827513E-03 +9.56783909E-03
+58.55000E-06 -762.81404674E-03 +0.0E+00
+58.57500E-06 -416.08038933E-03 -11.25628129E-03
+58.60000E-06 +647.23616093E-03 +2.25125626E-03
+58.62500E-06 -23.11557710E-03 +6.75376877E-03
+58.65000E-06 -901.50750995E-03 -6.75376877E-03
+58.67500E-06 +208.04019451E-03 -3.93969845E-03
+58.70000E-06 +439.19596643E-03 +9.00502503E-03
+58.72500E-06 -739.69846964E-03 -562.81406E-06
+58.75000E-06 -439.19596643E-03 -8.44221097E-03
+58.77500E-06 +508.54269772E-03 +3.37688438E-03
+58.80000E-06 -138.69346290E-03 +6.19095471E-03
+58.82500E-06 -739.69846964E-03 -6.75376877E-03
+58.85000E-06 +138.69346290E-03 -1.68844219E-03
+58.87500E-06 +346.73365772E-03 +8.44221097E-03
+58.90000E-06 -647.23616093E-03 -562.81406E-06
+58.92500E-06 -416.08038933E-03 -7.31658283E-03
+58.95000E-06 +554.77385223E-03 +4.50251251E-03
+58.97500E-06 -208.04019451E-03 +3.93969845E-03
+59.00000E-06 -670.35173803E-03 -9.00502503E-03
+59.02500E-06 +208.04019451E-03 -2.25125626E-03
+59.05000E-06 +277.38692611E-03 +7.31658283E-03
+59.07500E-06 -670.35173803E-03 -2.25125626E-03
+59.10000E-06 -277.38692611E-03 -8.44221097E-03
+59.12500E-06 +462.31154352E-03 +4.50251251E-03
+59.15000E-06 -231.15577160E-03 +5.06532658E-03
+59.17500E-06 -624.12058384E-03 -8.44221097E-03
+59.20000E-06 +254.27134902E-03 -2.25125626E-03
+59.22500E-06 +184.92461741E-03 +6.75376877E-03
+59.25000E-06 -624.12058384E-03 -1.12562812E-03
+59.27500E-06 -184.92461741E-03 -6.19095471E-03
+59.30000E-06 +369.84923482E-03 +2.81407032E-03
+59.32500E-06 -231.15577160E-03 +2.25125626E-03
+59.35000E-06 -462.31154352E-03 -6.19095471E-03
+59.37500E-06 +208.04019451E-03 -1.68844219E-03
+59.40000E-06 +161.80904031E-03 +6.19095471E-03
+59.42500E-06 -554.77385223E-03 -4.50251251E-03
+59.45000E-06 -231.15577192E-03 -6.19095471E-03
+59.47500E-06 +346.73365772E-03 +4.50251251E-03
+59.50000E-06 -208.04019451E-03 +2.81407032E-03
+59.52500E-06 -462.31154352E-03 -6.75376877E-03
+59.55000E-06 +184.92461741E-03 -1.68844219E-03
+59.57500E-06 +138.69346322E-03 +4.50251251E-03
+59.60000E-06 -577.88942933E-03 -2.81407032E-03
+59.62500E-06 -161.80904031E-03 -4.50251251E-03
+59.65000E-06 +254.27134902E-03 +5.06532658E-03
+59.67500E-06 -277.38692611E-03 +2.25125626E-03
+59.70000E-06 -439.19596643E-03 -6.75376877E-03
+59.72500E-06 +208.04019451E-03 -562.81406E-06
+59.75000E-06 +69.34673161E-03 +4.50251251E-03
+59.77500E-06 -554.77385223E-03 -4.50251251E-03
+59.80000E-06 -69.34673161E-03 -4.50251251E-03
+59.82500E-06 +254.27134902E-03 +3.93969845E-03
+59.85000E-06 -369.84923482E-03 +1.68844219E-03
+59.87500E-06 -462.31154352E-03 -6.19095471E-03
+59.90000E-06 +184.92461741E-03 +562.81406E-06
+59.92500E-06 -23.11557710E-03 +4.50251251E-03
+59.95000E-06 -392.96481191E-03 -2.81407032E-03
+59.97500E-06 -69.34673161E-03 -3.93969845E-03
+60.00000E-06 +254.27134902E-03 +3.93969845E-03
+60.02500E-06 -300.50250321E-03 +0.0E+00
+60.05000E-06 -346.73365772E-03 -4.50251251E-03
+60.07500E-06 +254.27134902E-03 +562.81406E-06
+60.10000E-06 +0.0E+00 +2.81407032E-03
+60.12500E-06 -462.31154352E-03 -2.81407032E-03
+60.15000E-06 +0.0E+00 -1.68844219E-03
+60.17500E-06 +231.15577192E-03 +2.81407032E-03
+60.20000E-06 -277.38692611E-03 +1.12562813E-03
+60.22500E-06 -277.38692611E-03 -2.81407032E-03
+60.25000E-06 +115.57788580E-03 +562.81406E-06
+60.27500E-06 -46.23115419E-03 +3.93969845E-03
+60.30000E-06 -369.84923482E-03 -2.25125626E-03
+60.32500E-06 -69.34673161E-03 -2.25125626E-03
+60.35000E-06 +115.57788580E-03 +2.25125626E-03
+60.37500E-06 -277.38692611E-03 +0.0E+00
+60.40000E-06 -277.38692611E-03 -6.19095471E-03
+60.42500E-06 +92.46230870E-03 +0.0E+00
+60.45000E-06 -92.46230870E-03 +2.25125626E-03
+60.47500E-06 -392.96481191E-03 -2.81407032E-03
+60.50000E-06 -69.34673161E-03 -2.25125626E-03
+60.52500E-06 +0.0E+00 +2.25125626E-03
+60.55000E-06 -208.04019450E-03 +0.0E+00
+60.57500E-06 -254.27134902E-03 -4.50251251E-03
+60.60000E-06 +115.57788580E-03 +1.68844219E-03
+60.62500E-06 -69.34673161E-03 +3.93969845E-03
+60.65000E-06 -346.73365773E-03 -2.25125626E-03
+60.67500E-06 +0.0E+00 +0.0E+00
+60.70000E-06 +0.0E+00 +4.50251251E-03
+60.72500E-06 -184.92461741E-03 -562.81406E-06
+60.75000E-06 -184.92461741E-03 -3.37688439E-03
+60.77500E-06 +92.46230870E-03 +0.0E+00
+60.80000E-06 -92.46230870E-03 +1.68844219E-03
+60.82500E-06 -277.38692611E-03 -2.25125626E-03
+60.85000E-06 -92.46230870E-03 -1.68844220E-03
+60.87500E-06 +69.34673161E-03 +0.0E+00
+60.90000E-06 -277.38692611E-03 -2.25125626E-03
+60.92500E-06 -184.92461741E-03 -2.25125626E-03
+60.95000E-06 +69.34673161E-03 +2.25125626E-03
+60.97500E-06 -92.46230870E-03 +562.81406E-06
+61.00000E-06 -277.38692611E-03 -2.81407032E-03
+61.02500E-06 +0.0E+00 +0.0E+00
+61.05000E-06 -69.34673161E-03 +562.81406E-06
+61.07500E-06 -277.38692611E-03 +1.12562813E-03
+61.10000E-06 -92.46230870E-03 -3.93969845E-03
+61.12500E-06 +23.11557709E-03 +0.0E+00
+61.15000E-06 -208.04019450E-03 +0.0E+00
+61.17500E-06 -346.73365773E-03 -3.93969845E-03
+61.20000E-06 -69.34673161E-03 -2.25125626E-03
+61.22500E-06 -23.11557709E-03 +2.25125626E-03
+61.25000E-06 -254.27134902E-03 +0.0E+00
+61.27500E-06 -92.46230870E-03 -2.25125626E-03
+61.30000E-06 +0.0E+00 +0.0E+00
+61.32500E-06 -184.92461741E-03 +1.68844220E-03
+61.35000E-06 -184.92461741E-03 -2.25125626E-03
+61.37500E-06 +0.0E+00 -1.68844220E-03
+61.40000E-06 +0.0E+00 +1.68844220E-03
+61.42500E-06 -277.38692611E-03 -2.25125626E-03
+61.45000E-06 -161.80904032E-03 -562.81406E-06
+61.47500E-06 -23.11557709E-03 +2.25125626E-03
+61.50000E-06 -184.92461741E-03 +562.81406E-06
+61.52500E-06 -254.27134902E-03 -2.25125626E-03
+61.55000E-06 +69.34673161E-03 -562.81406E-06
+61.57500E-06 -92.46230870E-03 -1.68844220E-03
+61.60000E-06 -208.04019450E-03 -2.25125626E-03
+61.62500E-06 -92.46230870E-03 -562.81406E-06
+61.65000E-06 +0.0E+00 +1.68844220E-03
+61.67500E-06 -115.57788580E-03 +1.68844220E-03
+61.70000E-06 -184.92461741E-03 -3.37688439E-03
+61.72500E-06 +0.0E+00 +0.0E+00
+61.75000E-06 -23.11557709E-03 +2.25125626E-03
+61.77500E-06 -184.92461741E-03 -2.25125626E-03
+61.80000E-06 -92.46230870E-03 -562.81406E-06
+61.82500E-06 +0.0E+00 +0.0E+00
+61.85000E-06 -184.92461741E-03 +0.0E+00
+61.87500E-06 -208.04019450E-03 +0.0E+00
+61.90000E-06 -92.46230870E-03 -1.68844220E-03
+61.92500E-06 -161.80904032E-03 +0.0E+00
+61.95000E-06 -184.92461741E-03 -2.25125626E-03
+61.97500E-06 -92.46230870E-03 -1.68844220E-03
+62.00000E-06 -23.11557709E-03 +0.0E+00
+62.02500E-06 -208.04019450E-03 -562.81406E-06
+62.05000E-06 -184.92461741E-03 +0.0E+00
+62.07500E-06 -23.11557709E-03 -1.68844220E-03
+62.10000E-06 -92.46230870E-03 +2.25125626E-03
+62.12500E-06 -184.92461741E-03 -2.25125626E-03
+62.15000E-06 -161.80904032E-03 -1.68844220E-03
+62.17500E-06 -69.34673161E-03 -1.68844220E-03
+62.20000E-06 -208.04019450E-03 -1.68844220E-03
+62.22500E-06 -161.80904032E-03 -2.25125626E-03
+62.25000E-06 -161.80904032E-03 +0.0E+00
+62.27500E-06 -115.57788579E-03 +0.0E+00
+62.30000E-06 -115.57788579E-03 +0.0E+00
+62.32500E-06 -161.80904032E-03 +1.68844220E-03
+62.35000E-06 -92.46230870E-03 +0.0E+00
+62.37500E-06 -184.92461741E-03 -1.68844220E-03
+62.40000E-06 -115.57788579E-03 -562.81406E-06
+62.42500E-06 -92.46230870E-03 +0.0E+00
+62.45000E-06 -92.46230870E-03 +0.0E+00
+62.47500E-06 -184.92461741E-03 -2.25125626E-03
+62.50000E-06 -92.46230870E-03 -2.25125626E-03
+62.52500E-06 -92.46230870E-03 +562.81406E-06
+62.55000E-06 -184.92461741E-03 +0.0E+00
+62.57500E-06 -92.46230870E-03 -1.68844220E-03
+62.60000E-06 +0.0E+00 -2.25125626E-03
+62.62500E-06 -92.46230870E-03 +0.0E+00
+62.65000E-06 -184.92461741E-03 +0.0E+00
+62.67500E-06 -115.57788579E-03 -562.81406E-06
+62.70000E-06 -92.46230870E-03 +562.81406E-06
+62.72500E-06 -184.92461741E-03 -562.81406E-06
+62.75000E-06 -115.57788579E-03 +0.0E+00
+62.77500E-06 -23.11557709E-03 -1.12562813E-03
+62.80000E-06 -115.57788579E-03 -562.81406E-06
+62.82500E-06 -92.46230870E-03 -562.81406E-06
+62.85000E-06 -92.46230870E-03 +0.0E+00
+62.87500E-06 -46.23115418E-03 +562.81406E-06
+62.90000E-06 -161.80904032E-03 -1.68844220E-03
+62.92500E-06 -92.46230870E-03 -562.81406E-06
+62.95000E-06 -92.46230870E-03 +0.0E+00
+62.97500E-06 -92.46230870E-03 +0.0E+00
+63.00000E-06 -92.46230870E-03 -562.81406E-06
+63.02500E-06 -92.46230870E-03 +0.0E+00
+63.05000E-06 -92.46230870E-03 +0.0E+00
+63.07500E-06 -115.57788579E-03 -1.68844220E-03
+63.10000E-06 -92.46230870E-03 -1.68844220E-03
+63.12500E-06 -161.80904032E-03 +1.12562813E-03
+63.15000E-06 -92.46230870E-03 +0.0E+00
+63.17500E-06 -69.34673162E-03 -3.93969845E-03
+63.20000E-06 -92.46230870E-03 +0.0E+00
+63.22500E-06 -161.80904032E-03 +1.68844220E-03
+63.25000E-06 -161.80904032E-03 -562.81406E-06
+63.27500E-06 -115.57788579E-03 +0.0E+00
+63.30000E-06 +0.0E+00 +0.0E+00
+63.32500E-06 -161.80904032E-03 +0.0E+00
+63.35000E-06 -184.92461741E-03 +0.0E+00
+63.37500E-06 -92.46230870E-03 -2.25125626E-03
+63.40000E-06 -92.46230870E-03 -562.81406E-06
+63.42500E-06 -184.92461741E-03 +0.0E+00
+63.45000E-06 -184.92461741E-03 -562.81406E-06
+63.47500E-06 -92.46230870E-03 +0.0E+00
+63.50000E-06 -92.46230870E-03 +0.0E+00
+63.52500E-06 -161.80904032E-03 +0.0E+00
+63.55000E-06 -92.46230870E-03 +562.81406E-06
+63.57500E-06 -92.46230870E-03 -1.12562813E-03
+63.60000E-06 -138.69346288E-03 -562.81406E-06
+63.62500E-06 -161.80904032E-03 +0.0E+00
+63.65000E-06 -161.80904032E-03 +562.81406E-06
+63.67500E-06 -208.04019450E-03 +1.68844220E-03
+63.70000E-06 -92.46230870E-03 -562.81406E-06
+63.72500E-06 -69.34673162E-03 +0.0E+00
+63.75000E-06 -184.92461741E-03 +562.81406E-06
+63.77500E-06 -92.46230870E-03 -1.68844220E-03
+63.80000E-06 -69.34673162E-03 +1.12562813E-03
+63.82500E-06 -115.57788579E-03 -562.81406E-06
+63.85000E-06 -161.80904032E-03 +0.0E+00
+63.87500E-06 -115.57788579E-03 -1.68844220E-03
+63.90000E-06 -92.46230870E-03 +0.0E+00
+63.92500E-06 -92.46230870E-03 -562.81406E-06
+63.95000E-06 -46.23115417E-03 +0.0E+00
+63.97500E-06 -92.46230870E-03 -1.68844220E-03
+64.00000E-06 -69.34673162E-03 -1.12562812E-03
+64.02500E-06 -92.46230870E-03 +0.0E+00
+64.05000E-06 -161.80904032E-03 +0.0E+00
+64.07500E-06 -46.23115417E-03 +0.0E+00
+64.10000E-06 -92.46230870E-03 +0.0E+00
+64.12500E-06 -92.46230870E-03 -562.81406E-06
+64.15000E-06 -92.46230870E-03 +0.0E+00
+64.17500E-06 -92.46230870E-03 -1.68844220E-03
+64.20000E-06 -92.46230870E-03 -562.81406E-06
+64.22500E-06 -92.46230870E-03 +0.0E+00
+64.25000E-06 -161.80904032E-03 +0.0E+00
+64.27500E-06 -115.57788579E-03 +0.0E+00
+64.30000E-06 -161.80904032E-03 +0.0E+00
+64.32500E-06 -92.46230870E-03 -562.81406E-06
+64.35000E-06 -92.46230870E-03 +2.25125626E-03
+64.37500E-06 -161.80904032E-03 -1.68844220E-03
+64.40000E-06 -92.46230870E-03 -2.25125626E-03
+64.42500E-06 -92.46230870E-03 +1.68844220E-03
+64.45000E-06 -161.80904032E-03 +0.0E+00
+64.47500E-06 -184.92461741E-03 +0.0E+00
+64.50000E-06 -92.46230870E-03 +0.0E+00
+64.52500E-06 -92.46230870E-03 +0.0E+00
+64.55000E-06 -92.46230870E-03 +0.0E+00
+64.57500E-06 -92.46230870E-03 +0.0E+00
+64.60000E-06 -92.46230870E-03 -562.81406E-06
+64.62500E-06 -92.46230870E-03 +0.0E+00
+64.65000E-06 -161.80904032E-03 +0.0E+00
+64.67500E-06 -92.46230870E-03 +0.0E+00
+64.70000E-06 -92.46230870E-03 -2.25125626E-03
+64.72500E-06 -92.46230870E-03 +0.0E+00
+64.75000E-06 -115.57788579E-03 +0.0E+00
+64.77500E-06 -92.46230870E-03 -1.68844220E-03
+64.80000E-06 -69.34673162E-03 -562.81406E-06
+64.82500E-06 -115.57788579E-03 +0.0E+00
+64.85000E-06 -184.92461741E-03 -562.81406E-06
+64.87500E-06 -115.57788579E-03 -1.68844220E-03
+64.90000E-06 -161.80904033E-03 +0.0E+00
+64.92500E-06 -92.46230870E-03 +0.0E+00
+64.95000E-06 -115.57788579E-03 +0.0E+00
+64.97500E-06 -92.46230870E-03 -1.68844220E-03
+65.00000E-06 -115.57788579E-03 -562.81406E-06
+65.02500E-06 -92.46230870E-03 +0.0E+00
+65.05000E-06 -161.80904033E-03 +0.0E+00
+65.07500E-06 -23.11557708E-03 +0.0E+00
+65.10000E-06 -92.46230870E-03 -1.68844220E-03
+65.12500E-06 -161.80904033E-03 +0.0E+00
+65.15000E-06 -115.57788579E-03 +0.0E+00
+65.17500E-06 -92.46230870E-03 -1.68844220E-03
+65.20000E-06 -69.34673162E-03 -2.25125626E-03
+65.22500E-06 -92.46230870E-03 +0.0E+00
+65.25000E-06 -161.80904033E-03 -2.25125626E-03
+65.27500E-06 -115.57788579E-03 -2.25125626E-03
+65.30000E-06 -92.46230870E-03 +0.0E+00
+65.32500E-06 -115.57788579E-03 +0.0E+00
+65.35000E-06 -92.46230870E-03 +0.0E+00
+65.37500E-06 -92.46230870E-03 -1.68844220E-03
+65.40000E-06 -92.46230870E-03 -562.81406E-06
+65.42500E-06 -69.34673162E-03 -562.81406E-06
+65.45000E-06 -161.80904033E-03 +0.0E+00
+65.47500E-06 -46.23115417E-03 +0.0E+00
+65.50000E-06 -161.80904033E-03 -2.25125626E-03
+65.52500E-06 -92.46230870E-03 -562.81406E-06
+65.55000E-06 -161.80904033E-03 +0.0E+00
+65.57500E-06 -92.46230870E-03 -1.68844220E-03
+65.60000E-06 -92.46230870E-03 -562.81406E-06
+65.62500E-06 -161.80904033E-03 +0.0E+00
+65.65000E-06 -92.46230870E-03 +0.0E+00
+65.67500E-06 -46.23115416E-03 +0.0E+00
+65.70000E-06 -92.46230870E-03 +0.0E+00
+65.72500E-06 -23.11557708E-03 +0.0E+00
+65.75000E-06 -23.11557708E-03 +0.0E+00
+65.77500E-06 -92.46230870E-03 +0.0E+00
+65.80000E-06 -69.34673162E-03 -2.25125626E-03
+65.82500E-06 -92.46230870E-03 -562.81406E-06
+65.85000E-06 -161.80904033E-03 +0.0E+00
+65.87500E-06 -184.92461741E-03 -1.68844220E-03
+65.90000E-06 -92.46230870E-03 +0.0E+00
+65.92500E-06 -115.57788579E-03 +0.0E+00
+65.95000E-06 -92.46230870E-03 -1.68844220E-03
+65.97500E-06 -69.34673162E-03 -1.68844220E-03
+66.00000E-06 -184.92461741E-03 -562.81406E-06
+66.02500E-06 -161.80904033E-03 +0.0E+00
+66.05000E-06 -92.46230870E-03 -562.81406E-06
+66.07500E-06 -92.46230870E-03 +0.0E+00
+66.10000E-06 -92.46230870E-03 -1.68844220E-03
+66.12500E-06 -92.46230870E-03 +0.0E+00
+66.15000E-06 -92.46230870E-03 -1.68844220E-03
+66.17500E-06 -69.34673162E-03 +0.0E+00
+66.20000E-06 -92.46230870E-03 -2.25125626E-03
+66.22500E-06 -92.46230870E-03 +0.0E+00
+66.25000E-06 -161.80904033E-03 +0.0E+00
+66.27500E-06 -115.57788579E-03 +0.0E+00
+66.30000E-06 -69.34673162E-03 -1.68844220E-03
+66.32500E-06 -161.80904033E-03 -562.81406E-06
+66.35000E-06 -92.46230870E-03 +0.0E+00
+66.37500E-06 -92.46230870E-03 +0.0E+00
+66.40000E-06 -161.80904033E-03 -562.81406E-06
+66.42500E-06 -92.46230870E-03 -562.81406E-06
+66.45000E-06 -161.80904033E-03 +0.0E+00
+66.47500E-06 -115.57788579E-03 +1.12562813E-03
+66.50000E-06 -92.46230870E-03 +0.0E+00
+66.52500E-06 -92.46230870E-03 +1.68844220E-03
+66.55000E-06 -92.46230870E-03 +0.0E+00
+66.57500E-06 -92.46230870E-03 -2.25125626E-03
+66.60000E-06 -92.46230870E-03 +0.0E+00
+66.62500E-06 -92.46230870E-03 +0.0E+00
+66.65000E-06 -184.92461741E-03 +0.0E+00
+66.67500E-06 -115.57788578E-03 +0.0E+00
+66.70000E-06 -92.46230870E-03 -2.25125626E-03
+66.72500E-06 -92.46230870E-03 +0.0E+00
+66.75000E-06 -92.46230870E-03 +0.0E+00
+66.77500E-06 -92.46230870E-03 -1.68844220E-03
+66.80000E-06 -92.46230870E-03 -562.81406E-06
+66.82500E-06 -92.46230870E-03 +0.0E+00
+66.85000E-06 -161.80904033E-03 +0.0E+00
+66.87500E-06 -115.57788578E-03 +0.0E+00
+66.90000E-06 -161.80904033E-03 -562.81406E-06
+66.92500E-06 -92.46230870E-03 -562.81406E-06
+66.95000E-06 -115.57788578E-03 +562.81406E-06
+66.97500E-06 -92.46230870E-03 -1.68844220E-03
+67.00000E-06 -92.46230870E-03 +0.0E+00
+67.02500E-06 -92.46230870E-03 -562.81406E-06
+67.05000E-06 -184.92461741E-03 +1.68844220E-03
+67.07500E-06 -115.57788578E-03 +0.0E+00
+67.10000E-06 -92.46230870E-03 +0.0E+00
+67.12500E-06 -23.11557708E-03 +0.0E+00
+67.15000E-06 -115.57788578E-03 -1.68844220E-03
+67.17500E-06 -92.46230870E-03 -2.25125626E-03
+67.20000E-06 -92.46230870E-03 -2.81407032E-03
+67.22500E-06 -161.80904033E-03 +0.0E+00
+67.25000E-06 -184.92461741E-03 +0.0E+00
+67.27500E-06 -184.92461741E-03 +0.0E+00
+67.30000E-06 -69.34673163E-03 -1.68844220E-03
+67.32500E-06 -92.46230870E-03 +0.0E+00
+67.35000E-06 -92.46230870E-03 +0.0E+00
+67.37500E-06 -115.57788578E-03 -1.68844220E-03
+67.40000E-06 -69.34673163E-03 +1.12562813E-03
+67.42500E-06 -184.92461741E-03 -562.81406E-06
+67.45000E-06 -184.92461741E-03 +1.68844220E-03
+67.47500E-06 -115.57788578E-03 +0.0E+00
+67.50000E-06 -115.57788578E-03 -1.68844220E-03
+67.52500E-06 -92.46230870E-03 -562.81406E-06
+67.55000E-06 -115.57788578E-03 +0.0E+00
+67.57500E-06 -69.34673163E-03 -1.68844220E-03
+67.60000E-06 -92.46230870E-03 +0.0E+00
+67.62500E-06 -92.46230870E-03 +562.81406E-06
+67.65000E-06 -161.80904033E-03 +0.0E+00
+67.67500E-06 -115.57788578E-03 +0.0E+00
+67.70000E-06 -161.80904033E-03 +0.0E+00
+67.72500E-06 -92.46230870E-03 +0.0E+00
+67.75000E-06 -92.46230870E-03 +0.0E+00
+67.77500E-06 -92.46230870E-03 -2.25125626E-03
+67.80000E-06 -115.57788578E-03 -2.25125626E-03
+67.82500E-06 -92.46230870E-03 -1.68844220E-03
+67.85000E-06 -161.80904033E-03 +0.0E+00
+67.87500E-06 -184.92461741E-03 -562.81406E-06
+67.90000E-06 -92.46230870E-03 +0.0E+00
+67.92500E-06 -161.80904033E-03 -562.81406E-06
+67.95000E-06 -92.46230870E-03 -1.68844220E-03
+67.97500E-06 -92.46230870E-03 -1.68844220E-03
+68.00000E-06 -184.92461741E-03 +0.0E+00
+68.02500E-06 -92.46230870E-03 +0.0E+00
+68.05000E-06 -161.80904033E-03 +562.81406E-06
+68.07500E-06 -92.46230870E-03 +0.0E+00
+68.10000E-06 -92.46230870E-03 +0.0E+00
+68.12500E-06 -161.80904033E-03 +0.0E+00
+68.15000E-06 -115.57788578E-03 +0.0E+00
+68.17500E-06 -161.80904033E-03 -2.25125626E-03
+68.20000E-06 -92.46230870E-03 -2.25125626E-03
+68.22500E-06 -92.46230870E-03 +1.68844220E-03
+68.25000E-06 -92.46230870E-03 +0.0E+00
+68.27500E-06 -92.46230870E-03 +0.0E+00
+68.30000E-06 -92.46230870E-03 -1.68844220E-03
+68.32500E-06 -92.46230870E-03 +0.0E+00
+68.35000E-06 -92.46230870E-03 -2.25125626E-03
+68.37500E-06 -161.80904033E-03 -1.68844220E-03
+68.40000E-06 -92.46230870E-03 +0.0E+00
+68.42500E-06 -92.46230870E-03 +0.0E+00
+68.45000E-06 -92.46230870E-03 +0.0E+00
+68.47500E-06 -115.57788578E-03 +0.0E+00
+68.50000E-06 -161.80904033E-03 -1.68844220E-03
+68.52500E-06 -184.92461741E-03 -2.25125626E-03
+68.55000E-06 -115.57788578E-03 +0.0E+00
+68.57500E-06 -115.57788578E-03 -1.68844220E-03
+68.60000E-06 -161.80904033E-03 -562.81406E-06
+68.62500E-06 -92.46230870E-03 +0.0E+00
+68.65000E-06 -161.80904033E-03 -1.68844220E-03
+68.67500E-06 -115.57788578E-03 -1.68844220E-03
+68.70000E-06 -92.46230870E-03 -1.68844220E-03
+68.72500E-06 -92.46230870E-03 -2.25125626E-03
+68.75000E-06 -92.46230870E-03 +0.0E+00
+68.77500E-06 -92.46230870E-03 +562.81406E-06
+68.80000E-06 -92.46230870E-03 -562.81406E-06
+68.82500E-06 -92.46230870E-03 -562.81406E-06
+68.85000E-06 -161.80904033E-03 +0.0E+00
+68.87500E-06 -92.46230870E-03 +0.0E+00
+68.90000E-06 -161.80904033E-03 -1.68844220E-03
+68.92500E-06 -92.46230870E-03 -562.81406E-06
+68.95000E-06 -115.57788578E-03 -1.68844220E-03
+68.97500E-06 -161.80904034E-03 -1.68844220E-03
+69.00000E-06 -161.80904034E-03 -2.25125626E-03
+69.02500E-06 -184.92461741E-03 +0.0E+00
+69.05000E-06 -184.92461741E-03 +0.0E+00
+69.07500E-06 -115.57788578E-03 +0.0E+00
+69.10000E-06 -69.34673163E-03 -562.81406E-06
+69.12500E-06 -231.15577197E-03 +0.0E+00
+69.15000E-06 -161.80904034E-03 +0.0E+00
+69.17500E-06 -161.80904034E-03 -1.68844220E-03
+69.20000E-06 -92.46230870E-03 -2.25125626E-03
+69.22500E-06 -115.57788578E-03 +2.25125626E-03
+69.25000E-06 -161.80904034E-03 +0.0E+00
+69.27500E-06 -184.92461741E-03 +0.0E+00
+69.30000E-06 -184.92461741E-03 +0.0E+00
+69.32500E-06 -92.46230870E-03 +0.0E+00
+69.35000E-06 -23.11557707E-03 -562.81406E-06
+69.37500E-06 -92.46230870E-03 +0.0E+00
+69.40000E-06 -92.46230870E-03 -562.81406E-06
+69.42500E-06 -92.46230870E-03 -562.81406E-06
+69.45000E-06 -161.80904034E-03 +0.0E+00
+69.47500E-06 -115.57788578E-03 +0.0E+00
+69.50000E-06 -92.46230870E-03 -562.81406E-06
+69.52500E-06 -92.46230870E-03 -562.81406E-06
+69.55000E-06 -92.46230870E-03 +1.68844220E-03
+69.57500E-06 -92.46230870E-03 -1.68844220E-03
+69.60000E-06 -161.80904034E-03 -2.25125626E-03
+69.62500E-06 -161.80904034E-03 +0.0E+00
+69.65000E-06 -92.46230870E-03 +0.0E+00
+69.67500E-06 -115.57788578E-03 +0.0E+00
+69.70000E-06 -92.46230870E-03 -1.68844220E-03
+69.72500E-06 -92.46230870E-03 +0.0E+00
+69.75000E-06 -92.46230870E-03 +0.0E+00
+69.77500E-06 -69.34673163E-03 -1.68844220E-03
+69.80000E-06 -161.80904034E-03 -562.81406E-06
+69.82500E-06 -115.57788578E-03 +0.0E+00
+69.85000E-06 -184.92461741E-03 +0.0E+00
+69.87500E-06 -115.57788578E-03 +0.0E+00
+69.90000E-06 -92.46230870E-03 +0.0E+00
+69.92500E-06 -92.46230870E-03 -562.81406E-06
+69.95000E-06 -92.46230870E-03 -2.25125626E-03
+69.97500E-06 -92.46230870E-03 -1.68844220E-03
+70.00000E-06 -92.46230870E-03 -562.81406E-06
+70.02500E-06 -92.46230870E-03 -3.93969845E-03
+70.05000E-06 -115.57788578E-03 +0.0E+00
+70.07500E-06 -23.11557707E-03 +0.0E+00
+70.10000E-06 -161.80904034E-03 -2.25125626E-03
+70.12500E-06 -184.92461741E-03 -1.68844220E-03
+70.15000E-06 -184.92461741E-03 +0.0E+00
+70.17500E-06 -92.46230870E-03 -1.68844220E-03
+70.20000E-06 -92.46230870E-03 +0.0E+00
+70.22500E-06 -92.46230870E-03 +1.68844220E-03
+70.25000E-06 -161.80904034E-03 +0.0E+00
+70.27500E-06 -115.57788578E-03 -1.68844220E-03
+70.30000E-06 -161.80904034E-03 +0.0E+00
+70.32500E-06 -92.46230870E-03 +0.0E+00
+70.35000E-06 -92.46230870E-03 +0.0E+00
+70.37500E-06 -161.80904034E-03 +0.0E+00
+70.40000E-06 -92.46230870E-03 -2.25125626E-03
+70.42500E-06 -92.46230870E-03 +0.0E+00
+70.45000E-06 -161.80904034E-03 +0.0E+00
+70.47500E-06 -115.57788578E-03 +0.0E+00
+70.50000E-06 -92.46230870E-03 +0.0E+00
+70.52500E-06 -92.46230870E-03 -2.25125626E-03
+70.55000E-06 -115.57788578E-03 +0.0E+00
+70.57500E-06 -92.46230870E-03 -2.25125626E-03
+70.60000E-06 -115.57788578E-03 -562.81406E-06
+70.62500E-06 -161.80904034E-03 -562.81406E-06
+70.65000E-06 -161.80904034E-03 +0.0E+00
+70.67500E-06 -115.57788578E-03 +0.0E+00
+70.70000E-06 -69.34673163E-03 +0.0E+00
+70.72500E-06 -92.46230870E-03 +0.0E+00
+70.75000E-06 -92.46230870E-03 +562.81406E-06
+70.77500E-06 -92.46230870E-03 +562.81406E-06
+70.80000E-06 -92.46230870E-03 -562.81406E-06
+70.82500E-06 -92.46230870E-03 +0.0E+00
+70.85000E-06 -161.80904034E-03 +1.68844220E-03
+70.87500E-06 -92.46230870E-03 +0.0E+00
+70.90000E-06 -92.46230870E-03 +0.0E+00
+70.92500E-06 -92.46230870E-03 +0.0E+00
+70.95000E-06 -92.46230870E-03 +0.0E+00
+70.97500E-06 -161.80904034E-03 -1.12562813E-03
+71.00000E-06 -69.34673163E-03 -2.25125626E-03
+71.02500E-06 -92.46230870E-03 +562.81406E-06
+71.05000E-06 -92.46230870E-03 +0.0E+00
+71.07500E-06 -92.46230870E-03 -1.68844220E-03
+71.10000E-06 -161.80904034E-03 -2.25125626E-03
+71.12500E-06 -161.80904034E-03 -2.25125626E-03
+71.15000E-06 -23.11557707E-03 +0.0E+00
+71.17500E-06 -92.46230870E-03 -1.68844220E-03
+71.20000E-06 -92.46230870E-03 +1.12562813E-03
+71.22500E-06 -92.46230870E-03 +0.0E+00
+71.25000E-06 -161.80904034E-03 +562.81406E-06
+71.27500E-06 -46.23115414E-03 +0.0E+00
+71.30000E-06 -161.80904034E-03 -562.81406E-06
+71.32500E-06 -115.57788577E-03 +0.0E+00
+71.35000E-06 -92.46230870E-03 +0.0E+00
+71.37500E-06 -115.57788577E-03 -1.68844220E-03
+71.40000E-06 -92.46230870E-03 -562.81406E-06
+71.42500E-06 -184.92461741E-03 +1.68844220E-03
+71.45000E-06 -184.92461741E-03 +2.25125626E-03
+71.47500E-06 -115.57788577E-03 +0.0E+00
+71.50000E-06 -92.46230870E-03 -1.68844220E-03
+71.52500E-06 -161.80904034E-03 +1.12562813E-03
+71.55000E-06 -115.57788577E-03 +0.0E+00
+71.57500E-06 -92.46230870E-03 -1.68844220E-03
+71.60000E-06 -92.46230870E-03 -562.81406E-06
+71.62500E-06 -161.80904034E-03 -562.81406E-06
+71.65000E-06 -23.11557707E-03 +562.81406E-06
+71.67500E-06 -115.57788577E-03 -1.68844220E-03
+71.70000E-06 -161.80904034E-03 -1.68844220E-03
+71.72500E-06 -92.46230870E-03 -562.81406E-06
+71.75000E-06 -115.57788577E-03 +1.68844220E-03
+71.77500E-06 -115.57788577E-03 +0.0E+00
+71.80000E-06 -231.15577198E-03 +1.68844220E-03
+71.82500E-06 -92.46230870E-03 +0.0E+00
+71.85000E-06 -161.80904034E-03 +0.0E+00
+71.87500E-06 -115.57788577E-03 -1.68844220E-03
+71.90000E-06 -92.46230870E-03 +562.81406E-06
+71.92500E-06 -115.57788577E-03 +0.0E+00
+71.95000E-06 -115.57788577E-03 +0.0E+00
+71.97500E-06 -161.80904034E-03 -3.93969845E-03
+72.00000E-06 -92.46230870E-03 -1.12562812E-03
+72.02500E-06 -92.46230870E-03 +0.0E+00
+72.05000E-06 -161.80904034E-03 +1.68844220E-03
+72.07500E-06 -115.57788577E-03 +0.0E+00
+72.10000E-06 -161.80904034E-03 +0.0E+00
+72.12500E-06 -161.80904034E-03 -562.81406E-06
+72.15000E-06 -115.57788577E-03 +562.81406E-06
+72.17500E-06 -92.46230870E-03 +0.0E+00
+72.20000E-06 -115.57788577E-03 -2.25125626E-03
+72.22500E-06 -161.80904034E-03 +0.0E+00
+72.25000E-06 -161.80904034E-03 +0.0E+00
+72.27500E-06 -115.57788577E-03 -1.68844220E-03
+72.30000E-06 -69.34673164E-03 +562.81406E-06
+72.32500E-06 -92.46230870E-03 +0.0E+00
+72.35000E-06 -115.57788577E-03 +0.0E+00
+72.37500E-06 -92.46230870E-03 -1.12562813E-03
+72.40000E-06 -92.46230870E-03 -562.81406E-06
+72.42500E-06 -92.46230870E-03 -562.81406E-06
+72.45000E-06 -161.80904034E-03 +0.0E+00
+72.47500E-06 -184.92461741E-03 +0.0E+00
+72.50000E-06 -69.34673164E-03 +0.0E+00
+72.52500E-06 -92.46230870E-03 +0.0E+00
+72.55000E-06 -92.46230870E-03 +0.0E+00
+72.57500E-06 -92.46230870E-03 -1.68844220E-03
+72.60000E-06 -92.46230870E-03 -562.81406E-06
+72.62500E-06 -92.46230870E-03 -562.81406E-06
+72.65000E-06 -161.80904034E-03 +0.0E+00
+72.67500E-06 -115.57788577E-03 +562.81406E-06
+72.70000E-06 -92.46230870E-03 +0.0E+00
+72.72500E-06 -161.80904034E-03 +1.68844220E-03
+72.75000E-06 -23.11557707E-03 +0.0E+00
+72.77500E-06 -92.46230870E-03 -1.68844220E-03
+72.80000E-06 -92.46230870E-03 +0.0E+00
+72.82500E-06 -92.46230870E-03 -562.81406E-06
+72.85000E-06 -92.46230870E-03 +562.81406E-06
+72.87500E-06 -23.11557707E-03 -1.68844220E-03
+72.90000E-06 -161.80904034E-03 +0.0E+00
+72.92500E-06 -92.46230870E-03 +0.0E+00
+72.95000E-06 -92.46230870E-03 +0.0E+00
+72.97500E-06 -69.34673164E-03 +0.0E+00
+73.00000E-06 -92.46230870E-03 +0.0E+00
+73.02500E-06 -161.80904034E-03 +0.0E+00
+73.05000E-06 -184.92461741E-03 +0.0E+00
+73.07500E-06 -92.46230870E-03 +0.0E+00
+73.10000E-06 -92.46230870E-03 +0.0E+00
+73.12500E-06 -161.80904034E-03 -2.25125626E-03
+73.15000E-06 -46.23115413E-03 +0.0E+00
+73.17500E-06 -161.80904034E-03 -1.12562813E-03
+73.20000E-06 -92.46230870E-03 -562.81406E-06
+73.22500E-06 -92.46230870E-03 +0.0E+00
+73.25000E-06 -161.80904034E-03 +562.81406E-06
+73.27500E-06 -115.57788577E-03 -2.25125626E-03
+73.30000E-06 -92.46230870E-03 +0.0E+00
+73.32500E-06 -115.57788577E-03 +0.0E+00
+73.35000E-06 -92.46230870E-03 +0.0E+00
+73.37500E-06 -92.46230870E-03 +0.0E+00
+73.40000E-06 -92.46230870E-03 -562.81406E-06
+73.42500E-06 -92.46230870E-03 -562.81406E-06
+73.45000E-06 -184.92461741E-03 +1.68844220E-03
+73.47500E-06 -115.57788577E-03 -1.68844220E-03
+73.50000E-06 -161.80904035E-03 +0.0E+00
+73.52500E-06 -92.46230870E-03 -562.81406E-06
+73.55000E-06 -92.46230870E-03 -562.81406E-06
+73.57500E-06 -184.92461741E-03 -2.25125626E-03
+73.60000E-06 -161.80904035E-03 -562.81406E-06
+73.62500E-06 -92.46230870E-03 -1.68844220E-03
+73.65000E-06 -161.80904035E-03 +0.0E+00
+73.67500E-06 -115.57788577E-03 -1.68844220E-03
+73.70000E-06 -161.80904035E-03 -1.12562812E-03
+73.72500E-06 -115.57788577E-03 -562.81406E-06
+73.75000E-06 -115.57788577E-03 +2.25125626E-03
+73.77500E-06 -92.46230870E-03 -2.25125626E-03
+73.80000E-06 -92.46230870E-03 -562.81406E-06
+73.82500E-06 -115.57788577E-03 +0.0E+00
+73.85000E-06 -138.69346328E-03 +0.0E+00
+73.87500E-06 -115.57788577E-03 +0.0E+00
