x-axis 1 2
second Volt Volt
+35.55000E-06 -62.31155712E-03 -218.21607E-06
+35.56500E-06 -49.84924570E-03 -379.02009E-06
+35.58000E-06 -49.84924570E-03 -700.62812E-06
+35.59500E-06 -49.84924570E-03 -218.21607E-06
+35.61000E-06 -49.84924570E-03 +264.19599E-06
+35.62500E-06 -62.31155712E-03 -218.21607E-06
+35.64000E-06 -99.69849139E-03 -57.41205E-06
+35.65500E-06 -49.84924570E-03 +264.19599E-06
+35.67000E-06 -49.84924570E-03 +264.19599E-06
+35.68500E-06 -62.31155712E-03 -379.02009E-06
+35.70000E-06 -12.46231143E-03 -700.62812E-06
+35.71500E-06 -99.69849139E-03 -218.21607E-06
+35.73000E-06 -62.31155712E-03 +264.19599E-06
+35.74500E-06 -62.31155712E-03 -700.62812E-06
+35.76000E-06 -87.23617997E-03 +425.00001E-06
+35.77500E-06 -87.23617997E-03 +264.19599E-06
+35.79000E-06 -37.38693427E-03 +264.19599E-06
+35.80500E-06 -49.84924570E-03 -379.02009E-06
+35.82000E-06 -49.84924570E-03 -700.62812E-06
+35.83500E-06 -49.84924570E-03 +425.00001E-06
+35.85000E-06 -49.84924570E-03 +264.19599E-06
+35.86500E-06 -99.69849139E-03 -57.41205E-06
+35.88000E-06 -87.23617997E-03 -57.41205E-06
+35.89500E-06 -87.23617997E-03 -57.41205E-06
+35.91000E-06 -49.84924570E-03 -218.21607E-06
+35.92500E-06 -49.84924570E-03 +103.39197E-06
+35.94000E-06 -49.84924570E-03 -861.43214E-06
+35.95500E-06 -49.84924570E-03 -379.02009E-06
+35.97000E-06 -99.69849139E-03 +264.19599E-06
+35.98500E-06 -62.31155712E-03 -218.21607E-06
+36.00000E-06 -87.23617997E-03 -57.41205E-06
+36.01500E-06 -87.23617997E-03 +425.00001E-06
+36.03000E-06 -49.84924570E-03 -218.21607E-06
+36.04500E-06 -49.84924570E-03 +103.39197E-06
+36.06000E-06 -62.31155712E-03 -218.21607E-06
+36.07500E-06 -99.69849139E-03 +425.00001E-06
+36.09000E-06 -49.84924570E-03 -379.02009E-06
+36.10500E-06 -62.31155712E-03 -57.41205E-06
+36.12000E-06 -74.77386854E-03 +907.41206E-06
+36.13500E-06 -49.84924570E-03 -218.21607E-06
+36.15000E-06 -49.84924570E-03 -218.21607E-06
+36.16500E-06 +0.0E+00 +103.39197E-06
+36.18000E-06 -99.69849139E-03 -700.62812E-06
+36.19500E-06 -87.23617997E-03 -218.21607E-06
+36.21000E-06 -49.84924570E-03 +103.39197E-06
+36.22500E-06 -62.31155712E-03 -700.62812E-06
+36.24000E-06 -87.23617997E-03 +425.00001E-06
+36.25500E-06 -49.84924570E-03 -218.21607E-06
+36.27000E-06 -49.84924570E-03 +264.19599E-06
+36.28500E-06 -49.84924570E-03 -379.02009E-06
+36.30000E-06 -62.31155712E-03 -700.62812E-06
+36.31500E-06 -87.23617997E-03 -218.21607E-06
+36.33000E-06 -49.84924570E-03 -700.62812E-06
+36.34500E-06 -12.46231143E-03 -379.02009E-06
+36.36000E-06 -87.23617997E-03 +103.39197E-06
+36.37500E-06 -49.84924570E-03 -700.62812E-06
+36.39000E-06 -99.69849139E-03 -218.21607E-06
+36.40500E-06 -49.84924570E-03 -218.21607E-06
+36.42000E-06 -49.84924570E-03 -700.62812E-06
+36.43500E-06 -99.69849139E-03 +264.19599E-06
+36.45000E-06 -49.84924570E-03 +103.39197E-06
+36.46500E-06 -62.31155712E-03 +425.00001E-06
+36.48000E-06 -87.23617997E-03 -218.21607E-06
+36.49500E-06 -49.84924570E-03 +103.39197E-06
+36.51000E-06 -49.84924570E-03 -218.21607E-06
+36.52500E-06 -99.69849139E-03 -861.43214E-06
+36.54000E-06 -62.31155713E-03 -700.62812E-06
+36.55500E-06 -87.23617997E-03 +425.00001E-06
+36.57000E-06 -49.84924570E-03 +264.19599E-06
+36.58500E-06 -62.31155713E-03 -57.41205E-06
+36.60000E-06 -49.84924570E-03 -57.41205E-06
+36.61500E-06 -87.23617997E-03 -218.21607E-06
+36.63000E-06 -37.38693427E-03 +425.00001E-06
+36.64500E-06 -49.84924570E-03 -379.02009E-06
+36.66000E-06 -49.84924570E-03 -700.62812E-06
+36.67500E-06 -49.84924570E-03 +425.00001E-06
+36.69000E-06 -49.84924570E-03 +103.39197E-06
+36.70500E-06 -12.46231143E-03 -218.21607E-06
+36.72000E-06 -49.84924570E-03 -57.41205E-06
+36.73500E-06 -112.16080282E-03 -218.21607E-06
+36.75000E-06 -49.84924570E-03 -218.21607E-06
+36.76500E-06 -49.84924570E-03 -861.43214E-06
+36.78000E-06 -99.69849139E-03 -700.62812E-06
+36.79500E-06 -49.84924570E-03 -218.21607E-06
+36.81000E-06 -49.84924570E-03 -379.02009E-06
+36.82500E-06 -62.31155713E-03 -861.43214E-06
+36.84000E-06 -87.23617997E-03 -57.41205E-06
+36.85500E-06 -49.84924570E-03 -218.21607E-06
+36.87000E-06 -37.38693427E-03 -57.41205E-06
+36.88500E-06 -87.23617997E-03 -861.43214E-06
+36.90000E-06 -62.31155713E-03 -700.62812E-06
+36.91500E-06 -87.23617997E-03 -218.21607E-06
+36.93000E-06 -37.38693427E-03 -218.21607E-06
+36.94500E-06 -99.69849139E-03 -700.62812E-06
+36.96000E-06 -87.23617997E-03 -57.41205E-06
+36.97500E-06 -49.84924570E-03 +264.19599E-06
+36.99000E-06 -62.31155713E-03 -57.41205E-06
+37.00500E-06 -49.84924570E-03 -379.02009E-06
+37.02000E-06 -49.84924570E-03 -861.43214E-06
+37.03500E-06 -87.23617997E-03 -57.41205E-06
+37.05000E-06 -62.31155713E-03 -379.02009E-06
+37.06500E-06 -62.31155713E-03 -1.02223616E-03
+37.08000E-06 -99.69849139E-03 -57.41205E-06
+37.09500E-06 -37.38693427E-03 -57.41205E-06
+37.11000E-06 -87.23617996E-03 -379.02009E-06
+37.12500E-06 -49.84924570E-03 +264.19599E-06
+37.14000E-06 -49.84924570E-03 -57.41205E-06
+37.15500E-06 -87.23617996E-03 +264.19599E-06
+37.17000E-06 -87.23617996E-03 -861.43214E-06
+37.18500E-06 -62.31155713E-03 -861.43214E-06
+37.20000E-06 -87.23617996E-03 -379.02009E-06
+37.21500E-06 -49.84924570E-03 -700.62812E-06
+37.23000E-06 -49.84924570E-03 -861.43214E-06
+37.24500E-06 -87.23617996E-03 -861.43214E-06
+37.26000E-06 -87.23617996E-03 -218.21607E-06
+37.27500E-06 -87.23617996E-03 +425.00001E-06
+37.29000E-06 -49.84924570E-03 +264.19599E-06
+37.30500E-06 -24.92462286E-03 -218.21607E-06
+37.32000E-06 -49.84924570E-03 -57.41205E-06
+37.33500E-06 -49.84924570E-03 +425.00001E-06
+37.35000E-06 -49.84924570E-03 -218.21607E-06
+37.36500E-06 -62.31155713E-03 -1.02223616E-03
+37.38000E-06 -49.84924570E-03 -539.82410E-06
+37.39500E-06 -12.46231143E-03 -861.43214E-06
+37.41000E-06 -87.23617996E-03 -861.43214E-06
+37.42500E-06 -12.46231143E-03 -861.43214E-06
+37.44000E-06 -62.31155713E-03 -218.21607E-06
+37.45500E-06 -99.69849139E-03 +425.00001E-06
+37.47000E-06 -37.38693427E-03 -218.21607E-06
+37.48500E-06 -49.84924570E-03 -1.02223616E-03
+37.50000E-06 -12.46231143E-03 -700.62812E-06
+37.51500E-06 -37.38693427E-03 -218.21607E-06
+37.53000E-06 -49.84924570E-03 -379.02009E-06
+37.54500E-06 -62.31155713E-03 -1.34384420E-03
+37.56000E-06 -49.84924570E-03 +425.00001E-06
+37.57500E-06 -62.31155713E-03 +425.00001E-06
+37.59000E-06 -99.69849139E-03 +264.19599E-06
+37.60500E-06 -49.84924570E-03 -379.02009E-06
+37.62000E-06 -99.69849139E-03 -700.62812E-06
+37.63500E-06 -49.84924570E-03 +425.00001E-06
+37.65000E-06 -12.46231143E-03 -218.21607E-06
+37.66500E-06 -99.69849139E-03 -57.41205E-06
+37.68000E-06 -112.16080283E-03 -57.41205E-06
+37.69500E-06 -87.23617996E-03 -218.21607E-06
+37.71000E-06 -112.16080283E-03 -57.41205E-06
+37.72500E-06 -12.46231143E-03 -379.02009E-06
+37.74000E-06 -12.46231143E-03 -700.62812E-06
+37.75500E-06 -37.38693427E-03 +425.00001E-06
+37.77000E-06 -37.38693427E-03 -379.02009E-06
+37.78500E-06 -62.31155713E-03 -700.62812E-06
+37.80000E-06 -87.23617996E-03 +425.00001E-06
+37.81500E-06 -37.38693427E-03 -218.21607E-06
+37.83000E-06 -99.69849139E-03 +425.00001E-06
+37.84500E-06 +0.0E+00 +103.39197E-06
+37.86000E-06 -12.46231143E-03 -700.62812E-06
+37.87500E-06 -87.23617996E-03 -218.21607E-06
+37.89000E-06 +0.0E+00 -218.21607E-06
+37.90500E-06 -24.92462286E-03 -218.21607E-06
+37.92000E-06 -99.69849139E-03 -218.21607E-06
+37.93500E-06 -49.84924570E-03 -218.21607E-06
+37.95000E-06 -49.84924570E-03 -218.21607E-06
+37.96500E-06 -124.62311423E-03 -379.02009E-06
+37.98000E-06 -12.46231143E-03 -57.41205E-06
+37.99500E-06 -49.84924570E-03 -218.21607E-06
+38.01000E-06 -87.23617996E-03 -218.21607E-06
+38.02500E-06 -12.46231143E-03 -57.41205E-06
+38.04000E-06 -99.69849139E-03 -861.43214E-06
+38.05500E-06 -87.23617996E-03 +264.19599E-06
+38.07000E-06 -12.46231143E-03 -218.21607E-06
+38.08500E-06 -137.08542566E-03 -861.43214E-06
+38.10000E-06 -87.23617996E-03 +425.00001E-06
+38.11500E-06 -49.84924570E-03 -218.21607E-06
+38.13000E-06 -99.69849139E-03 -379.02009E-06
+38.14500E-06 -49.84924570E-03 -218.21607E-06
+38.16000E-06 -87.23617996E-03 -861.43214E-06
+38.17500E-06 -112.16080283E-03 +264.19599E-06
+38.19000E-06 -37.38693426E-03 +264.19599E-06
+38.20500E-06 -62.31155713E-03 -1.02223616E-03
+38.22000E-06 -99.69849139E-03 -57.41205E-06
+38.23500E-06 -87.23617996E-03 -57.41205E-06
+38.25000E-06 -87.23617996E-03 -218.21607E-06
+38.26500E-06 -99.69849139E-03 -700.62812E-06
+38.28000E-06 -37.38693426E-03 -218.21607E-06
+38.29500E-06 -112.16080283E-03 -218.21607E-06
+38.31000E-06 -87.23617996E-03 -57.41205E-06
+38.32500E-06 +0.0E+00 +103.39197E-06
+38.34000E-06 -99.69849139E-03 -1.34384420E-03
+38.35500E-06 -49.84924570E-03 +264.19599E-06
+38.37000E-06 -49.84924570E-03 -379.02009E-06
+38.38500E-06 -149.54773709E-03 -700.62812E-06
+38.40000E-06 -12.46231143E-03 +425.00001E-06
+38.41500E-06 -87.23617996E-03 -379.02009E-06
+38.43000E-06 -124.62311422E-03 -218.21607E-06
+38.44500E-06 +0.0E+00 -218.21607E-06
+38.46000E-06 -62.31155713E-03 -861.43214E-06
+38.47500E-06 -99.69849139E-03 -57.41205E-06
+38.49000E-06 +12.46231143E-03 +264.19599E-06
+38.50500E-06 -112.16080283E-03 -700.62812E-06
+38.52000E-06 -87.23617996E-03 +425.00001E-06
+38.53500E-06 +0.0E+00 -379.02009E-06
+38.55000E-06 -149.54773709E-03 +264.19599E-06
+38.56500E-06 -37.38693426E-03 +264.19599E-06
+38.58000E-06 -12.46231143E-03 -539.82410E-06
+38.59500E-06 -149.54773709E-03 -218.21607E-06
+38.61000E-06 -37.38693426E-03 +264.19599E-06
+38.62500E-06 -24.92462287E-03 -700.62812E-06
+38.64000E-06 -137.08542566E-03 +425.00001E-06
+38.65500E-06 -12.46231143E-03 +425.00001E-06
+38.67000E-06 -62.31155713E-03 -700.62812E-06
+38.68500E-06 -99.69849139E-03 -379.02009E-06
+38.70000E-06 +37.38693426E-03 -218.21607E-06
+38.71500E-06 -99.69849139E-03 -218.21607E-06
+38.73000E-06 -99.69849139E-03 +425.00001E-06
+38.74500E-06 +37.38693426E-03 -57.41205E-06
+38.76000E-06 -112.16080283E-03 -218.21607E-06
+38.77500E-06 -87.23617996E-03 +264.19599E-06
+38.79000E-06 -37.38693426E-03 -379.02009E-06
+38.80500E-06 -137.08542566E-03 -218.21607E-06
+38.82000E-06 -62.31155713E-03 -57.41205E-06
+38.83500E-06 +12.46231144E-03 -218.21607E-06
+38.85000E-06 -99.69849139E-03 +264.19599E-06
+38.86500E-06 +0.0E+00 +425.00001E-06
+38.88000E-06 -49.84924570E-03 -218.21607E-06
+38.89500E-06 -149.54773709E-03 +907.41206E-06
+38.91000E-06 +0.0E+00 -57.41205E-06
+38.92500E-06 -99.69849139E-03 -861.43214E-06
+38.94000E-06 -99.69849139E-03 -57.41205E-06
+38.95500E-06 -37.38693426E-03 -218.21607E-06
+38.97000E-06 -149.54773709E-03 -379.02009E-06
+38.98500E-06 -99.69849139E-03 +264.19599E-06
+39.00000E-06 +0.0E+00 -218.21607E-06
+39.01500E-06 -149.54773709E-03 -700.62812E-06
+39.03000E-06 -37.38693426E-03 +425.00001E-06
+39.04500E-06 +37.38693426E-03 -379.02009E-06
+39.06000E-06 -112.16080283E-03 -700.62812E-06
+39.07500E-06 +0.0E+00 +425.00001E-06
+39.09000E-06 +0.0E+00 -1.02223616E-03
+39.10500E-06 -149.54773709E-03 -57.41205E-06
+39.12000E-06 +0.0E+00 +907.41206E-06
+39.13500E-06 -49.84924570E-03 -539.82410E-06
+39.15000E-06 -137.08542566E-03 +585.80402E-06
+39.16500E-06 +87.23617996E-03 +103.39197E-06
+39.18000E-06 -112.16080283E-03 -700.62812E-06
+39.19500E-06 -137.08542566E-03 -218.21607E-06
+39.21000E-06 +37.38693426E-03 +264.19599E-06
+39.22500E-06 -112.16080283E-03 -861.43214E-06
+39.24000E-06 -87.23617996E-03 +907.41206E-06
+39.25500E-06 +0.0E+00 -379.02009E-06
+39.27000E-06 -149.54773709E-03 -218.21607E-06
+39.28500E-06 +12.46231144E-03 +907.41206E-06
+39.30000E-06 +0.0E+00 -700.62812E-06
+39.31500E-06 -162.01004853E-03 -57.41205E-06
+39.33000E-06 +12.46231144E-03 +264.19599E-06
+39.34500E-06 -62.31155713E-03 -861.43214E-06
+39.36000E-06 -149.54773709E-03 +425.00001E-06
+39.37500E-06 +12.46231144E-03 +425.00001E-06
+39.39000E-06 -49.84924570E-03 -218.21607E-06
+39.40500E-06 -99.69849139E-03 +264.19599E-06
+39.42000E-06 +49.84924570E-03 -700.62812E-06
+39.43500E-06 -162.01004853E-03 -1.34384420E-03
+39.45000E-06 -87.23617996E-03 +907.41206E-06
+39.46500E-06 +87.23617996E-03 -539.82410E-06
+39.48000E-06 -199.39698279E-03 -700.62812E-06
+39.49500E-06 -49.84924570E-03 +425.00001E-06
+39.51000E-06 +0.0E+00 -861.43214E-06
+39.52500E-06 -162.01004853E-03 -379.02009E-06
+39.54000E-06 +0.0E+00 -57.41205E-06
+39.55500E-06 +0.0E+00 -1.34384420E-03
+39.57000E-06 -162.01004853E-03 -57.41205E-06
+39.58500E-06 +49.84924570E-03 +425.00001E-06
+39.60000E-06 -149.54773709E-03 -700.62812E-06
+39.61500E-06 -149.54773709E-03 +585.80402E-06
+39.63000E-06 +62.31155714E-03 +425.00001E-06
+39.64500E-06 -137.08542565E-03 -861.43214E-06
+39.66000E-06 -99.69849139E-03 +585.80402E-06
+39.67500E-06 +24.92462288E-03 -218.21607E-06
+39.69000E-06 -199.39698279E-03 -861.43214E-06
+39.70500E-06 -49.84924570E-03 +585.80402E-06
+39.72000E-06 +37.38693426E-03 -861.43214E-06
+39.73500E-06 -249.24622849E-03 +425.00001E-06
+39.75000E-06 +12.46231144E-03 +1.06821608E-03
+39.76500E-06 +62.31155708E-03 -379.02009E-06
+39.78000E-06 -211.85929423E-03 -57.41205E-06
+39.79500E-06 +62.31155714E-03 +425.00001E-06
+39.81000E-06 -99.69849139E-03 -379.02009E-06
+39.82500E-06 -236.78391705E-03 -57.41205E-06
+39.84000E-06 +62.31155714E-03 +425.00001E-06
+39.85500E-06 -112.16080283E-03 -861.43214E-06
+39.87000E-06 -149.54773709E-03 +585.80402E-06
+39.88500E-06 +112.16080283E-03 -218.21607E-06
+39.90000E-06 -211.85929423E-03 -1.34384420E-03
+39.91500E-06 -87.23617996E-03 +585.80402E-06
+39.93000E-06 +87.23617996E-03 -218.21607E-06
+39.94500E-06 -211.85929423E-03 -218.21607E-06
+39.96000E-06 -37.38693426E-03 +585.80402E-06
+39.97500E-06 +37.38693426E-03 -1.34384420E-03
+39.99000E-06 -199.39698279E-03 -218.21607E-06
+40.00500E-06 +49.84924570E-03 +746.60804E-06
+40.02000E-06 -12.46231144E-03 -700.62812E-06
+40.03500E-06 -236.78391705E-03 -57.41205E-06
+40.05000E-06 +99.69849139E-03 +585.80402E-06
+40.06500E-06 -74.77386858E-03 -1.34384420E-03
+40.08000E-06 -199.39698279E-03 +1.06821608E-03
+40.09500E-06 +112.16080283E-03 +907.41206E-06
+40.11000E-06 -149.54773709E-03 -861.43214E-06
+40.12500E-06 -137.08542565E-03 +425.00001E-06
+40.14000E-06 +124.62311421E-03 -861.43214E-06
+40.15500E-06 -211.85929423E-03 -861.43214E-06
+40.17000E-06 -37.38693426E-03 +1.22902010E-03
+40.18500E-06 +87.23617995E-03 -861.43214E-06
+40.20000E-06 -249.24622849E-03 -700.62812E-06
+40.21500E-06 +0.0E+00 +907.41206E-06
+40.23000E-06 +37.38693426E-03 -1.50464821E-03
+40.24500E-06 -236.78391705E-03 +264.19599E-06
+40.26000E-06 +99.69849139E-03 -57.41205E-06
+40.27500E-06 -49.84924570E-03 -1.66545223E-03
+40.29000E-06 -236.78391705E-03 +264.19599E-06
+40.30500E-06 +99.69849139E-03 -57.41205E-06
+40.32000E-06 -149.54773709E-03 -1.34384420E-03
+40.33500E-06 -186.93467135E-03 +1.06821608E-03
+40.35000E-06 +162.01004853E-03 +264.19599E-06
+40.36500E-06 -174.47235997E-03 -1.50464821E-03
+40.38000E-06 -87.23617995E-03 +585.80402E-06
+40.39500E-06 +149.54773709E-03 -1.02223616E-03
+40.41000E-06 -249.24622849E-03 -861.43214E-06
+40.42500E-06 -49.84924570E-03 +1.06821608E-03
+40.44000E-06 +37.38693426E-03 -1.34384420E-03
+40.45500E-06 -299.09547418E-03 -218.21607E-06
+40.47000E-06 +112.16080284E-03 +425.00001E-06
+40.48500E-06 -12.46231144E-03 -861.43214E-06
+40.50000E-06 -299.09547418E-03 +103.39197E-06
+40.51500E-06 +149.54773709E-03 +425.00001E-06
+40.53000E-06 -99.69849139E-03 -861.43214E-06
+40.54500E-06 -249.24622849E-03 +1.06821608E-03
+40.56000E-06 +149.54773709E-03 +425.00001E-06
+40.57500E-06 -211.85929423E-03 -1.02223616E-03
+40.59000E-06 -137.08542565E-03 +1.71143215E-03
+40.60500E-06 +162.01004853E-03 +103.39197E-06
+40.62000E-06 -261.70853993E-03 -861.43214E-06
+40.63500E-06 -87.23617995E-03 +1.87223617E-03
+40.65000E-06 +137.08542565E-03 -1.18304018E-03
+40.66500E-06 -324.02009707E-03 -1.18304018E-03
+40.68000E-06 +24.92462288E-03 +1.71143215E-03
+40.69500E-06 +37.38693426E-03 -1.02223616E-03
+40.71000E-06 -336.48240844E-03 +425.00001E-06
+40.72500E-06 +149.54773709E-03 +1.38982412E-03
+40.74000E-06 -74.77386858E-03 -2.63027634E-03
+40.75500E-06 -324.02009700E-03 +585.80402E-06
+40.77000E-06 +211.85929423E-03 +264.19599E-06
+40.78500E-06 -124.62311428E-03 -1.98706027E-03
+40.80000E-06 -224.32160560E-03 +1.22902010E-03
+40.81500E-06 +199.39698279E-03 -379.02009E-06
+40.83000E-06 -261.70853993E-03 -1.98706027E-03
+40.84500E-06 -124.62311421E-03 +1.55062813E-03
+40.86000E-06 +186.93467135E-03 -861.43214E-06
+40.87500E-06 -348.94471988E-03 -1.34384420E-03
+40.89000E-06 -24.92462281E-03 +1.71143215E-03
+40.90500E-06 +87.23617995E-03 -2.14786429E-03
+40.92000E-06 -386.33165414E-03 -700.62812E-06
+40.93500E-06 +99.69849139E-03 +1.71143215E-03
+40.95000E-06 +24.92462281E-03 -2.14786429E-03
+40.96500E-06 -336.48240844E-03 +425.00001E-06
+40.98000E-06 +199.39698279E-03 +585.80402E-06
+40.99500E-06 -112.16080284E-03 -1.98706027E-03
+41.01000E-06 -286.63316274E-03 +1.55062813E-03
+41.02500E-06 +249.24622849E-03 +264.19599E-06
+41.04000E-06 -261.70853993E-03 -1.50464821E-03
+41.05500E-06 -224.32160560E-03 +1.71143215E-03
+41.07000E-06 +249.24622849E-03 -1.34384420E-03
+41.08500E-06 -311.55778563E-03 -1.50464821E-03
+41.10000E-06 -37.38693425E-03 +1.71143215E-03
+41.11500E-06 +186.93467135E-03 -1.66545223E-03
+41.13000E-06 -361.40703132E-03 -218.21607E-06
+41.14500E-06 +112.16080284E-03 +1.71143215E-03
+41.16000E-06 +74.77386851E-03 -1.50464821E-03
+41.17500E-06 -398.79396558E-03 -57.41205E-06
+41.19000E-06 +199.39698279E-03 +907.41206E-06
+41.20500E-06 -62.31155714E-03 -2.95188438E-03
+41.22000E-06 -324.02009699E-03 +585.80402E-06
+41.23500E-06 +261.70853993E-03 +907.41206E-06
+41.25000E-06 -124.62311428E-03 -2.14786429E-03
+41.26500E-06 -274.17085130E-03 +1.87223617E-03
+41.28000E-06 +311.55778563E-03 +264.19599E-06
+41.29500E-06 -274.17085137E-03 -1.50464821E-03
+41.31000E-06 -162.01004846E-03 +2.35464823E-03
+41.32500E-06 +286.63316274E-03 -1.02223616E-03
+41.34000E-06 -411.25627702E-03 -1.18304018E-03
+41.35500E-06 -12.46231137E-03 +2.35464823E-03
+41.37000E-06 +174.47235990E-03 -1.66545223E-03
+41.38500E-06 -448.64321128E-03 -539.82410E-06
+41.40000E-06 +174.47235998E-03 +2.19384421E-03
+41.41500E-06 +24.92462281E-03 -2.79108036E-03
+41.43000E-06 -436.18089983E-03 +585.80402E-06
+41.44500E-06 +261.70853993E-03 +1.38982412E-03
+41.46000E-06 -137.08542573E-03 -3.11268840E-03
+41.47500E-06 -324.02009699E-03 +1.06821608E-03
+41.49000E-06 +348.94471988E-03 -539.82411E-06
+41.50500E-06 -324.02009707E-03 -2.63027634E-03
+41.52000E-06 -224.32160560E-03 +2.35464823E-03
+41.53500E-06 +348.94471988E-03 -379.02009E-06
+41.55000E-06 -411.25627702E-03 -2.30866831E-03
+41.56500E-06 -12.46231136E-03 +2.67625626E-03
+41.58000E-06 +274.17085129E-03 -2.63027634E-03
+41.59500E-06 -498.49245697E-03 -1.18304018E-03
+41.61000E-06 +162.01004854E-03 +2.67625626E-03
+41.62500E-06 +124.62311420E-03 -2.79108036E-03
+41.64000E-06 -523.41707978E-03 +585.80402E-06
+41.65500E-06 +274.17085138E-03 +2.35464823E-03
+41.67000E-06 -62.31155714E-03 -2.63027634E-03
+41.68500E-06 -436.18089983E-03 +1.22902010E-03
+41.70000E-06 +361.40703133E-03 +907.41206E-06
+41.71500E-06 -224.32160568E-03 -2.63027634E-03
+41.73000E-06 -274.17085129E-03 +2.99786430E-03
+41.74500E-06 +386.33165413E-03 +264.19599E-06
+41.76000E-06 -411.25627702E-03 -1.34384420E-03
+41.77500E-06 -124.62311420E-03 +2.99786430E-03
+41.79000E-06 +386.33165413E-03 -1.66545223E-03
+41.80500E-06 -548.34170267E-03 -1.34384420E-03
+41.82000E-06 +62.31155714E-03 +2.35464823E-03
+41.83500E-06 +186.93467134E-03 -2.46947233E-03
+41.85000E-06 -585.72863692E-03 -57.41205E-06
+41.86500E-06 +224.32160568E-03 +2.19384421E-03
+41.88000E-06 +24.92462281E-03 -2.79108036E-03
+41.89500E-06 -498.49245697E-03 +1.87223617E-03
+41.91000E-06 +361.40703133E-03 +1.55062813E-03
+41.92500E-06 -186.93467143E-03 -3.43429644E-03
+41.94000E-06 -386.33165413E-03 +2.03304019E-03
+41.95500E-06 +473.56783408E-03 +264.19599E-06
+41.97000E-06 -373.86934277E-03 -3.27349242E-03
+41.98500E-06 -261.70853985E-03 +2.35464823E-03
+42.00000E-06 +398.79396558E-03 -1.50464821E-03
+42.01500E-06 -523.41707986E-03 -1.98706027E-03
+42.03000E-06 -87.23617986E-03 +3.64108037E-03
+42.04500E-06 +361.40703124E-03 -2.46947233E-03
+42.06000E-06 -560.80401412E-03 -700.62812E-06
+42.07500E-06 +186.93467143E-03 +4.12349243E-03
+42.09000E-06 +162.01004845E-03 -3.27349242E-03
+42.10500E-06 -598.19094837E-03 +746.60804E-06
+42.12000E-06 +373.86934277E-03 +2.83706028E-03
+42.13500E-06 -49.84924578E-03 -2.79108036E-03
+42.15000E-06 -523.41707978E-03 +2.51545224E-03
+42.16500E-06 +461.10552272E-03 +1.71143215E-03
+42.18000E-06 -299.09547427E-03 -3.91670849E-03
+42.19500E-06 -411.25627694E-03 +3.15866832E-03
+42.21000E-06 +498.49245697E-03 -861.43214E-06
+42.22500E-06 -486.03014561E-03 -3.27349242E-03
+42.24000E-06 -149.54773700E-03 +3.80188439E-03
+42.25500E-06 +423.71858838E-03 -1.82625625E-03
+42.27000E-06 -648.04019406E-03 -1.50464821E-03
+42.28500E-06 +137.08542573E-03 +3.48027635E-03
+42.30000E-06 +299.09547409E-03 -3.43429644E-03
+42.31500E-06 -697.88943976E-03 -57.41205E-06
+42.33000E-06 +336.48240852E-03 +2.83706028E-03
+42.34500E-06 +49.84924561E-03 -4.55992456E-03
+42.36000E-06 -635.57788262E-03 +1.87223617E-03
+42.37500E-06 +473.56783417E-03 +2.03304019E-03
+42.39000E-06 -186.93467143E-03 -4.72072858E-03
+42.40500E-06 -461.10552263E-03 +2.35464823E-03
+42.42000E-06 +585.72863692E-03 -379.02009E-06
+42.43500E-06 -423.71858847E-03 -4.39912055E-03
+42.45000E-06 -261.70853984E-03 +3.64108037E-03
+42.46500E-06 +523.41707978E-03 -1.66545223E-03
+42.48000E-06 -697.88943976E-03 -2.46947232E-03
+42.49500E-06 +90E-12 +4.12349243E-03
+42.51000E-06 +373.86934268E-03 -2.46947233E-03
+42.52500E-06 -760.20099691E-03 -1.34384420E-03
+42.54000E-06 +286.63316283E-03 +4.12349243E-03
+42.55500E-06 +199.39698270E-03 -3.75590447E-03
+42.57000E-06 -747.73868546E-03 +746.60804E-06
+42.58500E-06 +510.95476842E-03 +2.67625626E-03
+42.60000E-06 -87.23618004E-03 -4.55992456E-03
+42.61500E-06 -660.50250542E-03 +2.67625626E-03
+42.63000E-06 +610.65325981E-03 +1.38982412E-03
+42.64500E-06 -386.33165422E-03 -4.23831653E-03
+42.66000E-06 -373.86934268E-03 +3.31947234E-03
+42.67500E-06 +685.42712831E-03 -1.02223616E-03
+42.69000E-06 -585.72863701E-03 -3.75590447E-03
+42.70500E-06 -149.54773700E-03 +4.92751252E-03
+42.72000E-06 +535.87939122E-03 -2.46947233E-03
+42.73500E-06 -772.66330836E-03 -2.30866831E-03
+42.75000E-06 +162.01004864E-03 +4.28429645E-03
+42.76500E-06 +348.94471979E-03 -4.39912055E-03
+42.78000E-06 -847.43717685E-03 -379.02009E-06
+42.79500E-06 +436.18089992E-03 +3.64108037E-03
+42.81000E-06 +62.31155705E-03 -5.36394466E-03
+42.82500E-06 -772.66330826E-03 +2.03304019E-03
+42.84000E-06 +660.50250551E-03 +2.67625626E-03
+42.85500E-06 -249.24622858E-03 -5.20314064E-03
+42.87000E-06 -548.34170257E-03 +3.96268841E-03
+42.88500E-06 +735.27637401E-03 +585.80402E-06
+42.90000E-06 -548.34170277E-03 -5.04233662E-03
+42.91500E-06 -299.09547409E-03 +4.92751252E-03
+42.93000E-06 +685.42712831E-03 -1.98706027E-03
+42.94500E-06 -785.12561981E-03 -3.11268840E-03
+42.96000E-06 +49.84924580E-03 +5.08831654E-03
+42.97500E-06 +548.34170257E-03 -3.75590447E-03
+42.99000E-06 -922.21104535E-03 -1.18304018E-03
+43.00500E-06 +361.40703143E-03 +5.24912056E-03
+43.02000E-06 +236.78391694E-03 -5.36394466E-03
+43.03500E-06 -909.74873390E-03 +1.38982412E-03
+43.05000E-06 +635.57788271E-03 +3.31947234E-03
+43.06500E-06 -74.77386870E-03 -6.00716073E-03
+43.08000E-06 -797.58793106E-03 +3.96268841E-03
+43.09500E-06 +797.58793116E-03 +1.38982412E-03
+43.11000E-06 -448.64321138E-03 -5.20314064E-03
+43.12500E-06 -448.64321118E-03 +4.92751252E-03
+43.14000E-06 +822.51255395E-03 -1.18304018E-03
+43.15500E-06 -785.12561981E-03 -3.27349242E-03
+43.17000E-06 -137.08542554E-03 +5.57072859E-03
+43.18500E-06 +735.27637391E-03 -3.59510045E-03
+43.20000E-06 -959.59797970E-03 -1.66545223E-03
+43.21500E-06 +286.63316284E-03 +6.05314065E-03
+43.23000E-06 +436.18089972E-03 -5.52474867E-03
+43.24500E-06 -996.98491395E-03 -539.82410E-06
+43.26000E-06 +635.57788272E-03 +4.76670850E-03
+43.27500E-06 +87.23617984E-03 -6.00716073E-03
+43.29000E-06 -872.36179965E-03 +2.67625626E-03
+43.30500E-06 +859.89948830E-03 +2.67625626E-03
+43.32000E-06 -348.94471998E-03 -5.84635671E-03
+43.33500E-06 -635.57788251E-03 +5.08831654E-03
+43.35000E-06 +909.74873400E-03 -57.41205E-06
+43.36500E-06 -685.42712841E-03 -5.36394466E-03
+43.38000E-06 -286.63316263E-03 +5.89233663E-03
+43.39500E-06 +834.97486540E-03 -2.46947233E-03
+43.41000E-06 -934.67335690E-03 -3.91670849E-03
+43.42500E-06 +62.31155725E-03 +6.69635672E-03
+43.44000E-06 +648.04019396E-03 -4.88153260E-03
+43.45500E-06 -1.05929647109E+00 -1.18304018E-03
+43.47000E-06 +486.03014563E-03 +5.40992458E-03
+43.48500E-06 +286.63316263E-03 -6.81118082E-03
+43.50000E-06 -1.03437184819E+00 +1.06821608E-03
+43.51500E-06 +834.97486551E-03 +4.44510046E-03
+43.53000E-06 -162.01004865E-03 -7.29359288E-03
+43.54500E-06 -884.82411099E-03 +3.96268841E-03
+43.56000E-06 +959.59797970E-03 +1.38982412E-03
+43.57500E-06 -560.80401423E-03 -6.32876877E-03
+43.59000E-06 -535.87939111E-03 +6.53555270E-03
+43.60500E-06 +1.03437184819E+00 -1.50464822E-03
+43.62000E-06 -897.28642266E-03 -5.04233662E-03
+43.63500E-06 -124.62311408E-03 +7.33957280E-03
+43.65000E-06 +847.43717675E-03 -4.55992457E-03
+43.66500E-06 -1.17145727394E+00 -2.30866831E-03
+43.68000E-06 +324.02009719E-03 +6.85716074E-03
+43.69500E-06 +535.87939111E-03 -6.32876877E-03
+43.71000E-06 -1.17145727383E+00 +907.41206E-06
+43.72500E-06 +785.12561981E-03 +5.73153261E-03
+43.74000E-06 +112.16080263E-03 -7.77600493E-03
+43.75500E-06 -1.05929647099E+00 +3.48027636E-03
+43.77000E-06 +1.02190953685E+00 +2.99786430E-03
+43.78500E-06 -423.71858859E-03 -7.77600493E-03
+43.80000E-06 -785.12561960E-03 +5.40992458E-03
+43.81500E-06 +1.09668340534E+00 +425.00000E-06
+43.83000E-06 -810.05024272E-03 -6.97198484E-03
+43.84500E-06 -348.94471966E-03 +7.50037681E-03
+43.86000E-06 +1.05929647098E+00 -3.11268840E-03
+43.87500E-06 -1.13407033970E+00 -4.72072858E-03
+43.89000E-06 +137.08542586E-03 +7.50037681E-03
+43.90500E-06 +772.66330814E-03 -6.32876877E-03
+43.92000E-06 -1.34592963383E+00 -1.02223616E-03
+43.93500E-06 +660.50250563E-03 +7.17876878E-03
+43.95000E-06 +361.40703111E-03 -8.09761297E-03
+43.96500E-06 -1.25869345377E+00 +2.03304019E-03
+43.98000E-06 +996.98491406E-03 +4.44510046E-03
+43.99500E-06 -137.08542586E-03 -9.06243708E-03
+44.01000E-06 -996.98491383E-03 +5.89233663E-03
+44.02500E-06 +1.24623114243E+00 +1.71143215E-03
+44.04000E-06 -697.88943987E-03 -8.58002502E-03
+44.05500E-06 -610.65325959E-03 +8.46520093E-03
+44.07000E-06 +1.22130651953E+00 -1.50464822E-03
+44.08500E-06 -1.10914571691E+00 -6.16796475E-03
+44.10000E-06 -99.69849117E-03 +8.30439691E-03
+44.11500E-06 +984.52260238E-03 -4.72072858E-03
+44.13000E-06 -1.37085425673E+00 -2.95188438E-03
+44.14500E-06 +473.56783429E-03 +8.62600494E-03
+44.16000E-06 +623.11557104E-03 -6.97198484E-03
+44.17500E-06 -1.42070350231E+00 +1.55062814E-03
+44.19000E-06 +922.21104557E-03 +7.01796476E-03
+44.20500E-06 +99.69849117E-03 -10.02726119E-03
+44.22000E-06 -1.24623114232E+00 +3.80188439E-03
+44.23500E-06 +1.23376883109E+00 +4.28429645E-03
+44.25000E-06 -448.64321151E-03 -9.06243708E-03
+44.26500E-06 -872.36179953E-03 +7.33957280E-03
+44.28000E-06 +1.38331656807E+00 -57.41205E-06
+44.29500E-06 -972.06029127E-03 -8.09761297E-03
+44.31000E-06 -348.94471965E-03 +9.59082905E-03
+44.32500E-06 +1.25869345377E+00 -4.07751251E-03
+44.34000E-06 -1.38331656819E+00 -5.20314064E-03
+44.35500E-06 +249.24622872E-03 +9.91243709E-03
+44.37000E-06 +959.59797947E-03 -7.13278886E-03
+44.38500E-06 -1.54532661662E+00 -861.43214E-06
+44.40000E-06 +735.27637424E-03 +8.46520092E-03
+44.41500E-06 +398.79396534E-03 -9.38404512E-03
+44.43000E-06 -1.45809043656E+00 +2.83706028E-03
+44.44500E-06 +1.23376883110E+00 +5.40992457E-03
+44.46000E-06 -162.01004878E-03 -10.50967324E-03
+44.47500E-06 -1.17145727371E+00 +6.69635672E-03
+44.49000E-06 +1.40824119098E+00 +2.03304019E-03
+44.50500E-06 -834.97486564E-03 -10.18806521E-03
+44.52000E-06 -697.88943952E-03 +8.94761298E-03
+44.53500E-06 +1.45809043656E+00 -2.30866831E-03
+44.55000E-06 -1.30854269970E+00 -6.65037680E-03
+44.56500E-06 -74.77386825E-03 +11.03806522E-03
+44.58000E-06 +1.20884420795E+00 -6.65037680E-03
+44.59500E-06 -1.60763817377E+00 -3.43429643E-03
+44.61000E-06 +585.72863715E-03 +9.26922102E-03
+44.62500E-06 +697.88943952E-03 -9.54484913E-03
+44.64000E-06 -1.70733666504E+00 +1.71143215E-03
+44.65500E-06 +1.12160802837E+00 +8.30439691E-03
+44.67000E-06 +87.23617970E-03 -11.31369334E-03
+44.68500E-06 -1.44562812510E+00 +4.76670850E-03
+44.70000E-06 +1.47055274813E+00 +3.64108037E-03
+44.71500E-06 -560.80401437E-03 -10.83128128E-03
+44.73000E-06 -996.98491370E-03 +8.62600494E-03
+44.74500E-06 +1.62010048510E+00 -861.43214E-06
+44.76000E-06 -1.17145727407E+00 -9.86645717E-03
+44.77500E-06 -386.33165388E-03 +11.35967326E-03
+44.79000E-06 +1.43316581364E+00 -4.72072858E-03
+44.80500E-06 -1.63256279668E+00 -5.52474867E-03
+44.82000E-06 +311.55778588E-03 +10.71645718E-03
+44.83500E-06 +1.00944722515E+00 -8.90163306E-03
+44.85000E-06 -1.79457284510E+00 -1.34384419E-03
+44.86500E-06 +984.52260274E-03 +9.75163307E-03
+44.88000E-06 +448.64321103E-03 -11.31369334E-03
+44.89500E-06 -1.69487435358E+00 +4.44510047E-03
+44.91000E-06 +1.45809043680E+00 +6.69635672E-03
+44.92500E-06 -274.17085165E-03 -13.08253754E-03
+44.94000E-06 -1.34592963358E+00 +7.66118083E-03
+44.95500E-06 +1.70733666516E+00 +2.83706028E-03
+44.97000E-06 -996.98491419E-03 -11.31369333E-03
+44.98500E-06 -747.73868521E-03 +11.68128129E-03
+45.00000E-06 +1.70733666504E+00 -3.43429644E-03
+45.01500E-06 -1.52040199395E+00 -7.93680895E-03
+45.03000E-06 +12.46231171E-03 +12.80690942E-03
+45.04500E-06 +1.37085425649E+00 -8.09761297E-03
+45.06000E-06 -1.86934671371E+00 -3.59510045E-03
+45.07500E-06 +710.35175147E-03 +11.68128129E-03
+45.09000E-06 +822.51255369E-03 -11.47449736E-03
+45.10500E-06 -1.91919595928E+00 +2.03304019E-03
+45.12000E-06 +1.33346732262E+00 +9.59082905E-03
+45.13500E-06 +74.77386823E-03 -13.24334156E-03
+45.15000E-06 -1.66994973067E+00 +6.85716074E-03
+45.16500E-06 +1.73226128807E+00 +4.44510046E-03
+45.18000E-06 -685.42712869E-03 -13.40414557E-03
+45.19500E-06 -1.12160802787E+00 +11.19886924E-03
+45.21000E-06 +1.91919595928E+00 -57.41205E-06
+45.22500E-06 -1.39577887978E+00 -10.34886922E-03
+45.24000E-06 -411.25627665E-03 +13.45012549E-03
+45.25500E-06 +1.68241204212E+00 -5.52474868E-03
+45.27000E-06 -1.89427133662E+00 -5.68555269E-03
+45.28500E-06 +386.33165451E-03 +14.09334157E-03
+45.30000E-06 +1.18391958502E+00 -10.99208530E-03
+45.31500E-06 -2.08120600783E+00 -1.02223616E-03
+45.33000E-06 +1.14653265130E+00 +11.35967325E-03
+45.34500E-06 +473.56783380E-03 -13.88655763E-03
+45.36000E-06 -1.94412058206E+00 +4.76670850E-03
+45.37500E-06 +1.70733666529E+00 +7.98278887E-03
+45.39000E-06 -324.02009736E-03 -14.85138174E-03
+45.40500E-06 -1.48301505920E+00 +9.91243709E-03
+45.42000E-06 +1.99396982789E+00 +2.19384421E-03
+45.43500E-06 -1.15899496276E+00 -13.08253754E-03
+45.45000E-06 -772.66330798E-03 +13.61092951E-03
+45.46500E-06 +1.94412058206E+00 -3.27349242E-03
+45.48000E-06 -1.78211053391E+00 -9.06243708E-03
+45.49500E-06 +37.38693463E-03 +15.70138175E-03
+45.51000E-06 +1.55778892781E+00 -9.38404512E-03
+45.52500E-06 -2.15597987644E+00 -3.75590447E-03
+45.54000E-06 +834.97486579E-03 +13.77173353E-03
+45.55500E-06 +872.36179937E-03 -13.56494959E-03
+45.57000E-06 -2.15597987631E+00 +2.67625627E-03
+45.58500E-06 +1.57025123966E+00 +10.71645718E-03
+45.60000E-06 +12.46231106E-03 -15.49459781E-03
+45.61500E-06 -1.84442209053E+00 +8.30439691E-03
+45.63000E-06 +2.03135676226E+00 +5.73153261E-03
+45.64500E-06 -834.97486580E-03 -14.69057772E-03
+45.66000E-06 -1.25869345349E+00 +13.28932148E-03
+45.67500E-06 +2.10613063061E+00 -1.18304018E-03
+45.69000E-06 -1.60763817404E+00 -11.63530137E-03
+45.70500E-06 -398.79396518E-03 +16.02298979E-03
+45.72000E-06 +1.86934671345E+00 -7.45439690E-03
+45.73500E-06 -2.16844218790E+00 -6.48957278E-03
+45.75000E-06 +498.49245738E-03 +15.54057773E-03
+45.76500E-06 +1.30854269918E+00 -13.24334156E-03
+45.78000E-06 -2.36783917055E+00 -218.21606E-06
+45.79500E-06 +1.35839194555E+00 +12.80690942E-03
+45.81000E-06 +498.49245657E-03 -15.49459782E-03
+45.82500E-06 -2.21829143332E+00 +6.21394467E-03
+45.84000E-06 +2.00643213948E+00 +8.46520092E-03
+45.85500E-06 -411.25627745E-03 -16.13781389E-03
+45.87000E-06 -1.62010048482E+00 +11.52047728E-03
+45.88500E-06 +2.29306530207E+00 +2.51545224E-03
+45.90000E-06 -1.33346732278E+00 -14.85138174E-03
+45.91500E-06 -884.82411068E-03 +15.70138175E-03
+45.93000E-06 +2.21829143332E+00 -5.20314064E-03
+45.94500E-06 -2.06874369664E+00 -9.54484913E-03
+45.96000E-06 +74.77386903E-03 +17.14861792E-03
+45.97500E-06 +1.73226128767E+00 -10.67047726E-03
+45.99000E-06 -2.45507535062E+00 -3.11268840E-03
+46.00500E-06 +1.03437184860E+00 +15.86218577E-03
+46.02000E-06 +909.74873359E-03 -15.81620585E-03
+46.03500E-06 -2.40522610479E+00 +3.64108038E-03
+46.05000E-06 +1.84442209108E+00 +12.16369334E-03
+46.06500E-06 -24.92462333E-03 -17.26344202E-03
+46.08000E-06 -2.08120600755E+00 +10.39484915E-03
+46.09500E-06 +2.31798992499E+00 +6.21394466E-03
+46.11000E-06 -996.98491436E-03 -16.45942192E-03
+46.12500E-06 -1.30854269917E+00 +14.57575362E-03
+46.14000E-06 +2.40522610479E+00 -1.34384420E-03
+46.15500E-06 -1.85688440254E+00 -12.92173352E-03
+46.17000E-06 -386.33165370E-03 +17.79183399E-03
+46.18500E-06 +2.08120600754E+00 -8.90163306E-03
+46.20000E-06 -2.44261303931E+00 -7.29359287E-03
+46.21500E-06 +610.65326025E-03 +17.47022595E-03
+46.23000E-06 +1.45809043626E+00 -14.52977371E-03
+46.24500E-06 -2.59216077626E+00 -861.43214E-06
+46.26000E-06 +1.57025123982E+00 +13.93253755E-03
+46.27500E-06 +523.41707933E-03 -17.74585407E-03
+46.29000E-06 -2.36783917041E+00 +7.17876878E-03
+46.30500E-06 +2.21829143374E+00 +9.59082905E-03
+46.32000E-06 -560.80401456E-03 -18.54987416E-03
+46.33500E-06 -1.76964822190E+00 +13.45012550E-03
+46.35000E-06 +2.55477384202E+00 +1.87223617E-03
+46.36500E-06 -1.57025123982E+00 -16.29861790E-03
+46.38000E-06 -909.74873344E-03 +17.79183399E-03
+46.39500E-06 +2.41768841610E+00 -5.84635671E-03
+46.41000E-06 -2.34291454806E+00 -10.99208530E-03
+46.42500E-06 +174.47236044E-03 +19.56067819E-03
+46.44000E-06 +1.86934671329E+00 -12.76092950E-03
+46.45500E-06 -2.70432157911E+00 -3.43429643E-03
+46.47000E-06 +1.20884420863E+00 +17.63102997E-03
+46.48500E-06 +1.05929647053E+00 -18.22826613E-03
+46.50000E-06 -2.69185926751E+00 +3.80188440E-03
+46.51500E-06 +2.09366831957E+00 +13.28932147E-03
+46.53000E-06 -24.92462336E-03 -19.99711033E-03
+46.54500E-06 -2.23075374463E+00 +12.32449737E-03
+46.56000E-06 +2.61708539918E+00 +5.73153261E-03
+46.57500E-06 -1.15899496294E+00 -18.38907014E-03
+46.59000E-06 -1.38331656763E+00 +17.63102997E-03
+46.60500E-06 +2.66693464473E+00 -1.82625626E-03
+46.62000E-06 -2.10613063104E+00 -14.52977370E-03
+46.63500E-06 -361.40703076E-03 +21.00791436E-03
+46.65000E-06 +2.33045223602E+00 -10.50967325E-03
+46.66500E-06 -2.74170851350E+00 -7.77600493E-03
+46.68000E-06 +747.73868605E-03 +19.88228623E-03
+46.69500E-06 +1.57025123895E+00 -16.45942193E-03
+46.71000E-06 -2.86633162752E+00 +425.00001E-06
+46.72500E-06 +1.83195977978E+00 +16.02298978E-03
+46.74000E-06 +498.49245638E-03 -20.31871837E-03
+46.75500E-06 -2.60462308742E+00 +9.43002504E-03
+46.77000E-06 +2.55477384217E+00 +10.55565316E-03
+46.78500E-06 -648.04019466E-03 -20.96193444E-03
+46.80000E-06 -1.93165827029E+00 +16.66620586E-03
+46.81500E-06 +2.82894469328E+00 +1.71143215E-03
+46.83000E-06 -1.69487435415E+00 -16.94183398E-03
+46.84500E-06 -909.74873342E-03 +20.04309025E-03
+46.86000E-06 +2.66693464458E+00 -7.13278886E-03
+46.87500E-06 -2.59216077656E+00 -11.79610539E-03
+46.89000E-06 +286.63316332E-03 +21.32952239E-03
+46.90500E-06 +2.04381907314E+00 -14.85138174E-03
+46.92000E-06 -3.04080398753E+00 -3.27349241E-03
+46.93500E-06 +1.40824119144E+00 +19.56067819E-03
+46.95000E-06 +1.05929647050E+00 -19.99711033E-03
+46.96500E-06 -2.91618087306E+00 +4.92751252E-03
+46.98000E-06 +2.38030148231E+00 +13.12851746E-03
+46.99500E-06 -99.69849200E-03 -21.92675855E-03
+47.01000E-06 -2.36783917024E+00 +13.12851746E-03
+47.02500E-06 +2.86633162767E+00 +6.05314064E-03
+47.04000E-06 -1.33346732297E+00 -20.80113042E-03
+47.05500E-06 -1.50793968177E+00 +19.72148221E-03
+47.07000E-06 +2.94110549599E+00 -2.95188438E-03
+47.08500E-06 -2.35537685954E+00 -15.81620585E-03
+47.10000E-06 -299.09547357E-03 +22.61595454E-03
+47.11500E-06 +2.51738690733E+00 -11.15288932E-03
+47.13000E-06 -2.99095474199E+00 -7.77600493E-03
+47.14500E-06 +934.67335740E-03 +21.97273847E-03
+47.16000E-06 +1.57025123893E+00 -19.03228622E-03
+47.17500E-06 -3.15296479024E+00 +2.03304019E-03
+47.19000E-06 +2.04381907405E+00 +17.47022595E-03
+47.20500E-06 +486.03014489E-03 -22.56997462E-03
+47.22000E-06 -2.82894469297E+00 +9.75163308E-03
+47.23500E-06 +2.81648238213E+00 +9.91243709E-03
+47.25000E-06 -772.66330900E-03 -22.89158266E-03
+47.26500E-06 -2.06874369590E+00 +17.63102998E-03
+47.28000E-06 +3.07819092177E+00 +1.38982411E-03
+47.29500E-06 -2.00643213982E+00 -18.71067818E-03
+47.31000E-06 -922.21104470E-03 +21.97273847E-03
+47.32500E-06 +2.92864318436E+00 -8.41922101E-03
+47.34000E-06 -2.82894469359E+00 -12.60012548E-03
+47.35500E-06 +324.02009773E-03 +23.25917061E-03
+47.37000E-06 +2.14351756451E+00 -16.45942193E-03
+47.38500E-06 -3.30251252748E+00 -2.63027634E-03
+47.40000E-06 +1.58271355148E+00 +21.49032641E-03
+47.41500E-06 +1.13407033895E+00 -21.92675855E-03
+47.43000E-06 -3.15296479008E+00 +7.01796476E-03
+47.44500E-06 +2.60462308804E+00 +15.70138175E-03
+47.46000E-06 -174.47236065E-03 -24.49962284E-03
+47.47500E-06 -2.55477384155E+00 +15.86218577E-03
+47.49000E-06 +3.07819092192E+00 +5.89233663E-03
+47.50500E-06 -1.49547737155E+00 -22.08756257E-03
+47.52000E-06 -1.58271355022E+00 +21.65113043E-03
+47.53500E-06 +3.17788941300E+00 -3.75590448E-03
+47.55000E-06 -2.57969846527E+00 -16.45942192E-03
+47.56500E-06 -261.70853916E-03 +24.22399473E-03
+47.58000E-06 +2.65447233294E+00 -13.72575362E-03
+47.59500E-06 -3.24020097048E+00 -6.97198483E-03
+47.61000E-06 +1.07175878321E+00 +24.70640678E-03
+47.62500E-06 +1.68241204160E+00 -20.96193444E-03
+47.64000E-06 -3.40221101872E+00 +2.67625627E-03
+47.65500E-06 +2.24321605686E+00 +19.88228623E-03
+47.67000E-06 +436.18089917E-03 -24.33881883E-03
+47.68500E-06 -2.97849243005E+00 +12.64610541E-03
+47.70000E-06 +3.06572861062E+00 +11.19886923E-03
+47.71500E-06 -872.36180043E-03 -24.17801480E-03
+47.73000E-06 -2.10613063011E+00 +20.04309025E-03
+47.74500E-06 +3.32743715025E+00 +1.22902009E-03
+47.76000E-06 -2.16844218839E+00 -20.31871836E-03
+47.77500E-06 -909.74873321E-03 +25.18881884E-03
+47.79000E-06 +3.04080398721E+00 -9.54484914E-03
+47.80500E-06 -3.07819092209E+00 -12.76092950E-03
+47.82000E-06 +461.10552339E-03 +25.34962285E-03
+47.83500E-06 +2.28060299012E+00 -17.74585408E-03
+47.85000E-06 -3.50190951027E+00 -2.46947232E-03
+47.86500E-06 +1.79457284575E+00 +22.61595454E-03
+47.88000E-06 +1.12160802746E+00 -24.01721079E-03
+47.89500E-06 -3.30251252716E+00 +7.50037682E-03
+47.91000E-06 +2.86633162800E+00 +15.70138175E-03
+47.92500E-06 -286.63316353E-03 -26.42927106E-03
+47.94000E-06 -2.67939695570E+00 +17.30942194E-03
+47.95500E-06 +3.31497483895E+00 +6.85716073E-03
+47.97000E-06 -1.62010048590E+00 -23.21319069E-03
+47.98500E-06 -1.58271355019E+00 +24.38479875E-03
+48.00000E-06 +3.31497483862E+00 -4.39912055E-03
+48.01500E-06 -2.82894469377E+00 -16.78102996E-03
+48.03000E-06 -211.85929343E-03 +26.79685902E-03
+48.04500E-06 +2.82894469278E+00 -14.85138175E-03
+48.06000E-06 -3.45206026474E+00 -7.93680894E-03
+48.07500E-06 +1.18391958610E+00 +25.99283893E-03
+48.09000E-06 +1.74472359874E+00 -22.40917061E-03
+48.10500E-06 -3.60160800150E+00 +3.48027636E-03
+48.12000E-06 +2.46753766260E+00 +20.52550230E-03
+48.13500E-06 +411.25627621E-03 -26.10766303E-03
+48.15000E-06 -3.11557785566E+00 +14.09334157E-03
+48.16500E-06 +3.27758790489E+00 +11.52047727E-03
+48.18000E-06 -1.03437184901E+00 -26.59007508E-03
+48.19500E-06 -2.18090449855E+00 +22.13354249E-03
+48.21000E-06 +3.56422106727E+00 +425.00000E-06
+48.22500E-06 -2.38030148267E+00 -20.96193443E-03
+48.24000E-06 -897.28642171E-03 +27.11846706E-03
+48.25500E-06 +3.25266328129E+00 -10.34886923E-03
+48.27000E-06 -3.27758790489E+00 -13.40414557E-03
+48.28500E-06 +585.72863774E-03 +27.60087911E-03
+48.30000E-06 +2.35537685856E+00 -20.47952239E-03
+48.31500E-06 -3.72623111583E+00 -1.66545223E-03
+48.33000E-06 +1.99396982857E+00 +24.38479874E-03
+48.34500E-06 +1.07175878173E+00 -26.42927107E-03
+48.36000E-06 -3.47698488700E+00 +9.10841700E-03
+48.37500E-06 +3.05326629934E+00 +16.66620586E-03
+48.39000E-06 -348.94472073E-03 -27.71570321E-03
+48.40500E-06 -2.75417082414E+00 +19.56067820E-03
+48.42000E-06 +3.60160800167E+00 +5.73153261E-03
+48.43500E-06 -1.81949746872E+00 -24.82123088E-03
+48.45000E-06 -1.59517586146E+00 +26.79685902E-03
+48.46500E-06 +3.50190950993E+00 -5.36394466E-03
+48.48000E-06 -2.97849243088E+00 -17.74585407E-03
+48.49500E-06 -99.69849054E-03 +29.36972331E-03
+48.51000E-06 +2.89125624993E+00 -16.62022595E-03
+48.52500E-06 -3.68884418177E+00 -7.45439689E-03
+48.54000E-06 +1.37085425745E+00 +26.79685902E-03
+48.55500E-06 +1.73226128725E+00 -24.33881883E-03
+48.57000E-06 -3.73869342712E+00 +4.12349243E-03
+48.58500E-06 +2.60462308824E+00 +21.49032641E-03
+48.60000E-06 +348.94471902E-03 -28.19811527E-03
+48.61500E-06 -3.20281403558E+00 +14.89736167E-03
+48.63000E-06 +3.45206026475E+00 +11.52047727E-03
+48.64500E-06 -1.18391958613E+00 -27.87650723E-03
+48.66000E-06 -2.18090449852E+00 +23.41997464E-03
+48.67500E-06 +3.66391955866E+00 +425.00000E-06
+48.69000E-06 -2.52984921979E+00 -22.73077864E-03
+48.70500E-06 -859.89948745E-03 +28.40489920E-03
+48.72000E-06 +3.27758790420E+00 -11.79610540E-03
+48.73500E-06 -3.47698488769E+00 -12.76092950E-03
+48.75000E-06 +685.42712916E-03 +29.36972331E-03
+48.76500E-06 +2.44261303847E+00 -21.60515052E-03
+48.78000E-06 -3.82592960722E+00 -1.34384419E-03
+48.79500E-06 +2.11859294292E+00 +25.51042687E-03
+48.81000E-06 +1.09668340447E+00 -27.71570321E-03
+48.82500E-06 -3.58914568985E+00 +10.55565317E-03
+48.84000E-06 +3.16542710221E+00 +17.30942193E-03
+48.85500E-06 -461.10552362E-03 -29.64535143E-03
+48.87000E-06 -2.80402006981E+00 +20.36469829E-03
+48.88500E-06 +3.75115573876E+00 +5.40992457E-03
+48.90000E-06 -1.98150751730E+00 -26.59007508E-03
+48.91500E-06 -1.54532661573E+00 +28.56570322E-03
+48.93000E-06 +3.61407031279E+00 -6.81118083E-03
+48.94500E-06 -3.17788941369E+00 -17.74585406E-03
+48.96000E-06 -74.77386757E-03 +30.65615546E-03
+48.97500E-06 +2.96603011837E+00 -17.90665810E-03
+48.99000E-06 -3.81346729593E+00 -7.29359287E-03
+49.00500E-06 +1.48301506034E+00 +27.76168313E-03
+49.02000E-06 +1.79457284421E+00 -26.75087910E-03
+49.03500E-06 -3.86331654127E+00 +4.92751253E-03
+49.05000E-06 +2.80402007105E+00 +21.81193444E-03
+49.06500E-06 +274.17085035E-03 -29.96695947E-03
+49.08000E-06 -3.32743714971E+00 +16.82700989E-03
+49.09500E-06 +3.63899493608E+00 +11.84208530E-03
+49.11000E-06 -1.25869345479E+00 -28.84133134E-03
+49.12500E-06 -2.23075374419E+00 +25.34962286E-03
+49.14000E-06 +3.82592960704E+00 -1.02223617E-03
+49.15500E-06 -2.67939695690E+00 -22.56997462E-03
+49.17000E-06 -747.73868456E-03 +30.33454743E-03
+49.18500E-06 +3.35236177265E+00 -13.56494960E-03
+49.20000E-06 -3.66391955902E+00 -12.43932146E-03
+49.21500E-06 +810.05024353E-03 +30.33454742E-03
+49.23000E-06 +2.38030148128E+00 -22.73077865E-03
+49.24500E-06 -3.97547734431E+00 -218.21606E-06
+49.26000E-06 +2.24321605710E+00 +25.67123089E-03
+49.27500E-06 +996.98491304E-03 -29.64535143E-03
+49.29000E-06 -3.67638186976E+00 +12.00288934E-03
+49.30500E-06 +3.33989946208E+00 +16.66620586E-03
+49.32000E-06 -548.34170358E-03 -30.61017554E-03
+49.33500E-06 -2.79155775832E+00 +22.45515053E-03
+49.35000E-06 +3.85085423016E+00 +5.24912055E-03
+49.36500E-06 -2.10613063148E+00 -26.75087910E-03
+49.38000E-06 -1.53286430423E+00 +28.88731126E-03
+49.39500E-06 +3.70130649270E+00 -7.45439690E-03
+49.41000E-06 -3.29005021657E+00 -18.38907014E-03
+49.42500E-06 +62.31155808E-03 +31.78178359E-03
+49.44000E-06 +2.91618087265E+00 -19.03228622E-03
+49.45500E-06 -3.92562809880E+00 -6.97198483E-03
+49.47000E-06 +1.59517586323E+00 +29.53052733E-03
+49.48500E-06 +1.70733666426E+00 -28.03731125E-03
+49.50000E-06 -3.87577885273E+00 +5.24912057E-03
+49.51500E-06 +2.90371856246E+00 +21.97273846E-03
+49.53000E-06 +186.93467040E-03 -30.77097956E-03
+49.54500E-06 -3.32743714969E+00 +17.63102998E-03
+49.56000E-06 +3.70130649325E+00 +11.19886923E-03
+49.57500E-06 -1.39577888045E+00 -29.48454741E-03
+49.59000E-06 -2.16844218700E+00 +27.76168313E-03
+49.60500E-06 +3.88824116420E+00 -1.66545224E-03
+49.62000E-06 -2.81648238255E+00 -22.89158265E-03
+49.63500E-06 -685.42712736E-03 +32.26419565E-03
+49.65000E-06 +3.40221101833E+00 -13.72575362E-03
+49.66500E-06 -3.73869342767E+00 -12.43932146E-03
+49.68000E-06 +897.28642348E-03 +30.81695948E-03
+49.69500E-06 +2.38030148125E+00 -24.01721079E-03
+49.71000E-06 -4.02532659001E+00 +1.06821609E-03
+49.72500E-06 +2.39276379422E+00 +26.63605500E-03
+49.74000E-06 +922.21104437E-03 -30.77097956E-03
+49.75500E-06 -3.71376880398E+00 +13.28932148E-03
+49.77000E-06 +3.43959795349E+00 +16.98781389E-03
+49.78500E-06 -623.11557225E-03 -31.89660769E-03
+49.80000E-06 -2.79155775830E+00 +23.09836660E-03
+49.81500E-06 +3.92562809861E+00 +4.76670849E-03
+49.83000E-06 -2.18090450015E+00 -26.75087910E-03
+49.84500E-06 -1.39577887858E+00 +29.85213537E-03
+49.86000E-06 +3.72623111545E+00 -9.22324110E-03
+49.87500E-06 -3.37728639651E+00 -17.26344201E-03
+49.89000E-06 +112.16080381E-03 +32.90741172E-03
+49.90500E-06 +2.90371856116E+00 -20.96193444E-03
+49.92000E-06 -3.97547734450E+00 -5.84635670E-03
+49.93500E-06 +1.69487435466E+00 +29.04811527E-03
+49.95000E-06 +1.65748741853E+00 -28.84133134E-03
+49.96500E-06 -3.95055272118E+00 +7.01796477E-03
+49.98000E-06 +3.04080398810E+00 +21.49032641E-03
+49.99500E-06 +99.69849044E-03 -31.09258760E-03
+50.01000E-06 -3.26512559250E+00 +18.91746213E-03
+50.02500E-06 +3.73869342749E+00 +10.39484914E-03
+50.04000E-06 -1.49547737187E+00 -29.48454741E-03
+50.05500E-06 -2.10613062980E+00 +27.76168313E-03
+50.07000E-06 +3.85085422997E+00 -2.30866831E-03
+50.08500E-06 -2.87879393974E+00 -23.21319069E-03
+50.10000E-06 -635.57788163E-03 +31.62097957E-03
+50.11500E-06 +3.35236177261E+00 -15.49459782E-03
+50.13000E-06 -3.76361805043E+00 -12.27851744E-03
+50.14500E-06 +959.59798068E-03 +30.81695948E-03
+50.16000E-06 +2.28060298983E+00 -25.14283892E-03
+50.17500E-06 -4.05025121276E+00 +1.22902011E-03
+50.19000E-06 +2.45507535141E+00 +25.83203490E-03
+50.20500E-06 +884.82411011E-03 -31.57499965E-03
+50.22000E-06 -3.63899493551E+00 +13.45012550E-03
+50.23500E-06 +3.48944719920E+00 +16.98781389E-03
+50.25000E-06 -722.81406368E-03 -31.25339161E-03
+50.26500E-06 -2.74170851257E+00 +24.22399473E-03
+50.28000E-06 +3.90070347586E+00 +3.96268840E-03
+50.29500E-06 -2.26814068010E+00 -26.59007508E-03
+50.31000E-06 -1.34592963285E+00 +30.81695948E-03
+50.32500E-06 +3.68884418121E+00 -9.54484914E-03
+50.34000E-06 -3.42713564222E+00 -18.06746210E-03
+50.35500E-06 +224.32160671E-03 +32.90741172E-03
+50.37000E-06 +2.85386931544E+00 -21.12273846E-03
+50.38500E-06 -3.97547734450E+00 -5.20314063E-03
+50.40000E-06 +1.78211053461E+00 +29.53052733E-03
+50.41500E-06 +1.59517586133E+00 -29.32374340E-03
+50.43000E-06 -3.86331654124E+00 +8.30439691E-03
+50.44500E-06 +3.04080398812E+00 +21.16871837E-03
+50.46000E-06 +24.92462177E-03 -32.37901974E-03
+50.47500E-06 -3.21527634678E+00 +19.88228624E-03
+50.49000E-06 +3.77608036172E+00 +9.75163306E-03
+50.50500E-06 -1.55778892908E+00 -29.96695946E-03
+50.52000E-06 -2.09366831830E+00 +28.72650724E-03
+50.53500E-06 +3.77608036132E+00 -3.11268841E-03
+50.55000E-06 -2.91618087398E+00 -22.40917060E-03
+50.56500E-06 -535.87939021E-03 +32.10339163E-03
+50.58000E-06 +3.27758790395E+00 -16.13781389E-03
+50.59500E-06 -3.76361805044E+00 -10.67047726E-03
+50.61000E-06 +1.05929647211E+00 +31.78178359E-03
+50.62500E-06 +2.21829143263E+00 -25.78605499E-03
+50.64000E-06 -4.00040196706E+00 +1.87223618E-03
+50.65500E-06 +2.49246228566E+00 +25.34962285E-03
+50.67000E-06 +747.73868446E-03 -31.41419563E-03
+50.68500E-06 -3.55175875538E+00 +14.41494961E-03
+50.70000E-06 +3.48944719921E+00 +15.21896969E-03
+50.71500E-06 -810.05024363E-03 -31.09258759E-03
+50.73000E-06 -2.59216077546E+00 +24.86721080E-03
+50.74500E-06 +3.86331654144E+00 +2.67625625E-03
+50.76000E-06 -2.35537686005E+00 -26.42927106E-03
+50.77500E-06 -1.23376882995E+00 +31.29937154E-03
+50.79000E-06 +3.57668337833E+00 -10.67047727E-03
+50.80500E-06 -3.45206026499E+00 -16.94183397E-03
+50.82000E-06 +261.70854097E-03 +31.78178359E-03
+50.83500E-06 +2.75417082402E+00 -21.60515052E-03
+50.85000E-06 -3.90070347586E+00 -3.91670848E-03
+50.86500E-06 +1.81949746886E+00 +28.88731125E-03
+50.88000E-06 +1.40824118999E+00 -29.64535143E-03
+50.89500E-06 -3.83839191828E+00 +8.78680897E-03
+50.91000E-06 +3.05326629962E+00 +20.52550230E-03
+50.92500E-06 -99.69849241E-03 -31.73580367E-03
+50.94000E-06 -3.06572860967E+00 +20.04309025E-03
+50.95500E-06 +3.67638187033E+00 +9.26922101E-03
+50.97000E-06 -1.63256279755E+00 -28.68052732E-03
+50.98500E-06 -1.91919595843E+00 +28.40489921E-03
+51.00000E-06 +3.68884418139E+00 -4.23831654E-03
+51.01500E-06 -2.95356780823E+00 -21.60515050E-03
+51.03000E-06 -398.79396456E-03 +33.06821574E-03
+51.04500E-06 +3.17788941254E+00 -16.45942193E-03
+51.06000E-06 -3.75115573897E+00 -10.83128127E-03
+51.07500E-06 +1.09668340636E+00 +30.97776349E-03
+51.09000E-06 +2.06874369551E+00 -27.07248714E-03
+51.10500E-06 -3.90070347566E+00 +2.03304020E-03
+51.12000E-06 +2.47999997421E+00 +25.18881883E-03
+51.13500E-06 +648.04019304E-03 -30.93178358E-03
+51.15000E-06 -3.43959795249E+00 +15.05816569E-03
+51.16500E-06 +3.42713564205E+00 +13.93253754E-03
+51.18000E-06 -847.43717788E-03 -31.57499965E-03
+51.19500E-06 -2.47999997256E+00 +25.02801482E-03
+51.21000E-06 +3.72623111582E+00 +2.03304018E-03
+51.22500E-06 -2.34291454860E+00 -25.14283891E-03
+51.24000E-06 -1.13407033853E+00 +31.13856752E-03
+51.25500E-06 +3.47698488692E+00 -11.15288933E-03
+51.27000E-06 -3.35236177361E+00 -15.65540182E-03
+51.28500E-06 +411.25627809E-03 +32.10339162E-03
+51.30000E-06 +2.59216077543E+00 -22.73077865E-03
+51.31500E-06 -3.83839191869E+00 -3.27349241E-03
+51.33000E-06 +1.85688440311E+00 +27.76168313E-03
+51.34500E-06 +1.30854269856E+00 -29.32374340E-03
+51.36000E-06 -3.68884418118E+00 +10.07324112E-03
+51.37500E-06 +2.97849243098E+00 +19.72148220E-03
+51.39000E-06 -162.01004961E-03 -31.09258760E-03
+51.40500E-06 -2.96603011826E+00 +20.36469829E-03
+51.42000E-06 +3.57668337894E+00 +7.50037681E-03
+51.43500E-06 -1.63256279758E+00 -28.19811526E-03
+51.45000E-06 -1.76964822131E+00 +28.08329117E-03
+51.46500E-06 +3.61407031274E+00 -5.04233663E-03
+51.48000E-06 -2.84140700537E+00 -20.47952238E-03
+51.49500E-06 -336.48240735E-03 +31.94258761E-03
+51.51000E-06 +2.99095474120E+00 -16.29861791E-03
+51.52500E-06 -3.58914569041E+00 -9.22324109E-03
+51.54000E-06 +1.13407034061E+00 +29.53052733E-03
+51.55500E-06 +1.93165826987E+00 -25.14283892E-03
+51.57000E-06 -3.73869342708E+00 +3.64108038E-03
+51.58500E-06 +2.45507535128E+00 +23.25917061E-03
+51.60000E-06 +510.95476739E-03 -30.44937152E-03
+51.61500E-06 -3.29005021538E+00 +15.70138176E-03
+51.63000E-06 +3.32743715066E+00 +14.41494960E-03
+51.64500E-06 -947.13566931E-03 -29.32374339E-03
+51.66000E-06 -2.29306530122E+00 +24.38479875E-03
+51.67500E-06 +3.57668337873E+00 +1.38982411E-03
+51.69000E-06 -2.28060299145E+00 -24.01721078E-03
+51.70500E-06 -1.00944722436E+00 +30.49535144E-03
+51.72000E-06 +3.24020096990E+00 -11.63530138E-03
+51.73500E-06 -3.26512559349E+00 -14.85138173E-03
+51.75000E-06 +448.64321234E-03 +30.81695948E-03
+51.76500E-06 +2.40522610409E+00 -22.24836659E-03
+51.78000E-06 -3.63899493590E+00 -2.63027633E-03
+51.79500E-06 +1.85688440313E+00 +27.44007509E-03
+51.81000E-06 +1.17145727292E+00 -29.00213536E-03
+51.82500E-06 -3.50190950986E+00 +10.07324112E-03
+51.84000E-06 +2.87879393961E+00 +17.47022595E-03
+51.85500E-06 -236.78391808E-03 -30.28856750E-03
+51.87000E-06 -2.71678388975E+00 +20.52550231E-03
+51.88500E-06 +3.47698488755E+00 +6.21394466E-03
+51.90000E-06 -1.65748742035E+00 -27.23329115E-03
+51.91500E-06 -1.62010048419E+00 +28.24409519E-03
+51.93000E-06 +3.38974870720E+00 -5.52474868E-03
+51.94500E-06 -2.75417082548E+00 -19.03228621E-03
+51.96000E-06 -211.85929319E-03 +31.13856752E-03
+51.97500E-06 +2.79155775840E+00 -16.62022595E-03
+51.99000E-06 -3.45206026481E+00 -7.93680894E-03
+52.00500E-06 +1.20884420908E+00 +28.40489920E-03
+52.02000E-06 +1.73226128706E+00 -25.62525098E-03
+52.03500E-06 -3.53929644429E+00 +4.12349244E-03
+52.05000E-06 +2.40522610560E+00 +21.97273846E-03
+52.06500E-06 +398.79396449E-03 -29.80615545E-03
+52.08000E-06 -3.10311554406E+00 +15.70138176E-03
+52.09500E-06 +3.16542710210E+00 +12.16369334E-03
+52.11000E-06 -972.06029208E-03 -28.51972330E-03
+52.12500E-06 -2.10613062989E+00 +24.54560277E-03
+52.14000E-06 +3.40221101867E+00 -57.41206E-06
+52.15500E-06 -2.25567836851E+00 -22.56997462E-03
+52.17000E-06 -859.89948724E-03 +29.53052733E-03
+52.18500E-06 +3.06572860983E+00 -11.31369335E-03
+52.20000E-06 -3.12804016789E+00 -13.08253753E-03
+52.21500E-06 +523.41708081E-03 +29.69133135E-03
+52.23000E-06 +2.21829143276E+00 -21.44434650E-03
+52.24500E-06 -3.47698488733E+00 -1.50464821E-03
+52.26000E-06 +1.83195978020E+00 +25.02801481E-03
+52.27500E-06 +1.03437184728E+00 -27.55489919E-03
+52.29000E-06 -3.26512559284E+00 +10.07324112E-03
+52.30500E-06 +2.74170851379E+00 +16.82700987E-03
+52.32000E-06 -361.40703225E-03 -29.32374339E-03
+52.33500E-06 -2.52984921842E+00 +20.36469829E-03
+52.35000E-06 +3.26512559328E+00 +6.05314064E-03
+52.36500E-06 -1.60763817468E+00 -25.46444695E-03
+52.38000E-06 -1.44562812433E+00 +26.31444697E-03
+52.39500E-06 +3.12804016723E+00 -6.16796476E-03
+52.41000E-06 -2.67939695684E+00 -17.90665808E-03
+52.42500E-06 -137.08542472E-03 +29.20891929E-03
+52.44000E-06 +2.59216077559E+00 -17.10263800E-03
+52.45500E-06 -3.27758790476E+00 -7.13278885E-03
+52.47000E-06 +1.15899496341E+00 +27.27927107E-03
+52.48500E-06 +1.59517586142E+00 -24.82123088E-03
+52.50000E-06 -3.32743715001E+00 +4.92751253E-03
+52.51500E-06 +2.29306530274E+00 +20.20389426E-03
+52.53000E-06 +286.63316181E-03 -28.03731125E-03
+52.54500E-06 -2.86633162703E+00 +15.54057774E-03
+52.56000E-06 +2.96603011932E+00 +10.07324110E-03
+52.57500E-06 -1.00944722632E+00 -27.23329115E-03
+52.59000E-06 -1.95658289277E+00 +23.74158267E-03
+52.60500E-06 +3.16542710166E+00 -1.50464822E-03
+52.62000E-06 -2.13105525440E+00 -21.44434649E-03
+52.63500E-06 -772.66330730E-03 +28.24409519E-03
+52.65000E-06 +2.79155775860E+00 -12.11771344E-03
+52.66500E-06 -2.94110549659E+00 -11.95690940E-03
+52.68000E-06 +548.34170357E-03 +27.60087911E-03
+52.69500E-06 +2.01889444995E+00 -20.80113043E-03
+52.71000E-06 -3.24020097032E+00 -861.43213E-06
+52.72500E-06 +1.75718591156E+00 +23.74158267E-03
+52.74000E-06 +834.97486447E-03 -26.26846705E-03
+52.75500E-06 -3.00341705286E+00 +9.91243710E-03
+52.77000E-06 +2.57969846523E+00 +15.37977371E-03
+52.78500E-06 -411.25627797E-03 -27.07248714E-03
+52.80000E-06 -2.33045223561E+00 +19.72148222E-03
+52.81500E-06 +2.99095474184E+00 +5.40992457E-03
+52.83000E-06 -1.58271355174E+00 -23.53479873E-03
+52.84500E-06 -1.24623114152E+00 +25.18881884E-03
+52.86000E-06 +2.90371856147E+00 -6.48957279E-03
+52.87500E-06 -2.51738690828E+00 -15.49459781E-03
+52.89000E-06 -49.84924478E-03 +27.92248715E-03
+52.90500E-06 +2.35537685857E+00 -16.62022595E-03
+52.92000E-06 -3.02834167628E+00 -6.16796474E-03
+52.93500E-06 +1.12160802899E+00 +25.34962285E-03
+52.95000E-06 +1.40824119009E+00 -23.37399472E-03
+52.96500E-06 -3.04080398730E+00 +5.24912056E-03
+52.98000E-06 +2.16844218841E+00 +18.43505006E-03
+52.99500E-06 +162.01004765E-03 -27.23329116E-03
+53.01000E-06 -2.60462308705E+00 +14.73655765E-03
+53.02500E-06 +2.72924620210E+00 +9.43002503E-03
+53.04000E-06 -996.98491487E-03 -24.82123088E-03
+53.05500E-06 -1.71979897575E+00 +22.45515053E-03
+53.07000E-06 +2.90371856169E+00 -1.34384420E-03
+53.08500E-06 -2.08120600850E+00 -19.03228621E-03
+53.10000E-06 -610.65325892E-03 +26.47525098E-03
+53.11500E-06 +2.52984921862E+00 -11.47449736E-03
+53.13000E-06 -2.76663313655E+00 -10.18806520E-03
+53.14500E-06 +585.72863781E-03 +26.15364294E-03
+53.16000E-06 +1.79457284440E+00 -20.47952239E-03
+53.17500E-06 -2.97849243035E+00 +264.19600E-06
+53.19000E-06 +1.60763817449E+00 +20.68630632E-03
+53.20500E-06 +760.20099601E-03 -25.14283892E-03
+53.22000E-06 -2.76663313585E+00 +9.75163308E-03
+53.23500E-06 +2.43015072815E+00 +14.09334156E-03
+53.25000E-06 -448.64321221E-03 -24.66042686E-03
+53.26500E-06 -2.06874369585E+00 +17.79183400E-03
+53.28000E-06 +2.71678389062E+00 +3.80188438E-03
+53.29500E-06 -1.50793968310E+00 -21.76595453E-03
+53.31000E-06 -1.12160802737E+00 +24.54560276E-03
+53.32500E-06 +2.62954771024E+00 -6.97198485E-03
+53.34000E-06 -2.33045223676E+00 -14.69057771E-03
+53.35500E-06 -12.46231054E-03 +25.34962285E-03
+53.37000E-06 +2.05628138437E+00 -15.65540184E-03
+53.38500E-06 -2.77909544780E+00 -4.55992456E-03
+53.40000E-06 +1.12160802901E+00 +22.77675856E-03
+53.41500E-06 +1.22130651876E+00 -22.08756257E-03
+53.43000E-06 -2.77909544733E+00 +5.24912056E-03
+53.44500E-06 +2.05628138554E+00 +16.50540184E-03
+53.46000E-06 +149.54773615E-03 -24.98203490E-03
+53.47500E-06 -2.28060299012E+00 +14.57575363E-03
+53.49000E-06 +2.52984921931E+00 +7.82198484E-03
+53.50500E-06 -1.00944722614E+00 -23.21319069E-03
+53.52000E-06 -1.53286430442E+00 +20.68630633E-03
+53.53500E-06 +2.61708539899E+00 -1.34384420E-03
+53.55000E-06 -1.86934671424E+00 -16.94183397E-03
+53.56500E-06 -473.56783329E-03 +24.22399473E-03
+53.58000E-06 +2.28060299011E+00 -11.79610540E-03
+53.59500E-06 -2.54231153080E+00 -9.54484913E-03
+53.61000E-06 +573.26632635E-03 +23.58077865E-03
+53.62500E-06 +1.54532661590E+00 -18.54987417E-03
+53.64000E-06 -2.71678389038E+00 +264.19600E-06
+53.65500E-06 +1.53286430585E+00 +18.75665810E-03
+53.67000E-06 +585.72863617E-03 -23.05238668E-03
+53.68500E-06 -2.46753766166E+00 +9.59082906E-03
+53.70000E-06 +2.16844218819E+00 +11.35967325E-03
+53.71500E-06 -461.10552348E-03 -23.05238668E-03
+53.73000E-06 -1.81949746735E+00 +17.63102998E-03
+53.74500E-06 +2.49246228486E+00 +2.67625626E-03
+53.76000E-06 -1.47055274867E+00 -19.03228621E-03
+53.77500E-06 -934.67335604E-03 +22.77675856E-03
+53.79000E-06 +2.38030148174E+00 -6.81118083E-03
+53.80500E-06 -2.14351756546E+00 -13.08253753E-03
+53.82000E-06 +124.62311509E-03 +22.29434651E-03
+53.83500E-06 +1.81949746735E+00 -14.85138175E-03
+53.85000E-06 -2.47999997362E+00 -3.91670848E-03
+53.86500E-06 +1.04683416037E+00 +20.36469828E-03
+53.88000E-06 +1.00944722471E+00 -19.99711033E-03
+53.89500E-06 -2.50492459611E+00 +5.57072860E-03
+53.91000E-06 +1.83195977980E+00 +14.73655764E-03
+53.92500E-06 +37.38693349E-03 -22.24836659E-03
+53.94000E-06 -2.00643213889E+00 +13.28932148E-03
+53.95500E-06 +2.28060299083E+00 +6.53555270E-03
+53.97000E-06 -947.13566898E-03 -20.31871836E-03
+53.98500E-06 -1.34592963310E+00 +19.72148221E-03
+54.00000E-06 +2.31798992480E+00 -2.30866831E-03
+54.01500E-06 -1.79457284559E+00 -14.04736164E-03
+54.03000E-06 -386.33165336E-03 +22.77675856E-03
+54.04500E-06 +1.95658289319E+00 -11.31369334E-03
+54.06000E-06 -2.29306530232E+00 -8.25841698E-03
+54.07500E-06 +510.95476919E-03 +21.16871837E-03
+54.09000E-06 +1.30854269888E+00 -18.22826613E-03
+54.10500E-06 -2.39276379347E+00 +585.80403E-06
+54.12000E-06 +1.42070350298E+00 +16.34459782E-03
+54.13500E-06 +448.64321054E-03 -20.96193444E-03
+54.15000E-06 -2.13105525325E+00 +9.43002504E-03
+54.16500E-06 +1.95658289392E+00 +9.91243708E-03
+54.18000E-06 -461.10552350E-03 -20.96193444E-03
+54.19500E-06 -1.65748741876E+00 +15.86218577E-03
+54.21000E-06 +2.23075374489E+00 +1.38982411E-03
+54.22500E-06 -1.32100501159E+00 -17.26344201E-03
+54.24000E-06 -834.97486463E-03 +20.04309025E-03
+54.25500E-06 +2.08120600755E+00 -6.16796476E-03
+54.27000E-06 -1.98150751690E+00 -10.67047726E-03
+54.28500E-06 +112.16080362E-03 +20.68630632E-03
+54.30000E-06 +1.58271355033E+00 -14.04736165E-03
+54.31500E-06 -2.30552761356E+00 -2.63027634E-03
+54.33000E-06 +934.67335750E-03 +18.75665810E-03
+54.34500E-06 +859.89948760E-03 -19.19309024E-03
+54.36000E-06 -2.19336681043E+00 +5.57072860E-03
+54.37500E-06 +1.66994973123E+00 +12.96771343E-03
+54.39000E-06 -740E-12 -20.64032640E-03
+54.40500E-06 -1.83195977881E+00 +11.84208532E-03
+54.42000E-06 +2.01889445086E+00 +5.08831653E-03
+54.43500E-06 -872.36180032E-03 -18.38907014E-03
+54.45000E-06 -1.12160802757E+00 +17.14861792E-03
+54.46500E-06 +2.05628138482E+00 -2.95188439E-03
+54.48000E-06 -1.59517586281E+00 -13.24334155E-03
+54.49500E-06 -348.94471913E-03 +19.88228623E-03
+54.51000E-06 +1.71979897618E+00 -9.86645718E-03
+54.52500E-06 -2.03135676235E+00 -6.81118082E-03
+54.54000E-06 +573.26632614E-03 +18.11344203E-03
+54.55500E-06 +1.12160802756E+00 -16.29861791E-03
+54.57000E-06 -2.16844218771E+00 +1.55062814E-03
+54.58500E-06 +1.29608038863E+00 +14.41494960E-03
+54.60000E-06 +361.40703061E-03 -18.87148220E-03
+54.61500E-06 -1.88180902476E+00 +9.10841700E-03
+54.63000E-06 +1.75718591114E+00 +8.94761297E-03
+54.64500E-06 -436.18090054E-03 -18.71067818E-03
+54.66000E-06 -1.38331656753E+00 +14.25414559E-03
+54.67500E-06 +1.94412058219E+00 +907.41205E-06
+54.69000E-06 -1.25869345442E+00 -15.49459781E-03
+54.70500E-06 -660.50250479E-03 +17.95263801E-03
+54.72000E-06 +1.79457284485E+00 -6.48957279E-03
+54.73500E-06 -1.75718591114E+00 -8.74082904E-03
+54.75000E-06 +137.08542636E-03 +18.27424604E-03
+54.76500E-06 +1.38331656753E+00 -12.11771343E-03
+54.78000E-06 -1.99396982789E+00 -2.63027634E-03
+54.79500E-06 +909.74873455E-03 +15.70138175E-03
+54.81000E-06 +722.81406198E-03 -16.78102996E-03
+54.82500E-06 -1.95658289343E+00 +4.92751253E-03
+54.84000E-06 +1.47055274845E+00 +11.03806521E-03
+54.85500E-06 -74.77386918E-03 -17.90665809E-03
+54.87000E-06 -1.52040199338E+00 +11.35967326E-03
+54.88500E-06 +1.80703515659E+00 +4.12349242E-03
+54.90000E-06 -822.51255464E-03 -16.78102996E-03
+54.91500E-06 -972.06029046E-03 +16.18379381E-03
+54.93000E-06 +1.76964822213E+00 -3.27349242E-03
+54.94500E-06 -1.43316581424E+00 -12.11771342E-03
+54.96000E-06 -274.17085069E-03 +17.79183399E-03
+54.97500E-06 +1.47055274769E+00 -9.38404512E-03
+54.99000E-06 -1.78211053387E+00 -5.52474867E-03
+55.00500E-06 +510.95476897E-03 +15.86218577E-03
+55.02000E-06 +947.13566773E-03 -14.69057772E-03
+55.03500E-06 -1.86934671352E+00 +2.03304019E-03
+55.05000E-06 +1.08422109436E+00 +12.64610540E-03
+55.06500E-06 +261.70853920E-03 -16.94183398E-03
+55.08000E-06 -1.68241204196E+00 +8.30439691E-03
+55.09500E-06 +1.53286430538E+00 +7.82198485E-03
+55.11000E-06 -411.25627758E-03 -16.62022594E-03
+55.12500E-06 -1.15899496201E+00 +13.12851746E-03
+55.14000E-06 +1.69487435371E+00 +585.80402E-06
+55.15500E-06 -1.09668340586E+00 -13.08253753E-03
+55.17000E-06 -535.87939066E-03 +16.02298979E-03
+55.18500E-06 +1.50793968215E+00 -6.32876877E-03
+55.20000E-06 -1.59517586257E+00 -8.09761296E-03
+55.21500E-06 +112.16080340E-03 +15.70138175E-03
+55.23000E-06 +1.12160802780E+00 -11.95690941E-03
+55.24500E-06 -1.75718591089E+00 -1.18304017E-03
+55.26000E-06 +785.12562019E-03 +13.45012549E-03
+55.27500E-06 +548.34170215E-03 -15.33379380E-03
+55.29000E-06 -1.66994973073E+00 +5.24912056E-03
+55.30500E-06 +1.29608038839E+00 +9.10841699E-03
+55.32000E-06 -112.16080340E-03 -15.97700987E-03
+55.33500E-06 -1.33346732208E+00 +10.71645719E-03
+55.35000E-06 +1.50793968241E+00 +3.31947233E-03
+55.36500E-06 -785.12562019E-03 -13.88655763E-03
+55.38000E-06 -797.58793063E-03 +13.77173353E-03
+55.39500E-06 +1.50793968215E+00 -3.11268840E-03
+55.41000E-06 -1.25869345418E+00 -9.70565315E-03
+55.42500E-06 -211.85929376E-03 +15.37977372E-03
+55.44000E-06 +1.27115576489E+00 -8.74082905E-03
+55.45500E-06 -1.57025123959E+00 -4.23831652E-03
+55.47000E-06 +448.64321180E-03 +13.61092951E-03
+55.48500E-06 +747.73868493E-03 -13.56494960E-03
+55.50000E-06 -1.63256279652E+00 +907.41207E-06
+55.51500E-06 +972.06029149E-03 +10.55565316E-03
+55.53000E-06 +149.54773657E-03 -15.01218576E-03
+55.54500E-06 -1.39577887926E+00 +7.01796476E-03
+55.56000E-06 +1.28361807690E+00 +5.89233663E-03
+55.57500E-06 -448.64321180E-03 -14.04736165E-03
+55.59000E-06 -996.98491342E-03 +11.35967326E-03
+55.60500E-06 +1.43316581373E+00 -700.62813E-06
+55.62000E-06 -984.52260298E-03 -11.79610539E-03
+55.63500E-06 -473.56783346E-03 +14.09334157E-03
+55.65000E-06 +1.30854269935E+00 -6.16796475E-03
+55.66500E-06 -1.34592963409E+00 -6.97198483E-03
+55.68000E-06 +112.16080342E-03 +13.61092951E-03
+55.69500E-06 +922.21104500E-03 -9.86645717E-03
+55.71000E-06 -1.49547737092E+00 -1.18304017E-03
+55.72500E-06 +672.96481731E-03 +11.35967325E-03
+55.74000E-06 +398.79396505E-03 -13.72575361E-03
+55.75500E-06 -1.40824119075E+00 +4.44510047E-03
+55.77000E-06 +1.09668340561E+00 +7.82198485E-03
+55.78500E-06 -99.69849193E-03 -13.56494959E-03
+55.80000E-06 -1.12160802779E+00 +8.94761298E-03
+55.81500E-06 +1.34592963383E+00 +2.67625626E-03
+55.83000E-06 -710.35175152E-03 -12.60012548E-03
+55.84500E-06 -623.11557081E-03 +12.16369335E-03
+55.86000E-06 +1.25869345366E+00 -3.43429644E-03
+55.87500E-06 -1.10914571710E+00 -8.41922100E-03
+55.89000E-06 -112.16080235E-03 +13.28932148E-03
+55.90500E-06 +1.03437184788E+00 -7.93680895E-03
+55.92000E-06 -1.37085425681E+00 -3.27349241E-03
+55.93500E-06 +386.33165462E-03 +11.68128129E-03
+55.95000E-06 +610.65325932E-03 -10.99208530E-03
+55.96500E-06 -1.38331656803E+00 +1.22902010E-03
+55.98000E-06 +834.97486563E-03 +8.94761298E-03
+55.99500E-06 +74.77386814E-03 -12.60012548E-03
+56.01000E-06 -1.15899496226E+00 +6.21394467E-03
+56.02500E-06 +1.13407033982E+00 +4.12349242E-03
+56.04000E-06 -411.25627734E-03 -12.11771343E-03
+56.05500E-06 -785.12561939E-03 +10.39484915E-03
+56.07000E-06 +1.19638189673E+00 -539.82411E-06
+56.08500E-06 -810.05024292E-03 -9.38404511E-03
+56.10000E-06 -324.02009663E-03 +11.52047727E-03
+56.11500E-06 +1.04683415937E+00 -4.88153261E-03
+56.13000E-06 -1.17145727402E+00 -5.20314063E-03
+56.14500E-06 +124.62311465E-03 +11.68128129E-03
+56.16000E-06 +735.27637370E-03 -9.54484914E-03
+56.17500E-06 -1.29608038813E+00 -539.82410E-06
+56.19000E-06 +610.65326013E-03 +9.59082905E-03
+56.20500E-06 +324.02009662E-03 -11.31369334E-03
+56.22000E-06 -1.17145727375E+00 +3.80188440E-03
+56.23500E-06 +934.67335703E-03 +6.69635672E-03
+56.25000E-06 -124.62311465E-03 -11.79610539E-03
+56.26500E-06 -934.67335648E-03 +7.66118084E-03
+56.28000E-06 +1.05929647113E+00 +1.06821608E-03
+56.29500E-06 -610.65326013E-03 -10.02726119E-03
+56.31000E-06 -523.41707941E-03 +9.75163307E-03
+56.32500E-06 +1.03437184815E+00 -2.95188438E-03
+56.34000E-06 -947.13566852E-03 -7.77600493E-03
+56.35500E-06 -87.23617963E-03 +11.03806522E-03
+56.37000E-06 +810.05024237E-03 -6.65037681E-03
+56.38500E-06 -1.15899496253E+00 -2.63027634E-03
+56.40000E-06 +324.02009744E-03 +9.75163307E-03
+56.41500E-06 +486.03014520E-03 -9.70565315E-03
+56.43000E-06 -1.13407033954E+00 +1.71143216E-03
+56.44500E-06 +735.27637424E-03 +7.01796476E-03
+56.46000E-06 +62.31155664E-03 -11.63530137E-03
+56.47500E-06 -984.52260218E-03 +5.57072860E-03
+56.49000E-06 +909.74873404E-03 +3.48027635E-03
+56.50500E-06 -361.40703165E-03 -10.18806521E-03
+56.52000E-06 -685.42712799E-03 +8.46520093E-03
+56.53500E-06 +947.13566825E-03 -379.02009E-06
+56.55000E-06 -735.27637424E-03 -7.93680895E-03
+56.56500E-06 -286.63316241E-03 +9.59082905E-03
+56.58000E-06 +859.89948807E-03 -5.04233662E-03
+56.59500E-06 -1.00944722544E+00 -4.07751251E-03
+56.61000E-06 +112.16080317E-03 +9.26922102E-03
+56.62500E-06 +598.19094809E-03 -8.25841699E-03
+56.64000E-06 -1.08422109385E+00 -700.62812E-06
+56.65500E-06 +498.49245725E-03 +7.82198485E-03
+56.67000E-06 +274.17085092E-03 -10.02726119E-03
+56.68500E-06 -1.02190953665E+00 +3.48027636E-03
+56.70000E-06 +735.27637424E-03 +4.60590448E-03
+56.71500E-06 -162.01004886E-03 -9.22324110E-03
+56.73000E-06 -772.66330817E-03 +6.69635673E-03
+56.74500E-06 +859.89948835E-03 +1.22902009E-03
+56.76000E-06 -548.34170295E-03 -8.25841698E-03
+56.77500E-06 -398.79396530E-03 +9.10841700E-03
+56.79000E-06 +834.97486536E-03 -2.79108037E-03
+56.80500E-06 -797.58793144E-03 -6.00716073E-03
+56.82000E-06 -49.84924542E-03 +8.78680896E-03
+56.83500E-06 +623.11557108E-03 -5.84635671E-03
+56.85000E-06 -922.21104554E-03 -2.14786428E-03
+56.86500E-06 +311.55778596E-03 +7.82198485E-03
+56.88000E-06 +386.33165380E-03 -7.61520092E-03
+56.89500E-06 -897.28642255E-03 +1.55062814E-03
+56.91000E-06 +635.57788285E-03 +5.57072859E-03
+56.92500E-06 +37.38693392E-03 -9.22324110E-03
+56.94000E-06 -810.05024237E-03 +3.80188440E-03
+56.95500E-06 +760.20099695E-03 +2.35464822E-03
+56.97000E-06 -324.02009746E-03 -8.41922100E-03
+56.98500E-06 -548.34170239E-03 +7.17876878E-03
+57.00000E-06 +797.58793116E-03 -539.82411E-06
+57.01500E-06 -648.04019435E-03 -6.16796475E-03
+57.03000E-06 -236.78391671E-03 +7.50037681E-03
+57.04500E-06 +722.81406247E-03 -3.91670849E-03
+57.06000E-06 -822.51255415E-03 -3.91670849E-03
+57.07500E-06 +162.01004887E-03 +8.46520092E-03
+57.09000E-06 +461.10552249E-03 -6.32876877E-03
+57.10500E-06 -909.74873405E-03 +425.00001E-06
+57.12000E-06 +398.79396586E-03 +7.17876878E-03
+57.13500E-06 +149.54773681E-03 -8.09761297E-03
+57.15000E-06 -772.66330817E-03 +3.31947234E-03
+57.16500E-06 +623.11557136E-03 +3.80188439E-03
+57.18000E-06 -149.54773738E-03 -8.74082904E-03
+57.19500E-06 -598.19094808E-03 +5.40992458E-03
+57.21000E-06 +660.50250556E-03 -57.41205E-06
+57.22500E-06 -498.49245726E-03 -6.97198484E-03
+57.24000E-06 -386.33165380E-03 +6.53555271E-03
+57.25500E-06 +722.81406247E-03 -2.14786429E-03
+57.27000E-06 -672.96481706E-03 -4.23831652E-03
+57.28500E-06 +290E-12 +6.69635672E-03
+57.30000E-06 +473.56783398E-03 -5.52474868E-03
+57.31500E-06 -760.20099695E-03 -1.02223616E-03
+57.33000E-06 +236.78391728E-03 +6.53555270E-03
+57.34500E-06 +211.85929400E-03 -6.81118082E-03
+57.36000E-06 -872.36179956E-03 +1.71143216E-03
+57.37500E-06 +473.56783427E-03 +4.44510046E-03
+57.39000E-06 -37.38693449E-03 -7.93680895E-03
+57.40500E-06 -660.50250527E-03 +4.44510047E-03
+57.42000E-06 +610.65325986E-03 +1.38982411E-03
+57.43500E-06 -336.48240867E-03 -6.48957278E-03
+57.45000E-06 -461.10552248E-03 +5.57072859E-03
+57.46500E-06 +635.57788257E-03 -1.34384420E-03
+57.48000E-06 -523.41707997E-03 -5.36394465E-03
+57.49500E-06 -186.93467100E-03 +6.37474869E-03
+57.51000E-06 +523.41707968E-03 -3.43429644E-03
+57.52500E-06 -660.50250556E-03 -2.79108036E-03
+57.54000E-06 +124.62311439E-03 +6.05314065E-03
+57.55500E-06 +324.02009689E-03 -5.68555269E-03
+57.57000E-06 -735.27637396E-03 +264.19599E-06
+57.58500E-06 +324.02009718E-03 +5.24912056E-03
+57.60000E-06 +49.84924541E-03 -6.16796475E-03
+57.61500E-06 -672.96481677E-03 +2.67625626E-03
+57.63000E-06 +510.95476847E-03 +2.99786430E-03
+57.64500E-06 -149.54773738E-03 -7.29359288E-03
+57.66000E-06 -510.95476818E-03 +4.12349243E-03
+57.67500E-06 +548.34170267E-03 +746.60804E-06
+57.69000E-06 -423.71858857E-03 -5.20314064E-03
+57.70500E-06 -261.70853969E-03 +6.37474869E-03
+57.72000E-06 +523.41707968E-03 -1.98706027E-03
+57.73500E-06 -535.87939146E-03 -3.59510045E-03
+57.75000E-06 -12.46231121E-03 +6.69635672E-03
+57.76500E-06 +373.86934258E-03 -4.39912055E-03
+57.78000E-06 -660.50250556E-03 -1.02223616E-03
+57.79500E-06 +186.93467158E-03 +5.40992457E-03
+57.81000E-06 +162.01004830E-03 -6.16796475E-03
+57.82500E-06 -610.65325986E-03 +746.60804E-06
+57.84000E-06 +373.86934288E-03 +3.48027635E-03
+57.85500E-06 -74.77386869E-03 -6.00716073E-03
+57.87000E-06 -523.41707967E-03 +3.31947234E-03
+57.88500E-06 +498.49245697E-03 +1.22902009E-03
+57.90000E-06 -274.17085148E-03 -6.32876876E-03
+57.91500E-06 -361.40703108E-03 +5.24912056E-03
+57.93000E-06 +486.03014547E-03 -700.62813E-06
+57.94500E-06 -436.18090007E-03 -4.23831652E-03
+57.96000E-06 -112.16080260E-03 +5.57072859E-03
+57.97500E-06 +386.33165408E-03 -3.11268840E-03
+57.99000E-06 -560.80401417E-03 -1.98706027E-03
+58.00500E-06 +87.23618019E-03 +5.40992457E-03
+58.02000E-06 +224.32160549E-03 -5.36394466E-03
+58.03500E-06 -598.19094837E-03 +264.19599E-06
+58.05000E-06 +274.17085148E-03 +3.96268841E-03
+58.06500E-06 +49.84924540E-03 -5.84635671E-03
+58.08000E-06 -535.87939117E-03 +2.03304019E-03
+58.09500E-06 +398.79396558E-03 +2.19384421E-03
+58.11000E-06 -174.47236009E-03 -5.68555269E-03
+58.12500E-06 -423.71858828E-03 +3.80188439E-03
+58.14000E-06 +448.64321128E-03 -379.02009E-06
+58.15500E-06 -361.40703138E-03 -3.91670849E-03
+58.17000E-06 -224.32160549E-03 +4.76670850E-03
+58.18500E-06 +386.33165408E-03 -1.98706027E-03
+58.20000E-06 -461.10552277E-03 -2.46947232E-03
+58.21500E-06 -24.92462270E-03 +5.57072859E-03
+58.23000E-06 +324.02009688E-03 -3.75590447E-03
+58.24500E-06 -535.87939117E-03 -1.18304018E-03
+58.26000E-06 +174.47236009E-03 +4.12349243E-03
+58.27500E-06 +124.62311409E-03 -4.23831653E-03
+58.29000E-06 -486.03014547E-03 +1.38982412E-03
+58.30500E-06 +311.55778568E-03 +2.67625626E-03
+58.32000E-06 -74.77386870E-03 -5.20314064E-03
+58.33500E-06 -423.71858828E-03 +2.67625626E-03
+58.35000E-06 +361.40703138E-03 +1.38982411E-03
+58.36500E-06 -224.32160579E-03 -4.72072858E-03
+58.38000E-06 -324.02009688E-03 +3.96268841E-03
+58.39500E-06 +348.94471988E-03 -1.18304018E-03
+58.41000E-06 -361.40703138E-03 -3.27349242E-03
+58.42500E-06 -112.16080259E-03 +4.76670850E-03
+58.44000E-06 +299.09547418E-03 -2.30866831E-03
+58.45500E-06 -498.49245697E-03 -1.18304018E-03
+58.47000E-06 +37.38693450E-03 +4.12349243E-03
+58.48500E-06 +174.47235979E-03 -4.23831653E-03
+58.50000E-06 -498.49245697E-03 -539.82410E-06
+58.51500E-06 +211.85929429E-03 +3.48027635E-03
+58.53000E-06 +24.92462270E-03 -4.72072858E-03
+58.54500E-06 -436.18089978E-03 +2.03304019E-03
+58.56000E-06 +274.17085149E-03 +1.55062813E-03
+58.57500E-06 -124.62311439E-03 -3.43429644E-03
+58.59000E-06 -286.63316268E-03 +3.64108037E-03
+58.60500E-06 +299.09547418E-03 +585.80402E-06
+58.62000E-06 -274.17085149E-03 -3.59510045E-03
+58.63500E-06 -186.93467129E-03 +3.80188439E-03
+58.65000E-06 +286.63316268E-03 -1.34384420E-03
+58.66500E-06 -411.25627708E-03 -2.46947232E-03
+58.68000E-06 -74.77386839E-03 +3.64108037E-03
+58.69500E-06 +186.93467129E-03 -2.95188438E-03
+58.71000E-06 -411.25627708E-03 -539.82410E-06
+58.72500E-06 +112.16080290E-03 +3.31947233E-03
+58.74000E-06 +112.16080259E-03 -3.43429644E-03
+58.75500E-06 -386.33165408E-03 +1.38982412E-03
+58.77000E-06 +211.85929429E-03 +2.03304019E-03
+58.78500E-06 -74.77386870E-03 -4.07751251E-03
+58.80000E-06 -373.86934258E-03 +1.87223617E-03
+58.81500E-06 +261.70853999E-03 +103.39197E-06
+58.83000E-06 -211.85929429E-03 -3.43429644E-03
+58.84500E-06 -186.93467129E-03 +2.51545225E-03
+58.86000E-06 +236.78391699E-03 -1.02223616E-03
+58.87500E-06 -311.55778568E-03 -1.82625625E-03
+58.89000E-06 -74.77386839E-03 +3.64108037E-03
+58.90500E-06 +224.32160548E-03 -2.30866831E-03
+58.92000E-06 -398.79396558E-03 -1.18304018E-03
+58.93500E-06 +24.92462300E-03 +3.64108037E-03
+58.95000E-06 +137.08542559E-03 -3.43429644E-03
+58.96500E-06 -348.94471988E-03 +1.06821608E-03
+58.98000E-06 +149.54773709E-03 +1.71143215E-03
+58.99500E-06 -12.46231150E-03 -3.43429644E-03
+59.01000E-06 -336.48240838E-03 +1.38982412E-03
+59.02500E-06 +236.78391698E-03 +907.41206E-06
+59.04000E-06 -149.54773709E-03 -3.27349242E-03
+59.05500E-06 -236.78391698E-03 +2.51545225E-03
+59.07000E-06 +299.09547418E-03 +103.39197E-06
+59.08500E-06 -261.70853999E-03 -2.79108036E-03
+59.10000E-06 -137.08542559E-03 +3.15866832E-03
+59.11500E-06 +199.39698279E-03 -1.02223616E-03
+59.13000E-06 -311.55778569E-03 -1.34384420E-03
+59.14500E-06 +12.46231150E-03 +3.48027635E-03
+59.16000E-06 +137.08542559E-03 -2.63027634E-03
+59.17500E-06 -348.94471988E-03 -539.82410E-06
+59.19000E-06 +37.38693451E-03 +2.35464823E-03
+59.20500E-06 +74.77386839E-03 -3.75590447E-03
+59.22000E-06 -348.94471988E-03 +746.60804E-06
+59.23500E-06 +149.54773709E-03 +1.55062813E-03
+59.25000E-06 -62.31155720E-03 -2.30866831E-03
+59.26500E-06 -286.63316268E-03 +2.35464823E-03
+59.28000E-06 +211.85929429E-03 +425.00001E-06
+59.29500E-06 -162.01004859E-03 -2.63027634E-03
+59.31000E-06 -186.93467129E-03 +3.15866832E-03
+59.32500E-06 +149.54773709E-03 -539.82411E-06
+59.34000E-06 -249.24622849E-03 -1.98706027E-03
+59.35500E-06 -49.84924570E-03 +3.15866832E-03
+59.37000E-06 +137.08542559E-03 -1.66545223E-03
+59.38500E-06 -311.55778569E-03 -700.62812E-06
+59.40000E-06 +0.0E+00 +2.99786430E-03
+59.41500E-06 +37.38693419E-03 -1.66545223E-03
+59.43000E-06 -299.09547418E-03 +1.06821608E-03
+59.44500E-06 +112.16080290E-03 +1.38982411E-03
+59.46000E-06 -62.31155720E-03 -2.79108036E-03
+59.47500E-06 -286.63316268E-03 +1.22902010E-03
+59.49000E-06 +149.54773709E-03 +907.41206E-06
+59.50500E-06 -162.01004859E-03 -2.79108036E-03
+59.52000E-06 -261.70853967E-03 +1.87223617E-03
+59.53500E-06 +112.16080290E-03 -379.02009E-06
+59.55000E-06 -211.85929429E-03 -1.98706027E-03
+59.56500E-06 -124.62311409E-03 +2.35464823E-03
+59.58000E-06 +174.47235978E-03 -1.50464821E-03
+59.59500E-06 -249.24622849E-03 -1.18304018E-03
+59.61000E-06 +12.46231150E-03 +2.35464823E-03
+59.62500E-06 +74.77386839E-03 -1.66545223E-03
+59.64000E-06 -299.09547418E-03 -539.82410E-06
+59.65500E-06 +24.92462301E-03 +2.19384421E-03
+59.67000E-06 -12.46231150E-03 -1.66545223E-03
+59.68500E-06 -274.17085118E-03 +585.80403E-06
+59.70000E-06 +87.23617989E-03 +585.80403E-06
+59.71500E-06 -62.31155720E-03 -2.14786429E-03
+59.73000E-06 -199.39698279E-03 +1.06821608E-03
+59.74500E-06 +99.69849139E-03 +264.19599E-06
+59.76000E-06 -199.39698279E-03 -2.14786429E-03
+59.77500E-06 -174.47235978E-03 +2.35464823E-03
+59.79000E-06 +137.08542559E-03 -1.02223616E-03
+59.80500E-06 -211.85929429E-03 -1.50464821E-03
+59.82000E-06 -49.84924570E-03 +1.87223617E-03
+59.83500E-06 +87.23617989E-03 -1.50464821E-03
+59.85000E-06 -211.85929429E-03 -218.21607E-06
+59.86500E-06 +0.0E+00 +1.71143215E-03
+59.88000E-06 +0.0E+00 -2.14786429E-03
+59.89500E-06 -249.24622849E-03 +425.00001E-06
+59.91000E-06 +99.69849139E-03 +2.19384421E-03
+59.92500E-06 -12.46231150E-03 -2.14786429E-03
+59.94000E-06 -186.93467128E-03 +746.60804E-06
+59.95500E-06 +99.69849139E-03 +907.41206E-06
+59.97000E-06 -112.16080290E-03 -2.30866831E-03
+59.98500E-06 -186.93467128E-03 +1.71143215E-03
+60.00000E-06 +112.16080290E-03 -379.02009E-06
+60.01500E-06 -199.39698279E-03 -861.43214E-06
+60.03000E-06 -124.62311408E-03 +2.19384421E-03
+60.04500E-06 +99.69849139E-03 -861.43214E-06
+60.06000E-06 -211.85929429E-03 -700.62812E-06
+60.07500E-06 -74.77386838E-03 +2.35464823E-03
+60.09000E-06 +37.38693419E-03 -1.50464821E-03
+60.10500E-06 -211.85929429E-03 -57.41205E-06
+60.12000E-06 +49.84924570E-03 +1.71143215E-03
+60.13500E-06 -12.46231151E-03 -1.34384420E-03
+60.15000E-06 -186.93467128E-03 +907.41206E-06
+60.16500E-06 +99.69849139E-03 +585.80402E-06
+60.18000E-06 -62.31155720E-03 -1.98706027E-03
+60.19500E-06 -186.93467128E-03 +1.22902010E-03
+60.21000E-06 +99.69849139E-03 +264.19599E-06
+60.22500E-06 -149.54773709E-03 -1.34384420E-03
+60.24000E-06 -137.08542559E-03 +1.71143215E-03
+60.25500E-06 +62.31155720E-03 -218.21607E-06
+60.27000E-06 -186.93467128E-03 -861.43214E-06
+60.28500E-06 -37.38693419E-03 +1.38982411E-03
+60.30000E-06 +37.38693419E-03 -1.50464821E-03
+60.31500E-06 -236.78391698E-03 -539.82410E-06
+60.33000E-06 +49.84924570E-03 +1.38982411E-03
+60.34500E-06 -12.46231151E-03 -1.98706027E-03
+60.36000E-06 -249.24622849E-03 +425.00001E-06
+60.37500E-06 +37.38693419E-03 +907.41206E-06
+60.39000E-06 -49.84924570E-03 -1.50464821E-03
+60.40500E-06 -174.47235978E-03 +425.00001E-06
+60.42000E-06 +49.84924570E-03 -218.21607E-06
+60.43500E-06 -99.69849139E-03 -1.34384420E-03
+60.45000E-06 -137.08542559E-03 +585.80403E-06
+60.46500E-06 +49.84924570E-03 -539.82411E-06
+60.48000E-06 -149.54773709E-03 -1.18304018E-03
+60.49500E-06 -87.23617989E-03 +1.22902010E-03
+60.51000E-06 +49.84924570E-03 -861.43214E-06
+60.52500E-06 -199.39698279E-03 -861.43214E-06
+60.54000E-06 +0.0E+00 +585.80403E-06
+60.55500E-06 +0.0E+00 -1.02223616E-03
+60.57000E-06 -149.54773709E-03 +264.19599E-06
+60.58500E-06 +0.0E+00 +907.41206E-06
+60.60000E-06 -87.23617989E-03 -1.34384420E-03
+60.61500E-06 -149.54773709E-03 +1.22902010E-03
+60.63000E-06 +24.92462301E-03 +1.06821608E-03
+60.64500E-06 -99.69849139E-03 -1.50464821E-03
+60.66000E-06 -112.16080290E-03 +585.80403E-06
+60.67500E-06 +12.46231151E-03 +264.19599E-06
+60.69000E-06 -112.16080290E-03 -1.50464821E-03
+60.70500E-06 -99.69849139E-03 +1.71143215E-03
+60.72000E-06 +49.84924570E-03 -218.21607E-06
+60.73500E-06 -149.54773709E-03 -861.43214E-06
+60.75000E-06 -49.84924570E-03 +1.55062813E-03
+60.76500E-06 +0.0E+00 -539.82411E-06
+60.78000E-06 -149.54773709E-03 -539.82410E-06
+60.79500E-06 -37.38693419E-03 +585.80403E-06
+60.81000E-06 -12.46231151E-03 -1.02223616E-03
+60.82500E-06 -186.93467128E-03 +103.39197E-06
+60.84000E-06 -37.38693419E-03 +585.80403E-06
+60.85500E-06 -49.84924570E-03 -861.43214E-06
+60.87000E-06 -137.08542558E-03 +746.60804E-06
+60.88500E-06 +49.84924570E-03 +264.19599E-06
+60.90000E-06 -62.31155720E-03 -1.50464821E-03
+60.91500E-06 -137.08542558E-03 +1.06821608E-03
+60.93000E-06 +37.38693419E-03 +103.39197E-06
+60.94500E-06 -162.01004860E-03 -539.82410E-06
+60.96000E-06 -99.69849139E-03 +1.71143215E-03
+60.97500E-06 +0.0E+00 +103.39197E-06
+60.99000E-06 -99.69849139E-03 -700.62812E-06
+61.00500E-06 -12.46231151E-03 +907.41206E-06
+61.02000E-06 +0.0E+00 -700.62812E-06
+61.03500E-06 -162.01004860E-03 -57.41205E-06
+61.05000E-06 -37.38693419E-03 +907.41206E-06
+61.06500E-06 -62.31155721E-03 -861.43214E-06
+61.08000E-06 -137.08542558E-03 -57.41205E-06
+61.09500E-06 +0.0E+00 +425.00001E-06
+61.11000E-06 -12.46231151E-03 -861.43214E-06
+61.12500E-06 -99.69849139E-03 +425.00001E-06
+61.14000E-06 +37.38693419E-03 +425.00001E-06
+61.15500E-06 -112.16080290E-03 -861.43214E-06
+61.17000E-06 -87.23617989E-03 +907.41206E-06
+61.18500E-06 +37.38693419E-03 -861.43214E-06
+61.20000E-06 -186.93467128E-03 -218.21607E-06
+61.21500E-06 -74.77386838E-03 +1.55062813E-03
+61.23000E-06 +0.0E+00 -700.62812E-06
+61.24500E-06 -99.69849139E-03 -700.62812E-06
+61.26000E-06 -12.46231150E-03 -57.41205E-06
+61.27500E-06 -49.84924570E-03 -700.62812E-06
+61.29000E-06 -149.54773709E-03 +425.00001E-06
+61.30500E-06 -12.46231150E-03 +425.00001E-06
+61.32000E-06 -49.84924570E-03 -1.50464821E-03
+61.33500E-06 -99.69849139E-03 +425.00001E-06
+61.35000E-06 +12.46231150E-03 -218.21607E-06
+61.36500E-06 -99.69849139E-03 -379.02009E-06
+61.38000E-06 -137.08542559E-03 +103.39197E-06
+61.39500E-06 -37.38693420E-03 -218.21607E-06
+61.41000E-06 -62.31155720E-03 -861.43214E-06
+61.42500E-06 -62.31155720E-03 +425.00001E-06
+61.44000E-06 +0.0E+00 -57.41205E-06
+61.45500E-06 -112.16080290E-03 +425.00001E-06
+61.47000E-06 -37.38693420E-03 +425.00001E-06
+61.48500E-06 +0.0E+00 -539.82411E-06
+61.50000E-06 -112.16080289E-03 -57.41205E-06
+61.51500E-06 -49.84924570E-03 +425.00001E-06
+61.53000E-06 -49.84924570E-03 -539.82411E-06
+61.54500E-06 -99.69849139E-03 +425.00001E-06
+61.56000E-06 -49.84924570E-03 +425.00001E-06
+61.57500E-06 -99.69849139E-03 -861.43214E-06
+61.59000E-06 -87.23617990E-03 +425.00001E-06
+61.60500E-06 +37.38693420E-03 -379.02009E-06
+61.62000E-06 -99.69849139E-03 -861.43214E-06
+61.63500E-06 -99.69849139E-03 +1.06821608E-03
+61.65000E-06 -12.46231150E-03 -379.02009E-06
+61.66500E-06 -62.31155719E-03 -700.62812E-06
+61.68000E-06 -49.84924570E-03 +585.80402E-06
+61.69500E-06 -49.84924570E-03 -218.21607E-06
+61.71000E-06 -99.69849139E-03 +264.19599E-06
+61.72500E-06 +0.0E+00 -379.02009E-06
+61.74000E-06 -62.31155719E-03 -1.34384420E-03
+61.75500E-06 -99.69849139E-03 +425.00001E-06
+61.77000E-06 +0.0E+00 +425.00001E-06
+61.78500E-06 -62.31155719E-03 -861.43214E-06
+61.80000E-06 -137.08542560E-03 +425.00001E-06
+61.81500E-06 +0.0E+00 +425.00001E-06
+61.83000E-06 -99.69849139E-03 -700.62812E-06
+61.84500E-06 -87.23617990E-03 -218.21607E-06
+61.86000E-06 -12.46231149E-03 -218.21607E-06
+61.87500E-06 -137.08542560E-03 -218.21607E-06
+61.89000E-06 -49.84924570E-03 +425.00001E-06
+61.90500E-06 -12.46231149E-03 -218.21607E-06
+61.92000E-06 -137.08542560E-03 -218.21607E-06
+61.93500E-06 -49.84924570E-03 +585.80402E-06
+61.95000E-06 -49.84924570E-03 -861.43214E-06
+61.96500E-06 -99.69849139E-03 -218.21607E-06
+61.98000E-06 -12.46231149E-03 -57.41205E-06
+61.99500E-06 -49.84924570E-03 -379.02009E-06
+62.01000E-06 -49.84924570E-03 +425.00001E-06
+62.02500E-06 -49.84924570E-03 +585.80402E-06
+62.04000E-06 -99.69849139E-03 -218.21607E-06
+62.05500E-06 -62.31155719E-03 +425.00001E-06
+62.07000E-06 +0.0E+00 -218.21607E-06
+62.08500E-06 -99.69849139E-03 -379.02009E-06
+62.10000E-06 -49.84924570E-03 -57.41205E-06
+62.11500E-06 -49.84924570E-03 -218.21607E-06
+62.13000E-06 -112.16080288E-03 -218.21607E-06
+62.14500E-06 -62.31155718E-03 +425.00001E-06
+62.16000E-06 +0.0E+00 +264.19599E-06
+62.17500E-06 -137.08542561E-03 +425.00001E-06
+62.19000E-06 -37.38693421E-03 +264.19599E-06
+62.20500E-06 +0.0E+00 -1.02223616E-03
+62.22000E-06 -99.69849139E-03 -700.62812E-06
+62.23500E-06 -49.84924570E-03 -57.41205E-06
+62.25000E-06 -49.84924570E-03 -379.02009E-06
+62.26500E-06 -99.69849139E-03 +425.00001E-06
+62.28000E-06 -49.84924570E-03 +425.00001E-06
+62.29500E-06 -62.31155718E-03 -379.02009E-06
+62.31000E-06 -49.84924570E-03 +264.19599E-06
+62.32500E-06 -12.46231148E-03 -218.21607E-06
+62.34000E-06 -62.31155718E-03 -57.41205E-06
+62.35500E-06 -49.84924570E-03 -218.21607E-06
+62.37000E-06 -37.38693421E-03 +264.19599E-06
+62.38500E-06 -99.69849139E-03 -218.21607E-06
+62.40000E-06 -49.84924570E-03 +264.19599E-06
+62.41500E-06 -49.84924570E-03 -218.21607E-06
+62.43000E-06 -137.08542561E-03 -218.21607E-06
+62.44500E-06 -49.84924570E-03 -218.21607E-06
+62.46000E-06 -49.84924570E-03 -700.62812E-06
+62.47500E-06 -87.23617991E-03 +425.00001E-06
+62.49000E-06 -49.84924570E-03 +103.39197E-06
+62.50500E-06 -62.31155718E-03 -700.62812E-06
+62.52000E-06 -87.23617991E-03 +425.00001E-06
+62.53500E-06 -37.38693422E-03 +264.19599E-06
+62.55000E-06 -49.84924570E-03 +264.19599E-06
+62.56500E-06 -49.84924570E-03 -218.21607E-06
+62.58000E-06 -12.46231148E-03 -218.21607E-06
+62.59500E-06 -99.69849139E-03 -218.21607E-06
+62.61000E-06 -49.84924570E-03 +425.00001E-06
+62.62500E-06 -62.31155718E-03 -218.21607E-06
+62.64000E-06 -87.23617992E-03 +425.00001E-06
+62.65500E-06 -49.84924570E-03 +425.00001E-06
+62.67000E-06 -37.38693422E-03 -1.02223616E-03
+62.68500E-06 -99.69849139E-03 -218.21607E-06
+62.70000E-06 -49.84924570E-03 -218.21607E-06
+62.71500E-06 -87.23617992E-03 -218.21607E-06
+62.73000E-06 -87.23617992E-03 -57.41205E-06
+62.74500E-06 -12.46231148E-03 +585.80402E-06
+62.76000E-06 -112.16080287E-03 -57.41205E-06
+62.77500E-06 -49.84924570E-03 +1.06821608E-03
+62.79000E-06 -37.38693422E-03 -218.21607E-06
+62.80500E-06 -49.84924570E-03 -861.43214E-06
+62.82000E-06 -62.31155717E-03 -218.21607E-06
+62.83500E-06 -37.38693422E-03 -700.62812E-06
+62.85000E-06 -99.69849139E-03 +264.19599E-06
+62.86500E-06 -62.31155717E-03 +425.00001E-06
+62.88000E-06 -49.84924570E-03 +425.00001E-06
+62.89500E-06 -49.84924570E-03 +425.00001E-06
+62.91000E-06 -37.38693422E-03 +425.00001E-06
+62.92500E-06 -99.69849139E-03 +264.19599E-06
+62.94000E-06 -99.69849139E-03 -218.21607E-06
+62.95500E-06 -49.84924570E-03 +264.19599E-06
+62.97000E-06 -37.38693423E-03 -379.02009E-06
+62.98500E-06 -62.31155717E-03 -57.41205E-06
+63.00000E-06 -49.84924570E-03 -57.41205E-06
+63.01500E-06 -49.84924570E-03 -218.21607E-06
+63.03000E-06 -37.38693423E-03 -218.21607E-06
+63.04500E-06 -12.46231147E-03 -379.02009E-06
+63.06000E-06 -99.69849139E-03 -57.41205E-06
+63.07500E-06 -49.84924570E-03 +425.00001E-06
+63.09000E-06 -49.84924570E-03 -218.21607E-06
+63.10500E-06 -62.31155717E-03 -700.62812E-06
+63.12000E-06 -87.23617993E-03 -218.21607E-06
+63.13500E-06 -49.84924570E-03 -218.21607E-06
+63.15000E-06 -87.23617993E-03 -218.21607E-06
+63.16500E-06 -49.84924570E-03 -218.21607E-06
+63.18000E-06 -62.31155716E-03 -700.62812E-06
+63.19500E-06 -99.69849139E-03 -57.41205E-06
+63.21000E-06 -37.38693423E-03 -57.41205E-06
+63.22500E-06 -62.31155716E-03 -700.62812E-06
+63.24000E-06 -87.23617993E-03 +425.00001E-06
+63.25500E-06 -49.84924570E-03 +425.00001E-06
+63.27000E-06 -99.69849139E-03 +264.19599E-06
+63.28500E-06 -87.23617993E-03 +264.19599E-06
+63.30000E-06 -62.31155716E-03 -57.41205E-06
+63.31500E-06 -87.23617993E-03 -218.21607E-06
+63.33000E-06 -49.84924570E-03 +425.00001E-06
+63.34500E-06 -24.92462293E-03 -57.41205E-06
+63.36000E-06 -87.23617993E-03 +425.00001E-06
+63.37500E-06 -49.84924570E-03 +264.19599E-06
+63.39000E-06 -49.84924570E-03 -700.62812E-06
+63.40500E-06 -49.84924570E-03 -379.02009E-06
+63.42000E-06 -24.92462293E-03 -700.62812E-06
+63.43500E-06 -87.23617993E-03 -57.41205E-06
+63.45000E-06 -87.23617993E-03 -218.21607E-06
+63.46500E-06 -62.31155716E-03 +264.19599E-06
+63.48000E-06 -87.23617993E-03 -57.41205E-06
+63.49500E-06 -49.84924570E-03 +425.00001E-06
+63.51000E-06 -49.84924570E-03 +264.19599E-06
+63.52500E-06 -99.69849139E-03 +264.19599E-06
+63.54000E-06 -62.31155716E-03 +425.00001E-06
+63.55500E-06 +0.0E+00 +264.19599E-06
+63.57000E-06 -49.84924570E-03 +264.19599E-06
+63.58500E-06 -62.31155716E-03 -57.41205E-06
+63.60000E-06 -87.23617994E-03 -57.41205E-06
+63.61500E-06 -87.23617994E-03 +425.00001E-06
+63.63000E-06 -37.38693424E-03 +425.00001E-06
+63.64500E-06 -49.84924570E-03 -379.02009E-06
+63.66000E-06 -62.31155716E-03 -57.41205E-06
+63.67500E-06 -49.84924570E-03 -57.41205E-06
+63.69000E-06 -49.84924570E-03 +264.19599E-06
+63.70500E-06 -62.31155715E-03 -700.62812E-06
+63.72000E-06 -87.23617994E-03 -218.21607E-06
+63.73500E-06 -87.23617994E-03 -218.21607E-06
+63.75000E-06 -49.84924570E-03 -379.02009E-06
+63.76500E-06 -49.84924570E-03 -700.62812E-06
+63.78000E-06 -49.84924570E-03 -861.43214E-06
+63.79500E-06 +0.0E+00 -218.21607E-06
+63.81000E-06 -87.23617994E-03 +264.19599E-06
+63.82500E-06 -24.92462291E-03 -57.41205E-06
+63.84000E-06 -49.84924570E-03 -218.21607E-06
+63.85500E-06 -87.23617994E-03 -57.41205E-06
+63.87000E-06 -62.31155715E-03 -218.21607E-06
+63.88500E-06 -49.84924570E-03 -861.43214E-06
+63.90000E-06 -99.69849139E-03 -700.62812E-06
+63.91500E-06 -87.23617994E-03 -57.41205E-06
+63.93000E-06 -37.38693424E-03 +264.19599E-06
+63.94500E-06 -62.31155715E-03 -57.41205E-06
+63.96000E-06 -87.23617994E-03 -218.21607E-06
+63.97500E-06 -49.84924570E-03 +425.00001E-06
+63.99000E-06 -49.84924570E-03 -218.21607E-06
+64.00500E-06 -12.46231145E-03 +264.19599E-06
+64.02000E-06 -62.31155715E-03 -218.21607E-06
+64.03500E-06 -99.69849139E-03 +425.00001E-06
+64.05000E-06 -49.84924570E-03 -218.21607E-06
+64.06500E-06 -62.31155715E-03 -57.41205E-06
+64.08000E-06 -49.84924570E-03 -218.21607E-06
+64.09500E-06 -49.84924570E-03 +103.39197E-06
+64.11000E-06 -49.84924570E-03 +264.19599E-06
+64.12500E-06 -49.84924570E-03 +103.39197E-06
+64.14000E-06 -49.84924570E-03 -218.21607E-06
+64.15500E-06 -49.84924570E-03 -57.41205E-06
+64.17000E-06 -49.84924570E-03 +425.00001E-06
+64.18500E-06 -62.31155715E-03 -218.21607E-06
+64.20000E-06 -49.84924570E-03 -57.41205E-06
+64.21500E-06 -62.31155714E-03 -57.41205E-06
+64.23000E-06 -12.46231145E-03 +264.19599E-06
+64.24500E-06 -49.84924570E-03 -218.21607E-06
+64.26000E-06 -62.31155714E-03 -218.21607E-06
+64.27500E-06 -137.08542565E-03 -218.21607E-06
+64.29000E-06 -87.23617995E-03 +264.19599E-06
+64.30500E-06 -62.31155714E-03 +264.19599E-06
+64.32000E-06 -49.84924570E-03 -218.21607E-06
+64.33500E-06 -49.84924570E-03 +103.39197E-06
+64.35000E-06 -49.84924570E-03 -379.02009E-06
+64.36500E-06 -37.38693425E-03 -379.02009E-06
+64.38000E-06 -49.84924570E-03 -539.82410E-06
+64.39500E-06 -87.23617995E-03 -700.62812E-06
+64.41000E-06 -99.69849139E-03 -379.02009E-06
+64.42500E-06 -62.31155714E-03 -218.21607E-06
+64.44000E-06 -87.23617995E-03 -57.41205E-06
+64.45500E-06 -49.84924570E-03 +425.00001E-06
+64.47000E-06 -99.69849139E-03 +264.19599E-06
+64.48500E-06 -49.84924570E-03 -379.02009E-06
+64.50000E-06 -62.31155714E-03 -700.62812E-06
+64.51500E-06 -49.84924570E-03 -57.41205E-06
+64.53000E-06 -49.84924570E-03 -218.21607E-06
+64.54500E-06 -62.31155714E-03 -218.21607E-06
+64.56000E-06 -87.23617995E-03 -218.21607E-06
+64.57500E-06 -49.84924570E-03 -218.21607E-06
+64.59000E-06 -49.84924570E-03 +264.19599E-06
+64.60500E-06 -49.84924570E-03 +264.19599E-06
+64.62000E-06 -62.31155714E-03 -700.62812E-06
+64.63500E-06 -99.69849139E-03 -57.41205E-06
+64.65000E-06 -49.84924570E-03 -218.21607E-06
+64.66500E-06 -62.31155714E-03 -218.21607E-06
+64.68000E-06 -87.23617996E-03 -218.21607E-06
+64.69500E-06 -49.84924570E-03 -57.41205E-06
+64.71000E-06 -99.69849139E-03 -218.21607E-06
+64.72500E-06 -62.31155713E-03 -218.21607E-06
+64.74000E-06 -49.84924570E-03 -700.62812E-06
+64.75500E-06 -49.84924570E-03 -218.21607E-06
+64.77000E-06 -49.84924570E-03 -218.21607E-06
+64.78500E-06 -37.38693426E-03 -218.21607E-06
+64.80000E-06 -87.23617996E-03 -57.41205E-06
+64.81500E-06 -49.84924570E-03 -57.41205E-06
+64.83000E-06 -62.31155713E-03 -218.21607E-06
+64.84500E-06 -62.31155713E-03 -379.02009E-06
+64.86000E-06 -49.84924570E-03 -218.21607E-06
+64.87500E-06 -99.69849139E-03 +264.19599E-06
+64.89000E-06 -62.31155713E-03 +264.19599E-06
+64.90500E-06 -62.31155713E-03 -700.62812E-06
+64.92000E-06 -49.84924570E-03 -57.41205E-06
+64.93500E-06 -62.31155713E-03 -218.21607E-06
+64.95000E-06 -49.84924570E-03 -700.62812E-06
+64.96500E-06 -49.84924570E-03 -379.02009E-06
+64.98000E-06 -62.31155713E-03 -700.62812E-06
+64.99500E-06 -49.84924570E-03 -218.21607E-06
+65.01000E-06 -49.84924570E-03 +425.00001E-06
+65.02500E-06 -62.31155713E-03 -218.21607E-06
+65.04000E-06 -87.23617996E-03 +425.00001E-06
+65.05500E-06 -49.84924570E-03 +425.00001E-06
+65.07000E-06 -49.84924570E-03 +425.00001E-06
+65.08500E-06 -49.84924570E-03 -218.21607E-06
+65.10000E-06 -12.46231143E-03 -700.62812E-06
+65.11500E-06 -87.23617996E-03 -57.41205E-06
+65.13000E-06 -49.84924570E-03 -218.21607E-06
+65.14500E-06 -62.31155713E-03 +425.00001E-06
+65.16000E-06 -87.23617997E-03 +264.19599E-06
+65.17500E-06 -62.31155713E-03 -218.21607E-06
+65.19000E-06 -49.84924570E-03 +907.41206E-06
+65.20500E-06 -87.23617997E-03 -379.02009E-06
+65.22000E-06 -62.31155713E-03 -700.62812E-06
+65.23500E-06 -49.84924570E-03 -379.02009E-06
+65.25000E-06 -49.84924570E-03 -218.21607E-06
+65.26500E-06 -49.84924570E-03 -218.21607E-06
+65.28000E-06 -49.84924570E-03 -218.21607E-06
+65.29500E-06 -87.23617997E-03 -218.21607E-06
+65.31000E-06 -49.84924570E-03 -218.21607E-06
+65.32500E-06 -49.84924570E-03 +103.39197E-06
+65.34000E-06 -49.84924570E-03 -700.62812E-06
+65.35500E-06 -49.84924570E-03 -218.21607E-06
+65.37000E-06 -37.38693427E-03 -218.21607E-06
+65.38500E-06 -49.84924570E-03 +425.00001E-06
+65.40000E-06 -87.23617997E-03 -57.41205E-06
+65.41500E-06 -49.84924570E-03 +425.00001E-06
+65.43000E-06 -49.84924570E-03 -218.21607E-06
+65.44500E-06 -49.84924570E-03 -379.02009E-06
+65.46000E-06 -49.84924570E-03 -700.62812E-06
+65.47500E-06 -87.23617997E-03 -218.21607E-06
+65.49000E-06 -49.84924570E-03 -218.21607E-06
+65.50500E-06 -62.31155712E-03 -700.62812E-06
+65.52000E-06 -87.23617997E-03 -218.21607E-06
+65.53500E-06  
