x-axis SCL1 SDA1
second Volt Volt
+34.50000E-06 -44.53140497E-03 -1.13517581E-03
+34.51500E-06 +21.39824629E-03 -170.35170E-06
+34.53000E-06 -44.53140497E-03 -170.35170E-06
+34.54500E-06 -110.46105623E-03 -1.13517581E-03
+34.56000E-06 -44.53140497E-03 -1.13517581E-03
+34.57500E-06 -44.53140497E-03 -2.09999993E-03
+34.59000E-06 -44.53140497E-03 -170.35170E-06
+34.60500E-06 -44.53140497E-03 -1.13517581E-03
+34.62000E-06 -44.53140497E-03 -170.35170E-06
+34.63500E-06 -44.53140497E-03 -170.35170E-06
+34.65000E-06 -44.53140497E-03 -170.35170E-06
+34.66500E-06 -44.53140497E-03 -170.35170E-06
+34.68000E-06 -44.53140497E-03 -170.35170E-06
+34.69500E-06 -44.53140497E-03 -1.13517581E-03
+34.71000E-06 -44.53140497E-03 -170.35170E-06
+34.72500E-06 -44.53140497E-03 -170.35170E-06
+34.74000E-06 -44.53140497E-03 -2.09999993E-03
+34.75500E-06 -44.53140497E-03 -170.35170E-06
+34.77000E-06 -44.53140497E-03 -170.35170E-06
+34.78500E-06 -44.53140497E-03 -170.35170E-06
+34.80000E-06 -44.53140497E-03 -170.35170E-06
+34.81500E-06 -44.53140497E-03 -1.13517581E-03
+34.83000E-06 -44.53140497E-03 -170.35170E-06
+34.84500E-06 -44.53140497E-03 -170.35170E-06
+34.86000E-06 -44.53140497E-03 -170.35170E-06
+34.87500E-06 -44.53140497E-03 -170.35170E-06
+34.89000E-06 -44.53140497E-03 -1.13517581E-03
+34.90500E-06 -44.53140497E-03 +794.47241E-06
+34.92000E-06 -44.53140497E-03 -170.35170E-06
+34.93500E-06 +21.39824629E-03 -2.09999993E-03
+34.95000E-06 +21.39824629E-03 -170.35170E-06
+34.96500E-06 -44.53140497E-03 -170.35170E-06
+34.98000E-06 -44.53140497E-03 -1.13517581E-03
+34.99500E-06 -44.53140497E-03 -170.35170E-06
+35.01000E-06 -44.53140497E-03 -170.35170E-06
+35.02500E-06 -44.53140497E-03 -170.35170E-06
+35.04000E-06 -44.53140497E-03 -1.13517581E-03
+35.05500E-06 -44.53140497E-03 -2.09999993E-03
+35.07000E-06 -44.53140497E-03 -1.13517581E-03
+35.08500E-06 -44.53140497E-03 -1.13517581E-03
+35.10000E-06 -44.53140497E-03 -1.13517581E-03
+35.11500E-06 -44.53140497E-03 -170.35170E-06
+35.13000E-06 -110.46105623E-03 -1.13517581E-03
+35.14500E-06 -44.53140497E-03 -170.35170E-06
+35.16000E-06 -44.53140497E-03 -1.13517581E-03
+35.17500E-06 -44.53140497E-03 -1.13517581E-03
+35.19000E-06 +21.39824629E-03 -1.13517581E-03
+35.20500E-06 -44.53140497E-03 -170.35170E-06
+35.22000E-06 -44.53140497E-03 -170.35170E-06
+35.23500E-06 -44.53140497E-03 -170.35170E-06
+35.25000E-06 -44.53140497E-03 -1.13517581E-03
+35.26500E-06 -44.53140497E-03 +794.47241E-06
+35.28000E-06 -44.53140497E-03 -170.35170E-06
+35.29500E-06 -44.53140497E-03 -1.13517581E-03
+35.31000E-06 -44.53140497E-03 -170.35170E-06
+35.32500E-06 -44.53140497E-03 -170.35170E-06
+35.34000E-06 -44.53140497E-03 -2.09999993E-03
+35.35500E-06 -44.53140497E-03 -170.35170E-06
+35.37000E-06 -110.46105623E-03 -170.35170E-06
+35.38500E-06 -44.53140497E-03 -170.35170E-06
+35.40000E-06 -44.53140497E-03 -170.35170E-06
+35.41500E-06 -44.53140497E-03 -1.13517581E-03
+35.43000E-06 -44.53140497E-03 -1.13517581E-03
+35.44500E-06 -44.53140497E-03 -170.35170E-06
+35.46000E-06 -44.53140497E-03 -170.35170E-06
+35.47500E-06 -44.53140497E-03 -170.35170E-06
+35.49000E-06 -44.53140497E-03 -170.35170E-06
+35.50500E-06 -110.46105623E-03 +794.47241E-06
+35.52000E-06 -44.53140497E-03 -1.13517581E-03
+35.53500E-06 -110.46105623E-03 -2.09999993E-03
+35.55000E-06 -44.53140497E-03 -170.35170E-06
+35.56500E-06 -44.53140497E-03 -1.13517581E-03
+35.58000E-06 -110.46105623E-03 -1.13517581E-03
+35.59500E-06 -44.53140498E-03 -170.35170E-06
+35.61000E-06 -110.46105623E-03 -170.35170E-06
+35.62500E-06 -44.53140497E-03 -170.35170E-06
+35.64000E-06 -110.46105623E-03 -1.13517581E-03
+35.65500E-06 -44.53140497E-03 -1.13517581E-03
+35.67000E-06 -44.53140498E-03 +794.47241E-06
+35.68500E-06 -44.53140497E-03 -170.35170E-06
+35.70000E-06 -44.53140497E-03 -2.09999993E-03
+35.71500E-06 -44.53140498E-03 -1.13517581E-03
+35.73000E-06 -44.53140498E-03 -2.09999993E-03
+35.74500E-06 -110.46105623E-03 -1.13517581E-03
+35.76000E-06 -44.53140497E-03 -1.13517581E-03
+35.77500E-06 -110.46105623E-03 -2.09999992E-03
+35.79000E-06 -44.53140497E-03 -1.13517581E-03
+35.80500E-06 -44.53140497E-03 -1.13517581E-03
+35.82000E-06 -44.53140498E-03 -1.13517581E-03
+35.83500E-06 -44.53140497E-03 -170.35170E-06
+35.85000E-06 -44.53140497E-03 -170.35170E-06
+35.86500E-06 -44.53140497E-03 -1.13517581E-03
+35.88000E-06 -44.53140498E-03 -1.13517581E-03
+35.89500E-06 +21.39824628E-03 -1.13517581E-03
+35.91000E-06 -44.53140497E-03 -1.13517581E-03
+35.92500E-06 -44.53140497E-03 -1.13517581E-03
+35.94000E-06 -44.53140497E-03 -1.13517581E-03
+35.95500E-06 -44.53140497E-03 -170.35170E-06
+35.97000E-06 -44.53140497E-03 -170.35170E-06
+35.98500E-06 -44.53140497E-03 -170.35170E-06
+36.00000E-06 +21.39824628E-03 -170.35170E-06
+36.01500E-06 -44.53140497E-03 -1.13517581E-03
+36.03000E-06 -44.53140497E-03 -1.13517581E-03
+36.04500E-06 -44.53140498E-03 -1.13517581E-03
+36.06000E-06 -44.53140497E-03 -2.09999993E-03
+36.07500E-06 -44.53140498E-03 -170.35170E-06
+36.09000E-06 -44.53140497E-03 -170.35170E-06
+36.10500E-06 -44.53140497E-03 +794.47241E-06
+36.12000E-06 -44.53140497E-03 -170.35170E-06
+36.13500E-06 -44.53140497E-03 -1.13517581E-03
+36.15000E-06 -44.53140497E-03 -170.35170E-06
+36.16500E-06 -44.53140498E-03 -1.13517581E-03
+36.18000E-06 -44.53140497E-03 -170.35170E-06
+36.19500E-06 -110.46105623E-03 -170.35170E-06
+36.21000E-06 -110.46105622E-03 -1.13517581E-03
+36.22500E-06 +21.39824628E-03 -1.13517581E-03
+36.24000E-06 -44.53140497E-03 -1.13517581E-03
+36.25500E-06 -44.53140497E-03 -2.09999993E-03
+36.27000E-06 -44.53140497E-03 -170.35170E-06
+36.28500E-06 -44.53140497E-03 -1.13517581E-03
+36.30000E-06 -44.53140497E-03 -170.35170E-06
+36.31500E-06 -44.53140497E-03 -170.35170E-06
+36.33000E-06 -44.53140496E-03 -170.35170E-06
+36.34500E-06 -44.53140497E-03 -170.35170E-06
+36.36000E-06 -44.53140497E-03 -1.13517581E-03
+36.37500E-06 +21.39824628E-03 -1.13517581E-03
+36.39000E-06 -44.53140498E-03 -1.13517581E-03
+36.40500E-06 -44.53140497E-03 -1.13517581E-03
+36.42000E-06 -110.46105622E-03 -2.09999992E-03
+36.43500E-06 -44.53140497E-03 -170.35170E-06
+36.45000E-06 -44.53140498E-03 -170.35170E-06
+36.46500E-06 -44.53140497E-03 -170.35170E-06
+36.48000E-06 -44.53140498E-03 -170.35170E-06
+36.49500E-06 +21.39824628E-03 -1.13517581E-03
+36.51000E-06 +21.39824628E-03 -1.13517581E-03
+36.52500E-06 -44.53140496E-03 -1.13517581E-03
+36.54000E-06 -110.46105622E-03 -2.09999992E-03
+36.55500E-06 -44.53140497E-03 -1.13517581E-03
+36.57000E-06 -44.53140497E-03 -170.35170E-06
+36.58500E-06 -44.53140497E-03 -170.35170E-06
+36.60000E-06 -44.53140496E-03 -170.35170E-06
+36.61500E-06 -44.53140497E-03 -1.13517581E-03
+36.63000E-06 +21.39824629E-03 -1.13517581E-03
+36.64500E-06 -44.53140498E-03 -1.13517581E-03
+36.66000E-06 -44.53140497E-03 -1.13517581E-03
+36.67500E-06 -44.53140497E-03 -170.35170E-06
+36.69000E-06 -44.53140497E-03 -1.13517581E-03
+36.70500E-06 -110.46105622E-03 -170.35170E-06
+36.72000E-06 -44.53140497E-03 -1.13517581E-03
+36.73500E-06 -44.53140498E-03 -1.13517581E-03
+36.75000E-06 -44.53140498E-03 -1.13517581E-03
+36.76500E-06 -44.53140496E-03 -1.13517581E-03
+36.78000E-06 -44.53140497E-03 -1.13517581E-03
+36.79500E-06 -44.53140497E-03 -170.35170E-06
+36.81000E-06 -44.53140498E-03 -170.35170E-06
+36.82500E-06 -44.53140497E-03 -1.13517581E-03
+36.84000E-06 -44.53140497E-03 -170.35170E-06
+36.85500E-06 +21.39824628E-03 -2.09999992E-03
+36.87000E-06 -44.53140498E-03 -1.13517581E-03
+36.88500E-06 -110.46105622E-03 -1.13517581E-03
+36.90000E-06 -44.53140497E-03 -170.35170E-06
+36.91500E-06 -44.53140497E-03 -170.35170E-06
+36.93000E-06 -110.46105622E-03 -170.35170E-06
+36.94500E-06 -44.53140497E-03 -1.13517581E-03
+36.96000E-06 +87.32789754E-03 -1.13517581E-03
+36.97500E-06 -44.53140497E-03 -1.13517581E-03
+36.99000E-06 +21.39824628E-03 -170.35170E-06
+37.00500E-06 -110.46105622E-03 -170.35170E-06
+37.02000E-06 +21.39824628E-03 -170.35170E-06
+37.03500E-06 -44.53140498E-03 -170.35170E-06
+37.05000E-06 -110.46105622E-03 -170.35170E-06
+37.06500E-06 -110.46105622E-03 -170.35170E-06
+37.08000E-06 -44.53140498E-03 -1.13517581E-03
+37.09500E-06 +21.39824628E-03 -1.13517581E-03
+37.11000E-06 -44.53140498E-03 -170.35170E-06
+37.12500E-06 -44.53140496E-03 -1.13517582E-03
+37.14000E-06 -44.53140497E-03 -1.13517581E-03
+37.15500E-06 +21.39824629E-03 -1.13517581E-03
+37.17000E-06 -110.46105622E-03 -1.13517581E-03
+37.18500E-06 -44.53140497E-03 -1.13517581E-03
+37.20000E-06 -44.53140497E-03 -1.13517581E-03
+37.21500E-06 -44.53140497E-03 -2.09999992E-03
+37.23000E-06 -44.53140497E-03 +794.47241E-06
+37.24500E-06 -110.46105623E-03 -170.35170E-06
+37.26000E-06 -44.53140497E-03 -170.35170E-06
+37.27500E-06 -110.46105623E-03 -170.35170E-06
+37.29000E-06 -44.53140497E-03 -1.13517581E-03
+37.30500E-06 -110.46105623E-03 -170.35170E-06
+37.32000E-06 +21.39824629E-03 -1.13517581E-03
+37.33500E-06 -44.53140497E-03 -1.13517581E-03
+37.35000E-06 -44.53140497E-03 -170.35170E-06
+37.36500E-06 -44.53140497E-03 -170.35170E-06
+37.38000E-06 -44.53140498E-03 -2.09999992E-03
+37.39500E-06 -44.53140498E-03 +794.47241E-06
+37.41000E-06 -110.46105623E-03 -170.35170E-06
+37.42500E-06 -44.53140496E-03 +794.47241E-06
+37.44000E-06 -44.53140498E-03 -170.35170E-06
+37.45500E-06 -44.53140497E-03 -2.09999992E-03
+37.47000E-06 -44.53140499E-03 -1.13517581E-03
+37.48500E-06 -44.53140497E-03 -1.13517582E-03
+37.50000E-06 -44.53140497E-03 -170.35170E-06
+37.51500E-06 -44.53140496E-03 -170.35170E-06
+37.53000E-06 -44.53140497E-03 -170.35170E-06
+37.54500E-06 -44.53140497E-03 -170.35170E-06
+37.56000E-06 -44.53140496E-03 +794.47241E-06
+37.57500E-06 -44.53140497E-03 -1.13517581E-03
+37.59000E-06 +21.39824629E-03 -1.13517581E-03
+37.60500E-06 -110.46105625E-03 -2.09999992E-03
+37.62000E-06 -44.53140497E-03 -1.13517581E-03
+37.63500E-06 -44.53140499E-03 -170.35170E-06
+37.65000E-06 -44.53140497E-03 -1.13517581E-03
+37.66500E-06 -110.46105623E-03 -170.35170E-06
+37.68000E-06 -44.53140496E-03 -1.13517582E-03
+37.69500E-06 -44.53140497E-03 -1.13517581E-03
+37.71000E-06 -44.53140497E-03 -1.13517582E-03
+37.72500E-06 +21.39824627E-03 -1.13517581E-03
+37.74000E-06 -44.53140497E-03 -1.13517581E-03
+37.75500E-06 +21.39824629E-03 -170.35170E-06
+37.77000E-06 -110.46105622E-03 -1.13517581E-03
+37.78500E-06 +21.39824629E-03 -170.35170E-06
+37.80000E-06 -44.53140499E-03 -170.35170E-06
+37.81500E-06 +21.39824627E-03 -1.13517581E-03
+37.83000E-06 -110.46105623E-03 -170.35170E-06
+37.84500E-06 -44.53140497E-03 -1.13517581E-03
+37.86000E-06 -44.53140497E-03 -170.35170E-06
+37.87500E-06 -44.53140499E-03 -1.13517581E-03
+37.89000E-06 -44.53140497E-03 -1.13517581E-03
+37.90500E-06 -110.46105623E-03 -2.09999992E-03
+37.92000E-06 -44.53140496E-03 -1.13517581E-03
+37.93500E-06 -110.46105625E-03 -1.13517581E-03
+37.95000E-06 +21.39824629E-03 -1.13517581E-03
+37.96500E-06 -110.46105623E-03 -170.35170E-06
+37.98000E-06 -44.53140497E-03 -1.13517581E-03
+37.99500E-06 -110.46105623E-03 +794.47241E-06
+38.01000E-06 -44.53140497E-03 -170.35170E-06
+38.02500E-06 -44.53140497E-03 +794.47241E-06
+38.04000E-06 -44.53140497E-03 -1.13517582E-03
+38.05500E-06 +21.39824629E-03 -170.35170E-06
+38.07000E-06 -110.46105623E-03 -2.09999992E-03
+38.08500E-06 -44.53140496E-03 -1.13517582E-03
+38.10000E-06 -110.46105623E-03 -1.13517581E-03
+38.11500E-06 -44.53140497E-03 -170.35170E-06
+38.13000E-06 -44.53140499E-03 -170.35170E-06
+38.14500E-06 -44.53140497E-03 -170.35171E-06
+38.16000E-06 -44.53140497E-03 -170.35170E-06
+38.17500E-06 -44.53140499E-03 -2.09999992E-03
+38.19000E-06 -44.53140497E-03 -170.35170E-06
+38.20500E-06 -110.46105623E-03 -1.13517581E-03
+38.22000E-06 -44.53140497E-03 -1.13517581E-03
+38.23500E-06 -176.39070748E-03 -170.35170E-06
+38.25000E-06 +21.39824629E-03 -1.13517582E-03
+38.26500E-06 -176.39070748E-03 -170.35170E-06
+38.28000E-06 +21.39824629E-03 -1.13517582E-03
+38.29500E-06 -110.46105622E-03 -1.13517581E-03
+38.31000E-06 +21.39824629E-03 -1.13517581E-03
+38.32500E-06 -110.46105622E-03 +794.47241E-06
+38.34000E-06 -110.46105623E-03 -1.13517581E-03
+38.35500E-06 +21.39824629E-03 -170.35170E-06
+38.37000E-06 -110.46105622E-03 -1.13517581E-03
+38.38500E-06 +87.32789753E-03 +794.47241E-06
+38.40000E-06 -110.46105623E-03 -170.35170E-06
+38.41500E-06 +21.39824629E-03 -1.13517581E-03
+38.43000E-06 -110.46105625E-03 -170.35170E-06
+38.44500E-06 +21.39824629E-03 -1.13517581E-03
+38.46000E-06 -110.46105622E-03 -170.35170E-06
+38.47500E-06 -44.53140497E-03 -170.35170E-06
+38.49000E-06 -110.46105622E-03 -170.35170E-06
+38.50500E-06 -110.46105621E-03 -1.13517582E-03
+38.52000E-06 +21.39824629E-03 -170.35170E-06
+38.53500E-06 -110.46105623E-03 -1.13517581E-03
+38.55000E-06 +21.39824629E-03 -1.13517581E-03
+38.56500E-06 -110.46105625E-03 -1.13517581E-03
+38.58000E-06 +87.32789755E-03 -170.35170E-06
+38.59500E-06 -110.46105623E-03 -170.35170E-06
+38.61000E-06 -44.53140497E-03 -170.35170E-06
+38.62500E-06 -176.39070746E-03 +794.47241E-06
+38.64000E-06 -44.53140495E-03 -1.13517582E-03
+38.65500E-06 -44.53140497E-03 -1.13517581E-03
+38.67000E-06 -110.46105623E-03 -2.09999992E-03
+38.68500E-06 -44.53140495E-03 -170.35170E-06
+38.70000E-06 -44.53140499E-03 -2.09999992E-03
+38.71500E-06 +87.32789755E-03 -170.35170E-06
+38.73000E-06 -176.39070747E-03 -1.13517581E-03
+38.74500E-06 +21.39824633E-03 -170.35170E-06
+38.76000E-06 -110.46105625E-03 -1.13517581E-03
+38.77500E-06 +21.39824629E-03 -2.09999992E-03
+38.79000E-06 -110.46105623E-03 -170.35170E-06
+38.80500E-06 -44.53140497E-03 -1.13517581E-03
+38.82000E-06 -44.53140497E-03 +794.47241E-06
+38.83500E-06 -110.46105623E-03 -1.13517581E-03
+38.85000E-06 -44.53140495E-03 +794.47241E-06
+38.86500E-06 -176.39070749E-03 -1.13517581E-03
+38.88000E-06 +21.39824629E-03 -1.13517581E-03
+38.89500E-06 -176.39070747E-03 -1.13517581E-03
+38.91000E-06 +87.32789755E-03 -170.35170E-06
+38.92500E-06 -110.46105623E-03 -170.35170E-06
+38.94000E-06 +87.32789755E-03 -2.09999992E-03
+38.95500E-06 -110.46105623E-03 -170.35170E-06
+38.97000E-06 -44.53140497E-03 -2.09999992E-03
+38.98500E-06 -44.53140497E-03 +794.47241E-06
+39.00000E-06 -44.53140497E-03 -1.13517582E-03
+39.01500E-06 +21.39824629E-03 -170.35170E-06
+39.03000E-06 -176.39070747E-03 -1.13517581E-03
+39.04500E-06 +87.32789755E-03 -170.35170E-06
+39.06000E-06 -176.39070749E-03 -1.13517581E-03
+39.07500E-06 +87.32789755E-03 -170.35170E-06
+39.09000E-06 -176.39070749E-03 +794.47241E-06
+39.10500E-06 +21.39824627E-03 -2.09999992E-03
+39.12000E-06 -110.46105621E-03 +794.47241E-06
+39.13500E-06 -44.53140497E-03 -2.09999993E-03
+39.15000E-06 +21.39824627E-03 +794.47241E-06
+39.16500E-06 -110.46105625E-03 -2.09999993E-03
+39.18000E-06 +21.39824629E-03 +794.47241E-06
+39.19500E-06 -176.39070749E-03 -170.35170E-06
+39.21000E-06 +21.39824633E-03 -170.35170E-06
+39.22500E-06 -176.39070749E-03 -170.35170E-06
+39.24000E-06 +153.25754879E-03 -1.13517582E-03
+39.25500E-06 -176.39070747E-03 -170.35170E-06
+39.27000E-06 +21.39824629E-03 -2.09999992E-03
+39.28500E-06 -110.46105621E-03 +794.47241E-06
+39.30000E-06 -44.53140497E-03 -2.09999993E-03
+39.31500E-06 +21.39824629E-03 +794.47241E-06
+39.33000E-06 -110.46105625E-03 -170.35170E-06
+39.34500E-06 +87.32789757E-03 +794.47241E-06
+39.36000E-06 -176.39070749E-03 -1.13517582E-03
+39.37500E-06 +153.25754879E-03 -1.13517581E-03
+39.39000E-06 -242.32035873E-03 +794.47241E-06
+39.40500E-06 +87.32789753E-03 -1.13517582E-03
+39.42000E-06 -110.46105623E-03 -170.35170E-06
+39.43500E-06 +87.32789753E-03 -1.13517582E-03
+39.45000E-06 -110.46105621E-03 +794.47241E-06
+39.46500E-06 -44.53140499E-03 -3.06482404E-03
+39.48000E-06 +87.32789755E-03 +794.47241E-06
+39.49500E-06 -176.39070751E-03 -2.09999992E-03
+39.51000E-06 +153.25754881E-03 -170.35170E-06
+39.52500E-06 -176.39070749E-03 -1.13517581E-03
+39.54000E-06 +87.32789755E-03 -1.13517581E-03
+39.55500E-06 -242.32035875E-03 -170.35170E-06
+39.57000E-06 +87.32789755E-03 -1.13517582E-03
+39.58500E-06 -176.39070747E-03 +794.47241E-06
+39.60000E-06 +21.39824629E-03 -2.09999993E-03
+39.61500E-06 -44.53140497E-03 -170.35170E-06
+39.63000E-06 -110.46105623E-03 -3.06482404E-03
+39.64500E-06 +21.39824631E-03 -170.35170E-06
+39.66000E-06 -176.39070749E-03 -2.09999992E-03
+39.67500E-06 +153.25754881E-03 -170.35170E-06
+39.69000E-06 -242.32035875E-03 -1.13517581E-03
+39.70500E-06 +87.32789757E-03 -1.13517581E-03
+39.72000E-06 -242.32035873E-03 -1.13517581E-03
+39.73500E-06 +153.25754879E-03 -4.02964814E-03
+39.75000E-06 -110.46105626E-03 -170.35170E-06
+39.76500E-06 -44.53140497E-03 -2.09999993E-03
+39.78000E-06 +21.39824627E-03 +794.47241E-06
+39.79500E-06 -110.46105623E-03 -2.09999993E-03
+39.81000E-06 +87.32789755E-03 +794.47241E-06
+39.82500E-06 -242.32035875E-03 -2.09999992E-03
+39.84000E-06 +153.25754881E-03 -170.35170E-06
+39.85500E-06 -242.32035878E-03 -2.09999992E-03
+39.87000E-06 +153.25754881E-03 -1.13517582E-03
+39.88500E-06 -308.25000997E-03 +794.47241E-06
+39.90000E-06 +87.32789755E-03 -2.09999993E-03
+39.91500E-06 -176.39070747E-03 +1.75929652E-03
+39.93000E-06 +21.39824626E-03 -2.09999993E-03
+39.94500E-06 -44.53140492E-03 +794.47241E-06
+39.96000E-06 -110.46105626E-03 -2.09999993E-03
+39.97500E-06 +153.25754881E-03 -170.35170E-06
+39.99000E-06 -242.32035875E-03 -1.13517581E-03
+40.00500E-06 +153.25754883E-03 -170.35170E-06
+40.02000E-06 -308.25001001E-03 -1.13517581E-03
+40.03500E-06 +153.25754881E-03 -2.09999993E-03
+40.05000E-06 -242.32035878E-03 -170.35170E-06
+40.06500E-06 +21.39824631E-03 -2.09999993E-03
+40.08000E-06 -110.46105623E-03 +1.75929652E-03
+40.09500E-06 -44.53140497E-03 -3.06482404E-03
+40.11000E-06 +21.39824629E-03 +1.75929652E-03
+40.12500E-06 -242.32035875E-03 -2.09999993E-03
+40.14000E-06 +153.25754881E-03 +794.47241E-06
+40.15500E-06 -308.25001001E-03 -2.09999992E-03
+40.17000E-06 +153.25754883E-03 -170.35170E-06
+40.18500E-06 -374.17966122E-03 -170.35170E-06
+40.20000E-06 +153.25754881E-03 -2.09999993E-03
+40.21500E-06 -176.39070749E-03 -170.35170E-06
+40.23000E-06 +87.32789752E-03 -3.06482404E-03
+40.24500E-06 -110.46105621E-03 +1.75929652E-03
+40.26000E-06 -44.53140500E-03 -3.06482404E-03
+40.27500E-06 +87.32789755E-03 +1.75929652E-03
+40.29000E-06 -242.32035878E-03 -2.09999993E-03
+40.30500E-06 +153.25754883E-03 +794.47241E-06
+40.32000E-06 -308.25001001E-03 -1.13517582E-03
+40.33500E-06 +285.11685130E-03 -1.13517582E-03
+40.35000E-06 -308.25001004E-03 -170.35170E-06
+40.36500E-06 +219.18720007E-03 -3.06482404E-03
+40.38000E-06 -242.32035875E-03 +794.47241E-06
+40.39500E-06 +21.39824629E-03 -3.06482404E-03
+40.41000E-06 -110.46105621E-03 +2.72412063E-03
+40.42500E-06 -110.46105626E-03 -3.06482404E-03
+40.44000E-06 +87.32789757E-03 +1.75929652E-03
+40.45500E-06 -308.25001001E-03 -3.06482404E-03
+40.47000E-06 +285.11685133E-03 +794.47241E-06
+40.48500E-06 -374.17966127E-03 -1.13517581E-03
+40.50000E-06 +219.18720007E-03 -2.09999992E-03
+40.51500E-06 -374.17966125E-03 +794.47241E-06
+40.53000E-06 +219.18720007E-03 -2.09999993E-03
+40.54500E-06 -242.32035873E-03 +1.75929652E-03
+40.56000E-06 +87.32789752E-03 -4.02964815E-03
+40.57500E-06 +21.39824629E-03 +1.75929652E-03
+40.59000E-06 -176.39070749E-03 -4.02964815E-03
+40.60500E-06 +153.25754881E-03 +2.72412063E-03
+40.62000E-06 -308.25001001E-03 -3.06482404E-03
+40.63500E-06 +285.11685133E-03 +794.47241E-06
+40.65000E-06 -440.10931253E-03 -170.35170E-06
+40.66500E-06 +285.11685133E-03 -1.13517582E-03
+40.68000E-06 -374.17966125E-03 +794.47241E-06
+40.69500E-06 +219.18720004E-03 -4.02964815E-03
+40.71000E-06 -242.32035873E-03 +1.75929652E-03
+40.72500E-06 +87.32789752E-03 -4.02964815E-03
+40.74000E-06 -44.53140494E-03 +2.72412063E-03
+40.75500E-06 -176.39070752E-03 -3.06482403E-03
+40.77000E-06 +219.18720010E-03 +1.75929652E-03
+40.78500E-06 -374.17966127E-03 -2.09999992E-03
+40.80000E-06 +351.04650259E-03 +794.47241E-06
+40.81500E-06 -440.10931253E-03 -1.13517581E-03
+40.83000E-06 +285.11685133E-03 -1.13517582E-03
+40.84500E-06 -374.17966127E-03 +1.75929652E-03
+40.86000E-06 +219.18720004E-03 -4.02964815E-03
+40.87500E-06 -176.39070747E-03 +2.72412063E-03
+40.89000E-06 -44.53140497E-03 -4.02964815E-03
+40.90500E-06 +21.39824634E-03 +3.68894474E-03
+40.92000E-06 -242.32035878E-03 -4.02964815E-03
+40.93500E-06 +219.18720010E-03 +1.75929652E-03
+40.95000E-06 -440.10931253E-03 -3.06482403E-03
+40.96500E-06 +351.04650259E-03 +794.47241E-06
+40.98000E-06 -506.03896379E-03 -170.35170E-06
+40.99500E-06 +351.04650259E-03 -1.13517582E-03
+41.01000E-06 -440.10931248E-03 +1.75929652E-03
+41.02500E-06 +219.18720004E-03 -4.02964815E-03
+41.04000E-06 -176.39070744E-03 +3.68894474E-03
+41.05500E-06 +21.39824623E-03 -4.99447226E-03
+41.07000E-06 +87.32789758E-03 +3.68894474E-03
+41.08500E-06 -308.25001004E-03 -4.02964815E-03
+41.10000E-06 +351.04650259E-03 +1.75929652E-03
+41.11500E-06 -440.10931259E-03 -2.09999993E-03
+41.13000E-06 +416.97615385E-03 -170.35171E-06
+41.14500E-06 -506.03896379E-03 +794.47241E-06
+41.16000E-06 +416.97615382E-03 -2.09999993E-03
+41.17500E-06 -374.17966124E-03 +1.75929652E-03
+41.19000E-06 +219.18720001E-03 -4.99447226E-03
+41.20500E-06 -176.39070741E-03 +3.68894474E-03
+41.22000E-06 -110.46105626E-03 -5.95929637E-03
+41.23500E-06 +153.25754887E-03 +2.72412063E-03
+41.25000E-06 -374.17966130E-03 -4.02964815E-03
+41.26500E-06 +416.97615385E-03 +794.47241E-06
+41.28000E-06 -506.03896382E-03 -2.09999992E-03
+41.29500E-06 +614.76510757E-03 -1.13517581E-03
+41.31000E-06 -506.03896379E-03 +794.47241E-06
+41.32500E-06 +416.97615382E-03 -3.06482404E-03
+41.34000E-06 -374.17966124E-03 +2.72412063E-03
+41.35500E-06 +153.25754875E-03 -4.99447226E-03
+41.37000E-06 -110.46105617E-03 +4.65376885E-03
+41.38500E-06 -176.39070752E-03 -4.02964815E-03
+41.40000E-06 +219.18720013E-03 +4.65376885E-03
+41.41500E-06 -440.10931256E-03 -4.99447226E-03
+41.43000E-06 +416.97615388E-03 +1.75929652E-03
+41.44500E-06 -637.89826632E-03 -2.09999992E-03
+41.46000E-06 +548.83545637E-03 -1.13517582E-03
+41.47500E-06 -571.96861506E-03 +1.75929652E-03
+41.49000E-06 +416.97615379E-03 -4.02964815E-03
+41.50500E-06 -374.17966118E-03 +3.68894474E-03
+41.52000E-06 +153.25754875E-03 -5.95929637E-03
+41.53500E-06 -44.53140494E-03 +4.65376885E-03
+41.55000E-06 -242.32035881E-03 -5.95929637E-03
+41.56500E-06 +285.11685136E-03 +4.65376885E-03
+41.58000E-06 -506.03896383E-03 -4.99447226E-03
+41.59500E-06 +548.83545637E-03 +1.75929652E-03
+41.61000E-06 -703.82791754E-03 -1.13517581E-03
+41.62500E-06 +548.83545637E-03 -1.13517582E-03
+41.64000E-06 -571.96861502E-03 +1.75929652E-03
+41.65500E-06 +351.04650256E-03 -4.99447226E-03
+41.67000E-06 -308.25000998E-03 +3.68894474E-03
+41.68500E-06 +87.32789749E-03 -5.95929637E-03
+41.70000E-06 +21.39824632E-03 +5.61859296E-03
+41.71500E-06 -308.25001008E-03 -5.95929637E-03
+41.73000E-06 +416.97615388E-03 +3.68894474E-03
+41.74500E-06 -637.89826635E-03 -4.02964815E-03
+41.76000E-06 +614.76510766E-03 +794.47240E-06
+41.77500E-06 -637.89826635E-03 -1.13517581E-03
+41.79000E-06 +614.76510760E-03 -2.09999993E-03
+41.80500E-06 -571.96861502E-03 +2.72412063E-03
+41.82000E-06 +351.04650256E-03 -5.95929637E-03
+41.83500E-06 -308.25000992E-03 +5.61859296E-03
+41.85000E-06 +21.39824622E-03 -5.95929637E-03
+41.86500E-06 +153.25754884E-03 +5.61859296E-03
+41.88000E-06 -374.17966134E-03 -5.95929637E-03
+41.89500E-06 +548.83545640E-03 +2.72412063E-03
+41.91000E-06 -637.89826635E-03 -4.99447225E-03
+41.92500E-06 +680.69475889E-03 -170.35171E-06
+41.94000E-06 -769.75756880E-03 -170.35170E-06
+41.95500E-06 +614.76510760E-03 -4.02964815E-03
+41.97000E-06 -637.89826622E-03 +3.68894474E-03
+41.98500E-06 +351.04650253E-03 -5.95929637E-03
+42.00000E-06 -308.25000992E-03 +5.61859296E-03
+42.01500E-06 -110.46105627E-03 -8.85376870E-03
+42.03000E-06 +153.25754891E-03 +5.61859296E-03
+42.04500E-06 -506.03896383E-03 -6.92412048E-03
+42.06000E-06 +548.83545644E-03 +3.68894474E-03
+42.07500E-06 -835.68722010E-03 -3.06482403E-03
+42.09000E-06 +812.55406135E-03 +794.47240E-06
+42.10500E-06 -769.75756884E-03 +794.47241E-06
+42.12000E-06 +680.69475883E-03 -4.99447226E-03
+42.13500E-06 -637.89826622E-03 +3.68894474E-03
+42.15000E-06 +285.11685123E-03 -6.92412048E-03
+42.16500E-06 -176.39070743E-03 +7.54824118E-03
+42.18000E-06 -110.46105633E-03 -7.88894459E-03
+42.19500E-06 +285.11685140E-03 +6.58341707E-03
+42.21000E-06 -637.89826635E-03 -6.92412048E-03
+42.22500E-06 +680.69475893E-03 +4.65376885E-03
+42.24000E-06 -901.61687139E-03 -3.06482403E-03
+42.25500E-06 +812.55406141E-03 -1.13517582E-03
+42.27000E-06 -835.68722010E-03 +794.47241E-06
+42.28500E-06 +680.69475882E-03 -4.99447226E-03
+42.30000E-06 -571.96861495E-03 +5.61859296E-03
+42.31500E-06 +285.11685123E-03 -7.88894459E-03
+42.33000E-06 -110.46105613E-03 +7.54824118E-03
+42.34500E-06 -308.25001008E-03 -7.88894459E-03
+42.36000E-06 +416.97615392E-03 +5.61859296E-03
+42.37500E-06 -703.82791764E-03 -6.92412048E-03
+42.39000E-06 +812.55406141E-03 +3.68894474E-03
+42.40500E-06 -901.61687139E-03 -2.09999992E-03
+42.42000E-06 +878.48371264E-03 -2.09999993E-03
+42.43500E-06 -835.68722010E-03 +2.72412063E-03
+42.45000E-06 +680.69475882E-03 -5.95929637E-03
+42.46500E-06 -506.03896369E-03 +6.58341707E-03
+42.48000E-06 +153.25754874E-03 -8.85376870E-03
+42.49500E-06 +21.39824636E-03 +6.58341707E-03
+42.51000E-06 -374.17966134E-03 -8.85376870E-03
+42.52500E-06 +416.97615396E-03 +6.58341707E-03
+42.54000E-06 -835.68722017E-03 -6.92412048E-03
+42.55500E-06 +944.41336390E-03 +2.72412063E-03
+42.57000E-06 -1.03347617388E+00 -1.13517581E-03
+42.58500E-06 +944.41336386E-03 -2.09999993E-03
+42.60000E-06 -901.61687132E-03 +3.68894474E-03
+42.61500E-06 +680.69475879E-03 -6.92412048E-03
+42.63000E-06 -440.10931246E-03 +7.54824118E-03
+42.64500E-06 +87.32789748E-03 -9.81859281E-03
+42.66000E-06 +87.32789766E-03 +7.54824118E-03
+42.67500E-06 -506.03896390E-03 -8.85376870E-03
+42.69000E-06 +680.69475896E-03 +6.58341707E-03
+42.70500E-06 -967.54652269E-03 -5.95929637E-03
+42.72000E-06 +1.01034301519E+00 +2.72412062E-03
+42.73500E-06 -1.09940582514E+00 -1.13517581E-03
+42.75000E-06 +1.01034301509E+00 -3.06482404E-03
+42.76500E-06 -901.61687129E-03 +5.61859296E-03
+42.78000E-06 +614.76510749E-03 -7.88894459E-03
+42.79500E-06 -374.17966120E-03 +8.51306529E-03
+42.81000E-06 -44.53140508E-03 -10.78341692E-03
+42.82500E-06 +219.18720021E-03 +9.47788940E-03
+42.84000E-06 -637.89826642E-03 -8.85376870E-03
+42.85500E-06 +812.55406152E-03 +5.61859296E-03
+42.87000E-06 -1.03347617391E+00 -5.95929637E-03
+42.88500E-06 +1.14220231771E+00 +1.75929651E-03
+42.90000E-06 -1.16533547636E+00 -170.35170E-06
+42.91500E-06 +1.01034301512E+00 -4.99447226E-03
+42.93000E-06 -901.61687125E-03 +5.61859296E-03
+42.94500E-06 +548.83545626E-03 -9.81859281E-03
+42.96000E-06 -308.25000990E-03 +9.47788940E-03
+42.97500E-06 -110.46105634E-03 -12.71306514E-03
+42.99000E-06 +416.97615396E-03 +10.44271351E-03
+43.00500E-06 -769.75756895E-03 -10.78341692E-03
+43.02000E-06 +1.01034301523E+00 +6.58341707E-03
+43.03500E-06 -1.23126512766E+00 -4.99447225E-03
+43.05000E-06 +1.20813196898E+00 +794.47240E-06
+43.06500E-06 -1.29719477884E+00 +1.75929652E-03
+43.08000E-06 +1.07627266638E+00 -5.95929637E-03
+43.09500E-06 -835.68721998E-03 +7.54824118E-03
+43.11000E-06 +482.90580496E-03 -10.78341692E-03
+43.12500E-06 -242.32035860E-03 +11.40753762E-03
+43.14000E-06 -308.25001013E-03 -11.74824103E-03
+43.15500E-06 +548.83545652E-03 +10.44271351E-03
+43.17000E-06 -901.61687147E-03 -9.81859281E-03
+43.18500E-06 +1.14220231779E+00 +5.61859296E-03
+43.20000E-06 -1.36312443018E+00 -4.02964815E-03
+43.21500E-06 +1.27406162024E+00 -170.35171E-06
+43.23000E-06 -1.23126512762E+00 +2.72412063E-03
+43.24500E-06 +1.01034301512E+00 -7.88894459E-03
+43.26000E-06 -835.68721994E-03 +8.51306529E-03
+43.27500E-06 +351.04650248E-03 -11.74824103E-03
+43.29000E-06 -110.46105608E-03 +11.40753762E-03
+43.30500E-06 -440.10931265E-03 -13.67788925E-03
+43.32000E-06 +746.62441031E-03 +10.44271351E-03
+43.33500E-06 -1.16533547644E+00 -10.78341692E-03
+43.35000E-06 +1.27406162027E+00 +5.61859296E-03
+43.36500E-06 -1.49498373270E+00 -3.06482403E-03
+43.38000E-06 +1.33999127146E+00 -2.09999993E-03
+43.39500E-06 -1.29719477888E+00 +4.65376885E-03
+43.41000E-06 +944.41336382E-03 -7.88894459E-03
+43.42500E-06 -769.75756868E-03 +11.40753762E-03
+43.44000E-06 +219.18719991E-03 -12.71306514E-03
+43.45500E-06 +21.39824644E-03 +12.37236173E-03
+43.47000E-06 -637.89826647E-03 -12.71306514E-03
+43.48500E-06 +944.41336405E-03 +10.44271351E-03
+43.50000E-06 -1.29719477900E+00 -8.85376870E-03
+43.51500E-06 +1.40592092276E+00 +4.65376885E-03
+43.53000E-06 -1.56091338396E+00 -1.13517581E-03
+43.54500E-06 +1.40592092268E+00 -4.02964815E-03
+43.56000E-06 -1.36312443006E+00 +5.61859296E-03
+43.57500E-06 +944.41336378E-03 -11.74824103E-03
+43.59000E-06 -637.89826616E-03 +12.37236173E-03
+43.60500E-06 +153.25754865E-03 -15.60753747E-03
+43.62000E-06 +285.11685153E-03 +13.33718584E-03
+43.63500E-06 -835.68722022E-03 -13.67788925E-03
+43.65000E-06 +1.07627266657E+00 +10.44271351E-03
+43.66500E-06 -1.42905408152E+00 -7.88894459E-03
+43.68000E-06 +1.53778022532E+00 +3.68894473E-03
+43.69500E-06 -1.62684303518E+00 -1.13517581E-03
+43.71000E-06 +1.40592092272E+00 -5.95929637E-03
+43.72500E-06 -1.36312443002E+00 +7.54824118E-03
+43.74000E-06 +944.41336369E-03 -13.67788925E-03
+43.75500E-06 -506.03896363E-03 +14.30200995E-03
+43.77000E-06 -44.53140517E-03 -15.60753747E-03
+43.78500E-06 +416.97615409E-03 +14.30200995E-03
+43.80000E-06 -1.03347617400E+00 -14.64271336E-03
+43.81500E-06 +1.33999127158E+00 +10.44271351E-03
+43.83000E-06 -1.62684303530E+00 -7.88894459E-03
+43.84500E-06 +1.66963952780E+00 +2.72412062E-03
+43.86000E-06 -1.75870233766E+00 +794.47241E-06
+43.87500E-06 +1.53778022511E+00 -6.92412048E-03
+43.89000E-06 -1.29719477876E+00 +10.44271351E-03
+43.90500E-06 +746.62440999E-03 -14.64271336E-03
+43.92000E-06 -374.17966107E-03 +15.26683406E-03
+43.93500E-06 -242.32035896E-03 -17.53718569E-03
+43.95000E-06 +614.76510784E-03 +15.26683406E-03
+43.96500E-06 -1.23126512778E+00 -14.64271336E-03
+43.98000E-06 +1.47185057410E+00 +9.47788940E-03
+43.99500E-06 -1.75870233782E+00 -5.95929636E-03
+44.01000E-06 +1.80149883028E+00 +794.47240E-06
+44.02500E-06 -1.82463198888E+00 +2.72412063E-03
+44.04000E-06 +1.47185057389E+00 -8.85376870E-03
+44.05500E-06 -1.23126512745E+00 +12.37236173E-03
+44.07000E-06 +614.76510742E-03 -15.60753747E-03
+44.08500E-06 -242.32035846E-03 +16.23165817E-03
+44.10000E-06 -440.10931274E-03 -17.53718569E-03
+44.11500E-06 +812.55406162E-03 +16.23165817E-03
+44.13000E-06 -1.42905408157E+00 -13.67788925E-03
+44.14500E-06 +1.66963952792E+00 +8.51306529E-03
+44.16000E-06 -1.95649129152E+00 -5.95929636E-03
+44.17500E-06 +1.93335813280E+00 -2.09999993E-03
+44.19000E-06 -1.82463198892E+00 +5.61859296E-03
+44.20500E-06 +1.47185057385E+00 -11.74824103E-03
+44.22000E-06 -1.09940582488E+00 +14.30200995E-03
+44.23500E-06 +482.90580486E-03 -18.50200980E-03
+44.25000E-06 -44.53140472E-03 +18.16130639E-03
+44.26500E-06 -703.82791779E-03 -18.50200980E-03
+44.28000E-06 +1.14220231788E+00 +16.23165817E-03
+44.29500E-06 -1.62684303535E+00 -13.67788925E-03
+44.31000E-06 +1.86742848162E+00 +8.51306529E-03
+44.32500E-06 -2.08835059404E+00 -4.02964814E-03
+44.34000E-06 +1.99928778397E+00 -3.06482404E-03
+44.35500E-06 -1.82463198887E+00 +7.54824118E-03
+44.37000E-06 +1.40592092254E+00 -14.64271336E-03
+44.38500E-06 -1.03347617358E+00 +17.19648228E-03
+44.40000E-06 +351.04650233E-03 -19.46683391E-03
+44.41500E-06 +219.18720033E-03 +18.16130639E-03
+44.43000E-06 -901.61687157E-03 -19.46683391E-03
+44.44500E-06 +1.33999127167E+00 +16.23165817E-03
+44.46000E-06 -1.89056164035E+00 -12.71306514E-03
+44.47500E-06 +2.06521743536E+00 +7.54824117E-03
+44.49000E-06 -2.22020989652E+00 -2.09999992E-03
+44.50500E-06 +2.06521743523E+00 -4.99447226E-03
+44.52000E-06 -1.82463198883E+00 +9.47788940E-03
+44.53500E-06 +1.27406162006E+00 -16.57236158E-03
+44.55000E-06 -835.68721979E-03 +18.16130639E-03
+44.56500E-06 +87.32789729E-03 -22.36130624E-03
+44.58000E-06 +482.90580533E-03 +20.09095461E-03
+44.59500E-06 -1.16533547666E+00 -19.46683391E-03
+44.61000E-06 +1.66963952797E+00 +15.26683406E-03
+44.62500E-06 -2.15428024539E+00 -11.74824103E-03
+44.64000E-06 +2.26300638914E+00 +4.65376884E-03
+44.65500E-06 -2.28613954778E+00 -170.35170E-06
+44.67000E-06 +2.06521743523E+00 -6.92412048E-03
+44.68500E-06 -1.82463198878E+00 +11.40753762E-03
+44.70000E-06 +1.14220231749E+00 -17.53718569E-03
+44.71500E-06 -637.89826605E-03 +21.05577872E-03
+44.73000E-06 -110.46105650E-03 -22.36130624E-03
+44.74500E-06 +680.69475916E-03 +22.02060283E-03
+44.76000E-06 -1.42905408166E+00 -19.46683391E-03
+44.77500E-06 +1.86742848176E+00 +14.30200995E-03
+44.79000E-06 -2.35206919913E+00 -10.78341691E-03
+44.80500E-06 +2.32893604040E+00 +3.68894473E-03
+44.82000E-06 -2.41799885021E+00 +2.72412063E-03
+44.83500E-06 +2.13114708635E+00 -10.78341692E-03
+44.85000E-06 -1.69277268621E+00 +14.30200995E-03
+44.86500E-06 +1.01034301488E+00 -20.43165802E-03
+44.88000E-06 -374.17966091E-03 +22.02060283E-03
+44.89500E-06 -308.25001038E-03 -25.25577857E-03
+44.91000E-06 +1.01034301556E+00 +22.02060283E-03
+44.92500E-06 -1.75870233792E+00 -19.46683391E-03
+44.94000E-06 +2.13114708676E+00 +13.33718584E-03
+44.95500E-06 -2.48392850170E+00 -8.85376869E-03
+44.97000E-06 +2.52672499414E+00 +1.75929651E-03
+44.98500E-06 -2.41799885021E+00 +5.61859296E-03
+45.00000E-06 +2.06521743509E+00 -13.67788925E-03
+45.01500E-06 -1.56091338369E+00 +17.19648228E-03
+45.03000E-06 +812.55406109E-03 -23.32613035E-03
+45.04500E-06 -176.39070713E-03 +23.95025105E-03
+45.06000E-06 -637.89826664E-03 -25.25577857E-03
+45.07500E-06 +1.40592092299E+00 +22.98542694E-03
+45.09000E-06 -2.02242094297E+00 -19.46683391E-03
+45.10500E-06 +2.39486569175E+00 +13.33718584E-03
+45.12000E-06 -2.68171745539E+00 -6.92412047E-03
+45.13500E-06 +2.65858429661E+00 -2.09999993E-03
+45.15000E-06 -2.41799885016E+00 +8.51306529E-03
+45.16500E-06 +1.93335813256E+00 -16.57236158E-03
+45.18000E-06 -1.42905408107E+00 +20.09095461E-03
+45.19500E-06 +680.69475847E-03 -24.29095446E-03
+45.21000E-06 +87.32789792E-03 +25.87989927E-03
+45.22500E-06 -1.03347617425E+00 -25.25577857E-03
+45.24000E-06 +1.66963952808E+00 +22.98542694E-03
+45.25500E-06 -2.35206919927E+00 -19.46683391E-03
+45.27000E-06 +2.59265464554E+00 +11.40753762E-03
+45.28500E-06 -2.87950640912E+00 -4.02964814E-03
+45.30000E-06 +2.65858429661E+00 -4.99447226E-03
+45.31500E-06 -2.48392850137E+00 +10.44271351E-03
+45.33000E-06 +1.80149883004E+00 -18.50200980E-03
+45.34500E-06 -1.23126512728E+00 +22.98542694E-03
+45.36000E-06 +351.04650216E-03 -27.18542679E-03
+45.37500E-06 +482.90580544E-03 +25.87989927E-03
+45.39000E-06 -1.29719477930E+00 -26.22060268E-03
+45.40500E-06 +1.93335813312E+00 +22.02060283E-03
+45.42000E-06 -2.61578780427E+00 -18.50200980E-03
+45.43500E-06 +2.85637325048E+00 +9.47788939E-03
+45.45000E-06 -3.01136571159E+00 -2.09999992E-03
+45.46500E-06 +2.72451394777E+00 -6.92412048E-03
+45.48000E-06 -2.35206919885E+00 +13.33718584E-03
+45.49500E-06 +1.66963952746E+00 -23.32613035E-03
+45.51000E-06 -967.54652223E-03 +24.91507516E-03
+45.52500E-06 +21.39824590E-03 -29.11507501E-03
+45.54000E-06 +746.62441054E-03 +27.80954749E-03
+45.55500E-06 -1.69277268682E+00 -26.22060268E-03
+45.57000E-06 +2.26300638938E+00 +22.02060283E-03
+45.58500E-06 -2.87950640926E+00 -15.60753747E-03
+45.60000E-06 +3.05416220427E+00 +6.58341706E-03
+45.61500E-06 -3.07729536285E+00 -170.35170E-06
+45.63000E-06 +2.72451394772E+00 -10.78341692E-03
+45.64500E-06 -2.35206919870E+00 +17.19648228E-03
+45.66000E-06 +1.47185057363E+00 -25.25577857E-03
+45.67500E-06 -637.89826593E-03 +27.80954749E-03
+45.69000E-06 -308.25001040E-03 -30.07989912E-03
+45.70500E-06 +1.07627266689E+00 +29.73919571E-03
+45.72000E-06 -2.02242094313E+00 -27.18542679E-03
+45.73500E-06 +2.52672499443E+00 +20.09095461E-03
+45.75000E-06 -3.07729536305E+00 -13.67788924E-03
+45.76500E-06 +3.12009185548E+00 +4.65376884E-03
+45.78000E-06 -3.20915466527E+00 +2.72412063E-03
+45.79500E-06 +2.72451394762E+00 -14.64271336E-03
+45.81000E-06 -2.15428024491E+00 +22.02060283E-03
+45.82500E-06 +1.27406161984E+00 -28.15025090E-03
+45.84000E-06 -374.17966083E-03 +31.66884393E-03
+45.85500E-06 -637.89826681E-03 -32.97437145E-03
+45.87000E-06 +1.47185057441E+00 +28.77437160E-03
+45.88500E-06 -2.41799885059E+00 -25.25577857E-03
+45.90000E-06 +2.85637325073E+00 +18.16130639E-03
+45.91500E-06 -3.34101396804E+00 -10.78341691E-03
+45.93000E-06 +3.31788080926E+00 +794.47240E-06
+45.94500E-06 -3.14322501401E+00 +7.54824118E-03
+45.96000E-06 +2.59265464509E+00 -18.50200980E-03
+45.97500E-06 -1.89056163986E+00 +23.95025106E-03
+45.99000E-06 +1.01034301469E+00 -30.07989912E-03
+46.00500E-06 -110.46105573E-03 +32.63366804E-03
+46.02000E-06 -1.03347617428E+00 -32.97437145E-03
+46.03500E-06 +1.86742848193E+00 +29.73919571E-03
+46.05000E-06 -2.74764710690E+00 -23.32613035E-03
+46.06500E-06 +3.12009185573E+00 +18.16130639E-03
+46.08000E-06 -3.53880292172E+00 -7.88894458E-03
+46.09500E-06 +3.44974011163E+00 -1.13517582E-03
+46.11000E-06 -3.14322501396E+00 +11.40753762E-03
+46.12500E-06 +2.46079534252E+00 -21.39648213E-03
+46.14000E-06 -1.69277268603E+00 +28.77437161E-03
+46.15500E-06 +680.69475838E-03 -33.93919556E-03
+46.17000E-06 +285.11685189E-03 +33.59849215E-03
+46.18500E-06 -1.42905408190E+00 -32.97437145E-03
+46.20000E-06 +2.26300638955E+00 +28.77437160E-03
+46.21500E-06 -3.07729536315E+00 -24.29095446E-03
+46.23000E-06 +3.44974011193E+00 +15.26683405E-03
+46.24500E-06 -3.67066222424E+00 -4.99447225E-03
+46.26000E-06 +3.44974011162E+00 -5.95929637E-03
+46.27500E-06 -3.07729536259E+00 +14.30200995E-03
+46.29000E-06 +2.26300638868E+00 -25.25577857E-03
+46.30500E-06 -1.42905408093E+00 +31.66884394E-03
+46.32000E-06 +285.11685082E-03 -35.86884379E-03
+46.33500E-06 +746.62441067E-03 +35.52814037E-03
+46.35000E-06 -1.82463198947E+00 -33.93919556E-03
+46.36500E-06 +2.65858429701E+00 +27.80954749E-03
+46.38000E-06 -3.40694361946E+00 -21.39648213E-03
+46.39500E-06 +3.71345871687E+00 +12.37236172E-03
+46.41000E-06 -3.73659187545E+00 -2.09999992E-03
+46.42500E-06 +3.38381046031E+00 -8.85376870E-03
+46.44000E-06 -2.87950640880E+00 +19.12613051E-03
+46.45500E-06 +2.06521743484E+00 -30.07989913E-03
+46.47000E-06 -1.09940582457E+00 +34.56331627E-03
+46.48500E-06 -110.46105675E-03 -36.83366789E-03
+46.50000E-06 +1.14220231829E+00 +37.45778859E-03
+46.51500E-06 -2.22020989704E+00 -32.00954734E-03
+46.53000E-06 +2.98823255337E+00 +27.80954749E-03
+46.54500E-06 -3.67066222445E+00 -19.46683391E-03
+46.56000E-06 +3.84531801939E+00 +8.51306528E-03
+46.57500E-06 -3.86845117786E+00 -170.35170E-06
+46.59000E-06 +3.38381046020E+00 -13.67788925E-03
+46.60500E-06 -2.81357675738E+00 +23.95025106E-03
+46.62000E-06 +1.73556917848E+00 -32.97437146E-03
+46.63500E-06 -703.82791705E-03 +37.45778860E-03
+46.65000E-06 -506.03896438E-03 -38.76331611E-03
+46.66500E-06 +1.53778022581E+00 +37.45778859E-03
+46.68000E-06 -2.68171745581E+00 -32.97437145E-03
+46.69500E-06 +3.38381046078E+00 +25.87989927E-03
+46.71000E-06 -3.93438082944E+00 -16.57236157E-03
+46.72500E-06 +3.97717732186E+00 +6.58341706E-03
+46.74000E-06 -3.86845117781E+00 +5.61859296E-03
+46.75500E-06 +3.31788080883E+00 -17.53718570E-03
+46.77000E-06 -2.54985815233E+00 +27.80954750E-03
+46.78500E-06 +1.47185057337E+00 -34.90401968E-03
+46.80000E-06 -308.25000937E-03 +39.38743682E-03
+46.81500E-06 -967.54652326E-03 -40.69296433E-03
+46.83000E-06 +1.99928778458E+00 +38.42261270E-03
+46.84500E-06 -3.07729536333E+00 -31.04472323E-03
+46.86000E-06 +3.71345871708E+00 +23.95025105E-03
+46.87500E-06 -4.13216978317E+00 -12.71306513E-03
+46.89000E-06 +4.10903662427E+00 +1.75929651E-03
+46.90500E-06 -3.86845117770E+00 +10.44271351E-03
+46.92000E-06 +3.12009185504E+00 -23.32613036E-03
+46.93500E-06 -2.22020989602E+00 +31.66884394E-03
+46.95000E-06 +1.07627266580E+00 -37.79849201E-03
+46.96500E-06 +153.25754935E-03 +42.28190915E-03
+46.98000E-06 -1.36312443083E+00 -39.72814022E-03
+46.99500E-06 +2.46079534336E+00 +36.49296448E-03
+47.01000E-06 -3.47287327084E+00 -30.07989912E-03
+47.02500E-06 +3.97717732207E+00 +20.09095461E-03
+47.04000E-06 -4.32995873684E+00 -9.81859280E-03
+47.05500E-06 +4.17496627542E+00 -3.06482404E-03
+47.07000E-06 -3.73659187523E+00 +15.26683407E-03
+47.08500E-06 +2.92230290125E+00 -27.18542680E-03
+47.10000E-06 -1.89056163971E+00 +37.45778860E-03
+47.11500E-06 +680.69475818E-03 -41.65778845E-03
+47.13000E-06 +548.83545703E-03 +43.24673326E-03
+47.14500E-06 -1.89056164087E+00 -40.69296433E-03
+47.16000E-06 +2.92230290224E+00 +36.49296448E-03
+47.17500E-06 -3.86845117835E+00 -29.11507501E-03
+47.19000E-06 +4.17496627580E+00 +18.16130638E-03
+47.20500E-06 -4.46181803931E+00 -5.95929636E-03
+47.22000E-06 +4.10903662416E+00 -7.88894459E-03
+47.23500E-06 -3.60473257259E+00 +20.09095462E-03
+47.25000E-06 +2.59265464489E+00 -32.00954735E-03
+47.26500E-06 -1.56091338329E+00 +39.38743682E-03
+47.28000E-06 +219.18719935E-03 -43.58743667E-03
+47.29500E-06 +1.01034301592E+00 +43.24673326E-03
+47.31000E-06 -2.35206919970E+00 -41.65778844E-03
+47.32500E-06 +3.25195115849E+00 +35.52814037E-03
+47.34000E-06 -4.13216978339E+00 -26.22060267E-03
+47.35500E-06 +4.50461453199E+00 +15.26683405E-03
+47.37000E-06 -4.46181803925E+00 -2.09999992E-03
+47.38500E-06 +4.04310697284E+00 -11.74824103E-03
+47.40000E-06 -3.34101396749E+00 +24.91507517E-03
+47.41500E-06 +2.26300638847E+00 -36.83366790E-03
+47.43000E-06 -1.09940582446E+00 +44.21155737E-03
+47.44500E-06 -308.25001075E-03 -45.51708489E-03
+47.46000E-06 +1.53778022595E+00 +44.21155737E-03
+47.47500E-06 -2.87950640968E+00 -38.76331611E-03
+47.49000E-06 +3.71345871726E+00 +33.59849215E-03
+47.50500E-06 -4.39588838833E+00 -22.36130623E-03
+47.52000E-06 +4.57054418325E+00 +11.40753761E-03
+47.53500E-06 -4.52774769039E+00 +1.75929652E-03
+47.55000E-06 +3.91124767020E+00 -17.53718570E-03
+47.56500E-06 -3.20915466484E+00 +30.70401983E-03
+47.58000E-06 +1.93335813216E+00 -40.69296434E-03
+47.59500E-06 -637.89826557E-03 +46.14120559E-03
+47.61000E-06 -769.75756958E-03 -47.44673311E-03
+47.62500E-06 +2.06521743599E+00 +44.21155737E-03
+47.64000E-06 -3.27508431724E+00 -39.72814022E-03
+47.65500E-06 +4.10903662477E+00 +30.70401982E-03
+47.67000E-06 -4.65960699326E+00 -19.46683390E-03
+47.68500E-06 +4.76833313686E+00 +6.58341706E-03
+47.70000E-06 -4.46181803913E+00 +7.54824119E-03
+47.71500E-06 +3.71345871635E+00 -23.32613036E-03
+47.73000E-06 -2.87950640848E+00 +35.52814038E-03
+47.74500E-06 +1.47185057327E+00 -43.58743667E-03
+47.76000E-06 -242.32035795E-03 +49.03567792E-03
+47.77500E-06 -1.29719477967E+00 -48.41155722E-03
+47.79000E-06 +2.52672499482E+00 +44.21155736E-03
+47.80500E-06 -3.73659187596E+00 -37.79849200E-03
+47.82000E-06 +4.43868488097E+00 +27.80954749E-03
+47.83500E-06 -4.92332559824E+00 -15.60753746E-03
+47.85000E-06 +4.70240348560E+00 +1.75929651E-03
+47.86500E-06 -4.39588838775E+00 +13.33718585E-03
+47.88000E-06 +3.51566976251E+00 -28.15025091E-03
+47.89500E-06 -2.41799884965E+00 +38.42261271E-03
+47.91000E-06 +1.07627266564E+00 -47.44673311E-03
+47.92500E-06 +351.04650341E-03 +49.03567792E-03
+47.94000E-06 -1.75870233856E+00 -48.41155721E-03
+47.95500E-06 +3.05416220485E+00 +43.24673325E-03
+47.97000E-06 -4.13216978353E+00 -34.90401967E-03
+47.98500E-06 +4.63647383475E+00 +24.91507515E-03
+48.00000E-06 -4.98925524944E+00 -11.74824102E-03
+48.01500E-06 +4.76833313674E+00 -4.02964815E-03
+48.03000E-06 -4.19809943390E+00 +19.12613051E-03
+48.04500E-06 +3.18602150614E+00 -33.93919557E-03
+48.06000E-06 -2.02242094196E+00 +44.21155737E-03
+48.07500E-06 +614.76510675E-03 -49.37638133E-03
+48.09000E-06 +812.55406224E-03 +50.00050203E-03
+48.10500E-06 -2.35206919979E+00 -47.44673311E-03
+48.12000E-06 +3.44974011242E+00 +42.28190914E-03
+48.13500E-06 -4.52774769097E+00 -32.97437145E-03
+48.15000E-06 +4.96612209082E+00 +21.05577871E-03
+48.16500E-06 -5.05518490058E+00 -5.95929636E-03
+48.18000E-06 +4.70240348536E+00 -9.81859282E-03
+48.19500E-06 -4.06624013126E+00 +24.91507517E-03
+48.21000E-06 +2.85637324971E+00 -37.79849201E-03
+48.22500E-06 -1.56091338312E+00 +48.07085381E-03
+48.24000E-06 +21.39824545E-03 -51.30602955E-03
+48.25500E-06 +1.33999127233E+00 +50.96532614E-03
+48.27000E-06 -2.87950640983E+00 -46.48190899E-03
+48.28500E-06 +3.91124767113E+00 +40.35226092E-03
+48.30000E-06 -4.79146629602E+00 -29.11507500E-03
+48.31500E-06 +5.09798139334E+00 +17.19648227E-03
+48.33000E-06 -5.12111455172E+00 -170.35170E-06
+48.34500E-06 +4.50461453151E+00 -14.64271337E-03
+48.36000E-06 -3.73659187483E+00 +30.70401983E-03
+48.37500E-06 +2.46079534208E+00 -43.58743667E-03
+48.39000E-06 -1.09940582423E+00 +50.00050203E-03
+48.40500E-06 -506.03896470E-03 -52.27085366E-03
+48.42000E-06 +1.93335813363E+00 +50.96532614E-03
+48.43500E-06 -3.34101396872E+00 -45.51708488E-03
+48.45000E-06 +4.30682557864E+00 +37.45778859E-03
+48.46500E-06 -5.05518490094E+00 -25.25577856E-03
+48.48000E-06 +5.16391104454E+00 +12.37236172E-03
+48.49500E-06 -4.98925524920E+00 +3.68894475E-03
+48.51000E-06 +4.30682557766E+00 -20.43165803E-03
+48.52500E-06 -3.40694361852E+00 +36.49296449E-03
+48.54000E-06 +1.99928778324E+00 -47.44673311E-03
+48.55500E-06 -506.03896294E-03 +53.85979847E-03
+48.57000E-06 -1.09940582606E+00 -52.27085366E-03
+48.58500E-06 +2.52672499492E+00 +50.96532614E-03
+48.60000E-06 -3.73659187617E+00 -43.58743666E-03
+48.61500E-06 +4.70240348608E+00 +33.59849215E-03
+48.63000E-06 -5.25297385466E+00 -21.39648212E-03
+48.64500E-06 +5.22984069567E+00 +6.58341706E-03
+48.66000E-06 -4.92332559781E+00 +8.51306530E-03
+48.67500E-06 +4.10903662369E+00 -27.18542680E-03
+48.69000E-06 -2.94543605963E+00 +40.35226093E-03
+48.70500E-06 +1.47185057309E+00 -51.30602955E-03
+48.72000E-06 -44.53140398E-03 +53.85979847E-03
+48.73500E-06 -1.69277268735E+00 -53.23567777E-03
+48.75000E-06 +2.92230290255E+00 +50.00050202E-03
+48.76500E-06 -4.19809943493E+00 -41.65778844E-03
+48.78000E-06 +4.96612209113E+00 +30.70401982E-03
+48.79500E-06 -5.38483315706E+00 -16.57236157E-03
+48.81000E-06 +5.22984069561E+00 +794.47240E-06
+48.82500E-06 -4.72553664396E+00 +15.26683407E-03
+48.84000E-06 +3.71345871618E+00 -32.00954735E-03
+48.85500E-06 -2.48392850080E+00 +45.17638148E-03
+48.87000E-06 +944.41336300E-03 -54.20050188E-03
+48.88500E-06 +548.83545731E-03 +55.78944669E-03
+48.90000E-06 -2.22020989744E+00 -53.23567777E-03
+48.91500E-06 +3.51566976372E+00 +49.03567791E-03
+48.93000E-06 -4.65960699364E+00 -37.79849200E-03
+48.94500E-06 +5.22984069605E+00 +26.84472337E-03
+48.96000E-06 -5.45076280826E+00 -11.74824102E-03
+48.97500E-06 +5.16391104416E+00 -4.99447227E-03
+48.99000E-06 -4.52774769005E+00 +22.98542695E-03
+49.00500E-06 +3.38381045968E+00 -37.79849201E-03
+49.02000E-06 -2.02242094177E+00 +50.00050203E-03
+49.03500E-06 +416.97615284E-03 -54.20050188E-03
+49.05000E-06 +1.14220231866E+00 +56.75427080E-03
+49.06500E-06 -2.68171745627E+00 -52.27085365E-03
+49.08000E-06 +3.97717732248E+00 +47.10602969E-03
+49.09500E-06 -4.98925524982E+00 -34.90401967E-03
+49.11000E-06 +5.36169999844E+00 +22.98542693E-03
+49.12500E-06 -5.45076280813E+00 -6.92412047E-03
+49.14000E-06 +5.03205174150E+00 -10.78341693E-03
+49.15500E-06 -4.19809943368E+00 +29.73919572E-03
+49.17000E-06 +2.92230290085E+00 -42.62261256E-03
+49.18500E-06 -1.49498373174E+00 +52.89497436E-03
+49.20000E-06 -176.39070845E-03 -56.13015010E-03
+49.21500E-06 +1.73556917989E+00 +55.78944669E-03
+49.23000E-06 -3.27508431750E+00 -50.34120543E-03
+49.24500E-06 +4.30682557885E+00 +44.21155736E-03
+49.26000E-06 -5.25297385473E+00 -32.00954733E-03
+49.27500E-06 +5.49355930084E+00 +18.16130638E-03
+49.29000E-06 -5.45076280800E+00 -170.35169E-06
+49.30500E-06 +4.76833313639E+00 -17.53718570E-03
+49.32000E-06 -3.86845117724E+00 +34.56331627E-03
+49.33500E-06 +2.46079534195E+00 -47.44673311E-03
+49.35000E-06 -967.54652159E-03 +55.78944669E-03
+49.36500E-06 -769.75756981E-03 -56.13015010E-03
+49.38000E-06 +2.26300639005E+00 +55.78944669E-03
+49.39500E-06 -3.80252152753E+00 -48.41155721E-03
+49.41000E-06 +4.70240348623E+00 +40.35226092E-03
+49.42500E-06 -5.51669245965E+00 -26.22060267E-03
+49.44000E-06 +5.49355930070E+00 +12.37236172E-03
+49.45500E-06 -5.25297385409E+00 +4.65376886E-03
+49.47000E-06 +4.43868488002E+00 -23.32613036E-03
+49.48500E-06 -3.40694361840E+00 +41.31708504E-03
+49.50000E-06 +1.93335813180E+00 -51.30602955E-03
+49.51500E-06 -374.17966023E-03 +57.71909491E-03
+49.53000E-06 -1.36312443116E+00 -58.05979832E-03
+49.54500E-06 +2.79044360008E+00 +54.82462258E-03
+49.56000E-06 -4.19809943503E+00 -46.48190899E-03
+49.57500E-06 +5.03205174240E+00 +36.49296448E-03
+49.59000E-06 -5.58262211091E+00 -22.36130623E-03
+49.60500E-06 +5.42762964944E+00 +6.58341705E-03
+49.62000E-06 -5.12111455150E+00 +11.40753763E-03
+49.63500E-06 +4.10903662364E+00 -30.07989913E-03
+49.65000E-06 -2.94543605951E+00 +45.17638148E-03
+49.66500E-06 +1.40592092163E+00 -54.20050188E-03
+49.68000E-06 +219.18720112E-03 +57.71909491E-03
+49.69500E-06 -1.89056164132E+00 -57.09497421E-03
+49.71000E-06 +3.31788081017E+00 +51.93015025E-03
+49.72500E-06 -4.65960699366E+00 -42.62261255E-03
+49.74000E-06 +5.29577034732E+00 +31.66884393E-03
+49.75500E-06 -5.64855176204E+00 -16.57236157E-03
+49.77000E-06 +5.36169999805E+00 -170.35172E-06
+49.78500E-06 -4.79146629519E+00 +18.16130640E-03
+49.80000E-06 +3.71345871600E+00 -34.90401968E-03
+49.81500E-06 -2.48392850054E+00 +50.00050204E-03
+49.83000E-06 +746.62440909E-03 -56.13015010E-03
+49.84500E-06 +746.62441122E-03 +59.64874313E-03
+49.86000E-06 -2.48392850254E+00 -55.16532599E-03
+49.87500E-06 +3.77938836886E+00 +50.96532613E-03
+49.89000E-06 -4.92332559871E+00 -39.72814022E-03
+49.90500E-06 +5.36169999858E+00 +27.80954748E-03
+49.92000E-06 -5.58262211078E+00 -11.74824102E-03
+49.93500E-06 +5.22984069539E+00 -6.92412049E-03
+49.95000E-06 -4.46181803881E+00 +23.95025106E-03
+49.96500E-06 +3.31788080830E+00 -40.69296434E-03
+49.98000E-06 -1.89056163919E+00 +52.89497437E-03
+49.99500E-06 +219.18719899E-03 -58.05979832E-03
+50.01000E-06 +1.33999127257E+00 +58.68391902E-03
+50.02500E-06 -3.07729536376E+00 -53.23567776E-03
+50.04000E-06 +4.17496627637E+00 +48.07085380E-03
+50.05500E-06 -5.18704420362E+00 -35.86884378E-03
+50.07000E-06 +5.55948895216E+00 +22.98542693E-03
+50.08500E-06 -5.64855176177E+00 -5.95929635E-03
+50.10000E-06 +5.03205174147E+00 -12.71306515E-03
+50.11500E-06 -4.13216978223E+00 +30.70401983E-03
+50.13000E-06 +2.79044359827E+00 -45.51708489E-03
+50.14500E-06 -1.29719477797E+00 +56.75427080E-03
+50.16000E-06 -374.17966236E-03 -58.05979832E-03
+50.17500E-06 +1.93335813386E+00 +56.75427080E-03
+50.19000E-06 -3.53880292259E+00 -52.27085366E-03
+50.20500E-06 +4.50461453261E+00 +44.21155736E-03
+50.22000E-06 -5.38483315727E+00 -31.04472322E-03
+50.23500E-06 +5.55948895209E+00 +17.19648227E-03
+50.25000E-06 -5.38483315672E+00 +794.47242E-06
+50.26500E-06 +4.76833313628E+00 -18.50200981E-03
+50.28000E-06 -3.67066222347E+00 +37.45778860E-03
+50.29500E-06 +2.26300638811E+00 -50.34120544E-03
+50.31000E-06 -769.75756774E-03 +58.68391902E-03
+50.32500E-06 -967.54652372E-03 -59.02462243E-03
+50.34000E-06 +2.46079534389E+00 +56.75427080E-03
+50.35500E-06 -3.93438083009E+00 -49.37638132E-03
+50.37000E-06 +4.83426278878E+00 +40.35226092E-03
+50.38500E-06 -5.58262211091E+00 -26.22060267E-03
+50.40000E-06 +5.55948895195E+00 +11.40753761E-03
+50.41500E-06 -5.25297385399E+00 +7.54824119E-03
+50.43000E-06 +4.30682557752E+00 -25.25577858E-03
+50.44500E-06 -3.27508431576E+00 +42.28190916E-03
+50.46000E-06 +1.66963952676E+00 -52.27085366E-03
+50.47500E-06 -176.39070638E-03 +59.64874313E-03
+50.49000E-06 -1.56091338507E+00 -58.05979832E-03
+50.50500E-06 +2.98823255391E+00 +55.78944669E-03
+50.52000E-06 -4.32995873752E+00 -46.48190899E-03
+50.53500E-06 +5.09798139369E+00 +36.49296448E-03
+50.55000E-06 -5.51669245965E+00 -22.36130623E-03
+50.56500E-06 +5.36169999817E+00 +5.61859294E-03
+50.58000E-06 -4.98925524887E+00 +13.33718585E-03
+50.59500E-06 +3.91124766981E+00 -30.07989913E-03
+50.61000E-06 -2.74764710560E+00 +48.07085382E-03
+50.62500E-06 +1.14220231666E+00 -54.20050188E-03
+50.64000E-06 +416.97615504E-03 +58.68391902E-03
+50.65500E-06 -2.08835059503E+00 -58.05979832E-03
+50.67000E-06 +3.44974011267E+00 +52.89497436E-03
+50.68500E-06 -4.72553664488E+00 -43.58743666E-03
+50.70000E-06 +5.29577034733E+00 +31.66884392E-03
+50.71500E-06 -5.58262211070E+00 -16.57236157E-03
+50.73000E-06 +5.22984069543E+00 -170.35172E-06
+50.74500E-06 -4.65960699249E+00 +19.12613051E-03
+50.76000E-06 +3.44974011098E+00 -35.86884380E-03
+50.77500E-06 -2.22020989543E+00 +49.03567793E-03
+50.79000E-06 +548.83545524E-03 -57.09497421E-03
+50.80500E-06 +1.01034301633E+00 +58.68391902E-03
+50.82000E-06 -2.61578780505E+00 -55.16532599E-03
+50.83500E-06 +3.91124767129E+00 +50.00050202E-03
+50.85000E-06 -4.98925524993E+00 -38.76331611E-03
+50.86500E-06 +5.36169999845E+00 +27.80954748E-03
+50.88000E-06 -5.45076280811E+00 -10.78341691E-03
+50.89500E-06 +5.03205174158E+00 -6.92412049E-03
+50.91000E-06 -4.19809943366E+00 +25.87989928E-03
+50.92500E-06 +2.98823255208E+00 -41.65778845E-03
+50.94000E-06 -1.56091338296E+00 +52.89497436E-03
+50.95500E-06 -44.53140604E-03 -57.09497421E-03
+50.97000E-06 +1.53778022635E+00 +58.68391902E-03
+50.98500E-06 -3.14322501500E+00 -53.23567777E-03
+51.00000E-06 +4.24089592760E+00 +47.10602969E-03
+51.01500E-06 -5.12111455231E+00 -34.90401966E-03
+51.03000E-06 +5.36169999845E+00 +22.02060282E-03
+51.04500E-06 -5.38483315663E+00 -4.02964813E-03
+51.06000E-06 +4.76833313632E+00 -13.67788926E-03
+51.07500E-06 -3.86845117714E+00 +31.66884395E-03
+51.09000E-06 +2.52672499310E+00 -45.51708489E-03
+51.10500E-06 -1.03347617287E+00 +54.82462258E-03
+51.12000E-06 -571.96861614E-03 -58.05979832E-03
+51.13500E-06 +2.06521743645E+00 +55.78944669E-03
+51.15000E-06 -3.53880292257E+00 -49.37638132E-03
+51.16500E-06 +4.43868488131E+00 +44.21155736E-03
+51.18000E-06 -5.25297385469E+00 -30.07989911E-03
+51.19500E-06 +5.29577034697E+00 +16.23165816E-03
+51.21000E-06 -5.12111455166E+00 +794.47242E-06
+51.22500E-06 +4.43868487993E+00 -19.46683392E-03
+51.24000E-06 -3.34101396712E+00 +36.49296450E-03
+51.25500E-06 +1.99928778301E+00 -49.37638133E-03
+51.27000E-06 -440.10931151E-03 +55.78944669E-03
+51.28500E-06 -1.16533547749E+00 -56.13015010E-03
+51.30000E-06 +2.52672499513E+00 +54.82462258E-03
+51.31500E-06 -3.86845117888E+00 -46.48190899E-03
+51.33000E-06 +4.70240348621E+00 +38.42261270E-03
+51.34500E-06 -5.31890350580E+00 -24.29095445E-03
+51.36000E-06 +5.16391104445E+00 +9.47788939E-03
+51.37500E-06 -4.85739594647E+00 +6.58341708E-03
+51.39000E-06 +4.04310697229E+00 -25.25577858E-03
+51.40500E-06 -2.81357675695E+00 +40.35226094E-03
+51.42000E-06 +1.40592092173E+00 -51.30602955E-03
+51.43500E-06 +21.39824747E-03 +57.71909491E-03
+51.45000E-06 -1.69277268751E+00 -55.16532599E-03
+51.46500E-06 +2.98823255389E+00 +53.85979846E-03
+51.48000E-06 -4.19809943504E+00 -44.55226077E-03
+51.49500E-06 +4.83426278867E+00 +33.59849215E-03
+51.51000E-06 -5.25297385454E+00 -18.50200979E-03
+51.52500E-06 +5.03205174171E+00 +4.65376883E-03
+51.54000E-06 -4.52774769016E+00 +12.37236174E-03
+51.55500E-06 +3.58159941339E+00 -30.07989913E-03
+51.57000E-06 -2.35206919804E+00 +44.21155738E-03
+51.58500E-06 +878.48371156E-03 -52.27085366E-03
+51.60000E-06 +548.83545756E-03 +56.75427080E-03
+51.61500E-06 -2.15428024627E+00 -54.20050188E-03
+51.63000E-06 +3.38381046131E+00 +50.00050202E-03
+51.64500E-06 -4.46181803994E+00 -40.69296433E-03
+51.66000E-06 +4.96612209097E+00 +29.73919570E-03
+51.67500E-06 -5.18704420321E+00 -14.64271335E-03
+51.69000E-06 +4.76833313666E+00 -2.09999994E-03
+51.70500E-06 -4.19809943363E+00 +19.12613051E-03
+51.72000E-06 +3.12009185455E+00 -35.86884379E-03
+51.73500E-06 -1.75870233677E+00 +47.10602971E-03
+51.75000E-06 +285.11685028E-03 -54.20050188E-03
+51.76500E-06 +1.07627266758E+00 +55.78944669E-03
+51.78000E-06 -2.61578780510E+00 -51.30602954E-03
+51.79500E-06 +3.64752906636E+00 +47.10602969E-03
+51.81000E-06 -4.65960699357E+00 -35.86884378E-03
+51.82500E-06 +4.96612209089E+00 +24.91507515E-03
+51.84000E-06 -5.05518490053E+00 -8.85376868E-03
+51.85500E-06 +4.57054418265E+00 -8.85376871E-03
+51.87000E-06 -3.80252152598E+00 +25.87989928E-03
+51.88500E-06 +2.52672499328E+00 -39.72814023E-03
+51.90000E-06 -1.29719477786E+00 +50.00050203E-03
+51.91500E-06 -176.39070863E-03 -54.20050188E-03
+51.93000E-06 +1.60370987760E+00 +53.85979847E-03
+51.94500E-06 -3.01136571252E+00 -48.41155721E-03
+51.96000E-06 +3.97717732244E+00 +43.24673325E-03
+51.97500E-06 -4.79146629595E+00 -32.00954733E-03
+51.99000E-06 +4.90019243948E+00 +20.09095460E-03
+52.00500E-06 -4.92332559778E+00 -3.06482402E-03
+52.02000E-06 +4.17496627508E+00 -13.67788926E-03
+52.03500E-06 -3.40694361834E+00 +30.70401983E-03
+52.05000E-06 +2.06521743429E+00 -42.62261256E-03
+52.06500E-06 -769.75756777E-03 +51.93015025E-03
+52.08000E-06 -703.82791872E-03 -53.23567777E-03
+52.09500E-06 +2.06521743628E+00 +51.93015025E-03
+52.11000E-06 -3.40694362002E+00 -46.48190899E-03
+52.12500E-06 +4.17496627615E+00 +40.35226092E-03
+52.14000E-06 -4.79146629587E+00 -27.18542678E-03
+52.15500E-06 +4.83426278807E+00 +14.30200994E-03
+52.17000E-06 -4.59367734148E+00 +1.75929653E-03
+52.18500E-06 +3.84531801870E+00 -18.50200981E-03
+52.20000E-06 -2.87950640824E+00 +34.56331627E-03
+52.21500E-06 +1.60370987546E+00 -46.48190900E-03
+52.23000E-06 -242.32035775E-03 +50.96532614E-03
+52.24500E-06 -1.23126512866E+00 -52.27085366E-03
+52.26000E-06 +2.46079534377E+00 +50.00050203E-03
+52.27500E-06 -3.67066222491E+00 -42.62261255E-03
+52.29000E-06 +4.30682557860E+00 +34.56331626E-03
+52.30500E-06 -4.72553664446E+00 -21.39648212E-03
+52.32000E-06 +4.63647383428E+00 +8.51306527E-03
+52.33500E-06 -4.26402908509E+00 +6.58341708E-03
+52.35000E-06 +3.44974011105E+00 -24.29095447E-03
+52.36500E-06 -2.41799884934E+00 +38.42261271E-03
+52.38000E-06 +1.07627266537E+00 -48.41155722E-03
+52.39500E-06 +219.18720116E-03 +51.93015025E-03
+52.41000E-06 -1.69277268742E+00 -50.34120544E-03
+52.42500E-06 +2.85637325119E+00 +48.07085380E-03
+52.44000E-06 -3.80252152736E+00 -39.72814022E-03
+52.45500E-06 +4.37275522971E+00 +30.70401981E-03
+52.47000E-06 -4.65960699320E+00 -17.53718568E-03
+52.48500E-06 +4.43868488034E+00 +1.75929650E-03
+52.50000E-06 -3.93438082871E+00 +12.37236174E-03
+52.51500E-06 +2.92230290096E+00 -30.07989913E-03
+52.53000E-06 -1.89056163932E+00 +40.35226093E-03
+52.54500E-06 +548.83545535E-03 -48.41155722E-03
+52.56000E-06 +680.69475991E-03 +50.96532614E-03
+52.57500E-06 -2.08835059491E+00 -49.37638132E-03
+52.59000E-06 +3.12009185623E+00 +44.21155736E-03
+52.60500E-06 -4.06624013225E+00 -35.86884378E-03
+52.62000E-06 +4.43868488081E+00 +25.87989926E-03
+52.63500E-06 -4.59367734178E+00 -10.78341691E-03
+52.65000E-06 +4.17496627522E+00 -3.06482405E-03
+52.66500E-06 -3.60473257232E+00 +18.16130640E-03
+52.68000E-06 +2.52672499331E+00 -32.97437146E-03
+52.69500E-06 -1.42905408049E+00 +41.31708504E-03
+52.71000E-06 +87.32789652E-03 -48.41155722E-03
+52.72500E-06 +1.14220231866E+00 +49.03567792E-03
+52.74000E-06 -2.48392850248E+00 -46.48190899E-03
+52.75500E-06 +3.38381046104E+00 +41.31708503E-03
+52.77000E-06 -4.13216978343E+00 -32.00954734E-03
+52.78500E-06 +4.37275522947E+00 +21.05577871E-03
+52.80000E-06 -4.39588838792E+00 -5.95929636E-03
+52.81500E-06 +3.84531801891E+00 -8.85376871E-03
+52.83000E-06 -3.14322501349E+00 +22.98542695E-03
+52.84500E-06 +2.13114708566E+00 -35.86884379E-03
+52.86000E-06 -967.54652158E-03 +44.21155737E-03
+52.87500E-06 -440.10931349E-03 -47.44673311E-03
+52.89000E-06 +1.60370987734E+00 +48.07085381E-03
+52.90500E-06 -2.68171745619E+00 -43.58743666E-03
+52.92000E-06 +3.51566976357E+00 +37.45778859E-03
+52.93500E-06 -4.19809943454E+00 -29.11507500E-03
+52.95000E-06 +4.24089592687E+00 +16.23165816E-03
+52.96500E-06 -4.13216978271E+00 -2.09999991E-03
+52.98000E-06 +3.44974011127E+00 -13.67788926E-03
+52.99500E-06 -2.74764710584E+00 +27.80954750E-03
+53.01000E-06 +1.60370987557E+00 -38.76331612E-03
+53.02500E-06 -506.03896291E-03 +44.21155737E-03
+53.04000E-06 -835.68722106E-03 -46.48190900E-03
+53.05500E-06 +1.93335813365E+00 +44.21155737E-03
+53.07000E-06 -2.94543606116E+00 -39.72814022E-03
+53.08500E-06 +3.64752906601E+00 +33.59849215E-03
+53.10000E-06 -4.06624013210E+00 -22.36130623E-03
+53.11500E-06 +4.10903662419E+00 +11.40753761E-03
+53.13000E-06 -3.93438082877E+00 +2.72412064E-03
+53.14500E-06 +3.12009185488E+00 -17.53718570E-03
+53.16000E-06 -2.35206919827E+00 +29.73919572E-03
+53.17500E-06 +1.20813196792E+00 -39.72814023E-03
+53.19000E-06 -44.53140408E-03 +45.17638148E-03
+53.20500E-06 -1.23126512855E+00 -44.55226078E-03
+53.22000E-06 +2.26300638979E+00 +42.28190914E-03
+53.23500E-06 -3.27508431722E+00 -36.83366789E-03
+53.25000E-06 +3.71345871720E+00 +29.73919571E-03
+53.26500E-06 -4.13216978303E+00 -18.50200979E-03
+53.28000E-06 +3.91124767041E+00 +5.61859295E-03
+53.29500E-06 -3.60473257246E+00 +6.58341708E-03
+53.31000E-06 +2.79044359841E+00 -22.36130625E-03
+53.32500E-06 -1.89056163944E+00 +33.59849216E-03
+53.34000E-06 +746.62440917E-03 -39.72814023E-03
+53.35500E-06 +351.04650357E-03 +44.21155737E-03
+53.37000E-06 -1.62684303604E+00 -43.58743666E-03
+53.38500E-06 +2.52672499476E+00 +40.35226092E-03
+53.40000E-06 -3.40694361958E+00 -33.93919556E-03
+53.41500E-06 +3.71345871712E+00 +24.91507515E-03
+53.43000E-06 -3.93438082925E+00 -14.64271335E-03
+53.44500E-06 +3.64752906528E+00 +794.47239E-06
+53.46000E-06 -3.27508431607E+00 +11.40753763E-03
+53.47500E-06 +2.39486569084E+00 -25.25577858E-03
+53.49000E-06 -1.49498373179E+00 +34.56331627E-03
+53.50500E-06 +285.11685042E-03 -40.69296434E-03
+53.52000E-06 +746.62441106E-03 +43.24673326E-03
+53.53500E-06 -1.89056164101E+00 -42.62261255E-03
+53.55000E-06 +2.72451394854E+00 +37.45778859E-03
+53.56500E-06 -3.47287327084E+00 -30.07989912E-03
+53.58000E-06 +3.71345871695E+00 +21.05577871E-03
+53.59500E-06 -3.80252152656E+00 -8.85376869E-03
+53.61000E-06 +3.38381046015E+00 -4.02964816E-03
+53.62500E-06 -2.87950640859E+00 +17.19648229E-03
+53.64000E-06 +1.93335813209E+00 -29.11507502E-03
+53.65500E-06 -1.09940582414E+00 +35.52814038E-03
+53.67000E-06 -110.46105715E-03 -40.69296434E-03
+53.68500E-06 +1.07627266737E+00 +41.31708504E-03
+53.70000E-06 -2.15428024597E+00 -38.76331611E-03
+53.71500E-06 +2.85637325090E+00 +34.56331626E-03
+53.73000E-06 -3.53880292194E+00 -26.22060267E-03
+53.74500E-06 +3.64752906553E+00 +16.23165816E-03
+53.76000E-06 -3.60473257270E+00 -4.99447225E-03
+53.77500E-06 +3.12009185502E+00 -8.85376871E-03
+53.79000E-06 -2.54985815219E+00 +20.09095462E-03
+53.80500E-06 +1.53778022452E+00 -31.04472324E-03
+53.82000E-06 -637.89826556E-03 +37.45778860E-03
+53.83500E-06 -506.03896463E-03 -40.69296433E-03
+53.85000E-06 +1.40592092351E+00 +39.38743682E-03
+53.86500E-06 -2.41799885085E+00 -35.86884378E-03
+53.88000E-06 +2.92230290217E+00 +30.70401982E-03
+53.89500E-06 -3.47287327068E+00 -24.29095445E-03
+53.91000E-06 +3.44974011166E+00 +14.30200994E-03
+53.92500E-06 -3.40694361883E+00 -170.35169E-06
+53.94000E-06 +2.79044359872E+00 -11.74824104E-03
+53.95500E-06 -2.22020989580E+00 +23.95025106E-03
+53.97000E-06 +1.07627266578E+00 -31.04472324E-03
+53.98500E-06 -308.25000908E-03 +37.45778860E-03
+54.00000E-06 -769.75756969E-03 -38.76331612E-03
+54.01500E-06 +1.66963952848E+00 +36.49296449E-03
+54.03000E-06 -2.54985815338E+00 -32.97437145E-03
+54.04500E-06 +2.98823255334E+00 +26.84472338E-03
+54.06000E-06 -3.34101396808E+00 -18.50200979E-03
+54.07500E-06 +3.31788080905E+00 +8.51306528E-03
+54.09000E-06 -3.07729536261E+00 +3.68894475E-03
+54.10500E-06 +2.46079534233E+00 -15.60753748E-03
+54.12000E-06 -1.75870233697E+00 +24.91507517E-03
+54.13500E-06 +812.55406056E-03 -32.97437146E-03
+54.15000E-06 +87.32789832E-03 +37.45778860E-03
+54.16500E-06 -1.16533547700E+00 -36.83366789E-03
+54.18000E-06 +1.93335813344E+00 +34.56331626E-03
+54.19500E-06 -2.68171745573E+00 -29.11507501E-03
+54.21000E-06 +3.05416220435E+00 +23.95025104E-03
+54.22500E-06 -3.27508431664E+00 -13.67788924E-03
+54.24000E-06 +3.12009185518E+00 +3.68894473E-03
+54.25500E-06 -2.81357675748E+00 +5.61859297E-03
+54.27000E-06 +2.13114708593E+00 -18.50200981E-03
+54.28500E-06 -1.42905408058E+00 +26.84472339E-03
+54.30000E-06 +416.97615308E-03 -33.93919557E-03
+54.31500E-06 +416.97615454E-03 +35.52814038E-03
+54.33000E-06 -1.42905408204E+00 -34.90401967E-03
+54.34500E-06 +2.06521743596E+00 +32.63366804E-03
+54.36000E-06 -2.74764710691E+00 -28.15025090E-03
+54.37500E-06 +2.98823255309E+00 +19.12613049E-03
+54.39000E-06 -3.07729536286E+00 -10.78341691E-03
+54.40500E-06 +2.85637325014E+00 -170.35171E-06
+54.42000E-06 -2.54985815226E+00 +9.47788941E-03
+54.43500E-06 +1.80149882971E+00 -20.43165803E-03
+54.45000E-06 -1.03347617318E+00 +27.80954750E-03
+54.46500E-06 +87.32789677E-03 -33.93919556E-03
+54.48000E-06 +680.69475967E-03 +34.56331626E-03
+54.49500E-06 -1.56091338457E+00 -33.93919556E-03
+54.51000E-06 +2.19707673823E+00 +28.77437160E-03
+54.52500E-06 -2.74764710691E+00 -24.29095446E-03
+54.54000E-06 +2.85637325057E+00 +16.23165816E-03
+54.55500E-06 -3.01136571143E+00 -6.92412047E-03
+54.57000E-06 +2.59265464509E+00 -4.02964815E-03
+54.58500E-06 -2.22020989595E+00 +14.30200996E-03
+54.60000E-06 +1.40592092206E+00 -23.32613036E-03
+54.61500E-06 -703.82791688E-03 +26.84472339E-03
+54.63000E-06 -242.32035954E-03 -32.97437145E-03
+54.64500E-06 +944.41336463E-03 +33.59849215E-03
+54.66000E-06 -1.75870233827E+00 -31.04472323E-03
+54.67500E-06 +2.32893604075E+00 +26.84472338E-03
+54.69000E-06 -2.81357675800E+00 -21.39648212E-03
+54.70500E-06 +2.79044359914E+00 +12.37236172E-03
+54.72000E-06 -2.81357675764E+00 -4.02964814E-03
+54.73500E-06 +2.32893604005E+00 -7.88894459E-03
+54.75000E-06 -1.82463198847E+00 +16.23165818E-03
+54.76500E-06 +1.07627266584E+00 -24.29095447E-03
+54.78000E-06 -374.17966066E-03 +28.77437161E-03
+54.79500E-06 -506.03896450E-03 -32.00954734E-03
+54.81000E-06 +1.14220231833E+00 +30.70401982E-03
+54.82500E-06 -1.89056164079E+00 -28.15025090E-03
+54.84000E-06 +2.32893604067E+00 +23.95025104E-03
+54.85500E-06 -2.68171745548E+00 -17.53718568E-03
+54.87000E-06 +2.65858429644E+00 +9.47788939E-03
+54.88500E-06 -2.54985815260E+00 +794.47241E-06
+54.90000E-06 +2.06521743492E+00 -10.78341692E-03
+54.91500E-06 -1.56091338343E+00 +18.16130640E-03
+54.93000E-06 +746.62440953E-03 -24.29095447E-03
+54.94500E-06 -110.46105561E-03 +28.77437160E-03
+54.96000E-06 -703.82791820E-03 -30.07989912E-03
+54.97500E-06 +1.33999127212E+00 +27.80954749E-03
+54.99000E-06 -1.95649129206E+00 -26.22060268E-03
+55.00500E-06 +2.26300638941E+00 +21.05577872E-03
+55.02000E-06 -2.61578780422E+00 -13.67788924E-03
+55.03500E-06 +2.46079534274E+00 +5.61859295E-03
+55.05000E-06 -2.28613954747E+00 +3.68894474E-03
+55.06500E-06 +1.80149882987E+00 -12.71306514E-03
+55.08000E-06 -1.23126512703E+00 +19.12613051E-03
+55.09500E-06 +482.90580457E-03 -26.22060268E-03
+55.11000E-06 +153.25754944E-03 +27.80954749E-03
+55.12500E-06 -901.61687198E-03 -28.15025090E-03
+55.14000E-06 +1.47185057455E+00 +26.84472338E-03
+55.15500E-06 -2.15428024557E+00 -23.32613035E-03
+55.17000E-06 +2.26300638932E+00 +17.19648227E-03
+55.18500E-06 -2.48392850152E+00 -9.81859280E-03
+55.20000E-06 +2.26300638896E+00 +2.72412062E-03
+55.21500E-06 -2.08835059359E+00 +5.61859296E-03
+55.23000E-06 +1.53778022474E+00 -15.60753747E-03
+55.24500E-06 -967.54652208E-03 +22.02060283E-03
+55.26000E-06 +219.18719944E-03 -25.25577857E-03
+55.27500E-06 +351.04650322E-03 +27.80954749E-03
+55.29000E-06 -1.16533547685E+00 -27.18542679E-03
+55.30500E-06 +1.60370987690E+00 +23.95025105E-03
+55.32000E-06 -2.08835059441E+00 -21.39648213E-03
+55.33500E-06 +2.26300638914E+00 +13.33718584E-03
+55.35000E-06 -2.28613954773E+00 -7.88894458E-03
+55.36500E-06 +2.06521743509E+00 -2.09999993E-03
+55.38000E-06 -1.82463198855E+00 +8.51306530E-03
+55.39500E-06 +1.20813196843E+00 -16.57236158E-03
+55.41000E-06 -703.82791703E-03 +22.02060283E-03
+55.42500E-06 +21.39824565E-03 -25.25577857E-03
+55.44000E-06 +614.76510818E-03 +25.87989927E-03
+55.45500E-06 -1.29719477937E+00 -26.22060268E-03
+55.47000E-06 +1.60370987699E+00 +22.02060283E-03
+55.48500E-06 -2.08835059423E+00 -18.50200979E-03
+55.50000E-06 +2.13114708662E+00 +10.44271350E-03
+55.51500E-06 -2.22020989629E+00 -4.99447225E-03
+55.53000E-06 +1.86742848121E+00 -3.06482404E-03
+55.54500E-06 -1.49498373233E+00 +10.44271352E-03
+55.56000E-06 +944.41336348E-03 -17.53718569E-03
+55.57500E-06 -440.10931198E-03 +20.09095462E-03
+55.59000E-06 -242.32035939E-03 -25.25577857E-03
+55.60500E-06 +746.62441061E-03 +23.95025105E-03
+55.62000E-06 -1.42905408181E+00 -23.32613035E-03
+55.63500E-06 +1.73556917924E+00 +20.09095461E-03
+55.65000E-06 -2.08835059414E+00 -14.64271335E-03
+55.66500E-06 +1.99928778401E+00 +8.51306528E-03
+55.68000E-06 -2.02242094260E+00 -3.06482403E-03
+55.69500E-06 +1.60370987617E+00 -6.92412048E-03
+55.71000E-06 -1.29719477846E+00 +11.40753762E-03
+55.72500E-06 +680.69475843E-03 -17.53718569E-03
+55.74000E-06 -176.39070703E-03 +22.02060283E-03
+55.75500E-06 -440.10931309E-03 -24.29095446E-03
+55.77000E-06 +944.41336430E-03 +22.02060283E-03
+55.78500E-06 -1.49498373307E+00 -20.43165802E-03
+55.80000E-06 +1.73556917924E+00 +16.23165816E-03
+55.81500E-06 -1.95649129162E+00 -13.67788924E-03
+55.83000E-06 +1.86742848149E+00 +6.58341706E-03
+55.84500E-06 -1.75870233756E+00 +794.47241E-06
+55.86000E-06 +1.40592092248E+00 -7.88894459E-03
+55.87500E-06 -1.03347617341E+00 +13.33718584E-03
+55.89000E-06 +416.97615339E-03 -19.46683391E-03
+55.90500E-06 +21.39824675E-03 +21.05577872E-03
+55.92000E-06 -637.89826669E-03 -23.32613035E-03
+55.93500E-06 +1.07627266683E+00 +20.09095461E-03
+55.95000E-06 -1.56091338415E+00 -19.46683391E-03
+55.96500E-06 +1.66963952798E+00 +14.30200995E-03
+55.98000E-06 -1.89056164017E+00 -10.78341691E-03
+55.99500E-06 +1.73556917896E+00 +1.75929651E-03
+56.01000E-06 -1.62684303494E+00 +1.75929652E-03
+56.02500E-06 +1.20813196860E+00 -9.81859281E-03
+56.04000E-06 -835.68721963E-03 +14.30200995E-03
+56.05500E-06 +219.18719969E-03 -20.43165802E-03
+56.07000E-06 +153.25754928E-03 +21.05577872E-03
+56.08500E-06 -769.75756921E-03 -20.43165802E-03
+56.10000E-06 +1.07627266683E+00 +20.09095461E-03
+56.11500E-06 -1.56091338415E+00 -16.57236158E-03
+56.13000E-06 +1.66963952780E+00 +11.40753761E-03
+56.14500E-06 -1.75870233765E+00 -7.88894458E-03
+56.16000E-06 +1.60370987644E+00 +794.47240E-06
+56.17500E-06 -1.36312442999E+00 +2.72412063E-03
+56.19000E-06 +1.01034301472E+00 -10.78341692E-03
+56.20500E-06 -637.89826584E-03 +15.26683406E-03
+56.22000E-06 +87.32789708E-03 -19.46683391E-03
+56.23500E-06 +285.11685180E-03 +20.09095461E-03
+56.25000E-06 -901.61687173E-03 -18.50200980E-03
+56.26500E-06 +1.14220231800E+00 +17.19648228E-03
+56.28000E-06 -1.49498373289E+00 -14.64271336E-03
+56.29500E-06 +1.60370987654E+00 +9.47788939E-03
+56.31000E-06 -1.69277268629E+00 -4.99447225E-03
+56.32500E-06 +1.40592092257E+00 -1.13517582E-03
+56.34000E-06 -1.23126512737E+00 +5.61859296E-03
+56.35500E-06 +812.55406103E-03 -12.71306514E-03
+56.37000E-06 -440.10931215E-03 +15.26683406E-03
+56.38500E-06 -110.46105661E-03 -18.50200980E-03
+56.40000E-06 +416.97615433E-03 +19.12613050E-03
+56.41500E-06 -967.54652290E-03 -18.50200980E-03
+56.43000E-06 +1.20813196926E+00 +15.26683406E-03
+56.44500E-06 -1.49498373280E+00 -11.74824103E-03
+56.46000E-06 +1.47185057402E+00 +7.54824117E-03
+56.47500E-06 -1.49498373251E+00 -2.09999992E-03
+56.49000E-06 +1.27406161995E+00 -3.06482404E-03
+56.50500E-06 -1.03347617349E+00 +7.54824118E-03
+56.52000E-06 +614.76510725E-03 -12.71306514E-03
+56.53500E-06 -308.25000963E-03 +14.30200995E-03
+56.55000E-06 -242.32035914E-03 -17.53718569E-03
+56.56500E-06 +548.83545676E-03 +17.19648228E-03
+56.58000E-06 -967.54652300E-03 -16.57236158E-03
+56.59500E-06 +1.20813196907E+00 +13.33718584E-03
+56.61000E-06 -1.49498373270E+00 -10.78341691E-03
+56.62500E-06 +1.33999127140E+00 +5.61859295E-03
+56.64000E-06 -1.36312442999E+00 -1.13517581E-03
+56.65500E-06 +1.07627266617E+00 -4.99447226E-03
+56.67000E-06 -835.68721981E-03 +8.51306529E-03
+56.68500E-06 +416.97615346E-03 -12.71306514E-03
+56.70000E-06 -110.46105585E-03 +15.26683406E-03
+56.71500E-06 -374.17966166E-03 -16.57236158E-03
+56.73000E-06 +680.69475909E-03 +16.23165817E-03
+56.74500E-06 -1.09940582523E+00 -14.64271336E-03
+56.76000E-06 +1.14220231791E+00 +10.44271350E-03
+56.77500E-06 -1.36312443028E+00 -9.81859280E-03
+56.79000E-06 +1.27406162014E+00 +2.72412062E-03
+56.80500E-06 -1.23126512747E+00 +794.47241E-06
+56.82000E-06 +944.41336364E-03 -5.95929637E-03
+56.83500E-06 -703.82791719E-03 +9.47788940E-03
+56.85000E-06 +285.11685094E-03 -12.71306514E-03
+56.86500E-06 +21.39824668E-03 +14.30200995E-03
+56.88000E-06 -506.03896409E-03 -15.60753747E-03
+56.89500E-06 +746.62441044E-03 +14.30200995E-03
+56.91000E-06 -1.09940582533E+00 -13.67788925E-03
+56.92500E-06 +1.14220231781E+00 +9.47788940E-03
+56.94000E-06 -1.29719477892E+00 -7.88894458E-03
+56.95500E-06 +1.20813196878E+00 +1.75929651E-03
+56.97000E-06 -1.03347617368E+00 +1.75929652E-03
+56.98500E-06 +746.62440986E-03 -6.92412048E-03
+57.00000E-06 -506.03896350E-03 +9.47788940E-03
+57.01500E-06 +153.25754842E-03 -14.64271336E-03
+57.03000E-06 +153.25754920E-03 +13.33718584E-03
+57.04500E-06 -506.03896419E-03 -14.64271336E-03
+57.06000E-06 +746.62441045E-03 +12.37236173E-03
+57.07500E-06 -967.54652291E-03 -10.78341691E-03
+57.09000E-06 +1.07627266645E+00 +8.51306528E-03
+57.10500E-06 -1.16533547640E+00 -4.02964814E-03
+57.12000E-06 +1.07627266626E+00 -170.35171E-06
+57.13500E-06 -901.61687116E-03 +2.72412063E-03
+57.15000E-06 +614.76510734E-03 -7.88894459E-03
+57.16500E-06 -374.17966098E-03 +9.47788940E-03
+57.18000E-06 +21.39824599E-03 -13.67788925E-03
+57.19500E-06 +285.11685153E-03 +14.30200995E-03
+57.21000E-06 -637.89826661E-03 -14.64271336E-03
+57.22500E-06 +746.62441035E-03 +11.40753762E-03
+57.24000E-06 -1.03347617408E+00 -10.78341691E-03
+57.25500E-06 +1.01034301529E+00 +5.61859295E-03
+57.27000E-06 -1.09940582504E+00 -3.06482403E-03
+57.28500E-06 +878.48371248E-03 -1.13517582E-03
+57.30000E-06 -769.75756864E-03 +3.68894474E-03
+57.31500E-06 +416.97615365E-03 -8.85376870E-03
+57.33000E-06 -308.25000962E-03 +9.47788940E-03
+57.34500E-06 -110.46105653E-03 -12.71306514E-03
+57.36000E-06 +416.97615395E-03 +12.37236173E-03
+57.37500E-06 -703.82791777E-03 -12.71306514E-03
+57.39000E-06 +812.55406151E-03 +9.47788940E-03
+57.40500E-06 -1.03347617388E+00 -7.88894459E-03
+57.42000E-06 +944.41336393E-03 +3.68894473E-03
+57.43500E-06 -967.54652252E-03 -2.09999992E-03
+57.45000E-06 +812.55406111E-03 -3.06482404E-03
+57.46500E-06 -637.89826622E-03 +5.61859296E-03
+57.48000E-06 +416.97615345E-03 -8.85376870E-03
+57.49500E-06 -176.39070709E-03 +9.47788940E-03
+57.51000E-06 -242.32035905E-03 -11.74824103E-03
+57.52500E-06 +351.04650279E-03 +11.40753762E-03
+57.54000E-06 -703.82791768E-03 -11.74824102E-03
+57.55500E-06 +812.55406141E-03 +9.47788940E-03
+57.57000E-06 -967.54652262E-03 -6.92412047E-03
+57.58500E-06 +812.55406151E-03 +2.72412062E-03
+57.60000E-06 -901.61687126E-03 -1.13517581E-03
+57.61500E-06 +680.69475869E-03 -4.02964815E-03
+57.63000E-06 -571.96861475E-03 +5.61859296E-03
+57.64500E-06 +153.25754871E-03 -8.85376870E-03
+57.66000E-06 +21.39824649E-03 +9.47788940E-03
+57.67500E-06 -242.32035906E-03 -10.78341692E-03
+57.69000E-06 +416.97615405E-03 +10.44271351E-03
+57.70500E-06 -703.82791768E-03 -9.81859281E-03
+57.72000E-06 +746.62441025E-03 +7.54824117E-03
+57.73500E-06 -901.61687126E-03 -5.95929636E-03
+57.75000E-06 +812.55406141E-03 +1.75929651E-03
+57.76500E-06 -769.75756873E-03 +794.47241E-06
+57.78000E-06 +548.83545627E-03 -4.99447226E-03
+57.79500E-06 -440.10931233E-03 +5.61859296E-03
+57.81000E-06 +153.25754861E-03 -8.85376870E-03
+57.82500E-06 +87.32789775E-03 +8.51306529E-03
+57.84000E-06 -374.17966148E-03 -10.78341692E-03
+57.85500E-06 +482.90580531E-03 +8.51306529E-03
+57.87000E-06 -769.75756894E-03 -8.85376870E-03
+57.88500E-06 +680.69475910E-03 +6.58341706E-03
+57.90000E-06 -835.68722010E-03 -4.02964814E-03
+57.91500E-06 +746.62440995E-03 +794.47240E-06
+57.93000E-06 -703.82791737E-03 +794.47241E-06
+57.94500E-06 +416.97615375E-03 -4.99447226E-03
+57.96000E-06 -308.25000981E-03 +5.61859296E-03
+57.97500E-06 +21.39824598E-03 -9.81859281E-03
+57.99000E-06 +87.32789786E-03 +6.58341707E-03
+58.00500E-06 -440.10931274E-03 -9.81859281E-03
+58.02000E-06 +548.83545647E-03 +6.58341707E-03
+58.03500E-06 -703.82791768E-03 -6.92412047E-03
+58.05000E-06 +614.76510773E-03 +5.61859296E-03
+58.06500E-06 -769.75756873E-03 -3.06482403E-03
+58.08000E-06 +680.69475879E-03 -170.35171E-06
+58.09500E-06 -506.03896369E-03 +1.75929652E-03
+58.11000E-06 +285.11685112E-03 -4.99447226E-03
+58.12500E-06 -242.32035855E-03 +6.58341707E-03
+58.14000E-06 -44.53140518E-03 -8.85376870E-03
+58.15500E-06 +153.25754901E-03 +8.51306529E-03
+58.17000E-06 -440.10931274E-03 -8.85376870E-03
+58.18500E-06 +548.83545637E-03 +7.54824117E-03
+58.20000E-06 -637.89826642E-03 -5.95929637E-03
+58.21500E-06 +614.76510773E-03 +1.75929652E-03
+58.23000E-06 -637.89826632E-03 -2.09999992E-03
+58.24500E-06 +548.83545617E-03 -2.09999993E-03
+58.26000E-06 -506.03896359E-03 +1.75929652E-03
+58.27500E-06 +285.11685112E-03 -4.99447226E-03
+58.29000E-06 -176.39070729E-03 +5.61859296E-03
+58.30500E-06 -110.46105644E-03 -8.85376870E-03
+58.32000E-06 +219.18720028E-03 +8.51306528E-03
+58.33500E-06 -506.03896379E-03 -8.85376869E-03
+58.35000E-06 +482.90580511E-03 +4.65376885E-03
+58.36500E-06 -637.89826642E-03 -5.95929636E-03
+58.38000E-06 +614.76510753E-03 +1.75929651E-03
+58.39500E-06 -637.89826632E-03 -2.09999992E-03
+58.41000E-06 +416.97615375E-03 -3.06482404E-03
+58.42500E-06 -374.17966117E-03 +2.72412063E-03
+58.44000E-06 +219.18719976E-03 -4.99447226E-03
+58.45500E-06 -44.53140487E-03 +5.61859296E-03
+58.47000E-06 -176.39070770E-03 -8.85376870E-03
+58.48500E-06 +285.11685154E-03 +6.58341707E-03
+58.50000E-06 -440.10931274E-03 -7.88894458E-03
+58.51500E-06 +416.97615395E-03 +4.65376885E-03
+58.53000E-06 -637.89826632E-03 -4.02964814E-03
+58.54500E-06 +548.83545627E-03 +2.72412062E-03
+58.56000E-06 -571.96861495E-03 -170.35170E-06
+58.57500E-06 +351.04650249E-03 -3.06482404E-03
+58.59000E-06 -308.25000991E-03 +3.68894474E-03
+58.60500E-06 +87.32789734E-03 -5.95929637E-03
+58.62000E-06 -44.53140476E-03 +4.65376885E-03
+58.63500E-06 -242.32035886E-03 -6.92412048E-03
+58.65000E-06 +285.11685143E-03 +5.61859296E-03
+58.66500E-06 -506.03896390E-03 -5.95929637E-03
+58.68000E-06 +482.90580511E-03 +4.65376884E-03
+58.69500E-06 -571.96861506E-03 -4.02964814E-03
+58.71000E-06 +482.90580501E-03 +794.47240E-06
+58.72500E-06 -506.03896369E-03 +794.47241E-06
+58.74000E-06 +285.11685122E-03 -4.02964815E-03
+58.75500E-06 -242.32035865E-03 +2.72412063E-03
+58.77000E-06 +21.39824629E-03 -5.95929637E-03
+58.78500E-06 +87.32789765E-03 +5.61859296E-03
+58.80000E-06 -242.32035896E-03 -6.92412048E-03
+58.81500E-06 +351.04650259E-03 +5.61859296E-03
+58.83000E-06 -440.10931264E-03 -5.95929636E-03
+58.84500E-06 +416.97615396E-03 +3.68894473E-03
+58.86000E-06 -506.03896379E-03 -3.06482403E-03
+58.87500E-06 +416.97615374E-03 +794.47240E-06
+58.89000E-06 -440.10931243E-03 -170.35170E-06
+58.90500E-06 +219.18719996E-03 -3.06482404E-03
+58.92000E-06 -176.39070728E-03 +4.65376885E-03
+58.93500E-06 +21.39824608E-03 -6.92412047E-03
+58.95000E-06 +87.32789765E-03 +5.61859296E-03
+58.96500E-06 -308.25001001E-03 -4.99447226E-03
+58.98000E-06 +285.11685133E-03 +3.68894473E-03
+58.99500E-06 -440.10931264E-03 -4.99447225E-03
+59.01000E-06 +416.97615385E-03 +2.72412062E-03
+59.02500E-06 -440.10931253E-03 -2.09999992E-03
+59.04000E-06 +351.04650248E-03 -1.13517582E-03
+59.05500E-06 -308.25001001E-03 -170.35170E-06
+59.07000E-06 +153.25754870E-03 -3.06482404E-03
+59.08500E-06 -110.46105623E-03 +3.68894474E-03
+59.10000E-06 -110.46105634E-03 -5.95929636E-03
+59.11500E-06 +87.32789766E-03 +4.65376885E-03
+59.13000E-06 -242.32035886E-03 -5.95929636E-03
+59.14500E-06 +219.18720028E-03 +3.68894473E-03
+59.16000E-06 -440.10931253E-03 -4.02964815E-03
+59.17500E-06 +351.04650248E-03 -170.35170E-06
+59.19000E-06 -440.10931243E-03 -1.13517581E-03
+59.20500E-06 +351.04650238E-03 -1.13517582E-03
+59.22000E-06 -308.25000991E-03 +1.75929652E-03
+59.23500E-06 +87.32789744E-03 -3.06482404E-03
+59.25000E-06 -110.46105602E-03 +3.68894474E-03
+59.26500E-06 -110.46105634E-03 -5.95929637E-03
+59.28000E-06 +153.25754892E-03 +4.65376885E-03
+59.29500E-06 -242.32035897E-03 -5.95929636E-03
+59.31000E-06 +285.11685144E-03 +2.72412063E-03
+59.32500E-06 -440.10931253E-03 -4.02964814E-03
+59.34000E-06 +351.04650248E-03 +794.47241E-06
+59.35500E-06 -374.17966117E-03 -1.13517581E-03
+59.37000E-06 +219.18719996E-03 -1.13517582E-03
+59.38500E-06 -308.25000980E-03 +1.75929652E-03
+59.40000E-06 +87.32789744E-03 -4.02964815E-03
+59.41500E-06 +21.39824629E-03 +1.75929652E-03
+59.43000E-06 -110.46105645E-03 -4.99447226E-03
+59.44500E-06 +153.25754892E-03 +3.68894473E-03
+59.46000E-06 -242.32035897E-03 -4.99447225E-03
+59.47500E-06 +285.11685133E-03 +2.72412062E-03
+59.49000E-06 -440.10931243E-03 -3.06482403E-03
+59.50500E-06 +285.11685133E-03 +794.47240E-06
+59.52000E-06 -308.25001001E-03 -170.35170E-06
+59.53500E-06 +219.18719996E-03 -2.09999993E-03
+59.55000E-06 -176.39070738E-03 +2.72412062E-03
+59.56500E-06 +21.39824618E-03 -3.06482404E-03
+59.58000E-06 -44.53140486E-03 +2.72412063E-03
+59.59500E-06 -176.39070749E-03 -4.99447225E-03
+59.61000E-06 +153.25754881E-03 +3.68894474E-03
+59.62500E-06 -308.25001001E-03 -4.02964814E-03
+59.64000E-06 +285.11685133E-03 +1.75929651E-03
+59.65500E-06 -308.25001001E-03 -3.06482403E-03
+59.67000E-06 +285.11685122E-03 -170.35171E-06
+59.68500E-06 -308.25000990E-03 -170.35170E-06
+59.70000E-06 +153.25754881E-03 -2.09999993E-03
+59.71500E-06 -176.39070738E-03 +1.75929652E-03
+59.73000E-06 -44.53140497E-03 -4.02964814E-03
+59.74500E-06 +21.39824640E-03 +3.68894474E-03
+59.76000E-06 -110.46105634E-03 -3.06482404E-03
+59.77500E-06 +153.25754881E-03 +2.72412063E-03
+59.79000E-06 -242.32035886E-03 -3.06482403E-03
+59.80500E-06 +285.11685122E-03 +2.72412062E-03
+59.82000E-06 -308.25001001E-03 -3.06482403E-03
+59.83500E-06 +219.18719996E-03 -170.35171E-06
+59.85000E-06 -308.25000979E-03 -170.35170E-06
+59.86500E-06 +87.32789744E-03 -2.09999993E-03
+59.88000E-06 -110.46105612E-03 +1.75929652E-03
+59.89500E-06 +21.39824607E-03 -4.02964814E-03
+59.91000E-06 +21.39824629E-03 +2.72412063E-03
+59.92500E-06 -176.39070760E-03 -4.02964815E-03
+59.94000E-06 +153.25754892E-03 +1.75929652E-03
+59.95500E-06 -308.25001001E-03 -3.06482403E-03
+59.97000E-06 +219.18719996E-03 +1.75929651E-03
+59.98500E-06 -308.25000990E-03 -170.35170E-06
+60.00000E-06 +153.25754892E-03 -1.13517581E-03
+60.01500E-06 -242.32035864E-03 -170.35170E-06
+60.03000E-06 +21.39824629E-03 -2.09999993E-03
+60.04500E-06 -110.46105612E-03 +1.75929652E-03
+60.06000E-06 -44.53140497E-03 -3.06482404E-03
+60.07500E-06 +21.39824629E-03 +2.72412063E-03
+60.09000E-06 -176.39070760E-03 -3.06482404E-03
+60.10500E-06 +153.25754881E-03 +1.75929652E-03
+60.12000E-06 -308.25000990E-03 -3.06482403E-03
+60.13500E-06 +219.18719996E-03 +794.47241E-06
+60.15000E-06 -308.25000990E-03 -1.13517581E-03
+60.16500E-06 +153.25754870E-03 -1.13517582E-03
+60.18000E-06 -176.39070749E-03 -170.35170E-06
+60.19500E-06 +87.32789733E-03 -3.06482403E-03
+60.21000E-06 -110.46105612E-03 +1.75929652E-03
+60.22500E-06 -44.53140508E-03 -3.06482404E-03
+60.24000E-06 +87.32789755E-03 +1.75929651E-03
+60.25500E-06 -176.39070760E-03 -4.02964814E-03
+60.27000E-06 +153.25754881E-03 +1.75929652E-03
+60.28500E-06 -242.32035875E-03 -2.09999992E-03
+60.30000E-06 +219.18719996E-03 -170.35170E-06
+60.31500E-06 -242.32035864E-03 -170.35170E-06
+60.33000E-06 +87.32789755E-03 -1.13517581E-03
+60.34500E-06 -176.39070738E-03 +794.47241E-06
+60.36000E-06 +21.39824618E-03 -3.06482404E-03
+60.37500E-06 -44.53140486E-03 -170.35170E-06
+60.39000E-06 -110.46105623E-03 -3.06482404E-03
+60.40500E-06 +87.32789766E-03 +1.75929651E-03
+60.42000E-06 -176.39070761E-03 -4.02964814E-03
+60.43500E-06 +153.25754881E-03 +794.47241E-06
+60.45000E-06 -176.39070761E-03 -2.09999992E-03
+60.46500E-06 +153.25754881E-03 +794.47240E-06
+60.48000E-06 -242.32035864E-03 -170.35170E-06
+60.49500E-06 +21.39824629E-03 -2.09999993E-03
+60.51000E-06 -110.46105623E-03 +794.47241E-06
+60.52500E-06 -44.53140497E-03 -2.09999993E-03
+60.54000E-06 +21.39824629E-03 +794.47241E-06
+60.55500E-06 -44.53140509E-03 -3.06482404E-03
+60.57000E-06 +87.32789755E-03 +794.47241E-06
+60.58500E-06 -176.39070749E-03 -2.09999993E-03
+60.60000E-06 +87.32789766E-03 +794.47240E-06
+60.61500E-06 -242.32035875E-03 -2.09999992E-03
+60.63000E-06 +153.25754858E-03 -170.35170E-06
+60.64500E-06 -176.39070749E-03 -170.35170E-06
+60.66000E-06 +21.39824629E-03 -2.09999993E-03
+60.67500E-06 -110.46105623E-03 +794.47241E-06
+60.69000E-06 -44.53140497E-03 -2.09999993E-03
+60.70500E-06 -44.53140486E-03 +1.75929652E-03
+60.72000E-06 -44.53140520E-03 -2.09999993E-03
+60.73500E-06 +87.32789755E-03 +794.47241E-06
+60.75000E-06 -176.39070749E-03 -2.09999993E-03
+60.76500E-06 +87.32789755E-03 +794.47241E-06
+60.78000E-06 -176.39070749E-03 -2.09999993E-03
+60.79500E-06 +87.32789755E-03 -170.35171E-06
+60.81000E-06 -176.39070738E-03 -170.35170E-06
+60.82500E-06 +21.39824629E-03 -1.13517582E-03
+60.84000E-06 -110.46105612E-03 +794.47241E-06
+60.85500E-06 -44.53140509E-03 -3.06482403E-03
+60.87000E-06 +21.39824629E-03 +794.47241E-06
+60.88500E-06 -176.39070749E-03 -2.09999993E-03
+60.90000E-06 +87.32789755E-03 +794.47241E-06
+60.91500E-06 -176.39070761E-03 -3.06482403E-03
+60.93000E-06 +87.32789755E-03 -170.35170E-06
+60.94500E-06 -176.39070749E-03 -1.13517581E-03
+60.96000E-06 +21.39824640E-03 -1.13517581E-03
+60.97500E-06 -110.46105623E-03 -1.13517581E-03
+60.99000E-06 +21.39824617E-03 -2.09999993E-03
+61.00500E-06 -44.53140486E-03 +794.47241E-06
+61.02000E-06 -44.53140509E-03 -2.09999993E-03
+61.03500E-06 -44.53140486E-03 +1.75929651E-03
+61.05000E-06 -110.46105623E-03 -1.13517581E-03
+61.06500E-06 +21.39824640E-03 +794.47241E-06
+61.08000E-06 -176.39070749E-03 -1.13517582E-03
+61.09500E-06 +87.32789755E-03 -170.35170E-06
+61.11000E-06 -176.39070738E-03 -1.13517581E-03
+61.12500E-06 +21.39824629E-03 -170.35171E-06
+61.14000E-06 -110.46105612E-03 -1.13517581E-03
+61.15500E-06 +21.39824618E-03 -2.09999993E-03
+61.17000E-06 -44.53140497E-03 -170.35170E-06
+61.18500E-06 -44.53140497E-03 -2.09999993E-03
+61.20000E-06 +21.39824629E-03 +794.47240E-06
+61.21500E-06 -176.39070738E-03 -2.09999992E-03
+61.23000E-06 +21.39824629E-03 +794.47241E-06
+61.24500E-06 -176.39070738E-03 -1.13517582E-03
+61.26000E-06 +87.32789744E-03 -1.13517581E-03
+61.27500E-06 -110.46105623E-03 -1.13517581E-03
+61.29000E-06 +21.39824629E-03 -1.13517581E-03
+61.30500E-06 -44.53140497E-03 +794.47240E-06
+61.32000E-06 -44.53140497E-03 -1.13517582E-03
+61.33500E-06 -44.53140486E-03 -170.35170E-06
+61.35000E-06 -44.53140508E-03 -2.09999993E-03
+61.36500E-06 -44.53140497E-03 -170.35170E-06
+61.38000E-06 -110.46105623E-03 -2.09999992E-03
+61.39500E-06 +21.39824639E-03 -170.35170E-06
+61.41000E-06 -110.46105623E-03 -1.13517581E-03
+61.42500E-06 +21.39824639E-03 -1.13517581E-03
+61.44000E-06 -110.46105613E-03 -1.13517581E-03
+61.45500E-06 +21.39824629E-03 -2.09999992E-03
+61.47000E-06 -110.46105623E-03 +794.47240E-06
+61.48500E-06 -44.53140497E-03 -2.09999993E-03
+61.50000E-06 -44.53140497E-03 +794.47241E-06
+61.51500E-06 -110.46105623E-03 -1.13517582E-03
+61.53000E-06 +21.39824629E-03 +794.47241E-06
+61.54500E-06 -176.39070749E-03 -170.35170E-06
+61.56000E-06 +21.39824629E-03 -170.35171E-06
+61.57500E-06 -110.46105623E-03 -2.09999992E-03
+61.59000E-06 +21.39824629E-03 -170.35171E-06
+61.60500E-06 -110.46105623E-03 -170.35170E-06
+61.62000E-06 +21.39824619E-03 -1.13517581E-03
+61.63500E-06 -44.53140507E-03 -170.35170E-06
+61.65000E-06 -110.46105613E-03 -2.09999992E-03
+61.66500E-06 +21.39824629E-03 +794.47241E-06
+61.68000E-06 -44.53140507E-03 -1.13517582E-03
+61.69500E-06 +21.39824619E-03 -170.35170E-06
+61.71000E-06 -110.46105623E-03 -2.09999992E-03
+61.72500E-06 +21.39824629E-03 -170.35170E-06
+61.74000E-06 -44.53140507E-03 -1.13517581E-03
+61.75500E-06 +21.39824629E-03 -170.35171E-06
+61.77000E-06 -110.46105623E-03 -170.35170E-06
+61.78500E-06 -44.53140488E-03 -170.35171E-06
+61.80000E-06 -44.53140497E-03 -170.35170E-06
+61.81500E-06 +21.39824619E-03 -2.09999993E-03
+61.83000E-06 -44.53140497E-03 +794.47240E-06
+61.84500E-06 -110.46105623E-03 -2.09999992E-03
+61.86000E-06 -44.53140488E-03 -170.35170E-06
+61.87500E-06 -110.46105623E-03 -170.35171E-06
+61.89000E-06 +21.39824619E-03 -170.35170E-06
+61.90500E-06 -110.46105623E-03 -170.35170E-06
+61.92000E-06 +21.39824629E-03 -170.35171E-06
+61.93500E-06 -44.53140507E-03 -1.13517581E-03
+61.95000E-06 +21.39824620E-03 -170.35171E-06
+61.96500E-06 -44.53140497E-03 +794.47240E-06
+61.98000E-06 -44.53140488E-03 -2.09999992E-03
+61.99500E-06 -44.53140497E-03 +794.47240E-06
+62.01000E-06 -110.46105623E-03 -1.13517581E-03
+62.02500E-06 +21.39824620E-03 -170.35170E-06
+62.04000E-06 -110.46105632E-03 -1.13517582E-03
+62.05500E-06 +21.39824629E-03 -1.13517581E-03
+62.07000E-06 -44.53140506E-03 -1.13517581E-03
+62.08500E-06 +21.39824629E-03 -1.13517581E-03
+62.10000E-06 -44.53140497E-03 -1.13517581E-03
+62.11500E-06 +21.39824620E-03 -170.35170E-06
+62.13000E-06 -110.46105614E-03 -170.35170E-06
+62.14500E-06 -44.53140488E-03 -2.09999992E-03
+62.16000E-06 +21.39824629E-03 -170.35171E-06
+62.17500E-06 -44.53140506E-03 -1.13517581E-03
+62.19000E-06 -44.53140489E-03 +794.47241E-06
+62.20500E-06 -110.46105623E-03 -1.13517581E-03
+62.22000E-06 -44.53140489E-03 -1.13517581E-03
+62.23500E-06 -110.46105623E-03 -170.35170E-06
+62.25000E-06 +21.39824620E-03 -170.35170E-06
+62.26500E-06 -44.53140497E-03 -170.35170E-06
+62.28000E-06 -44.53140497E-03 -2.09999993E-03
+62.29500E-06 -44.53140489E-03 -1.13517581E-03
+62.31000E-06 -44.53140497E-03 -1.13517581E-03
+62.32500E-06 -44.53140497E-03 +794.47240E-06
+62.34000E-06 -110.46105623E-03 -2.09999992E-03
+62.35500E-06 +21.39824621E-03 -170.35170E-06
+62.37000E-06 -110.46105623E-03 -1.13517581E-03
+62.38500E-06 +21.39824621E-03 -170.35171E-06
+62.40000E-06 -44.53140497E-03 -1.13517581E-03
+62.41500E-06 +21.39824629E-03 -1.13517582E-03
+62.43000E-06 -44.53140497E-03 -170.35170E-06
+62.44500E-06 -44.53140497E-03 -1.13517582E-03
+62.46000E-06 -44.53140497E-03 -1.13517581E-03
+62.47500E-06 -44.53140505E-03 -170.35170E-06
+62.49000E-06 -44.53140489E-03 -170.35170E-06
+62.50500E-06 -44.53140505E-03 -170.35171E-06
+62.52000E-06 +21.39824629E-03 -170.35171E-06
+62.53500E-06 -110.46105623E-03 -1.13517581E-03
+62.55000E-06 -44.53140505E-03 -170.35171E-06
+62.56500E-06 -110.46105616E-03 -1.13517581E-03
+62.58000E-06 -44.53140490E-03 -1.13517581E-03
+62.59500E-06 -44.53140505E-03 -1.13517581E-03
+62.61000E-06 -110.46105616E-03 -170.35170E-06
+62.62500E-06 -44.53140497E-03 -170.35170E-06
+62.64000E-06 -44.53140505E-03 -1.13517582E-03
+62.65500E-06 +21.39824621E-03 -2.09999992E-03
+62.67000E-06 -44.53140497E-03 -1.13517581E-03
+62.68500E-06 -44.53140490E-03 -170.35171E-06
+62.70000E-06 -44.53140497E-03 -1.13517581E-03
+62.71500E-06 -44.53140497E-03 -170.35170E-06
+62.73000E-06 -110.46105616E-03 -170.35170E-06
+62.74500E-06 +21.39824622E-03 -1.13517581E-03
+62.76000E-06 +21.39824629E-03 -170.35170E-06
+62.77500E-06 -44.53140497E-03 -1.13517581E-03
+62.79000E-06 -110.46105616E-03 -170.35170E-06
+62.80500E-06 -110.46105616E-03 -1.13517581E-03
+62.82000E-06 -44.53140497E-03 -1.13517581E-03
+62.83500E-06 -44.53140504E-03 -170.35170E-06
+62.85000E-06 -44.53140497E-03 -170.35171E-06
+62.86500E-06 -44.53140497E-03 -170.35171E-06
+62.88000E-06 -44.53140497E-03 -170.35171E-06
+62.89500E-06 -44.53140497E-03 -1.13517581E-03
+62.91000E-06 -44.53140497E-03 -1.13517581E-03
+62.92500E-06 -110.46105616E-03 -170.35170E-06
+62.94000E-06 -44.53140504E-03 -1.13517581E-03
+62.95500E-06 -110.46105617E-03 -170.35170E-06
+62.97000E-06 -110.46105623E-03 -1.13517581E-03
+62.98500E-06 +21.39824629E-03 -170.35170E-06
+63.00000E-06 -44.53140497E-03 -170.35171E-06
+63.01500E-06 +21.39824622E-03 -170.35170E-06
+63.03000E-06 -44.53140497E-03 +794.47240E-06
+63.04500E-06 -44.53140497E-03 -1.13517582E-03
+63.06000E-06 -44.53140497E-03 -170.35170E-06
+63.07500E-06 -44.53140504E-03 -1.13517581E-03
+63.09000E-06 -44.53140497E-03 -1.13517581E-03
+63.10500E-06 -44.53140497E-03 -1.13517582E-03
+63.12000E-06 +21.39824629E-03 -1.13517581E-03
+63.13500E-06 -44.53140497E-03 -1.13517581E-03
+63.15000E-06 +21.39824623E-03 -1.13517581E-03
+63.16500E-06 -110.46105617E-03 -1.13517581E-03
+63.18000E-06 +21.39824629E-03 -1.13517581E-03
+63.19500E-06 -44.53140503E-03 -170.35170E-06
+63.21000E-06 -44.53140497E-03 -1.13517581E-03
+63.22500E-06 -44.53140497E-03 +794.47240E-06
+63.24000E-06 -44.53140497E-03 -170.35171E-06
+63.25500E-06 -44.53140497E-03 -1.13517581E-03
+63.27000E-06 -44.53140497E-03 -1.13517581E-03
+63.28500E-06 -110.46105617E-03 -170.35171E-06
+63.30000E-06 -44.53140497E-03 -1.13517581E-03
+63.31500E-06 -44.53140497E-03 -170.35170E-06
+63.33000E-06 -44.53140497E-03 -170.35170E-06
+63.34500E-06 -44.53140497E-03 -1.13517581E-03
+63.36000E-06 -44.53140497E-03 -1.13517582E-03
+63.37500E-06 +21.39824629E-03 -1.13517581E-03
+63.39000E-06 -44.53140503E-03 +794.47241E-06
+63.40500E-06 -110.46105618E-03 -1.13517581E-03
+63.42000E-06 -44.53140497E-03 -170.35170E-06
+63.43500E-06 -44.53140503E-03 -170.35170E-06
+63.45000E-06 +21.39824623E-03 -170.35170E-06
+63.46500E-06 -44.53140497E-03 -1.13517581E-03
+63.48000E-06 -44.53140497E-03 -170.35171E-06
+63.49500E-06 -110.46105618E-03 -1.13517581E-03
+63.51000E-06 -44.53140497E-03 -1.13517581E-03
+63.52500E-06 -44.53140497E-03 -1.13517581E-03
+63.54000E-06 -44.53140497E-03 -1.13517581E-03
+63.55500E-06 -44.53140502E-03 -170.35170E-06
+63.57000E-06 -44.53140497E-03 -1.13517581E-03
+63.58500E-06 -44.53140497E-03 -170.35170E-06
+63.60000E-06 -110.46105618E-03 -170.35171E-06
+63.61500E-06 -44.53140497E-03 -1.13517581E-03
+63.63000E-06 -44.53140497E-03 -170.35170E-06
+63.64500E-06 -44.53140497E-03 -1.13517581E-03
+63.66000E-06 -110.46105618E-03 -170.35170E-06
+63.67500E-06 -44.53140497E-03 -170.35170E-06
+63.69000E-06 -44.53140502E-03 -1.13517581E-03
+63.70500E-06 -44.53140497E-03 -170.35170E-06
+63.72000E-06 -44.53140497E-03 -170.35171E-06
+63.73500E-06 -44.53140497E-03 -2.09999992E-03
+63.75000E-06 -44.53140497E-03 -1.13517581E-03
+63.76500E-06 -110.46105623E-03 -1.13517581E-03
+63.78000E-06 -44.53140497E-03 -170.35170E-06
+63.79500E-06 -44.53140497E-03 -170.35170E-06
+63.81000E-06 -44.53140497E-03 -170.35170E-06
+63.82500E-06 -44.53140493E-03 -170.35170E-06
+63.84000E-06 -44.53140497E-03 -1.13517581E-03
+63.85500E-06 -44.53140497E-03 -1.13517581E-03
+63.87000E-06 -44.53140497E-03 -170.35171E-06
+63.88500E-06 -110.46105619E-03 -170.35170E-06
+63.90000E-06 -44.53140497E-03 -1.13517581E-03
+63.91500E-06 -44.53140501E-03 -170.35170E-06
+63.93000E-06 -44.53140497E-03 -170.35170E-06
+63.94500E-06 -44.53140493E-03 -170.35170E-06
+63.96000E-06 -44.53140497E-03 -170.35171E-06
+63.97500E-06 -44.53140497E-03 -1.13517581E-03
+63.99000E-06 -44.53140497E-03 -1.13517581E-03
+64.00500E-06 -44.53140497E-03 -1.13517581E-03
+64.02000E-06 -44.53140497E-03 -170.35170E-06
+64.03500E-06 +21.39824621E-03 -170.35170E-06
+64.05000E-06 -44.53140497E-03 -170.35170E-06
+64.06500E-06 -44.53140497E-03 -170.35171E-06
+64.08000E-06 -44.53140501E-03 -1.13517581E-03
+64.09500E-06 -44.53140497E-03 -2.09999992E-03
+64.11000E-06 -44.53140497E-03 -1.13517581E-03
+64.12500E-06 -110.46105620E-03 -170.35171E-06
+64.14000E-06 -44.53140497E-03 -170.35170E-06
+64.15500E-06 -44.53140501E-03 -170.35171E-06
+64.17000E-06 -110.46105620E-03 -170.35171E-06
+64.18500E-06 -110.46105620E-03 -170.35170E-06
+64.20000E-06 -44.53140497E-03 -1.13517582E-03
+64.21500E-06 -44.53140494E-03 -2.09999992E-03
+64.23000E-06 -44.53140497E-03 -1.13517581E-03
+64.24500E-06 -110.46105620E-03 -1.13517581E-03
+64.26000E-06 -110.46105620E-03 -1.13517581E-03
+64.27500E-06 -44.53140494E-03 -170.35171E-06
+64.29000E-06 -110.46105620E-03 -1.13517581E-03
+64.30500E-06 -44.53140497E-03 -1.13517581E-03
+64.32000E-06 -110.46105620E-03 -1.13517582E-03
+64.33500E-06 -44.53140497E-03 -2.09999992E-03
+64.35000E-06 -44.53140497E-03 -1.13517581E-03
+64.36500E-06 -44.53140497E-03 -1.13517581E-03
+64.38000E-06 -44.53140497E-03 -1.13517581E-03
+64.39500E-06 +21.39824626E-03 -170.35170E-06
+64.41000E-06 -110.46105620E-03 -170.35170E-06
+64.42500E-06 -44.53140497E-03 -1.13517581E-03
+64.44000E-06 +21.39824629E-03 -170.35170E-06
+64.45500E-06 -44.53140494E-03 -1.13517581E-03
+64.47000E-06 -44.53140497E-03 -170.35170E-06
+64.48500E-06 -44.53140497E-03 -1.13517581E-03
