x-axis 1 2
second Volt Volt
+24.69900E-06 -28.94472331E-03 +0.0E+00
+24.72400E-06 -57.88944662E-03 +0.0E+00
+24.74900E-06 -57.88944662E-03 +0.0E+00
+24.77400E-06 -57.88944662E-03 +5.62814064E-03
+24.79900E-06 -57.88944662E-03 +0.0E+00
+24.82400E-06 -57.88944662E-03 +0.0E+00
+24.84900E-06 -28.94472331E-03 +0.0E+00
+24.87400E-06 -57.88944662E-03 +0.0E+00
+24.89900E-06 +0.0E+00 -2.81407032E-03
+24.92400E-06 -28.94472331E-03 +0.0E+00
+24.94900E-06 -28.94472331E-03 +0.0E+00
+24.97400E-06 -57.88944662E-03 +0.0E+00
+24.99900E-06 -28.94472331E-03 +0.0E+00
+25.02400E-06 -28.94472331E-03 +2.81407032E-03
+25.04900E-06 -57.88944662E-03 -2.81407032E-03
+25.07400E-06 -57.88944662E-03 -2.81407032E-03
+25.09900E-06 -57.88944662E-03 -5.62814064E-03
+25.12400E-06 -57.88944662E-03 -2.81407032E-03
+25.14900E-06 -57.88944662E-03 +0.0E+00
+25.17400E-06 -28.94472331E-03 +0.0E+00
+25.19900E-06 -57.88944662E-03 +0.0E+00
+25.22400E-06 -57.88944662E-03 +0.0E+00
+25.24900E-06 +0.0E+00 -5.62814064E-03
+25.27400E-06 -28.94472331E-03 +0.0E+00
+25.29900E-06 -28.94472331E-03 +2.81407032E-03
+25.32400E-06 -28.94472331E-03 -2.81407032E-03
+25.34900E-06 -57.88944662E-03 +0.0E+00
+25.37400E-06 -28.94472331E-03 +0.0E+00
+25.39900E-06 -57.88944662E-03 +0.0E+00
+25.42400E-06 +0.0E+00 +0.0E+00
+25.44900E-06 -28.94472331E-03 +0.0E+00
+25.47400E-06 -28.94472331E-03 +0.0E+00
+25.49900E-06 -57.88944662E-03 -2.81407032E-03
+25.52400E-06 -28.94472331E-03 -2.81407032E-03
+25.54900E-06 +0.0E+00 +2.81407032E-03
+25.57400E-06 -57.88944662E-03 +0.0E+00
+25.59900E-06 -57.88944662E-03 +0.0E+00
+25.62400E-06 -57.88944662E-03 +0.0E+00
+25.64900E-06 -28.94472331E-03 +0.0E+00
+25.67400E-06 -28.94472331E-03 +0.0E+00
+25.69900E-06 -57.88944662E-03 +0.0E+00
+25.72400E-06 -57.88944662E-03 -2.81407032E-03
+25.74900E-06 -57.88944662E-03 +0.0E+00
+25.77400E-06 -57.88944662E-03 +0.0E+00
+25.79900E-06 -28.94472331E-03 +0.0E+00
+25.82400E-06 -57.88944662E-03 +0.0E+00
+25.84900E-06 -57.88944662E-03 +2.81407032E-03
+25.87400E-06 -28.94472331E-03 -2.81407032E-03
+25.89900E-06 -28.94472331E-03 -2.81407032E-03
+25.92400E-06 -57.88944662E-03 -2.81407032E-03
+25.94900E-06 -57.88944662E-03 -2.81407032E-03
+25.97400E-06 +0.0E+00 +2.81407032E-03
+25.99900E-06 -28.94472331E-03 +2.81407032E-03
+26.02400E-06 +0.0E+00 +0.0E+00
+26.04900E-06 -57.88944662E-03 +0.0E+00
+26.07400E-06 -28.94472331E-03 +2.81407032E-03
+26.09900E-06 +0.0E+00 -2.81407032E-03
+26.12400E-06 -28.94472331E-03 +0.0E+00
+26.14900E-06 -28.94472331E-03 +0.0E+00
+26.17400E-06 -28.94472331E-03 +0.0E+00
+26.19900E-06 -86.83416992E-03 +0.0E+00
+26.22400E-06 -57.88944662E-03 -2.81407032E-03
+26.24900E-06 -57.88944662E-03 -2.81407032E-03
+26.27400E-06 -57.88944662E-03 +0.0E+00
+26.29900E-06 -57.88944662E-03 -2.81407032E-03
+26.32400E-06 -57.88944662E-03 -2.81407032E-03
+26.34900E-06 -57.88944662E-03 +2.81407032E-03
+26.37400E-06 -57.88944662E-03 +0.0E+00
+26.39900E-06 -28.94472331E-03 +0.0E+00
+26.42400E-06 +0.0E+00 +0.0E+00
+26.44900E-06 -57.88944662E-03 +0.0E+00
+26.47400E-06 -28.94472331E-03 +0.0E+00
+26.49900E-06 -57.88944662E-03 -2.81407032E-03
+26.52400E-06 -28.94472331E-03 -2.81407032E-03
+26.54900E-06 -57.88944662E-03 +2.81407032E-03
+26.57400E-06 -28.94472331E-03 +0.0E+00
+26.59900E-06 -28.94472331E-03 +0.0E+00
+26.62400E-06 -57.88944662E-03 +0.0E+00
+26.64900E-06 -57.88944662E-03 +0.0E+00
+26.67400E-06 -28.94472331E-03 +0.0E+00
+26.69900E-06 +0.0E+00 -2.81407032E-03
+26.72400E-06 -57.88944662E-03 -2.81407032E-03
+26.74900E-06 -57.88944662E-03 +2.81407032E-03
+26.77400E-06 -28.94472331E-03 +2.81407032E-03
+26.79900E-06 -57.88944662E-03 +0.0E+00
+26.82400E-06 -57.88944662E-03 -2.81407032E-03
+26.84900E-06 -86.83416993E-03 +0.0E+00
+26.87400E-06 -57.88944662E-03 +0.0E+00
+26.89900E-06 -57.88944662E-03 -0.0E+00
+26.92400E-06 -57.88944662E-03 -5.62814064E-03
+26.94900E-06 +0.0E+00 +0.0E+00
+26.97400E-06 -57.88944662E-03 +0.0E+00
+26.99900E-06 +0.0E+00 +0.0E+00
+27.02400E-06 -28.94472331E-03 -2.81407032E-03
+27.04900E-06 -28.94472330E-03 -2.81407032E-03
+27.07400E-06 -28.94472330E-03 +0.0E+00
+27.09900E-06 -28.94472331E-03 -5.62814064E-03
+27.12400E-06 -57.88944662E-03 -2.81407032E-03
+27.14900E-06 -28.94472331E-03 +0.0E+00
+27.17400E-06 -28.94472330E-03 +0.0E+00
+27.19900E-06 -57.88944662E-03 +2.81407032E-03
+27.22400E-06 -57.88944662E-03 +0.0E+00
+27.24900E-06 -86.83416992E-03 +0.0E+00
+27.27400E-06 -57.88944662E-03 +0.0E+00
+27.29900E-06 -57.88944662E-03 -2.81407032E-03
+27.32400E-06 -57.88944662E-03 +0.0E+00
+27.34900E-06 -57.88944662E-03 +0.0E+00
+27.37400E-06 -28.94472330E-03 +0.0E+00
+27.39900E-06 -57.88944662E-03 -2.81407032E-03
+27.42400E-06 -28.94472331E-03 +0.0E+00
+27.44900E-06 -57.88944662E-03 +0.0E+00
+27.47400E-06 -28.94472331E-03 -2.81407032E-03
+27.49900E-06 +0.0E+00 +2.81407032E-03
+27.52400E-06 -57.88944662E-03 +2.81407032E-03
+27.54900E-06 -28.94472331E-03 +0.0E+00
+27.57400E-06 -57.88944662E-03 +0.0E+00
+27.59900E-06 +0.0E+00 +0.0E+00
+27.62400E-06 -57.88944662E-03 -2.81407032E-03
+27.64900E-06 -57.88944662E-03 +0.0E+00
+27.67400E-06 -28.94472330E-03 +0.0E+00
+27.69900E-06 -28.94472330E-03 -2.81407032E-03
+27.72400E-06 -57.88944662E-03 -2.81407032E-03
+27.74900E-06 -28.94472330E-03 -2.81407032E-03
+27.77400E-06 -57.88944662E-03 +0.0E+00
+27.79900E-06 -28.94472331E-03 +0.0E+00
+27.82400E-06 -28.94472331E-03 +2.81407032E-03
+27.84900E-06 -57.88944662E-03 +0.0E+00
+27.87400E-06 +0.0E+00 +0.0E+00
+27.89900E-06 +0.0E+00 -2.81407032E-03
+27.92400E-06 -28.94472330E-03 +0.0E+00
+27.94900E-06 -57.88944662E-03 +0.0E+00
+27.97400E-06 -28.94472331E-03 +0.0E+00
+27.99900E-06 -28.94472330E-03 +0.0E+00
+28.02400E-06 -28.94472330E-03 +0.0E+00
+28.04900E-06 -28.94472330E-03 -2.81407032E-03
+28.07400E-06 -28.94472330E-03 +0.0E+00
+28.09900E-06 -28.94472331E-03 -2.81407032E-03
+28.12400E-06 +0.0E+00 +0.0E+00
+28.14900E-06 -57.88944662E-03 -2.81407032E-03
+28.17400E-06 -57.88944662E-03 +0.0E+00
+28.19900E-06 -28.94472331E-03 +0.0E+00
+28.22400E-06 +0.0E+00 +0.0E+00
+28.24900E-06 -28.94472331E-03 +0.0E+00
+28.27400E-06 -28.94472330E-03 +0.0E+00
+28.29900E-06 -28.94472330E-03 -5.62814064E-03
+28.32400E-06 -28.94472331E-03 -2.81407032E-03
+28.34900E-06 +0.0E+00 +0.0E+00
+28.37400E-06 -28.94472330E-03 +0.0E+00
+28.39900E-06 -28.94472330E-03 +0.0E+00
+28.42400E-06 +0.0E+00 +0.0E+00
+28.44900E-06 -28.94472331E-03 +0.0E+00
+28.47400E-06 -28.94472331E-03 +2.81407032E-03
+28.49900E-06 -28.94472330E-03 -2.81407032E-03
+28.52400E-06 +0.0E+00 -2.81407032E-03
+28.54900E-06 -57.88944662E-03 +0.0E+00
+28.57400E-06 -28.94472331E-03 +0.0E+00
+28.59900E-06 +0.0E+00 +0.0E+00
+28.62400E-06 -28.94472331E-03 +0.0E+00
+28.64900E-06 -57.88944662E-03 -2.81407032E-03
+28.67400E-06 -57.88944662E-03 +0.0E+00
+28.69900E-06 +0.0E+00 -0.0E+00
+28.72400E-06 -28.94472330E-03 +0.0E+00
+28.74900E-06 -28.94472330E-03 +0.0E+00
+28.77400E-06 -57.88944662E-03 +2.81407032E-03
+28.79900E-06 -86.83416992E-03 +2.81407032E-03
+28.82400E-06 -28.94472331E-03 +0.0E+00
+28.84900E-06 -57.88944662E-03 +0.0E+00
+28.87400E-06 -57.88944662E-03 -2.81407032E-03
+28.89900E-06 -28.94472330E-03 +0.0E+00
+28.92400E-06 +0.0E+00 +0.0E+00
+28.94900E-06 -57.88944662E-03 +2.81407032E-03
+28.97400E-06 -57.88944663E-03 +0.0E+00
+28.99900E-06 +0.0E+00 +0.0E+00
+29.02400E-06 -57.88944662E-03 +0.0E+00
+29.04900E-06 -57.88944662E-03 +2.81407032E-03
+29.07400E-06 -28.94472330E-03 +2.81407032E-03
+29.09900E-06 -28.94472330E-03 +0.0E+00
+29.12400E-06 -28.94472330E-03 -2.81407032E-03
+29.14900E-06 -57.88944662E-03 +0.0E+00
+29.17400E-06 -57.88944662E-03 +0.0E+00
+29.19900E-06 -28.94472330E-03 +0.0E+00
+29.22400E-06 -57.88944662E-03 -2.81407032E-03
+29.24900E-06 -57.88944662E-03 -5.62814064E-03
+29.27400E-06 -57.88944662E-03 +0.0E+00
+29.29900E-06 -28.94472330E-03 +0.0E+00
+29.32400E-06 -28.94472331E-03 -2.81407032E-03
+29.34900E-06 -28.94472331E-03 +0.0E+00
+29.37400E-06 -57.88944662E-03 -2.81407032E-03
+29.39900E-06 -28.94472330E-03 -2.81407032E-03
+29.42400E-06 +0.0E+00 -2.81407032E-03
+29.44900E-06 +0.0E+00 +2.81407032E-03
+29.47400E-06 -28.94472330E-03 -2.81407032E-03
+29.49900E-06 -28.94472331E-03 -2.81407032E-03
+29.52400E-06 -28.94472331E-03 -2.81407032E-03
+29.54900E-06 -28.94472330E-03 +0.0E+00
+29.57400E-06 -57.88944662E-03 +0.0E+00
+29.59900E-06 -57.88944662E-03 +0.0E+00
+29.62400E-06 -57.88944662E-03 +2.81407032E-03
+29.64900E-06 -57.88944662E-03 +0.0E+00
+29.67400E-06 -28.94472330E-03 +2.81407032E-03
+29.69900E-06 -28.94472330E-03 +0.0E+00
+29.72400E-06 -28.94472332E-03 +0.0E+00
+29.74900E-06 -28.94472332E-03 +0.0E+00
+29.77400E-06 +0.0E+00 +0.0E+00
+29.79900E-06 +0.0E+00 +0.0E+00
+29.82400E-06 -28.94472332E-03 -2.81407032E-03
+29.84900E-06 +0.0E+00 +0.0E+00
+29.87400E-06 -57.88944662E-03 +2.81407032E-03
+29.89900E-06 -57.88944662E-03 +0.0E+00
+29.92400E-06 -28.94472332E-03 +0.0E+00
+29.94900E-06 -86.83416993E-03 +0.0E+00
+29.97400E-06 -57.88944662E-03 +0.0E+00
+29.99900E-06 -28.94472330E-03 +2.81407032E-03
+30.02400E-06 -57.88944662E-03 +0.0E+00
+30.04900E-06 -28.94472330E-03 +0.0E+00
+30.07400E-06 -57.88944662E-03 -2.81407032E-03
+30.09900E-06 +0.0E+00 -2.81407032E-03
+30.12400E-06 +0.0E+00 -2.81407032E-03
+30.14900E-06 -57.88944662E-03 +0.0E+00
+30.17400E-06 -86.83416993E-03 +0.0E+00
+30.19900E-06 -86.83416992E-03 +0.0E+00
+30.22400E-06 -57.88944662E-03 +0.0E+00
+30.24900E-06 -57.88944662E-03 -2.81407032E-03
+30.27400E-06 -86.83416992E-03 +0.0E+00
+30.29900E-06 -57.88944662E-03 -2.81407032E-03
+30.32400E-06 +0.0E+00 -2.81407032E-03
+30.34900E-06 -57.88944662E-03 +0.0E+00
+30.37400E-06 -28.94472330E-03 +2.81407032E-03
+30.39900E-06 -57.88944662E-03 -2.81407032E-03
+30.42400E-06 -28.94472330E-03 -2.81407032E-03
+30.44900E-06 -57.88944662E-03 +0.0E+00
+30.47400E-06 -57.88944662E-03 +2.81407032E-03
+30.49900E-06 -28.94472330E-03 -2.81407032E-03
+30.52400E-06 -28.94472332E-03 +0.0E+00
+30.54900E-06 -57.88944662E-03 +0.0E+00
+30.57400E-06 -28.94472332E-03 -2.81407032E-03
+30.59900E-06 -57.88944663E-03 +0.0E+00
+30.62400E-06 -28.94472332E-03 +0.0E+00
+30.64900E-06 -28.94472330E-03 -2.81407032E-03
+30.67400E-06 -28.94472332E-03 -2.81407032E-03
+30.69900E-06 -28.94472330E-03 +0.0E+00
+30.72400E-06 -57.88944662E-03 -2.81407032E-03
+30.74900E-06 -57.88944662E-03 +0.0E+00
+30.77400E-06 -57.88944662E-03 +0.0E+00
+30.79900E-06 -86.83416992E-03 +0.0E+00
+30.82400E-06 -57.88944662E-03 -2.81407032E-03
+30.84900E-06 -57.88944662E-03 +0.0E+00
+30.87400E-06 -57.88944662E-03 +0.0E+00
+30.89900E-06 -28.94472330E-03 +0.0E+00
+30.92400E-06 -28.94472332E-03 +2.81407032E-03
+30.94900E-06 +0.0E+00 +0.0E+00
+30.97400E-06 -28.94472330E-03 +0.0E+00
+30.99900E-06 -57.88944662E-03 +5.62814064E-03
+31.02400E-06 -28.94472330E-03 +0.0E+00
+31.04900E-06 -28.94472332E-03 +0.0E+00
+31.07400E-06 -57.88944662E-03 +0.0E+00
+31.09900E-06 +0.0E+00 -2.81407032E-03
+31.12400E-06 -57.88944662E-03 +0.0E+00
+31.14900E-06 -28.94472332E-03 -2.81407032E-03
+31.17400E-06 -28.94472330E-03 +0.0E+00
+31.19900E-06 -57.88944662E-03 +0.0E+00
+31.22400E-06 -57.88944662E-03 +0.0E+00
+31.24900E-06 -57.88944662E-03 +0.0E+00
+31.27400E-06 -28.94472330E-03 +0.0E+00
+31.29900E-06 -57.88944660E-03 +2.81407032E-03
+31.32400E-06 -28.94472332E-03 -2.81407032E-03
+31.34900E-06 +0.0E+00 +0.0E+00
+31.37400E-06 -57.88944662E-03 +0.0E+00
+31.39900E-06 -86.83416991E-03 +0.0E+00
+31.42400E-06 -28.94472332E-03 +0.0E+00
+31.44900E-06 -57.88944662E-03 +0.0E+00
+31.47400E-06 -28.94472330E-03 +0.0E+00
+31.49900E-06 -28.94472332E-03 -2.81407032E-03
+31.52400E-06 -57.88944662E-03 -2.81407032E-03
+31.54900E-06 -57.88944662E-03 +0.0E+00
+31.57400E-06 -28.94472332E-03 +0.0E+00
+31.59900E-06 -86.83416991E-03 +0.0E+00
+31.62400E-06 -28.94472332E-03 -0.0E+00
+31.64900E-06 -28.94472330E-03 +0.0E+00
+31.67400E-06 -57.88944662E-03 +0.0E+00
+31.69900E-06 -28.94472330E-03 -2.81407032E-03
+31.72400E-06 -28.94472332E-03 +0.0E+00
+31.74900E-06 -57.88944662E-03 +0.0E+00
+31.77400E-06 -57.88944662E-03 +0.0E+00
+31.79900E-06 -57.88944660E-03 +0.0E+00
+31.82400E-06 -86.83416993E-03 -2.81407032E-03
+31.84900E-06 -86.83416991E-03 +0.0E+00
+31.87400E-06 -57.88944662E-03 -2.81407032E-03
+31.89900E-06 -28.94472332E-03 +0.0E+00
+31.92400E-06 -57.88944662E-03 -2.81407032E-03
+31.94900E-06 -57.88944662E-03 +0.0E+00
+31.97400E-06 -57.88944662E-03 +0.0E+00
+31.99900E-06 -28.94472330E-03 +0.0E+00
+32.02400E-06 -57.88944662E-03 +0.0E+00
+32.04900E-06 -57.88944662E-03 -2.81407032E-03
+32.07400E-06 -28.94472330E-03 +2.81407032E-03
+32.09900E-06 -57.88944662E-03 +0.0E+00
+32.12400E-06 -28.94472330E-03 -2.81407032E-03
+32.14900E-06 -28.94472330E-03 +0.0E+00
+32.17400E-06 -57.88944662E-03 +0.0E+00
+32.19900E-06 -28.94472330E-03 +5.62814064E-03
+32.22400E-06 +0.0E+00 +2.81407032E-03
+32.24900E-06 -57.88944660E-03 -2.81407032E-03
+32.27400E-06 -57.88944662E-03 +0.0E+00
+32.29900E-06 -57.88944662E-03 -2.81407032E-03
+32.32400E-06 -28.94472330E-03 +2.81407032E-03
+32.34900E-06 -57.88944662E-03 +0.0E+00
+32.37400E-06 -57.88944662E-03 +0.0E+00
+32.39900E-06 -86.83416991E-03 +0.0E+00
+32.42400E-06 -28.94472332E-03 +0.0E+00
+32.44900E-06 -86.83416993E-03 +0.0E+00
+32.47400E-06 -57.88944662E-03 +0.0E+00
+32.49900E-06 -57.88944662E-03 -2.81407032E-03
+32.52400E-06 -28.94472332E-03 -2.81407032E-03
+32.54900E-06 -28.94472332E-03 -2.81407032E-03
+32.57400E-06 -28.94472330E-03 +2.81407032E-03
+32.59900E-06 -57.88944662E-03 -2.81407032E-03
+32.62400E-06 +0.0E+00 -0.0E+00
+32.64900E-06 -57.88944662E-03 +0.0E+00
+32.67400E-06 +0.0E+00 -2.81407032E-03
+32.69900E-06 +0.0E+00 -2.81407032E-03
+32.72400E-06 -57.88944662E-03 +0.0E+00
+32.74900E-06 -28.94472330E-03 +0.0E+00
+32.77400E-06 -57.88944662E-03 +0.0E+00
+32.79900E-06 -57.88944662E-03 +0.0E+00
+32.82400E-06 -57.88944662E-03 +0.0E+00
+32.84900E-06 -57.88944662E-03 -2.81407032E-03
+32.87400E-06 -28.94472332E-03 -2.81407032E-03
+32.89900E-06 +0.0E+00 -5.62814064E-03
+32.92400E-06 -57.88944662E-03 -2.81407032E-03
+32.94900E-06 -28.94472332E-03 +0.0E+00
+32.97400E-06 -28.94472330E-03 +2.81407032E-03
+32.99900E-06 -28.94472330E-03 +5.62814064E-03
+33.02400E-06 -28.94472332E-03 -2.81407032E-03
+33.04900E-06 +0.0E+00 +0.0E+00
+33.07400E-06 +0.0E+00 +2.81407032E-03
+33.09900E-06 -28.94472330E-03 -2.81407032E-03
+33.12400E-06 +0.0E+00 -2.81407032E-03
+33.14900E-06 -57.88944662E-03 +0.0E+00
+33.17400E-06 -57.88944662E-03 +0.0E+00
+33.19900E-06 -57.88944662E-03 -2.81407032E-03
+33.22400E-06 -57.88944662E-03 +0.0E+00
+33.24900E-06 -57.88944662E-03 +0.0E+00
+33.27400E-06 -28.94472330E-03 +2.81407032E-03
+33.29900E-06 -57.88944662E-03 -2.81407032E-03
+33.32400E-06 -28.94472332E-03 -2.81407032E-03
+33.34900E-06 -57.88944662E-03 +0.0E+00
+33.37400E-06 -57.88944662E-03 +0.0E+00
+33.39900E-06 -28.94472330E-03 +2.81407032E-03
+33.42400E-06 -28.94472332E-03 +0.0E+00
+33.44900E-06 -28.94472332E-03 +0.0E+00
+33.47400E-06 -28.94472332E-03 +0.0E+00
+33.49900E-06 -28.94472332E-03 -2.81407032E-03
+33.52400E-06 -28.94472332E-03 -2.81407032E-03
+33.54900E-06 -57.88944662E-03 +0.0E+00
+33.57400E-06 -57.88944662E-03 +0.0E+00
+33.59900E-06 -86.83416991E-03 -2.81407032E-03
+33.62400E-06 -57.88944662E-03 +0.0E+00
+33.64900E-06 -57.88944662E-03 -2.81407032E-03
+33.67400E-06 -57.88944662E-03 +0.0E+00
+33.69900E-06 -28.94472330E-03 +2.81407032E-03
+33.72400E-06 -57.88944662E-03 -2.81407032E-03
+33.74900E-06 +0.0E+00 +0.0E+00
+33.77400E-06 -86.83416994E-03 +0.0E+00
+33.79900E-06 -28.94472332E-03 +0.0E+00
+33.82400E-06 -57.88944662E-03 +0.0E+00
+33.84900E-06 -57.88944662E-03 +0.0E+00
+33.87400E-06 -57.88944662E-03 +0.0E+00
+33.89900E-06 -28.94472332E-03 -5.62814065E-03
+33.92400E-06 -28.94472332E-03 -2.81407032E-03
+33.94900E-06 -57.88944662E-03 +0.0E+00
+33.97400E-06 -28.94472332E-03 -2.81407032E-03
+33.99900E-06 -28.94472330E-03 -2.81407032E-03
+34.02400E-06 -57.88944662E-03 +0.0E+00
+34.04900E-06 -57.88944662E-03 -2.81407032E-03
+34.07400E-06 -57.88944662E-03 +0.0E+00
+34.09900E-06 -28.94472329E-03 -2.81407032E-03
+34.12400E-06 -28.94472332E-03 -5.62814064E-03
+34.14900E-06 -57.88944662E-03 +0.0E+00
+34.17400E-06 +0.0E+00 -2.81407032E-03
+34.19900E-06 -86.83416991E-03 +2.81407032E-03
+34.22400E-06 +0.0E+00 -2.81407032E-03
+34.24900E-06 -28.94472329E-03 +0.0E+00
+34.27400E-06 -57.88944662E-03 +0.0E+00
+34.29900E-06 -28.94472329E-03 -2.81407032E-03
+34.32400E-06 -28.94472332E-03 -2.81407032E-03
+34.34900E-06 -28.94472332E-03 +0.0E+00
+34.37400E-06 -57.88944664E-03 +0.0E+00
+34.39900E-06 -86.83416991E-03 +0.0E+00
+34.42400E-06 -57.88944662E-03 +0.0E+00
+34.44900E-06 -57.88944662E-03 +0.0E+00
+34.47400E-06 -28.94472329E-03 +0.0E+00
+34.49900E-06 -57.88944662E-03 -5.62814064E-03
+34.52400E-06 -57.88944662E-03 -2.81407032E-03
+34.54900E-06 -57.88944662E-03 -2.81407032E-03
+34.57400E-06 -57.88944662E-03 +0.0E+00
+34.59900E-06 -86.83416991E-03 +2.81407032E-03
+34.62400E-06 -57.88944662E-03 -2.81407032E-03
+34.64900E-06 -28.94472332E-03 +0.0E+00
+34.67400E-06 -57.88944662E-03 +0.0E+00
+34.69900E-06 -28.94472332E-03 -2.81407032E-03
+34.72400E-06 +0.0E+00 -5.62814064E-03
+34.74900E-06 -57.88944662E-03 +0.0E+00
+34.77400E-06 -57.88944662E-03 +0.0E+00
+34.79900E-06 +0.0E+00 -2.81407032E-03
+34.82400E-06 -28.94472329E-03 +0.0E+00
+34.84900E-06 +0.0E+00 +0.0E+00
+34.87400E-06 -28.94472329E-03 -2.81407032E-03
+34.89900E-06 -28.94472329E-03 -2.81407032E-03
+34.92400E-06 -28.94472329E-03 -2.81407032E-03
+34.94900E-06 -57.88944662E-03 +0.0E+00
+34.97400E-06 -57.88944662E-03 +0.0E+00
+34.99900E-06 -57.88944662E-03 +0.0E+00
+35.02400E-06 -28.94472329E-03 +0.0E+00
+35.04900E-06 -57.88944662E-03 +0.0E+00
+35.07400E-06 -28.94472329E-03 -2.81407032E-03
+35.09900E-06 -28.94472329E-03 -8.44221097E-03
+35.12400E-06 -28.94472332E-03 -2.81407032E-03
+35.14900E-06 -57.88944662E-03 +0.0E+00
+35.17400E-06 -28.94472332E-03 +0.0E+00
+35.19900E-06 -57.88944659E-03 +2.81407032E-03
+35.22400E-06 -57.88944662E-03 +0.0E+00
+35.24900E-06 -28.94472329E-03 +0.0E+00
+35.27400E-06 -57.88944662E-03 +0.0E+00
+35.29900E-06 -57.88944662E-03 -2.81407032E-03
+35.32400E-06 +0.0E+00 -2.81407032E-03
+35.34900E-06 -28.94472329E-03 +0.0E+00
+35.37400E-06 -57.88944662E-03 +0.0E+00
+35.39900E-06 -57.88944662E-03 +0.0E+00
+35.42400E-06 -28.94472332E-03 +0.0E+00
+35.44900E-06 -28.94472332E-03 -2.81407032E-03
+35.47400E-06 -57.88944662E-03 +2.81407032E-03
+35.49900E-06 -57.88944662E-03 -2.81407032E-03
+35.52400E-06 -57.88944662E-03 +0.0E+00
+35.54900E-06 -57.88944662E-03 +0.0E+00
+35.57400E-06 -57.88944662E-03 +0.0E+00
+35.59900E-06 -57.88944662E-03 +0.0E+00
+35.62400E-06 -57.88944662E-03 +0.0E+00
+35.64900E-06 -28.94472329E-03 -2.81407032E-03
+35.67400E-06 -28.94472329E-03 +0.0E+00
+35.69900E-06 -86.83416991E-03 -5.62814064E-03
+35.72400E-06 -28.94472332E-03 -2.81407032E-03
+35.74900E-06 -57.88944662E-03 +0.0E+00
+35.77400E-06 -57.88944662E-03 +0.0E+00
+35.79900E-06 -57.88944659E-03 -2.81407032E-03
+35.82400E-06 -28.94472329E-03 -5.62814064E-03
+35.84900E-06 -57.88944662E-03 +0.0E+00
+35.87400E-06 -28.94472332E-03 +0.0E+00
+35.89900E-06 -28.94472332E-03 -2.81407032E-03
+35.92400E-06 -28.94472332E-03 +0.0E+00
+35.94900E-06 -57.88944662E-03 -2.81407032E-03
+35.97400E-06 -57.88944662E-03 -5.62814064E-03
+35.99900E-06 +0.0E+00 +0.0E+00
+36.02400E-06 -57.88944662E-03 +0.0E+00
+36.04900E-06 -86.83416994E-03 +0.0E+00
+36.07400E-06 -28.94472329E-03 +2.81407032E-03
+36.09900E-06 -28.94472332E-03 -5.62814065E-03
+36.12400E-06 -57.88944662E-03 +0.0E+00
+36.14900E-06 -28.94472332E-03 +2.81407032E-03
+36.17400E-06 -57.88944662E-03 +0.0E+00
+36.19900E-06 -57.88944658E-03 +2.81407032E-03
+36.22400E-06 -57.88944662E-03 -2.81407032E-03
+36.24900E-06 -86.83416994E-03 +0.0E+00
+36.27400E-06 +0.0E+00 -2.81407032E-03
+36.29900E-06 -28.94472329E-03 -2.81407032E-03
+36.32400E-06 -57.88944662E-03 -2.81407032E-03
+36.34900E-06 -86.83416991E-03 +0.0E+00
+36.37400E-06 -28.94472329E-03 +0.0E+00
+36.39900E-06 -86.83416991E-03 +0.0E+00
+36.42400E-06 -28.94472332E-03 +0.0E+00
+36.44900E-06 -86.83416994E-03 +2.81407032E-03
+36.47400E-06 -57.88944662E-03 +2.81407032E-03
+36.49900E-06 +0.0E+00 +0.0E+00
+36.52400E-06 -28.94472329E-03 -5.62814064E-03
+36.54900E-06 -28.94472329E-03 -5.62814064E-03
+36.57400E-06 -28.94472329E-03 +0.0E+00
+36.59900E-06 -28.94472329E-03 +2.81407032E-03
+36.62400E-06 -57.88944662E-03 -5.62814064E-03
+36.64900E-06 -57.88944662E-03 -2.81407032E-03
+36.67400E-06 -57.88944662E-03 +2.81407032E-03
+36.69900E-06 -57.88944662E-03 -2.81407032E-03
+36.72400E-06 -28.94472329E-03 -2.81407032E-03
+36.74900E-06 -57.88944662E-03 +0.0E+00
+36.77400E-06 -57.88944662E-03 +0.0E+00
+36.79900E-06 -28.94472333E-03 +0.0E+00
+36.82400E-06 -28.94472333E-03 +0.0E+00
+36.84900E-06 -57.88944662E-03 -2.81407032E-03
+36.87400E-06 -57.88944662E-03 -2.81407032E-03
+36.89900E-06 -57.88944662E-03 -2.81407032E-03
+36.92400E-06 -28.94472333E-03 -2.81407032E-03
+36.94900E-06 -28.94472333E-03 +0.0E+00
+36.97400E-06 -57.88944662E-03 +0.0E+00
+36.99900E-06 -57.88944662E-03 +0.0E+00
+37.02400E-06 -28.94472333E-03 -0.0E+00
+37.04900E-06 -57.88944662E-03 -2.81407032E-03
+37.07400E-06 +0.0E+00 +0.0E+00
+37.09900E-06 +0.0E+00 -2.81407032E-03
+37.12400E-06 +0.0E+00 -2.81407032E-03
+37.14900E-06 -28.94472333E-03 -2.81407032E-03
+37.17400E-06 -57.88944662E-03 +0.0E+00
+37.19900E-06 -86.83416991E-03 +0.0E+00
+37.22400E-06 -28.94472333E-03 +0.0E+00
+37.24900E-06 -86.83416994E-03 +0.0E+00
+37.27400E-06 -57.88944662E-03 +2.81407032E-03
+37.29900E-06 -57.88944662E-03 -2.81407032E-03
+37.32400E-06 -28.94472329E-03 +0.0E+00
+37.34900E-06 -28.94472333E-03 +0.0E+00
+37.37400E-06 +0.0E+00 +0.0E+00
+37.39900E-06 -28.94472329E-03 +0.0E+00
+37.42400E-06 -28.94472333E-03 +0.0E+00
+37.44900E-06 -28.94472329E-03 -2.81407032E-03
+37.47400E-06 -57.88944662E-03 +0.0E+00
+37.49900E-06 -28.94472329E-03 -2.81407032E-03
+37.52400E-06 -57.88944662E-03 -2.81407032E-03
+37.54900E-06 -86.83416991E-03 +0.0E+00
+37.57400E-06 -115.77889323E-03 +2.81407032E-03
+37.59900E-06 -28.94472329E-03 +0.0E+00
+37.62400E-06 -57.88944662E-03 +2.81407032E-03
+37.64900E-06 -28.94472329E-03 +0.0E+00
+37.67400E-06 +0.0E+00 +0.0E+00
+37.69900E-06 +0.0E+00 -5.62814064E-03
+37.72400E-06 +0.0E+00 -5.62814064E-03
+37.74900E-06 -57.88944662E-03 -2.81407032E-03
+37.77400E-06 -86.83416994E-03 -5.62814064E-03
+37.79900E-06 -86.83416991E-03 +0.0E+00
+37.82400E-06 -57.88944662E-03 +0.0E+00
+37.84900E-06 -57.88944662E-03 -5.62814064E-03
+37.87400E-06 -57.88944662E-03 +0.0E+00
+37.89900E-06 -28.94472329E-03 -2.81407032E-03
+37.92400E-06 -28.94472333E-03 -2.81407032E-03
+37.94900E-06 -28.94472329E-03 +2.81407032E-03
+37.97400E-06 +0.0E+00 -2.81407032E-03
+37.99900E-06 +40E-12 +0.0E+00
+38.02400E-06 +0.0E+00 +0.0E+00
+38.04900E-06 -57.88944662E-03 +0.0E+00
+38.07400E-06 -115.77889323E-03 +0.0E+00
+38.09900E-06 -86.83416991E-03 -2.81407032E-03
+38.12400E-06 -86.83416994E-03 +0.0E+00
+38.14900E-06 -115.77889323E-03 +2.81407032E-03
+38.17400E-06 -57.88944662E-03 +2.81407032E-03
+38.19900E-06 -57.88944662E-03 +2.81407032E-03
+38.22400E-06 -28.94472333E-03 -2.81407032E-03
+38.24900E-06 +0.0E+00 -2.81407032E-03
+38.27400E-06 +0.0E+00 -2.81407032E-03
+38.29900E-06 -28.94472329E-03 -2.81407032E-03
+38.32400E-06 -28.94472329E-03 -5.62814064E-03
+38.34900E-06 -57.88944662E-03 -2.81407032E-03
+38.37400E-06 -115.77889323E-03 +0.0E+00
+38.39900E-06 -144.72361652E-03 +2.81407032E-03
+38.42400E-06 -115.77889323E-03 +2.81407032E-03
+38.44900E-06 -115.77889323E-03 +2.81407032E-03
+38.47400E-06 +0.0E+00 +0.0E+00
+38.49900E-06 +0.0E+00 +2.81407032E-03
+38.52400E-06 +28.94472329E-03 -2.81407032E-03
+38.54900E-06 +28.94472333E-03 +0.0E+00
+38.57400E-06 +0.0E+00 +0.0E+00
+38.59900E-06 +28.94472333E-03 -2.81407032E-03
+38.62400E-06 -86.83416990E-03 -2.81407032E-03
+38.64900E-06 -144.72361656E-03 +0.0E+00
+38.67400E-06 -115.77889323E-03 +0.0E+00
+38.69900E-06 -144.72361656E-03 +2.81407032E-03
+38.72400E-06 -86.83416994E-03 +0.0E+00
+38.74900E-06 -57.88944662E-03 +5.62814064E-03
+38.77400E-06 -28.94472333E-03 +0.0E+00
+38.79900E-06 +28.94472333E-03 +0.0E+00
+38.82400E-06 +57.88944662E-03 -5.62814064E-03
+38.84900E-06 +57.88944662E-03 -2.81407032E-03
+38.87400E-06 +28.94472333E-03 -5.62814064E-03
+38.89900E-06 -28.94472329E-03 -5.62814064E-03
+38.92400E-06 -115.77889319E-03 -5.62814064E-03
+38.94900E-06 -115.77889323E-03 +0.0E+00
+38.97400E-06 -173.66833985E-03 +2.81407032E-03
+38.99900E-06 -115.77889323E-03 +5.62814064E-03
+39.02400E-06 -86.83416994E-03 +2.81407032E-03
+39.04900E-06 -28.94472329E-03 +0.0E+00
+39.07400E-06 +28.94472329E-03 +0.0E+00
+39.09900E-06 +57.88944662E-03 -2.81407032E-03
+39.12400E-06 +86.83416994E-03 -5.62814064E-03
+39.14900E-06 +0.0E+00 -5.62814064E-03
+39.17400E-06 -28.94472329E-03 +0.0E+00
+39.19900E-06 -57.88944658E-03 +0.0E+00
+39.22400E-06 -144.72361652E-03 -2.81407032E-03
+39.24900E-06 -173.66833985E-03 +2.81407032E-03
+39.27400E-06 -144.72361656E-03 +5.62814064E-03
+39.29900E-06 -115.77889327E-03 +5.62814064E-03
+39.32400E-06 -28.94472333E-03 +2.81407032E-03
+39.34900E-06 +0.0E+00 +2.81407032E-03
+39.37400E-06 +57.88944662E-03 +2.81407032E-03
+39.39900E-06 +57.88944662E-03 -5.62814064E-03
+39.42400E-06 +115.77889323E-03 -5.62814064E-03
+39.44900E-06 +0.0E+00 -5.62814064E-03
+39.47400E-06 -57.88944662E-03 -5.62814064E-03
+39.49900E-06 -144.72361652E-03 -8.44221097E-03
+39.52400E-06 -202.61306318E-03 -2.81407032E-03
+39.54900E-06 -173.66833985E-03 +5.62814064E-03
+39.57400E-06 -144.72361656E-03 +5.62814064E-03
+39.59900E-06 -57.88944662E-03 +2.81407032E-03
+39.62400E-06 -28.94472333E-03 +5.62814064E-03
+39.64900E-06 +57.88944662E-03 +0.0E+00
+39.67400E-06 +115.77889323E-03 -2.81407032E-03
+39.69900E-06 +86.83416995E-03 -8.44221097E-03
+39.72400E-06 +57.88944662E-03 -8.44221096E-03
+39.74900E-06 +0.0E+00 -8.44221097E-03
+39.77400E-06 -115.77889323E-03 -5.62814064E-03
+39.79900E-06 -231.55778646E-03 -2.81407032E-03
+39.82400E-06 -202.61306318E-03 +2.81407032E-03
+39.84900E-06 -260.50250979E-03 +5.62814064E-03
+39.87400E-06 -144.72361656E-03 +8.44221097E-03
+39.89900E-06 -28.94472333E-03 +5.62814064E-03
+39.92400E-06 +28.94472329E-03 +2.81407032E-03
+39.94900E-06 +173.66833985E-03 +0.0E+00
+39.97400E-06 +173.66833985E-03 -5.62814064E-03
+39.99900E-06 +144.72361656E-03 -8.44221096E-03
+40.02400E-06 +28.94472333E-03 -8.44221097E-03
+40.04900E-06 -86.83416990E-03 -5.62814064E-03
+40.07400E-06 -202.61306314E-03 -2.81407032E-03
+40.09900E-06 -231.55778646E-03 +2.81407032E-03
+40.12400E-06 -289.44723308E-03 +2.81407032E-03
+40.14900E-06 -231.55778646E-03 +8.44221096E-03
+40.17400E-06 -86.83416995E-03 +11.25628129E-03
+40.19900E-06 +57.88944662E-03 +8.44221097E-03
+40.22400E-06 +202.61306313E-03 +0.0E+00
+40.24900E-06 +202.61306313E-03 -2.81407032E-03
+40.27400E-06 +231.55778646E-03 -8.44221096E-03
+40.29900E-06 +86.83416995E-03 -11.25628129E-03
+40.32400E-06 -28.94472329E-03 -11.25628129E-03
+40.34900E-06 -144.72361652E-03 -5.62814064E-03
+40.37400E-06 -289.44723308E-03 -0.0E+00
+40.39900E-06 -347.33667970E-03 +5.62814064E-03
+40.42400E-06 -289.44723313E-03 +11.25628129E-03
+40.44900E-06 -202.61306318E-03 +14.07035161E-03
+40.47400E-06 -28.94472333E-03 +8.44221097E-03
+40.49900E-06 +144.72361652E-03 +0.0E+00
+40.52400E-06 +260.50250975E-03 -5.62814064E-03
+40.54900E-06 +289.44723308E-03 -11.25628129E-03
+40.57400E-06 +144.72361656E-03 -14.07035161E-03
+40.59900E-06 +86.83416995E-03 -14.07035161E-03
+40.62400E-06 -86.83416990E-03 -11.25628129E-03
+40.64900E-06 -289.44723308E-03 -2.81407032E-03
+40.67400E-06 -318.39195637E-03 +2.81407032E-03
+40.69900E-06 -318.39195641E-03 +8.44221096E-03
+40.72400E-06 -231.55778646E-03 +14.07035161E-03
+40.74900E-06 -115.77889328E-03 +16.88442193E-03
+40.77400E-06 +57.88944657E-03 +8.44221097E-03
+40.79900E-06 +231.55778646E-03 +2.81407032E-03
+40.82400E-06 +289.44723308E-03 -5.62814064E-03
+40.84900E-06 +231.55778646E-03 -14.07035161E-03
+40.87400E-06 +173.66833989E-03 -16.88442193E-03
+40.89900E-06 -28.94472329E-03 -16.88442193E-03
+40.92400E-06 -231.55778642E-03 -11.25628129E-03
+40.94900E-06 -376.28140298E-03 +0.0E+00
+40.97400E-06 -405.22612631E-03 +11.25628129E-03
+40.99900E-06 -376.28140303E-03 +16.88442193E-03
+41.02400E-06 -202.61306318E-03 +16.88442193E-03
+41.04900E-06 -28.94472333E-03 +16.88442193E-03
+41.07400E-06 +202.61306313E-03 +5.62814065E-03
+41.09900E-06 +318.39195637E-03 -5.62814064E-03
+41.12400E-06 +347.33667970E-03 -14.07035161E-03
+41.14900E-06 +289.44723313E-03 -19.69849225E-03
+41.17400E-06 +28.94472333E-03 -19.69849225E-03
+41.19900E-06 -144.72361647E-03 -14.07035161E-03
+41.22400E-06 -347.33667965E-03 -2.81407032E-03
+41.24900E-06 -463.11557293E-03 +8.44221096E-03
+41.27400E-06 -463.11557293E-03 +19.69849225E-03
+41.29900E-06 -318.39195641E-03 +22.51256257E-03
+41.32400E-06 -86.83416995E-03 +16.88442193E-03
+41.34900E-06 +144.72361652E-03 +14.07035161E-03
+41.37400E-06 +376.28140298E-03 +0.0E+00
+41.39900E-06 +434.17084964E-03 -11.25628129E-03
+41.42400E-06 +376.28140303E-03 -19.69849225E-03
+41.44900E-06 +202.61306318E-03 -25.32663289E-03
+41.47400E-06 -57.88944657E-03 -19.69849225E-03
+41.49900E-06 -318.39195637E-03 -11.25628129E-03
+41.52400E-06 -549.94974283E-03 +2.81407032E-03
+41.54900E-06 -578.89446616E-03 +14.07035161E-03
+41.57400E-06 -463.11557298E-03 +22.51256257E-03
+41.59900E-06 -202.61306318E-03 +19.69849225E-03
+41.62400E-06 +57.88944657E-03 +19.69849225E-03
+41.64900E-06 +318.39195637E-03 +5.62814065E-03
+41.67400E-06 +463.11557288E-03 -8.44221096E-03
+41.69900E-06 +492.06029626E-03 -25.32663290E-03
+41.72400E-06 +347.33667975E-03 -28.14070322E-03
+41.74900E-06 +57.88944666E-03 -25.32663290E-03
+41.77400E-06 -231.55778642E-03 -14.07035161E-03
+41.79900E-06 -521.00501950E-03 -2.81407032E-03
+41.82400E-06 -636.78391278E-03 +14.07035161E-03
+41.84900E-06 -578.89446616E-03 +22.51256257E-03
+41.87400E-06 -376.28140303E-03 +28.14070322E-03
+41.89900E-06 -57.88944671E-03 +22.51256257E-03
+41.92400E-06 +260.50250970E-03 +11.25628129E-03
+41.94900E-06 +492.06029621E-03 -2.81407032E-03
+41.97400E-06 +578.89446616E-03 -19.69849225E-03
+41.99900E-06 +463.11557293E-03 -28.14070322E-03
+42.02400E-06 +231.55778651E-03 -30.95477354E-03
+42.04900E-06 -144.72361647E-03 -25.32663290E-03
+42.07400E-06 -463.11557288E-03 -11.25628129E-03
+42.09900E-06 -665.72863606E-03 +5.62814064E-03
+42.12400E-06 -723.61808273E-03 +22.51256257E-03
+42.14900E-06 -578.89446621E-03 +33.76884386E-03
+42.17400E-06 -260.50250985E-03 +33.76884386E-03
+42.19900E-06 +115.77889318E-03 +19.69849225E-03
+42.22400E-06 +492.06029616E-03 +8.44221097E-03
+42.24900E-06 +665.72863606E-03 -14.07035160E-03
+42.27400E-06 +636.78391283E-03 -30.95477354E-03
+42.29900E-06 +434.17084970E-03 -39.39698450E-03
+42.32400E-06 +57.88944667E-03 -33.76884386E-03
+42.34900E-06 -318.39195631E-03 -19.69849225E-03
+42.37400E-06 -723.61808268E-03 -0.0E+00
+42.39900E-06 -868.34169924E-03 +19.69849225E-03
+42.42400E-06 -752.56280606E-03 +33.76884386E-03
+42.44900E-06 -434.17084970E-03 +39.39698450E-03
+42.47400E-06 -28.94472338E-03 +33.76884386E-03
+42.49900E-06 +405.22612626E-03 +11.25628129E-03
+42.52400E-06 +752.56280596E-03 -8.44221096E-03
+42.54900E-06 +839.39697596E-03 -28.14070322E-03
+42.57400E-06 +665.72863616E-03 -39.39698450E-03
+42.59900E-06 +260.50250985E-03 -39.39698450E-03
+42.62400E-06 -202.61306308E-03 -30.95477354E-03
+42.64900E-06 -607.83918939E-03 -11.25628129E-03
+42.67400E-06 -868.34169919E-03 +11.25628128E-03
+42.69900E-06 -897.28642258E-03 +30.95477353E-03
+42.72400E-06 -665.72863616E-03 +45.02512515E-03
+42.74900E-06 -260.50250985E-03 +42.21105483E-03
+42.77400E-06 +289.44723298E-03 +25.32663290E-03
+42.79900E-06 +665.72863601E-03 +5.62814065E-03
+42.82400E-06 +926.23114586E-03 -22.51256257E-03
+42.84900E-06 +810.45225263E-03 -42.21105482E-03
+42.87400E-06 +521.00501965E-03 -50.65326579E-03
+42.89900E-06 +100E-12 -42.21105483E-03
+42.92400E-06 -492.06029616E-03 -25.32663290E-03
+42.94900E-06 -926.23114581E-03 +2.81407032E-03
+42.97400E-06 -1.07095476242E+00 +30.95477354E-03
+42.99900E-06 -926.23114591E-03 +47.83919547E-03
+43.02400E-06 -521.00501965E-03 +53.46733611E-03
+43.04900E-06 +28.94472318E-03 +33.76884386E-03
+43.07400E-06 +549.94974278E-03 +16.88442193E-03
+43.09900E-06 +926.23114581E-03 -14.07035161E-03
+43.12400E-06 +1.01306531581E+00 -39.39698450E-03
+43.14900E-06 +810.45225273E-03 -53.46733611E-03
+43.17400E-06 +318.39195652E-03 -50.65326579E-03
+43.19900E-06 -318.39195626E-03 -36.58291418E-03
+43.22400E-06 -839.39697586E-03 -11.25628130E-03
+43.24900E-06 -1.15778893232E+00 +25.32663289E-03
+43.27400E-06 -1.15778893238E+00 +45.02512514E-03
+43.29900E-06 -781.50752940E-03 +59.09547675E-03
+43.32400E-06 -202.61306329E-03 +50.65326579E-03
+43.34900E-06 +405.22612621E-03 +33.76884386E-03
+43.37400E-06 +955.17586909E-03 +10E-12
+43.39900E-06 +1.18673365561E+00 -30.95477353E-03
+43.42400E-06 +1.04201003914E+00 -59.09547675E-03
+43.44900E-06 +578.89446627E-03 -64.72361740E-03
+43.47400E-06 -57.88944651E-03 -50.65326579E-03
+43.49900E-06 -694.67335929E-03 -28.14070323E-03
+43.52400E-06 -1.21567837889E+00 +8.44221096E-03
+43.54900E-06 -1.36040199545E+00 +42.21105482E-03
+43.57400E-06 -1.09989948581E+00 +61.90954707E-03
+43.59900E-06 -549.94974299E-03 +64.72361740E-03
+43.62400E-06 +173.66833974E-03 +50.65326579E-03
+43.64900E-06 +868.34169914E-03 +16.88442193E-03
+43.67400E-06 +1.27356782550E+00 -22.51256256E-03
+43.69900E-06 +1.36040199551E+00 -53.46733611E-03
+43.72400E-06 +955.17586930E-03 -73.16582836E-03
+43.74900E-06 +289.44723324E-03 -67.53768772E-03
+43.77400E-06 -492.06029610E-03 -42.21105483E-03
+43.79900E-06 -1.15778893222E+00 -8.44221097E-03
+43.82400E-06 -1.47618088869E+00 +30.95477353E-03
+43.84900E-06 -1.41829144218E+00 +64.72361739E-03
+43.87400E-06 -897.28642269E-03 +75.97989869E-03
+43.89900E-06 -173.66834001E-03 +64.72361740E-03
+43.92400E-06 +665.72863595E-03 +39.39698451E-03
+43.94900E-06 +1.27356782550E+00 -2.81407031E-03
+43.97400E-06 +1.50512561197E+00 -42.21105482E-03
+43.99900E-06 +1.30251254895E+00 -73.16582836E-03
+44.02400E-06 +694.67335956E-03 -84.42210965E-03
+44.04900E-06 -173.66833969E-03 -64.72361740E-03
+44.07400E-06 -984.12059231E-03 -28.14070323E-03
+44.09900E-06 -1.53407033525E+00 +16.88442192E-03
+44.12400E-06 -1.64984922859E+00 +59.09547675E-03
+44.14900E-06 -1.27356782567E+00 +84.42210965E-03
+44.17400E-06 -549.94974305E-03 +87.23617997E-03
+44.19900E-06 +347.33667953E-03 +61.90954708E-03
+44.22400E-06 +1.12884420888E+00 +16.88442194E-03
+44.24900E-06 +1.59195978192E+00 -33.76884385E-03
+44.27400E-06 +1.62090450531E+00 -73.16582835E-03
+44.29900E-06 +1.09989948587E+00 -92.86432062E-03
+44.32400E-06 +260.50250997E-03 -81.60803933E-03
+44.34900E-06 -694.67335923E-03 -53.46733612E-03
+44.37400E-06 -1.50512561191E+00 -2.81407033E-03
+44.39900E-06 -1.88140701500E+00 +47.83919546E-03
+44.42400E-06 -1.70773867526E+00 +87.23617996E-03
+44.44900E-06 -1.01306531598E+00 +92.86432062E-03
+44.47400E-06 -86.83417012E-03 +78.79396901E-03
+44.49900E-06 +926.23114569E-03 +39.39698451E-03
+44.52400E-06 +1.64984922848E+00 -14.07035159E-03
+44.54900E-06 +1.88140701505E+00 -59.09547675E-03
+44.57400E-06 +1.53407033547E+00 -95.67839093E-03
+44.59900E-06 +694.67335962E-03 -104.12060190E-03
+44.62400E-06 -289.44723286E-03 -75.97989869E-03
+44.64900E-06 -1.33145727200E+00 -33.76884387E-03
+44.67400E-06 -1.93929646156E+00 +28.14070321E-03
+44.69900E-06 -1.93929646173E+00 +73.16582835E-03
+44.72400E-06 -1.47618088885E+00 +104.12060190E-03
+44.74900E-06 -492.06029644E-03 +101.30653158E-03
+44.77400E-06 +578.89446594E-03 +67.53768772E-03
+44.79900E-06 +1.47618088857E+00 +11.25628130E-03
+44.82400E-06 +2.02613063151E+00 -45.02512513E-03
+44.84900E-06 +1.93929646173E+00 -92.86432061E-03
+44.87400E-06 +1.24462310245E+00 -115.37688318E-03
+44.89900E-06 +202.61306341E-03 -98.49246126E-03
+44.92400E-06 -984.12059225E-03 -59.09547676E-03
+44.94900E-06 -1.85246229155E+00 +2.81407031E-03
+44.97400E-06 -2.22874369469E+00 +61.90954706E-03
+44.99900E-06 -1.91035173845E+00 +104.12060189E-03
+45.02400E-06 -1.07095476260E+00 +123.81909415E-03
+45.04900E-06 +115.77889300E-03 +92.86432062E-03
+45.07400E-06 +1.27356782538E+00 +42.21105484E-03
+45.09900E-06 +2.08402007807E+00 -22.51256256E-03
+45.12400E-06 +2.19979897147E+00 -84.42210964E-03
+45.14900E-06 +1.76562812194E+00 -123.81909415E-03
+45.17400E-06 +723.61808296E-03 -121.00502383E-03
+45.19900E-06 -549.94974259E-03 -87.23617998E-03
+45.22400E-06 -1.67879395164E+00 -28.14070323E-03
+45.24900E-06 -2.31557786459E+00 +42.21105481E-03
+45.27400E-06 -2.34452258804E+00 +101.30653157E-03
+45.29900E-06 -1.67879395210E+00 +126.63316447E-03
+45.32400E-06 -521.00501984E-03 +118.19095351E-03
+45.34900E-06 +839.39697567E-03 +75.97989870E-03
+45.37400E-06 +1.93929646144E+00 +5.62814066E-03
+45.39900E-06 +2.46030148116E+00 -61.90954706E-03
+45.42400E-06 +2.17085424825E+00 -121.00502382E-03
+45.44900E-06 +1.33145727240E+00 -140.70351608E-03
+45.47400E-06 +28.94472363E-03 -121.00502384E-03
+45.49900E-06 -1.30251254860E+00 -67.53768774E-03
+45.52400E-06 -2.34452258781E+00 +11.25628128E-03
+45.54900E-06 -2.60502509773E+00 +87.23617996E-03
+45.57400E-06 -2.19979897159E+00 +135.07537543E-03
+45.59900E-06 -1.12884420934E+00 +140.70351609E-03
+45.62400E-06 +260.50250945E-03 +106.93467223E-03
+45.64900E-06 +1.62090450502E+00 +42.21105484E-03
+45.67400E-06 +2.48924620438E+00 -39.39698449E-03
+45.69900E-06 +2.60502509779E+00 -109.74874253E-03
+45.72400E-06 +1.99718590846E+00 -151.95979736E-03
+45.74900E-06 +723.61808303E-03 -143.51758641E-03
+45.77400E-06 -810.45225233E-03 -95.67839095E-03
+45.79900E-06 -2.08402007794E+00 -19.69849227E-03
+45.82400E-06 -2.77869343752E+00 +61.90954706E-03
+45.84900E-06 -2.66291454446E+00 +129.44723478E-03
+45.87400E-06 -1.76562812206E+00 +154.77386769E-03
+45.89900E-06 -405.22612667E-03 +137.88944577E-03
+45.92400E-06 +1.15778893202E+00 +78.79396902E-03
+45.94900E-06 +2.37346731108E+00 +20E-12
+45.97400E-06 +2.86552760747E+00 -87.23617996E-03
+45.99900E-06 +2.54713565129E+00 -149.14572704E-03
+46.02400E-06 +1.38934671909E+00 -166.03014898E-03
+46.04900E-06 -144.72361621E-03 -132.26130512E-03
+46.07400E-06 -1.70773867485E+00 -64.72361741E-03
+46.09900E-06 -2.74974871412E+00 +25.32663287E-03
+46.12400E-06 -2.98130650076E+00 +112.56281285E-03
+46.14900E-06 -2.40241203478E+00 +163.21607865E-03
+46.17400E-06 -1.12884420941E+00 +166.03014898E-03
+46.19900E-06 +492.06029590E-03 +123.81909417E-03
+46.22400E-06 +2.05507535460E+00 +39.39698452E-03
+46.24900E-06 +2.92341705403E+00 -56.28140641E-03
+46.27400E-06 +2.95236177755E+00 -137.88944574E-03
+46.29900E-06 +2.11296480176E+00 -177.28643026E-03
+46.32400E-06 +578.89446653E-03 -168.84421930E-03
+46.34900E-06 -1.09989948534E+00 -106.93467224E-03
+46.37400E-06 -2.57608037421E+00 -14.07035163E-03
+46.39900E-06 -3.24180901044E+00 +81.60803931E-03
+46.42400E-06 -2.98130650089E+00 +154.77386768E-03
+46.44900E-06 -1.85246229202E+00 +185.72864123E-03
+46.47400E-06 -173.66834022E-03 +157.58793802E-03
+46.49900E-06 +1.56301505827E+00 +87.23617999E-03
+46.52400E-06 +2.83658288401E+00 -16.88442191E-03
+46.54900E-06 +3.29969845712E+00 -109.74874252E-03
+46.57400E-06 +2.72080399114E+00 -177.28643025E-03
+46.59900E-06 +1.33145727254E+00 -191.35678187E-03
+46.62400E-06 -405.22612588E-03 -146.33165674E-03
+46.64900E-06 -2.17085424777E+00 -59.09547678E-03
+46.67400E-06 -3.21286428704E+00 +47.83919545E-03
+46.69900E-06 -3.38653262714E+00 +137.88944574E-03
+46.72400E-06 -2.57608037470E+00 +191.35678186E-03
+46.74900E-06 -1.04201003946E+00 +185.72864123E-03
+46.77400E-06 +868.34169881E-03 +129.44723481E-03
+46.79900E-06 +2.48924620425E+00 +30.95477357E-03
+46.82400E-06 +3.38653262695E+00 -78.79396898E-03
+46.84900E-06 +3.27075373397E+00 -168.84421929E-03
+46.87400E-06 +2.17085424845E+00 -205.42713348E-03
+46.89900E-06 +434.17085009E-03 -185.72864125E-03
+46.92400E-06 -1.50512561158E+00 -109.74874256E-03
+46.94900E-06 -2.98130650045E+00 -2.81407035E-03
+46.97400E-06 -3.64703513682E+00 +106.93467220E-03
+46.99900E-06 -3.21286428742E+00 +185.72864121E-03
+47.02400E-06 -1.85246229209E+00 +213.86934444E-03
+47.04900E-06 +28.94472284E-03 +171.65828963E-03
+47.07400E-06 +1.93929646123E+00 +84.42210967E-03
+47.09900E-06 +3.32864318021E+00 -33.76884383E-03
+47.12400E-06 +3.61809041354E+00 -143.51758638E-03
+47.14900E-06 +2.92341705440E+00 -208.24120379E-03
+47.17400E-06 +1.33145727261E+00 -216.68341477E-03
+47.19900E-06 -723.61808223E-03 -157.58793803E-03
+47.22400E-06 -2.57608037407E+00 -53.46733614E-03
+47.24900E-06 -3.67597985997E+00 +64.72361737E-03
+47.27400E-06 -3.67597986022E+00 +168.84421928E-03
+47.29900E-06 -2.66291454473E+00 +225.12562572E-03
+47.32400E-06 -868.34169969E-03 +208.24120381E-03
+47.34900E-06 +1.18673365515E+00 +137.88944578E-03
+47.37400E-06 +2.98130650038E+00 +19.69849228E-03
+47.39900E-06 +3.79175875333E+00 -104.12060187E-03
+47.42400E-06 +3.50231152050E+00 -196.98492250E-03
+47.44900E-06 +2.19979897180E+00 -233.56783669E-03
+47.47400E-06 +202.61306364E-03 -199.79899285E-03
+47.49900E-06 -1.88140701455E+00 -109.74874257E-03
+47.52400E-06 -3.50231152005E+00 +14.07035158E-03
+47.54900E-06 -4.02331653986E+00 +140.70351606E-03
+47.57400E-06 -3.41547735061E+00 +222.31155539E-03
+47.59900E-06 -1.79457284555E+00 +236.38190702E-03
+47.62400E-06 +318.39195584E-03 +188.54271157E-03
+47.64900E-06 +2.37346731081E+00 +78.79396904E-03
+47.67400E-06 +3.76281402986E+00 -50.65326575E-03
+47.69900E-06 +3.96542709331E+00 -168.84421928E-03
+47.72400E-06 +3.01025122437E+00 -242.01004765E-03
+47.74900E-06 +1.18673365612E+00 -236.38190703E-03
+47.77400E-06 -1.04201003857E+00 -160.40200836E-03
+47.79900E-06 -3.03919594699E+00 -42.21105485E-03
+47.82400E-06 -4.08120598628E+00 +92.86432058E-03
+47.84900E-06 -3.93648237010E+00 +199.79899281E-03
+47.87400E-06 -2.74974871469E+00 +250.45225862E-03
+47.89900E-06 -665.72863664E-03 +227.93969606E-03
+47.92400E-06 +1.59195978139E+00 +132.26130514E-03
+47.94900E-06 +3.47336679664E+00 +8.44221100E-03
+47.97400E-06 +4.16804015630E+00 -129.44723476E-03
+47.99900E-06 +3.70492458370E+00 -227.93969604E-03
+48.02400E-06 +2.19979897187E+00 -258.89446959E-03
+48.04900E-06 -28.94472275E-03 -216.68341479E-03
+48.07400E-06 -2.28663314085E+00 -106.93467225E-03
+48.09900E-06 -3.87859292309E+00 +33.76884382E-03
+48.12400E-06 -4.31276377294E+00 +166.03014895E-03
+48.14900E-06 -3.47336679730E+00 +250.45225861E-03
+48.17400E-06 -1.67879395240E+00 +258.89446960E-03
+48.19900E-06 +636.78391218E-03 +196.98492254E-03
+48.22400E-06 +2.86552760707E+00 +67.53768775E-03
+48.24900E-06 +4.08120598627E+00 -75.97989865E-03
+48.27400E-06 +4.16804015650E+00 -202.61306313E-03
+48.29900E-06 +3.06814067106E+00 -270.15075087E-03
+48.32400E-06 +984.12059301E-03 -253.26632895E-03
+48.34900E-06 -1.38934671819E+00 -166.03014900E-03
+48.37400E-06 -3.41547734995E+00 -28.14070326E-03
+48.39900E-06 -4.45748738938E+00 +118.19095348E-03
+48.42400E-06 -4.13909543329E+00 +236.38190700E-03
+48.44900E-06 -2.63396982154E+00 +275.77889152E-03
+48.47400E-06 -405.22612692E-03 +242.01004768E-03
+48.49900E-06 +2.02613063103E+00 +132.26130515E-03
+48.52400E-06 +3.84964819961E+00 -16.88442189E-03
+48.54900E-06 +4.45748738945E+00 -154.77386766E-03
+48.57400E-06 +3.82070347694E+00 -258.89446958E-03
+48.59900E-06 +1.99718590876E+00 -278.59296184E-03
+48.62400E-06 -434.17084905E-03 -219.49748511E-03
+48.64900E-06 -2.69185926715E+00 -98.49246129E-03
+48.67400E-06 -4.25487432605E+00 +56.28140640E-03
+48.69900E-06 -4.54432155947E+00 +194.17085216E-03
+48.72400E-06 -3.53125624399E+00 +270.15075087E-03
+48.74900E-06 -1.53407033590E+00 +275.77889153E-03
+48.77400E-06 +984.12059186E-03 +194.17085222E-03
+48.79900E-06 +3.21286428676E+00 +53.46733615E-03
+48.82400E-06 +4.39959794269E+00 -104.12060186E-03
+48.84900E-06 +4.34170849642E+00 -230.75376635E-03
+48.87400E-06 +3.01025122452E+00 -287.03517280E-03
+48.89900E-06 +752.56280662E-03 -264.52261025E-03
+48.92400E-06 -1.79457284449E+00 -163.21607869E-03
+48.94900E-06 -3.79175875298E+00 -8.44221100E-03
+48.97400E-06 -4.66010045257E+00 +146.33165669E-03
+48.99900E-06 -4.16804015664E+00 +258.89446957E-03
+49.02400E-06 -2.48924620504E+00 +292.66331345E-03
+49.04900E-06 -28.94472389E-03 +244.82411800E-03
+49.07400E-06 +2.43135675733E+00 +123.81909419E-03
+49.09900E-06 +4.16804015609E+00 -33.76884382E-03
+49.12400E-06 +4.60221100602E+00 -185.72864119E-03
+49.14900E-06 +3.79175875374E+00 -281.40703215E-03
+49.17400E-06 +1.82351756900E+00 -292.66331346E-03
+49.19900E-06 -723.61808205E-03 -216.68341479E-03
+49.22400E-06 -3.09708539345E+00 -81.60803937E-03
+49.24900E-06 -4.51537683585E+00 +84.42210961E-03
+49.27400E-06 -4.60221100609E+00 +219.49748506E-03
+49.29900E-06 -3.38653262750E+00 +292.66331343E-03
+49.32400E-06 -1.21567837957E+00 +284.22110250E-03
+49.34900E-06 +1.33145727155E+00 +188.54271158E-03
+49.37400E-06 +3.56020096644E+00 +39.39698454E-03
+49.39900E-06 +4.66010045250E+00 -132.26130508E-03
+49.42400E-06 +4.37065321976E+00 -253.26632893E-03
+49.44900E-06 +2.80763816141E+00 -303.91959473E-03
+49.47400E-06 +405.22612694E-03 -267.33668057E-03
+49.49900E-06 -2.11296480090E+00 -154.77386773E-03
+49.52400E-06 -4.08120598613E+00 +8.44221092E-03
+49.54900E-06 -4.80482406914E+00 +168.84421926E-03
+49.57400E-06 -4.11015071010E+00 +278.59296182E-03
+49.59900E-06 -2.28663314186E+00 +306.73366506E-03
+49.62400E-06 +231.55778583E-03 +244.82411800E-03
+49.64900E-06 +2.72080399040E+00 +106.93467226E-03
+49.67400E-06 +4.37065321927E+00 -59.09547671E-03
+49.69900E-06 +4.71798989932E+00 -211.05527409E-03
+49.72400E-06 +3.64703513724E+00 -301.10552440E-03
+49.74900E-06 +1.59195978261E+00 -301.10552442E-03
+49.77400E-06 -1.07095476173E+00 -211.05527415E-03
+49.79900E-06 -3.41547734986E+00 -61.90954712E-03
+49.82400E-06 -4.74693462238E+00 +106.93467218E-03
+49.84900E-06 -4.60221100616E+00 +247.63818827E-03
+49.87400E-06 -3.21286428766E+00 +312.36180570E-03
+49.89900E-06 -897.28642322E-03 +284.22110250E-03
+49.92400E-06 +1.67879395123E+00 +177.28643030E-03
+49.94900E-06 +3.82070347624E+00 +19.69849230E-03
+49.97400E-06 +4.74693462245E+00 -149.14572701E-03
+49.99900E-06 +4.25487432661E+00 -272.96482117E-03
+50.02400E-06 +2.60502509830E+00 -315.17587602E-03
+50.04900E-06 +86.83417060E-03 -264.52261025E-03
+50.07400E-06 -2.48924620392E+00 -140.70351612E-03
+50.09900E-06 -4.28381904931E+00 +30.95477349E-03
+50.12400E-06 -4.80482406921E+00 +191.35678184E-03
+50.14900E-06 -3.99437181687E+00 +298.29145408E-03
+50.17400E-06 -1.99718590887E+00 +312.36180571E-03
+50.19900E-06 +549.94974217E-03 +233.56783673E-03
+50.22400E-06 +3.01025122354E+00 +92.86432066E-03
+50.24900E-06 +4.48643211257E+00 -81.60803928E-03
+50.27400E-06 +4.66010045278E+00 -230.75376634E-03
+50.29900E-06 +3.44442207413E+00 -312.36180570E-03
+50.32400E-06 +1.21567837959E+00 -301.10552442E-03
+50.34900E-06 -1.38934671814E+00 -202.61306319E-03
+50.37400E-06 -3.61809041311E+00 -39.39698455E-03
+50.39900E-06 -4.74693462238E+00 +129.44723475E-03
+50.42400E-06 -4.48643211301E+00 +267.33668052E-03
+50.44900E-06 -2.95236177800E+00 +317.98994634E-03
+50.47400E-06 -549.94974354E-03 +284.22110251E-03
+50.49900E-06 +1.99718590764E+00 +163.21607869E-03
+50.52400E-06 +3.99437181615E+00 -8.44221091E-03
+50.54900E-06 +4.68904517591E+00 -171.65828958E-03
+50.57400E-06 +4.08120598677E+00 -287.03517278E-03
+50.59900E-06 +2.25768841861E+00 -312.36180570E-03
+50.62400E-06 -260.50250908E-03 -256.08039929E-03
+50.64900E-06 -2.74974871372E+00 -118.19095355E-03
+50.67400E-06 -4.39959794254E+00 +56.28140638E-03
+50.69900E-06 -4.71798989925E+00 +211.05527408E-03
+50.72400E-06 -3.73386930715E+00 +303.91959473E-03
+50.74900E-06 -1.64984922918E+00 +309.54773539E-03
+50.77400E-06 +868.34169858E-03 +222.31155544E-03
+50.79900E-06 +3.21286428672E+00 +73.16582840E-03
+50.82400E-06 +4.51537683591E+00 -104.12060185E-03
+50.84900E-06 +4.42854266632E+00 -250.45225859E-03
+50.87400E-06 +3.15497484106E+00 -315.17587601E-03
+50.89900E-06 +897.28642325E-03 -292.66331347E-03
+50.92400E-06 -1.70773867448E+00 -185.72864126E-03
+50.94900E-06 -3.73386930634E+00 -19.69849230E-03
+50.97400E-06 -4.68904517584E+00 +149.14572701E-03
+50.99900E-06 -4.25487432662E+00 +275.77889150E-03
+51.02400E-06 -2.63396982159E+00 +317.98994635E-03
+51.04900E-06 -231.55778713E-03 +267.33668058E-03
+51.07400E-06 +2.25768841744E+00 +143.51758645E-03
+51.09900E-06 +4.05226126284E+00 -30.95477349E-03
+51.12400E-06 +4.54432155941E+00 -191.35678183E-03
+51.14900E-06 +3.76281403042E+00 -289.84924311E-03
+51.17400E-06 +1.88140701566E+00 -309.54773539E-03
+51.19900E-06 -549.94974215E-03 -236.38190705E-03
+51.22400E-06 -2.89447233021E+00 -92.86432066E-03
+51.24900E-06 -4.34170849599E+00 +78.79396896E-03
+51.27400E-06 -4.48643211287E+00 +227.93969602E-03
+51.29900E-06 -3.35758790419E+00 +306.73366505E-03
+51.32400E-06 -1.33145727285E+00 +289.84924315E-03
+51.34900E-06 +1.18673365492E+00 +202.61306319E-03
+51.37400E-06 +3.29969845667E+00 +45.02512519E-03
+51.39900E-06 +4.37065321941E+00 -118.19095346E-03
+51.42400E-06 +4.19698487994E+00 -256.08039924E-03
+51.44900E-06 +2.77869343810E+00 -309.54773538E-03
+51.47400E-06 +492.06029695E-03 -278.59296186E-03
+51.49900E-06 -1.91035173773E+00 -163.21607870E-03
+51.52400E-06 -3.76281402967E+00 +2.81407027E-03
+51.54900E-06 -4.51537683606E+00 +160.40200829E-03
+51.57400E-06 -3.93648237020E+00 +278.59296182E-03
+51.59900E-06 -2.28663314191E+00 +306.73366506E-03
+51.62400E-06 +86.83416928E-03 +250.45225865E-03
+51.64900E-06 +2.43135675727E+00 +118.19095355E-03
+51.67400E-06 +3.96542709294E+00 -50.65326574E-03
+51.69900E-06 +4.28381904967E+00 -202.61306313E-03
+51.72400E-06 +3.41547735081E+00 -298.29145408E-03
+51.74900E-06 +1.53407033598E+00 -295.47738378E-03
+51.77400E-06 -839.39697529E-03 -216.68341480E-03
+51.79900E-06 -2.98130650024E+00 -73.16582841E-03
+51.82400E-06 -4.22592960275E+00 +95.67839089E-03
+51.84900E-06 -4.13909543325E+00 +233.56783667E-03
+51.87400E-06 -2.98130650123E+00 +301.10552441E-03
+51.89900E-06 -926.23114647E-03 +278.59296185E-03
+51.92400E-06 +1.38934671810E+00 +177.28643030E-03
+51.94900E-06 +3.29969845674E+00 +25.32663294E-03
+51.97400E-06 +4.16804015629E+00 -140.70351604E-03
+51.99900E-06 +3.82070347698E+00 -256.08039924E-03
+52.02400E-06 +2.37346731180E+00 -298.29145409E-03
+52.04900E-06 +202.61306381E-03 -253.26632897E-03
+52.07400E-06 -2.05507535430E+00 -135.07537548E-03
+52.09900E-06 -3.67597985986E+00 +25.32663285E-03
+52.12400E-06 -4.22592960298E+00 +174.47235990E-03
+52.14900E-06 -3.56020096724E+00 +272.96482118E-03
+52.17400E-06 -1.85246229226E+00 +292.66331346E-03
+52.19900E-06 +376.28140242E-03 +225.12562576E-03
+52.22400E-06 +2.46030148068E+00 +90.05025034E-03
+52.24900E-06 +3.82070347643E+00 -70.35175799E-03
+52.27400E-06 +3.96542709332E+00 -211.05527409E-03
+52.29900E-06 +2.98130650116E+00 -281.40703215E-03
+52.32400E-06 +1.18673365622E+00 -278.59296185E-03
+52.34900E-06 -1.07095476174E+00 -191.35678190E-03
+52.37400E-06 -2.98130650038E+00 -45.02512519E-03
+52.39900E-06 -3.96542709309E+00 +109.74874250E-03
+52.42400E-06 -3.76281403029E+00 +233.56783667E-03
+52.44900E-06 -2.54713565158E+00 +287.03517280E-03
+52.47400E-06 -578.89446679E-03 +258.89446961E-03
+52.49900E-06 +1.56301505809E+00 +154.77386772E-03
+52.52400E-06 +3.21286428692E+00 +2.81407037E-03
+52.54900E-06 +3.82070347667E+00 -146.33165669E-03
+52.57400E-06 +3.38653262732E+00 -253.26632892E-03
+52.59900E-06 +1.93929646215E+00 -278.59296184E-03
+52.62400E-06 -115.77889260E-03 -227.93969608E-03
+52.64900E-06 -2.14190952433E+00 -109.74874259E-03
+52.67400E-06 -3.53125624335E+00 +39.39698446E-03
+52.69900E-06 -3.82070347675E+00 +182.91457087E-03
+52.72400E-06 -3.06814067097E+00 +261.70853990E-03
+52.74900E-06 -1.44723616596E+00 +267.33668056E-03
+52.77400E-06 +607.83918888E-03 +196.98492254E-03
+52.79900E-06 +2.43135675740E+00 +67.53768776E-03
+52.82400E-06 +3.56020096678E+00 -78.79396897E-03
+52.84900E-06 +3.53125624374E+00 -205.42713345E-03
+52.87400E-06 +2.54713565151E+00 -267.33668055E-03
+52.89900E-06 +752.56280657E-03 -256.08039929E-03
+52.92400E-06 -1.24462310165E+00 -166.03014901E-03
+52.94900E-06 -2.86552760714E+00 -22.51256261E-03
+52.97400E-06 -3.67597986009E+00 +121.00502379E-03
+52.99900E-06 -3.38653262725E+00 +227.93969603E-03
+53.02400E-06 -2.05507535531E+00 +261.70853991E-03
+53.04900E-06 -289.44723364E-03 +225.12562575E-03
+53.07400E-06 +1.59195978142E+00 +123.81909419E-03
+53.09900E-06 +3.09708539369E+00 -19.69849221E-03
+53.12400E-06 +3.47336679697E+00 -151.95979733E-03
+53.14900E-06 +2.95236177774E+00 -236.38190700E-03
+53.17400E-06 +1.50512561250E+00 -256.08039927E-03
+53.19900E-06 -347.33667913E-03 -196.98492254E-03
+53.22400E-06 -2.14190952432E+00 -84.42210969E-03
+53.24900E-06 -3.27075373361E+00 +56.28140639E-03
+53.27400E-06 -3.41547735043E+00 +182.91457088E-03
+53.29900E-06 -2.63396982140E+00 +247.63818829E-03
+53.32400E-06 -1.07095476292E+00 +239.19597735E-03
+53.34900E-06 +781.50752879E-03 +168.84421933E-03
+53.37400E-06 +2.40241203421E+00 +47.83919550E-03
+53.39900E-06 +3.21286428708E+00 -90.05025025E-03
+53.42400E-06 +3.15497484078E+00 -196.98492249E-03
+53.44900E-06 +2.11296480185E+00 -247.63818829E-03
+53.47400E-06 +434.17085015E-03 -219.49748510E-03
+53.49900E-06 -1.30251254842E+00 -132.26130515E-03
+53.52400E-06 -2.72080399063E+00 -8.44221100E-03
+53.54900E-06 -3.32864318039E+00 +121.00502379E-03
+53.57400E-06 -2.92341705432E+00 +211.05527410E-03
+53.59900E-06 -1.73668339889E+00 +239.19597734E-03
+53.62400E-06 -57.88944711E-03 +196.98492253E-03
+53.64900E-06 +1.62090450476E+00 +98.49246129E-03
+53.67400E-06 +2.80763816068E+00 -30.95477349E-03
+53.69900E-06 +3.12603011736E+00 -154.77386766E-03
+53.72400E-06 +2.48924620482E+00 -222.31155540E-03
+53.74900E-06 +1.15778893281E+00 -227.93969606E-03
+53.77400E-06 -521.00501906E-03 -168.84421932E-03
+53.79900E-06 -2.05507535450E+00 -56.28140647E-03
+53.82400E-06 -2.95236177726E+00 +67.53768769E-03
+53.84900E-06 -2.98130650086E+00 +174.47235992E-03
+53.87400E-06 -2.19979897174E+00 +227.93969604E-03
+53.89900E-06 -723.61808315E-03 +208.24120381E-03
+53.92400E-06 +868.34169875E-03 +137.88944579E-03
+53.94900E-06 +2.22874369443E+00 +25.32663293E-03
+53.97400E-06 +2.83658288411E+00 -95.67839090E-03
+53.99900E-06 +2.63396982124E+00 -185.72864120E-03
+54.02400E-06 +1.67879395228E+00 -222.31155540E-03
+54.04900E-06 +202.61306361E-03 -191.35678189E-03
+54.07400E-06 -1.36040199503E+00 -106.93467225E-03
+54.09900E-06 -2.46030148098E+00 +11.25628125E-03
+54.12400E-06 -2.86552760746E+00 +123.81909413E-03
+54.14900E-06 -2.46030148139E+00 +196.98492250E-03
+54.17400E-06 -1.30251254932E+00 +213.86934445E-03
+54.19900E-06 +173.66833943E-03 +168.84421932E-03
+54.22400E-06 +1.59195978157E+00 +73.16582839E-03
+54.24900E-06 +2.48924620433E+00 -45.02512511E-03
+54.27400E-06 +2.60502509781E+00 -143.51758637E-03
+54.29900E-06 +1.99718590855E+00 -202.61306315E-03
+54.32400E-06 +781.50752978E-03 -202.61306316E-03
+54.34900E-06 -665.72863563E-03 -140.70351611E-03
+54.37400E-06 -1.91035173800E+00 -36.58291422E-03
+54.39900E-06 -2.63396982091E+00 +67.53768769E-03
+54.42400E-06 -2.51819092793E+00 +157.58793799E-03
+54.44900E-06 -1.67879395220E+00 +202.61306316E-03
+54.47400E-06 -492.06029661E-03 +182.91457092E-03
+54.49900E-06 +926.23114544E-03 +109.74874256E-03
+54.52400E-06 +2.02613063131E+00 +8.44221100E-03
+54.54900E-06 +2.48924620441E+00 -98.49246123E-03
+54.57400E-06 +2.17085424832E+00 -171.65828961E-03
+54.59900E-06 +1.27356782589E+00 -196.98492252E-03
+54.62400E-06 +420E-12 -157.58793803E-03
+54.64900E-06 -1.30251254848E+00 -81.60803936E-03
+54.67400E-06 -2.17085424790E+00 +22.51256254E-03
+54.69900E-06 -2.46030148123E+00 +118.19095348E-03
+54.72400E-06 -1.96824118520E+00 +174.47235993E-03
+54.74900E-06 -984.12059281E-03 +182.91457091E-03
+54.77400E-06 +318.39195601E-03 +135.07537546E-03
+54.79900E-06 +1.41829144180E+00 +53.46733614E-03
+54.82400E-06 +2.19979897133E+00 -50.65326576E-03
+54.84900E-06 +2.19979897150E+00 -135.07537542E-03
+54.87400E-06 +1.59195978224E+00 -180.10050058E-03
+54.89900E-06 +492.06029662E-03 -168.84421931E-03
+54.92400E-06 -694.67335905E-03 -112.56281288E-03
+54.94900E-06 -1.70773867488E+00 -19.69849228E-03
+54.97400E-06 -2.22874369468E+00 +73.16582834E-03
+54.99900E-06 -2.08402007835E+00 +143.51758639E-03
+55.02400E-06 -1.30251254916E+00 +174.47235994E-03
+55.04900E-06 -289.44723342E-03 +149.14572706E-03
+55.07400E-06 +926.23114552E-03 +87.23618000E-03
+55.09900E-06 +1.79457284493E+00 -8.44221094E-03
+55.12400E-06 +2.11296480145E+00 -95.67839091E-03
+55.14900E-06 +1.76562812201E+00 -151.95979735E-03
+55.17400E-06 +926.23114612E-03 -166.03014898E-03
+55.19900E-06 -173.66833950E-03 -129.44723481E-03
+55.22400E-06 -1.21567837868E+00 -56.28140646E-03
+55.24900E-06 -1.88140701490E+00 +28.14070319E-03
+55.27400E-06 -2.05507535492E+00 +109.74874252E-03
+55.29900E-06 -1.56301505881E+00 +154.77386768E-03
+55.32400E-06 -694.67335974E-03 +151.95979738E-03
+55.34900E-06 +376.28140270E-03 +106.93467224E-03
+55.37400E-06 +1.27356782530E+00 +30.95477356E-03
+55.39900E-06 +1.82351756837E+00 -47.83919544E-03
+55.42400E-06 +1.76562812184E+00 -118.19095349E-03
+55.44900E-06 +1.24462310246E+00 -151.95979737E-03
+55.47400E-06 +318.39195669E-03 -140.70351609E-03
+55.49900E-06 -723.61808240E-03 -87.23618000E-03
+55.52400E-06 -1.53407033520E+00 -8.44221099E-03
+55.54900E-06 -1.91035173833E+00 +70.35175802E-03
+55.57400E-06 -1.67879395204E+00 +129.44723478E-03
+55.59900E-06 -1.01306531600E+00 +146.33165672E-03
+55.62400E-06 -86.83417023E-03 +121.00502384E-03
+55.64900E-06 +839.39697563E-03 +61.90954710E-03
+55.67400E-06 +1.53407033520E+00 -16.88442190E-03
+55.69900E-06 +1.67879395187E+00 -90.05025028E-03
+55.72400E-06 +1.38934671896E+00 -135.07537543E-03
+55.74900E-06 +665.72863639E-03 -137.88944576E-03
+55.77400E-06 -289.44723282E-03 -101.30653160E-03
+55.79900E-06 -1.07095476218E+00 -36.58291420E-03
+55.82400E-06 -1.62090450517E+00 +36.58291416E-03
+55.84900E-06 -1.67879395196E+00 +95.67839092E-03
+55.87400E-06 -1.21567837911E+00 +132.26130511E-03
+55.89900E-06 -463.11557319E-03 +123.81909415E-03
+55.92400E-06 +463.11557267E-03 +81.60803935E-03
+55.94900E-06 +1.12884420888E+00 +19.69849227E-03
+55.97400E-06 +1.53407033520E+00 -53.46733609E-03
+55.99900E-06 +1.41829144223E+00 -104.12060189E-03
+56.02400E-06 +926.23114604E-03 -129.44723479E-03
+56.04900E-06 +115.77889350E-03 -115.37688319E-03
+56.07400E-06 -723.61808248E-03 -61.90954709E-03
+56.09900E-06 -1.30251254873E+00 +2.81407030E-03
+56.12400E-06 -1.53407033537E+00 +67.53768770E-03
+56.14900E-06 -1.33145727226E+00 +109.74874253E-03
+56.17400E-06 -752.56280628E-03 +118.19095351E-03
+56.19900E-06 -270E-12 +92.86432063E-03
+56.22400E-06 +752.56280574E-03 +39.39698452E-03
+56.24900E-06 +1.24462310220E+00 -22.51256256E-03
+56.27400E-06 +1.36040199552E+00 -78.79396899E-03
+56.29900E-06 +1.04201003927E+00 -109.74874254E-03
+56.32400E-06 +434.17084984E-03 -109.74874255E-03
+56.34900E-06 -289.44723290E-03 -78.79396902E-03
+56.37400E-06 -955.17586903E-03 -25.32663292E-03
+56.39900E-06 -1.30251254882E+00 +33.76884384E-03
+56.42400E-06 -1.33145727226E+00 +81.60803931E-03
+56.44900E-06 -897.28642268E-03 +109.74874254E-03
+56.47400E-06 -289.44723335E-03 +101.30653159E-03
+56.49900E-06 +405.22612604E-03 +59.09547677E-03
+56.52400E-06 +955.17586903E-03 +5.62814067E-03
+56.54900E-06 +1.24462310220E+00 -50.65326577E-03
+56.57400E-06 +1.04201003918E+00 -92.86432060E-03
+56.59900E-06 +636.78391296E-03 -104.12060190E-03
+56.62400E-06 +180E-12 -90.05025030E-03
+56.64900E-06 -636.78391260E-03 -45.02512516E-03
+56.67400E-06 -1.09989948562E+00 +11.25628127E-03
+56.69900E-06 -1.21567837894E+00 +61.90954706E-03
+56.72400E-06 -1.01306531592E+00 +92.86432061E-03
+56.74900E-06 -521.00501973E-03 +95.67839094E-03
+56.77400E-06 +86.83416970E-03 +67.53768773E-03
+56.79900E-06 +607.83918933E-03 +28.14070323E-03
+56.82400E-06 +984.12059238E-03 -19.69849224E-03
+56.84900E-06 +1.07095476244E+00 -70.35175803E-03
+56.87400E-06 +723.61808284E-03 -87.23617997E-03
+56.89900E-06 +260.50251000E-03 -90.05025030E-03
+56.92400E-06 -318.39195616E-03 -64.72361741E-03
+56.94900E-06 -810.45225254E-03 -14.07035162E-03
+56.97400E-06 -1.07095476244E+00 +33.76884384E-03
+56.99900E-06 -1.04201003918E+00 +70.35175804E-03
+57.02400E-06 -665.72863622E-03 +84.42210965E-03
+57.04900E-06 -173.66834003E-03 +75.97989869E-03
+57.07400E-06 +405.22612613E-03 +45.02512515E-03
+57.09900E-06 +781.50752918E-03 -5.62814063E-03
+57.12400E-06 +955.17586912E-03 -47.83919545E-03
+57.14900E-06 +810.45225272E-03 -75.97989868E-03
+57.17400E-06 +434.17084976E-03 -81.60803933E-03
+57.19900E-06 -115.77889305E-03 -64.72361741E-03
+57.22400E-06 -549.94974262E-03 -33.76884388E-03
+57.24900E-06 -868.34169915E-03 +11.25628127E-03
+57.27400E-06 -926.23114595E-03 +50.65326578E-03
+57.29900E-06 -723.61808284E-03 +75.97989868E-03
+57.32400E-06 -318.39195653E-03 +70.35175804E-03
+57.34900E-06 +115.77889305E-03 +53.46733612E-03
+57.37400E-06 +549.94974272E-03 +14.07035162E-03
+57.39900E-06 +810.45225263E-03 -25.32663288E-03
+57.42400E-06 +839.39697598E-03 -59.09547675E-03
+57.44900E-06 +549.94974299E-03 -75.97989868E-03
+57.47400E-06 +173.66834003E-03 -67.53768773E-03
+57.49900E-06 -318.39195625E-03 -42.21105484E-03
+57.52400E-06 -694.67335930E-03 -8.44221098E-03
+57.54900E-06 -810.45225263E-03 +30.95477352E-03
+57.57400E-06 -752.56280610E-03 +59.09547675E-03
+57.59900E-06 -492.06029638E-03 +70.35175804E-03
+57.62400E-06 -86.83417006E-03 +56.28140643E-03
+57.64900E-06 +318.39195625E-03 +30.95477355E-03
+57.67400E-06 +607.83918942E-03 -2.81407031E-03
+57.69900E-06 +694.67335939E-03 -42.21105482E-03
+57.72400E-06 +549.94974290E-03 -61.90954707E-03
+57.74900E-06 +289.44723317E-03 -64.72361740E-03
+57.77400E-06 -115.77889305E-03 -47.83919548E-03
+57.79900E-06 -492.06029619E-03 -16.88442194E-03
+57.82400E-06 -694.67335939E-03 +11.25628128E-03
+57.84900E-06 -694.67335939E-03 +39.39698449E-03
+57.87400E-06 -549.94974299E-03 +61.90954708E-03
+57.89900E-06 -202.61306330E-03 +50.65326579E-03
+57.92400E-06 +115.77889305E-03 +39.39698451E-03
+57.94900E-06 +434.17084948E-03 +11.25628130E-03
+57.97400E-06 +578.89446616E-03 -22.51256256E-03
+57.99900E-06 +521.00501955E-03 -45.02512514E-03
+58.02400E-06 +347.33667979E-03 -59.09547675E-03
+58.04900E-06 +57.88944671E-03 -50.65326580E-03
+58.07400E-06 -289.44723299E-03 -28.14070323E-03
+58.09900E-06 -549.94974281E-03 -2.81407034E-03
+58.12400E-06 -694.67335939E-03 +19.69849225E-03
+58.14900E-06 -578.89446626E-03 +50.65326578E-03
+58.17400E-06 -347.33667979E-03 +50.65326579E-03
+58.19900E-06 -57.88944671E-03 +42.21105483E-03
+58.22400E-06 +289.44723299E-03 +19.69849226E-03
+58.24900E-06 +463.11557293E-03 -8.44221095E-03
+58.27400E-06 +521.00501955E-03 -33.76884385E-03
+58.29900E-06 +405.22612641E-03 -50.65326579E-03
+58.32400E-06 +173.66833994E-03 -47.83919547E-03
+58.34900E-06 -115.77889314E-03 -36.58291419E-03
+58.37400E-06 -376.28140296E-03 -11.25628130E-03
+58.39900E-06 -549.94974281E-03 +14.07035160E-03
+58.42400E-06 -578.89446616E-03 +36.58291418E-03
+58.44900E-06 -405.22612641E-03 +42.21105482E-03
+58.47400E-06 -173.66833994E-03 +42.21105483E-03
+58.49900E-06 +115.77889314E-03 +28.14070322E-03
+58.52400E-06 +318.39195625E-03 +10E-12
+58.54900E-06 +463.11557293E-03 -19.69849225E-03
+58.57400E-06 +376.28140305E-03 -36.58291418E-03
+58.59900E-06 +231.55778656E-03 -42.21105482E-03
+58.62400E-06 -28.94472326E-03 -36.58291419E-03
+58.64900E-06 -260.50250972E-03 -22.51256258E-03
+58.67400E-06 -434.17084957E-03 +0.0E+00
+58.69900E-06 -492.06029629E-03 +22.51256256E-03
+58.72400E-06 -405.22612631E-03 +33.76884386E-03
+58.74900E-06 -260.50250982E-03 +39.39698450E-03
+58.77400E-06 -28.94472345E-03 +30.95477354E-03
+58.79900E-06 +173.66833985E-03 +11.25628130E-03
+58.82400E-06 +347.33667970E-03 -11.25628128E-03
+58.84900E-06 +376.28140296E-03 -28.14070321E-03
+58.87400E-06 +260.50250982E-03 -36.58291418E-03
+58.89900E-06 +57.88944671E-03 -39.39698450E-03
+58.92400E-06 -115.77889314E-03 -25.32663290E-03
+58.94900E-06 -318.39195634E-03 -11.25628130E-03
+58.97400E-06 -405.22612631E-03 +11.25628128E-03
+58.99900E-06 -405.22612631E-03 +30.95477353E-03
+59.02400E-06 -289.44723318E-03 +36.58291418E-03
+59.04900E-06 -115.77889323E-03 +28.14070323E-03
+59.07400E-06 +115.77889314E-03 +19.69849226E-03
+59.09900E-06 +289.44723308E-03 -2.81407033E-03
+59.12400E-06 +347.33667970E-03 -19.69849225E-03
+59.14900E-06 +318.39195644E-03 -28.14070322E-03
+59.17400E-06 +144.72361659E-03 -33.76884386E-03
+59.19900E-06 -57.88944652E-03 -25.32663290E-03
+59.22400E-06 -260.50250972E-03 -11.25628130E-03
+59.24900E-06 -318.39195644E-03 +2.81407032E-03
+59.27400E-06 -376.28140296E-03 +19.69849225E-03
+59.29900E-06 -260.50250982E-03 +28.14070321E-03
+59.32400E-06 -173.66833985E-03 +28.14070322E-03
+59.34900E-06 +0.0E+00 +22.51256257E-03
+59.37400E-06 +202.61306311E-03 +8.44221097E-03
+59.39900E-06 +231.55778646E-03 -8.44221096E-03
+59.42400E-06 +260.50250982E-03 -25.32663289E-03
+59.44900E-06 +173.66833985E-03 -25.32663290E-03
+59.47400E-06 +28.94472336E-03 -28.14070322E-03
+59.49900E-06 -144.72361649E-03 -19.69849226E-03
+59.52400E-06 -260.50250972E-03 -2.81407033E-03
+59.54900E-06 -289.44723308E-03 +8.44221096E-03
+59.57400E-06 -289.44723308E-03 +19.69849225E-03
+59.59900E-06 -202.61306321E-03 +22.51256257E-03
+59.62400E-06 -57.88944662E-03 +16.88442193E-03
+59.64900E-06 +57.88944652E-03 +8.44221097E-03
+59.67400E-06 +202.61306311E-03 -2.81407032E-03
+59.69900E-06 +202.61306321E-03 -14.07035160E-03
+59.72400E-06 +173.66833985E-03 -25.32663289E-03
+59.74900E-06 +28.94472336E-03 -25.32663290E-03
+59.77400E-06 -57.88944662E-03 -16.88442193E-03
+59.79900E-06 -202.61306311E-03 -5.62814064E-03
+59.82400E-06 -289.44723308E-03 +2.81407032E-03
+59.84900E-06 -289.44723308E-03 +14.07035160E-03
+59.87400E-06 -202.61306321E-03 +19.69849225E-03
+59.89900E-06 -86.83416997E-03 +16.88442193E-03
+59.92400E-06 +28.94472326E-03 +8.44221097E-03
+59.94900E-06 +86.83416987E-03 +5.62814064E-03
+59.97400E-06 +173.66833985E-03 -8.44221096E-03
+59.99900E-06 +173.66833985E-03 -16.88442193E-03
+60.02400E-06 +115.77889323E-03 -19.69849226E-03
+60.04900E-06 +0.0E+00 -16.88442193E-03
+60.07400E-06 -115.77889313E-03 -8.44221097E-03
+60.09900E-06 -202.61306311E-03 -10E-12
+60.12400E-06 -231.55778646E-03 +5.62814064E-03
+60.14900E-06 -173.66833985E-03 +16.88442193E-03
+60.17400E-06 -144.72361659E-03 +16.88442193E-03
+60.19900E-06 -57.88944672E-03 +14.07035161E-03
+60.22400E-06 +86.83416997E-03 +8.44221097E-03
+60.24900E-06 +144.72361649E-03 -2.81407032E-03
+60.27400E-06 +144.72361659E-03 -8.44221096E-03
+60.29900E-06 +86.83416997E-03 -19.69849226E-03
+60.32400E-06 +28.94472326E-03 -16.88442193E-03
+60.34900E-06 -28.94472326E-03 -14.07035161E-03
+60.37400E-06 -115.77889323E-03 -5.62814064E-03
+60.39900E-06 -202.61306311E-03 +5.62814064E-03
+60.42400E-06 -173.66833985E-03 +11.25628129E-03
+60.44900E-06 -173.66833985E-03 +14.07035160E-03
+60.47400E-06 -86.83416997E-03 +14.07035161E-03
+60.49900E-06 +0.0E+00 +11.25628129E-03
+60.52400E-06 +86.83416997E-03 -2.81407032E-03
+60.54900E-06 +57.88944662E-03 -8.44221096E-03
+60.57400E-06 +86.83416997E-03 -11.25628129E-03
+60.59900E-06 +28.94472336E-03 -11.25628129E-03
+60.62400E-06 -28.94472326E-03 -11.25628129E-03
+60.64900E-06 -86.83416987E-03 -8.44221097E-03
+60.67400E-06 -115.77889323E-03 +2.81407032E-03
+60.69900E-06 -173.66833985E-03 +5.62814064E-03
+60.72400E-06 -173.66833985E-03 +8.44221097E-03
+60.74900E-06 -115.77889323E-03 +14.07035160E-03
+60.77400E-06 -86.83416998E-03 +8.44221097E-03
+60.79900E-06 +28.94472326E-03 +8.44221097E-03
+60.82400E-06 +57.88944662E-03 -2.81407032E-03
+60.84900E-06 +57.88944662E-03 -5.62814064E-03
+60.87400E-06 +28.94472336E-03 -14.07035160E-03
+60.89900E-06 +28.94472336E-03 -11.25628129E-03
+60.92400E-06 +0.0E+00 -11.25628129E-03
+60.94900E-06 -86.83416987E-03 -2.81407032E-03
+60.97400E-06 -115.77889323E-03 +2.81407033E-03
+60.99900E-06 -144.72361659E-03 +5.62814064E-03
+61.02400E-06 -115.77889323E-03 +11.25628129E-03
+61.04900E-06 -57.88944662E-03 +5.62814064E-03
+61.07400E-06 -28.94472326E-03 +5.62814064E-03
+61.09900E-06 +0.0E+00 -2.81407033E-03
+61.12400E-06 +86.83416987E-03 -2.81407032E-03
+61.14900E-06 +28.94472326E-03 -11.25628129E-03
+61.17400E-06 +0.0E+00 -11.25628129E-03
+61.19900E-06 -28.94472326E-03 -8.44221097E-03
+61.22400E-06 -57.88944662E-03 -5.62814064E-03
+61.24900E-06 -86.83416987E-03 +2.81407033E-03
+61.27400E-06 -115.77889323E-03 +5.62814064E-03
+61.29900E-06 -86.83416998E-03 +5.62814064E-03
+61.32400E-06 -28.94472336E-03 +5.62814064E-03
+61.34900E-06 -57.88944662E-03 +5.62814064E-03
+61.37400E-06 +28.94472326E-03 +2.81407033E-03
+61.39900E-06 +28.94472336E-03 -2.81407032E-03
+61.42400E-06 +28.94472336E-03 -8.44221096E-03
+61.44900E-06 -28.94472326E-03 -8.44221096E-03
+61.47400E-06 -28.94472326E-03 -5.62814065E-03
+61.49900E-06 -86.83416987E-03 -8.44221097E-03
+61.52400E-06 -115.77889323E-03 -5.62814064E-03
+61.54900E-06 -115.77889323E-03 +5.62814064E-03
+61.57400E-06 -86.83416998E-03 +2.81407032E-03
+61.59900E-06 -86.83416987E-03 +8.44221097E-03
+61.62400E-06 -28.94472336E-03 +8.44221096E-03
+61.64900E-06 +0.0E+00 +2.81407033E-03
+61.67400E-06 +57.88944662E-03 +0.0E+00
+61.69900E-06 +28.94472336E-03 -5.62814064E-03
+61.72400E-06 +0.0E+00 -8.44221096E-03
+61.74900E-06 +0.0E+00 -8.44221097E-03
+61.77400E-06 -57.88944662E-03 -8.44221096E-03
+61.79900E-06 -57.88944662E-03 -2.81407032E-03
+61.82400E-06 -115.77889323E-03 +2.81407032E-03
+61.84900E-06 -115.77889323E-03 +2.81407033E-03
+61.87400E-06 -57.88944662E-03 +5.62814064E-03
+61.89900E-06 -28.94472336E-03 +2.81407032E-03
+61.92400E-06 -28.94472336E-03 +0.0E+00
+61.94900E-06 +0.0E+00 +0.0E+00
+61.97400E-06 -28.94472336E-03 +0.0E+00
+61.99900E-06 +28.94472336E-03 -2.81407032E-03
+62.02400E-06 +0.0E+00 -5.62814064E-03
+62.04900E-06 +0.0E+00 -5.62814064E-03
+62.07400E-06 -57.88944662E-03 -5.62814064E-03
+62.09900E-06 -115.77889323E-03 -2.81407033E-03
+62.12400E-06 -115.77889323E-03 +0.0E+00
+62.14900E-06 -115.77889323E-03 +2.81407032E-03
+62.17400E-06 -57.88944662E-03 +2.81407033E-03
+62.19900E-06 +0.0E+00 +0.0E+00
+62.22400E-06 -28.94472326E-03 +0.0E+00
+62.24900E-06 +0.0E+00 +0.0E+00
+62.27400E-06 +0.0E+00 -2.81407032E-03
+62.29900E-06 -110E-12 -8.44221097E-03
+62.32400E-06 -28.94472326E-03 -8.44221096E-03
+62.34900E-06 -28.94472326E-03 -5.62814064E-03
+62.37400E-06 -86.83416998E-03 +0.0E+00
+62.39900E-06 -86.83416987E-03 +0.0E+00
+62.42400E-06 -57.88944662E-03 +0.0E+00
+62.44900E-06 -57.88944662E-03 +5.62814064E-03
+62.47400E-06 -57.88944662E-03 +0.0E+00
+62.49900E-06 +0.0E+00 -2.81407033E-03
+62.52400E-06 +0.0E+00 -2.81407032E-03
+62.54900E-06 +0.0E+00 -2.81407032E-03
+62.57400E-06 +0.0E+00 -2.81407033E-03
+62.59900E-06 -28.94472326E-03 +0.0E+00
+62.62400E-06 -28.94472336E-03 -5.62814064E-03
+62.64900E-06 -57.88944662E-03 +0.0E+00
+62.67400E-06 -57.88944662E-03 +2.81407033E-03
+62.69900E-06 -86.83416998E-03 +2.81407032E-03
+62.72400E-06 -28.94472336E-03 +0.0E+00
+62.74900E-06 -57.88944662E-03 +2.81407033E-03
+62.77400E-06 -57.88944662E-03 +0.0E+00
+62.79900E-06 +0.0E+00 +0.0E+00
+62.82400E-06 +28.94472325E-03 +0.0E+00
+62.84900E-06 -28.94472325E-03 +0.0E+00
+62.87400E-06 -28.94472325E-03 +0.0E+00
+62.89900E-06 -28.94472336E-03 -2.81407033E-03
+62.92400E-06 +0.0E+00 -2.81407032E-03
+62.94900E-06 -57.88944662E-03 +0.0E+00
+62.97400E-06 -86.83416998E-03 +0.0E+00
+62.99900E-06 -57.88944662E-03 +0.0E+00
+63.02400E-06 -57.88944662E-03 +0.0E+00
+63.04900E-06 -57.88944662E-03 +0.0E+00
+63.07400E-06 -28.94472336E-03 +5.62814064E-03
+63.09900E-06 +0.0E+00 -2.81407033E-03
+63.12400E-06 +0.0E+00 -2.81407032E-03
+63.14900E-06 -57.88944662E-03 +0.0E+00
+63.17400E-06 -57.88944662E-03 +0.0E+00
+63.19900E-06 -57.88944662E-03 +0.0E+00
+63.22400E-06 -28.94472336E-03 -2.81407033E-03
+63.24900E-06 -86.83416998E-03 +0.0E+00
+63.27400E-06 -57.88944651E-03 +0.0E+00
+63.29900E-06 -57.88944662E-03 +0.0E+00
+63.32400E-06 -57.88944662E-03 +0.0E+00
+63.34900E-06 -57.88944662E-03 +0.0E+00
+63.37400E-06 +0.0E+00 +0.0E+00
+63.39900E-06 +0.0E+00 +0.0E+00
+63.42400E-06 -57.88944662E-03 -2.81407032E-03
+63.44900E-06 -28.94472325E-03 -2.81407032E-03
+63.47400E-06 +0.0E+00 +0.0E+00
+63.49900E-06 -57.88944662E-03 -2.81407033E-03
+63.52400E-06 -57.88944662E-03 -2.81407033E-03
+63.54900E-06 -57.88944662E-03 +2.81407033E-03
+63.57400E-06 -57.88944662E-03 +0.0E+00
+63.59900E-06 -57.88944662E-03 +0.0E+00
+63.62400E-06 -28.94472336E-03 +2.81407033E-03
+63.64900E-06 -57.88944662E-03 +2.81407033E-03
+63.67400E-06 -28.94472336E-03 +2.81407033E-03
+63.69900E-06 +0.0E+00 -2.81407033E-03
+63.72400E-06 +0.0E+00 -5.62814064E-03
+63.74900E-06 -28.94472336E-03 +0.0E+00
+63.77400E-06 -57.88944662E-03 +2.81407032E-03
+63.79900E-06 -57.88944662E-03 +0.0E+00
+63.82400E-06 -28.94472325E-03 +0.0E+00
+63.84900E-06 -57.88944662E-03 -2.81407032E-03
+63.87400E-06 -28.94472325E-03 +2.81407033E-03
+63.89900E-06 -28.94472325E-03 +0.0E+00
+63.92400E-06 -28.94472336E-03 +0.0E+00
+63.94900E-06 +0.0E+00 +0.0E+00
+63.97400E-06 -57.88944662E-03 +0.0E+00
+63.99900E-06 -86.83416987E-03 -2.81407033E-03
+64.02400E-06 -28.94472336E-03 -2.81407033E-03
+64.04900E-06 -28.94472336E-03 +0.0E+00
+64.07400E-06 -28.94472325E-03 -2.81407033E-03
+64.09900E-06 -28.94472325E-03 -5.62814064E-03
+64.12400E-06 -57.88944662E-03 -2.81407032E-03
+64.14900E-06 -57.88944662E-03 +0.0E+00
+64.17400E-06 -86.83416998E-03 +2.81407032E-03
+64.19900E-06 -28.94472325E-03 +0.0E+00
+64.22400E-06 -57.88944662E-03 +0.0E+00
+64.24900E-06 -28.94472325E-03 +0.0E+00
+64.27400E-06 -28.94472325E-03 -2.81407033E-03
+64.29900E-06 -28.94472336E-03 -2.81407033E-03
+64.32400E-06 +0.0E+00 -5.62814064E-03
+64.34900E-06 -28.94472336E-03 +0.0E+00
+64.37400E-06 -86.83416998E-03 +0.0E+00
+64.39900E-06 -57.88944662E-03 -2.81407033E-03
+64.42400E-06 -57.88944662E-03 -2.81407033E-03
+64.44900E-06 -57.88944662E-03 -2.81407032E-03
+64.47400E-06 -57.88944662E-03 +0.0E+00
+64.49900E-06 +0.0E+00 +0.0E+00
+64.52400E-06 +0.0E+00 +0.0E+00
+64.54900E-06 -57.88944662E-03 +0.0E+00
+64.57400E-06 -57.88944662E-03 +0.0E+00
+64.59900E-06 +0.0E+00 +0.0E+00
+64.62400E-06 -57.88944662E-03 +0.0E+00
+64.64900E-06 -28.94472325E-03 -2.81407032E-03
+64.67400E-06 -57.88944662E-03 +0.0E+00
+64.69900E-06 -28.94472325E-03 -2.81407033E-03
+64.72400E-06 +0.0E+00 -2.81407032E-03
+64.74900E-06 -57.88944662E-03 +0.0E+00
+64.77400E-06 -86.83416998E-03 +0.0E+00
+64.79900E-06 -57.88944662E-03 +0.0E+00
+64.82400E-06 -57.88944662E-03 +0.0E+00
+64.84900E-06 -28.94472325E-03 +0.0E+00
+64.87400E-06 +0.0E+00 -2.81407032E-03
+64.89900E-06 -28.94472325E-03 -5.62814064E-03
+64.92400E-06 -28.94472336E-03 -5.62814064E-03
+64.94900E-06 -57.88944662E-03 +0.0E+00
+64.97400E-06 -57.88944662E-03 +0.0E+00
+64.99900E-06 -86.83416987E-03 +0.0E+00
+65.02400E-06 -28.94472336E-03 -2.81407032E-03
+65.04900E-06 -57.88944662E-03 -2.81407032E-03
+65.07400E-06 -28.94472325E-03 +0.0E+00
+65.09900E-06 +0.0E+00 -2.81407033E-03
+65.12400E-06 -28.94472325E-03 -2.81407032E-03
+65.14900E-06 -57.88944662E-03 +0.0E+00
+65.17400E-06 -28.94472325E-03 +0.0E+00
+65.19900E-06 -28.94472325E-03 +0.0E+00
+65.22400E-06 -86.83416998E-03 +0.0E+00
+65.24900E-06 +0.0E+00 +0.0E+00
+65.27400E-06 -57.88944662E-03 +0.0E+00
+65.29900E-06 +0.0E+00 -2.81407033E-03
+65.32400E-06 -28.94472336E-03 +0.0E+00
+65.34900E-06 -57.88944662E-03 +0.0E+00
+65.37400E-06 -28.94472325E-03 +0.0E+00
+65.39900E-06 -57.88944662E-03 +2.81407033E-03
+65.42400E-06 +0.0E+00 +2.81407032E-03
+65.44900E-06 -57.88944662E-03 -2.81407033E-03
+65.47400E-06 -28.94472325E-03 +0.0E+00
+65.49900E-06 -28.94472325E-03 -2.81407033E-03
+65.52400E-06 +0.0E+00 -2.81407033E-03
+65.54900E-06 -57.88944662E-03 +0.0E+00
+65.57400E-06 -57.88944662E-03 +0.0E+00
+65.59900E-06 -57.88944650E-03 +2.81407032E-03
+65.62400E-06 -57.88944662E-03 +0.0E+00
+65.64900E-06 -28.94472325E-03 +0.0E+00
+65.67400E-06 -28.94472325E-03 +2.81407033E-03
+65.69900E-06 -28.94472325E-03 -2.81407033E-03
+65.72400E-06 +0.0E+00 -2.81407033E-03
+65.74900E-06 -57.88944662E-03 +0.0E+00
+65.77400E-06 -28.94472325E-03 -2.81407032E-03
+65.79900E-06 +120E-12 +0.0E+00
+65.82400E-06 -57.88944662E-03 +0.0E+00
+65.84900E-06 -57.88944662E-03 +0.0E+00
+65.87400E-06 -28.94472337E-03 +0.0E+00
+65.89900E-06 +0.0E+00 -10E-12
+65.92400E-06 -57.88944662E-03 -2.81407032E-03
+65.94900E-06 -57.88944662E-03 +0.0E+00
+65.97400E-06 -28.94472325E-03 +0.0E+00
+65.99900E-06 -28.94472337E-03 -2.81407033E-03
+66.02400E-06 +0.0E+00 +0.0E+00
+66.04900E-06 -28.94472325E-03 +0.0E+00
+66.07400E-06 -57.88944650E-03 +0.0E+00
+66.09900E-06 -28.94472337E-03 -2.81407033E-03
+66.12400E-06 -28.94472337E-03 +0.0E+00
+66.14900E-06 -28.94472337E-03 +0.0E+00
+66.17400E-06 -86.83416998E-03 +0.0E+00
+66.19900E-06 -57.88944662E-03 -2.81407033E-03
+66.22400E-06 +0.0E+00 -5.62814064E-03
+66.24900E-06 -57.88944662E-03 +0.0E+00
+66.27400E-06 -57.88944650E-03 +0.0E+00
+66.29900E-06 -57.88944662E-03 -2.81407033E-03
+66.32400E-06 -28.94472337E-03 +0.0E+00
+66.34900E-06 -28.94472337E-03 -2.81407032E-03
+66.37400E-06 -28.94472337E-03 +0.0E+00
+66.39900E-06 -28.94472325E-03 +0.0E+00
+66.42400E-06 -57.88944662E-03 +0.0E+00
+66.44900E-06 -57.88944662E-03 +2.81407033E-03
+66.47400E-06 -57.88944662E-03 +0.0E+00
+66.49900E-06 +0.0E+00 -2.81407033E-03
+66.52400E-06 +0.0E+00 -2.81407032E-03
+66.54900E-06 -57.88944662E-03 +0.0E+00
+66.57400E-06 -86.83416998E-03 +0.0E+00
+66.59900E-06 -57.88944662E-03 +0.0E+00
+66.62400E-06 -57.88944662E-03 +0.0E+00
+66.64900E-06 -28.94472337E-03 +0.0E+00
+66.67400E-06 +0.0E+00 +0.0E+00
+66.69900E-06 -57.88944662E-03 -5.62814064E-03
+66.72400E-06 -28.94472337E-03 +0.0E+00
+66.74900E-06 -28.94472325E-03 +0.0E+00
+66.77400E-06 -57.88944662E-03 +0.0E+00
+66.79900E-06 -28.94472337E-03 +0.0E+00
+66.82400E-06 -28.94472337E-03 +0.0E+00
+66.84900E-06 -57.88944662E-03 -2.81407032E-03
+66.87400E-06 -28.94472325E-03 +0.0E+00
+66.89900E-06 -57.88944662E-03 +0.0E+00
+66.92400E-06 -28.94472337E-03 -2.81407032E-03
+66.94900E-06 -86.83416998E-03 +0.0E+00
+66.97400E-06 -57.88944662E-03 +0.0E+00
+66.99900E-06 -28.94472325E-03 +0.0E+00
+67.02400E-06 -57.88944662E-03 -2.81407032E-03
+67.04900E-06 -57.88944662E-03 +0.0E+00
+67.07400E-06 -57.88944662E-03 +0.0E+00
+67.09900E-06 -57.88944662E-03 -5.62814064E-03
+67.12400E-06 -57.88944662E-03 -2.81407032E-03
+67.14900E-06 -57.88944662E-03 +0.0E+00
+67.17400E-06 -28.94472325E-03 +0.0E+00
+67.19900E-06 -86.83416986E-03 -2.81407033E-03
+67.22400E-06 -57.88944662E-03 +0.0E+00
+67.24900E-06 -28.94472325E-03 +0.0E+00
+67.27400E-06 -57.88944662E-03 +0.0E+00
+67.29900E-06 -28.94472337E-03 +0.0E+00
+67.32400E-06 -57.88944662E-03 +0.0E+00
+67.34900E-06 -28.94472337E-03 +0.0E+00
+67.37400E-06 -57.88944662E-03 +0.0E+00
+67.39900E-06 -28.94472325E-03 +0.0E+00
+67.42400E-06 -57.88944662E-03 -2.81407033E-03
+67.44900E-06 -28.94472325E-03 +0.0E+00
+67.47400E-06 -57.88944662E-03 +0.0E+00
+67.49900E-06 -28.94472337E-03 -2.81407033E-03
+67.52400E-06 -28.94472337E-03 -2.81407032E-03
+67.54900E-06 -57.88944662E-03 +0.0E+00
+67.57400E-06 +0.0E+00 +0.0E+00
+67.59900E-06 -57.88944662E-03 +0.0E+00
+67.62400E-06 -57.88944662E-03 +0.0E+00
+67.64900E-06 -57.88944662E-03 +0.0E+00
+67.67400E-06 -57.88944662E-03 +0.0E+00
+67.69900E-06 -28.94472325E-03 -5.62814064E-03
+67.72400E-06 -57.88944662E-03 -2.81407032E-03
+67.74900E-06 -28.94472325E-03 +0.0E+00
+67.77400E-06 -57.88944662E-03 +2.81407033E-03
+67.79900E-06 +0.0E+00 +0.0E+00
+67.82400E-06 -86.83416998E-03 +0.0E+00
+67.84900E-06 -57.88944662E-03 +0.0E+00
+67.87400E-06 -57.88944662E-03 +0.0E+00
+67.89900E-06 +0.0E+00 +0.0E+00
+67.92400E-06 +0.0E+00 +10E-12
+67.94900E-06 -57.88944662E-03 -2.81407032E-03
+67.97400E-06 -57.88944662E-03 +2.81407032E-03
+67.99900E-06 -57.88944662E-03 +0.0E+00
+68.02400E-06 -57.88944662E-03 +0.0E+00
+68.04900E-06 -28.94472325E-03 -2.81407032E-03
+68.07400E-06 -28.94472325E-03 -2.81407033E-03
+68.09900E-06 -28.94472325E-03 -10E-12
+68.12400E-06 -57.88944662E-03 -2.81407032E-03
+68.14900E-06 -57.88944662E-03 +0.0E+00
+68.17400E-06 -57.88944662E-03 +0.0E+00
+68.19900E-06 -57.88944662E-03 +0.0E+00
+68.22400E-06 -57.88944662E-03 +0.0E+00
+68.24900E-06 -57.88944662E-03 -2.81407032E-03
+68.27400E-06 -57.88944662E-03 +0.0E+00
+68.29900E-06 -57.88944662E-03 -5.62814064E-03
+68.32400E-06 -28.94472337E-03 +0.0E+00
+68.34900E-06 -28.94472337E-03 +0.0E+00
+68.37400E-06 -57.88944662E-03 +0.0E+00
+68.39900E-06 -57.88944649E-03 +0.0E+00
+68.42400E-06 -57.88944662E-03 -5.62814064E-03
+68.44900E-06 -86.83416986E-03 +0.0E+00
+68.47400E-06 -57.88944662E-03 +0.0E+00
+68.49900E-06 -28.94472337E-03 -5.62814064E-03
+68.52400E-06 -28.94472337E-03 +2.81407033E-03
+68.54900E-06 -57.88944662E-03 -10E-12
+68.57400E-06 -57.88944662E-03 +0.0E+00
+68.59900E-06 -28.94472325E-03 -2.81407032E-03
+68.62400E-06 -28.94472337E-03 -2.81407032E-03
+68.64900E-06 -28.94472325E-03 +2.81407033E-03
+68.67400E-06 -57.88944662E-03 +0.0E+00
+68.69900E-06 -57.88944662E-03 -2.81407033E-03
+68.72400E-06 -57.88944662E-03 +2.81407033E-03
+68.74900E-06 -57.88944662E-03 +0.0E+00
+68.77400E-06 -57.88944662E-03 +2.81407032E-03
+68.79900E-06 -28.94472325E-03 +0.0E+00
+68.82400E-06 +0.0E+00 +0.0E+00
+68.84900E-06 +0.0E+00 -2.81407032E-03
+68.87400E-06 -28.94472325E-03 +0.0E+00
+68.89900E-06 -28.94472325E-03 -10E-12
+68.92400E-06 -28.94472337E-03 -2.81407032E-03
+68.94900E-06 -28.94472337E-03 +0.0E+00
+68.97400E-06 -57.88944662E-03 +0.0E+00
+68.99900E-06 -57.88944649E-03 -2.81407032E-03
+69.02400E-06 -28.94472337E-03 -2.81407033E-03
+69.04900E-06 -86.83416999E-03 +0.0E+00
+69.07400E-06 -28.94472325E-03 +0.0E+00
+69.09900E-06 +0.0E+00 -5.62814064E-03
+69.12400E-06 -28.94472337E-03 -5.62814064E-03
+69.14900E-06 -28.94472325E-03 +0.0E+00
+69.17400E-06 -86.83416999E-03 -2.81407033E-03
+69.19900E-06 -28.94472325E-03 +0.0E+00
+69.22400E-06 -28.94472337E-03 +0.0E+00
+69.24900E-06 -28.94472325E-03 +0.0E+00
+69.27400E-06 -28.94472325E-03 +0.0E+00
+69.29900E-06 +0.0E+00 -2.81407033E-03
+69.32400E-06 -28.94472325E-03 -2.81407032E-03
+69.34900E-06 -57.88944662E-03 +0.0E+00
+69.37400E-06 -57.88944662E-03 +2.81407032E-03
+69.39900E-06 -86.83416986E-03 -2.81407033E-03
+69.42400E-06 -28.94472337E-03 +2.81407032E-03
+69.44900E-06 +0.0E+00 +0.0E+00
+69.47400E-06 +0.0E+00 +2.81407033E-03
+69.49900E-06 -57.88944662E-03 +0.0E+00
+69.52400E-06 -57.88944662E-03 -2.81407032E-03
+69.54900E-06 -28.94472337E-03 +0.0E+00
+69.57400E-06 -57.88944662E-03 +0.0E+00
+69.59900E-06 -28.94472337E-03 +0.0E+00
+69.62400E-06 -28.94472337E-03 +2.81407032E-03
+69.64900E-06 -57.88944662E-03 +0.0E+00
+69.67400E-06 -57.88944662E-03 +0.0E+00
+69.69900E-06 -57.88944662E-03 -2.81407033E-03
+69.72400E-06 -57.88944662E-03 -2.81407032E-03
+69.74900E-06 -57.88944662E-03 +0.0E+00
+69.77400E-06 -28.94472337E-03 +0.0E+00
+69.79900E-06 -57.88944662E-03 +0.0E+00
+69.82400E-06 -28.94472337E-03 +0.0E+00
+69.84900E-06 +0.0E+00 +0.0E+00
+69.87400E-06 -28.94472324E-03 +0.0E+00
+69.89900E-06 +0.0E+00 -2.81407033E-03
+69.92400E-06 -57.88944662E-03 -2.81407032E-03
+69.94900E-06 -57.88944662E-03 +0.0E+00
+69.97400E-06 -57.88944662E-03 +0.0E+00
+69.99900E-06 -57.88944662E-03 +0.0E+00
+70.02400E-06 +0.0E+00 +0.0E+00
+70.04900E-06 -57.88944662E-03 +0.0E+00
+70.07400E-06 -57.88944649E-03 +0.0E+00
+70.09900E-06 -57.88944662E-03 -2.81407033E-03
+70.12400E-06 -28.94472324E-03 -2.81407032E-03
+70.14900E-06 -28.94472324E-03 +0.0E+00
+70.17400E-06 -86.83416999E-03 +0.0E+00
+70.19900E-06 -57.88944662E-03 +0.0E+00
+70.22400E-06 -28.94472337E-03 +0.0E+00
+70.24900E-06 -28.94472324E-03 +0.0E+00
+70.27400E-06 +0.0E+00 +0.0E+00
+70.29900E-06 -57.88944662E-03 -2.81407033E-03
+70.32400E-06 -28.94472324E-03 -2.81407032E-03
+70.34900E-06 -28.94472337E-03 +0.0E+00
+70.37400E-06 +0.0E+00 +2.81407033E-03
+70.39900E-06 -57.88944662E-03 +0.0E+00
+70.42400E-06 -28.94472337E-03 +0.0E+00
+70.44900E-06 -28.94472337E-03 +0.0E+00
+70.47400E-06 -28.94472337E-03 +0.0E+00
+70.49900E-06 +0.0E+00 -2.81407033E-03
+70.52400E-06 -28.94472337E-03 -2.81407032E-03
+70.54900E-06 +0.0E+00 +0.0E+00
+70.57400E-06 -57.88944662E-03 +0.0E+00
+70.59900E-06 +0.0E+00 +2.81407033E-03
+70.62400E-06 -57.88944662E-03 +2.81407032E-03
+70.64900E-06 -57.88944662E-03 +0.0E+00
+70.67400E-06 -57.88944662E-03 +0.0E+00
+70.69900E-06 +0.0E+00 -2.81407033E-03
+70.72400E-06 +0.0E+00 -2.81407032E-03
+70.74900E-06 -57.88944662E-03 +0.0E+00
+70.77400E-06 -86.83416999E-03 -2.81407032E-03
+70.79900E-06 -57.88944662E-03 +0.0E+00
+70.82400E-06 -28.94472337E-03 +0.0E+00
+70.84900E-06 -28.94472324E-03 +0.0E+00
+70.87400E-06 -57.88944662E-03 +0.0E+00
+70.89900E-06 +0.0E+00 -2.81407032E-03
+70.92400E-06 +0.0E+00 -2.81407032E-03
+70.94900E-06 -57.88944662E-03 -2.81407033E-03
+70.97400E-06 -57.88944662E-03 +0.0E+00
+70.99900E-06 +0.0E+00 +0.0E+00
+71.02400E-06 -28.94472337E-03 -2.81407033E-03
+71.04900E-06 -57.88944662E-03 +2.81407033E-03
+71.07400E-06 -28.94472324E-03 +0.0E+00
+71.09900E-06 -28.94472324E-03 -2.81407033E-03
+71.12400E-06 -57.88944662E-03 -2.81407032E-03
+71.14900E-06 -57.88944662E-03 +2.81407032E-03
+71.17400E-06 -57.88944662E-03 +0.0E+00
+71.19900E-06 -28.94472324E-03 +0.0E+00
+71.22400E-06 -28.94472337E-03 +0.0E+00
+71.24900E-06 -28.94472324E-03 -2.81407032E-03
+71.27400E-06 -28.94472324E-03 +0.0E+00
+71.29900E-06 -57.88944662E-03 -2.81407033E-03
+71.32400E-06 +0.0E+00 -2.81407032E-03
+71.34900E-06 -57.88944662E-03 +0.0E+00
+71.37400E-06 -28.94472324E-03 +0.0E+00
+71.39900E-06 -28.94472337E-03 +0.0E+00
+71.42400E-06 -28.94472337E-03 +2.81407032E-03
+71.44900E-06 -57.88944662E-03 -2.81407032E-03
+71.47400E-06 -57.88944662E-03 +0.0E+00
+71.49900E-06 +0.0E+00 -2.81407033E-03
+71.52400E-06 +0.0E+00 -2.81407032E-03
+71.54900E-06 -28.94472337E-03 +0.0E+00
+71.57400E-06 -57.88944662E-03 +0.0E+00
+71.59900E-06 -57.88944662E-03 +0.0E+00
+71.62400E-06 +0.0E+00 +0.0E+00
+71.64900E-06 -57.88944662E-03 -2.81407033E-03
+71.67400E-06 -57.88944662E-03 +0.0E+00
+71.69900E-06 +0.0E+00 -2.81407033E-03
+71.72400E-06 -28.94472337E-03 -2.81407032E-03
+71.74900E-06 -57.88944662E-03 +2.81407032E-03
+71.77400E-06 -57.88944662E-03 +0.0E+00
+71.79900E-06 -57.88944662E-03 +0.0E+00
+71.82400E-06 -28.94472324E-03 +0.0E+00
+71.84900E-06 -57.88944662E-03 +0.0E+00
+71.87400E-06 -57.88944662E-03 +2.81407032E-03
+71.89900E-06 -28.94472337E-03 -2.81407033E-03
+71.92400E-06 -28.94472324E-03 +10E-12
+71.94900E-06 -57.88944662E-03 +0.0E+00
+71.97400E-06 -57.88944662E-03 +0.0E+00
+71.99900E-06 -28.94472324E-03 -2.81407032E-03
+72.02400E-06 -57.88944662E-03 -2.81407033E-03
+72.04900E-06 -57.88944662E-03 +0.0E+00
+72.07400E-06 -57.88944662E-03 +0.0E+00
+72.09900E-06 -28.94472324E-03 -2.81407033E-03
+72.12400E-06 -28.94472337E-03 +0.0E+00
+72.14900E-06 -57.88944662E-03 +0.0E+00
+72.17400E-06 -57.88944662E-03 +0.0E+00
+72.19900E-06 -57.88944662E-03 +0.0E+00
+72.22400E-06 -28.94472337E-03 +2.81407032E-03
+72.24900E-06 -28.94472324E-03 +0.0E+00
+72.27400E-06 -57.88944662E-03 +0.0E+00
+72.29900E-06 +0.0E+00 +2.81407032E-03
+72.32400E-06 -28.94472337E-03 +10E-12
+72.34900E-06 -28.94472337E-03 +0.0E+00
+72.37400E-06 +0.0E+00 +0.0E+00
+72.39900E-06 -86.83416986E-03 +2.81407033E-03
+72.42400E-06 -57.88944662E-03 +0.0E+00
+72.44900E-06 -57.88944662E-03 +2.81407032E-03
+72.47400E-06 -28.94472324E-03 +2.81407033E-03
+72.49900E-06 -28.94472338E-03 +0.0E+00
+72.52400E-06 -57.88944662E-03 -2.81407032E-03
+72.54900E-06 -57.88944662E-03 +0.0E+00
+72.57400E-06 -28.94472324E-03 +0.0E+00
+72.59900E-06 -28.94472338E-03 +0.0E+00
+72.62400E-06 -57.88944662E-03 +0.0E+00
+72.64900E-06 -57.88944662E-03 +0.0E+00
+72.67400E-06 -28.94472324E-03 +0.0E+00
+72.69900E-06 -57.88944662E-03 -2.81407033E-03
+72.72400E-06 -28.94472324E-03 -2.81407032E-03
+72.74900E-06 -57.88944662E-03 +0.0E+00
+72.77400E-06 -57.88944662E-03 +0.0E+00
+72.79900E-06 -28.94472324E-03 +0.0E+00
+72.82400E-06 -57.88944662E-03 -2.81407032E-03
+72.84900E-06 -57.88944662E-03 +0.0E+00
+72.87400E-06 -28.94472324E-03 +0.0E+00
+72.89900E-06 -28.94472324E-03 -2.81407033E-03
+72.92400E-06 -28.94472338E-03 +0.0E+00
+72.94900E-06 -28.94472338E-03 +0.0E+00
+72.97400E-06 -57.88944662E-03 +0.0E+00
+72.99900E-06 -57.88944662E-03 +0.0E+00
+73.02400E-06 -28.94472338E-03 -2.81407033E-03
+73.04900E-06 -57.88944662E-03 +0.0E+00
+73.07400E-06 -28.94472338E-03 +0.0E+00
+73.09900E-06 +0.0E+00 -2.81407031E-03
+73.12400E-06 -57.88944662E-03 +0.0E+00
+73.14900E-06 -28.94472338E-03 +0.0E+00
+73.17400E-06 -57.88944662E-03 +0.0E+00
+73.19900E-06 -28.94472338E-03 +0.0E+00
+73.22400E-06 -28.94472338E-03 +0.0E+00
+73.24900E-06 -57.88944662E-03 +0.0E+00
+73.27400E-06 -57.88944662E-03 +0.0E+00
+73.29900E-06 -28.94472324E-03 -10E-12
+73.32400E-06 -28.94472324E-03 -2.81407031E-03
+73.34900E-06 -28.94472338E-03 +0.0E+00
+73.37400E-06 -57.88944662E-03 +0.0E+00
+73.39900E-06 -57.88944662E-03 +0.0E+00
+73.42400E-06 -57.88944662E-03 +0.0E+00
+73.44900E-06 -57.88944662E-03 +0.0E+00
+73.47400E-06 -28.94472324E-03 +0.0E+00
+73.49900E-06 -28.94472324E-03 +0.0E+00
+73.52400E-06 -57.88944662E-03 -2.81407031E-03
+73.54900E-06 -28.94472338E-03 +2.81407033E-03
+73.57400E-06 -28.94472324E-03 -2.81407031E-03
+73.59900E-06 -86.83416986E-03 +0.0E+00
+73.62400E-06 +0.0E+00 +0.0E+00
+73.64900E-06 -57.88944662E-03 +0.0E+00
+73.67400E-06 -57.88944662E-03 +0.0E+00
+73.69900E-06 +0.0E+00 -5.62814066E-03
+73.72400E-06 +0.0E+00 +0.0E+00
+73.74900E-06 -28.94472324E-03 +0.0E+00
+73.77400E-06 -28.94472324E-03 +0.0E+00
+73.79900E-06 -86.83416986E-03 +0.0E+00
+73.82400E-06 -28.94472324E-03 +0.0E+00
+73.84900E-06 -28.94472338E-03 +2.81407031E-03
+73.87400E-06 -57.88944662E-03 +0.0E+00
+73.89900E-06 -57.88944662E-03 -10E-12
+73.92400E-06 -57.88944662E-03 +0.0E+00
+73.94900E-06 -57.88944662E-03 +0.0E+00
+73.97400E-06 -57.88944662E-03 +0.0E+00
+73.99900E-06 -57.88944662E-03 -2.81407031E-03
+74.02400E-06 -57.88944662E-03 -2.81407033E-03
+74.04900E-06 -28.94472338E-03 +2.81407033E-03
+74.07400E-06 -57.88944662E-03 +0.0E+00
+74.09900E-06 -57.88944662E-03 +0.0E+00
+74.12400E-06 -28.94472338E-03 -5.62814064E-03
+74.14900E-06 -57.88944662E-03 +0.0E+00
+74.17400E-06 -28.94472324E-03 +0.0E+00
+74.19900E-06 -28.94472324E-03 -2.81407031E-03
+74.22400E-06 -57.88944662E-03 +0.0E+00
+74.24900E-06 -86.83416985E-03 +2.81407031E-03
+74.27400E-06 -57.88944662E-03 +0.0E+00
+74.29900E-06 -57.88944662E-03 -2.81407033E-03
+74.32400E-06 +0.0E+00 +0.0E+00
+74.34900E-06 -28.94472338E-03 +0.0E+00
+74.37400E-06 -86.83416999E-03 +0.0E+00
+74.39900E-06 -28.94472324E-03 +2.81407033E-03
+74.42400E-06 -28.94472324E-03 +0.0E+00
+74.44900E-06 -57.88944662E-03 -2.81407031E-03
+74.47400E-06 -57.88944662E-03 +0.0E+00
+74.49900E-06 -57.88944662E-03 -5.62814064E-03
+74.52400E-06 -57.88944662E-03 -5.62814063E-03
+74.54900E-06 -57.88944662E-03 +0.0E+00
+74.57400E-06 -28.94472324E-03 +0.0E+00
+74.59900E-06 -86.83416985E-03 -2.81407033E-03
+74.62400E-06 -57.88944662E-03 +0.0E+00
+74.64900E-06 -57.88944662E-03 +2.81407031E-03
+74.67400E-06 -28.94472324E-03 -2.81407031E-03
