x-axis 1 2
second Volt Volt
+23.90000E-06  
+23.92500E-06 -40.20100459E-03 -377.01005E-06
+23.95000E-06 -30.15075345E-03 -75.50251E-06
+23.97500E-06 -30.15075345E-03 -779.02009E-06
+24.00000E-06 -40.20100459E-03 -879.52260E-06
+24.02500E-06 -10.05025115E-03 -377.01005E-06
+24.05000E-06 -30.15075345E-03 -678.51758E-06
+24.07500E-06 +0.0E+00 -477.51256E-06
+24.10000E-06 +10.05025115E-03 -75.50251E-06
+24.12500E-06 -40.20100459E-03 -477.51256E-06
+24.15000E-06 +0.0E+00 -779.02009E-06
+24.17500E-06 -30.15075345E-03 -176.00502E-06
+24.20000E-06 -40.20100459E-03 -477.51256E-06
+24.22500E-06 -10.05025115E-03 -377.01005E-06
+24.25000E-06 -30.15075345E-03 -779.02009E-06
+24.27500E-06 -40.20100459E-03 -477.51256E-06
+24.30000E-06 -40.20100459E-03 -477.51256E-06
+24.32500E-06 -30.15075345E-03 -276.50754E-06
+24.35000E-06 -10.05025115E-03 -276.50754E-06
+24.37500E-06 -40.20100459E-03 -678.51758E-06
+24.40000E-06 -30.15075345E-03 -779.02009E-06
+24.42500E-06 +0.0E+00 -678.51758E-06
+24.45000E-06 -30.15075345E-03 -678.51758E-06
+24.47500E-06 -40.20100459E-03 -578.01507E-06
+24.50000E-06 -40.20100459E-03 -276.50754E-06
+24.52500E-06 -40.20100459E-03 -377.01005E-06
+24.55000E-06 +0.0E+00 -377.01005E-06
+24.57500E-06 -30.15075345E-03 -276.50754E-06
+24.60000E-06 -30.15075345E-03 -477.51256E-06
+24.62500E-06 -10.05025115E-03 -779.02009E-06
+24.65000E-06 -40.20100459E-03 -377.01005E-06
+24.67500E-06 +30.15075345E-03 -477.51256E-06
+24.70000E-06 +0.0E+00 -377.01005E-06
+24.72500E-06 -10.05025115E-03 -477.51256E-06
+24.75000E-06 -20.10050230E-03 -980.02512E-06
+24.77500E-06 -10.05025115E-03 -879.52260E-06
+24.80000E-06 -40.20100459E-03 -477.51256E-06
+24.82500E-06 -10.05025115E-03 -779.02009E-06
+24.85000E-06 -30.15075345E-03 -779.02009E-06
+24.87500E-06 +30.15075345E-03 -779.02009E-06
+24.90000E-06 -10.05025115E-03 -377.01005E-06
+24.92500E-06 -40.20100459E-03 +326.50753E-06
+24.95000E-06 -10.05025115E-03 -477.51256E-06
+24.97500E-06 -30.15075345E-03 -678.51758E-06
+25.00000E-06 -40.20100459E-03 -779.02009E-06
+25.02500E-06 -10.05025115E-03 -678.51758E-06
+25.05000E-06 -40.20100459E-03 -678.51758E-06
+25.07500E-06 +0.0E+00 +226.00502E-06
+25.10000E-06 -30.15075345E-03 -779.02009E-06
+25.12500E-06 -40.20100459E-03 -377.01005E-06
+25.15000E-06 +0.0E+00 -477.51256E-06
+25.17500E-06 -40.20100459E-03 -678.51758E-06
+25.20000E-06 -40.20100459E-03 -678.51758E-06
+25.22500E-06 +0.0E+00 -779.02009E-06
+25.25000E-06 +0.0E+00 -779.02009E-06
+25.27500E-06 -30.15075345E-03 -980.02512E-06
+25.30000E-06 -40.20100459E-03 -779.02009E-06
+25.32500E-06 -40.20100459E-03 -779.02009E-06
+25.35000E-06 -40.20100459E-03 -779.02009E-06
+25.37500E-06 -30.15075345E-03 -678.51758E-06
+25.40000E-06 -40.20100459E-03 -779.02009E-06
+25.42500E-06 +0.0E+00 +25.00000E-06
+25.45000E-06 +0.0E+00 -678.51758E-06
+25.47500E-06 +0.0E+00 -578.01507E-06
+25.50000E-06 -40.20100459E-03 -678.51758E-06
+25.52500E-06 -40.20100459E-03 -477.51256E-06
+25.55000E-06 -20.10050229E-03 -678.51758E-06
+25.57500E-06 -30.15075345E-03 -1.08052763E-03
+25.60000E-06 -40.20100459E-03 -477.51256E-06
+25.62500E-06 -10.05025115E-03 -980.02512E-06
+25.65000E-06 -30.15075345E-03 -678.51758E-06
+25.67500E-06 -20.10050230E-03 -477.51256E-06
+25.70000E-06 +0.0E+00 -377.01005E-06
+25.72500E-06 -60.30150690E-03 -377.01005E-06
+25.75000E-06 -10.05025115E-03 -75.50251E-06
+25.77500E-06 +0.0E+00 -678.51758E-06
+25.80000E-06 -30.15075345E-03 -779.02009E-06
+25.82500E-06 -10.05025115E-03 -276.50754E-06
+25.85000E-06 -10.05025115E-03 -678.51758E-06
+25.87500E-06 +0.0E+00 -477.51256E-06
+25.90000E-06 -40.20100459E-03 -477.51256E-06
+25.92500E-06 -70.35175804E-03 -276.50754E-06
+25.95000E-06 -10.05025115E-03 -477.51256E-06
+25.97500E-06 -40.20100459E-03 -678.51758E-06
+26.00000E-06 -10.05025115E-03 -75.50251E-06
+26.02500E-06 -10.05025115E-03 -1.08052763E-03
+26.05000E-06 +0.0E+00 -779.02009E-06
+26.07500E-06 -40.20100459E-03 -477.51256E-06
+26.10000E-06 -40.20100459E-03 -779.02009E-06
+26.12500E-06 -10.05025115E-03 -779.02009E-06
+26.15000E-06 +0.0E+00 -377.01005E-06
+26.17500E-06 -40.20100459E-03 -678.51758E-06
+26.20000E-06 -70.35175804E-03 -477.51256E-06
+26.22500E-06 +0.0E+00 +25.00000E-06
+26.25000E-06 -10.05025115E-03 -779.02009E-06
+26.27500E-06 -30.15075345E-03 -477.51256E-06
+26.30000E-06 -10.05025115E-03 +25.00000E-06
+26.32500E-06 -40.20100459E-03 -779.02009E-06
+26.35000E-06 +0.0E+00 -377.01005E-06
+26.37500E-06 -30.15075345E-03 -879.52260E-06
+26.40000E-06 -40.20100459E-03 -377.01005E-06
+26.42500E-06 -10.05025115E-03 -377.01005E-06
+26.45000E-06 -30.15075345E-03 +25.00000E-06
+26.47500E-06 -20.10050230E-03 -477.51256E-06
+26.50000E-06 -30.15075345E-03 -377.01005E-06
+26.52500E-06 -40.20100459E-03 -377.01005E-06
+26.55000E-06 +20.10050230E-03 -678.51758E-06
+26.57500E-06 +0.0E+00 -779.02009E-06
+26.60000E-06 -40.20100459E-03 +25.00000E-06
+26.62500E-06 -10.05025115E-03 -75.50251E-06
+26.65000E-06 +0.0E+00 -477.51256E-06
+26.67500E-06 +0.0E+00 -477.51256E-06
+26.70000E-06 -10.05025115E-03 +25.00000E-06
+26.72500E-06 -30.15075345E-03 -477.51256E-06
+26.75000E-06 -40.20100459E-03 +25.00000E-06
+26.77500E-06 +0.0E+00 -678.51758E-06
+26.80000E-06 -40.20100459E-03 -377.01005E-06
+26.82500E-06 -10.05025115E-03 -276.50754E-06
+26.85000E-06 -10.05025115E-03 -678.51758E-06
+26.87500E-06 -10.05025115E-03 -477.51256E-06
+26.90000E-06 -10.05025115E-03 -779.02009E-06
+26.92500E-06 -40.20100459E-03 -276.50754E-06
+26.95000E-06 -10.05025115E-03 -477.51256E-06
+26.97500E-06 +0.0E+00 -678.51758E-06
+27.00000E-06 -40.20100459E-03 -779.02009E-06
+27.02500E-06 -10.05025115E-03 -678.51758E-06
+27.05000E-06 -40.20100459E-03 -377.01005E-06
+27.07500E-06 +0.0E+00 -377.01005E-06
+27.10000E-06 +0.0E+00 -779.02009E-06
+27.12500E-06 -40.20100459E-03 -377.01005E-06
+27.15000E-06 -50.25125574E-03 -1.08052763E-03
+27.17500E-06 -40.20100459E-03 -678.51758E-06
+27.20000E-06 -30.15075345E-03 +25.00000E-06
+27.22500E-06 -30.15075345E-03 -377.01005E-06
+27.25000E-06 +0.0E+00 -678.51758E-06
+27.27500E-06 +10.05025115E-03 -477.51256E-06
+27.30000E-06 +0.0E+00 -377.01005E-06
+27.32500E-06 -40.20100459E-03 -377.01005E-06
+27.35000E-06 -10.05025115E-03 -377.01005E-06
+27.37500E-06 -10.05025115E-03 -779.02009E-06
+27.40000E-06 -30.15075345E-03 -779.02009E-06
+27.42500E-06 -10.05025115E-03 -477.51256E-06
+27.45000E-06 -40.20100459E-03 -779.02009E-06
+27.47500E-06 -30.15075345E-03 -477.51256E-06
+27.50000E-06 -40.20100459E-03 -377.01005E-06
+27.52500E-06 -30.15075345E-03 -779.02009E-06
+27.55000E-06 -10.05025115E-03 -477.51256E-06
+27.57500E-06 -30.15075345E-03 -377.01005E-06
+27.60000E-06 -40.20100459E-03 -477.51256E-06
+27.62500E-06 -10.05025115E-03 -779.02009E-06
+27.65000E-06 +0.0E+00 -276.50754E-06
+27.67500E-06 -30.15075345E-03 -879.52260E-06
+27.70000E-06 -40.20100459E-03 -678.51758E-06
+27.72500E-06 -10.05025115E-03 -276.50754E-06
+27.75000E-06 -10.05025114E-03 -779.02009E-06
+27.77500E-06 +0.0E+00 -678.51758E-06
+27.80000E-06 -40.20100459E-03 -477.51256E-06
+27.82500E-06 +0.0E+00 -779.02009E-06
+27.85000E-06 -30.15075345E-03 -678.51758E-06
+27.87500E-06 -40.20100459E-03 -779.02009E-06
+27.90000E-06 -30.15075345E-03 -75.50251E-06
+27.92500E-06 -40.20100459E-03 -75.50251E-06
+27.95000E-06 -40.20100459E-03 -377.01005E-06
+27.97500E-06 -30.15075345E-03 -377.01005E-06
+28.00000E-06 -40.20100459E-03 -75.50251E-06
+28.02500E-06 +30.15075345E-03 -377.01005E-06
+28.05000E-06 +0.0E+00 -377.01005E-06
+28.07500E-06 +0.0E+00 -779.02009E-06
+28.10000E-06 -40.20100459E-03 -1.18103014E-03
+28.12500E-06 -30.15075345E-03 -377.01005E-06
+28.15000E-06 -10.05025114E-03 -377.01005E-06
+28.17500E-06 -40.20100459E-03 -1.08052763E-03
+28.20000E-06 -10.05025114E-03 -477.51256E-06
+28.22500E-06 +0.0E+00 -75.50251E-06
+28.25000E-06 +0.0E+00 -779.02009E-06
+28.27500E-06 +0.0E+00 -75.50251E-06
+28.30000E-06 -10.05025114E-03 -779.02009E-06
+28.32500E-06 -40.20100459E-03 -377.01005E-06
+28.35000E-06 -50.25125574E-03 -1.08052763E-03
+28.37500E-06 -30.15075345E-03 -779.02009E-06
+28.40000E-06 -10.05025114E-03 -678.51758E-06
+28.42500E-06 -10.05025114E-03 -377.01005E-06
+28.45000E-06 +0.0E+00 -678.51758E-06
+28.47500E-06 -30.15075345E-03 -477.51256E-06
+28.50000E-06 -40.20100459E-03 -377.01005E-06
+28.52500E-06 -30.15075345E-03 -377.01005E-06
+28.55000E-06 -10.05025114E-03 -477.51256E-06
+28.57500E-06 -30.15075345E-03 -678.51758E-06
+28.60000E-06 -30.15075345E-03 -477.51256E-06
+28.62500E-06 -10.05025114E-03 -779.02009E-06
+28.65000E-06 +0.0E+00 -678.51758E-06
+28.67500E-06 -30.15075345E-03 -779.02009E-06
+28.70000E-06 -30.15075345E-03 -879.52260E-06
+28.72500E-06 -30.15075345E-03 -779.02009E-06
+28.75000E-06 +0.0E+00 -779.02009E-06
+28.77500E-06 -40.20100459E-03 -678.51758E-06
+28.80000E-06 +0.0E+00 -477.51256E-06
+28.82500E-06 -10.05025114E-03 -678.51758E-06
+28.85000E-06 +0.0E+00 -1.18103014E-03
+28.87500E-06 -10.05025114E-03 -578.01507E-06
+28.90000E-06 -20.10050231E-03 -477.51256E-06
+28.92500E-06 -10.05025114E-03 +25.00000E-06
+28.95000E-06 -40.20100459E-03 -1.08052763E-03
+28.97500E-06 -10.05025114E-03 -779.02009E-06
+29.00000E-06 -40.20100459E-03 -879.52260E-06
+29.02500E-06 -10.05025114E-03 -779.02009E-06
+29.05000E-06 +0.0E+00 -477.51256E-06
+29.07500E-06 +0.0E+00 -176.00502E-06
+29.10000E-06 +0.0E+00 -678.51758E-06
+29.12500E-06 -40.20100459E-03 -779.02009E-06
+29.15000E-06 -30.15075345E-03 -276.50754E-06
+29.17500E-06 -30.15075345E-03 -678.51758E-06
+29.20000E-06 -10.05025114E-03 -75.50251E-06
+29.22500E-06 -10.05025114E-03 -377.01005E-06
+29.25000E-06 +0.0E+00 -578.01507E-06
+29.27500E-06 +0.0E+00 -377.01005E-06
+29.30000E-06 -40.20100459E-03 -75.50251E-06
+29.32500E-06 -40.20100459E-03 -377.01005E-06
+29.35000E-06 -10.05025114E-03 -377.01005E-06
+29.37500E-06 -40.20100459E-03 -1.18103014E-03
+29.40000E-06 -30.15075345E-03 -779.02009E-06
+29.42500E-06 +0.0E+00 -377.01005E-06
+29.45000E-06 +0.0E+00 -678.51758E-06
+29.47500E-06 +30.15075345E-03 -578.01507E-06
+29.50000E-06 -10.05025114E-03 -276.50754E-06
+29.52500E-06 -40.20100459E-03 -377.01005E-06
+29.55000E-06 -10.05025114E-03 -779.02009E-06
+29.57500E-06 -10.05025114E-03 -678.51758E-06
+29.60000E-06 -30.15075345E-03 -377.01005E-06
+29.62500E-06 +0.0E+00 -276.50754E-06
+29.65000E-06 -10.05025114E-03 -578.01507E-06
+29.67500E-06 -30.15075345E-03 -779.02009E-06
+29.70000E-06 -30.15075345E-03 -377.01005E-06
+29.72500E-06 +0.0E+00 -779.02009E-06
+29.75000E-06 +0.0E+00 -176.00502E-06
+29.77500E-06 +0.0E+00 -678.51758E-06
+29.80000E-06 -40.20100459E-03 -779.02009E-06
+29.82500E-06 -10.05025114E-03 -377.01005E-06
+29.85000E-06 -30.15075345E-03 -678.51758E-06
+29.87500E-06 -30.15075345E-03 -477.51256E-06
+29.90000E-06 -30.15075345E-03 -779.02009E-06
+29.92500E-06 -40.20100459E-03 -477.51256E-06
+29.95000E-06 +0.0E+00 -779.02009E-06
+29.97500E-06 -30.15075345E-03 -678.51758E-06
+30.00000E-06 -40.20100459E-03 -75.50251E-06
+30.02500E-06 +0.0E+00 -377.01005E-06
+30.05000E-06 -40.20100459E-03 -678.51758E-06
+30.07500E-06 -10.05025114E-03 -477.51256E-06
+30.10000E-06 -40.20100459E-03 +25.00000E-06
+30.12500E-06 -70.35175805E-03 -779.02009E-06
+30.15000E-06 -10.05025114E-03 -75.50251E-06
+30.17500E-06 -30.15075345E-03 -779.02009E-06
+30.20000E-06 -30.15075345E-03 -1.18103014E-03
+30.22500E-06 -10.05025114E-03 -477.51256E-06
+30.25000E-06 +0.0E+00 -1.08052763E-03
+30.27500E-06 -30.15075345E-03 -879.52260E-06
+30.30000E-06 -40.20100459E-03 -779.02009E-06
+30.32500E-06 -40.20100459E-03 -779.02009E-06
+30.35000E-06 +0.0E+00 -377.01005E-06
+30.37500E-06 +0.0E+00 -377.01005E-06
+30.40000E-06 +0.0E+00 -879.52260E-06
+30.42500E-06 -30.15075345E-03 -377.01005E-06
+30.45000E-06 +0.0E+00 -779.02009E-06
+30.47500E-06 -30.15075345E-03 -377.01005E-06
+30.50000E-06 -30.15075345E-03 -779.02009E-06
+30.52500E-06 -10.05025114E-03 -779.02009E-06
+30.55000E-06 -10.05025114E-03 -1.08052763E-03
+30.57500E-06 +0.0E+00 -678.51758E-06
+30.60000E-06 +0.0E+00 -477.51256E-06
+30.62500E-06 -10.05025114E-03 -477.51256E-06
+30.65000E-06 +0.0E+00 -779.02009E-06
+30.67500E-06 -40.20100459E-03 -477.51256E-06
+30.70000E-06 -30.15075345E-03 -75.50251E-06
+30.72500E-06 -40.20100459E-03 -477.51256E-06
+30.75000E-06 -30.15075345E-03 -75.50251E-06
+30.77500E-06 -40.20100459E-03 -377.01005E-06
+30.80000E-06 -40.20100459E-03 -477.51256E-06
+30.82500E-06 -10.05025114E-03 -377.01005E-06
+30.85000E-06 +0.0E+00 -678.51758E-06
+30.87500E-06 +0.0E+00 -779.02009E-06
+30.90000E-06 -30.15075345E-03 -377.01005E-06
+30.92500E-06 -40.20100459E-03 -75.50251E-06
+30.95000E-06 -20.10050228E-03 -377.01005E-06
+30.97500E-06 +0.0E+00 -678.51758E-06
+31.00000E-06 -30.15075345E-03 -879.52260E-06
+31.02500E-06 +0.0E+00 -477.51256E-06
+31.05000E-06 +0.0E+00 -1.08052763E-03
+31.07500E-06 -30.15075345E-03 -477.51256E-06
+31.10000E-06 -10.05025114E-03 +25.00000E-06
+31.12500E-06 -30.15075345E-03 +25.00000E-06
+31.15000E-06 -40.20100459E-03 -377.01005E-06
+31.17500E-06 -30.15075345E-03 -377.01005E-06
+31.20000E-06 -40.20100459E-03 -779.02009E-06
+31.22500E-06 -10.05025114E-03 -377.01005E-06
+31.25000E-06 +0.0E+00 -377.01005E-06
+31.27500E-06 -30.15075345E-03 -879.52260E-06
+31.30000E-06 -10.05025114E-03 -75.50251E-06
+31.32500E-06 -30.15075345E-03 -276.50754E-06
+31.35000E-06 -40.20100459E-03 -779.02009E-06
+31.37500E-06 +0.0E+00 -678.51758E-06
+31.40000E-06 -10.05025114E-03 -678.51758E-06
+31.42500E-06 -40.20100459E-03 -377.01005E-06
+31.45000E-06 +0.0E+00 -779.02009E-06
+31.47500E-06 -30.15075345E-03 -578.01507E-06
+31.50000E-06 -40.20100459E-03 -779.02009E-06
+31.52500E-06 -40.20100459E-03 -75.50251E-06
+31.55000E-06 +0.0E+00 -377.01005E-06
+31.57500E-06 -30.15075345E-03 -377.01005E-06
+31.60000E-06 -70.35175805E-03 -678.51758E-06
+31.62500E-06 +0.0E+00 -377.01005E-06
+31.65000E-06 +0.0E+00 -1.08052763E-03
+31.67500E-06 +0.0E+00 -477.51256E-06
+31.70000E-06 +0.0E+00 -779.02009E-06
+31.72500E-06 -40.20100459E-03 -377.01005E-06
+31.75000E-06 -40.20100459E-03 -678.51758E-06
+31.77500E-06 -40.20100459E-03 -377.01005E-06
+31.80000E-06 +0.0E+00 +125.50251E-06
+31.82500E-06 -40.20100459E-03 -377.01005E-06
+31.85000E-06 -10.05025114E-03 -779.02009E-06
+31.87500E-06 -10.05025114E-03 -477.51256E-06
+31.90000E-06 +10.05025114E-03 -678.51758E-06
+31.92500E-06 -30.15075345E-03 -377.01005E-06
+31.95000E-06 +0.0E+00 -377.01005E-06
+31.97500E-06 -30.15075345E-03 -779.02009E-06
+32.00000E-06 -40.20100459E-03 -879.52260E-06
+32.02500E-06 +0.0E+00 -477.51256E-06
+32.05000E-06 +0.0E+00 -678.51758E-06
+32.07500E-06 -10.05025114E-03 -477.51256E-06
+32.10000E-06 -30.15075345E-03 -276.50754E-06
+32.12500E-06 -60.30150691E-03 -377.01005E-06
+32.15000E-06 -10.05025114E-03 -678.51758E-06
+32.17500E-06 -40.20100459E-03 -980.02512E-06
+32.20000E-06 -30.15075345E-03 -276.50754E-06
+32.22500E-06 -10.05025114E-03 -75.50251E-06
+32.25000E-06 +0.0E+00 -779.02009E-06
+32.27500E-06 -30.15075345E-03 -779.02009E-06
+32.30000E-06 +0.0E+00 -779.02009E-06
+32.32500E-06 -40.20100459E-03 -678.51758E-06
+32.35000E-06 -30.15075345E-03 -678.51758E-06
+32.37500E-06 +0.0E+00 -377.01005E-06
+32.40000E-06 -10.05025114E-03 -879.52260E-06
+32.42500E-06 -10.05025114E-03 -377.01005E-06
+32.45000E-06 +0.0E+00 -477.51256E-06
+32.47500E-06 -40.20100459E-03 -377.01005E-06
+32.50000E-06 -10.05025114E-03 -779.02009E-06
+32.52500E-06 -40.20100459E-03 +125.50251E-06
+32.55000E-06 -10.05025114E-03 -678.51758E-06
+32.57500E-06 -40.20100459E-03 -678.51758E-06
+32.60000E-06 -40.20100459E-03 -779.02009E-06
+32.62500E-06 -40.20100459E-03 -477.51256E-06
+32.65000E-06 +0.0E+00 -980.02512E-06
+32.67500E-06 -10.05025114E-03 -779.02009E-06
+32.70000E-06 -30.15075345E-03 -879.52260E-06
+32.72500E-06 -10.05025114E-03 -477.51256E-06
+32.75000E-06 -10.05025114E-03 -276.50754E-06
+32.77500E-06 -30.15075345E-03 -377.01005E-06
+32.80000E-06 -40.20100459E-03 -779.02009E-06
+32.82500E-06 -40.20100459E-03 -477.51256E-06
+32.85000E-06 +0.0E+00 -1.08052763E-03
+32.87500E-06 -30.15075345E-03 -578.01507E-06
+32.90000E-06 -30.15075345E-03 -176.00502E-06
+32.92500E-06 -10.05025114E-03 -879.52260E-06
+32.95000E-06 -10.05025114E-03 -678.51758E-06
+32.97500E-06 -30.15075345E-03 -1.18103014E-03
+33.00000E-06 -40.20100459E-03 -477.51256E-06
+33.02500E-06 -40.20100459E-03 -1.18103014E-03
+33.05000E-06 +0.0E+00 -678.51758E-06
+33.07500E-06 -30.15075345E-03 -477.51256E-06
+33.10000E-06 +0.0E+00 -377.01005E-06
+33.12500E-06 -30.15075345E-03 -678.51758E-06
+33.15000E-06 -20.10050228E-03 -276.50754E-06
+33.17500E-06 -40.20100459E-03 -678.51758E-06
+33.20000E-06 -30.15075345E-03 -477.51256E-06
+33.22500E-06 -10.05025114E-03 -477.51256E-06
+33.25000E-06 -30.15075345E-03 -678.51758E-06
+33.27500E-06 +0.0E+00 -980.02512E-06
+33.30000E-06 +0.0E+00 -1.18103014E-03
+33.32500E-06 -30.15075345E-03 -176.00502E-06
+33.35000E-06 -10.05025114E-03 -1.08052763E-03
+33.37500E-06 -40.20100459E-03 -678.51758E-06
+33.40000E-06 -40.20100459E-03 -779.02009E-06
+33.42500E-06 -40.20100459E-03 -1.08052763E-03
+33.45000E-06 -30.15075346E-03 -678.51758E-06
+33.47500E-06 -40.20100459E-03 -477.51256E-06
+33.50000E-06 +0.0E+00 -75.50251E-06
+33.52500E-06 -40.20100459E-03 -477.51256E-06
+33.55000E-06 -10.05025114E-03 -477.51256E-06
+33.57500E-06 +0.0E+00 -678.51758E-06
+33.60000E-06 -10.05025114E-03 -1.18103014E-03
+33.62500E-06 -10.05025114E-03 -678.51758E-06
+33.65000E-06 +0.0E+00 -1.18103014E-03
+33.67500E-06 +0.0E+00 -1.18103014E-03
+33.70000E-06 -30.15075346E-03 -779.02009E-06
+33.72500E-06 -40.20100459E-03 -477.51256E-06
+33.75000E-06 -10.05025114E-03 -477.51256E-06
+33.77500E-06 -10.05025114E-03 -1.18103014E-03
+33.80000E-06 -40.20100459E-03 -779.02009E-06
+33.82500E-06 -40.20100459E-03 -377.01005E-06
+33.85000E-06 +0.0E+00 -1.08052763E-03
+33.87500E-06 -10.05025114E-03 -477.51256E-06
+33.90000E-06 -40.20100459E-03 -377.01005E-06
+33.92500E-06 -40.20100459E-03 -779.02009E-06
+33.95000E-06 -10.05025114E-03 -477.51256E-06
+33.97500E-06 -10.05025114E-03 -678.51758E-06
+34.00000E-06 +0.0E+00 -75.50251E-06
+34.02500E-06 -10.05025114E-03 -477.51256E-06
+34.05000E-06 -10.05025114E-03 -980.02512E-06
+34.07500E-06 +0.0E+00 -176.00502E-06
+34.10000E-06 +0.0E+00 -377.01005E-06
+34.12500E-06 -30.15075346E-03 -477.51256E-06
+34.15000E-06 +0.0E+00 -377.01005E-06
+34.17500E-06 +0.0E+00 -377.01005E-06
+34.20000E-06 -30.15075346E-03 -1.58304018E-03
+34.22500E-06 -40.20100459E-03 -377.01005E-06
+34.25000E-06 +0.0E+00 -1.38203516E-03
+34.27500E-06 -10.05025114E-03 -578.01507E-06
+34.30000E-06 +10.05025114E-03 -477.51256E-06
+34.32500E-06 -40.20100459E-03 -779.02009E-06
+34.35000E-06 -10.05025114E-03 -477.51256E-06
+34.37500E-06 -30.15075346E-03 -779.02009E-06
+34.40000E-06 -30.15075346E-03 -477.51256E-06
+34.42500E-06 +0.0E+00 -1.18103014E-03
+34.45000E-06 -10.05025114E-03 -779.02009E-06
+34.47500E-06 -40.20100459E-03 -1.28153265E-03
+34.50000E-06 +0.0E+00 -477.51256E-06
+34.52500E-06 -30.15075346E-03 -779.02009E-06
+34.55000E-06 -50.25125573E-03 -377.01005E-06
+34.57500E-06 +0.0E+00 -779.02009E-06
+34.60000E-06 +0.0E+00 -779.02009E-06
+34.62500E-06 +0.0E+00 -276.50754E-06
+34.65000E-06 +0.0E+00 -1.48253767E-03
+34.67500E-06 -10.05025114E-03 -779.02009E-06
+34.70000E-06 +0.0E+00 -779.02009E-06
+34.72500E-06 -30.15075346E-03 -879.52260E-06
+34.75000E-06 -40.20100459E-03 -477.51256E-06
+34.77500E-06 -40.20100459E-03 -779.02009E-06
+34.80000E-06 +0.0E+00 -477.51256E-06
+34.82500E-06 -50.25125573E-03 -276.50754E-06
+34.85000E-06 +0.0E+00 -1.08052763E-03
+34.87500E-06 -30.15075346E-03 -779.02009E-06
+34.90000E-06 -30.15075346E-03 -678.51758E-06
+34.92500E-06 -40.20100459E-03 -75.50251E-06
+34.95000E-06 +0.0E+00 -1.08052763E-03
+34.97500E-06 -40.20100459E-03 -1.18103014E-03
+35.00000E-06 -30.15075346E-03 -477.51256E-06
+35.02500E-06 -10.05025114E-03 -779.02009E-06
+35.05000E-06 -10.05025114E-03 -678.51758E-06
+35.07500E-06 -40.20100459E-03 -477.51256E-06
+35.10000E-06 +0.0E+00 -678.51758E-06
+35.12500E-06 -40.20100459E-03 -779.02009E-06
+35.15000E-06 -10.05025114E-03 -276.50754E-06
+35.17500E-06 -30.15075346E-03 -377.01005E-06
+35.20000E-06 -40.20100459E-03 +25.00000E-06
+35.22500E-06 +0.0E+00 -377.01005E-06
+35.25000E-06 +0.0E+00 -678.51758E-06
+35.27500E-06 +0.0E+00 -879.52260E-06
+35.30000E-06 -30.15075346E-03 -779.02009E-06
+35.32500E-06 -30.15075346E-03 -377.01005E-06
+35.35000E-06 +0.0E+00 -779.02009E-06
+35.37500E-06 +0.0E+00 -779.02009E-06
+35.40000E-06 -10.05025114E-03 -879.52260E-06
+35.42500E-06 +0.0E+00 -779.02009E-06
+35.45000E-06 +0.0E+00 -678.51758E-06
+35.47500E-06 +0.0E+00 -879.52260E-06
+35.50000E-06 -10.05025114E-03 -377.01005E-06
+35.52500E-06 -10.05025114E-03 -678.51758E-06
+35.55000E-06 -40.20100459E-03 -477.51256E-06
+35.57500E-06 -30.15075346E-03 -1.08052763E-03
+35.60000E-06 -10.05025114E-03 -377.01005E-06
+35.62500E-06 -40.20100459E-03 -1.08052763E-03
+35.65000E-06 -30.15075346E-03 -678.51758E-06
+35.67500E-06 -30.15075346E-03 -477.51256E-06
+35.70000E-06 -30.15075346E-03 -779.02009E-06
+35.72500E-06 -40.20100459E-03 -276.50754E-06
+35.75000E-06 -10.05025114E-03 -477.51256E-06
+35.77500E-06 -30.15075346E-03 -1.08052763E-03
+35.80000E-06 +0.0E+00 -477.51256E-06
+35.82500E-06 -10.05025114E-03 -1.18103014E-03
+35.85000E-06 +0.0E+00 -779.02009E-06
+35.87500E-06 -30.15075346E-03 -1.18103014E-03
+35.90000E-06 +0.0E+00 -779.02009E-06
+35.92500E-06 -40.20100459E-03 -779.02009E-06
+35.95000E-06 -40.20100459E-03 -678.51758E-06
+35.97500E-06 +0.0E+00 -1.18103014E-03
+36.00000E-06 -30.15075346E-03 -879.52260E-06
+36.02500E-06 -40.20100459E-03 -377.01005E-06
+36.05000E-06 +0.0E+00 -779.02009E-06
+36.07500E-06 -40.20100459E-03 -477.51256E-06
+36.10000E-06 -40.20100459E-03 -678.51758E-06
+36.12500E-06 -40.20100459E-03 -377.01005E-06
+36.15000E-06 +0.0E+00 -779.02009E-06
+36.17500E-06 -30.15075346E-03 -477.51256E-06
+36.20000E-06 -10.05025114E-03 -779.02009E-06
+36.22500E-06 +0.0E+00 -779.02009E-06
+36.25000E-06 +0.0E+00 -477.51256E-06
+36.27500E-06 +0.0E+00 -779.02009E-06
+36.30000E-06 -40.20100459E-03 -779.02009E-06
+36.32500E-06 +0.0E+00 -779.02009E-06
+36.35000E-06 -10.05025114E-03 -779.02009E-06
+36.37500E-06 -40.20100459E-03 -1.18103014E-03
+36.40000E-06 -40.20100459E-03 -779.02009E-06
+36.42500E-06 -40.20100459E-03 -377.01005E-06
+36.45000E-06 +0.0E+00 -980.02512E-06
+36.47500E-06 -40.20100459E-03 -1.18103014E-03
+36.50000E-06 -40.20100459E-03 -879.52260E-06
+36.52500E-06 -10.05025114E-03 -1.08052763E-03
+36.55000E-06 -10.05025114E-03 -678.51758E-06
+36.57500E-06 -10.05025114E-03 -1.48253767E-03
+36.60000E-06 -40.20100459E-03 -879.52260E-06
+36.62500E-06 -10.05025114E-03 -779.02009E-06
+36.65000E-06 +0.0E+00 -678.51758E-06
+36.67500E-06 -30.15075346E-03 -578.01507E-06
+36.70000E-06 -30.15075346E-03 -779.02009E-06
+36.72500E-06 -30.15075346E-03 -377.01005E-06
+36.75000E-06 -10.05025114E-03 -1.08052763E-03
+36.77500E-06 +0.0E+00 -879.52260E-06
+36.80000E-06 -10.05025114E-03 -377.01005E-06
+36.82500E-06 -10.05025114E-03 -276.50754E-06
+36.85000E-06 +0.0E+00 -779.02009E-06
+36.87500E-06 -30.15075346E-03 -1.18103014E-03
+36.90000E-06 -10.05025114E-03 -678.51758E-06
+36.92500E-06 -40.20100459E-03 -779.02009E-06
+36.95000E-06 +0.0E+00 -377.01005E-06
+36.97500E-06 -30.15075346E-03 -276.50754E-06
+37.00000E-06 +0.0E+00 -477.51256E-06
+37.02500E-06 -10.05025114E-03 -779.02009E-06
+37.05000E-06 +0.0E+00 -678.51758E-06
+37.07500E-06 -10.05025114E-03 -779.02009E-06
+37.10000E-06 -30.15075346E-03 -1.08052763E-03
+37.12500E-06 -40.20100459E-03 -276.50754E-06
+37.15000E-06 -10.05025114E-03 -1.08052763E-03
+37.17500E-06 +0.0E+00 -678.51758E-06
+37.20000E-06 -40.20100459E-03 -477.51256E-06
+37.22500E-06 -40.20100459E-03 -779.02009E-06
+37.25000E-06 -10.05025114E-03 -1.08052763E-03
+37.27500E-06 +0.0E+00 -879.52260E-06
+37.30000E-06 -30.15075346E-03 -377.01005E-06
+37.32500E-06 -70.35175805E-03 -779.02009E-06
+37.35000E-06 +0.0E+00 -477.51256E-06
+37.37500E-06 +10.05025114E-03 -678.51758E-06
+37.40000E-06 -40.20100459E-03 -1.08052763E-03
+37.42500E-06 -40.20100459E-03 -678.51758E-06
+37.45000E-06 -30.15075346E-03 -879.52260E-06
+37.47500E-06 +0.0E+00 -477.51256E-06
+37.50000E-06 -30.15075346E-03 -477.51256E-06
+37.52500E-06 -60.30150692E-03 -779.02009E-06
+37.55000E-06 -40.20100459E-03 -477.51256E-06
+37.57500E-06 -10.05025114E-03 -980.02512E-06
+37.60000E-06 -30.15075346E-03 -1.18103014E-03
+37.62500E-06 -40.20100459E-03 -1.08052763E-03
+37.65000E-06 -10.05025114E-03 -678.51758E-06
+37.67500E-06 +0.0E+00 -879.52260E-06
+37.70000E-06 +0.0E+00 -779.02009E-06
+37.72500E-06 -40.20100459E-03 -75.50251E-06
+37.75000E-06 -50.25125573E-03 -779.02009E-06
+37.77500E-06 +0.0E+00 -678.51758E-06
+37.80000E-06 +30.15075346E-03 -477.51256E-06
+37.82500E-06 +0.0E+00 -477.51256E-06
+37.85000E-06 -40.20100459E-03 -779.02009E-06
+37.87500E-06 -40.20100459E-03 -477.51256E-06
+37.90000E-06 +40.20100459E-03 -678.51758E-06
+37.92500E-06 -40.20100459E-03 -779.02009E-06
+37.95000E-06 -40.20100459E-03 -1.08052763E-03
+37.97500E-06 -40.20100459E-03 -678.51758E-06
+38.00000E-06 +0.0E+00 -377.01005E-06
+38.02500E-06 +0.0E+00 -779.02009E-06
+38.05000E-06 -40.20100459E-03 -678.51758E-06
+38.07500E-06 -40.20100459E-03 -477.51256E-06
+38.10000E-06 -10.05025113E-03 -1.18103014E-03
+38.12500E-06 -30.15075346E-03 -779.02009E-06
+38.15000E-06 -50.25125573E-03 -377.01005E-06
+38.17500E-06 -40.20100459E-03 -678.51758E-06
+38.20000E-06 -10.05025113E-03 -879.52260E-06
+38.22500E-06 +30.15075346E-03 -678.51758E-06
+38.25000E-06 -40.20100459E-03 -1.08052763E-03
+38.27500E-06 -40.20100459E-03 -779.02009E-06
+38.30000E-06 -30.15075346E-03 -779.02009E-06
+38.32500E-06 +30.15075346E-03 -477.51256E-06
+38.35000E-06 -10.05025113E-03 -1.08052763E-03
+38.37500E-06 -70.35175805E-03 -678.51758E-06
+38.40000E-06 +0.0E+00 -879.52260E-06
+38.42500E-06 +0.0E+00 -477.51256E-06
+38.45000E-06 +0.0E+00 -678.51758E-06
+38.47500E-06 -80.40200919E-03 -1.18103014E-03
+38.50000E-06 -40.20100459E-03 -377.01005E-06
+38.52500E-06 +0.0E+00 -377.01005E-06
+38.55000E-06 +0.0E+00 -779.02009E-06
+38.57500E-06 -70.35175805E-03 -377.01005E-06
+38.60000E-06 -40.20100459E-03 -75.50251E-06
+38.62500E-06 +0.0E+00 -377.01005E-06
+38.65000E-06 +10.05025113E-03 -779.02009E-06
+38.67500E-06 -40.20100459E-03 -477.51256E-06
+38.70000E-06 -40.20100459E-03 -879.52260E-06
+38.72500E-06 +0.0E+00 -1.08052763E-03
+38.75000E-06 +70.35175805E-03 -578.01507E-06
+38.77500E-06 -40.20100459E-03 -1.08052763E-03
+38.80000E-06 -50.25125573E-03 -879.52260E-06
+38.82500E-06 -10.05025113E-03 -377.01005E-06
+38.85000E-06 +40.20100459E-03 -1.48253767E-03
+38.87500E-06 +0.0E+00 -1.18103014E-03
+38.90000E-06 -110.55276265E-03 -879.52260E-06
+38.92500E-06 -40.20100459E-03 -377.01005E-06
+38.95000E-06 +30.15075346E-03 -377.01005E-06
+38.97500E-06 -20.10050233E-03 -879.52260E-06
+39.00000E-06 -80.40200919E-03 -477.51256E-06
+39.02500E-06 -40.20100459E-03 -377.01005E-06
+39.05000E-06 +10.05025113E-03 -678.51758E-06
+39.07500E-06 +10.05025113E-03 -578.01507E-06
+39.10000E-06 -80.40200919E-03 -276.50754E-06
+39.12500E-06 -110.55276265E-03 -678.51758E-06
+39.15000E-06 +40.20100459E-03 -377.01005E-06
+39.17500E-06 +50.25125573E-03 -1.18103014E-03
+39.20000E-06 -70.35175806E-03 -879.52260E-06
+39.22500E-06 -110.55276265E-03 -678.51758E-06
+39.25000E-06 +40.20100459E-03 -377.01005E-06
+39.27500E-06 +20.10050227E-03 -879.52260E-06
+39.30000E-06 -60.30150692E-03 -879.52260E-06
+39.32500E-06 -150.75376724E-03 -377.01005E-06
+39.35000E-06 +20.10050233E-03 -678.51758E-06
+39.37500E-06 +70.35175806E-03 -578.01507E-06
+39.40000E-06 -40.20100459E-03 -779.02009E-06
+39.42500E-06 -110.55276265E-03 -1.18103014E-03
+39.45000E-06 -40.20100459E-03 -678.51758E-06
+39.47500E-06 +80.40200919E-03 -980.02512E-06
+39.50000E-06 +10.05025113E-03 -477.51256E-06
+39.52500E-06 -110.55276265E-03 -377.01005E-06
+39.55000E-06 -60.30150686E-03 -276.50754E-06
+39.57500E-06 +40.20100459E-03 -377.01005E-06
+39.60000E-06 +10.05025113E-03 -779.02009E-06
+39.62500E-06 -110.55276265E-03 -678.51758E-06
+39.65000E-06 -120.60301378E-03 -377.01005E-06
+39.67500E-06 +70.35175806E-03 -779.02009E-06
+39.70000E-06 +50.25125573E-03 -1.08052763E-03
+39.72500E-06 -70.35175806E-03 -779.02009E-06
+39.75000E-06 -130.65326492E-03 -678.51758E-06
+39.77500E-06 +60.30150692E-03 -678.51758E-06
+39.80000E-06 +80.40200919E-03 -1.18103014E-03
+39.82500E-06 -30.15075346E-03 -779.02009E-06
+39.85000E-06 -130.65326492E-03 -377.01005E-06
+39.87500E-06 +0.0E+00 -377.01005E-06
+39.90000E-06 +80.40200919E-03 -477.51256E-06
+39.92500E-06 -30.15075346E-03 -779.02009E-06
+39.95000E-06 -160.80401838E-03 -779.02009E-06
+39.97500E-06 -40.20100459E-03 -678.51758E-06
+40.00000E-06 +80.40200919E-03 -276.50754E-06
+40.02500E-06 +10.05025113E-03 -779.02009E-06
+40.05000E-06 -150.75376725E-03 -1.08052763E-03
+40.07500E-06 -60.30150686E-03 -477.51256E-06
+40.10000E-06 +110.55276265E-03 -75.50251E-06
+40.12500E-06 +50.25125573E-03 -678.51758E-06
+40.15000E-06 -110.55276265E-03 -678.51758E-06
+40.17500E-06 -100.50251145E-03 -377.01005E-06
+40.20000E-06 +70.35175806E-03 -477.51256E-06
+40.22500E-06 +90.45226032E-03 -1.18103014E-03
+40.25000E-06 -110.55276265E-03 -1.08052763E-03
+40.27500E-06 -160.80401838E-03 -176.00502E-06
+40.30000E-06 +0.0E+00 +25.00000E-06
+40.32500E-06 +100.50251145E-03 -477.51256E-06
+40.35000E-06 -60.30150692E-03 -1.18103014E-03
+40.37500E-06 -201.00502297E-03 -779.02009E-06
+40.40000E-06 -20.10050227E-03 -377.01005E-06
+40.42500E-06 +120.60301378E-03 -1.18103014E-03
+40.45000E-06 +10.05025113E-03 -1.48253767E-03
+40.47500E-06 -190.95477184E-03 -477.51256E-06
+40.50000E-06 -90.45226032E-03 -779.02009E-06
+40.52500E-06 +120.60301378E-03 -779.02009E-06
+40.55000E-06 +50.25125573E-03 -1.18103014E-03
+40.57500E-06 -150.75376725E-03 -1.08052763E-03
+40.60000E-06 -130.65326492E-03 -276.50754E-06
+40.62500E-06 +140.70351611E-03 -678.51758E-06
+40.65000E-06 +130.65326492E-03 -1.48253767E-03
+40.67500E-06 -150.75376725E-03 -1.18103014E-03
+40.70000E-06 -170.85426951E-03 -75.50251E-06
+40.72500E-06 +100.50251152E-03 -779.02009E-06
+40.75000E-06 +160.80401838E-03 -1.18103014E-03
+40.77500E-06 -100.50251152E-03 -1.68354270E-03
+40.80000E-06 -211.05527411E-03 -377.01005E-06
+40.82500E-06 +30.15075346E-03 -779.02009E-06
+40.85000E-06 +190.95477184E-03 -1.08052763E-03
+40.87500E-06 -30.15075346E-03 -879.52260E-06
+40.90000E-06 -231.15577644E-03 -779.02009E-06
+40.92500E-06 -20.10050226E-03 -678.51758E-06
+40.95000E-06 +190.95477184E-03 -377.01005E-06
+40.97500E-06 +10.05025113E-03 -1.48253767E-03
+41.00000E-06 -231.15577644E-03 -477.51256E-06
+41.02500E-06 -70.35175799E-03 +25.00000E-06
+41.05000E-06 +190.95477184E-03 -578.01507E-06
+41.07500E-06 +90.45226032E-03 -1.18103014E-03
+41.10000E-06 -221.10552530E-03 -779.02009E-06
+41.12500E-06 -201.00502297E-03 +25.00000E-06
+41.15000E-06 +150.75376725E-03 -276.50754E-06
+41.17500E-06 +140.70351605E-03 -1.08052763E-03
+41.20000E-06 -221.10552530E-03 -477.51256E-06
+41.22500E-06 -221.10552524E-03 +326.50753E-06
+41.25000E-06 +130.65326498E-03 -678.51758E-06
+41.27500E-06 +201.00502297E-03 -879.52260E-06
+41.30000E-06 -100.50251152E-03 -1.18103014E-03
+41.32500E-06 -291.45728329E-03 -377.01005E-06
+41.35000E-06 +20.10050233E-03 -75.50251E-06
+41.37500E-06 +301.50753449E-03 -1.18103014E-03
+41.40000E-06 -60.30150693E-03 -1.18103014E-03
+41.42500E-06 -321.60803676E-03 -377.01005E-06
+41.45000E-06 -30.15075340E-03 -377.01005E-06
+41.47500E-06 +281.40703216E-03 -779.02009E-06
+41.50000E-06 +60.30150686E-03 -879.52260E-06
+41.52500E-06 -311.55778562E-03 -779.02009E-06
+41.55000E-06 -150.75376718E-03 +25.00000E-06
+41.57500E-06 +271.35678103E-03 -678.51758E-06
+41.60000E-06 +120.60301371E-03 -1.48253767E-03
+41.62500E-06 -311.55778563E-03 -1.08052763E-03
+41.65000E-06 -221.10552524E-03 +25.00000E-06
+41.67500E-06 +221.10552530E-03 -879.52260E-06
+41.70000E-06 +221.10552524E-03 -1.18103014E-03
+41.72500E-06 -221.10552530E-03 -779.02009E-06
+41.75000E-06 -331.65828789E-03 -377.01005E-06
+41.77500E-06 +140.70351612E-03 +125.50251E-06
+41.80000E-06 +291.45728329E-03 -779.02009E-06
+41.82500E-06 -130.65326498E-03 -879.52260E-06
+41.85000E-06 -402.01004595E-03 -779.02009E-06
+41.87500E-06 +20.10050233E-03 +427.01005E-06
+41.90000E-06 +351.75879022E-03 -678.51758E-06
+41.92500E-06 -40.20100466E-03 -879.52260E-06
+41.95000E-06 -412.06029708E-03 +226.00502E-06
+41.97500E-06 -80.40200912E-03 +125.50251E-06
+42.00000E-06 +381.90954368E-03 -779.02009E-06
+42.02500E-06 +100.50251145E-03 -1.58304018E-03
+42.05000E-06 -412.06029715E-03 -779.02009E-06
+42.07500E-06 -221.10552523E-03 -176.00502E-06
+42.10000E-06 +341.70853909E-03 -276.50754E-06
+42.12500E-06 +190.95477177E-03 -1.58304018E-03
+42.15000E-06 -341.70853909E-03 -779.02009E-06
+42.17500E-06 -381.90954361E-03 +25.00000E-06
+42.20000E-06 +261.30652990E-03 -477.51256E-06
+42.22500E-06 +331.65828789E-03 -1.48253767E-03
+42.25000E-06 -251.25627877E-03 -1.88454772E-03
+42.27500E-06 -412.06029708E-03 -75.50251E-06
+42.30000E-06 +170.85426958E-03 -377.01005E-06
+42.32500E-06 +412.06029708E-03 -779.02009E-06
+42.35000E-06 -130.65326499E-03 -879.52260E-06
+42.37500E-06 -482.41205513E-03 +25.00000E-06
+42.40000E-06 +40.20100467E-03 +125.50251E-06
+42.42500E-06 +442.21105054E-03 -678.51758E-06
+42.45000E-06 +30.15075339E-03 -1.98505023E-03
+42.47500E-06 -522.61305973E-03 -176.00502E-06
+42.50000E-06 -120.60301371E-03 +427.01005E-06
+42.52500E-06 +442.21105054E-03 -678.51758E-06
+42.55000E-06 +160.80401831E-03 -1.58304018E-03
+42.57500E-06 -472.36180400E-03 -879.52260E-06
+42.60000E-06 -311.55778555E-03 +427.01005E-06
+42.62500E-06 +452.26130174E-03 -377.01005E-06
+42.65000E-06 +311.55778555E-03 -1.88454772E-03
+42.67500E-06 -442.21105061E-03 -980.02512E-06
+42.70000E-06 -432.16079934E-03 +728.51758E-06
+42.72500E-06 +291.45728337E-03 +25.00000E-06
+42.75000E-06 +452.26130167E-03 -1.48253767E-03
+42.77500E-06 -281.40703224E-03 -1.88454772E-03
+42.80000E-06 -542.71356199E-03 -75.50251E-06
+42.82500E-06 +160.80401845E-03 +527.51256E-06
+42.85000E-06 +603.01506892E-03 -1.78404521E-03
+42.87500E-06 -150.75376732E-03 -1.28153265E-03
+42.90000E-06 -643.21607351E-03 +326.50753E-06
+42.92500E-06 -10.05025106E-03 +829.02009E-06
+42.95000E-06 +592.96481779E-03 -980.02512E-06
+42.97500E-06 +50.25125565E-03 -1.58304018E-03
+43.00000E-06 -663.31657585E-03 -477.51256E-06
+43.02500E-06 -201.00502290E-03 +527.51256E-06
+43.05000E-06 +582.91456666E-03 -980.02512E-06
+43.07500E-06 +281.40703209E-03 -1.68354270E-03
+43.10000E-06 -613.06532012E-03 -1.18103014E-03
+43.12500E-06 -432.16079934E-03 +728.51758E-06
+43.15000E-06 +522.61305980E-03 -75.50251E-06
+43.17500E-06 +472.36180393E-03 -2.28655777E-03
+43.20000E-06 -482.41205521E-03 -1.58304018E-03
+43.22500E-06 -592.96481771E-03 +25.00000E-06
+43.25000E-06 +381.90954376E-03 +25.00000E-06
+43.27500E-06 +623.11557118E-03 -1.78404521E-03
+43.30000E-06 -281.40703224E-03 -1.38203516E-03
+43.32500E-06 -733.66833383E-03 +326.50753E-06
+43.35000E-06 +140.70351619E-03 +829.02009E-06
+43.37500E-06 +693.46732924E-03 -1.78404521E-03
+43.40000E-06 -100.50251160E-03 -1.88454772E-03
+43.42500E-06 -804.02009189E-03 -477.51256E-06
+43.45000E-06 -50.25125565E-03 +829.02009E-06
+43.47500E-06 +753.76883617E-03 -779.02009E-06
+43.50000E-06 +130.65326484E-03 -2.38706028E-03
+43.52500E-06 -783.91958963E-03 -276.50753E-06
+43.55000E-06 -301.50753434E-03 +829.02009E-06
+43.57500E-06 +723.61808278E-03 -578.01507E-06
+43.60000E-06 +381.90954353E-03 -2.38706028E-03
+43.62500E-06 -723.61808278E-03 -879.52260E-06
+43.65000E-06 -562.81406425E-03 +829.02009E-06
+43.67500E-06 +592.96481787E-03 -377.01005E-06
+43.70000E-06 +603.01506884E-03 -1.88454772E-03
+43.72500E-06 -572.86431561E-03 -1.28153265E-03
+43.75000E-06 -793.96984068E-03 +728.51758E-06
+43.77500E-06 +412.06029723E-03 +1.03002511E-03
+43.80000E-06 +753.76883609E-03 -2.28655777E-03
+43.82500E-06 -331.65828804E-03 -1.98505023E-03
+43.85000E-06 -864.32159874E-03 -377.01005E-06
+43.87500E-06 +170.85426966E-03 +829.02009E-06
+43.90000E-06 +914.57285455E-03 -1.38203516E-03
+43.92500E-06 -90.45226047E-03 -2.38706028E-03
+43.95000E-06 -954.77385914E-03 +226.00502E-06
+43.97500E-06 -150.75376709E-03 +1.23103014E-03
+44.00000E-06 +914.57285455E-03 -779.02009E-06
+44.02500E-06 +231.15577628E-03 -1.98505023E-03
+44.05000E-06 -964.82411035E-03 -779.02009E-06
+44.07500E-06 -432.16079925E-03 +1.43203516E-03
+44.10000E-06 +854.27134769E-03 +25.00000E-06
+44.12500E-06 +512.56280844E-03 -2.28655777E-03
+44.15000E-06 -844.22109656E-03 -980.02512E-06
+44.17500E-06 -703.51758029E-03 +1.23103014E-03
+44.20000E-06 +703.51758052E-03 -276.50754E-06
+44.22500E-06 +804.02009181E-03 -2.48756279E-03
+44.25000E-06 -613.06532021E-03 -2.28655777E-03
+44.27500E-06 -924.62310560E-03 +527.51256E-06
+44.30000E-06 +432.16079957E-03 +929.52260E-06
+44.32500E-06 +984.92461253E-03 -2.28655777E-03
+44.35000E-06 -361.80904151E-03 -2.38706028E-03
+44.37500E-06 -1.13567837978E+00 +427.01005E-06
+44.40000E-06 +150.75376741E-03 +1.23103014E-03
+44.42500E-06 +1.11557787752E+00 -2.08555274E-03
+44.45000E-06 -160E-12 -3.09057786E-03
+44.47500E-06 -1.14572863099E+00 +125.50251E-06
+44.50000E-06 -211.05527394E-03 +1.63304018E-03
+44.52500E-06 +1.09547737526E+00 -578.01507E-06
+44.55000E-06 +361.80904119E-03 -2.78907032E-03
+44.57500E-06 -1.11557787760E+00 -578.01507E-06
+44.60000E-06 -603.01506876E-03 +2.33655776E-03
+44.62500E-06 +1.02512561728E+00 +125.50251E-06
+44.65000E-06 +713.56783141E-03 -3.19108037E-03
+44.67500E-06 -964.82411043E-03 -1.08052763E-03
+44.70000E-06 -904.52260326E-03 +2.23605525E-03
+44.72500E-06 +804.02009205E-03 +326.50753E-06
+44.75000E-06 +1.01507536591E+00 -2.99007535E-03
+44.77500E-06 -663.31657601E-03 -1.78404521E-03
+44.80000E-06 -1.20603013776E+00 +1.33153265E-03
+44.82500E-06 +462.31155304E-03 +1.43203516E-03
+44.85000E-06 +1.23618089122E+00 -2.58806530E-03
+44.87500E-06 -331.65828813E-03 -2.68856781E-03
+44.90000E-06 -1.33668340275E+00 +929.52260E-06
+44.92500E-06 +90.45226056E-03 +1.73354269E-03
+44.95000E-06 +1.33668340283E+00 -1.38203516E-03
+44.97500E-06 +110.55276241E-03 -3.19108037E-03
+45.00000E-06 -1.36683415630E+00 -276.50753E-06
+45.02500E-06 -351.75878998E-03 +2.43706028E-03
+45.05000E-06 +1.27638189598E+00 -879.52260E-06
+45.07500E-06 +532.66331069E-03 -3.39208539E-03
+45.10000E-06 -1.29648239832E+00 -1.08052763E-03
+45.12500E-06 -804.02009173E-03 +2.33655776E-03
+45.15000E-06 +1.09547737535E+00 +326.50753E-06
+45.17500E-06 +924.62310551E-03 -3.89459795E-03
+45.20000E-06 -1.03517586850E+00 -1.38203516E-03
+45.22500E-06 -1.15577888195E+00 +1.93454772E-03
+45.25000E-06 +864.32159899E-03 +1.03002511E-03
+45.27500E-06 +1.25628139348E+00 -3.19108037E-03
+45.30000E-06 -693.46732948E-03 -2.58806530E-03
+45.32500E-06 -1.46733666766E+00 +1.83404521E-03
+45.35000E-06 +442.21105079E-03 +2.13555274E-03
+45.37500E-06 +1.46733666766E+00 -2.38706028E-03
+45.40000E-06 -271.35678129E-03 -2.99007534E-03
+45.42500E-06 -1.56783917919E+00 +1.03002511E-03
+45.45000E-06 +250E-12 +2.23605525E-03
+45.47500E-06 +1.57788943040E+00 -1.48253767E-03
+45.50000E-06 +201.00502272E-03 -3.39208539E-03
+45.52500E-06 -1.56783917927E+00 +427.01005E-06
+45.55000E-06 -522.61305948E-03 +2.13555274E-03
+45.57500E-06 +1.50753767242E+00 -879.52260E-06
+45.60000E-06 +713.56783132E-03 -4.39711051E-03
+45.62500E-06 -1.40703516098E+00 -980.02512E-06
+45.65000E-06 -984.92461235E-03 +2.13555274E-03
+45.67500E-06 +1.23618089147E+00 +125.50251E-06
+45.70000E-06 +1.16582913307E+00 -3.49258790E-03
+45.72500E-06 -1.12562812890E+00 -2.08555274E-03
+45.75000E-06 -1.39698490951E+00 +2.63806530E-03
+45.77500E-06 +884.42210134E-03 +1.73354269E-03
+45.80000E-06 +1.50753767217E+00 -3.39208539E-03
+45.82500E-06 -713.56783183E-03 -3.09057786E-03
+45.85000E-06 -1.70854269523E+00 +1.83404521E-03
+45.87500E-06 +391.95979507E-03 +2.33655776E-03
+45.90000E-06 +1.73869344869E+00 -2.48756279E-03
+45.92500E-06 -190.95477210E-03 -4.09560297E-03
+45.95000E-06 -1.83919596022E+00 +1.03002511E-03
+45.97500E-06 -140.70351578E-03 +3.14057786E-03
+46.00000E-06 +1.76884420225E+00 -1.38203516E-03
+46.02500E-06 +381.90954335E-03 -3.79409544E-03
+46.05000E-06 -1.78894470459E+00 -477.51256E-06
+46.07500E-06 -723.61808244E-03 +3.24108037E-03
+46.10000E-06 +1.62814068621E+00 -779.02009E-06
+46.12500E-06 +904.52260307E-03 -4.29660799E-03
+46.15000E-06 -1.55778892823E+00 -1.28153265E-03
+46.17500E-06 -1.23618089104E+00 +3.24108037E-03
+46.20000E-06 +1.33668340301E+00 +1.33153265E-03
+46.22500E-06 +1.41708541176E+00 -3.89459795E-03
+46.25000E-06 -1.18592963584E+00 -2.68856781E-03
+46.27500E-06 -1.67839194167E+00 +2.53756279E-03
+46.30000E-06 +874.37185022E-03 +2.23605525E-03
+46.32500E-06 +1.77889445320E+00 -3.29158288E-03
+46.35000E-06 -653.26632499E-03 -3.49258790E-03
+46.37500E-06 -1.94974872279E+00 +1.83404521E-03
+46.40000E-06 +321.60803711E-03 +2.93957283E-03
+46.42500E-06 +1.96984922513E+00 -3.19108037E-03
+46.45000E-06 -50.25125607E-03 -4.09560297E-03
+46.47500E-06 -2.03015073207E+00 +829.02009E-06
+46.50000E-06 -281.40703181E-03 +3.64309041E-03
+46.52500E-06 +1.96984922522E+00 -1.58304019E-03
+46.55000E-06 +582.91456631E-03 -5.10062809E-03
+46.57500E-06 -1.89949746725E+00 -578.01507E-06
+46.60000E-06 -944.72360766E-03 +4.34660799E-03
+46.62500E-06 +1.79899495581E+00 +326.50753E-06
+46.65000E-06 +1.17587938410E+00 -5.30163311E-03
+46.67500E-06 -1.65829143977E+00 -1.28153265E-03
+46.70000E-06 -1.48743716973E+00 +3.84409544E-03
+46.72500E-06 +1.42713566342E+00 +1.53253767E-03
+46.75000E-06 +1.68844219279E+00 -4.29660799E-03
+46.77500E-06 -1.20603013819E+00 -2.68856781E-03
+46.80000E-06 -1.92964822036E+00 +2.63806530E-03
+46.82500E-06 +914.57285491E-03 +2.73856781E-03
+46.85000E-06 +2.05025123423E+00 -4.39711051E-03
+46.87500E-06 -603.01506928E-03 -3.99510046E-03
+46.90000E-06 -2.19095475036E+00 +2.43706028E-03
+46.92500E-06 +231.15577680E-03 +3.44208539E-03
+46.95000E-06 +2.23115575504E+00 -2.08555274E-03
+46.97500E-06 +90.45225995E-03 -4.79912055E-03
+47.00000E-06 -2.25125625739E+00 +1.23103014E-03
+47.02500E-06 -462.31155243E-03 +4.14560297E-03
+47.05000E-06 +2.16080399707E+00 -1.08052763E-03
+47.07500E-06 +773.86933806E-03 -5.40213562E-03
+47.10000E-06 -2.08040198797E+00 +226.00502E-06
+47.12500E-06 -1.19597988635E+00 +4.04510046E-03
+47.15000E-06 +1.89949746734E+00 +427.01004E-06
+47.17500E-06 +1.45728641626E+00 -5.40213562E-03
+47.20000E-06 -1.71859294671E+00 -1.58304018E-03
+47.22500E-06 -1.75879395076E+00 +4.64811553E-03
+47.25000E-06 +1.45728641690E+00 +2.03505023E-03
+47.27500E-06 +1.94974872261E+00 -5.10062809E-03
+47.30000E-06 -1.20603013820E+00 -2.68856781E-03
+47.32500E-06 -2.19095475027E+00 +3.34158288E-03
+47.35000E-06 +824.12059460E-03 +3.14057785E-03
+47.37500E-06 +2.32160801527E+00 -3.49258790E-03
+47.40000E-06 -502.51255785E-03 -4.69861804E-03
+47.42500E-06 -2.42211052680E+00 +2.93957283E-03
+47.45000E-06 +90.45226077E-03 +3.84409544E-03
+47.47500E-06 +2.43216077802E+00 -2.28655777E-03
+47.50000E-06 +271.35678058E-03 -4.89962306E-03
+47.52500E-06 -2.47236178270E+00 +829.02009E-06
+47.55000E-06 -663.31657539E-03 +4.94962306E-03
+47.57500E-06 +2.32160801554E+00 -678.51758E-06
+47.60000E-06 +1.01507536562E+00 -5.60314064E-03
+47.62500E-06 -2.23115575523E+00 -678.51758E-06
+47.65000E-06 -1.40703516044E+00 +5.35163311E-03
+47.67500E-06 +1.99999997888E+00 +728.51758E-06
+47.70000E-06 +1.69849244382E+00 -5.50263813E-03
+47.72500E-06 -1.73869344906E+00 -1.98505023E-03
+47.75000E-06 -2.04020098292E+00 +4.24610548E-03
+47.77500E-06 +1.43718591465E+00 +1.93454772E-03
+47.80000E-06 +2.21105525252E+00 -5.20113060E-03
+47.82500E-06 -1.13567838024E+00 -3.99510046E-03
+47.85000E-06 -2.46231153130E+00 +3.34158288E-03
+47.87500E-06 +723.61808317E-03 +3.34158288E-03
+47.90000E-06 +2.55276379171E+00 -3.59309042E-03
+47.92500E-06 -402.01004641E-03 -4.69861804E-03
+47.95000E-06 -2.65326630324E+00 +2.03505023E-03
+47.97500E-06 -80.40200872E-03 +4.64811553E-03
+48.00000E-06 +2.60301504762E+00 -1.98505023E-03
+48.02500E-06 +412.06029660E-03 -5.80414567E-03
+48.05000E-06 -2.55276379190E+00 +527.51256E-06
+48.07500E-06 -914.57285408E-03 +4.84912055E-03
+48.10000E-06 +2.43216077821E+00 -377.01005E-06
+48.12500E-06 +1.23618089084E+00 -6.30665822E-03
+48.15000E-06 -2.29145726217E+00 -1.28153265E-03
+48.17500E-06 -1.64824118800E+00 +5.15062809E-03
+48.20000E-06 +2.01005023011E+00 +1.83404521E-03
+48.22500E-06 +1.91959796904E+00 -6.20615571E-03
+48.25000E-06 -1.78894470488E+00 -2.48756279E-03
+48.27500E-06 -2.27135675936E+00 +4.94962306E-03
+48.30000E-06 +1.37688440782E+00 +3.04007534E-03
+48.32500E-06 +2.45226128008E+00 -5.20113060E-03
+48.35000E-06 -1.03517586881E+00 -4.29660799E-03
+48.37500E-06 -2.62311554968E+00 +3.74359293E-03
+48.40000E-06 +592.96481827E-03 +4.64811553E-03
+48.42500E-06 +2.74371856356E+00 -3.49258790E-03
+48.45000E-06 -231.15577692E-03 -5.70364316E-03
+48.47500E-06 -2.79396981937E+00 +2.33655776E-03
+48.50000E-06 -221.10552474E-03 +5.25113060E-03
+48.52500E-06 +2.72361806140E+00 -1.48253767E-03
+48.55000E-06 +653.26632416E-03 -6.50766325E-03
+48.57500E-06 -2.66331655456E+00 +829.02009E-06
+48.60000E-06 -1.12562812817E+00 +5.95464818E-03
+48.62500E-06 +2.46231153168E+00 +829.02009E-06
+48.65000E-06 +1.49748742074E+00 -6.70866827E-03
+48.67500E-06 -2.28140701106E+00 -477.51256E-06
+48.70000E-06 -1.87939696443E+00 +5.75364315E-03
+48.72500E-06 +1.96984922552E+00 +2.13555274E-03
+48.75000E-06 +2.17085424782E+00 -6.10565320E-03
+48.77500E-06 -1.69849244458E+00 -3.19108037E-03
+48.80000E-06 -2.47236178232E+00 +4.94962306E-03
+48.82500E-06 +1.28643214751E+00 +3.44208539E-03
+48.85000E-06 +2.64321605192E+00 -5.50263813E-03
+48.87500E-06 -904.52260391E-03 -4.89962306E-03
+48.90000E-06 -2.84422107499E+00 +3.54258790E-03
+48.92500E-06 +452.26130225E-03 +4.74861804E-03
+48.95000E-06 +2.85427132621E+00 -3.19108037E-03
+48.97500E-06 -20.10050283E-03 -6.20615571E-03
+49.00000E-06 -2.89447233091E+00 +2.03505023E-03
+49.02500E-06 -432.16079883E-03 +6.05515069E-03
+49.05000E-06 +2.81407032182E+00 -1.78404521E-03
+49.07500E-06 +864.32159824E-03 -7.01017580E-03
+49.10000E-06 -2.68341705691E+00 +1.03002512E-03
+49.12500E-06 -1.35678390460E+00 +6.05515069E-03
+49.15000E-06 +2.47236178291E+00 +427.01004E-06
+49.17500E-06 +1.69849244370E+00 -6.70866827E-03
+49.20000E-06 -2.25125625769E+00 -1.28153265E-03
+49.22500E-06 -2.11055274087E+00 +6.25615571E-03
+49.25000E-06 +1.87939696522E+00 +2.63806530E-03
+49.27500E-06 +2.37185927078E+00 -6.20615571E-03
+49.30000E-06 -1.57788943081E+00 -3.59309041E-03
+49.32500E-06 -2.65326630304E+00 +4.94962306E-03
+49.35000E-06 +1.17587938496E+00 +3.54258790E-03
+49.37500E-06 +2.78391956805E+00 -5.00012558E-03
+49.40000E-06 -733.66833442E-03 -5.10062809E-03
+49.42500E-06 -2.95477383765E+00 +3.74359293E-03
+49.45000E-06 +251.25627929E-03 +4.84912055E-03
+49.47500E-06 +2.92462308428E+00 -3.19108037E-03
+49.50000E-06 +190.95477125E-03 -6.50766325E-03
+49.52500E-06 -2.99497484245E+00 +2.03505023E-03
+49.55000E-06 -673.36682638E-03 +6.15565320E-03
+49.57500E-06 +2.81407032182E+00 -980.02512E-06
+49.60000E-06 +1.09547737468E+00 -7.21118083E-03
+49.62500E-06 -2.66331655467E+00 +628.01507E-06
+49.65000E-06 -1.55778892756E+00 +5.75364315E-03
+49.67500E-06 +2.40201002485E+00 +1.13052762E-03
+49.70000E-06 +1.92964822014E+00 -6.70866827E-03
+49.72500E-06 -2.16080399739E+00 -1.58304018E-03
+49.75000E-06 -2.31155776384E+00 +6.55766325E-03
+49.77500E-06 +1.76884420267E+00 +2.53756279E-03
+49.80000E-06 +2.48241203344E+00 -6.50766325E-03
+49.82500E-06 -1.40703516132E+00 -3.59309041E-03
+49.85000E-06 -2.80402007029E+00 +4.54761302E-03
+49.87500E-06 +944.72360853E-03 +4.24610548E-03
+49.90000E-06 +2.88442207958E+00 -5.10062809E-03
+49.92500E-06 -542.71356259E-03 -5.30163311E-03
+49.95000E-06 -2.98492459112E+00 +3.24108037E-03
+49.97500E-06 +90.45226092E-03 +5.05012557E-03
+50.00000E-06 +2.91457283316E+00 -2.28655777E-03
+50.02500E-06 +381.90954309E-03 -6.60816576E-03
+50.05000E-06 -2.91457283326E+00 +1.23103014E-03
+50.07500E-06 -864.32159822E-03 +6.35665822E-03
+50.10000E-06 +2.75376881498E+00 -276.50754E-06
+50.12500E-06 +1.28643214651E+00 -6.90967329E-03
+50.15000E-06 -2.60301504783E+00 +25.00000E-06
+50.17500E-06 -1.71859294593E+00 +6.55766325E-03
+50.20000E-06 +2.29145726230E+00 +2.03505023E-03
+50.22500E-06 +2.04020098279E+00 -6.60816576E-03
+50.25000E-06 -2.02010048137E+00 -2.38706028E-03
+50.27500E-06 -2.41206027536E+00 +6.15565320E-03
+50.30000E-06 +1.60804018430E+00 +3.94459795E-03
+50.32500E-06 +2.60301504721E+00 -5.60314064E-03
+50.35000E-06 -1.26633164530E+00 -3.29158288E-03
+50.37500E-06 -2.80402007029E+00 +4.14560297E-03
+50.40000E-06 +743.71858557E-03 +4.74861804E-03
+50.42500E-06 +2.91457283305E+00 -4.39711051E-03
+50.45000E-06 -341.70853962E-03 -5.40213562E-03
+50.47500E-06 -2.99497484235E+00 +3.44208539E-03
+50.50000E-06 -140.70351551E-03 +5.85414567E-03
+50.52500E-06 +2.89447233091E+00 -2.28655777E-03
+50.55000E-06 +552.76381258E-03 -6.50766325E-03
+50.57500E-06 -2.85427132642E+00 +829.02009E-06
+50.60000E-06 -1.09547737466E+00 +6.35665822E-03
+50.62500E-06 +2.65326630355E+00 -276.50754E-06
+50.65000E-06 +1.40703516029E+00 -7.51268836E-03
+50.67500E-06 -2.46231153181E+00 -980.02511E-06
+50.70000E-06 -1.85929646205E+00 +6.35665822E-03
+50.72500E-06 +2.14070349505E+00 +2.03505023E-03
+50.75000E-06 +2.15075374544E+00 -6.70866827E-03
+50.77500E-06 -1.85929646300E+00 -2.88957283E-03
+50.80000E-06 -2.48241203343E+00 +5.75364315E-03
+50.82500E-06 +1.43718591481E+00 +3.94459795E-03
+50.85000E-06 +2.65326630303E+00 -6.10565320E-03
+50.87500E-06 -1.03517586886E+00 -4.49761302E-03
+50.90000E-06 -2.85427132611E+00 +4.74861804E-03
+50.92500E-06 +542.71356261E-03 +4.44711050E-03
+50.95000E-06 +2.88442207969E+00 -3.89459795E-03
+50.97500E-06 -160.80401901E-03 -5.70364316E-03
+51.00000E-06 -2.90452258204E+00 +2.43706028E-03
+51.02500E-06 -341.70853847E-03 +5.85414567E-03
+51.05000E-06 +2.80402007060E+00 -2.08555274E-03
+51.07500E-06 +713.56783094E-03 -7.31168334E-03
+51.10000E-06 -2.75376881499E+00 +628.01507E-06
+51.12500E-06 -1.23618089078E+00 +6.05515069E-03
+51.15000E-06 +2.45226128059E+00 +125.50251E-06
+51.17500E-06 +1.54773867641E+00 -7.41218585E-03
+51.20000E-06 -2.27135675997E+00 -377.01005E-06
+51.22500E-06 -1.96984922471E+00 +6.35665822E-03
+51.25000E-06 +1.91959796984E+00 +2.13555274E-03
+51.27500E-06 +2.21105525238E+00 -6.30665822E-03
+51.30000E-06 -1.62814068656E+00 -2.88957283E-03
+51.32500E-06 -2.50251253577E+00 +5.75364315E-03
+51.35000E-06 +1.19597988725E+00 +4.34660799E-03
+51.37500E-06 +2.63316580078E+00 -4.79912055E-03
+51.40000E-06 -834.17084590E-03 -4.29660799E-03
+51.42500E-06 -2.79396981927E+00 +3.94459795E-03
+51.45000E-06 +341.70853965E-03 +4.54761301E-03
+51.47500E-06 +2.77386931702E+00 -2.78907032E-03
+51.50000E-06 +50.25125518E-03 -5.80414567E-03
+51.52500E-06 -2.77386931713E+00 +2.33655776E-03
+51.55000E-06 -502.51255684E-03 +6.15565320E-03
+51.57500E-06 +2.66331655458E+00 -1.38203516E-03
+51.60000E-06 +894.47235166E-03 -6.90967329E-03
+51.62500E-06 -2.52261303855E+00 +326.50754E-06
+51.65000E-06 -1.35678390455E+00 +5.75364315E-03
+51.67500E-06 +2.29145726221E+00 +829.02009E-06
+51.70000E-06 +1.64824118794E+00 -6.20615571E-03
+51.72500E-06 -2.06030148588E+00 -1.18103014E-03
+51.75000E-06 -2.03015073164E+00 +5.45213562E-03
+51.77500E-06 +1.67839194229E+00 +2.13555274E-03
+51.80000E-06 +2.23115575473E+00 -6.10565320E-03
+51.82500E-06 -1.38693465900E+00 -3.29158288E-03
+51.85000E-06 -2.45226128005E+00 +4.64811553E-03
+51.87500E-06 +964.82411082E-03 +3.94459795E-03
+51.90000E-06 +2.57286429394E+00 -4.39711051E-03
+51.92500E-06 -633.16582294E-03 -4.69861804E-03
+51.95000E-06 -2.69346730784E+00 +3.54258790E-03
+51.97500E-06 +150.75376780E-03 +4.94962306E-03
+52.00000E-06 +2.59296479640E+00 -3.09057786E-03
+52.02500E-06 +201.00502242E-03 -5.60314064E-03
+52.05000E-06 -2.56281404304E+00 +2.03505023E-03
+52.07500E-06 -673.36682644E-03 +5.55263813E-03
+52.10000E-06 +2.45226128049E+00 -678.51758E-06
+52.12500E-06 +1.02512561667E+00 -5.70364316E-03
+52.15000E-06 -2.34170851794E+00 +326.50754E-06
+52.17500E-06 -1.41708541149E+00 +6.05515069E-03
+52.20000E-06 +2.07035173701E+00 +1.23103014E-03
+52.22500E-06 +1.66834169029E+00 -5.90464818E-03
+52.25000E-06 -1.78894470485E+00 -1.98505023E-03
+52.27500E-06 -1.99999997828E+00 +4.64811553E-03
+52.30000E-06 +1.46733666820E+00 +2.43706027E-03
+52.32500E-06 +2.14070349441E+00 -5.60314064E-03
+52.35000E-06 -1.17587938492E+00 -3.49258790E-03
+52.37500E-06 -2.35175876862E+00 +4.14560297E-03
+52.40000E-06 +733.66833438E-03 +3.84409544E-03
+52.42500E-06 +2.39195977332E+00 -4.09560297E-03
+52.45000E-06 -381.90954415E-03 -4.59811553E-03
+52.47500E-06 -2.49246228486E+00 +2.73856781E-03
+52.50000E-06 -30.15075292E-03 +4.54761302E-03
+52.52500E-06 +2.39195977343E+00 -2.68856781E-03
+52.55000E-06 +341.70853855E-03 -6.10565320E-03
+52.57500E-06 -2.35175876895E+00 +1.43203516E-03
+52.60000E-06 -783.91958909E-03 +4.94962306E-03
+52.62500E-06 +2.23115575528E+00 -377.01005E-06
+52.65000E-06 +1.08542712360E+00 -6.30665822E-03
+52.67500E-06 -2.03015073231E+00 -377.01005E-06
+52.70000E-06 -1.46733666731E+00 +4.84912055E-03
+52.72500E-06 +1.76884420250E+00 +527.51256E-06
+52.75000E-06 +1.68844219263E+00 -6.20615571E-03
+52.77500E-06 -1.54773867729E+00 -1.88454772E-03
+52.80000E-06 -1.93969847143E+00 +4.64811553E-03
+52.82500E-06 +1.19597988717E+00 +2.03505023E-03
+52.85000E-06 +2.08040198757E+00 -5.20113060E-03
+52.87500E-06 -884.42210153E-03 -3.29158288E-03
+52.90000E-06 -2.21105525259E+00 +4.04510046E-03
+52.92500E-06 +512.56280906E-03 +3.54258790E-03
+52.95000E-06 +2.25125625730E+00 -3.19108037E-03
+52.97500E-06 -190.95477231E-03 -4.79912055E-03
+53.00000E-06 -2.27135675965E+00 +2.83907032E-03
+53.02500E-06 -180.90452016E-03 +4.14560297E-03
+53.05000E-06 +2.21105525281E+00 -2.68856781E-03
+53.07500E-06 +492.46230580E-03 -5.40213562E-03
+53.10000E-06 -2.14070349486E+00 +1.23103014E-03
+53.12500E-06 -874.37184950E-03 +4.64811553E-03
+53.15000E-06 +1.92964822077E+00 -377.01005E-06
+53.17500E-06 +1.10552762595E+00 -5.60314064E-03
+53.20000E-06 -1.80904520710E+00 -879.52260E-06
+53.22500E-06 -1.45728641618E+00 +4.74861804E-03
+53.25000E-06 +1.50753767270E+00 +829.02009E-06
+53.27500E-06 +1.61809043467E+00 -5.80414567E-03
+53.30000E-06 -1.27638189625E+00 -1.98505023E-03
+53.32500E-06 -1.83919596000E+00 +4.14560297E-03
+53.35000E-06 +934.67335725E-03 +2.33655776E-03
+53.37500E-06 +1.90954771807E+00 -4.09560297E-03
+53.40000E-06 -693.46732969E-03 -3.79409544E-03
+53.42500E-06 -2.04020098309E+00 +3.64309041E-03
+53.45000E-06 +331.65828834E-03 +3.44208539E-03
+53.47500E-06 +2.01005022973E+00 -2.99007535E-03
+53.50000E-06 -50.25125618E-03 -4.19610548E-03
+53.52500E-06 -2.06030148556E+00 +2.03505023E-03
+53.55000E-06 -321.60803629E-03 +3.84409544E-03
+53.57500E-06 +1.95979897413E+00 -1.88454772E-03
+53.60000E-06 +542.71356162E-03 -5.60314064E-03
+53.62500E-06 -1.85929646270E+00 +527.51256E-06
+53.65000E-06 -864.32159838E-03 +3.34158288E-03
+53.67500E-06 +1.67839194209E+00 -176.00502E-06
+53.70000E-06 +1.11557787718E+00 -5.10062809E-03
+53.72500E-06 -1.53768842606E+00 -1.08052763E-03
+53.75000E-06 -1.38693465822E+00 +4.64811553E-03
+53.77500E-06 +1.28643214738E+00 +1.13052762E-03
+53.80000E-06 +1.48743716976E+00 -4.59811553E-03
+53.82500E-06 -1.03517586869E+00 -2.58806530E-03
+53.85000E-06 -1.70854269509E+00 +3.14057786E-03
+53.87500E-06 +743.71858541E-03 +2.23605525E-03
+53.90000E-06 +1.75879395092E+00 -3.49258790E-03
+53.92500E-06 -492.46230672E-03 -2.99007534E-03
+53.95000E-06 -1.85929646247E+00 +3.04007534E-03
+53.97500E-06 +170.85426997E-03 +3.34158288E-03
+54.00000E-06 +1.79899495564E+00 -2.58806530E-03
+54.02500E-06 +100.50251107E-03 -4.09560297E-03
+54.05000E-06 -1.80904520687E+00 +1.03002511E-03
+54.07500E-06 -391.95979435E-03 +3.54258790E-03
+54.10000E-06 +1.70854269545E+00 -1.28153265E-03
+54.12500E-06 +572.86431509E-03 -4.09560297E-03
+54.15000E-06 -1.61809043514E+00 -176.00502E-06
+54.17500E-06 -884.42210073E-03 +3.34158288E-03
+54.20000E-06 +1.39698490993E+00 +326.50753E-06
+54.22500E-06 +1.06532662146E+00 -4.79912055E-03
+54.25000E-06 -1.25628139391E+00 -1.08052763E-03
+54.27500E-06 -1.29648239791E+00 +3.44208539E-03
+54.30000E-06 +1.01507536634E+00 +1.03002511E-03
+54.32500E-06 +1.35678390486E+00 -3.79409544E-03
+54.35000E-06 -814.07034337E-03 -1.98505023E-03
+54.37500E-06 -1.52763817447E+00 +2.63806530E-03
+54.40000E-06 +552.76381356E-03 +1.83404521E-03
+54.42500E-06 +1.54773867683E+00 -3.29158288E-03
+54.45000E-06 -311.55778600E-03 -3.69359293E-03
+54.47500E-06 -1.60804018378E+00 +1.63304018E-03
+54.50000E-06 +40.20100495E-03 +2.53756279E-03
+54.52500E-06 +1.55778892807E+00 -2.48756279E-03
+54.55000E-06 +160.80401802E-03 -3.69359293E-03
+54.57500E-06 -1.53768842583E+00 +929.52260E-06
+54.60000E-06 -472.36180366E-03 +3.24108037E-03
+54.62500E-06 +1.39698490981E+00 -980.02512E-06
+54.65000E-06 +663.31657551E-03 -4.39711051E-03
+54.67500E-06 -1.34673365410E+00 +25.00000E-06
+54.70000E-06 -854.27134736E-03 +3.14057786E-03
+54.72500E-06 +1.12562812889E+00 +326.50753E-06
+54.75000E-06 +1.00502511462E+00 -3.99510046E-03
+54.77500E-06 -1.02512561746E+00 -1.38203516E-03
+54.80000E-06 -1.18592963536E+00 +2.33655776E-03
+54.82500E-06 +783.91958990E-03 +1.23103014E-03
+54.85000E-06 +1.25628139343E+00 -3.79409544E-03
+54.87500E-06 -613.06532040E-03 -2.28655776E-03
+54.90000E-06 -1.35678390498E+00 +1.53253767E-03
+54.92500E-06 +331.65828824E-03 +1.83404521E-03
+54.95000E-06 +1.36683415622E+00 -2.48756279E-03
+54.97500E-06 -180.90452098E-03 -3.19108037E-03
+55.00000E-06 -1.39698490969E+00 +1.23103014E-03
+55.02500E-06 -70.35175771E-03 +2.53756279E-03
+55.05000E-06 +1.31658290050E+00 -2.08555274E-03
+55.07500E-06 +261.30652956E-03 -3.49258790E-03
+55.10000E-06 -1.29648239827E+00 +628.01507E-06
+55.12500E-06 -492.46230601E-03 +2.83907032E-03
+55.15000E-06 +1.18592963572E+00 -980.02512E-06
+55.17500E-06 +613.06531979E-03 -3.99510046E-03
+55.20000E-06 -1.09547737542E+00 -578.01507E-06
+55.22500E-06 -793.96984053E-03 +2.53756279E-03
+55.25000E-06 +894.47235244E-03 +326.50753E-06
+55.27500E-06 +904.52260319E-03 -3.19108037E-03
+55.30000E-06 -804.02009214E-03 -980.02511E-06
+55.32500E-06 -1.04522611934E+00 +2.73856781E-03
+55.35000E-06 +592.96481805E-03 +1.03002511E-03
+55.37500E-06 +1.07537687281E+00 -3.69359293E-03
+55.40000E-06 -432.16079967E-03 -2.18605525E-03
+55.42500E-06 -1.18592963548E+00 +1.53253767E-03
+55.45000E-06 +201.00502322E-03 +1.03002511E-03
+55.47500E-06 +1.13567837977E+00 -1.88454772E-03
+55.50000E-06 -110.55276291E-03 -2.18605525E-03
+55.52500E-06 -1.19597988672E+00 +628.01507E-06
+55.55000E-06 -170.85426925E-03 +2.03505023E-03
+55.57500E-06 +1.09547737529E+00 -1.68354270E-03
+55.60000E-06 +251.25627844E-03 -3.39208539E-03
+55.62500E-06 -1.05527637070E+00 -75.50251E-06
+55.65000E-06 -472.36180377E-03 +2.53756279E-03
+55.67500E-06 +924.62310580E-03 -578.01507E-06
+55.70000E-06 +582.91456644E-03 -3.59309041E-03
+55.72500E-06 -904.52260356E-03 -879.52260E-06
+55.75000E-06 -713.56783134E-03 +1.63304018E-03
+55.77500E-06 +713.56783171E-03 -75.50251E-06
+55.80000E-06 +804.02009177E-03 -2.78907032E-03
+55.82500E-06 -613.06532029E-03 -1.28153265E-03
+55.85000E-06 -914.57285443E-03 +1.63304018E-03
+55.87500E-06 +412.06029731E-03 +628.01507E-06
+55.90000E-06 +944.72360791E-03 -2.28655777E-03
+55.92500E-06 -311.55778589E-03 -2.08555274E-03
+55.95000E-06 -1.01507536598E+00 +1.53253767E-03
+55.97500E-06 +120.60301403E-03 +1.33153265E-03
+56.00000E-06 +934.67335679E-03 -2.48756279E-03
+56.02500E-06 -10.05025137E-03 -2.48756279E-03
+56.05000E-06 -954.77385915E-03 -75.50251E-06
+56.07500E-06 -190.95477160E-03 +1.93454772E-03
+56.10000E-06 +864.32159885E-03 -1.78404521E-03
+56.12500E-06 +271.35678079E-03 -2.38706028E-03
+56.15000E-06 -894.47235232E-03 -75.50251E-06
+56.17500E-06 -462.31155265E-03 +2.03505023E-03
+56.20000E-06 +733.66833395E-03 -276.50754E-06
+56.22500E-06 +532.66331072E-03 -3.09057786E-03
+56.25000E-06 -673.36682712E-03 -1.28153265E-03
+56.27500E-06 -643.21607339E-03 +1.53253767E-03
+56.30000E-06 +552.76381333E-03 -176.00502E-06
+56.32500E-06 +643.21607339E-03 -2.68856781E-03
+56.35000E-06 -432.16079955E-03 -1.78404521E-03
+56.37500E-06 -753.76883605E-03 +829.02009E-06
+56.40000E-06 +261.30653006E-03 +427.01005E-06
+56.42500E-06 +763.81908730E-03 -2.18605525E-03
+56.45000E-06 -211.05527434E-03 -2.08555274E-03
+56.47500E-06 -814.07034301E-03 +1.03002511E-03
+56.50000E-06 +20.10050249E-03 +929.52260E-06
+56.52500E-06 +773.86933841E-03 -1.78404521E-03
+56.55000E-06 +60.30150670E-03 -2.08555274E-03
+56.57500E-06 -793.96984077E-03 +25.00000E-06
+56.60000E-06 -211.05527396E-03 +1.53253767E-03
+56.62500E-06 +723.61808283E-03 -276.50754E-06
+56.65000E-06 +251.25627856E-03 -2.18605525E-03
+56.67500E-06 -683.41707824E-03 -578.01507E-06
+56.70000E-06 -412.06029693E-03 +1.23103014E-03
+56.72500E-06 +572.86431557E-03 -578.01507E-06
+56.75000E-06 +442.21105041E-03 -2.48756279E-03
+56.77500E-06 -482.41205526E-03 -879.52260E-06
+56.80000E-06 -552.76381308E-03 +1.03002511E-03
+56.82500E-06 +391.95979496E-03 +427.01005E-06
+56.85000E-06 +572.86431544E-03 -2.28655777E-03
+56.87500E-06 -321.60803689E-03 -1.38203516E-03
+56.90000E-06 -633.16582227E-03 +1.43203516E-03
+56.92500E-06 +150.75376739E-03 +628.01507E-06
+56.95000E-06 +643.21607351E-03 -1.98505023E-03
+56.97500E-06 -140.70351627E-03 -1.58304018E-03
+57.00000E-06 -673.36682699E-03 +25.00000E-06
+57.02500E-06 -20.10050210E-03 +527.51256E-06
+57.05000E-06 +592.96481780E-03 -1.08052763E-03
+57.07500E-06 +50.25125558E-03 -1.78404521E-03
+57.10000E-06 -623.11557128E-03 -176.00502E-06
+57.12500E-06 -231.15577632E-03 +1.23103014E-03
+57.15000E-06 +532.66331098E-03 +25.00000E-06
+57.17500E-06 +241.20602744E-03 -2.28655777E-03
+57.20000E-06 -542.71356209E-03 -176.00502E-06
+57.22500E-06 -361.80904122E-03 +829.02009E-06
+57.25000E-06 +452.26130179E-03 -276.50754E-06
+57.27500E-06 +381.90954358E-03 -2.28655777E-03
+57.30000E-06 -361.80904148E-03 -879.52260E-06
+57.32500E-06 -462.31155277E-03 +929.52260E-06
+57.35000E-06 +271.35678118E-03 -276.50754E-06
+57.37500E-06 +462.31155277E-03 -1.58304018E-03
+57.40000E-06 -241.20602770E-03 -879.52260E-06
+57.42500E-06 -532.66331085E-03 +25.00000E-06
+57.45000E-06 +110.55276280E-03 +125.50251E-06
+57.47500E-06 +492.46230625E-03 -1.58304018E-03
+57.50000E-06 -70.35175820E-03 -1.28153265E-03
+57.52500E-06 -522.61305973E-03 -477.51256E-06
+57.55000E-06 -50.25125558E-03 +829.02009E-06
+57.57500E-06 +472.36180402E-03 -980.02512E-06
+57.60000E-06 +80.40200906E-03 -1.98505023E-03
+57.62500E-06 -502.51255750E-03 -377.01005E-06
+57.65000E-06 -190.95477173E-03 +125.50251E-06
+57.67500E-06 +381.90954371E-03 -779.02009E-06
+57.70000E-06 +221.10552520E-03 -2.38706028E-03
+57.72500E-06 -412.06029719E-03 -477.51256E-06
+57.75000E-06 -341.70853899E-03 +427.01005E-06
+57.77500E-06 +301.50753453E-03 -678.51758E-06
+57.80000E-06 +301.50753439E-03 -1.28153265E-03
+57.82500E-06 -291.45728341E-03 -779.02009E-06
+57.85000E-06 -402.01004595E-03 +326.50753E-06
+57.87500E-06 +170.85426963E-03 +25.00000E-06
+57.90000E-06 +371.85929247E-03 -1.58304018E-03
+57.92500E-06 -160.80401851E-03 -1.58304018E-03
+57.95000E-06 -412.06029706E-03 +326.50753E-06
+57.97500E-06 +20.10050236E-03 +25.00000E-06
+58.00000E-06 +361.80904135E-03 -1.08052763E-03
+58.02500E-06 -10.05025125E-03 -1.18103014E-03
+58.05000E-06 -422.11054831E-03 -377.01005E-06
+58.07500E-06 -110.55276254E-03 +427.01005E-06
+58.10000E-06 +351.75879024E-03 -779.02009E-06
+58.12500E-06 +40.20100446E-03 -1.58304018E-03
+58.15000E-06 -361.80904135E-03 -578.01507E-06
+58.17500E-06 -190.95477172E-03 +25.00000E-06
+58.20000E-06 +301.50753453E-03 -678.51758E-06
+58.22500E-06 +180.90452061E-03 -1.58304018E-03
+58.25000E-06 -301.50753453E-03 -779.02009E-06
+58.27500E-06 -261.30652980E-03 +326.50753E-06
+58.30000E-06 +221.10552534E-03 +25.00000E-06
+58.32500E-06 +221.10552520E-03 -1.58304018E-03
+58.35000E-06 -190.95477186E-03 -779.02009E-06
+58.37500E-06 -291.45728328E-03 +25.00000E-06
+58.40000E-06 +100.50251155E-03 -377.01005E-06
+58.42500E-06 +251.25627868E-03 -1.08052763E-03
+58.45000E-06 -100.50251155E-03 -1.48253767E-03
+58.47500E-06 -331.65828787E-03 -75.50251E-06
+58.50000E-06 -10.05025111E-03 +125.50251E-06
+58.52500E-06 +281.40703216E-03 -1.08052763E-03
+58.55000E-06 +20.10050223E-03 -1.28153265E-03
+58.57500E-06 -321.60803676E-03 -276.50754E-06
+58.60000E-06 -100.50251142E-03 +125.50251E-06
+58.62500E-06 +271.35678105E-03 -779.02009E-06
+58.65000E-06 +100.50251142E-03 -1.88454772E-03
+58.67500E-06 -311.55778564E-03 -477.51256E-06
+58.70000E-06 -170.85426949E-03 -678.51758E-06
+58.72500E-06 +190.95477186E-03 -377.01005E-06
+58.75000E-06 +130.65326490E-03 -1.28153265E-03
+58.77500E-06 -221.10552534E-03 -678.51758E-06
+58.80000E-06 -221.10552520E-03 +226.00502E-06
+58.82500E-06 +140.70351615E-03 -276.50754E-06
+58.85000E-06 +180.90452061E-03 -1.48253767E-03
+58.87500E-06 -150.75376726E-03 -879.52260E-06
+58.90000E-06 -241.20602757E-03 -477.51256E-06
+58.92500E-06 +60.30150696E-03 -276.50754E-06
+58.95000E-06 +201.00502297E-03 -1.58304018E-03
+58.97500E-06 -60.30150696E-03 -1.18103014E-03
+59.00000E-06 -251.25627868E-03 -75.50251E-06
+59.02500E-06 -20.10050223E-03 +25.00000E-06
+59.05000E-06 +201.00502297E-03 -980.02512E-06
+59.07500E-06 +50.25125571E-03 -1.68354270E-03
+59.10000E-06 -211.05527409E-03 -779.02009E-06
+59.12500E-06 -90.45226030E-03 -377.01005E-06
+59.15000E-06 +150.75376726E-03 -678.51758E-06
+59.17500E-06 +70.35175794E-03 -1.18103014E-03
+59.20000E-06 -201.00502297E-03 -477.51256E-06
+59.22500E-06 -130.65326490E-03 +25.00000E-06
+59.25000E-06 +140.70351615E-03 -779.02009E-06
+59.27500E-06 +120.60301378E-03 -578.01507E-06
+59.30000E-06 -180.90452074E-03 -678.51758E-06
+59.32500E-06 -170.85426949E-03 -75.50251E-06
+59.35000E-06 +100.50251156E-03 +25.00000E-06
+59.37500E-06 +150.75376726E-03 -1.08052763E-03
+59.40000E-06 -110.55276267E-03 -1.28153265E-03
+59.42500E-06 -211.05527409E-03 -276.50754E-06
+59.45000E-06 +30.15075348E-03 -276.50754E-06
+59.47500E-06 +160.80401838E-03 -1.48253767E-03
+59.50000E-06 -20.10050237E-03 -1.18103014E-03
+59.52500E-06 -231.15577645E-03 +25.00000E-06
+59.55000E-06 -50.25125571E-03 +25.00000E-06
+59.57500E-06 +140.70351615E-03 -678.51758E-06
+59.60000E-06 +10.05025111E-03 -879.52260E-06
+59.62500E-06 -140.70351601E-03 -276.50754E-06
+59.65000E-06 -70.35175794E-03 -980.02512E-06
+59.67500E-06 +110.55276267E-03 -879.52260E-06
+59.70000E-06 +50.25125571E-03 -779.02009E-06
+59.72500E-06 -180.90452075E-03 -879.52260E-06
+59.75000E-06 -130.65326490E-03 +25.00000E-06
+59.77500E-06 +80.40200919E-03 -980.02512E-06
+59.80000E-06 +80.40200919E-03 -879.52260E-06
+59.82500E-06 -120.60301378E-03 -377.01005E-06
+59.85000E-06 -130.65326490E-03 -678.51758E-06
+59.87500E-06 +60.30150696E-03 -176.00502E-06
+59.90000E-06 +120.60301378E-03 -779.02009E-06
+59.92500E-06 -70.35175808E-03 -879.52260E-06
+59.95000E-06 -170.85426949E-03 +125.50251E-06
+59.97500E-06 +20.10050237E-03 -377.01005E-06
+60.00000E-06 +90.45226030E-03 -879.52260E-06
+60.02500E-06 -30.15075348E-03 -1.18103014E-03
+60.05000E-06 -130.65326490E-03 -678.51758E-06
+60.07500E-06 -50.25125571E-03 -779.02009E-06
+60.10000E-06 +50.25125571E-03 -779.02009E-06
+60.12500E-06 +10.05025111E-03 -1.08052763E-03
+60.15000E-06 -160.80401838E-03 -1.08052763E-03
+60.17500E-06 -50.25125571E-03 -678.51758E-06
+60.20000E-06 +80.40200919E-03 -879.52260E-06
+60.22500E-06 +50.25125571E-03 -1.08052763E-03
+60.25000E-06 -80.40200919E-03 -377.01005E-06
+60.27500E-06 -120.60301378E-03 -75.50251E-06
+60.30000E-06 +0.0E+00 -377.01005E-06
+60.32500E-06 +50.25125571E-03 -779.02009E-06
+60.35000E-06 -50.25125571E-03 -477.51256E-06
+60.37500E-06 -120.60301378E-03 -377.01005E-06
+60.40000E-06 +30.15075348E-03 -75.50251E-06
+60.42500E-06 +70.35175808E-03 -1.08052763E-03
+60.45000E-06 -30.15075348E-03 -879.52260E-06
+60.47500E-06 -120.60301378E-03 -477.51256E-06
+60.50000E-06 -10.05025111E-03 -779.02009E-06
+60.52500E-06 +50.25125571E-03 -1.08052763E-03
+60.55000E-06 -10.05025111E-03 -377.01005E-06
+60.57500E-06 -120.60301378E-03 -678.51758E-06
+60.60000E-06 -40.20100459E-03 +25.00000E-06
+60.62500E-06 +50.25125571E-03 -276.50754E-06
+60.65000E-06 +10.05025111E-03 -1.48253767E-03
+60.67500E-06 -110.55276267E-03 -477.51256E-06
+60.70000E-06 -90.45226030E-03 -75.50251E-06
+60.72500E-06 +30.15075348E-03 -377.01005E-06
+60.75000E-06 +40.20100459E-03 -1.08052763E-03
+60.77500E-06 -70.35175808E-03 -276.50754E-06
+60.80000E-06 -80.40200919E-03 +25.00000E-06
+60.82500E-06 +30.15075348E-03 -377.01005E-06
+60.85000E-06 +40.20100459E-03 -779.02009E-06
+60.87500E-06 -40.20100459E-03 -477.51256E-06
+60.90000E-06 -80.40200919E-03 -377.01005E-06
+60.92500E-06 +0.0E+00 -879.52260E-06
+60.95000E-06 +40.20100459E-03 -779.02009E-06
+60.97500E-06 -30.15075348E-03 -779.02009E-06
+61.00000E-06 -80.40200919E-03 -75.50251E-06
+61.02500E-06 -10.05025111E-03 -377.01005E-06
+61.05000E-06 +40.20100459E-03 -678.51758E-06
+61.07500E-06 +0.0E+00 -879.52260E-06
+61.10000E-06 -90.45226030E-03 +226.00502E-06
+61.12500E-06 -30.15075348E-03 -276.50754E-06
+61.15000E-06 +40.20100459E-03 -779.02009E-06
+61.17500E-06 +0.0E+00 -879.52260E-06
+61.20000E-06 -80.40200919E-03 -779.02009E-06
+61.22500E-06 -50.25125571E-03 -276.50754E-06
+61.25000E-06 +30.15075348E-03 -779.02009E-06
+61.27500E-06 +10.05025111E-03 -578.01507E-06
+61.30000E-06 -70.35175808E-03 -678.51758E-06
+61.32500E-06 -70.35175808E-03 -678.51758E-06
+61.35000E-06 +0.0E+00 -477.51256E-06
+61.37500E-06 +40.20100459E-03 -1.18103014E-03
+61.40000E-06 -40.20100459E-03 -678.51758E-06
+61.42500E-06 -80.40200919E-03 -276.50754E-06
+61.45000E-06 +0.0E+00 -678.51758E-06
+61.47500E-06 +10.05025111E-03 -779.02009E-06
+61.50000E-06 -40.20100459E-03 -779.02009E-06
+61.52500E-06 -70.35175808E-03 -176.00502E-06
+61.55000E-06 -10.05025111E-03 -377.01005E-06
+61.57500E-06 +10.05025111E-03 -377.01005E-06
+61.60000E-06 +0.0E+00 -779.02009E-06
+61.62500E-06 -40.20100459E-03 -276.50754E-06
+61.65000E-06 -10.05025111E-03 -779.02009E-06
+61.67500E-06 +0.0E+00 -1.18103014E-03
+61.70000E-06 +0.0E+00 -578.01507E-06
+61.72500E-06 -40.20100459E-03 -779.02009E-06
+61.75000E-06 -50.25125571E-03 -75.50251E-06
+61.77500E-06 +30.15075348E-03 -678.51758E-06
+61.80000E-06 +0.0E+00 -779.02009E-06
+61.82500E-06 -70.35175808E-03 -377.01005E-06
+61.85000E-06 -70.35175808E-03 -1.48253767E-03
+61.87500E-06 +0.0E+00 -1.18103014E-03
+61.90000E-06 +0.0E+00 -779.02009E-06
+61.92500E-06 -40.20100459E-03 -779.02009E-06
+61.95000E-06 -50.25125571E-03 -779.02009E-06
+61.97500E-06 +0.0E+00 -377.01005E-06
+62.00000E-06 +10.05025111E-03 +25.00000E-06
+62.02500E-06 +0.0E+00 -779.02009E-06
+62.05000E-06 -40.20100459E-03 -377.01005E-06
+62.07500E-06 -40.20100459E-03 -477.51256E-06
+62.10000E-06 +0.0E+00 -779.02009E-06
+62.12500E-06 -40.20100459E-03 -779.02009E-06
+62.15000E-06 -50.25125571E-03 -477.51256E-06
+62.17500E-06 -40.20100459E-03 -678.51758E-06
+62.20000E-06 +0.0E+00 -779.02009E-06
+62.22500E-06 +0.0E+00 -678.51758E-06
+62.25000E-06 -60.30150697E-03 -1.08052763E-03
+62.27500E-06 -10.05025111E-03 -578.01507E-06
+62.30000E-06 +0.0E+00 -377.01005E-06
+62.32500E-06 -30.15075348E-03 -779.02009E-06
+62.35000E-06 -50.25125571E-03 -377.01005E-06
+62.37500E-06 -40.20100459E-03 -678.51758E-06
+62.40000E-06 +0.0E+00 -477.51256E-06
+62.42500E-06 +0.0E+00 -678.51758E-06
+62.45000E-06 -40.20100459E-03 -1.08052763E-03
+62.47500E-06 -40.20100459E-03 -377.01005E-06
+62.50000E-06 -10.05025111E-03 -678.51758E-06
+62.52500E-06 +0.0E+00 -75.50251E-06
+62.55000E-06 -30.15075348E-03 -477.51256E-06
+62.57500E-06 -40.20100459E-03 +25.00000E-06
+62.60000E-06 -40.20100459E-03 -477.51256E-06
+62.62500E-06 +20.10050237E-03 -377.01005E-06
+62.65000E-06 +0.0E+00 -678.51758E-06
+62.67500E-06 -40.20100459E-03 -477.51256E-06
+62.70000E-06 -10.05025111E-03 -377.01005E-06
+62.72500E-06 +0.0E+00 -377.01005E-06
+62.75000E-06 -10.05025111E-03 -75.50251E-06
+62.77500E-06 -10.05025111E-03 -377.01005E-06
+62.80000E-06 -40.20100459E-03 -779.02009E-06
+62.82500E-06 -10.05025111E-03 -678.51758E-06
+62.85000E-06 -40.20100459E-03 -678.51758E-06
+62.87500E-06 -40.20100459E-03 -477.51256E-06
+62.90000E-06 -30.15075348E-03 -75.50251E-06
+62.92500E-06 -40.20100459E-03 -477.51256E-06
+62.95000E-06 -10.05025111E-03 -779.02009E-06
+62.97500E-06 -30.15075348E-03 -678.51758E-06
+63.00000E-06 -40.20100459E-03 -75.50251E-06
+63.02500E-06 -10.05025111E-03 -1.08052763E-03
+63.05000E-06 +0.0E+00 -678.51758E-06
+63.07500E-06 -40.20100459E-03 -477.51256E-06
+63.10000E-06 -30.15075348E-03 -377.01005E-06
+63.12500E-06 -30.15075348E-03 -377.01005E-06
+63.15000E-06 -10.05025111E-03 -377.01005E-06
+63.17500E-06 -30.15075348E-03 -276.50754E-06
+63.20000E-06 -30.15075348E-03 -377.01005E-06
+63.22500E-06 -30.15075348E-03 -75.50251E-06
+63.25000E-06 +0.0E+00 -377.01005E-06
+63.27500E-06 -30.15075348E-03 -75.50251E-06
+63.30000E-06 -40.20100459E-03 -377.01005E-06
+63.32500E-06 -80.40200919E-03 -1.08052763E-03
+63.35000E-06 -10.05025111E-03 -276.50754E-06
+63.37500E-06 +0.0E+00 -779.02009E-06
+63.40000E-06 -30.15075348E-03 -377.01005E-06
+63.42500E-06 -40.20100459E-03 -377.01005E-06
+63.45000E-06 +0.0E+00 -1.08052763E-03
+63.47500E-06 +10.05025111E-03 -779.02009E-06
+63.50000E-06 -30.15075348E-03 -377.01005E-06
+63.52500E-06 -10.05025111E-03 -377.01005E-06
+63.55000E-06 -10.05025111E-03 -377.01005E-06
+63.57500E-06 +30.15075348E-03 -980.02512E-06
+63.60000E-06 -40.20100459E-03 -879.52260E-06
+63.62500E-06 -40.20100459E-03 -779.02009E-06
+63.65000E-06 -10.05025111E-03 -779.02009E-06
+63.67500E-06 +0.0E+00 -477.51256E-06
+63.70000E-06 -30.15075348E-03 -377.01005E-06
+63.72500E-06 -70.35175808E-03 -477.51256E-06
+63.75000E-06 -50.25125570E-03 -779.02009E-06
+63.77500E-06 -10.05025111E-03 -377.01005E-06
+63.80000E-06 +0.0E+00 -779.02009E-06
+63.82500E-06 -10.05025111E-03 -779.02009E-06
+63.85000E-06 -40.20100459E-03 -1.48253767E-03
+63.87500E-06 -30.15075349E-03 -1.18103014E-03
+63.90000E-06 +10.05025111E-03 -879.52260E-06
+63.92500E-06 -40.20100459E-03 -477.51256E-06
+63.95000E-06 -50.25125570E-03 -377.01005E-06
+63.97500E-06 +0.0E+00 -377.01005E-06
+64.00000E-06 +0.0E+00 -477.51256E-06
+64.02500E-06 -30.15075349E-03 -779.02009E-06
+64.05000E-06 -30.15075349E-03 -980.02512E-06
+64.07500E-06 -40.20100459E-03 -879.52260E-06
+64.10000E-06 -40.20100459E-03 -779.02009E-06
+64.12500E-06 -40.20100459E-03 -779.02009E-06
+64.15000E-06 -40.20100459E-03 -477.51256E-06
+64.17500E-06 -40.20100459E-03 -377.01005E-06
+64.20000E-06 -10.05025111E-03 -377.01005E-06
+64.22500E-06 +0.0E+00 -779.02009E-06
+64.25000E-06 +0.0E+00 -678.51758E-06
+64.27500E-06 -30.15075349E-03 -879.52260E-06
+64.30000E-06 +0.0E+00 -477.51256E-06
+64.32500E-06 +0.0E+00 -779.02009E-06
+64.35000E-06 -10.05025111E-03 -377.01005E-06
+64.37500E-06 -30.15075349E-03 -779.02009E-06
+64.40000E-06 -30.15075349E-03 -477.51256E-06
+64.42500E-06 +0.0E+00 -377.01005E-06
+64.45000E-06 +0.0E+00 -779.02009E-06
+64.47500E-06 +0.0E+00 -980.02511E-06
+64.50000E-06 -40.20100459E-03 -678.51758E-06
+64.52500E-06 -40.20100459E-03 -377.01005E-06
+64.55000E-06 +0.0E+00 -779.02009E-06
+64.57500E-06 -30.15075349E-03 -779.02009E-06
+64.60000E-06 -10.05025111E-03 -176.00502E-06
+64.62500E-06 -30.15075349E-03 -678.51758E-06
+64.65000E-06 +0.0E+00 -678.51758E-06
+64.67500E-06 -40.20100459E-03 -477.51256E-06
+64.70000E-06 -40.20100459E-03 -75.50251E-06
+64.72500E-06 -40.20100459E-03 -477.51256E-06
+64.75000E-06 -10.05025111E-03 -377.01005E-06
+64.77500E-06 -40.20100459E-03 -377.01005E-06
+64.80000E-06 -40.20100459E-03 -477.51256E-06
+64.82500E-06 +0.0E+00 -377.01005E-06
+64.85000E-06 +0.0E+00 -779.02009E-06
+64.87500E-06 -30.15075349E-03 -980.02511E-06
+64.90000E-06 -10.05025111E-03 -779.02009E-06
+64.92500E-06 -30.15075349E-03 -779.02009E-06
+64.95000E-06 +0.0E+00 -678.51758E-06
+64.97500E-06 -40.20100459E-03 -1.08052763E-03
+65.00000E-06 -30.15075349E-03 -477.51256E-06
+65.02500E-06 -10.05025111E-03 -678.51758E-06
+65.05000E-06 -30.15075349E-03 -678.51758E-06
+65.07500E-06 -40.20100459E-03 -477.51256E-06
+65.10000E-06 -40.20100459E-03 -75.50251E-06
+65.12500E-06 -40.20100459E-03 -678.51758E-06
+65.15000E-06 -50.25125570E-03 -1.08052763E-03
+65.17500E-06 -30.15075349E-03 -879.52260E-06
+65.20000E-06 -30.15075349E-03 -477.51256E-06
+65.22500E-06 +0.0E+00 -779.02009E-06
+65.25000E-06 -30.15075349E-03 -678.51758E-06
+65.27500E-06 -30.15075349E-03 -779.02009E-06
+65.30000E-06 -70.35175808E-03 -477.51256E-06
+65.32500E-06 -40.20100459E-03 -779.02009E-06
+65.35000E-06 -20.10050222E-03 -879.52260E-06
+65.37500E-06 +0.0E+00 -1.08052763E-03
+65.40000E-06 +0.0E+00 -879.52260E-06
+65.42500E-06 -10.05025111E-03 -779.02009E-06
+65.45000E-06 +0.0E+00 -779.02009E-06
+65.47500E-06 +0.0E+00 -578.01507E-06
+65.50000E-06 -10.05025111E-03 -779.02009E-06
+65.52500E-06 +0.0E+00 -879.52260E-06
+65.55000E-06 -40.20100459E-03 -276.50754E-06
+65.57500E-06 -40.20100459E-03 -1.08052763E-03
+65.60000E-06 -30.15075349E-03 -477.51256E-06
+65.62500E-06 -10.05025111E-03 -276.50754E-06
+65.65000E-06 +0.0E+00 -1.08052763E-03
+65.67500E-06 -30.15075349E-03 -879.52260E-06
+65.70000E-06 -40.20100459E-03 -477.51256E-06
+65.72500E-06 -30.15075349E-03 -678.51758E-06
+65.75000E-06 -10.05025111E-03 -1.08052763E-03
+65.77500E-06 -40.20100459E-03 -75.50251E-06
+65.80000E-06 -30.15075349E-03 -477.51256E-06
+65.82500E-06 -10.05025111E-03 -779.02009E-06
+65.85000E-06 -40.20100459E-03 -1.48253767E-03
+65.87500E-06 -30.15075349E-03 -779.02009E-06
+65.90000E-06 -10.05025111E-03 -1.08052763E-03
+65.92500E-06 -40.20100459E-03 -779.02009E-06
+65.95000E-06 -10.05025111E-03 -377.01005E-06
+65.97500E-06 +0.0E+00 -779.02009E-06
+66.00000E-06 +0.0E+00 -879.52260E-06
+66.02500E-06 -40.20100459E-03 -678.51758E-06
+66.05000E-06 +0.0E+00 -1.08052763E-03
+66.07500E-06 +0.0E+00 -477.51256E-06
+66.10000E-06 -10.05025111E-03 -377.01005E-06
+66.12500E-06 -40.20100459E-03 -377.01005E-06
+66.15000E-06 -40.20100459E-03 -377.01005E-06
+66.17500E-06 -10.05025111E-03 -779.02009E-06
+66.20000E-06 -20.10050221E-03 -477.51256E-06
+66.22500E-06 -20.10050221E-03 -477.51256E-06
+66.25000E-06 -10.05025111E-03 -980.02512E-06
+66.27500E-06 -30.15075349E-03 -477.51256E-06
+66.30000E-06 +0.0E+00 -779.02009E-06
+66.32500E-06 -40.20100459E-03 -377.01005E-06
+66.35000E-06 -20.10050221E-03 -477.51256E-06
+66.37500E-06 -40.20100459E-03 -678.51758E-06
+66.40000E-06 -10.05025111E-03 -779.02009E-06
+66.42500E-06 -10.05025111E-03 -377.01005E-06
+66.45000E-06 -30.15075349E-03 -1.18103014E-03
+66.47500E-06 -40.20100459E-03 -779.02009E-06
+66.50000E-06 -10.05025111E-03 -75.50251E-06
+66.52500E-06 -40.20100459E-03 +25.00000E-06
+66.55000E-06 -40.20100459E-03 -779.02009E-06
+66.57500E-06 -40.20100459E-03 -1.08052763E-03
+66.60000E-06 -40.20100459E-03 -75.50251E-06
+66.62500E-06 -40.20100459E-03 -678.51758E-06
+66.65000E-06 +0.0E+00 -678.51758E-06
+66.67500E-06 -30.15075349E-03 -578.01507E-06
+66.70000E-06 +0.0E+00 -779.02009E-06
+66.72500E-06 -30.15075349E-03 -276.50754E-06
+66.75000E-06 -40.20100459E-03 -477.51256E-06
+66.77500E-06 +0.0E+00 -678.51758E-06
+66.80000E-06 -30.15075349E-03 -75.50251E-06
+66.82500E-06 -10.05025111E-03 -377.01005E-06
+66.85000E-06 -10.05025111E-03 -980.02512E-06
+66.87500E-06 -40.20100459E-03 -1.18103014E-03
+66.90000E-06 -10.05025111E-03 -678.51758E-06
+66.92500E-06 +0.0E+00 -779.02009E-06
+66.95000E-06 -10.05025111E-03 -779.02009E-06
+66.97500E-06 -30.15075349E-03 -879.52260E-06
+67.00000E-06 -40.20100459E-03 -779.02009E-06
+67.02500E-06 -10.05025111E-03 -276.50754E-06
+67.05000E-06 -40.20100459E-03 -980.02512E-06
+67.07500E-06 -10.05025111E-03 -477.51256E-06
+67.10000E-06 -40.20100459E-03 -779.02009E-06
+67.12500E-06 -60.30150698E-03 -879.52260E-06
+67.15000E-06 -10.05025111E-03 -377.01005E-06
+67.17500E-06 -10.05025111E-03 -879.52260E-06
+67.20000E-06 -40.20100459E-03 -75.50251E-06
+67.22500E-06 +0.0E+00 -377.01005E-06
+67.25000E-06 -40.20100459E-03 -678.51758E-06
+67.27500E-06 +0.0E+00 -879.52260E-06
+67.30000E-06 +0.0E+00 -779.02009E-06
+67.32500E-06 -30.15075349E-03 -377.01005E-06
+67.35000E-06 -40.20100459E-03 -377.01005E-06
+67.37500E-06 -40.20100459E-03 -276.50754E-06
+67.40000E-06 -40.20100459E-03 -779.02009E-06
+67.42500E-06 +0.0E+00 +25.00000E-06
+67.45000E-06 -10.05025111E-03 -1.08052763E-03
+67.47500E-06 +0.0E+00 -578.01507E-06
+67.50000E-06 -30.15075349E-03 -377.01005E-06
+67.52500E-06 -10.05025111E-03 -779.02009E-06
+67.55000E-06 -10.05025111E-03 -779.02009E-06
+67.57500E-06 -40.20100459E-03 -1.18103014E-03
+67.60000E-06 -40.20100459E-03 -779.02009E-06
+67.62500E-06 -10.05025111E-03 -1.08052763E-03
+67.65000E-06 -40.20100459E-03 -678.51758E-06
+67.67500E-06 -30.15075349E-03 -477.51256E-06
+67.70000E-06 +0.0E+00 -678.51758E-06
+67.72500E-06 -40.20100459E-03 -578.01507E-06
+67.75000E-06 -50.25125570E-03 -377.01005E-06
+67.77500E-06 -40.20100459E-03 -678.51758E-06
+67.80000E-06 -40.20100459E-03 +25.00000E-06
+67.82500E-06 -40.20100459E-03 -377.01005E-06
+67.85000E-06 -10.05025111E-03 -678.51758E-06
+67.87500E-06 -30.15075349E-03 -477.51256E-06
+67.90000E-06 -10.05025111E-03 -377.01005E-06
+67.92500E-06 -40.20100459E-03 -477.51256E-06
+67.95000E-06 -40.20100459E-03 -678.51758E-06
+67.97500E-06 +0.0E+00 -1.08052763E-03
+68.00000E-06 -40.20100459E-03 -1.08052763E-03
+68.02500E-06 -40.20100459E-03 -678.51758E-06
+68.05000E-06 +0.0E+00 -779.02009E-06
+68.07500E-06 -40.20100459E-03 -477.51256E-06
+68.10000E-06 -40.20100459E-03 -779.02009E-06
+68.12500E-06 -40.20100459E-03 -779.02009E-06
+68.15000E-06 -10.05025111E-03 -477.51256E-06
+68.17500E-06 -30.15075349E-03 -779.02009E-06
+68.20000E-06 -10.05025111E-03 -377.01005E-06
+68.22500E-06 +0.0E+00 -779.02009E-06
+68.25000E-06 -10.05025111E-03 -779.02009E-06
+68.27500E-06 -10.05025111E-03 -879.52260E-06
+68.30000E-06 -10.05025111E-03 -779.02009E-06
+68.32500E-06 +0.0E+00 -477.51256E-06
+68.35000E-06 -40.20100459E-03 -678.51758E-06
+68.37500E-06 -30.15075349E-03 -276.50754E-06
+68.40000E-06 -30.15075349E-03 -477.51256E-06
+68.42500E-06 +0.0E+00 -377.01005E-06
+68.45000E-06 +0.0E+00 -980.02512E-06
+68.47500E-06 +0.0E+00 -176.00502E-06
+68.50000E-06 -40.20100459E-03 -276.50754E-06
+68.52500E-06 -40.20100459E-03 -276.50754E-06
+68.55000E-06 -50.25125570E-03 -678.51758E-06
+68.57500E-06 -30.15075349E-03 -276.50754E-06
+68.60000E-06 -30.15075349E-03 -75.50251E-06
+68.62500E-06 -10.05025110E-03 -678.51758E-06
+68.65000E-06 +0.0E+00 -377.01005E-06
+68.67500E-06 -30.15075349E-03 -779.02009E-06
+68.70000E-06 -40.20100459E-03 -377.01005E-06
+68.72500E-06 -40.20100459E-03 -678.51758E-06
+68.75000E-06 -10.05025110E-03 -377.01005E-06
+68.77500E-06 -40.20100459E-03 -779.02009E-06
+68.80000E-06 -30.15075349E-03 -879.52260E-06
+68.82500E-06 -40.20100459E-03 -276.50754E-06
+68.85000E-06 -10.05025110E-03 -678.51758E-06
+68.87500E-06 +0.0E+00 -377.01005E-06
+68.90000E-06 -30.15075349E-03 -75.50251E-06
+68.92500E-06 -40.20100459E-03 -477.51256E-06
+68.95000E-06 -10.05025110E-03 -377.01005E-06
+68.97500E-06 -10.05025110E-03 -980.02512E-06
+69.00000E-06 -30.15075349E-03 -377.01005E-06
+69.02500E-06 -40.20100459E-03 -678.51758E-06
+69.05000E-06 +0.0E+00 -678.51758E-06
+69.07500E-06 +0.0E+00 -477.51256E-06
+69.10000E-06 -40.20100459E-03 -678.51758E-06
+69.12500E-06 -10.05025110E-03 -477.51256E-06
+69.15000E-06 -30.15075349E-03 -377.01005E-06
+69.17500E-06 +0.0E+00 -779.02009E-06
+69.20000E-06 -30.15075349E-03 -477.51256E-06
+69.22500E-06 +0.0E+00 -276.50754E-06
+69.25000E-06 -10.05025110E-03 -678.51758E-06
+69.27500E-06 -10.05025110E-03 -578.01507E-06
+69.30000E-06 -30.15075349E-03 +226.00502E-06
+69.32500E-06 -10.05025110E-03 -276.50754E-06
+69.35000E-06 -40.20100459E-03 +25.00000E-06
+69.37500E-06 -40.20100459E-03 -276.50754E-06
+69.40000E-06 -30.15075349E-03 -477.51256E-06
+69.42500E-06 +0.0E+00 -678.51758E-06
+69.45000E-06 -10.05025110E-03 -678.51758E-06
+69.47500E-06 -30.15075349E-03 -779.02009E-06
+69.50000E-06 -40.20100459E-03 -678.51758E-06
+69.52500E-06 -40.20100459E-03 -377.01005E-06
+69.55000E-06 -10.05025110E-03 -276.50754E-06
+69.57500E-06 -30.15075349E-03 -779.02009E-06
+69.60000E-06 -40.20100459E-03 -75.50251E-06
+69.62500E-06 -10.05025110E-03 -276.50754E-06
+69.65000E-06 +0.0E+00 -678.51758E-06
+69.67500E-06 +0.0E+00 -477.51256E-06
+69.70000E-06 -10.05025110E-03 -477.51256E-06
+69.72500E-06 -70.35175809E-03 -678.51758E-06
+69.75000E-06 -10.05025110E-03 -477.51256E-06
+69.77500E-06 +0.0E+00 -678.51758E-06
+69.80000E-06 -40.20100459E-03 -477.51256E-06
+69.82500E-06 -10.05025110E-03 -377.01005E-06
+69.85000E-06 -10.05025110E-03 -276.50754E-06
+69.87500E-06 +0.0E+00 -879.52260E-06
+69.90000E-06 -50.25125570E-03 -477.51256E-06
+69.92500E-06 -30.15075349E-03 -377.01005E-06
+69.95000E-06 -10.05025110E-03 -276.50754E-06
+69.97500E-06 +0.0E+00 -377.01005E-06
+70.00000E-06 -40.20100459E-03 +25.00000E-06
+70.02500E-06 -10.05025110E-03 -980.02512E-06
+70.05000E-06 -10.05025110E-03 -678.51758E-06
+70.07500E-06 -30.15075349E-03 +25.00000E-06
+70.10000E-06 -40.20100459E-03 -377.01005E-06
+70.12500E-06 -40.20100459E-03 -477.51256E-06
+70.15000E-06 +0.0E+00 -377.01005E-06
+70.17500E-06 +0.0E+00 -377.01005E-06
+70.20000E-06 -10.05025110E-03 -75.50251E-06
+70.22500E-06 -10.05025110E-03 -75.50251E-06
+70.25000E-06 +30.15075349E-03 -980.02512E-06
+70.27500E-06 -40.20100459E-03 -377.01005E-06
+70.30000E-06 +0.0E+00 -779.02009E-06
+70.32500E-06 -10.05025110E-03 -276.50754E-06
+70.35000E-06 -40.20100459E-03 -678.51758E-06
+70.37500E-06 -40.20100459E-03 -578.01507E-06
+70.40000E-06 -40.20100459E-03 -75.50251E-06
+70.42500E-06 +0.0E+00 -678.51758E-06
+70.45000E-06 +0.0E+00 -678.51758E-06
+70.47500E-06 -30.15075349E-03 -779.02009E-06
+70.50000E-06 +0.0E+00 -377.01005E-06
+70.52500E-06 -40.20100459E-03 -477.51256E-06
+70.55000E-06 -10.05025110E-03 -377.01005E-06
+70.57500E-06 -10.05025110E-03 -276.50754E-06
+70.60000E-06 -40.20100459E-03 -578.01507E-06
+70.62500E-06 -40.20100459E-03 -377.01005E-06
+70.65000E-06 -30.15075349E-03 -377.01005E-06
+70.67500E-06 -10.05025110E-03 -477.51256E-06
+70.70000E-06 -40.20100459E-03 -477.51256E-06
+70.72500E-06 -40.20100459E-03 -779.02009E-06
+70.75000E-06 -40.20100459E-03 -1.08052763E-03
+70.77500E-06 -40.20100459E-03 -1.18103014E-03
+70.80000E-06 -30.15075349E-03 +25.00000E-06
+70.82500E-06 -10.05025110E-03 -377.01005E-06
+70.85000E-06 -30.15075349E-03 -980.02512E-06
+70.87500E-06 -30.15075349E-03 -779.02009E-06
+70.90000E-06 +10.05025110E-03 -779.02009E-06
+70.92500E-06 -40.20100459E-03 -678.51758E-06
+70.95000E-06 -40.20100459E-03 -276.50754E-06
+70.97500E-06 -30.15075349E-03 -678.51758E-06
+71.00000E-06 -40.20100459E-03 -477.51256E-06
+71.02500E-06 -30.15075349E-03 -779.02009E-06
+71.05000E-06 -10.05025110E-03 -377.01005E-06
+71.07500E-06 +0.0E+00 -377.01005E-06
+71.10000E-06 -40.20100459E-03 -75.50251E-06
+71.12500E-06 -30.15075349E-03 -678.51758E-06
+71.15000E-06 -20.10050220E-03 -377.01005E-06
+71.17500E-06 -30.15075349E-03 -779.02009E-06
+71.20000E-06 +0.0E+00 -477.51256E-06
+71.22500E-06 -40.20100459E-03 -477.51256E-06
+71.25000E-06 +0.0E+00 -678.51758E-06
+71.27500E-06 +0.0E+00 -779.02009E-06
+71.30000E-06 -20.10050239E-03 -75.50251E-06
+71.32500E-06 -30.15075349E-03 -779.02009E-06
+71.35000E-06 -40.20100459E-03 -477.51256E-06
+71.37500E-06 +0.0E+00 -779.02009E-06
+71.40000E-06 -30.15075349E-03 -377.01005E-06
+71.42500E-06 +0.0E+00 -477.51256E-06
+71.45000E-06 +0.0E+00 -678.51758E-06
+71.47500E-06 -10.05025110E-03 -477.51256E-06
+71.50000E-06 -10.05025110E-03 -678.51758E-06
+71.52500E-06 -30.15075349E-03 -477.51256E-06
+71.55000E-06 -30.15075349E-03 -377.01005E-06
+71.57500E-06 -30.15075349E-03 -377.01005E-06
+71.60000E-06 -10.05025110E-03 -477.51256E-06
+71.62500E-06 -10.05025110E-03 -477.51256E-06
+71.65000E-06 +0.0E+00 -678.51758E-06
+71.67500E-06 +0.0E+00 -879.52260E-06
+71.70000E-06 -10.05025110E-03 -879.52260E-06
+71.72500E-06 -30.15075349E-03 -477.51256E-06
+71.75000E-06 +0.0E+00 -377.01005E-06
+71.77500E-06 -40.20100459E-03 -678.51758E-06
+71.80000E-06 +0.0E+00 -1.18103014E-03
+71.82500E-06 -40.20100459E-03 -477.51256E-06
+71.85000E-06 +0.0E+00 -980.02512E-06
+71.87500E-06 -10.05025110E-03 -477.51256E-06
+71.90000E-06 +0.0E+00 +25.00000E-06
+71.92500E-06 -40.20100459E-03 -779.02009E-06
+71.95000E-06 -50.25125570E-03 -377.01005E-06
+71.97500E-06 -30.15075349E-03 -779.02009E-06
+72.00000E-06 -30.15075349E-03 -779.02009E-06
+72.02500E-06 -10.05025110E-03 -377.01005E-06
+72.05000E-06 -10.05025110E-03 -678.51758E-06
+72.07500E-06 +0.0E+00 -477.51256E-06
+72.10000E-06 -30.15075349E-03 -377.01005E-06
+72.12500E-06 -10.05025110E-03 -377.01005E-06
+72.15000E-06 -10.05025110E-03 -377.01005E-06
+72.17500E-06 -10.05025110E-03 -678.51758E-06
+72.20000E-06 -30.15075349E-03 -477.51256E-06
+72.22500E-06 +0.0E+00 -779.02009E-06
+72.25000E-06 +0.0E+00 -578.01507E-06
+72.27500E-06 -40.20100459E-03 -75.50251E-06
+72.30000E-06 -10.05025110E-03 -779.02009E-06
+72.32500E-06 -30.15075349E-03 +25.00000E-06
+72.35000E-06 +0.0E+00 -1.08052763E-03
+72.37500E-06 -30.15075349E-03 -678.51758E-06
+72.40000E-06 -40.20100459E-03 -377.01005E-06
+72.42500E-06 -10.05025110E-03 -779.02009E-06
+72.45000E-06 +0.0E+00 -1.08052763E-03
+72.47500E-06 -40.20100459E-03 -980.02511E-06
+72.50000E-06 -10.05025110E-03 -678.51758E-06
+72.52500E-06 -30.15075349E-03 -779.02009E-06
+72.55000E-06 -20.10050220E-03 -879.52261E-06
+72.57500E-06 +0.0E+00 -477.51256E-06
+72.60000E-06 -40.20100459E-03 -176.00502E-06
+72.62500E-06 +0.0E+00 -276.50754E-06
+72.65000E-06 -10.05025110E-03 -377.01005E-06
+72.67500E-06 -40.20100459E-03 -377.01005E-06
+72.70000E-06 +0.0E+00 -477.51256E-06
+72.72500E-06 -40.20100459E-03 -477.51256E-06
+72.75000E-06 +0.0E+00 -377.01005E-06
+72.77500E-06 -10.05025110E-03 -578.01507E-06
+72.80000E-06 -30.15075349E-03 -75.50251E-06
+72.82500E-06 +0.0E+00 -779.02009E-06
+72.85000E-06 +0.0E+00 -779.02009E-06
+72.87500E-06 +0.0E+00 -779.02009E-06
+72.90000E-06 -30.15075349E-03 -779.02009E-06
+72.92500E-06 -40.20100459E-03 -477.51256E-06
+72.95000E-06 -20.10050220E-03 -779.02009E-06
+72.97500E-06 -30.15075349E-03 -678.51758E-06
+73.00000E-06 -40.20100459E-03 -377.01005E-06
+73.02500E-06 -40.20100459E-03 -779.02009E-06
+73.05000E-06 -30.15075349E-03 -1.08052763E-03
+73.07500E-06 +0.0E+00 -477.51256E-06
+73.10000E-06 -30.15075349E-03 -779.02009E-06
+73.12500E-06 +0.0E+00 -377.01005E-06
+73.15000E-06 -40.20100459E-03 -980.02512E-06
+73.17500E-06 -40.20100459E-03 -377.01005E-06
+73.20000E-06 +0.0E+00 -1.18103014E-03
+73.22500E-06 -10.05025110E-03 +25.00000E-06
+73.25000E-06 +0.0E+00 -377.01005E-06
+73.27500E-06 -30.15075349E-03 -377.01005E-06
+73.30000E-06 -30.15075349E-03 -75.50251E-06
+73.32500E-06 -40.20100459E-03 -477.51256E-06
+73.35000E-06 -50.25125569E-03 -477.51256E-06
+73.37500E-06 -30.15075349E-03 -678.51758E-06
+73.40000E-06 +0.0E+00 -377.01005E-06
+73.42500E-06 -10.05025110E-03 -276.50754E-06
+73.45000E-06 +0.0E+00 -276.50754E-06
+73.47500E-06 +0.0E+00 -377.01005E-06
+73.50000E-06 -40.20100459E-03 -477.51256E-06
+73.52500E-06 +0.0E+00 -377.01005E-06
+73.55000E-06 -50.25125569E-03 +25.00000E-06
+73.57500E-06 +0.0E+00 -377.01005E-06
+73.60000E-06 -40.20100459E-03 +25.00000E-06
+73.62500E-06 -10.05025110E-03 -276.50754E-06
+73.65000E-06 +0.0E+00 -377.01005E-06
+73.67500E-06 +0.0E+00 -477.51256E-06
+73.70000E-06 -40.20100459E-03 -377.01005E-06
+73.72500E-06 -70.35175809E-03 -678.51758E-06
+73.75000E-06 -40.20100459E-03 -377.01005E-06
+73.77500E-06 -30.15075349E-03 -678.51758E-06
+73.80000E-06 -30.15075349E-03 -377.01005E-06
+73.82500E-06 +0.0E+00 +25.00000E-06
+73.85000E-06 -40.20100459E-03 +125.50251E-06
+73.87500E-06 -30.15075350E-03 -75.50251E-06
