x-axis SCL1 SDA1
second Volt Volt
+34.50000E-06 -58.73113871E-03 -1.57336681E-03
+34.51500E-06 -58.73113871E-03 -1.57336681E-03
+34.53000E-06 -147.17335254E-03 -246.73366E-06
+34.54500E-06 -58.73113871E-03 -246.73366E-06
+34.56000E-06 -58.73113871E-03 -1.57336681E-03
+34.57500E-06 -58.73113871E-03 -1.57336681E-03
+34.59000E-06 -58.73113871E-03 -1.57336681E-03
+34.60500E-06 -147.17335254E-03 -1.57336681E-03
+34.62000E-06 -58.73113871E-03 -1.57336681E-03
+34.63500E-06 -147.17335254E-03 -2.89999996E-03
+34.65000E-06 -147.17335254E-03 -1.57336681E-03
+34.66500E-06 -58.73113871E-03 -1.57336681E-03
+34.68000E-06 -235.61556637E-03 -246.73366E-06
+34.69500E-06 -58.73113871E-03 -1.57336681E-03
+34.71000E-06 -58.73113871E-03 -2.89999996E-03
+34.72500E-06 -58.73113871E-03 -1.57336681E-03
+34.74000E-06 -147.17335254E-03 -246.73366E-06
+34.75500E-06 -58.73113871E-03 -246.73366E-06
+34.77000E-06 -147.17335254E-03 -1.57336681E-03
+34.78500E-06 -58.73113871E-03 -1.57336681E-03
+34.80000E-06 -147.17335254E-03 -246.73366E-06
+34.81500E-06 -147.17335254E-03 -246.73366E-06
+34.83000E-06 -147.17335254E-03 -1.57336681E-03
+34.84500E-06 -147.17335254E-03 -246.73366E-06
+34.86000E-06 -147.17335254E-03 -1.57336681E-03
+34.87500E-06 -58.73113871E-03 -1.57336681E-03
+34.89000E-06 -147.17335254E-03 -1.57336681E-03
+34.90500E-06 -147.17335254E-03 -1.57336681E-03
+34.92000E-06 -235.61556637E-03 -246.73366E-06
+34.93500E-06 -147.17335254E-03 -246.73366E-06
+34.95000E-06 -147.17335254E-03 -1.57336681E-03
+34.96500E-06 -58.73113871E-03 -246.73366E-06
+34.98000E-06 -147.17335254E-03 -246.73366E-06
+34.99500E-06 -147.17335254E-03 -1.57336681E-03
+35.01000E-06 -147.17335254E-03 -1.57336681E-03
+35.02500E-06 -147.17335254E-03 -1.57336681E-03
+35.04000E-06 -58.73113871E-03 -1.57336681E-03
+35.05500E-06 -58.73113871E-03 -246.73366E-06
+35.07000E-06 -147.17335254E-03 -1.57336681E-03
+35.08500E-06 -147.17335254E-03 -1.57336681E-03
+35.10000E-06 -147.17335254E-03 -1.57336681E-03
+35.11500E-06 -147.17335254E-03 -1.57336681E-03
+35.13000E-06 -235.61556637E-03 -246.73366E-06
+35.14500E-06 -147.17335254E-03 -246.73366E-06
+35.16000E-06 -58.73113871E-03 -2.89999996E-03
+35.17500E-06 -58.73113871E-03 -1.57336681E-03
+35.19000E-06 -58.73113871E-03 -1.57336681E-03
+35.20500E-06 -147.17335254E-03 -1.57336681E-03
+35.22000E-06 -58.73113871E-03 -1.57336681E-03
+35.23500E-06 -58.73113871E-03 -1.57336681E-03
+35.25000E-06 -147.17335254E-03 -246.73366E-06
+35.26500E-06 -147.17335254E-03 -1.57336681E-03
+35.28000E-06 -58.73113871E-03 -1.57336681E-03
+35.29500E-06 -235.61556637E-03 -1.57336681E-03
+35.31000E-06 -58.73113871E-03 -1.57336681E-03
+35.32500E-06 -147.17335254E-03 -1.57336681E-03
+35.34000E-06 -147.17335254E-03 -1.57336681E-03
+35.35500E-06 -58.73113871E-03 -246.73366E-06
+35.37000E-06 -58.73113871E-03 -1.57336681E-03
+35.38500E-06 -58.73113871E-03 -1.57336681E-03
+35.40000E-06 -147.17335254E-03 -1.57336681E-03
+35.41500E-06 -147.17335253E-03 -246.73366E-06
+35.43000E-06 -58.73113871E-03 -1.57336681E-03
+35.44500E-06 -147.17335254E-03 -1.57336681E-03
+35.46000E-06 -58.73113871E-03 -1.57336681E-03
+35.47500E-06 -58.73113871E-03 -2.89999996E-03
+35.49000E-06 -147.17335253E-03 -246.73366E-06
+35.50500E-06 -58.73113871E-03 -1.57336681E-03
+35.52000E-06 -58.73113871E-03 -1.57336681E-03
+35.53500E-06 -147.17335254E-03 -246.73366E-06
+35.55000E-06 -147.17335254E-03 -1.57336681E-03
+35.56500E-06 -147.17335254E-03 -246.73366E-06
+35.58000E-06 -147.17335254E-03 -1.57336681E-03
+35.59500E-06 -147.17335254E-03 -1.57336681E-03
+35.61000E-06 -235.61556637E-03 -246.73366E-06
+35.62500E-06 -147.17335253E-03 -246.73366E-06
+35.64000E-06 -58.73113871E-03 -246.73366E-06
+35.65500E-06 -147.17335254E-03 -246.73366E-06
+35.67000E-06 -147.17335254E-03 -1.57336681E-03
+35.68500E-06 -147.17335254E-03 -246.73366E-06
+35.70000E-06 -58.73113871E-03 -246.73366E-06
+35.71500E-06 -58.73113871E-03 -2.89999996E-03
+35.73000E-06 -147.17335255E-03 -246.73366E-06
+35.74500E-06 -58.73113871E-03 -1.57336681E-03
+35.76000E-06 -58.73113871E-03 -246.73366E-06
+35.77500E-06 -58.73113871E-03 -1.57336681E-03
+35.79000E-06 -147.17335254E-03 -2.89999996E-03
+35.80500E-06 -147.17335254E-03 -1.57336681E-03
+35.82000E-06 -147.17335253E-03 -1.57336681E-03
+35.83500E-06 -58.73113872E-03 -1.57336681E-03
+35.85000E-06 -147.17335254E-03 -246.73366E-06
+35.86500E-06 -147.17335253E-03 -1.57336681E-03
+35.88000E-06 -58.73113871E-03 -246.73366E-06
+35.89500E-06 -147.17335254E-03 -1.57336681E-03
+35.91000E-06 -147.17335255E-03 -2.89999996E-03
+35.92500E-06 -147.17335254E-03 -1.57336681E-03
+35.94000E-06 -147.17335253E-03 -1.57336681E-03
+35.95500E-06 -147.17335254E-03 -1.57336681E-03
+35.97000E-06 -58.73113871E-03 -246.73366E-06
+35.98500E-06 -58.73113871E-03 -1.57336681E-03
+36.00000E-06 -147.17335253E-03 -1.57336681E-03
+36.01500E-06 -58.73113872E-03 -1.57336681E-03
+36.03000E-06 -147.17335254E-03 -1.57336681E-03
+36.04500E-06 -147.17335254E-03 -1.57336681E-03
+36.06000E-06 -58.73113871E-03 -1.57336681E-03
+36.07500E-06 -58.73113872E-03 -1.57336681E-03
+36.09000E-06 -147.17335253E-03 -1.57336681E-03
+36.10500E-06 -147.17335254E-03 -246.73366E-06
+36.12000E-06 -58.73113871E-03 -246.73366E-06
+36.13500E-06 -58.73113871E-03 -1.57336681E-03
+36.15000E-06 -58.73113872E-03 -1.57336681E-03
+36.16500E-06 -58.73113871E-03 -1.57336681E-03
+36.18000E-06 -147.17335254E-03 -1.57336681E-03
+36.19500E-06 -147.17335254E-03 -1.57336681E-03
+36.21000E-06 -147.17335253E-03 -1.57336681E-03
+36.22500E-06 -58.73113872E-03 -1.57336681E-03
+36.24000E-06 -235.61556636E-03 -246.73366E-06
+36.25500E-06 -147.17335255E-03 -246.73366E-06
+36.27000E-06 -58.73113871E-03 -1.57336681E-03
+36.28500E-06 -147.17335254E-03 -246.73366E-06
+36.30000E-06 -147.17335254E-03 -1.57336681E-03
+36.31500E-06 -58.73113872E-03 -1.57336681E-03
+36.33000E-06 -235.61556636E-03 -1.57336681E-03
+36.34500E-06 -147.17335254E-03 -1.57336681E-03
+36.36000E-06 -147.17335254E-03 -246.73366E-06
+36.37500E-06 -147.17335254E-03 -1.57336681E-03
+36.39000E-06 -147.17335254E-03 -1.57336681E-03
+36.40500E-06 -147.17335253E-03 -246.73366E-06
+36.42000E-06 -147.17335253E-03 -1.57336681E-03
+36.43500E-06 -58.73113872E-03 -1.57336681E-03
+36.45000E-06 -147.17335254E-03 -1.57336681E-03
+36.46500E-06 -58.73113871E-03 -246.73366E-06
+36.48000E-06 -58.73113872E-03 -246.73366E-06
+36.49500E-06 -58.73113872E-03 -246.73366E-06
+36.51000E-06 -147.17335255E-03 -1.57336681E-03
+36.52500E-06 -147.17335254E-03 -1.57336681E-03
+36.54000E-06 -58.73113872E-03 -1.57336681E-03
+36.55500E-06 -147.17335254E-03 -1.57336681E-03
+36.57000E-06 -147.17335254E-03 -1.57336681E-03
+36.58500E-06 -58.73113871E-03 -1.57336681E-03
+36.60000E-06 -147.17335254E-03 -246.73366E-06
+36.61500E-06 -147.17335253E-03 -1.57336681E-03
+36.63000E-06 -147.17335254E-03 -2.89999996E-03
+36.64500E-06 -58.73113871E-03 -246.73366E-06
+36.66000E-06 -147.17335253E-03 -1.57336681E-03
+36.67500E-06 -235.61556636E-03 -246.73366E-06
+36.69000E-06 -147.17335254E-03 -1.57336681E-03
+36.70500E-06 -147.17335254E-03 -1.57336681E-03
+36.72000E-06 -147.17335253E-03 -246.73366E-06
+36.73500E-06 -147.17335254E-03 -1.57336681E-03
+36.75000E-06 -58.73113871E-03 -1.57336681E-03
+36.76500E-06 -147.17335254E-03 -246.73366E-06
+36.78000E-06 -58.73113871E-03 -1.57336681E-03
+36.79500E-06 -147.17335254E-03 -2.89999996E-03
+36.81000E-06 -147.17335253E-03 -246.73366E-06
+36.82500E-06 -147.17335253E-03 -246.73366E-06
+36.84000E-06 -147.17335254E-03 -246.73366E-06
+36.85500E-06 -58.73113872E-03 -1.57336681E-03
+36.87000E-06 -147.17335254E-03 -1.57336681E-03
+36.88500E-06 -58.73113872E-03 -1.57336681E-03
+36.90000E-06 -58.73113871E-03 -1.57336681E-03
+36.91500E-06 -147.17335254E-03 -1.57336681E-03
+36.93000E-06 -147.17335254E-03 -246.73366E-06
+36.94500E-06 -147.17335255E-03 -1.57336681E-03
+36.96000E-06 -58.73113871E-03 -246.73366E-06
+36.97500E-06 -147.17335254E-03 -1.57336681E-03
+36.99000E-06 -147.17335255E-03 -1.57336681E-03
+37.00500E-06 -235.61556636E-03 -1.57336681E-03
+37.02000E-06 -147.17335252E-03 -1.57336681E-03
+37.03500E-06 -58.73113872E-03 -2.89999996E-03
+37.05000E-06 -235.61556637E-03 -246.73366E-06
+37.06500E-06 -58.73113872E-03 -246.73366E-06
+37.08000E-06 -147.17335254E-03 -1.57336681E-03
+37.09500E-06 -58.73113871E-03 -246.73366E-06
+37.11000E-06 -147.17335254E-03 -1.57336681E-03
+37.12500E-06 -147.17335254E-03 -246.73366E-06
+37.14000E-06 -58.73113871E-03 -1.57336681E-03
+37.15500E-06 -147.17335254E-03 -1.57336681E-03
+37.17000E-06 -147.17335252E-03 -1.57336681E-03
+37.18500E-06 -147.17335256E-03 -1.57336681E-03
+37.20000E-06 -58.73113871E-03 -246.73366E-06
+37.21500E-06 -58.73113871E-03 -1.57336681E-03
+37.23000E-06 -147.17335256E-03 -1.57336681E-03
+37.24500E-06 -147.17335254E-03 -246.73366E-06
+37.26000E-06 -235.61556637E-03 -246.73366E-06
+37.27500E-06 -58.73113872E-03 -1.57336681E-03
+37.29000E-06 -147.17335254E-03 -1.57336681E-03
+37.30500E-06 -147.17335252E-03 -1.57336681E-03
+37.32000E-06 -147.17335256E-03 -246.73366E-06
+37.33500E-06 -58.73113872E-03 -246.73366E-06
+37.35000E-06 -58.73113871E-03 -246.73366E-06
+37.36500E-06 -147.17335254E-03 -1.57336681E-03
+37.38000E-06 -58.73113872E-03 -1.57336681E-03
+37.39500E-06 -58.73113872E-03 -1.57336681E-03
+37.41000E-06 -147.17335254E-03 -246.73366E-06
+37.42500E-06 -147.17335252E-03 -1.57336681E-03
+37.44000E-06 -147.17335254E-03 -1.57336681E-03
+37.45500E-06 -58.73113871E-03 -1.57336681E-03
+37.47000E-06 -147.17335254E-03 -2.89999996E-03
+37.48500E-06 -58.73113871E-03 -1.57336681E-03
+37.50000E-06 -147.17335254E-03 -1.57336681E-03
+37.51500E-06 -58.73113871E-03 -1.57336681E-03
+37.53000E-06 -147.17335254E-03 -2.89999996E-03
+37.54500E-06 -147.17335256E-03 -246.73366E-06
+37.56000E-06 -147.17335252E-03 -246.73366E-06
+37.57500E-06 -235.61556635E-03 -1.57336681E-03
+37.59000E-06 -147.17335252E-03 -1.57336681E-03
+37.60500E-06 -235.61556635E-03 -1.57336681E-03
+37.62000E-06 -147.17335252E-03 -1.57336681E-03
+37.63500E-06 -58.73113872E-03 -1.57336681E-03
+37.65000E-06 -147.17335254E-03 -246.73366E-06
+37.66500E-06 -58.73113871E-03 -246.73366E-06
+37.68000E-06 -235.61556637E-03 -246.73366E-06
+37.69500E-06 -58.73113871E-03 -246.73366E-06
+37.71000E-06 -147.17335254E-03 -1.57336681E-03
+37.72500E-06 -58.73113871E-03 -246.73366E-06
+37.74000E-06 -58.73113871E-03 -2.89999996E-03
+37.75500E-06 -147.17335254E-03 -246.73366E-06
+37.77000E-06 -147.17335252E-03 -246.73366E-06
+37.78500E-06 -235.61556637E-03 -246.73366E-06
+37.80000E-06 -58.73113871E-03 -246.73366E-06
+37.81500E-06 -235.61556635E-03 -246.73366E-06
+37.83000E-06 -58.73113873E-03 -1.57336681E-03
+37.84500E-06 -147.17335254E-03 -2.89999996E-03
+37.86000E-06 -147.17335254E-03 -1.57336681E-03
+37.87500E-06 +29.71107511E-03 -1.57336681E-03
+37.89000E-06 -147.17335254E-03 -1.57336681E-03
+37.90500E-06 -58.73113871E-03 -246.73366E-06
+37.92000E-06 -147.17335256E-03 -1.57336681E-03
+37.93500E-06 -147.17335254E-03 -246.73366E-06
+37.95000E-06 -58.73113873E-03 -2.89999996E-03
+37.96500E-06 -235.61556633E-03 -246.73366E-06
+37.98000E-06 -58.73113871E-03 -1.57336681E-03
+37.99500E-06 -235.61556635E-03 -246.73366E-06
+38.01000E-06 -58.73113871E-03 -1.57336681E-03
+38.02500E-06 -235.61556635E-03 -1.57336681E-03
+38.04000E-06 -58.73113873E-03 -246.73366E-06
+38.05500E-06 -147.17335254E-03 -1.57336681E-03
+38.07000E-06 -58.73113873E-03 -1.57336681E-03
+38.08500E-06 -58.73113871E-03 -1.57336681E-03
+38.10000E-06 -235.61556635E-03 -1.57336681E-03
+38.11500E-06 -58.73113871E-03 -1.57336681E-03
+38.13000E-06 -235.61556635E-03 -246.73366E-06
+38.14500E-06 -58.73113871E-03 -246.73366E-06
+38.16000E-06 -147.17335252E-03 -2.89999996E-03
+38.17500E-06 -147.17335254E-03 -1.57336681E-03
+38.19000E-06 -58.73113871E-03 -2.89999996E-03
+38.20500E-06 -235.61556637E-03 -1.57336681E-03
+38.22000E-06 -58.73113871E-03 -246.73366E-06
+38.23500E-06 -235.61556635E-03 -1.57336681E-03
+38.25000E-06 -147.17335252E-03 +1.07989949E-03
+38.26500E-06 -147.17335254E-03 -1.57336681E-03
+38.28000E-06 -147.17335254E-03 +1.07989949E-03
+38.29500E-06 -58.73113871E-03 -246.73366E-06
+38.31000E-06 -235.61556637E-03 -1.57336681E-03
+38.32500E-06 +29.71107513E-03 -246.73366E-06
+38.34000E-06 -235.61556637E-03 -1.57336681E-03
+38.35500E-06 -58.73113873E-03 -246.73366E-06
+38.37000E-06 -147.17335254E-03 -1.57336681E-03
+38.38500E-06 -147.17335254E-03 -246.73366E-06
+38.40000E-06 -58.73113871E-03 -2.89999996E-03
+38.41500E-06 -235.61556635E-03 -1.57336681E-03
+38.43000E-06 +29.71107513E-03 -1.57336681E-03
+38.44500E-06 -235.61556637E-03 -1.57336681E-03
+38.46000E-06 -58.73113873E-03 -246.73366E-06
+38.47500E-06 -147.17335254E-03 -2.89999996E-03
+38.49000E-06 -147.17335256E-03 -246.73366E-06
+38.50500E-06 -58.73113868E-03 -1.57336681E-03
+38.52000E-06 -235.61556637E-03 -1.57336681E-03
+38.53500E-06 -58.73113868E-03 -1.57336681E-03
+38.55000E-06 -235.61556637E-03 -2.89999996E-03
+38.56500E-06 +29.71107510E-03 +1.07989949E-03
+38.58000E-06 -147.17335254E-03 -1.57336681E-03
+38.59500E-06 -147.17335254E-03 -246.73366E-06
+38.61000E-06 -58.73113868E-03 -1.57336681E-03
+38.62500E-06 -324.05778018E-03 -246.73366E-06
+38.64000E-06 +29.71107510E-03 -1.57336681E-03
+38.65500E-06 -235.61556635E-03 -1.57336681E-03
+38.67000E-06 -58.73113871E-03 -1.57336681E-03
+38.68500E-06 -235.61556637E-03 -1.57336681E-03
+38.70000E-06 -147.17335254E-03 -246.73366E-06
+38.71500E-06 +29.71107510E-03 -1.57336681E-03
+38.73000E-06 -324.05778018E-03 -246.73366E-06
+38.74500E-06 +29.71107513E-03 -1.57336681E-03
+38.76000E-06 -235.61556637E-03 -1.57336681E-03
+38.77500E-06 +29.71107510E-03 -1.57336681E-03
+38.79000E-06 -235.61556632E-03 -2.89999996E-03
+38.80500E-06 -147.17335254E-03 +1.07989949E-03
+38.82000E-06 -58.73113871E-03 -1.57336681E-03
+38.83500E-06 -235.61556642E-03 -1.57336681E-03
+38.85000E-06 +29.71107513E-03 -246.73366E-06
+38.86500E-06 -324.05778021E-03 -1.57336681E-03
+38.88000E-06 -58.73113871E-03 -246.73366E-06
+38.89500E-06 -235.61556632E-03 -1.57336681E-03
+38.91000E-06 -147.17335257E-03 -1.57336681E-03
+38.92500E-06 -58.73113871E-03 -1.57336681E-03
+38.94000E-06 -324.05778018E-03 -246.73366E-06
+38.95500E-06 -58.73113871E-03 -246.73366E-06
+38.97000E-06 -235.61556635E-03 -1.57336681E-03
+38.98500E-06 +29.71107513E-03 -246.73366E-06
+39.00000E-06 -235.61556635E-03 -1.57336681E-03
+39.01500E-06 -235.61556637E-03 -246.73366E-06
+39.03000E-06 -58.73113871E-03 -2.89999996E-03
+39.04500E-06 -324.05778018E-03 -246.73366E-06
+39.06000E-06 +118.15328893E-03 -1.57336681E-03
+39.07500E-06 -235.61556637E-03 -2.89999996E-03
+39.09000E-06 -58.73113868E-03 +1.07989949E-03
+39.10500E-06 -235.61556632E-03 -1.57336681E-03
+39.12000E-06 -147.17335254E-03 +1.07989949E-03
+39.13500E-06 -58.73113871E-03 -2.89999996E-03
+39.15000E-06 -324.05778021E-03 -1.57336681E-03
+39.16500E-06 +29.71107513E-03 -246.73366E-06
+39.18000E-06 -235.61556637E-03 -2.89999996E-03
+39.19500E-06 +29.71107510E-03 -246.73366E-06
+39.21000E-06 -235.61556632E-03 -2.89999996E-03
+39.22500E-06 -147.17335254E-03 +1.07989949E-03
+39.24000E-06 -58.73113868E-03 -1.57336681E-03
+39.25500E-06 -324.05778021E-03 -246.73366E-06
+39.27000E-06 +118.15328896E-03 -2.89999996E-03
+39.28500E-06 -324.05778021E-03 -1.57336681E-03
+39.30000E-06 +29.71107513E-03 +1.07989949E-03
+39.31500E-06 -235.61556634E-03 -2.89999996E-03
+39.33000E-06 -147.17335257E-03 +1.07989949E-03
+39.34500E-06 +29.71107513E-03 -1.57336681E-03
+39.36000E-06 -324.05778021E-03 -246.73366E-06
+39.37500E-06 +29.71107516E-03 -246.73366E-06
+39.39000E-06 -324.05778021E-03 -2.89999996E-03
+39.40500E-06 +29.71107510E-03 -246.73366E-06
+39.42000E-06 -147.17335254E-03 -2.89999996E-03
+39.43500E-06 -58.73113876E-03 -246.73366E-06
+39.45000E-06 -58.73113868E-03 -1.57336681E-03
+39.46500E-06 -324.05778021E-03 -246.73366E-06
+39.48000E-06 +206.59550276E-03 -246.73366E-06
+39.49500E-06 -412.49999401E-03 -2.89999996E-03
+39.51000E-06 +29.71107510E-03 -246.73366E-06
+39.52500E-06 -147.17335254E-03 -2.89999996E-03
+39.54000E-06 -147.17335254E-03 +2.40653264E-03
+39.55500E-06 +29.71107510E-03 -2.89999996E-03
+39.57000E-06 -324.05778021E-03 -246.73366E-06
+39.58500E-06 +118.15328899E-03 -246.73366E-06
+39.60000E-06 -324.05778021E-03 -2.89999996E-03
+39.61500E-06 +29.71107513E-03 -246.73366E-06
+39.63000E-06 -147.17335257E-03 -4.22663311E-03
+39.64500E-06 -147.17335254E-03 -246.73366E-06
+39.66000E-06 -58.73113868E-03 -1.57336681E-03
+39.67500E-06 -324.05778024E-03 -246.73366E-06
+39.69000E-06 +118.15328896E-03 +1.07989949E-03
+39.70500E-06 -412.49999404E-03 -1.57336681E-03
+39.72000E-06 +118.15328893E-03 -246.73366E-06
+39.73500E-06 -235.61556637E-03 -2.89999996E-03
+39.75000E-06 -147.17335254E-03 -246.73366E-06
+39.76500E-06 +29.71107513E-03 -1.57336681E-03
+39.78000E-06 -324.05778018E-03 -246.73366E-06
+39.79500E-06 +118.15328896E-03 -1.57336681E-03
+39.81000E-06 -412.49999404E-03 -2.89999996E-03
+39.82500E-06 +118.15328896E-03 +1.07989949E-03
+39.84000E-06 -235.61556637E-03 -2.89999996E-03
+39.85500E-06 -147.17335254E-03 +1.07989949E-03
+39.87000E-06 +29.71107516E-03 -4.22663311E-03
+39.88500E-06 -324.05778021E-03 -246.73366E-06
+39.90000E-06 +206.59550279E-03 -1.57336681E-03
+39.91500E-06 -412.49999401E-03 -2.89999996E-03
+39.93000E-06 +29.71107513E-03 -246.73366E-06
+39.94500E-06 -235.61556634E-03 -4.22663311E-03
+39.96000E-06 -147.17335254E-03 +1.07989949E-03
+39.97500E-06 +29.71107513E-03 -2.89999996E-03
+39.99000E-06 -412.49999404E-03 -1.57336681E-03
+40.00500E-06 +206.59550279E-03 +1.07989949E-03
+40.02000E-06 -412.49999404E-03 -1.57336681E-03
+40.03500E-06 +206.59550276E-03 +1.07989949E-03
+40.05000E-06 -324.05778021E-03 -2.89999996E-03
+40.06500E-06 -147.17335257E-03 +1.07989949E-03
+40.08000E-06 +29.71107513E-03 -1.57336681E-03
+40.09500E-06 -412.49999404E-03 -246.73366E-06
+40.11000E-06 +206.59550279E-03 -1.57336681E-03
+40.12500E-06 -500.94220787E-03 -2.89999996E-03
+40.14000E-06 +118.15328896E-03 +1.07989949E-03
+40.15500E-06 -235.61556641E-03 -2.89999996E-03
+40.17000E-06 -147.17335254E-03 +1.07989949E-03
+40.18500E-06 +29.71107516E-03 -2.89999996E-03
+40.20000E-06 -412.49999404E-03 +1.07989949E-03
+40.21500E-06 +295.03771659E-03 -1.57336681E-03
+40.23000E-06 -412.49999404E-03 -4.22663311E-03
+40.24500E-06 +206.59550276E-03 +1.07989949E-03
+40.26000E-06 -235.61556634E-03 -4.22663311E-03
+40.27500E-06 -58.73113877E-03 +2.40653264E-03
+40.29000E-06 -58.73113867E-03 -4.22663311E-03
+40.30500E-06 -412.49999407E-03 -246.73366E-06
+40.32000E-06 +206.59550283E-03 -246.73366E-06
+40.33500E-06 -500.94220784E-03 -2.89999996E-03
+40.35000E-06 +206.59550279E-03 -246.73366E-06
+40.36500E-06 -412.49999397E-03 -4.22663311E-03
+40.38000E-06 -147.17335254E-03 +2.40653264E-03
+40.39500E-06 -58.73113871E-03 -4.22663311E-03
+40.41000E-06 -412.49999407E-03 -246.73366E-06
+40.42500E-06 +295.03771663E-03 -1.57336681E-03
+40.44000E-06 -500.94220787E-03 -2.89999996E-03
+40.45500E-06 +206.59550276E-03 +1.07989949E-03
+40.47000E-06 -324.05778017E-03 -6.87989942E-03
+40.48500E-06 -147.17335257E-03 +2.40653264E-03
+40.50000E-06 +29.71107516E-03 -2.89999996E-03
+40.51500E-06 -500.94220787E-03 +1.07989949E-03
+40.53000E-06 +206.59550283E-03 -246.73366E-06
+40.54500E-06 -589.38442167E-03 -1.57336681E-03
+40.56000E-06 +206.59550279E-03 +2.40653264E-03
+40.57500E-06 -412.49999397E-03 -4.22663312E-03
+40.59000E-06 -58.73113874E-03 +1.07989949E-03
+40.60500E-06 +118.15328896E-03 -4.22663311E-03
+40.62000E-06 -500.94220787E-03 +1.07989949E-03
+40.63500E-06 +383.47993042E-03 -1.57336681E-03
+40.65000E-06 -589.38442171E-03 -1.57336681E-03
+40.66500E-06 +206.59550279E-03 +2.40653264E-03
+40.68000E-06 -324.05778021E-03 -2.89999996E-03
+40.69500E-06 -58.73113874E-03 +2.40653264E-03
+40.71000E-06 -58.73113867E-03 -4.22663311E-03
+40.72500E-06 -500.94220791E-03 +1.07989949E-03
+40.74000E-06 +383.47993046E-03 -1.57336681E-03
+40.75500E-06 -677.82663554E-03 -2.89999996E-03
+40.77000E-06 +295.03771659E-03 +2.40653264E-03
+40.78500E-06 -412.49999400E-03 -4.22663312E-03
+40.80000E-06 -58.73113871E-03 +2.40653264E-03
+40.81500E-06 +29.71107516E-03 -5.55326627E-03
+40.83000E-06 -500.94220791E-03 -246.73366E-06
+40.84500E-06 +383.47993046E-03 -2.89999996E-03
+40.86000E-06 -589.38442167E-03 -2.89999996E-03
+40.87500E-06 +295.03771663E-03 +2.40653264E-03
+40.89000E-06 -500.94220780E-03 -6.87989942E-03
+40.90500E-06 -58.73113874E-03 +3.73316579E-03
+40.92000E-06 +29.71107516E-03 -5.55326627E-03
+40.93500E-06 -500.94220787E-03 +1.07989949E-03
+40.95000E-06 +383.47993050E-03 -2.89999996E-03
+40.96500E-06 -677.82663554E-03 -2.89999996E-03
+40.98000E-06 +383.47993046E-03 +2.40653264E-03
+40.99500E-06 -412.49999400E-03 -5.55326627E-03
+41.01000E-06 -147.17335250E-03 +3.73316579E-03
+41.02500E-06 -58.73113863E-03 -5.55326627E-03
+41.04000E-06 -500.94220795E-03 +1.07989949E-03
+41.05500E-06 +471.92214429E-03 -246.73366E-06
+41.07000E-06 -766.26884933E-03 -2.89999996E-03
+41.08500E-06 +383.47993046E-03 +2.40653264E-03
+41.10000E-06 -412.49999400E-03 -5.55326627E-03
+41.11500E-06 +29.71107505E-03 +3.73316579E-03
+41.13000E-06 +29.71107520E-03 -5.55326627E-03
+41.14500E-06 -500.94220791E-03 +1.07989949E-03
+41.16000E-06 +383.47993050E-03 -2.89999996E-03
+41.17500E-06 -766.26884937E-03 -2.89999996E-03
+41.19000E-06 +471.92214425E-03 +2.40653264E-03
+41.20500E-06 -500.94220783E-03 -5.55326627E-03
+41.22000E-06 +29.71107509E-03 +3.73316579E-03
+41.23500E-06 +118.15328896E-03 -5.55326627E-03
+41.25000E-06 -500.94220791E-03 +2.40653264E-03
+41.26500E-06 +560.36435809E-03 -1.57336681E-03
+41.28000E-06 -766.26884937E-03 -2.89999996E-03
+41.29500E-06 +560.36435813E-03 +2.40653264E-03
+41.31000E-06 -500.94220787E-03 -6.87989942E-03
+41.32500E-06 +29.71107509E-03 +3.73316579E-03
+41.34000E-06 +29.71107517E-03 -5.55326627E-03
+41.35500E-06 -500.94220799E-03 +1.07989949E-03
+41.37000E-06 +560.36435813E-03 -1.57336681E-03
+41.38500E-06 -854.71106321E-03 -2.89999996E-03
+41.40000E-06 +471.92214429E-03 +3.73316579E-03
+41.41500E-06 -589.38442163E-03 -6.87989942E-03
+41.43000E-06 +29.71107509E-03 +5.05979895E-03
+41.44500E-06 -58.73113858E-03 -6.87989942E-03
+41.46000E-06 -589.38442175E-03 +3.73316579E-03
+41.47500E-06 +560.36435813E-03 -2.89999996E-03
+41.49000E-06 -943.15327700E-03 -1.57336681E-03
+41.50500E-06 +648.80657192E-03 +2.40653264E-03
+41.52000E-06 -677.82663550E-03 -5.55326627E-03
+41.53500E-06 +118.15328892E-03 +5.05979895E-03
+41.55000E-06 -58.73113858E-03 -8.20653257E-03
+41.56500E-06 -589.38442179E-03 +3.73316579E-03
+41.58000E-06 +648.80657196E-03 -2.89999996E-03
+41.59500E-06 -943.15327704E-03 -2.89999996E-03
+41.61000E-06 +648.80657192E-03 +3.73316580E-03
+41.62500E-06 -589.38442171E-03 -5.55326627E-03
+41.64000E-06 +118.15328888E-03 +5.05979895E-03
+41.65500E-06 +29.71107521E-03 -5.55326627E-03
+41.67000E-06 -589.38442175E-03 +2.40653264E-03
+41.68500E-06 +560.36435817E-03 -1.57336681E-03
+41.70000E-06 -854.71106325E-03 -1.57336681E-03
+41.71500E-06 +737.24878571E-03 +2.40653264E-03
+41.73000E-06 -766.26884929E-03 -6.87989942E-03
+41.74500E-06 +118.15328888E-03 +5.05979895E-03
+41.76000E-06 -58.73113862E-03 -6.87989942E-03
+41.77500E-06 -677.82663558E-03 +3.73316579E-03
+41.79000E-06 +648.80657200E-03 -2.89999996E-03
+41.80500E-06 -943.15327708E-03 -1.57336681E-03
+41.82000E-06 +737.24878575E-03 +3.73316579E-03
+41.83500E-06 -766.26884933E-03 -8.20653257E-03
+41.85000E-06 +206.59550271E-03 +6.38643210E-03
+41.86500E-06 -58.73113858E-03 -6.87989942E-03
+41.88000E-06 -677.82663558E-03 +2.40653264E-03
+41.89500E-06 +737.24878584E-03 -1.57336681E-03
+41.91000E-06 -1.03159549087E+00 -1.57336681E-03
+41.92500E-06 +825.69099958E-03 +2.40653264E-03
+41.94000E-06 -854.71106312E-03 -9.53316572E-03
+41.95500E-06 +206.59550266E-03 +7.71306525E-03
+41.97000E-06 -58.73113862E-03 -8.20653257E-03
+41.98500E-06 -589.38442179E-03 +3.73316579E-03
+42.00000E-06 +737.24878584E-03 -4.22663311E-03
+42.01500E-06 -1.12003770471E+00 -2.89999996E-03
+42.03000E-06 +825.69099963E-03 +2.40653264E-03
+42.04500E-06 -943.15327691E-03 -8.20653257E-03
+42.06000E-06 +295.03771654E-03 +7.71306525E-03
+42.07500E-06 -58.73113862E-03 -8.20653257E-03
+42.09000E-06 -766.26884937E-03 +3.73316579E-03
+42.10500E-06 +825.69099967E-03 -2.89999996E-03
+42.12000E-06 -1.20847991850E+00 -2.89999996E-03
+42.13500E-06 +914.13321342E-03 +3.73316579E-03
+42.15000E-06 -943.15327699E-03 -9.53316572E-03
+42.16500E-06 +295.03771654E-03 +7.71306525E-03
+42.18000E-06 -58.73113862E-03 -8.20653257E-03
+42.19500E-06 -677.82663563E-03 +5.05979895E-03
+42.21000E-06 +737.24878584E-03 -4.22663311E-03
+42.22500E-06 -1.20847991854E+00 -2.89999996E-03
+42.24000E-06 +1.00257542725E+00 +3.73316580E-03
+42.25500E-06 -1.03159549074E+00 -8.20653257E-03
+42.27000E-06 +295.03771658E-03 +7.71306525E-03
+42.28500E-06 -58.73113862E-03 -8.20653257E-03
+42.30000E-06 -677.82663563E-03 +6.38643210E-03
+42.31500E-06 +737.24878588E-03 -4.22663311E-03
+42.33000E-06 -1.38536434616E+00 -2.89999996E-03
+42.34500E-06 +1.09101764108E+00 +5.05979895E-03
+42.36000E-06 -1.03159549078E+00 -8.20653257E-03
+42.37500E-06 +383.47993037E-03 +7.71306525E-03
+42.39000E-06 +29.71107517E-03 -10.85979887E-03
+42.40500E-06 -677.82663559E-03 +6.38643210E-03
+42.42000E-06 +914.13321346E-03 -4.22663311E-03
+42.43500E-06 -1.29692213242E+00 -1.57336681E-03
+42.45000E-06 +1.09101764113E+00 +3.73316580E-03
+42.46500E-06 -1.03159549078E+00 -9.53316572E-03
+42.48000E-06 +471.92214420E-03 +9.03969840E-03
+42.49500E-06 -147.17335240E-03 -10.85979887E-03
+42.51000E-06 -677.82663563E-03 +5.05979895E-03
+42.52500E-06 +914.13321351E-03 -4.22663311E-03
+42.54000E-06 -1.29692213242E+00 -1.57336681E-03
+42.55500E-06 +1.17945985487E+00 +5.05979895E-03
+42.57000E-06 -1.20847991845E+00 -10.85979887E-03
+42.58500E-06 +471.92214420E-03 +10.36633155E-03
+42.60000E-06 -147.17335235E-03 -10.85979887E-03
+42.61500E-06 -677.82663563E-03 +7.71306525E-03
+42.63000E-06 +825.69099977E-03 -5.55326626E-03
+42.64500E-06 -1.47380656004E+00 -1.57336681E-03
+42.66000E-06 +1.26790206875E+00 +5.05979895E-03
+42.67500E-06 -1.29692213228E+00 -10.85979887E-03
+42.69000E-06 +471.92214420E-03 +10.36633155E-03
+42.70500E-06 -147.17335240E-03 -12.18643202E-03
+42.72000E-06 -589.38442185E-03 +7.71306525E-03
+42.73500E-06 +1.00257542734E+00 -5.55326627E-03
+42.75000E-06 -1.47380656009E+00 -2.89999996E-03
+42.76500E-06 +1.26790206879E+00 +3.73316580E-03
+42.78000E-06 -1.29692213232E+00 -9.53316572E-03
+42.79500E-06 +648.80657182E-03 +9.03969840E-03
+42.81000E-06 -235.61556623E-03 -12.18643202E-03
+42.82500E-06 -677.82663569E-03 +7.71306525E-03
+42.84000E-06 +1.00257542734E+00 -5.55326627E-03
+42.85500E-06 -1.56224877387E+00 -1.57336681E-03
+42.87000E-06 +1.35634428263E+00 +3.73316580E-03
+42.88500E-06 -1.38536434611E+00 -9.53316572E-03
+42.90000E-06 +648.80657181E-03 +11.69296470E-03
+42.91500E-06 -324.05778001E-03 -13.51306518E-03
+42.93000E-06 -766.26884947E-03 +9.03969840E-03
+42.94500E-06 +1.00257542739E+00 -5.55326627E-03
+42.96000E-06 -1.65069098771E+00 -246.73366E-06
+42.97500E-06 +1.35634428263E+00 +3.73316580E-03
+42.99000E-06 -1.38536434616E+00 -12.18643202E-03
+43.00500E-06 +737.24878565E-03 +11.69296470E-03
+43.02000E-06 -412.49999379E-03 -14.83969833E-03
+43.03500E-06 -677.82663569E-03 +7.71306525E-03
+43.05000E-06 +1.09101764123E+00 -6.87989942E-03
+43.06500E-06 -1.73913320154E+00 -246.73366E-06
+43.08000E-06 +1.53322871024E+00 +5.05979895E-03
+43.09500E-06 -1.65069098756E+00 -10.85979887E-03
+43.11000E-06 +825.69099943E-03 +11.69296471E-03
+43.12500E-06 -324.05778006E-03 -14.83969833E-03
+43.14000E-06 -677.82663564E-03 +10.36633155E-03
+43.15500E-06 +1.09101764118E+00 -8.20653257E-03
+43.17000E-06 -1.73913320159E+00 -246.73366E-06
+43.18500E-06 +1.62167092408E+00 +5.05979895E-03
+43.20000E-06 -1.65069098760E+00 -10.85979887E-03
+43.21500E-06 +914.13321326E-03 +13.01959786E-03
+43.23000E-06 -412.49999389E-03 -16.16633148E-03
+43.24500E-06 -589.38442196E-03 +11.69296470E-03
+43.26000E-06 +1.09101764128E+00 -6.87989942E-03
+43.27500E-06 -1.73913320164E+00 -246.73366E-06
+43.29000E-06 +1.71011313791E+00 +5.05979895E-03
+43.30500E-06 -1.73913320139E+00 -12.18643202E-03
+43.32000E-06 +914.13321331E-03 +14.34623101E-03
+43.33500E-06 -412.49999383E-03 -14.83969833E-03
+43.35000E-06 -677.82663575E-03 +10.36633155E-03
+43.36500E-06 +1.09101764128E+00 -8.20653257E-03
+43.38000E-06 -1.82757541548E+00 -246.73366E-06
+43.39500E-06 +1.79855535174E+00 +3.73316580E-03
+43.41000E-06 -1.82757541522E+00 -12.18643203E-03
+43.42500E-06 +1.00257542714E+00 +14.34623101E-03
+43.44000E-06 -412.49999383E-03 -16.16633148E-03
+43.45500E-06 -677.82663575E-03 +11.69296470E-03
+43.47000E-06 +1.09101764128E+00 -10.85979887E-03
+43.48500E-06 -1.91601762931E+00 -246.73366E-06
+43.50000E-06 +1.79855535185E+00 +5.05979895E-03
+43.51500E-06 -1.91601762910E+00 -13.51306518E-03
+43.53000E-06 +1.09101764097E+00 +14.34623101E-03
+43.54500E-06 -500.94220766E-03 -17.49296463E-03
+43.56000E-06 -500.94220808E-03 +13.01959785E-03
+43.57500E-06 +1.09101764134E+00 -10.85979887E-03
+43.59000E-06 -2.00445984309E+00 -246.73366E-06
+43.60500E-06 +1.97543977941E+00 +5.05979895E-03
+43.62000E-06 -2.00445984293E+00 -14.83969833E-03
+43.63500E-06 +1.17945985475E+00 +14.34623101E-03
+43.65000E-06 -589.38442149E-03 -18.81959778E-03
+43.66500E-06 -589.38442192E-03 +14.34623101E-03
+43.68000E-06 +1.17945985517E+00 -10.85979887E-03
+43.69500E-06 -2.00445984315E+00 -246.73366E-06
+43.71000E-06 +2.06388199329E+00 +3.73316580E-03
+43.72500E-06 -2.09290205671E+00 -13.51306518E-03
+43.74000E-06 +1.26790206863E+00 +14.34623101E-03
+43.75500E-06 -500.94220771E-03 -18.81959778E-03
+43.77000E-06 -589.38442192E-03 +14.34623101E-03
+43.78500E-06 +1.26790206896E+00 -10.85979887E-03
+43.80000E-06 -2.09290205698E+00 +2.40653264E-03
+43.81500E-06 +2.15232420707E+00 +5.05979895E-03
+43.83000E-06 -2.18134427060E+00 -14.83969833E-03
+43.84500E-06 +1.26790206863E+00 +15.67286416E-03
+43.86000E-06 -589.38442154E-03 -20.14623093E-03
+43.87500E-06 -500.94220815E-03 +15.67286416E-03
+43.89000E-06 +1.26790206896E+00 -10.85979887E-03
+43.90500E-06 -2.18134427082E+00 +1.07989949E-03
+43.92000E-06 +2.24076642096E+00 +5.05979895E-03
+43.93500E-06 -2.35822869821E+00 -13.51306518E-03
+43.95000E-06 +1.35634428246E+00 +15.67286416E-03
+43.96500E-06 -854.71106287E-03 -18.81959778E-03
+43.98000E-06 -500.94220815E-03 +15.67286416E-03
+43.99500E-06 +1.26790206896E+00 -13.51306517E-03
+44.01000E-06 -2.26978648460E+00 +1.07989949E-03
+44.02500E-06 +2.32920863479E+00 +2.40653265E-03
+44.04000E-06 -2.35822869832E+00 -13.51306518E-03
+44.05500E-06 +1.53322871007E+00 +18.32613046E-03
+44.07000E-06 -854.71106298E-03 -22.79949724E-03
+44.08500E-06 -500.94220815E-03 +16.99949731E-03
+44.10000E-06 +1.26790206896E+00 -13.51306517E-03
+44.11500E-06 -2.26978648465E+00 +2.40653264E-03
+44.13000E-06 +2.32920863479E+00 +3.73316580E-03
+44.14500E-06 -2.53511312593E+00 -14.83969833E-03
+44.16000E-06 +1.71011313768E+00 +18.32613046E-03
+44.17500E-06 -1.03159549053E+00 -21.47286409E-03
+44.19000E-06 -412.49999432E-03 +16.99949731E-03
+44.20500E-06 +1.26790206902E+00 -13.51306517E-03
+44.22000E-06 -2.26978648471E+00 +3.73316579E-03
+44.23500E-06 +2.50609306246E+00 +3.73316580E-03
+44.25000E-06 -2.71199755348E+00 -13.51306518E-03
+44.26500E-06 +1.79855535157E+00 +19.65276361E-03
+44.28000E-06 -943.15327681E-03 -22.79949724E-03
+44.29500E-06 -412.49999433E-03 +19.65276361E-03
+44.31000E-06 +1.26790206902E+00 -14.83969833E-03
+44.32500E-06 -2.35822869849E+00 +3.73316579E-03
+44.34000E-06 +2.59453527629E+00 +3.73316580E-03
+44.35500E-06 -2.71199755359E+00 -14.83969833E-03
+44.37000E-06 +1.88699756534E+00 +19.65276362E-03
+44.38500E-06 -1.12003770436E+00 -24.12613039E-03
+44.40000E-06 -324.05778055E-03 +19.65276361E-03
+44.41500E-06 +1.26790206908E+00 -16.16633148E-03
+44.43000E-06 -2.44667091232E+00 +3.73316579E-03
+44.44500E-06 +2.59453527641E+00 +3.73316580E-03
+44.46000E-06 -2.88888198126E+00 -16.16633148E-03
+44.47500E-06 +1.97543977923E+00 +19.65276362E-03
+44.49000E-06 -1.20847991819E+00 -24.12613039E-03
+44.50500E-06 -324.05778050E-03 +20.97939676E-03
+44.52000E-06 +1.26790206915E+00 -16.16633148E-03
+44.53500E-06 -2.44667091244E+00 +5.05979894E-03
+44.55000E-06 +2.77141970408E+00 +2.40653265E-03
+44.56500E-06 -2.88888198126E+00 -14.83969833E-03
+44.58000E-06 +2.06388199312E+00 +20.97939677E-03
+44.59500E-06 -1.29692213208E+00 -26.77939669E-03
+44.61000E-06 -324.05778050E-03 +22.30602992E-03
+44.62500E-06 +1.26790206909E+00 -16.16633148E-03
+44.64000E-06 -2.53511312622E+00 +6.38643209E-03
+44.65500E-06 +2.85986191785E+00 +3.73316580E-03
+44.67000E-06 -3.15420862275E+00 -16.16633148E-03
+44.68500E-06 +2.32920863444E+00 +22.30602992E-03
+44.70000E-06 -1.38536434585E+00 -26.77939669E-03
+44.71500E-06 -147.17335296E-03 +23.63266307E-03
+44.73000E-06 +1.26790206909E+00 -17.49296463E-03
+44.74500E-06 -2.62355534005E+00 +6.38643209E-03
+44.76000E-06 +2.94830413169E+00 +2.40653265E-03
+44.77500E-06 -3.06576640898E+00 -16.16633148E-03
+44.79000E-06 +2.32920863455E+00 +22.30602992E-03
+44.80500E-06 -1.47380655974E+00 -26.77939669E-03
+44.82000E-06 -58.73113907E-03 +23.63266307E-03
+44.83500E-06 +1.26790206910E+00 -20.14623093E-03
+44.85000E-06 -2.62355534011E+00 +6.38643209E-03
+44.86500E-06 +3.03674634564E+00 +2.40653265E-03
+44.88000E-06 -3.33109305048E+00 -14.83969833E-03
+44.89500E-06 +2.59453527599E+00 +22.30602992E-03
+44.91000E-06 -1.56224877351E+00 -29.43266300E-03
+44.92500E-06 +29.71107470E-03 +24.95929622E-03
+44.94000E-06 +1.26790206916E+00 -20.14623093E-03
+44.95500E-06 -2.71199755395E+00 +9.03969840E-03
+44.97000E-06 +3.12518855942E+00 +2.40653265E-03
+44.98500E-06 -3.41953526425E+00 -16.16633148E-03
+45.00000E-06 +2.59453527605E+00 +23.63266307E-03
+45.01500E-06 -1.73913320117E+00 -29.43266300E-03
+45.03000E-06 +29.71107470E-03 +24.95929622E-03
+45.04500E-06 +1.26790206916E+00 -21.47286408E-03
+45.06000E-06 -2.71199755395E+00 +9.03969840E-03
+45.07500E-06 +3.21363077325E+00 +1.07989950E-03
+45.09000E-06 -3.59641969192E+00 -14.83969833E-03
+45.10500E-06 +2.77141970371E+00 +22.30602992E-03
+45.12000E-06 -1.82757541494E+00 -30.75929615E-03
+45.13500E-06 +118.15328853E-03 +27.61256252E-03
+45.15000E-06 +1.17945985540E+00 -22.79949723E-03
+45.16500E-06 -2.80043976779E+00 +10.36633155E-03
+45.18000E-06 +3.30207298715E+00 +1.07989950E-03
+45.19500E-06 -3.68486190581E+00 -16.16633148E-03
+45.21000E-06 +2.85986191754E+00 +23.63266307E-03
+45.22500E-06 -2.00445984260E+00 -32.08592930E-03
+45.24000E-06 +206.59550229E-03 +28.93919567E-03
+45.25500E-06 +1.17945985534E+00 -22.79949724E-03
+45.27000E-06 -2.80043976785E+00 +10.36633155E-03
+45.28500E-06 +3.39051520092E+00 +1.07989950E-03
+45.30000E-06 -3.86174633348E+00 -16.16633148E-03
+45.31500E-06 +3.03674634515E+00 +24.95929622E-03
+45.33000E-06 -2.18134427020E+00 -32.08592930E-03
+45.34500E-06 +295.03771612E-03 +28.93919567E-03
+45.36000E-06 +1.17945985540E+00 -24.12613039E-03
+45.37500E-06 -2.97732419540E+00 +11.69296470E-03
+45.39000E-06 +3.47895741475E+00 -246.73366E-06
+45.40500E-06 -3.95018854718E+00 -16.16633148E-03
+45.42000E-06 +3.12518855904E+00 +24.95929622E-03
+45.43500E-06 -2.26978648409E+00 -33.41256245E-03
+45.45000E-06 +383.47992995E-03 +31.59246198E-03
+45.46500E-06 +1.09101764164E+00 -25.45276354E-03
+45.48000E-06 -2.88888198169E+00 +11.69296470E-03
+45.49500E-06 +3.56739962859E+00 -246.73366E-06
+45.51000E-06 -4.03863076114E+00 -16.16633148E-03
+45.52500E-06 +3.30207298670E+00 +26.28592937E-03
+45.54000E-06 -2.26978648415E+00 -34.73919560E-03
+45.55500E-06 +471.92214378E-03 +31.59246198E-03
+45.57000E-06 +1.00257542781E+00 -26.77939669E-03
+45.58500E-06 -2.88888198163E+00 +13.01959785E-03
+45.60000E-06 +3.74428405626E+00 -246.73366E-06
+45.61500E-06 -4.21551518868E+00 -16.16633148E-03
+45.63000E-06 +3.56739962807E+00 +24.95929622E-03
+45.64500E-06 -2.53511312552E+00 -34.73919560E-03
+45.66000E-06 +560.36435761E-03 +32.91909513E-03
+45.67500E-06 +1.09101764158E+00 -28.10602984E-03
+45.69000E-06 -2.97732419553E+00 +15.67286415E-03
+45.70500E-06 +3.74428405626E+00 -1.57336681E-03
+45.72000E-06 -4.30395740264E+00 -16.16633148E-03
+45.73500E-06 +3.65584184190E+00 +26.28592938E-03
+45.75000E-06 -2.62355533935E+00 -37.39246190E-03
+45.76500E-06 +737.24878527E-03 +35.57236143E-03
+45.78000E-06 +1.00257542782E+00 -29.43266299E-03
+45.79500E-06 -2.97732419560E+00 +14.34623100E-03
+45.81000E-06 +3.65584184262E+00 -2.89999996E-03
+45.82500E-06 -4.39239961654E+00 -16.16633148E-03
+45.84000E-06 +3.74428405586E+00 +26.28592938E-03
+45.85500E-06 -2.71199755324E+00 -37.39246191E-03
+45.87000E-06 +737.24878520E-03 +35.57236143E-03
+45.88500E-06 +914.13321399E-03 -30.75929614E-03
+45.90000E-06 -2.97732419567E+00 +15.67286415E-03
+45.91500E-06 +3.92116848393E+00 -2.89999996E-03
+45.93000E-06 -4.56928404414E+00 -14.83969833E-03
+45.94500E-06 +3.83272626969E+00 +27.61256253E-03
+45.96000E-06 -2.88888198090E+00 -37.39246191E-03
+45.97500E-06 +914.13321286E-03 +36.89899458E-03
+45.99000E-06 +914.13321400E-03 -33.41256245E-03
+46.00500E-06 -2.97732419561E+00 +18.32613046E-03
+46.02000E-06 +4.00961069783E+00 -2.89999996E-03
+46.03500E-06 -4.74616847181E+00 -14.83969833E-03
+46.05000E-06 +4.00961069736E+00 +27.61256253E-03
+46.06500E-06 -3.06576640857E+00 -38.71909506E-03
+46.08000E-06 +1.00257542669E+00 +39.55226089E-03
+46.09500E-06 +914.13321400E-03 -33.41256245E-03
+46.11000E-06 -2.88888198191E+00 +19.65276361E-03
+46.12500E-06 +4.00961069790E+00 -2.89999996E-03
+46.14000E-06 -4.83461068564E+00 -13.51306518E-03
+46.15500E-06 +4.18649512495E+00 +27.61256253E-03
+46.17000E-06 -3.24265083616E+00 -40.04572821E-03
+46.18500E-06 +1.09101764051E+00 +40.87889404E-03
+46.20000E-06 +737.24878648E-03 -33.41256245E-03
+46.21500E-06 -2.88888198192E+00 +19.65276361E-03
+46.23000E-06 +4.18649512550E+00 -5.55326626E-03
+46.24500E-06 -4.83461068571E+00 -14.83969833E-03
+46.26000E-06 +4.36337955262E+00 +27.61256253E-03
+46.27500E-06 -3.33109304999E+00 -40.04572821E-03
+46.29000E-06 +1.09101764058E+00 +40.87889404E-03
+46.30500E-06 +737.24878634E-03 -34.73919560E-03
+46.32000E-06 -2.88888198186E+00 +22.30602991E-03
+46.33500E-06 +4.18649512550E+00 -4.22663311E-03
+46.35000E-06 -5.01149511337E+00 -14.83969833E-03
+46.36500E-06 +4.45182176652E+00 +27.61256253E-03
+46.38000E-06 -3.59641969148E+00 -41.37236136E-03
+46.39500E-06 +1.26790206817E+00 +43.53216034E-03
+46.41000E-06 +471.92214506E-03 -37.39246190E-03
+46.42500E-06 -2.88888198193E+00 +22.30602991E-03
+46.44000E-06 +4.27493733941E+00 -5.55326626E-03
+46.45500E-06 -5.09993732721E+00 -13.51306518E-03
+46.47000E-06 +4.71714840794E+00 +26.28592938E-03
+46.48500E-06 -3.68486190524E+00 -41.37236136E-03
+46.50000E-06 +1.44478649576E+00 +42.20552719E-03
+46.51500E-06 +471.92214500E-03 -38.71909505E-03
+46.53000E-06 -2.88888198193E+00 +23.63266306E-03
+46.54500E-06 +4.18649512572E+00 -6.87989941E-03
+46.56000E-06 -5.27682175487E+00 -13.51306518E-03
+46.57500E-06 +4.80559062177E+00 +28.93919568E-03
+46.59000E-06 -3.86174633298E+00 -42.69899451E-03
+46.60500E-06 +1.62167092342E+00 +44.85879349E-03
+46.62000E-06 +383.47993124E-03 -41.37236136E-03
+46.63500E-06 -2.88888198201E+00 +23.63266306E-03
+46.65000E-06 +4.27493733948E+00 -8.20653256E-03
+46.66500E-06 -5.27682175494E+00 -12.18643203E-03
+46.68000E-06 +4.98247504951E+00 +27.61256253E-03
+46.69500E-06 -3.95018854688E+00 -42.69899452E-03
+46.71000E-06 +1.79855535108E+00 +44.85879350E-03
+46.72500E-06 +383.47993117E-03 -41.37236136E-03
+46.74000E-06 -2.80043976818E+00 +24.95929622E-03
+46.75500E-06 +4.36337955332E+00 -8.20653256E-03
+46.77000E-06 -5.45370618261E+00 -12.18643203E-03
+46.78500E-06 +5.07091726334E+00 +28.93919568E-03
+46.80000E-06 -4.12707297454E+00 -44.02562767E-03
+46.81500E-06 +1.97543977874E+00 +47.51205980E-03
+46.83000E-06 +206.59550358E-03 -44.02562766E-03
+46.84500E-06 -2.80043976826E+00 +26.28592937E-03
+46.86000E-06 +4.45182176715E+00 -8.20653256E-03
+46.87500E-06 -5.54214839645E+00 -10.85979888E-03
+46.89000E-06 +5.24780169100E+00 +28.93919568E-03
+46.90500E-06 -4.30395740205E+00 -42.69899451E-03
+46.92000E-06 +1.97543977881E+00 +48.83869295E-03
+46.93500E-06 +29.71107600E-03 -44.02562766E-03
+46.95000E-06 -2.71199755443E+00 +26.28592937E-03
+46.96500E-06 +4.45182176716E+00 -9.53316572E-03
+46.98000E-06 -5.63059061028E+00 -10.85979888E-03
+46.99500E-06 +5.33624390484E+00 +28.93919568E-03
+47.01000E-06 -4.39239961603E+00 -44.02562767E-03
+47.02500E-06 +2.15232420640E+00 +48.83869295E-03
+47.04000E-06 -58.73113775E-03 -46.67889396E-03
+47.05500E-06 -2.62355534060E+00 +30.26582882E-03
+47.07000E-06 +4.45182176731E+00 -13.51306517E-03
+47.08500E-06 -5.80747503787E+00 -9.53316573E-03
+47.10000E-06 +5.51312833243E+00 +27.61256253E-03
+47.11500E-06 -4.56928404369E+00 -45.35226082E-03
+47.13000E-06 +2.41765084782E+00 +50.16532610E-03
+47.14500E-06 -235.61556542E-03 -46.67889396E-03
+47.16000E-06 -2.71199755437E+00 +31.59246197E-03
+47.17500E-06 +4.45182176724E+00 -12.18643202E-03
+47.19000E-06 -5.80747503802E+00 -9.53316573E-03
+47.20500E-06 +5.60157054640E+00 +28.93919568E-03
+47.22000E-06 -4.74616847128E+00 -45.35226082E-03
+47.23500E-06 +2.50609306157E+00 +51.49195925E-03
+47.25000E-06 -324.05777924E-03 -48.00552711E-03
+47.26500E-06 -2.53511312693E+00 +32.91909512E-03
+47.28000E-06 +4.45182176724E+00 -13.51306517E-03
+47.29500E-06 -5.98435946569E+00 -9.53316573E-03
+47.31000E-06 +5.69001276024E+00 +27.61256253E-03
+47.32500E-06 -5.01149511270E+00 -46.67889397E-03
+47.34000E-06 +2.68297748930E+00 +52.81859240E-03
+47.35500E-06 -324.05777931E-03 -49.33216027E-03
+47.37000E-06 -2.53511312687E+00 +34.24572828E-03
+47.38500E-06 +4.54026398108E+00 -14.83969832E-03
+47.40000E-06 -5.98435946577E+00 -8.20653258E-03
+47.41500E-06 +5.95533940166E+00 +28.93919568E-03
+47.43000E-06 -5.09993732660E+00 -48.00552712E-03
+47.44500E-06 +2.85986191689E+00 +52.81859241E-03
+47.46000E-06 -500.94220689E-03 -50.65879342E-03
+47.47500E-06 -2.44667091304E+00 +35.57236143E-03
+47.49000E-06 +4.45182176740E+00 -16.16633147E-03
+47.50500E-06 -6.07280167952E+00 -8.20653258E-03
+47.52000E-06 +6.04378161557E+00 +27.61256253E-03
+47.53500E-06 -5.18837954035E+00 -46.67889397E-03
+47.55000E-06 +3.03674634455E+00 +54.14522556E-03
+47.56500E-06 -677.82663455E-03 -51.98542657E-03
+47.58000E-06 -2.35822869929E+00 +36.89899458E-03
+47.59500E-06 +4.45182176733E+00 -17.49296462E-03
+47.61000E-06 -6.16124389344E+00 -6.87989942E-03
+47.62500E-06 +6.13222382940E+00 +27.61256253E-03
+47.64000E-06 -5.36526396817E+00 -45.35226082E-03
+47.65500E-06 +3.21363077221E+00 +54.14522556E-03
+47.67000E-06 -766.26884830E-03 -54.63869287E-03
+47.68500E-06 -2.26978648546E+00 +39.55226088E-03
+47.70000E-06 +4.36337955358E+00 -17.49296462E-03
+47.71500E-06 -6.16124389344E+00 -5.55326627E-03
+47.73000E-06 +6.13222382947E+00 +27.61256253E-03
+47.74500E-06 -5.54214839568E+00 -45.35226082E-03
+47.76000E-06 +3.39051519987E+00 +56.79849186E-03
+47.77500E-06 -943.15327603E-03 -55.96532602E-03
+47.79000E-06 -2.09290205788E+00 +39.55226088E-03
+47.80500E-06 +4.36337955366E+00 -18.81959778E-03
+47.82000E-06 -6.16124389359E+00 -4.22663312E-03
+47.83500E-06 +6.39755047082E+00 +26.28592938E-03
+47.85000E-06 -5.71903282334E+00 -46.67889397E-03
+47.86500E-06 +3.47895741369E+00 +58.12512501E-03
+47.88000E-06 -1.03159548986E+00 -57.29195917E-03
+47.89500E-06 -2.09290205781E+00 +43.53216034E-03
+47.91000E-06 +4.45182176734E+00 -22.79949723E-03
+47.92500E-06 -6.24968610735E+00 -4.22663312E-03
+47.94000E-06 +6.39755047105E+00 +26.28592938E-03
+47.95500E-06 -5.80747503732E+00 -48.00552712E-03
+47.97000E-06 +3.56739962760E+00 +56.79849186E-03
+47.98500E-06 -1.12003770376E+00 -57.29195918E-03
+48.00000E-06 -1.91601763023E+00 +42.20552719E-03
+48.01500E-06 +4.36337955367E+00 -21.47286408E-03
+48.03000E-06 -6.33812832119E+00 -4.22663312E-03
+48.04500E-06 +6.48599268488E+00 +26.28592938E-03
+48.06000E-06 -5.98435946491E+00 -46.67889397E-03
+48.07500E-06 +3.83272626893E+00 +58.12512501E-03
+48.09000E-06 -1.38536434510E+00 -59.94522548E-03
+48.10500E-06 -1.82757541648E+00 +44.85879349E-03
+48.12000E-06 +4.27493733992E+00 -22.79949723E-03
+48.13500E-06 -6.42657053494E+00 -2.89999997E-03
+48.15000E-06 +6.66287711247E+00 +24.95929623E-03
+48.16500E-06 -6.07280167873E+00 -46.67889397E-03
+48.18000E-06 +4.00961069675E+00 +59.45175816E-03
+48.19500E-06 -1.47380655892E+00 -59.94522548E-03
+48.21000E-06 -1.73913320258E+00 +46.18542664E-03
+48.22500E-06 +4.27493733985E+00 -24.12613038E-03
+48.24000E-06 -6.33812832119E+00 -246.73367E-06
+48.25500E-06 +6.75131932630E+00 +24.95929623E-03
+48.27000E-06 -6.24968610648E+00 -48.00552712E-03
+48.28500E-06 +4.09805291058E+00 +59.45175816E-03
+48.30000E-06 -1.56224877283E+00 -61.27185863E-03
+48.31500E-06 -1.65069098875E+00 +47.51205979E-03
+48.33000E-06 +4.18649512618E+00 -25.45276353E-03
+48.34500E-06 -6.33812832128E+00 -246.73367E-06
+48.36000E-06 +6.75131932630E+00 +23.63266308E-03
+48.37500E-06 -6.42657053406E+00 -45.35226082E-03
+48.39000E-06 +4.27493733815E+00 +58.12512502E-03
+48.40500E-06 -1.65069098673E+00 -63.92512493E-03
+48.42000E-06 -1.56224877493E+00 +50.16532609E-03
+48.43500E-06 +4.09805291227E+00 -28.10602983E-03
+48.45000E-06 -6.42657053503E+00 -246.73367E-06
+48.46500E-06 +6.83976154021E+00 +23.63266308E-03
+48.48000E-06 -6.42657053422E+00 -46.67889397E-03
+48.49500E-06 +4.45182176589E+00 +59.45175817E-03
+48.51000E-06 -1.91601762806E+00 -63.92512493E-03
+48.52500E-06 -1.47380656110E+00 +51.49195924E-03
+48.54000E-06 +4.00961069853E+00 -28.10602983E-03
+48.55500E-06 -6.33812832137E+00 +1.07989948E-03
+48.57000E-06 +6.92820375404E+00 +22.30602993E-03
+48.58500E-06 -6.60345496188E+00 -46.67889397E-03
+48.60000E-06 +4.54026397980E+00 +60.77839132E-03
+48.61500E-06 -2.09290205572E+00 -65.25175809E-03
+48.63000E-06 -1.29692213353E+00 +50.16532610E-03
+48.64500E-06 +3.92116848478E+00 -29.43266299E-03
+48.66000E-06 -6.33812832137E+00 +2.40653263E-03
+48.67500E-06 +6.92820375413E+00 +22.30602993E-03
+48.69000E-06 -6.78033938946E+00 -45.35226082E-03
+48.70500E-06 +4.71714840730E+00 +59.45175817E-03
+48.72000E-06 -2.18134426963E+00 -65.25175809E-03
+48.73500E-06 -1.12003770587E+00 +52.81859240E-03
+48.75000E-06 +3.83272627096E+00 -32.08592929E-03
+48.76500E-06 -6.33812832137E+00 +5.05979894E-03
+48.78000E-06 +7.01664596796E+00 +20.97939678E-03
+48.79500E-06 -6.78033938962E+00 -45.35226082E-03
+48.81000E-06 +4.71714840746E+00 +60.77839132E-03
+48.82500E-06 -2.44667091095E+00 -66.57839124E-03
+48.84000E-06 -1.03159549204E+00 +54.14522555E-03
+48.85500E-06 +3.83272627088E+00 -32.08592929E-03
+48.87000E-06 -6.33812832146E+00 +2.40653264E-03
+48.88500E-06 +7.01664596804E+00 +20.97939678E-03
+48.90000E-06 -6.86878160345E+00 -44.02562767E-03
+48.91500E-06 +4.98247504878E+00 +60.77839132E-03
+48.93000E-06 -2.53511312486E+00 -66.57839124E-03
+48.94500E-06 -854.71106439E-03 +55.47185870E-03
+48.96000E-06 +3.74428405705E+00 -33.41256244E-03
+48.97500E-06 -6.24968610763E+00 +6.38643209E-03
+48.99000E-06 +7.10508818188E+00 +18.32613047E-03
+49.00500E-06 -6.95722381720E+00 -42.69899452E-03
+49.02000E-06 +5.15935947653E+00 +60.77839132E-03
+49.03500E-06 -2.71199755252E+00 -67.90502439E-03
+49.05000E-06 -766.26885056E-03 +58.12512500E-03
+49.06500E-06 +3.56739962948E+00 -34.73919559E-03
+49.08000E-06 -6.24968610764E+00 +7.71306524E-03
+49.09500E-06 +7.19353039563E+00 +18.32613047E-03
+49.11000E-06 -7.04566603120E+00 -44.02562767E-03
+49.12500E-06 +5.33624390419E+00 +59.45175817E-03
+49.14000E-06 -2.80043976626E+00 -67.90502439E-03
+49.15500E-06 -589.38442299E-03 +58.12512500E-03
+49.17000E-06 +3.47895741583E+00 -36.06582874E-03
+49.18500E-06 -6.16124389389E+00 +9.03969839E-03
+49.20000E-06 +7.01664596813E+00 +18.32613047E-03
+49.21500E-06 -7.22255045869E+00 -42.69899452E-03
+49.23000E-06 +5.42468611802E+00 +60.77839132E-03
+49.24500E-06 -2.97732419392E+00 -67.90502439E-03
+49.26000E-06 -412.49999542E-03 +60.77839131E-03
+49.27500E-06 +3.39051520183E+00 -37.39246189E-03
+49.29000E-06 -6.16124389381E+00 +10.36633154E-03
+49.30500E-06 +7.19353039571E+00 +16.99949732E-03
+49.32000E-06 -7.22255045886E+00 -41.37236137E-03
+49.33500E-06 +5.60157054559E+00 +59.45175817E-03
+49.35000E-06 -3.06576640783E+00 -69.23165754E-03
+49.36500E-06 -324.05778151E-03 +60.77839131E-03
+49.38000E-06 +3.21363077434E+00 -38.71909505E-03
+49.39500E-06 -6.07280168007E+00 +10.36633154E-03
+49.41000E-06 +7.19353039580E+00 +16.99949732E-03
+49.42500E-06 -7.31099267269E+00 -41.37236137E-03
+49.44000E-06 +5.60157054576E+00 +60.77839132E-03
+49.45500E-06 -3.33109304932E+00 -70.55829069E-03
+49.47000E-06 -147.17335385E-03 +60.77839131E-03
+49.48500E-06 +3.12518856043E+00 -40.04572820E-03
+49.50000E-06 -5.98435946633E+00 +11.69296469E-03
+49.51500E-06 +7.19353039571E+00 +15.67286417E-03
+49.53000E-06 -7.48787710018E+00 -40.04572822E-03
+49.54500E-06 +5.77845497333E+00 +59.45175817E-03
+49.56000E-06 -3.50797747698E+00 -69.23165754E-03
+49.57500E-06 -58.73113994E-03 +62.10502446E-03
+49.59000E-06 +2.94830413286E+00 -42.69899450E-03
+49.60500E-06 -5.89591725241E+00 +13.01959784E-03
+49.62000E-06 +7.19353039589E+00 +14.34623102E-03
+49.63500E-06 -7.48787710026E+00 -40.04572822E-03
+49.65000E-06 +5.77845497359E+00 +59.45175817E-03
+49.66500E-06 -3.59641969080E+00 -69.23165754E-03
+49.68000E-06 +118.15328763E-03 +63.43165761E-03
+49.69500E-06 +2.94830413278E+00 -42.69899450E-03
+49.71000E-06 -5.89591725251E+00 +14.34623100E-03
+49.72500E-06 +7.19353039580E+00 +14.34623102E-03
+49.74000E-06 -7.39943488661E+00 -40.04572822E-03
+49.75500E-06 +5.95533940107E+00 +58.12512502E-03
+49.77000E-06 -3.68486190454E+00 -69.23165754E-03
+49.78500E-06 +295.03771529E-03 +64.75829076E-03
+49.80000E-06 +2.77141970521E+00 -42.69899450E-03
+49.81500E-06 -5.71903282493E+00 +14.34623100E-03
+49.83000E-06 +7.10508818206E+00 +11.69296472E-03
+49.84500E-06 -7.57631931427E+00 -38.71909506E-03
+49.86000E-06 +6.04378161490E+00 +59.45175817E-03
+49.87500E-06 -3.95018854612E+00 -69.23165755E-03
+49.89000E-06 +471.92214295E-03 +64.75829076E-03
+49.90500E-06 +2.59453527746E+00 -45.35226080E-03
+49.92000E-06 -5.63059061111E+00 +16.99949730E-03
+49.93500E-06 +7.10508818206E+00 +11.69296471E-03
+49.95000E-06 -7.57631931418E+00 -40.04572822E-03
+49.96500E-06 +6.13222382872E+00 +58.12512502E-03
+49.98000E-06 -4.03863075994E+00 -70.55829070E-03
+49.99500E-06 +560.36435677E-03 +64.75829076E-03
+50.01000E-06 +2.41765084998E+00 -46.67889396E-03
+50.02500E-06 -5.54214839719E+00 +18.32613045E-03
+50.04000E-06 +7.01664596832E+00 +11.69296471E-03
+50.05500E-06 -7.57631931418E+00 -37.39246191E-03
+50.07000E-06 +6.22066604264E+00 +55.47185872E-03
+50.08500E-06 -4.12707297377E+00 -69.23165755E-03
+50.10000E-06 +737.24878443E-03 +67.41155706E-03
+50.11500E-06 +2.32920863607E+00 -46.67889396E-03
+50.13000E-06 -5.54214839728E+00 +19.65276360E-03
+50.14500E-06 +6.92820375449E+00 +9.03969841E-03
+50.16000E-06 -7.66476152801E+00 -34.73919561E-03
+50.17500E-06 +6.30910825647E+00 +55.47185871E-03
+50.19000E-06 -4.12707297403E+00 -70.55829069E-03
+50.20500E-06 +914.13321200E-03 +67.41155707E-03
+50.22000E-06 +2.24076642224E+00 -49.33216026E-03
+50.23500E-06 -5.27682175588E+00 +20.97939675E-03
+50.25000E-06 +6.92820375449E+00 +7.71306526E-03
+50.26500E-06 -7.48787710052E+00 -34.73919561E-03
+50.28000E-06 +6.39755047030E+00 +55.47185872E-03
+50.29500E-06 -4.39239961525E+00 -69.23165755E-03
+50.31000E-06 +1.09101763974E+00 +66.08492392E-03
+50.32500E-06 +1.97543978094E+00 -49.33216026E-03
+50.34000E-06 -5.18837954206E+00 +22.30602991E-03
+50.35500E-06 +7.01664596824E+00 +7.71306526E-03
+50.37000E-06 -7.66476152800E+00 -33.41256246E-03
+50.38500E-06 +6.48599268413E+00 +54.14522556E-03
+50.40000E-06 -4.48084182917E+00 -69.23165755E-03
+50.41500E-06 +1.09101763992E+00 +67.41155707E-03
+50.43000E-06 +1.79855535319E+00 -50.65879341E-03
+50.44500E-06 -5.01149511449E+00 +23.63266306E-03
+50.46000E-06 +6.75131932693E+00 +6.38643211E-03
+50.47500E-06 -7.57631931445E+00 -33.41256246E-03
+50.49000E-06 +6.39755047047E+00 +55.47185871E-03
+50.50500E-06 -4.65772625683E+00 -67.90502440E-03
+50.52000E-06 +1.35634428123E+00 +68.73819022E-03
+50.53500E-06 +1.71011313927E+00 -49.33216026E-03
+50.55000E-06 -5.01149511440E+00 +23.63266306E-03
+50.56500E-06 +6.66287711310E+00 +5.05979896E-03
+50.58000E-06 -7.57631931435E+00 -32.08592931E-03
+50.59500E-06 +6.57443489795E+00 +52.81859241E-03
+50.61000E-06 -4.74616847065E+00 -69.23165755E-03
+50.62500E-06 +1.53322870879E+00 +66.08492392E-03
+50.64000E-06 +1.62167092544E+00 -51.98542656E-03
+50.65500E-06 -4.83461068674E+00 +24.95929621E-03
+50.67000E-06 +6.57443489936E+00 +3.73316581E-03
+50.68500E-06 -7.57631931426E+00 -30.75929616E-03
+50.70000E-06 +6.57443489804E+00 +52.81859241E-03
+50.71500E-06 -4.83461068448E+00 -67.90502440E-03
+50.73000E-06 +1.53322870897E+00 +68.73819022E-03
+50.74500E-06 +1.44478649779E+00 -53.31205971E-03
+50.76000E-06 -4.65772625918E+00 +26.28592936E-03
+50.77500E-06 +6.48599268543E+00 +2.40653265E-03
+50.79000E-06 -7.48787710071E+00 -30.75929616E-03
+50.80500E-06 +6.66287711187E+00 +52.81859241E-03
+50.82000E-06 -4.83461068456E+00 -66.57839125E-03
+50.83500E-06 +1.71011313653E+00 +70.06482337E-03
+50.85000E-06 +1.17945985639E+00 -53.31205971E-03
+50.86500E-06 -4.56928404535E+00 +27.61256251E-03
+50.88000E-06 +6.39755047160E+00 +2.40653265E-03
+50.89500E-06 -7.48787710061E+00 -28.10602986E-03
+50.91000E-06 +6.57443489812E+00 +50.16532611E-03
+50.92500E-06 -4.92305289839E+00 -67.90502439E-03
+50.94000E-06 +1.88699756419E+00 +68.73819022E-03
+50.95500E-06 +1.17945985630E+00 -54.63869287E-03
+50.97000E-06 -4.39239961769E+00 +27.61256251E-03
+50.98500E-06 +6.39755047161E+00 +1.07989950E-03
+51.00000E-06 -7.39943488697E+00 -25.45276355E-03
+51.01500E-06 +6.66287711195E+00 +50.16532611E-03
+51.03000E-06 -5.01149511221E+00 -66.57839124E-03
+51.04500E-06 +1.88699756428E+00 +68.73819022E-03
+51.06000E-06 +1.00257542874E+00 -54.63869287E-03
+51.07500E-06 -4.21551519013E+00 +28.93919566E-03
+51.09000E-06 +6.22066604414E+00 -246.73365E-06
+51.10500E-06 -7.39943488678E+00 -26.77939670E-03
+51.12000E-06 +6.66287711214E+00 +48.83869296E-03
+51.13500E-06 -5.01149511230E+00 -65.25175809E-03
+51.15000E-06 +2.06388199193E+00 +68.73819022E-03
+51.16500E-06 +825.69100099E-03 -54.63869287E-03
+51.18000E-06 -4.12707297611E+00 +30.26582881E-03
+51.19500E-06 +6.04378161638E+00 -1.57336680E-03
+51.21000E-06 -7.31099267304E+00 -24.12613040E-03
+51.22500E-06 +6.66287711194E+00 +48.83869296E-03
+51.24000E-06 -5.18837953997E+00 -63.92512494E-03
+51.25500E-06 +2.24076641969E+00 +68.73819022E-03
+51.27000E-06 +648.80657333E-03 -57.29195917E-03
+51.28500E-06 -4.03863076228E+00 +31.59246197E-03
+51.30000E-06 +5.95533940265E+00 -2.89999995E-03
+51.31500E-06 -7.31099267304E+00 -25.45276355E-03
+51.33000E-06 +6.57443489830E+00 +47.51205980E-03
+51.34500E-06 -5.27682175370E+00 -63.92512494E-03
+51.36000E-06 +2.41765084715E+00 +68.73819022E-03
+51.37500E-06 +560.36435951E-03 -55.96532602E-03
+51.39000E-06 -3.77330412089E+00 +31.59246197E-03
+51.40500E-06 +5.95533940255E+00 -2.89999995E-03
+51.42000E-06 -7.22255045921E+00 -24.12613040E-03
+51.43500E-06 +6.57443489820E+00 +44.85879350E-03
+51.45000E-06 -5.36526396752E+00 -62.59849179E-03
+51.46500E-06 +2.50609306097E+00 +66.08492392E-03
+51.48000E-06 +383.47993185E-03 -57.29195917E-03
+51.49500E-06 -3.59641969333E+00 +34.24572827E-03
+51.51000E-06 +5.69001276125E+00 -5.55326625E-03
+51.52500E-06 -7.04566603164E+00 -21.47286410E-03
+51.54000E-06 +6.66287711203E+00 +44.85879350E-03
+51.55500E-06 -5.27682175398E+00 -61.27185864E-03
+51.57000E-06 +2.50609306116E+00 +66.08492392E-03
+51.58500E-06 +206.59550419E-03 -57.29195917E-03
+51.60000E-06 -3.50797747950E+00 +32.91909512E-03
+51.61500E-06 +5.60157054723E+00 -4.22663311E-03
+51.63000E-06 -6.95722381781E+00 -22.79949725E-03
+51.64500E-06 +6.57443489829E+00 +43.53216035E-03
+51.66000E-06 -5.36526396771E+00 -61.27185864E-03
+51.67500E-06 +2.68297748873E+00 +66.08492392E-03
+51.69000E-06 +29.71107663E-03 -57.29195917E-03
+51.70500E-06 -3.33109305174E+00 +34.24572827E-03
+51.72000E-06 +5.42468611966E+00 -5.55326625E-03
+51.73500E-06 -6.86878160397E+00 -20.14623094E-03
+51.75000E-06 +6.48599268456E+00 +40.87889405E-03
+51.76500E-06 -5.54214839527E+00 -59.94522549E-03
+51.78000E-06 +2.77141970265E+00 +64.75829077E-03
+51.79500E-06 -58.73113729E-03 -57.29195917E-03
+51.81000E-06 -3.24265083772E+00 +35.57236142E-03
+51.82500E-06 +5.24780169200E+00 -6.87989941E-03
+51.84000E-06 -6.86878160397E+00 -17.49296464E-03
+51.85500E-06 +6.48599268445E+00 +40.87889405E-03
+51.87000E-06 -5.36526396779E+00 -59.94522549E-03
+51.88500E-06 +2.85986191648E+00 +63.43165762E-03
+51.90000E-06 -147.17335122E-03 -57.29195917E-03
+51.91500E-06 -2.97732419653E+00 +35.57236142E-03
+51.93000E-06 +5.15935947827E+00 -8.20653256E-03
+51.94500E-06 -6.78033939014E+00 -17.49296464E-03
+51.96000E-06 +6.48599268445E+00 +39.55226090E-03
+51.97500E-06 -5.45370618172E+00 -57.29195919E-03
+51.99000E-06 +2.94830413040E+00 +63.43165762E-03
+52.00500E-06 -235.61556515E-03 -57.29195917E-03
+52.02000E-06 -2.88888198250E+00 +36.89899457E-03
+52.03500E-06 +4.98247505051E+00 -10.85979886E-03
+52.05000E-06 -6.51501274885E+00 -16.16633149E-03
+52.06500E-06 +6.39755047072E+00 +38.22562775E-03
+52.08000E-06 -5.45370618162E+00 -55.96532603E-03
+52.09500E-06 +2.94830413040E+00 +63.43165761E-03
+52.11000E-06 -412.49999271E-03 -58.61859232E-03
+52.12500E-06 -2.71199755494E+00 +36.89899457E-03
+52.14000E-06 +4.80559062295E+00 -9.53316571E-03
+52.15500E-06 -6.42657053491E+00 -14.83969834E-03
+52.17000E-06 +6.30910825709E+00 +38.22562774E-03
+52.18500E-06 -5.45370618171E+00 -54.63869288E-03
+52.20000E-06 +3.03674634422E+00 +62.10502447E-03
+52.21500E-06 -589.38442036E-03 -57.29195917E-03
+52.23000E-06 -2.53511312738E+00 +36.89899458E-03
+52.24500E-06 +4.62870619539E+00 -10.85979886E-03
+52.26000E-06 -6.24968610735E+00 -14.83969834E-03
+52.27500E-06 +6.30910825688E+00 +35.57236144E-03
+52.29000E-06 -5.45370618171E+00 -54.63869288E-03
+52.30500E-06 +3.12518855805E+00 +59.45175817E-03
+52.32000E-06 -677.82663419E-03 -55.96532602E-03
+52.33500E-06 -2.35822869952E+00 +38.22562772E-03
+52.35000E-06 +4.54026398136E+00 -12.18643201E-03
+52.36500E-06 -6.24968610725E+00 -12.18643204E-03
+52.38000E-06 +6.22066604315E+00 +35.57236144E-03
+52.39500E-06 -5.45370618171E+00 -51.98542658E-03
+52.41000E-06 +3.21363077187E+00 +59.45175816E-03
+52.42500E-06 -854.71106185E-03 -57.29195917E-03
+52.44000E-06 -2.18134427207E+00 +38.22562773E-03
+52.45500E-06 +4.45182176753E+00 -13.51306517E-03
+52.47000E-06 -5.98435946585E+00 -13.51306518E-03
+52.48500E-06 +6.04378161558E+00 +35.57236144E-03
+52.50000E-06 -5.36526396787E+00 -50.65879343E-03
+52.51500E-06 +3.30207298560E+00 +59.45175816E-03
+52.53000E-06 -943.15327567E-03 -55.96532602E-03
+52.54500E-06 -2.09290205803E+00 +38.22562773E-03
+52.56000E-06 +4.18649512614E+00 -13.51306517E-03
+52.57500E-06 -5.98435946575E+00 -10.85979888E-03
+52.59000E-06 +5.95533940175E+00 +31.59246199E-03
+52.60500E-06 -5.45370618170E+00 -50.65879343E-03
+52.62000E-06 +3.21363077207E+00 +58.12512501E-03
+52.63500E-06 -943.15327577E-03 -55.96532602E-03
+52.65000E-06 -2.00445984420E+00 +38.22562773E-03
+52.66500E-06 +4.09805291241E+00 -14.83969832E-03
+52.68000E-06 -5.71903282446E+00 -9.53316573E-03
+52.69500E-06 +5.95533940175E+00 +31.59246199E-03
+52.71000E-06 -5.27682175434E+00 -49.33216027E-03
+52.72500E-06 +3.30207298579E+00 +58.12512501E-03
+52.74000E-06 -1.03159548970E+00 -54.63869287E-03
+52.75500E-06 -1.73913320282E+00 +39.55226088E-03
+52.77000E-06 +3.83272627092E+00 -14.83969832E-03
+52.78500E-06 -5.63059061053E+00 -8.20653258E-03
+52.80000E-06 +5.77845497419E+00 +28.93919569E-03
+52.81500E-06 -5.36526396785E+00 -46.67889397E-03
+52.83000E-06 +3.39051519973E+00 +55.47185871E-03
+52.84500E-06 -1.20847991726E+00 -54.63869287E-03
+52.86000E-06 -1.65069098888E+00 +39.55226088E-03
+52.87500E-06 +3.74428405698E+00 -17.49296462E-03
+52.89000E-06 -5.54214839669E+00 -8.20653258E-03
+52.90500E-06 +5.77845497408E+00 +28.93919568E-03
+52.92000E-06 -5.27682175423E+00 -45.35226082E-03
+52.93500E-06 +3.47895741355E+00 +55.47185871E-03
+52.95000E-06 -1.29692213108E+00 -54.63869287E-03
+52.96500E-06 -1.47380656123E+00 +40.87889403E-03
+52.98000E-06 +3.56739962932E+00 -17.49296462E-03
+52.99500E-06 -5.45370618286E+00 -8.20653258E-03
+53.01000E-06 +5.60157054652E+00 +27.61256253E-03
+53.02500E-06 -5.27682175422E+00 -45.35226082E-03
+53.04000E-06 +3.39051519982E+00 +54.14522556E-03
+53.05500E-06 -1.38536434502E+00 -53.31205972E-03
+53.07000E-06 -1.38536434751E+00 +39.55226088E-03
+53.08500E-06 +3.39051520166E+00 -17.49296462E-03
+53.10000E-06 -5.18837954147E+00 -5.55326628E-03
+53.11500E-06 +5.51312833269E+00 +26.28592938E-03
+53.13000E-06 -5.27682175411E+00 -44.02562767E-03
+53.14500E-06 +3.47895741354E+00 +52.81859241E-03
+53.16000E-06 -1.47380655884E+00 -51.98542657E-03
+53.17500E-06 -1.20847991984E+00 +39.55226088E-03
+53.19000E-06 +3.21363077411E+00 -20.14623092E-03
+53.20500E-06 -5.01149511392E+00 -5.55326628E-03
+53.22000E-06 +5.42468611874E+00 +24.95929623E-03
+53.23500E-06 -5.09993732677E+00 -42.69899452E-03
+53.25000E-06 +3.39051519992E+00 +51.49195925E-03
+53.26500E-06 -1.56224877267E+00 -51.98542657E-03
+53.28000E-06 -1.03159549208E+00 +39.55226088E-03
+53.29500E-06 +3.03674634645E+00 -20.14623092E-03
+53.31000E-06 -4.92305289987E+00 -4.22663312E-03
+53.32500E-06 +5.24780169118E+00 +23.63266308E-03
+53.34000E-06 -5.01149511293E+00 -40.04572822E-03
+53.35500E-06 +3.47895741353E+00 +48.83869295E-03
+53.37000E-06 -1.56224877277E+00 -51.98542657E-03
+53.38500E-06 -1.03159549186E+00 +39.55226088E-03
+53.40000E-06 +2.94830413262E+00 -20.14623092E-03
+53.41500E-06 -4.74616847231E+00 -1.57336682E-03
+53.43000E-06 +5.07091726363E+00 +20.97939678E-03
+53.44500E-06 -4.92305289899E+00 -38.71909507E-03
+53.46000E-06 +3.39051520002E+00 +50.16532610E-03
+53.47500E-06 -1.65069098660E+00 -50.65879342E-03
+53.49000E-06 -854.71106431E-03 +39.55226088E-03
+53.50500E-06 +2.77141970485E+00 -18.81959777E-03
+53.52000E-06 -4.56928404465E+00 -246.73367E-06
+53.53500E-06 +4.98247504979E+00 +20.97939677E-03
+53.55000E-06 -4.92305289910E+00 -38.71909506E-03
+53.56500E-06 +3.39051519990E+00 +47.51205980E-03
+53.58000E-06 -1.73913320043E+00 -50.65879342E-03
+53.59500E-06 -677.82663676E-03 +39.55226088E-03
+53.61000E-06 +2.50609306346E+00 -20.14623092E-03
+53.62500E-06 -4.39239961710E+00 -246.73367E-06
+53.64000E-06 +4.89403283596E+00 +18.32613047E-03
+53.65500E-06 -4.83461068526E+00 -37.39246191E-03
+53.67000E-06 +3.39051520001E+00 +44.85879350E-03
+53.68500E-06 -1.73913320053E+00 -49.33216026E-03
+53.70000E-06 -589.38442271E-03 +38.22562773E-03
+53.71500E-06 +2.50609306336E+00 -21.47286407E-03
+53.73000E-06 -4.39239961699E+00 -246.73367E-06
+53.74500E-06 +4.80559062213E+00 +18.32613047E-03
+53.76000E-06 -4.74616847142E+00 -34.73919561E-03
+53.77500E-06 +3.39051520001E+00 +44.85879350E-03
+53.79000E-06 -1.82757541436E+00 -49.33216027E-03
+53.80500E-06 -500.94220889E-03 +38.22562773E-03
+53.82000E-06 +2.32920863569E+00 -21.47286408E-03
+53.83500E-06 -4.12707297560E+00 -246.73367E-06
+53.85000E-06 +4.62870619446E+00 +18.32613047E-03
+53.86500E-06 -4.65772625770E+00 -34.73919561E-03
+53.88000E-06 +3.39051520012E+00 +43.53216035E-03
+53.89500E-06 -1.91601762819E+00 -46.67889396E-03
+53.91000E-06 -412.49999506E-03 +35.57236143E-03
+53.92500E-06 +2.15232420815E+00 -21.47286408E-03
+53.94000E-06 -4.03863076166E+00 +2.40653263E-03
+53.95500E-06 +4.54026398051E+00 +16.99949732E-03
+53.97000E-06 -4.65772625759E+00 -33.41256246E-03
+53.98500E-06 +3.39051520000E+00 +42.20552719E-03
+54.00000E-06 -1.91601762818E+00 -46.67889396E-03
+54.01500E-06 -324.05778123E-03 +36.89899458E-03
+54.03000E-06 +1.97543978026E+00 -24.12613038E-03
+54.04500E-06 -3.95018854783E+00 +2.40653263E-03
+54.06000E-06 +4.36337955307E+00 +15.67286417E-03
+54.07500E-06 -4.56928404375E+00 -32.08592931E-03
+54.09000E-06 +3.30207298616E+00 +39.55226089E-03
+54.10500E-06 -1.91601762818E+00 -45.35226081E-03
+54.12000E-06 -235.61556740E-03 +36.89899458E-03
+54.13500E-06 +1.79855535271E+00 -22.79949723E-03
+54.15000E-06 -3.59641969261E+00 +2.40653263E-03
+54.16500E-06 +4.27493733924E+00 +14.34623102E-03
+54.18000E-06 -4.39239961619E+00 -30.75929615E-03
+54.19500E-06 +3.39051519999E+00 +39.55226089E-03
+54.21000E-06 -2.00445984212E+00 -42.69899451E-03
+54.22500E-06 -147.17335346E-03 +36.89899458E-03
+54.24000E-06 +1.79855535260E+00 -22.79949723E-03
+54.25500E-06 -3.50797747878E+00 +3.73316578E-03
+54.27000E-06 +4.09805291158E+00 +11.69296472E-03
+54.28500E-06 -4.30395740236E+00 -28.10602985E-03
+54.30000E-06 +3.21363077255E+00 +38.22562774E-03
+54.31500E-06 -1.91601762840E+00 -42.69899451E-03
+54.33000E-06 -58.73113963E-03 +35.57236143E-03
+54.34500E-06 +1.62167092505E+00 -22.79949723E-03
+54.36000E-06 -3.33109305123E+00 +5.05979894E-03
+54.37500E-06 +4.00961069774E+00 +13.01959786E-03
+54.39000E-06 -4.21551518853E+00 -28.10602985E-03
+54.40500E-06 +3.21363077243E+00 +36.89899459E-03
+54.42000E-06 -2.09290205594E+00 -41.37236136E-03
+54.43500E-06 +29.71107408E-03 +34.24572828E-03
+54.45000E-06 +1.44478649728E+00 -21.47286408E-03
+54.46500E-06 -3.15420862357E+00 +5.05979894E-03
+54.48000E-06 +3.83272627008E+00 +10.36633156E-03
+54.49500E-06 -4.03863076097E+00 -26.77939670E-03
+54.51000E-06 +3.21363077254E+00 +34.24572829E-03
+54.52500E-06 -2.09290205594E+00 -40.04572821E-03
+54.54000E-06 +118.15328791E-03 +34.24572828E-03
+54.55500E-06 +1.44478649716E+00 -22.79949723E-03
+54.57000E-06 -3.06576640963E+00 +5.05979894E-03
+54.58500E-06 +3.74428405613E+00 +11.69296471E-03
+54.60000E-06 -4.03863076109E+00 -25.45276355E-03
+54.61500E-06 +3.12518855871E+00 +34.24572829E-03
+54.63000E-06 -2.09290205605E+00 -40.04572821E-03
+54.64500E-06 +206.59550185E-03 +34.24572828E-03
+54.66000E-06 +1.26790206962E+00 -22.79949723E-03
+54.67500E-06 -2.97732419579E+00 +5.05979894E-03
+54.69000E-06 +3.47895741498E+00 +7.71306526E-03
+54.70500E-06 -3.86174633342E+00 -24.12613040E-03
+54.72000E-06 +3.03674634499E+00 +32.91909513E-03
+54.73500E-06 -2.00445984221E+00 -38.71909506E-03
+54.75000E-06 +295.03771568E-03 +32.91909513E-03
+54.76500E-06 +1.17945985579E+00 -21.47286408E-03
+54.78000E-06 -2.88888198196E+00 +6.38643209E-03
+54.79500E-06 +3.39051520091E+00 +9.03969841E-03
+54.81000E-06 -3.77330411947E+00 -22.79949724E-03
+54.82500E-06 +3.03674634499E+00 +31.59246198E-03
+54.84000E-06 -2.09290205592E+00 -37.39246191E-03
+54.85500E-06 +295.03771580E-03 +31.59246197E-03
+54.87000E-06 +1.09101764184E+00 -24.12613038E-03
+54.88500E-06 -2.62355534047E+00 +6.38643209E-03
+54.90000E-06 +3.21363077348E+00 +7.71306526E-03
+54.91500E-06 -3.68486190587E+00 -21.47286409E-03
+54.93000E-06 +2.94830413115E+00 +31.59246198E-03
+54.94500E-06 -2.00445984233E+00 -34.73919560E-03
+54.96000E-06 +383.47992962E-03 +31.59246197E-03
+54.97500E-06 +914.13321418E-03 -21.47286408E-03
+54.99000E-06 -2.53511312676E+00 +5.05979894E-03
+55.00500E-06 +3.12518855953E+00 +7.71306526E-03
+55.02000E-06 -3.59641969192E+00 -21.47286409E-03
+55.03500E-06 +2.85986191720E+00 +28.93919568E-03
+55.05000E-06 -2.09290205604E+00 -36.06582875E-03
+55.06500E-06 +383.47992974E-03 +31.59246197E-03
+55.08000E-06 +914.13321418E-03 -21.47286408E-03
+55.09500E-06 -2.44667091269E+00 +7.71306524E-03
+55.11000E-06 +3.03674634570E+00 +5.05979896E-03
+55.12500E-06 -3.50797747797E+00 -18.81959779E-03
+55.14000E-06 +2.85986191719E+00 +28.93919568E-03
+55.15500E-06 -2.00445984232E+00 -34.73919560E-03
+55.17000E-06 +383.47992974E-03 +30.26582882E-03
+55.18500E-06 +737.24878652E-03 -22.79949723E-03
+55.20000E-06 -2.18134427131E+00 +7.71306524E-03
+55.21500E-06 +2.85986191816E+00 +5.05979895E-03
+55.23000E-06 -3.33109305042E+00 -20.14623094E-03
+55.24500E-06 +2.68297748964E+00 +26.28592938E-03
+55.26000E-06 -2.09290205603E+00 -32.08592930E-03
+55.27500E-06 +560.36435716E-03 +28.93919567E-03
+55.29000E-06 +560.36435898E-03 -21.47286408E-03
+55.30500E-06 -2.18134427131E+00 +7.71306524E-03
+55.32000E-06 +2.77141970420E+00 +5.05979895E-03
+55.33500E-06 -3.33109305030E+00 -18.81959779E-03
+55.35000E-06 +2.68297748964E+00 +24.95929623E-03
+55.36500E-06 -2.00445984243E+00 -32.08592930E-03
+55.38000E-06 +560.36435740E-03 +27.61256252E-03
+55.39500E-06 +648.80657257E-03 -21.47286408E-03
+55.41000E-06 -2.09290205736E+00 +7.71306524E-03
+55.42500E-06 +2.68297749025E+00 +3.73316580E-03
+55.44000E-06 -3.15420862287E+00 -16.16633148E-03
+55.45500E-06 +2.59453527593E+00 +24.95929622E-03
+55.47000E-06 -2.00445984243E+00 -30.75929615E-03
+55.48500E-06 +560.36435727E-03 +27.61256252E-03
+55.50000E-06 +471.92214503E-03 -20.14623093E-03
+55.51500E-06 -2.00445984353E+00 +7.71306524E-03
+55.53000E-06 +2.50609306271E+00 +3.73316580E-03
+55.54500E-06 -3.06576640892E+00 -16.16633149E-03
+55.56000E-06 +2.59453527593E+00 +23.63266307E-03
+55.57500E-06 -2.09290205614E+00 -28.10602985E-03
+55.59000E-06 +648.80657122E-03 +26.28592937E-03
+55.60500E-06 +383.47993120E-03 -21.47286408E-03
+55.62000E-06 -1.73913320228E+00 +9.03969839E-03
+55.63500E-06 +2.41765084875E+00 +3.73316580E-03
+55.65000E-06 -2.97732419521E+00 -14.83969833E-03
+55.66500E-06 +2.41765084826E+00 +22.30602992E-03
+55.68000E-06 -1.91601762871E+00 -28.10602984E-03
+55.69500E-06 +560.36435751E-03 +24.95929622E-03
+55.71000E-06 +295.03771737E-03 -21.47286408E-03
+55.72500E-06 -1.73913320204E+00 +9.03969839E-03
+55.74000E-06 +2.24076642133E+00 +2.40653265E-03
+55.75500E-06 -2.80043976766E+00 -14.83969833E-03
+55.77000E-06 +2.41765084813E+00 +22.30602992E-03
+55.78500E-06 -1.91601762871E+00 -28.10602984E-03
+55.80000E-06 +648.80657134E-03 +23.63266307E-03
+55.81500E-06 +295.03771725E-03 -20.14623093E-03
+55.83000E-06 -1.65069098820E+00 +7.71306524E-03
+55.84500E-06 +2.15232420750E+00 +1.07989950E-03
+55.86000E-06 -2.71199755371E+00 -13.51306518E-03
+55.87500E-06 +2.32920863454E+00 +19.65276362E-03
+55.89000E-06 -1.91601762871E+00 -26.77939669E-03
+55.90500E-06 +648.80657134E-03 +23.63266307E-03
+55.92000E-06 +206.59550342E-03 -20.14623093E-03
+55.93500E-06 -1.56224877437E+00 +9.03969839E-03
+55.95000E-06 +1.97543977984E+00 -246.73365E-06
+55.96500E-06 -2.71199755358E+00 -12.18643203E-03
+55.98000E-06 +2.15232420688E+00 +19.65276362E-03
+55.99500E-06 -1.82757541500E+00 -25.45276354E-03
+56.01000E-06 +648.80657146E-03 +23.63266307E-03
+56.02500E-06 +206.59550330E-03 -20.14623093E-03
+56.04000E-06 -1.38536434671E+00 +9.03969840E-03
+56.05500E-06 +1.97543977971E+00 +1.07989950E-03
+56.07000E-06 -2.53511312604E+00 -13.51306518E-03
+56.08500E-06 +2.15232420688E+00 +19.65276362E-03
+56.10000E-06 -1.82757541487E+00 -26.77939669E-03
+56.11500E-06 +737.24878516E-03 +22.30602992E-03
+56.13000E-06 +29.71107576E-03 -18.81959778E-03
+56.14500E-06 -1.29692213288E+00 +7.71306525E-03
+56.16000E-06 +1.88699756588E+00 -246.73365E-06
+56.17500E-06 -2.44667091221E+00 -12.18643203E-03
+56.19000E-06 +2.15232420675E+00 +16.99949731E-03
+56.20500E-06 -1.82757541499E+00 -22.79949724E-03
+56.22000E-06 +560.36435762E-03 +22.30602992E-03
+56.23500E-06 +29.71107563E-03 -18.81959778E-03
+56.25000E-06 -1.29692213275E+00 +7.71306525E-03
+56.26500E-06 +1.71011313834E+00 -1.57336681E-03
+56.28000E-06 -2.35822869837E+00 -9.53316573E-03
+56.29500E-06 +1.97543977933E+00 +15.67286416E-03
+56.31000E-06 -1.73913320116E+00 -22.79949724E-03
+56.32500E-06 +737.24878528E-03 +20.97939677E-03
+56.34000E-06 +29.71107551E-03 -17.49296463E-03
+56.35500E-06 -1.20847991905E+00 +7.71306525E-03
+56.37000E-06 +1.53322871068E+00 -1.57336681E-03
+56.38500E-06 -2.18134427096E+00 -10.85979887E-03
+56.40000E-06 +1.88699756550E+00 +15.67286416E-03
+56.41500E-06 -1.65069098745E+00 -21.47286409E-03
+56.43000E-06 +825.69099911E-03 +18.32613046E-03
+56.44500E-06 -58.73113807E-03 -17.49296463E-03
+56.46000E-06 -1.03159549139E+00 +9.03969840E-03
+56.47500E-06 +1.53322871055E+00 -1.57336681E-03
+56.49000E-06 -2.26978648428E+00 -8.20653257E-03
+56.50500E-06 +1.88699756537E+00 +13.01959786E-03
+56.52000E-06 -1.73913320115E+00 -21.47286409E-03
+56.53500E-06 +648.80657157E-03 +18.32613046E-03
+56.55000E-06 -58.73113832E-03 -20.14623093E-03
+56.56500E-06 -1.03159549126E+00 +7.71306525E-03
+56.58000E-06 +1.44478649672E+00 -1.57336681E-03
+56.59500E-06 -2.09290205700E+00 -9.53316573E-03
+56.61000E-06 +1.79855535166E+00 +14.34623101E-03
+56.62500E-06 -1.65069098745E+00 -20.14623094E-03
+56.64000E-06 +825.69099911E-03 +18.32613046E-03
+56.65500E-06 -58.73113832E-03 -17.49296463E-03
+56.67000E-06 -943.15327743E-03 +7.71306524E-03
+56.68500E-06 +1.35634428276E+00 -1.57336681E-03
+56.70000E-06 -1.91601762921E+00 -8.20653258E-03
+56.71500E-06 +1.79855535140E+00 +11.69296471E-03
+56.73000E-06 -1.56224877348E+00 -18.81959778E-03
+56.74500E-06 +737.24878528E-03 +16.99949731E-03
+56.76000E-06 -147.17335215E-03 -16.16633148E-03
+56.77500E-06 -854.71106360E-03 +9.03969840E-03
+56.79000E-06 +1.26790206905E+00 -2.89999996E-03
+56.80500E-06 -1.82757541550E+00 -6.87989942E-03
+56.82000E-06 +1.71011313770E+00 +11.69296471E-03
+56.83500E-06 -1.47380655978E+00 -18.81959778E-03
+56.85000E-06 +648.80657157E-03 +16.99949731E-03
+56.86500E-06 -235.61556585E-03 -16.16633148E-03
+56.88000E-06 -766.26884990E-03 +7.71306525E-03
+56.89500E-06 +1.17945985522E+00 -2.89999996E-03
+56.91000E-06 -1.82757541537E+00 -6.87989942E-03
+56.92500E-06 +1.53322871016E+00 +13.01959786E-03
+56.94000E-06 -1.47380655965E+00 -17.49296463E-03
+56.95500E-06 +648.80657157E-03 +15.67286416E-03
+56.97000E-06 -235.61556585E-03 -14.83969833E-03
+56.98500E-06 -766.26884977E-03 +7.71306525E-03
+57.00000E-06 +1.17945985522E+00 -2.89999996E-03
+57.01500E-06 -1.65069098784E+00 -5.55326627E-03
+57.03000E-06 +1.44478649646E+00 +9.03969841E-03
+57.04500E-06 -1.47380655978E+00 -16.16633148E-03
+57.06000E-06 +648.80657170E-03 +14.34623101E-03
+57.07500E-06 -235.61556598E-03 -16.16633148E-03
+57.09000E-06 -766.26884964E-03 +9.03969840E-03
+57.10500E-06 +1.09101764139E+00 -4.22663311E-03
+57.12000E-06 -1.65069098771E+00 -6.87989942E-03
+57.13500E-06 +1.35634428263E+00 +10.36633155E-03
+57.15000E-06 -1.47380655978E+00 -16.16633148E-03
+57.16500E-06 +737.24878526E-03 +14.34623101E-03
+57.18000E-06 -324.05777981E-03 -14.83969833E-03
+57.19500E-06 -500.94220853E-03 +7.71306525E-03
+57.21000E-06 +914.13321373E-03 -2.89999996E-03
+57.22500E-06 -1.47380656017E+00 -5.55326627E-03
+57.24000E-06 +1.44478649633E+00 +7.71306526E-03
+57.25500E-06 -1.47380655964E+00 -14.83969833E-03
+57.27000E-06 +648.80657156E-03 +13.01959786E-03
+57.28500E-06 -324.05777981E-03 -14.83969832E-03
+57.30000E-06 -500.94220827E-03 +7.71306525E-03
+57.31500E-06 +914.13321373E-03 -4.22663311E-03
+57.33000E-06 -1.47380656017E+00 -4.22663312E-03
+57.34500E-06 +1.26790206879E+00 +10.36633156E-03
+57.36000E-06 -1.29692213211E+00 -13.51306518E-03
+57.37500E-06 +737.24878539E-03 +13.01959786E-03
+57.39000E-06 -324.05777981E-03 -14.83969832E-03
+57.40500E-06 -500.94220827E-03 +7.71306525E-03
+57.42000E-06 +825.69100003E-03 -2.89999996E-03
+57.43500E-06 -1.38536434634E+00 -4.22663312E-03
+57.45000E-06 +1.17945985496E+00 +7.71306525E-03
+57.46500E-06 -1.20847991841E+00 -13.51306518E-03
+57.48000E-06 +648.80657169E-03 +14.34623100E-03
+57.49500E-06 -324.05777980E-03 -12.18643202E-03
+57.51000E-06 -500.94220828E-03 +5.05979895E-03
+57.52500E-06 +737.24878606E-03 -2.89999996E-03
+57.54000E-06 -1.29692213237E+00 -4.22663312E-03
+57.55500E-06 +1.09101764113E+00 +7.71306525E-03
+57.57000E-06 -1.20847991841E+00 -12.18643202E-03
+57.58500E-06 +648.80657156E-03 +13.01959785E-03
+57.60000E-06 -412.49999364E-03 -12.18643202E-03
+57.61500E-06 -412.49999431E-03 +6.38643209E-03
+57.63000E-06 +648.80657223E-03 -4.22663311E-03
+57.64500E-06 -1.29692213237E+00 -4.22663312E-03
+57.66000E-06 +1.17945985496E+00 +6.38643210E-03
+57.67500E-06 -1.20847991827E+00 -12.18643203E-03
+57.69000E-06 +560.36435786E-03 +10.36633156E-03
+57.70500E-06 -324.05777994E-03 -12.18643202E-03
+57.72000E-06 -412.49999445E-03 +6.38643210E-03
+57.73500E-06 +648.80657223E-03 -2.89999996E-03
+57.75000E-06 -1.12003770498E+00 -5.55326627E-03
+57.76500E-06 +1.00257542729E+00 +6.38643210E-03
+57.78000E-06 -1.12003770457E+00 -10.85979888E-03
+57.79500E-06 +560.36435786E-03 +10.36633155E-03
+57.81000E-06 -412.49999363E-03 -10.85979887E-03
+57.82500E-06 -324.05778048E-03 +6.38643209E-03
+57.84000E-06 +560.36435840E-03 -2.89999996E-03
+57.85500E-06 -1.03159549115E+00 -2.89999997E-03
+57.87000E-06 +1.00257542729E+00 +3.73316580E-03
+57.88500E-06 -1.20847991827E+00 -10.85979887E-03
+57.90000E-06 +471.92214416E-03 +11.69296470E-03
+57.91500E-06 -324.05778021E-03 -12.18643202E-03
+57.93000E-06 -324.05778062E-03 +6.38643209E-03
+57.94500E-06 +471.92214457E-03 -4.22663311E-03
+57.96000E-06 -1.12003770484E+00 -2.89999997E-03
+57.97500E-06 +1.00257542716E+00 +5.05979895E-03
+57.99000E-06 -1.03159549074E+00 -10.85979887E-03
+58.00500E-06 +560.36435785E-03 +9.03969840E-03
+58.02000E-06 -412.49999377E-03 -10.85979887E-03
+58.03500E-06 -235.61556678E-03 +6.38643209E-03
+58.05000E-06 +383.47993087E-03 -2.89999996E-03
+58.06500E-06 -1.03159549101E+00 -2.89999997E-03
+58.08000E-06 +914.13321346E-03 +6.38643210E-03
+58.09500E-06 -1.12003770443E+00 -9.53316572E-03
+58.11000E-06 +560.36435785E-03 +7.71306525E-03
+58.12500E-06 -412.49999376E-03 -10.85979887E-03
+58.14000E-06 -235.61556665E-03 +6.38643209E-03
+58.15500E-06 +383.47993074E-03 -4.22663311E-03
+58.17000E-06 -943.15327718E-03 -1.57336682E-03
+58.18500E-06 +825.69099963E-03 +5.05979895E-03
+58.20000E-06 -943.15327704E-03 -8.20653257E-03
+58.21500E-06 +471.92214416E-03 +7.71306525E-03
+58.23000E-06 -412.49999376E-03 -10.85979887E-03
+58.24500E-06 -235.61556651E-03 +6.38643210E-03
+58.26000E-06 +383.47993060E-03 -2.89999996E-03
+58.27500E-06 -854.71106334E-03 -2.89999997E-03
+58.29000E-06 +737.24878593E-03 +3.73316580E-03
+58.30500E-06 -854.71106321E-03 -8.20653257E-03
+58.32000E-06 +471.92214415E-03 +7.71306525E-03
+58.33500E-06 -412.49999362E-03 -9.53316572E-03
+58.35000E-06 -235.61556665E-03 +5.05979894E-03
+58.36500E-06 +383.47993060E-03 -4.22663311E-03
+58.38000E-06 -854.71106335E-03 -2.89999997E-03
+58.39500E-06 +825.69099935E-03 +3.73316580E-03
+58.41000E-06 -943.15327690E-03 -6.87989942E-03
+58.42500E-06 +560.36435785E-03 +7.71306525E-03
+58.44000E-06 -412.49999376E-03 -9.53316572E-03
+58.45500E-06 -235.61556651E-03 +5.05979894E-03
+58.47000E-06 +206.59550307E-03 -4.22663311E-03
+58.48500E-06 -854.71106321E-03 -246.73366E-06
+58.50000E-06 +737.24878565E-03 +2.40653265E-03
+58.51500E-06 -943.15327676E-03 -8.20653257E-03
+58.53000E-06 +383.47993032E-03 +7.71306525E-03
+58.54500E-06 -412.49999376E-03 -8.20653257E-03
+58.56000E-06 -235.61556651E-03 +3.73316579E-03
+58.57500E-06 +295.03771677E-03 -4.22663311E-03
+58.59000E-06 -766.26884951E-03 -2.89999996E-03
+58.60500E-06 +560.36435827E-03 +3.73316580E-03
+58.62000E-06 -766.26884937E-03 -6.87989942E-03
+58.63500E-06 +383.47993032E-03 +7.71306525E-03
+58.65000E-06 -412.49999390E-03 -8.20653257E-03
+58.66500E-06 -235.61556637E-03 +5.05979894E-03
+58.68000E-06 +295.03771663E-03 -2.89999996E-03
+58.69500E-06 -766.26884937E-03 -1.57336681E-03
+58.71000E-06 +648.80657182E-03 +2.40653265E-03
+58.72500E-06 -854.71106306E-03 -6.87989942E-03
+58.74000E-06 +383.47993032E-03 +6.38643210E-03
+58.75500E-06 -324.05778021E-03 -9.53316572E-03
+58.77000E-06 -147.17335282E-03 +5.05979894E-03
+58.78500E-06 +118.15328924E-03 -4.22663311E-03
+58.80000E-06 -677.82663568E-03 -246.73366E-06
+58.81500E-06 +648.80657182E-03 +2.40653264E-03
+58.83000E-06 -766.26884923E-03 -8.20653257E-03
+58.84500E-06 +383.47993032E-03 +6.38643210E-03
+58.86000E-06 -412.49999390E-03 -6.87989942E-03
+58.87500E-06 -147.17335268E-03 +3.73316579E-03
+58.89000E-06 +118.15328910E-03 -4.22663311E-03
+58.90500E-06 -677.82663554E-03 -246.73366E-06
+58.92000E-06 +471.92214444E-03 +2.40653264E-03
+58.93500E-06 -677.82663554E-03 -6.87989942E-03
+58.95000E-06 +295.03771648E-03 +5.05979895E-03
+58.96500E-06 -412.49999375E-03 -6.87989942E-03
+58.98000E-06 -147.17335268E-03 +5.05979894E-03
+58.99500E-06 +206.59550279E-03 -4.22663311E-03
+59.01000E-06 -589.38442185E-03 -1.57336681E-03
+59.02500E-06 +471.92214429E-03 +2.40653264E-03
+59.04000E-06 -677.82663554E-03 -5.55326627E-03
+59.05500E-06 +295.03771648E-03 +5.05979895E-03
+59.07000E-06 -324.05778006E-03 -9.53316572E-03
+59.08500E-06 -147.17335268E-03 +3.73316579E-03
+59.10000E-06 +118.15328910E-03 -2.89999996E-03
+59.11500E-06 -500.94220802E-03 -246.73366E-06
+59.13000E-06 +383.47993060E-03 +2.40653264E-03
+59.14500E-06 -677.82663554E-03 -5.55326627E-03
+59.16000E-06 +295.03771648E-03 +5.05979895E-03
+59.17500E-06 -412.49999390E-03 -8.20653257E-03
+59.19000E-06 -58.73113899E-03 +2.40653264E-03
+59.20500E-06 +118.15328910E-03 -4.22663311E-03
+59.22000E-06 -500.94220787E-03 -246.73366E-06
+59.23500E-06 +383.47993060E-03 +1.07989949E-03
+59.25000E-06 -766.26884908E-03 -4.22663312E-03
+59.26500E-06 +295.03771648E-03 +5.05979894E-03
+59.28000E-06 -324.05778006E-03 -5.55326627E-03
+59.29500E-06 -147.17335254E-03 +5.05979894E-03
+59.31000E-06 +118.15328896E-03 -4.22663311E-03
+59.32500E-06 -589.38442171E-03 -246.73366E-06
+59.34000E-06 +295.03771663E-03 +2.40653264E-03
+59.35500E-06 -589.38442171E-03 -5.55326627E-03
+59.37000E-06 +206.59550265E-03 +3.73316580E-03
+59.38500E-06 -412.49999375E-03 -5.55326627E-03
+59.40000E-06 -58.73113885E-03 +2.40653264E-03
+59.41500E-06 +29.71107527E-03 -2.89999997E-03
+59.43000E-06 -500.94220787E-03 -246.73366E-06
+59.44500E-06 +383.47993032E-03 +1.07989949E-03
+59.46000E-06 -500.94220787E-03 -4.22663312E-03
+59.47500E-06 +206.59550279E-03 +3.73316579E-03
+59.49000E-06 -412.49999375E-03 -5.55326627E-03
+59.50500E-06 -58.73113885E-03 +3.73316579E-03
+59.52000E-06 +29.71107527E-03 -4.22663311E-03
+59.53500E-06 -412.49999419E-03 -246.73366E-06
+59.55000E-06 +295.03771677E-03 -246.73366E-06
+59.56500E-06 -589.38442171E-03 -4.22663311E-03
+59.58000E-06 +206.59550279E-03 +3.73316579E-03
+59.59500E-06 -324.05778021E-03 -6.87989942E-03
+59.61000E-06 -147.17335254E-03 +2.40653264E-03
+59.62500E-06 +29.71107542E-03 -2.89999996E-03
+59.64000E-06 -324.05778050E-03 -246.73366E-06
+59.65500E-06 +295.03771677E-03 -246.73366E-06
+59.67000E-06 -500.94220802E-03 -5.55326626E-03
+59.68500E-06 +206.59550265E-03 +3.73316580E-03
+59.70000E-06 -324.05778021E-03 -4.22663312E-03
+59.71500E-06 +29.71107483E-03 +2.40653264E-03
+59.73000E-06 -147.17335224E-03 -2.89999996E-03
+59.74500E-06 -412.49999419E-03 -246.73366E-06
+59.76000E-06 +206.59550294E-03 +1.07989949E-03
+59.77500E-06 -500.94220773E-03 -4.22663311E-03
+59.79000E-06 +295.03771648E-03 +1.07989949E-03
+59.80500E-06 -412.49999389E-03 -4.22663311E-03
+59.82000E-06 -58.73113885E-03 +2.40653264E-03
+59.83500E-06 +29.71107513E-03 -4.22663311E-03
+59.85000E-06 -324.05778035E-03 -246.73366E-06
+59.86500E-06 +206.59550279E-03 -246.73366E-06
+59.88000E-06 -412.49999419E-03 -2.89999997E-03
+59.89500E-06 +118.15328896E-03 +2.40653264E-03
+59.91000E-06 -235.61556637E-03 -5.55326626E-03
+59.92500E-06 -58.73113885E-03 +1.07989949E-03
+59.94000E-06 -58.73113856E-03 -2.89999996E-03
+59.95500E-06 -324.05778050E-03 -246.73366E-06
+59.97000E-06 +206.59550279E-03 -246.73366E-06
+59.98500E-06 -412.49999404E-03 -4.22663311E-03
+60.00000E-06 +206.59550279E-03 +2.40653264E-03
+60.01500E-06 -324.05777991E-03 -5.55326626E-03
+60.03000E-06 -58.73113885E-03 -246.73366E-06
+60.04500E-06 -58.73113856E-03 -2.89999996E-03
+60.06000E-06 -412.49999389E-03 -246.73366E-06
+60.07500E-06 +118.15328896E-03 -246.73366E-06
+60.09000E-06 -500.94220787E-03 -4.22663311E-03
+60.10500E-06 +118.15328896E-03 +1.07989949E-03
+60.12000E-06 -324.05778021E-03 -4.22663311E-03
+60.13500E-06 +29.71107498E-03 +2.40653264E-03
+60.15000E-06 +29.71107513E-03 -4.22663311E-03
+60.16500E-06 -412.49999404E-03 -246.73366E-06
+60.18000E-06 +206.59550279E-03 -246.73366E-06
+60.19500E-06 -412.49999404E-03 -2.89999997E-03
+60.21000E-06 +118.15328896E-03 +2.40653264E-03
+60.22500E-06 -412.49999374E-03 -4.22663311E-03
+60.24000E-06 -58.73113871E-03 +1.07989949E-03
+60.25500E-06 -58.73113856E-03 -4.22663311E-03
+60.27000E-06 -324.05778021E-03 -2.89999996E-03
+60.28500E-06 +118.15328881E-03 -246.73366E-06
+60.30000E-06 -412.49999389E-03 -2.89999997E-03
+60.31500E-06 +29.71107528E-03 +1.07989949E-03
+60.33000E-06 -324.05778006E-03 -2.89999997E-03
+60.34500E-06 -58.73113886E-03 +1.07989949E-03
+60.36000E-06 -58.73113871E-03 -2.89999996E-03
+60.37500E-06 -235.61556652E-03 -1.57336682E-03
+60.39000E-06 +29.71107528E-03 -1.57336681E-03
+60.40500E-06 -324.05778036E-03 -1.57336681E-03
+60.42000E-06 +206.59550264E-03 +2.40653264E-03
+60.43500E-06 -324.05778021E-03 -4.22663311E-03
+60.45000E-06 -147.17335254E-03 +1.07989949E-03
+60.46500E-06 -58.73113871E-03 -1.57336681E-03
+60.48000E-06 -324.05778005E-03 -246.73366E-06
+60.49500E-06 +118.15328896E-03 +1.07989949E-03
+60.51000E-06 -324.05778036E-03 -2.89999996E-03
+60.52500E-06 +118.15328896E-03 +1.07989949E-03
+60.54000E-06 -324.05778005E-03 -2.89999997E-03
+60.55500E-06 -58.73113886E-03 +2.40653264E-03
+60.57000E-06 -147.17335239E-03 -1.57336681E-03
+60.58500E-06 -235.61556652E-03 -246.73366E-06
+60.60000E-06 +29.71107513E-03 +1.07989949E-03
+60.61500E-06 -324.05778021E-03 -2.89999997E-03
+60.63000E-06 +29.71107513E-03 -246.73366E-06
+60.64500E-06 -324.05778005E-03 -4.22663311E-03
+60.66000E-06 -58.73113871E-03 +1.07989949E-03
+60.67500E-06 -147.17335254E-03 -4.22663311E-03
+60.69000E-06 -235.61556653E-03 +1.07989949E-03
+60.70500E-06 +29.71107513E-03 -246.73366E-06
+60.72000E-06 -412.49999389E-03 -1.57336681E-03
+60.73500E-06 +29.71107513E-03 +1.07989949E-03
+60.75000E-06 -324.05778005E-03 -4.22663311E-03
+60.76500E-06 -58.73113886E-03 +1.07989949E-03
+60.78000E-06 -58.73113886E-03 -2.89999996E-03
+60.79500E-06 -235.61556653E-03 -246.73366E-06
+60.81000E-06 +29.71107513E-03 -246.73366E-06
+60.82500E-06 -412.49999373E-03 -1.57336681E-03
+60.84000E-06 +118.15328881E-03 +1.07989949E-03
+60.85500E-06 -235.61556637E-03 -2.89999997E-03
+60.87000E-06 -58.73113886E-03 -246.73366E-06
+60.88500E-06 -147.17335223E-03 -2.89999996E-03
+60.90000E-06 -147.17335269E-03 -246.73366E-06
+60.91500E-06 +29.71107513E-03 -1.57336681E-03
+60.93000E-06 -324.05778021E-03 -1.57336681E-03
+60.94500E-06 +29.71107513E-03 +1.07989949E-03
+60.96000E-06 -235.61556637E-03 -2.89999996E-03
+60.97500E-06 -58.73113871E-03 +2.40653264E-03
+60.99000E-06 -147.17335254E-03 -2.89999996E-03
+61.00500E-06 -235.61556637E-03 -246.73366E-06
+61.02000E-06 +29.71107513E-03 -246.73366E-06
+61.03500E-06 -324.05778021E-03 -2.89999996E-03
+61.05000E-06 +118.15328881E-03 +1.07989949E-03
+61.06500E-06 -235.61556622E-03 -2.89999996E-03
+61.08000E-06 -58.73113871E-03 +1.07989949E-03
+61.09500E-06 -147.17335239E-03 -1.57336681E-03
+61.11000E-06 -147.17335269E-03 -246.73366E-06
+61.12500E-06 -58.73113840E-03 -246.73366E-06
+61.14000E-06 -235.61556637E-03 -1.57336681E-03
+61.15500E-06 +118.15328881E-03 +1.07989949E-03
+61.17000E-06 -235.61556637E-03 -2.89999996E-03
+61.18500E-06 +29.71107498E-03 +1.07989949E-03
+61.20000E-06 -147.17335239E-03 -1.57336681E-03
+61.21500E-06 -235.61556622E-03 -246.73366E-06
+61.23000E-06 -58.73113856E-03 -1.57336681E-03
+61.24500E-06 -235.61556637E-03 -1.57336681E-03
+61.26000E-06 +29.71107498E-03 +1.07989949E-03
+61.27500E-06 -235.61556637E-03 -2.89999996E-03
+61.29000E-06 -58.73113871E-03 +1.07989949E-03
+61.30500E-06 -58.73113871E-03 -2.89999996E-03
+61.32000E-06 -147.17335268E-03 -246.73366E-06
+61.33500E-06 +29.71107513E-03 -1.57336681E-03
+61.35000E-06 -235.61556637E-03 -2.89999996E-03
+61.36500E-06 +29.71107513E-03 -246.73366E-06
+61.38000E-06 -235.61556623E-03 -2.89999996E-03
+61.39500E-06 -58.73113885E-03 -246.73366E-06
+61.41000E-06 -147.17335240E-03 -2.89999996E-03
+61.42500E-06 -58.73113885E-03 -246.73366E-06
+61.44000E-06 +29.71107499E-03 -246.73366E-06
+61.45500E-06 -235.61556637E-03 -246.73366E-06
+61.47000E-06 +29.71107499E-03 -246.73366E-06
+61.48500E-06 -147.17335268E-03 -246.73366E-06
+61.50000E-06 -58.73113871E-03 +1.07989949E-03
+61.51500E-06 -58.73113871E-03 -1.57336681E-03
+61.53000E-06 -147.17335268E-03 -246.73366E-06
+61.54500E-06 -58.73113857E-03 -1.57336681E-03
+61.56000E-06 -235.61556637E-03 -1.57336681E-03
+61.57500E-06 +29.71107499E-03 +1.07989949E-03
+61.59000E-06 -235.61556624E-03 -2.89999996E-03
+61.60500E-06 -147.17335254E-03 +1.07989949E-03
+61.62000E-06 -147.17335254E-03 -2.89999996E-03
+61.63500E-06 -235.61556637E-03 -246.73366E-06
+61.65000E-06 -147.17335241E-03 -1.57336681E-03
+61.66500E-06 -235.61556637E-03 -1.57336681E-03
+61.68000E-06 -58.73113871E-03 -246.73366E-06
+61.69500E-06 -235.61556637E-03 -1.57336681E-03
+61.71000E-06 -147.17335241E-03 -1.57336681E-03
+61.72500E-06 -147.17335241E-03 -2.89999996E-03
+61.74000E-06 -147.17335254E-03 -1.57336681E-03
+61.75500E-06 +29.71107487E-03 -1.57336681E-03
+61.77000E-06 -147.17335254E-03 -246.73366E-06
+61.78500E-06 -58.73113871E-03 -246.73366E-06
+61.80000E-06 -147.17335267E-03 -1.57336681E-03
+61.81500E-06 -58.73113883E-03 +1.07989949E-03
+61.83000E-06 -58.73113883E-03 -2.89999996E-03
+61.84500E-06 -147.17335254E-03 -246.73366E-06
+61.86000E-06 -58.73113871E-03 -1.57336681E-03
+61.87500E-06 -235.61556637E-03 -1.57336681E-03
+61.89000E-06 -58.73113858E-03 -246.73366E-06
+61.90500E-06 -147.17335267E-03 -2.89999996E-03
+61.92000E-06 -58.73113883E-03 +1.07989949E-03
+61.93500E-06 -147.17335254E-03 -1.57336681E-03
+61.95000E-06 -147.17335254E-03 -2.89999996E-03
+61.96500E-06 -147.17335242E-03 -246.73366E-06
+61.98000E-06 -235.61556637E-03 -2.89999996E-03
+61.99500E-06 -58.73113883E-03 -246.73366E-06
+62.01000E-06 -235.61556637E-03 -2.89999996E-03
+62.02500E-06 -58.73113871E-03 -246.73366E-06
+62.04000E-06 -147.17335254E-03 -1.57336681E-03
+62.05500E-06 -147.17335254E-03 -1.57336681E-03
+62.07000E-06 -147.17335242E-03 -2.89999996E-03
+62.08500E-06 -235.61556637E-03 -1.57336681E-03
+62.10000E-06 -58.73113871E-03 -246.73366E-06
+62.11500E-06 -147.17335254E-03 -1.57336681E-03
+62.13000E-06 -147.17335254E-03 -246.73366E-06
+62.14500E-06 -147.17335254E-03 -246.73366E-06
+62.16000E-06 -147.17335266E-03 -246.73366E-06
+62.17500E-06 -58.73113882E-03 -1.57336681E-03
+62.19000E-06 -147.17335254E-03 -1.57336681E-03
+62.20500E-06 +29.71107513E-03 -246.73366E-06
+62.22000E-06 -147.17335254E-03 -1.57336681E-03
+62.23500E-06 -58.73113882E-03 +1.07989949E-03
+62.25000E-06 -235.61556637E-03 -1.57336681E-03
+62.26500E-06 -147.17335254E-03 -246.73366E-06
+62.28000E-06 -58.73113871E-03 -1.57336681E-03
+62.29500E-06 -235.61556626E-03 -1.57336681E-03
+62.31000E-06 -58.73113871E-03 -246.73366E-06
+62.32500E-06 -147.17335254E-03 -2.89999996E-03
+62.34000E-06 -58.73113871E-03 +1.07989949E-03
+62.35500E-06 -147.17335254E-03 -1.57336681E-03
+62.37000E-06 -147.17335254E-03 -246.73366E-06
+62.38500E-06 -147.17335254E-03 -1.57336681E-03
+62.40000E-06 -147.17335254E-03 -246.73366E-06
+62.41500E-06 -58.73113871E-03 -246.73366E-06
+62.43000E-06 -147.17335265E-03 -4.22663311E-03
+62.44500E-06 -58.73113881E-03 -246.73366E-06
+62.46000E-06 -147.17335254E-03 -1.57336681E-03
+62.47500E-06 -235.61556627E-03 -246.73366E-06
+62.49000E-06 -58.73113860E-03 -246.73366E-06
+62.50500E-06 -147.17335254E-03 -246.73366E-06
+62.52000E-06 -58.73113871E-03 +1.07989949E-03
+62.53500E-06 -147.17335254E-03 -1.57336681E-03
+62.55000E-06 -58.73113871E-03 -1.57336681E-03
+62.56500E-06 -147.17335254E-03 -246.73366E-06
+62.58000E-06 -147.17335254E-03 -1.57336681E-03
+62.59500E-06 -58.73113881E-03 -1.57336681E-03
+62.61000E-06 -235.61556637E-03 -1.57336681E-03
+62.62500E-06 -58.73113871E-03 -246.73366E-06
+62.64000E-06 -147.17335254E-03 +1.07989949E-03
+62.65500E-06 -147.17335244E-03 -246.73366E-06
+62.67000E-06 -58.73113871E-03 -1.57336681E-03
+62.68500E-06 -58.73113881E-03 -1.57336681E-03
+62.70000E-06 -58.73113871E-03 -1.57336681E-03
+62.71500E-06 -147.17335264E-03 -1.57336681E-03
+62.73000E-06 -147.17335244E-03 -246.73366E-06
+62.74500E-06 -147.17335254E-03 -1.57336681E-03
+62.76000E-06 -58.73113880E-03 -246.73366E-06
+62.77500E-06 -147.17335244E-03 -246.73366E-06
+62.79000E-06 -147.17335254E-03 -1.57336681E-03
+62.80500E-06 -58.73113871E-03 -246.73366E-06
+62.82000E-06 -58.73113880E-03 -246.73366E-06
+62.83500E-06 +29.71107494E-03 -246.73366E-06
+62.85000E-06 -235.61556637E-03 -1.57336681E-03
+62.86500E-06 -58.73113871E-03 -246.73366E-06
+62.88000E-06 -147.17335254E-03 -246.73366E-06
+62.89500E-06 -147.17335254E-03 -246.73366E-06
+62.91000E-06 -58.73113871E-03 -1.57336681E-03
+62.92500E-06 -147.17335254E-03 -1.57336681E-03
+62.94000E-06 -147.17335236E-03 -246.73366E-06
+62.95500E-06 -147.17335245E-03 -1.57336681E-03
+62.97000E-06 -147.17335254E-03 -246.73366E-06
+62.98500E-06 -58.73113871E-03 -1.57336681E-03
+63.00000E-06 -58.73113888E-03 -246.73366E-06
+63.01500E-06 -147.17335245E-03 -246.73366E-06
+63.03000E-06 -147.17335254E-03 -246.73366E-06
+63.04500E-06 -147.17335254E-03 -246.73366E-06
+63.06000E-06 -147.17335254E-03 -2.89999996E-03
+63.07500E-06 -58.73113879E-03 -246.73366E-06
+63.09000E-06 -147.17335245E-03 -246.73366E-06
+63.10500E-06 -147.17335254E-03 -246.73366E-06
+63.12000E-06 -58.73113879E-03 -246.73366E-06
+63.13500E-06 -147.17335254E-03 -1.57336681E-03
+63.15000E-06 -58.73113871E-03 -1.57336681E-03
+63.16500E-06 -147.17335262E-03 -1.57336681E-03
+63.18000E-06 -58.73113871E-03 -246.73366E-06
+63.19500E-06 -147.17335254E-03 -2.89999996E-03
+63.21000E-06 -58.73113871E-03 -246.73366E-06
+63.22500E-06 -147.17335246E-03 -1.57336681E-03
+63.24000E-06 -58.73113879E-03 -1.57336681E-03
+63.25500E-06 -58.73113871E-03 -246.73366E-06
+63.27000E-06 -147.17335254E-03 -1.57336681E-03
+63.28500E-06 -147.17335254E-03 -246.73366E-06
+63.30000E-06 -58.73113871E-03 -246.73366E-06
+63.31500E-06 -58.73113878E-03 -246.73366E-06
+63.33000E-06 -147.17335254E-03 -246.73366E-06
+63.34500E-06 -147.17335254E-03 -1.57336681E-03
+63.36000E-06 -58.73113871E-03 -246.73366E-06
+63.37500E-06 -58.73113878E-03 -1.57336681E-03
+63.39000E-06 -58.73113871E-03 -246.73366E-06
+63.40500E-06 -147.17335254E-03 -1.57336681E-03
+63.42000E-06 -147.17335254E-03 -246.73366E-06
+63.43500E-06 -147.17335254E-03 -1.57336681E-03
+63.45000E-06 -147.17335254E-03 -1.57336681E-03
+63.46500E-06 -58.73113871E-03 -246.73366E-06
+63.48000E-06 -147.17335261E-03 -1.57336681E-03
+63.49500E-06 -58.73113878E-03 -246.73366E-06
+63.51000E-06 -147.17335254E-03 -2.89999996E-03
+63.52500E-06 -58.73113871E-03 -246.73366E-06
+63.54000E-06 -147.17335254E-03 -246.73366E-06
+63.55500E-06 -147.17335254E-03 -1.57336681E-03
+63.57000E-06 -147.17335254E-03 -246.73366E-06
+63.58500E-06 -147.17335254E-03 -246.73366E-06
+63.60000E-06 -58.73113871E-03 -246.73366E-06
+63.61500E-06 -58.73113871E-03 -1.57336681E-03
+63.63000E-06 -147.17335254E-03 -1.57336681E-03
+63.64500E-06 -147.17335247E-03 -1.57336681E-03
+63.66000E-06 -147.17335254E-03 -1.57336681E-03
+63.67500E-06 -147.17335254E-03 -1.57336681E-03
+63.69000E-06 -147.17335247E-03 -246.73366E-06
+63.70500E-06 -147.17335254E-03 -246.73366E-06
+63.72000E-06 -147.17335248E-03 -246.73366E-06
+63.73500E-06 -235.61556631E-03 -246.73366E-06
+63.75000E-06 -58.73113877E-03 -1.57336681E-03
+63.76500E-06 -147.17335254E-03 -1.57336681E-03
+63.78000E-06 -58.73113871E-03 -1.57336681E-03
+63.79500E-06 -147.17335254E-03 -1.57336681E-03
+63.81000E-06 -147.17335254E-03 -1.57336681E-03
+63.82500E-06 -58.73113871E-03 -1.57336681E-03
+63.84000E-06 -58.73113877E-03 -246.73366E-06
+63.85500E-06 -58.73113871E-03 -1.57336681E-03
+63.87000E-06 -147.17335260E-03 -2.89999996E-03
+63.88500E-06 -147.17335254E-03 -1.57336681E-03
+63.90000E-06 -147.17335254E-03 -246.73366E-06
+63.91500E-06 -58.73113876E-03 -246.73366E-06
+63.93000E-06 -147.17335248E-03 -246.73366E-06
+63.94500E-06 -147.17335254E-03 -1.57336681E-03
+63.96000E-06 -147.17335254E-03 -1.57336681E-03
+63.97500E-06 -235.61556632E-03 -1.57336681E-03
+63.99000E-06 -58.73113876E-03 -1.57336681E-03
+64.00500E-06 -58.73113876E-03 -1.57336681E-03
+64.02000E-06 -58.73113876E-03 -246.73366E-06
+64.03500E-06 -58.73113876E-03 -1.57336681E-03
+64.05000E-06 -58.73113871E-03 -1.57336681E-03
+64.06500E-06 -147.17335249E-03 -1.57336681E-03
+64.08000E-06 -147.17335254E-03 -246.73366E-06
+64.09500E-06 -58.73113871E-03 -246.73366E-06
+64.11000E-06 -147.17335254E-03 -1.57336681E-03
+64.12500E-06 -147.17335249E-03 -246.73366E-06
+64.14000E-06 -58.73113871E-03 -1.57336681E-03
+64.15500E-06 -58.73113876E-03 -246.73366E-06
+64.17000E-06 -147.17335254E-03 -246.73366E-06
+64.18500E-06 -147.17335254E-03 -246.73366E-06
+64.20000E-06 -147.17335254E-03 -246.73366E-06
+64.21500E-06 -147.17335254E-03 -1.57336681E-03
+64.23000E-06 -147.17335254E-03 -2.89999996E-03
+64.24500E-06 -147.17335249E-03 -1.57336681E-03
+64.26000E-06 -58.73113875E-03 -246.73366E-06
+64.27500E-06 -58.73113875E-03 -1.57336681E-03
+64.29000E-06 -147.17335254E-03 -246.73366E-06
+64.30500E-06 -58.73113871E-03 -1.57336681E-03
+64.32000E-06 -147.17335254E-03 -1.57336681E-03
+64.33500E-06 -147.17335254E-03 -1.57336681E-03
+64.35000E-06 -235.61556637E-03 -2.89999996E-03
+64.36500E-06 -147.17335250E-03 +1.07989949E-03
+64.38000E-06 -58.73113871E-03 -246.73366E-06
+64.39500E-06 -58.73113875E-03 -1.57336681E-03
+64.41000E-06 -147.17335250E-03 -246.73366E-06
+64.42500E-06 -58.73113875E-03 -1.57336681E-03
+64.44000E-06 -58.73113871E-03 -246.73366E-06
+64.45500E-06 -147.17335254E-03 -246.73366E-06
+64.47000E-06 -58.73113874E-03 -2.89999996E-03
+64.48500E-06 -147.17335254E-03 -1.57336681E-03
