x-axis 1 2
second Volt Volt
+24.69900E-06 -28.94472331E-03 +0.0E+00
+24.72400E-06 -57.88944662E-03 -2.81407032E-03
+24.74900E-06 +0.0E+00 +0.0E+00
+24.77400E-06 -28.94472331E-03 +2.81407032E-03
+24.79900E-06 -57.88944662E-03 +0.0E+00
+24.82400E-06 -86.83416992E-03 -2.81407032E-03
+24.84900E-06 -57.88944662E-03 -2.81407032E-03
+24.87400E-06 -28.94472331E-03 -2.81407032E-03
+24.89900E-06 -57.88944662E-03 -2.81407032E-03
+24.92400E-06 -28.94472331E-03 +0.0E+00
+24.94900E-06 -28.94472331E-03 +2.81407032E-03
+24.97400E-06 -28.94472331E-03 +0.0E+00
+24.99900E-06 -28.94472331E-03 -2.81407032E-03
+25.02400E-06 -28.94472331E-03 -2.81407032E-03
+25.04900E-06 -28.94472331E-03 +0.0E+00
+25.07400E-06 -28.94472331E-03 +0.0E+00
+25.09900E-06 -86.83416992E-03 +2.81407032E-03
+25.12400E-06 +0.0E+00 +0.0E+00
+25.14900E-06 -28.94472331E-03 +0.0E+00
+25.17400E-06 -57.88944662E-03 +0.0E+00
+25.19900E-06 -28.94472331E-03 -0.0E+00
+25.22400E-06 +0.0E+00 -2.81407032E-03
+25.24900E-06 -28.94472331E-03 +0.0E+00
+25.27400E-06 +0.0E+00 -2.81407032E-03
+25.29900E-06 -57.88944662E-03 +0.0E+00
+25.32400E-06 +0.0E+00 +0.0E+00
+25.34900E-06 -57.88944662E-03 -2.81407032E-03
+25.37400E-06 -28.94472331E-03 +0.0E+00
+25.39900E-06 -57.88944662E-03 -2.81407032E-03
+25.42400E-06 -28.94472331E-03 -2.81407032E-03
+25.44900E-06 -28.94472331E-03 +2.81407032E-03
+25.47400E-06 -57.88944662E-03 +0.0E+00
+25.49900E-06 -57.88944662E-03 +0.0E+00
+25.52400E-06 -86.83416992E-03 -2.81407032E-03
+25.54900E-06 -57.88944662E-03 -2.81407032E-03
+25.57400E-06 -28.94472331E-03 +0.0E+00
+25.59900E-06 -28.94472331E-03 -5.62814064E-03
+25.62400E-06 -28.94472331E-03 +0.0E+00
+25.64900E-06 -28.94472331E-03 -2.81407032E-03
+25.67400E-06 -57.88944662E-03 +0.0E+00
+25.69900E-06 -57.88944662E-03 +2.81407032E-03
+25.72400E-06 -28.94472331E-03 +0.0E+00
+25.74900E-06 +0.0E+00 +0.0E+00
+25.77400E-06 -57.88944662E-03 +0.0E+00
+25.79900E-06 -28.94472331E-03 -2.81407032E-03
+25.82400E-06 -57.88944662E-03 +0.0E+00
+25.84900E-06 -57.88944662E-03 +0.0E+00
+25.87400E-06 -57.88944662E-03 +0.0E+00
+25.89900E-06 -28.94472331E-03 +0.0E+00
+25.92400E-06 -28.94472331E-03 +0.0E+00
+25.94900E-06 -86.83416993E-03 +2.81407032E-03
+25.97400E-06 +0.0E+00 +0.0E+00
+25.99900E-06 -57.88944662E-03 -2.81407032E-03
+26.02400E-06 +0.0E+00 -2.81407032E-03
+26.04900E-06 -57.88944662E-03 -2.81407032E-03
+26.07400E-06 -28.94472331E-03 -2.81407032E-03
+26.09900E-06 -28.94472331E-03 +0.0E+00
+26.12400E-06 -28.94472331E-03 +2.81407032E-03
+26.14900E-06 -57.88944662E-03 -2.81407032E-03
+26.17400E-06 -28.94472331E-03 +0.0E+00
+26.19900E-06 +0.0E+00 -2.81407032E-03
+26.22400E-06 -57.88944662E-03 -5.62814064E-03
+26.24900E-06 +0.0E+00 +0.0E+00
+26.27400E-06 -57.88944662E-03 +0.0E+00
+26.29900E-06 -57.88944662E-03 +0.0E+00
+26.32400E-06 -57.88944662E-03 +0.0E+00
+26.34900E-06 -57.88944662E-03 +2.81407032E-03
+26.37400E-06 -57.88944662E-03 +0.0E+00
+26.39900E-06 -57.88944662E-03 -2.81407032E-03
+26.42400E-06 -28.94472331E-03 -2.81407032E-03
+26.44900E-06 -28.94472331E-03 +0.0E+00
+26.47400E-06 -28.94472331E-03 +0.0E+00
+26.49900E-06 -28.94472331E-03 +0.0E+00
+26.52400E-06 -86.83416992E-03 +2.81407032E-03
+26.54900E-06 -57.88944662E-03 -2.81407032E-03
+26.57400E-06 -57.88944662E-03 +0.0E+00
+26.59900E-06 -28.94472331E-03 -5.62814064E-03
+26.62400E-06 -57.88944662E-03 -2.81407032E-03
+26.64900E-06 -57.88944662E-03 -2.81407032E-03
+26.67400E-06 -28.94472331E-03 +0.0E+00
+26.69900E-06 -57.88944662E-03 +2.81407032E-03
+26.72400E-06 -57.88944662E-03 +0.0E+00
+26.74900E-06 +0.0E+00 +0.0E+00
+26.77400E-06 -28.94472331E-03 +0.0E+00
+26.79900E-06 -57.88944662E-03 -5.62814064E-03
+26.82400E-06 -28.94472331E-03 +2.81407032E-03
+26.84900E-06 -57.88944662E-03 +0.0E+00
+26.87400E-06 -57.88944662E-03 +0.0E+00
+26.89900E-06 -28.94472330E-03 +0.0E+00
+26.92400E-06 -57.88944661E-03 +0.0E+00
+26.94900E-06 -57.88944662E-03 +0.0E+00
+26.97400E-06 -57.88944662E-03 +0.0E+00
+26.99900E-06 -57.88944662E-03 -2.81407032E-03
+27.02400E-06 -57.88944662E-03 +0.0E+00
+27.04900E-06 -28.94472330E-03 +0.0E+00
+27.07400E-06 -57.88944662E-03 +0.0E+00
+27.09900E-06 -28.94472330E-03 -5.62814064E-03
+27.12400E-06 -28.94472330E-03 +0.0E+00
+27.14900E-06 -28.94472331E-03 +0.0E+00
+27.17400E-06 -28.94472331E-03 +0.0E+00
+27.19900E-06 -28.94472330E-03 +0.0E+00
+27.22400E-06 -57.88944662E-03 +0.0E+00
+27.24900E-06 -57.88944662E-03 +0.0E+00
+27.27400E-06 -57.88944662E-03 +0.0E+00
+27.29900E-06 -86.83416993E-03 +0.0E+00
+27.32400E-06 -57.88944662E-03 +0.0E+00
+27.34900E-06 -28.94472331E-03 -2.81407032E-03
+27.37400E-06 -57.88944662E-03 +0.0E+00
+27.39900E-06 +0.0E+00 -2.81407032E-03
+27.42400E-06 -86.83416993E-03 -2.81407032E-03
+27.44900E-06 -28.94472331E-03 +0.0E+00
+27.47400E-06 -28.94472331E-03 +2.81407032E-03
+27.49900E-06 -28.94472330E-03 +2.81407032E-03
+27.52400E-06 -28.94472330E-03 +0.0E+00
+27.54900E-06 -57.88944662E-03 -2.81407032E-03
+27.57400E-06 -57.88944662E-03 +0.0E+00
+27.59900E-06 +0.0E+00 +0.0E+00
+27.62400E-06 -28.94472331E-03 -2.81407032E-03
+27.64900E-06 -28.94472331E-03 -2.81407032E-03
+27.67400E-06 -28.94472331E-03 +0.0E+00
+27.69900E-06 -57.88944662E-03 +0.0E+00
+27.72400E-06 -28.94472330E-03 +0.0E+00
+27.74900E-06 -86.83416993E-03 -2.81407032E-03
+27.77400E-06 -57.88944662E-03 +0.0E+00
+27.79900E-06 -28.94472330E-03 -2.81407032E-03
+27.82400E-06 -28.94472330E-03 -2.81407032E-03
+27.84900E-06 -57.88944662E-03 +0.0E+00
+27.87400E-06 +0.0E+00 +0.0E+00
+27.89900E-06 +0.0E+00 +0.0E+00
+27.92400E-06 +0.0E+00 +0.0E+00
+27.94900E-06 -28.94472331E-03 +0.0E+00
+27.97400E-06 -57.88944662E-03 -2.81407032E-03
+27.99900E-06 -28.94472330E-03 -2.81407032E-03
+28.02400E-06 -57.88944662E-03 -2.81407032E-03
+28.04900E-06 -28.94472330E-03 +0.0E+00
+28.07400E-06 -57.88944662E-03 +0.0E+00
+28.09900E-06 -28.94472331E-03 +0.0E+00
+28.12400E-06 -57.88944662E-03 +0.0E+00
+28.14900E-06 -57.88944662E-03 +2.81407032E-03
+28.17400E-06 -57.88944662E-03 +0.0E+00
+28.19900E-06 -28.94472331E-03 +0.0E+00
+28.22400E-06 -57.88944662E-03 -2.81407032E-03
+28.24900E-06 -28.94472331E-03 +0.0E+00
+28.27400E-06 -57.88944662E-03 +0.0E+00
+28.29900E-06 -28.94472330E-03 +2.81407032E-03
+28.32400E-06 -28.94472330E-03 -2.81407032E-03
+28.34900E-06 -28.94472331E-03 +0.0E+00
+28.37400E-06 -57.88944662E-03 +2.81407032E-03
+28.39900E-06 -57.88944662E-03 -2.81407032E-03
+28.42400E-06 -28.94472330E-03 +0.0E+00
+28.44900E-06 -57.88944662E-03 +0.0E+00
+28.47400E-06 -28.94472330E-03 +0.0E+00
+28.49900E-06 -57.88944662E-03 +0.0E+00
+28.52400E-06 -28.94472330E-03 -2.81407032E-03
+28.54900E-06 -57.88944662E-03 +0.0E+00
+28.57400E-06 +0.0E+00 -2.81407032E-03
+28.59900E-06 -28.94472331E-03 -2.81407032E-03
+28.62400E-06 -57.88944662E-03 +0.0E+00
+28.64900E-06 -57.88944662E-03 -2.81407032E-03
+28.67400E-06 -57.88944662E-03 +5.62814064E-03
+28.69900E-06 -57.88944662E-03 +0.0E+00
+28.72400E-06 -28.94472331E-03 -2.81407032E-03
+28.74900E-06 +0.0E+00 +0.0E+00
+28.77400E-06 -57.88944662E-03 -2.81407032E-03
+28.79900E-06 -28.94472330E-03 +0.0E+00
+28.82400E-06 -28.94472331E-03 -2.81407032E-03
+28.84900E-06 -28.94472331E-03 +0.0E+00
+28.87400E-06 -57.88944662E-03 +0.0E+00
+28.89900E-06 +0.0E+00 +0.0E+00
+28.92400E-06 -28.94472330E-03 +0.0E+00
+28.94900E-06 -28.94472331E-03 -2.81407032E-03
+28.97400E-06 -86.83416993E-03 -2.81407032E-03
+28.99900E-06 -57.88944662E-03 -2.81407032E-03
+29.02400E-06 -28.94472330E-03 -2.81407032E-03
+29.04900E-06 -28.94472330E-03 +0.0E+00
+29.07400E-06 -57.88944662E-03 +0.0E+00
+29.09900E-06 -57.88944662E-03 +2.81407032E-03
+29.12400E-06 -28.94472331E-03 -2.81407032E-03
+29.14900E-06 -28.94472331E-03 -2.81407032E-03
+29.17400E-06 -57.88944662E-03 -2.81407032E-03
+29.19900E-06 -57.88944662E-03 +0.0E+00
+29.22400E-06 +0.0E+00 -2.81407032E-03
+29.24900E-06 -57.88944662E-03 +0.0E+00
+29.27400E-06 -28.94472330E-03 +2.81407032E-03
+29.29900E-06 -57.88944662E-03 +0.0E+00
+29.32400E-06 -28.94472331E-03 +0.0E+00
+29.34900E-06 +0.0E+00 +0.0E+00
+29.37400E-06 +0.0E+00 +2.81407032E-03
+29.39900E-06 -86.83416992E-03 +0.0E+00
+29.42400E-06 -28.94472331E-03 +2.81407032E-03
+29.44900E-06 -57.88944662E-03 +0.0E+00
+29.47400E-06 -57.88944662E-03 +0.0E+00
+29.49900E-06 -86.83416993E-03 +0.0E+00
+29.52400E-06 -57.88944662E-03 +0.0E+00
+29.54900E-06 +0.0E+00 -2.81407032E-03
+29.57400E-06 -28.94472332E-03 +0.0E+00
+29.59900E-06 -57.88944662E-03 -5.62814064E-03
+29.62400E-06 +0.0E+00 -2.81407032E-03
+29.64900E-06 -28.94472332E-03 +0.0E+00
+29.67400E-06 -57.88944662E-03 +0.0E+00
+29.69900E-06 -28.94472330E-03 -2.81407032E-03
+29.72400E-06 -28.94472332E-03 -2.81407032E-03
+29.74900E-06 +0.0E+00 +0.0E+00
+29.77400E-06 -57.88944662E-03 +0.0E+00
+29.79900E-06 -86.83416992E-03 +0.0E+00
+29.82400E-06 -57.88944662E-03 +0.0E+00
+29.84900E-06 -57.88944662E-03 +0.0E+00
+29.87400E-06 -28.94472332E-03 +0.0E+00
+29.89900E-06 -57.88944662E-03 +0.0E+00
+29.92400E-06 -86.83416992E-03 +0.0E+00
+29.94900E-06 -28.94472332E-03 +0.0E+00
+29.97400E-06 -28.94472332E-03 +2.81407032E-03
+29.99900E-06 -28.94472330E-03 +0.0E+00
+30.02400E-06 -28.94472330E-03 -2.81407032E-03
+30.04900E-06 -28.94472330E-03 +0.0E+00
+30.07400E-06 -28.94472332E-03 +0.0E+00
+30.09900E-06 -28.94472330E-03 +0.0E+00
+30.12400E-06 -28.94472330E-03 +0.0E+00
+30.14900E-06 +0.0E+00 +0.0E+00
+30.17400E-06 -57.88944662E-03 +0.0E+00
+30.19900E-06 +0.0E+00 +0.0E+00
+30.22400E-06 -28.94472332E-03 -2.81407032E-03
+30.24900E-06 -57.88944662E-03 +0.0E+00
+30.27400E-06 -57.88944662E-03 +0.0E+00
+30.29900E-06 -86.83416993E-03 +2.81407032E-03
+30.32400E-06 +0.0E+00 -2.81407032E-03
+30.34900E-06 -28.94472332E-03 +0.0E+00
+30.37400E-06 -28.94472330E-03 -2.81407032E-03
+30.39900E-06 -28.94472332E-03 -2.81407032E-03
+30.42400E-06 +0.0E+00 -2.81407032E-03
+30.44900E-06 -57.88944662E-03 +0.0E+00
+30.47400E-06 -57.88944662E-03 +0.0E+00
+30.49900E-06 -57.88944662E-03 +2.81407032E-03
+30.52400E-06 -57.88944662E-03 +2.81407032E-03
+30.54900E-06 -28.94472332E-03 -2.81407032E-03
+30.57400E-06 -57.88944662E-03 +0.0E+00
+30.59900E-06 -57.88944662E-03 -2.81407032E-03
+30.62400E-06 -57.88944662E-03 -2.81407032E-03
+30.64900E-06 -57.88944660E-03 +2.81407032E-03
+30.67400E-06 -28.94472330E-03 +0.0E+00
+30.69900E-06 -57.88944662E-03 +2.81407032E-03
+30.72400E-06 -28.94472330E-03 +2.81407032E-03
+30.74900E-06 +0.0E+00 +0.0E+00
+30.77400E-06 -28.94472330E-03 +0.0E+00
+30.79900E-06 -28.94472330E-03 -2.81407032E-03
+30.82400E-06 +0.0E+00 -2.81407032E-03
+30.84900E-06 -57.88944662E-03 +0.0E+00
+30.87400E-06 -28.94472332E-03 +2.81407032E-03
+30.89900E-06 -86.83416993E-03 +5.62814064E-03
+30.92400E-06 -28.94472330E-03 +0.0E+00
+30.94900E-06 -86.83416993E-03 +0.0E+00
+30.97400E-06 -57.88944662E-03 +0.0E+00
+30.99900E-06 -57.88944662E-03 +0.0E+00
+31.02400E-06 -57.88944662E-03 +0.0E+00
+31.04900E-06 -57.88944662E-03 +0.0E+00
+31.07400E-06 -28.94472332E-03 +0.0E+00
+31.09900E-06 -57.88944662E-03 +0.0E+00
+31.12400E-06 +0.0E+00 -2.81407032E-03
+31.14900E-06 -57.88944662E-03 +0.0E+00
+31.17400E-06 -57.88944662E-03 -2.81407032E-03
+31.19900E-06 -28.94472330E-03 +0.0E+00
+31.22400E-06 +0.0E+00 -2.81407032E-03
+31.24900E-06 -86.83416992E-03 +0.0E+00
+31.27400E-06 -57.88944662E-03 +0.0E+00
+31.29900E-06 -115.77889323E-03 +2.81407032E-03
+31.32400E-06 -28.94472330E-03 +0.0E+00
+31.34900E-06 -57.88944662E-03 +0.0E+00
+31.37400E-06 -86.83416993E-03 +2.81407032E-03
+31.39900E-06 -57.88944662E-03 -2.81407032E-03
+31.42400E-06 -28.94472330E-03 -2.81407032E-03
+31.44900E-06 -28.94472332E-03 +0.0E+00
+31.47400E-06 -57.88944662E-03 +0.0E+00
+31.49900E-06 -28.94472332E-03 +0.0E+00
+31.52400E-06 -86.83416991E-03 -2.81407032E-03
+31.54900E-06 +0.0E+00 +0.0E+00
+31.57400E-06 -57.88944662E-03 +2.81407032E-03
+31.59900E-06 -28.94472330E-03 -2.81407032E-03
+31.62400E-06 -28.94472332E-03 -2.81407032E-03
+31.64900E-06 -57.88944662E-03 -2.81407032E-03
+31.67400E-06 -57.88944662E-03 -2.81407032E-03
+31.69900E-06 -57.88944662E-03 +0.0E+00
+31.72400E-06 -57.88944662E-03 -2.81407032E-03
+31.74900E-06 -57.88944662E-03 +0.0E+00
+31.77400E-06 -86.83416993E-03 +0.0E+00
+31.79900E-06 -57.88944662E-03 -2.81407032E-03
+31.82400E-06 -57.88944662E-03 -2.81407032E-03
+31.84900E-06 -28.94472332E-03 -2.81407032E-03
+31.87400E-06 -57.88944662E-03 +0.0E+00
+31.89900E-06 -28.94472330E-03 -2.81407032E-03
+31.92400E-06 -86.83416991E-03 -2.81407032E-03
+31.94900E-06 -28.94472332E-03 +0.0E+00
+31.97400E-06 -57.88944662E-03 +0.0E+00
+31.99900E-06 -57.88944662E-03 +0.0E+00
+32.02400E-06 -28.94472332E-03 -2.81407032E-03
+32.04900E-06 -28.94472330E-03 +0.0E+00
+32.07400E-06 -28.94472332E-03 +0.0E+00
+32.09900E-06 -86.83416993E-03 +0.0E+00
+32.12400E-06 -28.94472330E-03 -2.81407032E-03
+32.14900E-06 +0.0E+00 +0.0E+00
+32.17400E-06 -57.88944662E-03 -2.81407032E-03
+32.19900E-06 -28.94472330E-03 -2.81407032E-03
+32.22400E-06 -57.88944662E-03 -2.81407032E-03
+32.24900E-06 -28.94472330E-03 +0.0E+00
+32.27400E-06 -57.88944662E-03 +0.0E+00
+32.29900E-06 -57.88944662E-03 +0.0E+00
+32.32400E-06 -57.88944662E-03 -2.81407032E-03
+32.34900E-06 +0.0E+00 -2.81407032E-03
+32.37400E-06 -57.88944662E-03 +0.0E+00
+32.39900E-06 -57.88944662E-03 -2.81407032E-03
+32.42400E-06 -57.88944662E-03 -5.62814064E-03
+32.44900E-06 -28.94472332E-03 +0.0E+00
+32.47400E-06 -57.88944662E-03 +0.0E+00
+32.49900E-06 -57.88944662E-03 +0.0E+00
+32.52400E-06 -86.83416991E-03 +0.0E+00
+32.54900E-06 -57.88944662E-03 +0.0E+00
+32.57400E-06 -28.94472330E-03 +0.0E+00
+32.59900E-06 -57.88944662E-03 -2.81407032E-03
+32.62400E-06 -28.94472330E-03 -2.81407032E-03
+32.64900E-06 -28.94472330E-03 +2.81407032E-03
+32.67400E-06 -57.88944662E-03 +0.0E+00
+32.69900E-06 -57.88944662E-03 +0.0E+00
+32.72400E-06 -57.88944662E-03 +0.0E+00
+32.74900E-06 -28.94472332E-03 +0.0E+00
+32.77400E-06 -28.94472330E-03 +0.0E+00
+32.79900E-06 +0.0E+00 -2.81407032E-03
+32.82400E-06 -57.88944662E-03 +2.81407032E-03
+32.84900E-06 -57.88944662E-03 +2.81407032E-03
+32.87400E-06 -28.94472332E-03 +0.0E+00
+32.89900E-06 -28.94472332E-03 -2.81407032E-03
+32.92400E-06 -57.88944662E-03 +0.0E+00
+32.94900E-06 +0.0E+00 +0.0E+00
+32.97400E-06 -28.94472330E-03 +0.0E+00
+32.99900E-06 -28.94472332E-03 -5.62814064E-03
+33.02400E-06 +0.0E+00 -2.81407032E-03
+33.04900E-06 -28.94472332E-03 +0.0E+00
+33.07400E-06 -57.88944664E-03 +0.0E+00
+33.09900E-06 -57.88944662E-03 +0.0E+00
+33.12400E-06 -28.94472330E-03 +0.0E+00
+33.14900E-06 +0.0E+00 -2.81407032E-03
+33.17400E-06 -28.94472332E-03 +0.0E+00
+33.19900E-06 -57.88944659E-03 -5.62814064E-03
+33.22400E-06 -28.94472332E-03 -2.81407032E-03
+33.24900E-06 +0.0E+00 +0.0E+00
+33.27400E-06 -57.88944662E-03 +2.81407032E-03
+33.29900E-06 -28.94472330E-03 +0.0E+00
+33.32400E-06 -57.88944662E-03 +0.0E+00
+33.34900E-06 -28.94472332E-03 +0.0E+00
+33.37400E-06 -86.83416994E-03 +0.0E+00
+33.39900E-06 -57.88944662E-03 +0.0E+00
+33.42400E-06 +0.0E+00 -5.62814064E-03
+33.44900E-06 -57.88944662E-03 +0.0E+00
+33.47400E-06 -57.88944662E-03 -2.81407032E-03
+33.49900E-06 -28.94472330E-03 +0.0E+00
+33.52400E-06 -57.88944662E-03 -5.62814064E-03
+33.54900E-06 -28.94472332E-03 +0.0E+00
+33.57400E-06 -57.88944662E-03 -2.81407032E-03
+33.59900E-06 -57.88944662E-03 -2.81407032E-03
+33.62400E-06 -57.88944662E-03 -2.81407032E-03
+33.64900E-06 -57.88944662E-03 +0.0E+00
+33.67400E-06 +0.0E+00 +2.81407032E-03
+33.69900E-06 -57.88944662E-03 +0.0E+00
+33.72400E-06 -57.88944659E-03 +0.0E+00
+33.74900E-06 -28.94472332E-03 -2.81407032E-03
+33.77400E-06 -28.94472332E-03 +0.0E+00
+33.79900E-06 -86.83416991E-03 -2.81407032E-03
+33.82400E-06 -28.94472330E-03 +0.0E+00
+33.84900E-06 -28.94472332E-03 +0.0E+00
+33.87400E-06 -57.88944662E-03 +0.0E+00
+33.89900E-06 -86.83416994E-03 +0.0E+00
+33.92400E-06 -86.83416991E-03 +0.0E+00
+33.94900E-06 -28.94472332E-03 +0.0E+00
+33.97400E-06 -28.94472332E-03 -2.81407032E-03
+33.99900E-06 -28.94472330E-03 +0.0E+00
+34.02400E-06 -28.94472332E-03 -2.81407032E-03
+34.04900E-06 -28.94472332E-03 +2.81407032E-03
+34.07400E-06 -28.94472332E-03 +0.0E+00
+34.09900E-06 -86.83416994E-03 +0.0E+00
+34.12400E-06 -57.88944662E-03 -2.81407032E-03
+34.14900E-06 -28.94472332E-03 +0.0E+00
+34.17400E-06 -57.88944662E-03 +0.0E+00
+34.19900E-06 -28.94472329E-03 -2.81407032E-03
+34.22400E-06 -57.88944662E-03 -2.81407032E-03
+34.24900E-06 -57.88944662E-03 +0.0E+00
+34.27400E-06 -28.94472332E-03 +0.0E+00
+34.29900E-06 -115.77889323E-03 -2.81407032E-03
+34.32400E-06 -28.94472329E-03 +0.0E+00
+34.34900E-06 +0.0E+00 +0.0E+00
+34.37400E-06 -28.94472332E-03 +0.0E+00
+34.39900E-06 +0.0E+00 -2.81407032E-03
+34.42400E-06 +0.0E+00 -2.81407032E-03
+34.44900E-06 -57.88944662E-03 +0.0E+00
+34.47400E-06 -28.94472332E-03 +0.0E+00
+34.49900E-06 -57.88944662E-03 +0.0E+00
+34.52400E-06 -57.88944662E-03 +0.0E+00
+34.54900E-06 -28.94472332E-03 +0.0E+00
+34.57400E-06 -28.94472329E-03 +0.0E+00
+34.59900E-06 -28.94472332E-03 -2.81407032E-03
+34.62400E-06 -57.88944662E-03 -2.81407032E-03
+34.64900E-06 -57.88944662E-03 +0.0E+00
+34.67400E-06 -57.88944662E-03 +0.0E+00
+34.69900E-06 -57.88944662E-03 +0.0E+00
+34.72400E-06 -57.88944662E-03 +0.0E+00
+34.74900E-06 -28.94472332E-03 +0.0E+00
+34.77400E-06 -57.88944662E-03 +0.0E+00
+34.79900E-06 -28.94472332E-03 -5.62814064E-03
+34.82400E-06 -57.88944662E-03 -2.81407032E-03
+34.84900E-06 +0.0E+00 -2.81407032E-03
+34.87400E-06 -57.88944662E-03 +0.0E+00
+34.89900E-06 -86.83416994E-03 +0.0E+00
+34.92400E-06 -28.94472329E-03 +0.0E+00
+34.94900E-06 -28.94472332E-03 +2.81407032E-03
+34.97400E-06 -86.83416994E-03 +0.0E+00
+34.99900E-06 -28.94472329E-03 -2.81407032E-03
+35.02400E-06 -57.88944662E-03 -2.81407032E-03
+35.04900E-06 -57.88944662E-03 +2.81407032E-03
+35.07400E-06 -57.88944662E-03 +0.0E+00
+35.09900E-06 -86.83416994E-03 +0.0E+00
+35.12400E-06 -57.88944662E-03 +0.0E+00
+35.14900E-06 +0.0E+00 +0.0E+00
+35.17400E-06 -57.88944662E-03 +0.0E+00
+35.19900E-06 -28.94472329E-03 -5.62814064E-03
+35.22400E-06 +0.0E+00 +0.0E+00
+35.24900E-06 -28.94472332E-03 +0.0E+00
+35.27400E-06 -57.88944662E-03 +0.0E+00
+35.29900E-06 -86.83416994E-03 +0.0E+00
+35.32400E-06 -28.94472329E-03 +0.0E+00
+35.34900E-06 -57.88944662E-03 +0.0E+00
+35.37400E-06 -57.88944662E-03 -2.81407032E-03
+35.39900E-06 +0.0E+00 -2.81407032E-03
+35.42400E-06 -28.94472332E-03 +0.0E+00
+35.44900E-06 -57.88944662E-03 +0.0E+00
+35.47400E-06 -57.88944662E-03 +5.62814064E-03
+35.49900E-06 -86.83416994E-03 +2.81407032E-03
+35.52400E-06 -28.94472329E-03 -2.81407032E-03
+35.54900E-06 +0.0E+00 +0.0E+00
+35.57400E-06 -57.88944662E-03 +0.0E+00
+35.59900E-06 -28.94472329E-03 +0.0E+00
+35.62400E-06 -57.88944662E-03 -2.81407032E-03
+35.64900E-06 -86.83416994E-03 +0.0E+00
+35.67400E-06 -86.83416991E-03 +0.0E+00
+35.69900E-06 -86.83416994E-03 -2.81407032E-03
+35.72400E-06 -57.88944662E-03 -2.81407032E-03
+35.74900E-06 -57.88944662E-03 +0.0E+00
+35.77400E-06 -57.88944662E-03 +0.0E+00
+35.79900E-06 -28.94472329E-03 -5.62814064E-03
+35.82400E-06 +0.0E+00 -2.81407032E-03
+35.84900E-06 -28.94472332E-03 +0.0E+00
+35.87400E-06 -28.94472332E-03 +0.0E+00
+35.89900E-06 -86.83416994E-03 +0.0E+00
+35.92400E-06 -28.94472329E-03 +0.0E+00
+35.94900E-06 -28.94472332E-03 -2.81407032E-03
+35.97400E-06 +0.0E+00 +0.0E+00
+35.99900E-06 -57.88944662E-03 -2.81407032E-03
+36.02400E-06 +0.0E+00 -2.81407032E-03
+36.04900E-06 -28.94472332E-03 +0.0E+00
+36.07400E-06 -86.83416991E-03 +2.81407032E-03
+36.09900E-06 -86.83416994E-03 -2.81407032E-03
+36.12400E-06 -28.94472329E-03 +0.0E+00
+36.14900E-06 +0.0E+00 -2.81407032E-03
+36.17400E-06 -57.88944662E-03 +0.0E+00
+36.19900E-06 -57.88944662E-03 -2.81407032E-03
+36.22400E-06 -28.94472329E-03 +0.0E+00
+36.24900E-06 -57.88944662E-03 -2.81407032E-03
+36.27400E-06 -57.88944662E-03 +0.0E+00
+36.29900E-06 -28.94472329E-03 +2.81407032E-03
+36.32400E-06 -28.94472329E-03 +0.0E+00
+36.34900E-06 +28.94472329E-03 -2.81407032E-03
+36.37400E-06 -57.88944662E-03 +0.0E+00
+36.39900E-06 +0.0E+00 +0.0E+00
+36.42400E-06 -28.94472329E-03 -2.81407032E-03
+36.44900E-06 +0.0E+00 +0.0E+00
+36.47400E-06 +0.0E+00 -2.81407032E-03
+36.49900E-06 -28.94472332E-03 +0.0E+00
+36.52400E-06 -28.94472329E-03 +0.0E+00
+36.54900E-06 -28.94472332E-03 +0.0E+00
+36.57400E-06 -57.88944662E-03 -2.81407032E-03
+36.59900E-06 -28.94472329E-03 -2.81407032E-03
+36.62400E-06 -86.83416994E-03 -2.81407032E-03
+36.64900E-06 -28.94472332E-03 -2.81407032E-03
+36.67400E-06 -57.88944662E-03 +0.0E+00
+36.69900E-06 -57.88944662E-03 +0.0E+00
+36.72400E-06 -57.88944662E-03 +0.0E+00
+36.74900E-06 -28.94472332E-03 +0.0E+00
+36.77400E-06 -57.88944662E-03 +0.0E+00
+36.79900E-06 -57.88944662E-03 -2.81407032E-03
+36.82400E-06 -28.94472329E-03 -2.81407032E-03
+36.84900E-06 -28.94472333E-03 +0.0E+00
+36.87400E-06 +0.0E+00 +0.0E+00
+36.89900E-06 -86.83416994E-03 +0.0E+00
+36.92400E-06 +0.0E+00 +0.0E+00
+36.94900E-06 -57.88944665E-03 +0.0E+00
+36.97400E-06 -28.94472333E-03 +0.0E+00
+36.99900E-06 -28.94472329E-03 -2.81407032E-03
+37.02400E-06 -28.94472329E-03 -2.81407032E-03
+37.04900E-06 -28.94472333E-03 +0.0E+00
+37.07400E-06 -57.88944662E-03 -2.81407032E-03
+37.09900E-06 -57.88944662E-03 -2.81407032E-03
+37.12400E-06 -28.94472329E-03 -5.62814064E-03
+37.14900E-06 -57.88944662E-03 -2.81407032E-03
+37.17400E-06 -57.88944662E-03 -0.0E+00
+37.19900E-06 -57.88944662E-03 -2.81407032E-03
+37.22400E-06 -57.88944662E-03 -2.81407032E-03
+37.24900E-06 -28.94472333E-03 +0.0E+00
+37.27400E-06 -57.88944662E-03 +0.0E+00
+37.29900E-06 -57.88944662E-03 +2.81407032E-03
+37.32400E-06 -57.88944662E-03 -2.81407032E-03
+37.34900E-06 -57.88944662E-03 +2.81407032E-03
+37.37400E-06 -28.94472329E-03 +0.0E+00
+37.39900E-06 -28.94472329E-03 -2.81407032E-03
+37.42400E-06 +0.0E+00 -2.81407032E-03
+37.44900E-06 +0.0E+00 +0.0E+00
+37.47400E-06 -57.88944662E-03 +0.0E+00
+37.49900E-06 -57.88944662E-03 +0.0E+00
+37.52400E-06 -28.94472329E-03 -2.81407032E-03
+37.54900E-06 +0.0E+00 -2.81407032E-03
+37.57400E-06 -28.94472329E-03 +0.0E+00
+37.59900E-06 -57.88944662E-03 -5.62814064E-03
+37.62400E-06 -57.88944662E-03 -5.62814064E-03
+37.64900E-06 -57.88944662E-03 -2.81407032E-03
+37.67400E-06 -57.88944662E-03 +0.0E+00
+37.69900E-06 -86.83416994E-03 +0.0E+00
+37.72400E-06 -86.83416991E-03 +0.0E+00
+37.74900E-06 -28.94472333E-03 +0.0E+00
+37.77400E-06 -57.88944662E-03 +0.0E+00
+37.79900E-06 -57.88944662E-03 -2.81407032E-03
+37.82400E-06 -28.94472333E-03 +0.0E+00
+37.84900E-06 +0.0E+00 +0.0E+00
+37.87400E-06 +0.0E+00 +0.0E+00
+37.89900E-06 -28.94472329E-03 +0.0E+00
+37.92400E-06 -28.94472329E-03 +0.0E+00
+37.94900E-06 -40E-12 -2.81407032E-03
+37.97400E-06 -28.94472333E-03 -2.81407032E-03
+37.99900E-06 +0.0E+00 -5.62814064E-03
+38.02400E-06 +0.0E+00 -5.62814064E-03
+38.04900E-06 -57.88944662E-03 -2.81407032E-03
+38.07400E-06 -57.88944662E-03 +0.0E+00
+38.09900E-06 -115.77889323E-03 -2.81407032E-03
+38.12400E-06 -86.83416991E-03 -2.81407032E-03
+38.14900E-06 -57.88944662E-03 +0.0E+00
+38.17400E-06 -115.77889323E-03 +0.0E+00
+38.19900E-06 -115.77889323E-03 -2.81407032E-03
+38.22400E-06 -57.88944662E-03 +2.81407032E-03
+38.24900E-06 -144.72361656E-03 +5.62814064E-03
+38.27400E-06 -86.83416991E-03 +0.0E+00
+38.29900E-06 -86.83416994E-03 +0.0E+00
+38.32400E-06 -28.94472333E-03 +2.81407032E-03
+38.34900E-06 -28.94472333E-03 +2.81407032E-03
+38.37400E-06 +0.0E+00 +0.0E+00
+38.39900E-06 -28.94472329E-03 +0.0E+00
+38.42400E-06 +28.94472333E-03 -2.81407032E-03
+38.44900E-06 +28.94472329E-03 +0.0E+00
+38.47400E-06 +0.0E+00 +0.0E+00
+38.49900E-06 +0.0E+00 -5.62814064E-03
+38.52400E-06 -57.88944658E-03 -2.81407032E-03
+38.54900E-06 -28.94472329E-03 -2.81407032E-03
+38.57400E-06 -57.88944662E-03 -2.81407032E-03
+38.59900E-06 -57.88944658E-03 -2.81407032E-03
+38.62400E-06 -86.83416990E-03 -2.81407032E-03
+38.64900E-06 -115.77889323E-03 +0.0E+00
+38.67400E-06 -115.77889323E-03 +0.0E+00
+38.69900E-06 -144.72361656E-03 +0.0E+00
+38.72400E-06 -115.77889323E-03 -2.81407032E-03
+38.74900E-06 -86.83416994E-03 +5.62814064E-03
+38.77400E-06 -86.83416994E-03 +0.0E+00
+38.79900E-06 -57.88944662E-03 +2.81407032E-03
+38.82400E-06 -28.94472329E-03 +2.81407032E-03
+38.84900E-06 +28.94472333E-03 +2.81407032E-03
+38.87400E-06 +0.0E+00 +2.81407032E-03
+38.89900E-06 +28.94472333E-03 +5.62814064E-03
+38.92400E-06 +28.94472333E-03 +0.0E+00
+38.94900E-06 +57.88944662E-03 +0.0E+00
+38.97400E-06 +28.94472333E-03 +0.0E+00
+38.99900E-06 +28.94472333E-03 -2.81407032E-03
+39.02400E-06 +0.0E+00 -5.62814064E-03
+39.04900E-06 -28.94472329E-03 -5.62814064E-03
+39.07400E-06 -86.83416990E-03 -5.62814064E-03
+39.09900E-06 -57.88944662E-03 -5.62814064E-03
+39.12400E-06 -115.77889319E-03 -5.62814064E-03
+39.14900E-06 -144.72361652E-03 -2.81407032E-03
+39.17400E-06 -144.72361656E-03 -2.81407032E-03
+39.19900E-06 -115.77889323E-03 -2.81407032E-03
+39.22400E-06 -173.66833985E-03 +0.0E+00
+39.24900E-06 -173.66833985E-03 +2.81407032E-03
+39.27400E-06 -86.83416994E-03 +2.81407032E-03
+39.29900E-06 -115.77889323E-03 +2.81407032E-03
+39.32400E-06 -57.88944662E-03 +0.0E+00
+39.34900E-06 +28.94472329E-03 +2.81407032E-03
+39.37400E-06 +28.94472329E-03 +5.62814064E-03
+39.39900E-06 +115.77889323E-03 +2.81407032E-03
+39.42400E-06 +115.77889323E-03 +0.0E+00
+39.44900E-06 +115.77889323E-03 +0.0E+00
+39.47400E-06 +86.83416990E-03 +0.0E+00
+39.49900E-06 +57.88944662E-03 -2.81407032E-03
+39.52400E-06 +28.94472333E-03 -5.62814064E-03
+39.54900E-06 -28.94472329E-03 -8.44221096E-03
+39.57400E-06 -57.88944662E-03 -5.62814064E-03
+39.59900E-06 -144.72361652E-03 -5.62814064E-03
+39.62400E-06 -173.66833985E-03 -5.62814064E-03
+39.64900E-06 -202.61306314E-03 -5.62814064E-03
+39.67400E-06 -231.55778646E-03 -2.81407032E-03
+39.69900E-06 -202.61306318E-03 +0.0E+00
+39.72400E-06 -202.61306314E-03 -2.81407032E-03
+39.74900E-06 -144.72361656E-03 +2.81407032E-03
+39.77400E-06 -144.72361656E-03 +5.62814064E-03
+39.79900E-06 -115.77889323E-03 +2.81407032E-03
+39.82400E-06 -28.94472333E-03 +2.81407032E-03
+39.84900E-06 +28.94472329E-03 +5.62814064E-03
+39.87400E-06 +86.83416990E-03 +2.81407032E-03
+39.89900E-06 +86.83416990E-03 +5.62814065E-03
+39.92400E-06 +144.72361652E-03 +2.81407032E-03
+39.94900E-06 +144.72361656E-03 +0.0E+00
+39.97400E-06 +144.72361652E-03 +0.0E+00
+39.99900E-06 +86.83416995E-03 -5.62814064E-03
+40.02400E-06 +86.83416995E-03 -8.44221096E-03
+40.04900E-06 +0.0E+00 -8.44221097E-03
+40.07400E-06 -57.88944657E-03 -8.44221096E-03
+40.09900E-06 -144.72361652E-03 -5.62814064E-03
+40.12400E-06 -202.61306313E-03 -8.44221097E-03
+40.14900E-06 -202.61306313E-03 -5.62814064E-03
+40.17400E-06 -289.44723308E-03 -5.62814064E-03
+40.19900E-06 -289.44723308E-03 -2.81407032E-03
+40.22400E-06 -260.50250979E-03 +0.0E+00
+40.24900E-06 -260.50250979E-03 +2.81407032E-03
+40.27400E-06 -202.61306318E-03 +5.62814064E-03
+40.29900E-06 -144.72361656E-03 +8.44221097E-03
+40.32400E-06 +0.0E+00 +8.44221096E-03
+40.34900E-06 +86.83416990E-03 +11.25628129E-03
+40.37400E-06 +144.72361652E-03 +8.44221097E-03
+40.39900E-06 +173.66833985E-03 +5.62814064E-03
+40.42400E-06 +202.61306318E-03 +0.0E+00
+40.44900E-06 +231.55778646E-03 +0.0E+00
+40.47400E-06 +231.55778651E-03 -2.81407032E-03
+40.49900E-06 +144.72361656E-03 -2.81407032E-03
+40.52400E-06 +86.83416995E-03 -5.62814064E-03
+40.54900E-06 +57.88944666E-03 -11.25628129E-03
+40.57400E-06 -86.83416990E-03 -8.44221097E-03
+40.59900E-06 -173.66833980E-03 -11.25628129E-03
+40.62400E-06 -260.50250975E-03 -11.25628129E-03
+40.64900E-06 -260.50250975E-03 -8.44221097E-03
+40.67400E-06 -318.39195637E-03 -2.81407032E-03
+40.69900E-06 -347.33667970E-03 +0.0E+00
+40.72400E-06 -347.33667970E-03 +5.62814064E-03
+40.74900E-06 -260.50250980E-03 +2.81407032E-03
+40.77400E-06 -231.55778651E-03 +8.44221096E-03
+40.79900E-06 -86.83416995E-03 +8.44221096E-03
+40.82400E-06 +28.94472329E-03 +8.44221097E-03
+40.84900E-06 +86.83416990E-03 +11.25628129E-03
+40.87400E-06 +144.72361652E-03 +8.44221097E-03
+40.89900E-06 +202.61306313E-03 +8.44221097E-03
+40.92400E-06 +289.44723308E-03 +5.62814064E-03
+40.94900E-06 +289.44723308E-03 -2.81407032E-03
+40.97400E-06 +318.39195641E-03 -5.62814064E-03
+40.99900E-06 +260.50250980E-03 -11.25628129E-03
+41.02400E-06 +144.72361656E-03 -8.44221096E-03
+41.04900E-06 +57.88944666E-03 -14.07035161E-03
+41.07400E-06 -57.88944657E-03 -14.07035161E-03
+41.09900E-06 -173.66833980E-03 -16.88442193E-03
+41.12400E-06 -289.44723303E-03 -14.07035161E-03
+41.14900E-06 -405.22612627E-03 -8.44221096E-03
+41.17400E-06 -434.17084960E-03 -2.81407032E-03
+41.19900E-06 -492.06029621E-03 -0.0E+00
+41.22400E-06 -405.22612631E-03 +0.0E+00
+41.24900E-06 -347.33667974E-03 +2.81407032E-03
+41.27400E-06 -289.44723313E-03 +14.07035161E-03
+41.29900E-06 -202.61306318E-03 +16.88442193E-03
+41.32400E-06 -28.94472333E-03 +16.88442193E-03
+41.34900E-06 +115.77889319E-03 +19.69849225E-03
+41.37400E-06 +260.50250975E-03 +14.07035161E-03
+41.39900E-06 +347.33667970E-03 +5.62814064E-03
+41.42400E-06 +405.22612631E-03 +0.0E+00
+41.44900E-06 +463.11557293E-03 -2.81407032E-03
+41.47400E-06 +434.17084964E-03 -5.62814064E-03
+41.49900E-06 +289.44723313E-03 -8.44221096E-03
+41.52400E-06 +231.55778651E-03 -16.88442193E-03
+41.54900E-06 +115.77889328E-03 -16.88442193E-03
+41.57400E-06 -57.88944657E-03 -19.69849225E-03
+41.59900E-06 -231.55778642E-03 -16.88442193E-03
+41.62400E-06 -405.22612627E-03 -16.88442193E-03
+41.64900E-06 -492.06029621E-03 -14.07035161E-03
+41.67400E-06 -549.94974283E-03 -8.44221097E-03
+41.69900E-06 -578.89446616E-03 +0.0E+00
+41.72400E-06 -521.00501955E-03 +5.62814064E-03
+41.74900E-06 -463.11557298E-03 +11.25628128E-03
+41.77400E-06 -347.33667975E-03 +19.69849225E-03
+41.79900E-06 -173.66833990E-03 +14.07035161E-03
+41.82400E-06 +28.94472324E-03 +22.51256257E-03
+41.84900E-06 +173.66833980E-03 +19.69849225E-03
+41.87400E-06 +318.39195636E-03 +16.88442193E-03
+41.89900E-06 +405.22612626E-03 +14.07035161E-03
+41.92400E-06 +521.00501955E-03 +8.44221097E-03
+41.94900E-06 +578.89446616E-03 +0.0E+00
+41.97400E-06 +521.00501959E-03 -5.62814064E-03
+41.99900E-06 +463.11557298E-03 -16.88442193E-03
+42.02400E-06 +318.39195646E-03 -22.51256257E-03
+42.04900E-06 +173.66833990E-03 -22.51256257E-03
+42.07400E-06 -86.83416985E-03 -22.51256257E-03
+42.09900E-06 -289.44723303E-03 -22.51256257E-03
+42.12400E-06 -463.11557288E-03 -19.69849225E-03
+42.14900E-06 -607.83918945E-03 -11.25628129E-03
+42.17400E-06 -694.67335939E-03 -8.44221097E-03
+42.19900E-06 -723.61808273E-03 -2.81407033E-03
+42.22400E-06 -694.67335944E-03 +2.81407032E-03
+42.24900E-06 -636.78391283E-03 +14.07035161E-03
+42.27400E-06 -405.22612636E-03 +19.69849225E-03
+42.29900E-06 -231.55778656E-03 +25.32663289E-03
+42.32400E-06 -50E-12 +25.32663289E-03
+42.34900E-06 +231.55778637E-03 +25.32663290E-03
+42.37400E-06 +376.28140293E-03 +25.32663289E-03
+42.39900E-06 +549.94974283E-03 +16.88442193E-03
+42.42400E-06 +694.67335934E-03 +8.44221097E-03
+42.44900E-06 +752.56280596E-03 -2.81407032E-03
+42.47400E-06 +723.61808273E-03 -8.44221096E-03
+42.49900E-06 +578.89446621E-03 -19.69849225E-03
+42.52400E-06 +434.17084970E-03 -25.32663289E-03
+42.54900E-06 +144.72361662E-03 -33.76884385E-03
+42.57400E-06 -86.83416980E-03 -30.95477354E-03
+42.59900E-06 -318.39195631E-03 -33.76884386E-03
+42.62400E-06 -578.89446611E-03 -28.14070322E-03
+42.64900E-06 -752.56280596E-03 -19.69849225E-03
+42.67400E-06 -897.28642253E-03 -11.25628129E-03
+42.69900E-06 -926.23114586E-03 -0.0E+00
+42.72400E-06 -897.28642258E-03 +14.07035161E-03
+42.74900E-06 -752.56280606E-03 +16.88442193E-03
+42.77400E-06 -578.89446626E-03 +28.14070321E-03
+42.79900E-06 -318.39195647E-03 +28.14070322E-03
+42.82400E-06 -100E-12 +33.76884386E-03
+42.84900E-06 +260.50250970E-03 +33.76884386E-03
+42.87400E-06 +549.94974278E-03 +28.14070322E-03
+42.89900E-06 +723.61808263E-03 +22.51256257E-03
+42.92400E-06 +868.34169919E-03 +14.07035161E-03
+42.94900E-06 +955.17586914E-03 +0.0E+00
+42.97400E-06 +868.34169924E-03 -11.25628128E-03
+42.99900E-06 +810.45225268E-03 -19.69849225E-03
+43.02400E-06 +578.89446626E-03 -30.95477354E-03
+43.04900E-06 +260.50250990E-03 -39.39698450E-03
+43.07400E-06 -86.83416980E-03 -39.39698450E-03
+43.09900E-06 -405.22612621E-03 -42.21105483E-03
+43.12400E-06 -694.67335929E-03 -33.76884386E-03
+43.14900E-06 -926.23114581E-03 -25.32663290E-03
+43.17400E-06 -1.12884420899E+00 -16.88442193E-03
+43.19900E-06 -1.12884420899E+00 -2.81407033E-03
+43.22400E-06 -1.09989948576E+00 +8.44221096E-03
+43.24900E-06 -955.17586925E-03 +22.51256257E-03
+43.27400E-06 -694.67335950E-03 +36.58291418E-03
+43.29900E-06 -376.28140314E-03 +42.21105482E-03
+43.32400E-06 -28.94472344E-03 +45.02512515E-03
+43.34900E-06 +347.33667959E-03 +42.21105483E-03
+43.37400E-06 +665.72863596E-03 +42.21105483E-03
+43.39900E-06 +897.28642247E-03 +25.32663290E-03
+43.42400E-06 +1.07095476237E+00 +16.88442193E-03
+43.44900E-06 +1.18673365561E+00 +5.62814065E-03
+43.47400E-06 +1.09989948576E+00 -11.25628128E-03
+43.49900E-06 +955.17586925E-03 -28.14070321E-03
+43.52400E-06 +694.67335950E-03 -42.21105482E-03
+43.54900E-06 +318.39195652E-03 -47.83919546E-03
+43.57400E-06 -57.88944646E-03 -50.65326579E-03
+43.59900E-06 -434.17084949E-03 -53.46733611E-03
+43.62400E-06 -839.39697580E-03 -47.83919547E-03
+43.64900E-06 -1.18673365555E+00 -33.76884386E-03
+43.67400E-06 -1.33145727212E+00 -19.69849226E-03
+43.69900E-06 -1.41829144212E+00 -10E-12
+43.72400E-06 -1.33145727223E+00 +11.25628128E-03
+43.74900E-06 -1.09989948581E+00 +28.14070321E-03
+43.77400E-06 -839.39697607E-03 +45.02512514E-03
+43.79900E-06 -434.17084976E-03 +50.65326578E-03
+43.82400E-06 -57.88944678E-03 +56.28140643E-03
+43.84900E-06 +405.22612615E-03 +56.28140643E-03
+43.87400E-06 +781.50752918E-03 +47.83919547E-03
+43.89900E-06 +1.09989948560E+00 +39.39698451E-03
+43.92400E-06 +1.36040199545E+00 +22.51256258E-03
+43.94900E-06 +1.44723616540E+00 +2.81407033E-03
+43.97400E-06 +1.38934671884E+00 -11.25628128E-03
+43.99900E-06 +1.18673365571E+00 -33.76884385E-03
+44.02400E-06 +839.39697607E-03 -47.83919546E-03
+44.04900E-06 +463.11557309E-03 -59.09547675E-03
+44.07400E-06 -57.88944645E-03 -64.72361740E-03
+44.09900E-06 -521.00501938E-03 -61.90954708E-03
+44.12400E-06 -984.12059231E-03 -56.28140644E-03
+44.14900E-06 -1.33145727206E+00 -39.39698451E-03
+44.17400E-06 -1.62090450520E+00 -19.69849226E-03
+44.19900E-06 -1.70773867515E+00 -8.44221097E-03
+44.22400E-06 -1.62090450531E+00 +14.07035160E-03
+44.24900E-06 -1.41829144218E+00 +33.76884385E-03
+44.27400E-06 -984.12059264E-03 +50.65326578E-03
+44.29900E-06 -549.94974305E-03 +61.90954708E-03
+44.32400E-06 -28.94472350E-03 +64.72361739E-03
+44.34900E-06 +521.00501932E-03 +67.53768772E-03
+44.37400E-06 +984.12059231E-03 +59.09547676E-03
+44.39900E-06 +1.33145727206E+00 +45.02512515E-03
+44.42400E-06 +1.64984922848E+00 +22.51256258E-03
+44.44900E-06 +1.76562812177E+00 +5.62814065E-03
+44.47400E-06 +1.70773867526E+00 -19.69849224E-03
+44.49900E-06 +1.38934671890E+00 -42.21105482E-03
+44.52400E-06 +1.01306531598E+00 -56.28140643E-03
+44.54900E-06 +549.94974305E-03 -67.53768771E-03
+44.57400E-06 -28.94472311E-03 -75.97989869E-03
+44.59900E-06 -607.83918927E-03 -75.97989869E-03
+44.62400E-06 -1.12884420882E+00 -70.35175804E-03
+44.64900E-06 -1.56301505852E+00 -53.46733612E-03
+44.67400E-06 -1.85246229166E+00 -28.14070323E-03
+44.69900E-06 -2.02613063151E+00 -5.62814065E-03
+44.72400E-06 -1.91035173839E+00 +19.69849224E-03
+44.74900E-06 -1.62090450537E+00 +45.02512514E-03
+44.77400E-06 -1.21567837917E+00 +59.09547675E-03
+44.79900E-06 -723.61808290E-03 +75.97989868E-03
+44.82400E-06 -57.88944684E-03 +81.60803932E-03
+44.84900E-06 +607.83918922E-03 +81.60803933E-03
+44.87400E-06 +1.18673365543E+00 +73.16582837E-03
+44.89900E-06 +1.59195978180E+00 +56.28140644E-03
+44.92400E-06 +1.96824118489E+00 +33.76884387E-03
+44.94900E-06 +2.08402007818E+00 +5.62814065E-03
+44.97400E-06 +1.96824118506E+00 -19.69849224E-03
+44.99900E-06 +1.73668339866E+00 -45.02512514E-03
+45.02400E-06 +1.21567837917E+00 -73.16582835E-03
+45.04900E-06 +665.72863629E-03 -84.42210964E-03
+45.07400E-06 +290E-12 -92.86432062E-03
+45.09900E-06 -694.67335916E-03 -87.23617997E-03
+45.12400E-06 -1.33145727194E+00 -81.60803934E-03
+45.14900E-06 -1.82351756827E+00 -61.90954709E-03
+45.17400E-06 -2.19979897130E+00 -39.39698451E-03
+45.19900E-06 -2.31557786465E+00 -8.44221098E-03
+45.22400E-06 -2.22874369481E+00 +19.69849224E-03
+45.24900E-06 -1.93929646179E+00 +50.65326578E-03
+45.27400E-06 -1.44723616558E+00 +70.35175803E-03
+45.29900E-06 -839.39697625E-03 +92.86432061E-03
+45.32400E-06 -86.83417019E-03 +98.49246125E-03
+45.34900E-06 +665.72863582E-03 +101.30653158E-03
+45.37400E-06 +1.27356782532E+00 +84.42210965E-03
+45.39900E-06 +1.85246229154E+00 +64.72361741E-03
+45.42400E-06 +2.28663314125E+00 +39.39698451E-03
+45.44900E-06 +2.40241203454E+00 +8.44221098E-03
+45.47400E-06 +2.34452258804E+00 -22.51256256E-03
+45.49900E-06 +2.02613063174E+00 -56.28140642E-03
+45.52400E-06 +1.50512561225E+00 -81.60803932E-03
+45.54900E-06 +810.45225292E-03 -101.30653157E-03
+45.57400E-06 +86.83417019E-03 -106.93467222E-03
+45.59900E-06 -781.50752899E-03 -109.74874255E-03
+45.62400E-06 -1.53407033506E+00 -98.49246126E-03
+45.64900E-06 -2.11296480128E+00 -70.35175805E-03
+45.67400E-06 -2.51819092772E+00 -45.02512516E-03
+45.69900E-06 -2.69185926768E+00 -8.44221098E-03
+45.72400E-06 -2.54713565117E+00 +25.32663288E-03
+45.74900E-06 -2.25768841821E+00 +59.09547675E-03
+45.77400E-06 -1.67879395211E+00 +87.23617996E-03
+45.79900E-06 -984.12059277E-03 +104.12060189E-03
+45.82400E-06 -144.72361687E-03 +115.37688319E-03
+45.84900E-06 +694.67335904E-03 +112.56281286E-03
+45.87400E-06 +1.50512561172E+00 +98.49246127E-03
+45.89900E-06 +2.14190952456E+00 +78.79396902E-03
+45.92400E-06 +2.57608037433E+00 +47.83919548E-03
+45.94900E-06 +2.72080399096E+00 +11.25628130E-03
+45.97400E-06 +2.69185926774E+00 -28.14070320E-03
+45.99900E-06 +2.28663314155E+00 -61.90954706E-03
+46.02400E-06 +1.70773867545E+00 -95.67839092E-03
+46.04900E-06 +955.17586950E-03 -112.56281286E-03
+46.07400E-06 +57.88944698E-03 -129.44723479E-03
+46.09900E-06 -810.45225233E-03 -121.00502383E-03
+46.12400E-06 -1.64984922823E+00 -112.56281287E-03
+46.14900E-06 -2.37346731102E+00 -84.42210966E-03
+46.17400E-06 -2.83658288407E+00 -53.46733613E-03
+46.19900E-06 -2.98130650076E+00 -14.07035163E-03
+46.22400E-06 -2.89447233093E+00 +28.14070320E-03
+46.24900E-06 -2.51819092802E+00 +67.53768771E-03
+46.27400E-06 -1.91035173864E+00 +98.49246125E-03
+46.29900E-06 -1.09989948607E+00 +121.00502382E-03
+46.32400E-06 -173.66834021E-03 +132.26130511E-03
+46.34900E-06 +781.50752892E-03 +132.26130512E-03
+46.37400E-06 +1.67879395156E+00 +118.19095351E-03
+46.39900E-06 +2.40241203436E+00 +90.05025030E-03
+46.42400E-06 +2.89447233069E+00 +53.46733613E-03
+46.44900E-06 +3.09708539400E+00 +8.44221099E-03
+46.47400E-06 +2.98130650083E+00 -28.14070320E-03
+46.49900E-06 +2.57608037457E+00 -70.35175803E-03
+46.52400E-06 +1.93929646198E+00 -104.12060189E-03
+46.54900E-06 +1.04201003946E+00 -129.44723479E-03
+46.57400E-06 +144.72361694E-03 -140.70351608E-03
+46.59900E-06 -868.34169881E-03 -146.33165673E-03
+46.62400E-06 -1.85246229141E+00 -132.26130513E-03
+46.64900E-06 -2.63396982076E+00 -101.30653159E-03
+46.67400E-06 -3.12603011715E+00 -59.09547678E-03
+46.69900E-06 -3.35758790374E+00 -14.07035163E-03
+46.72400E-06 -3.29969845725E+00 +28.14070320E-03
+46.74900E-06 -2.83658288444E+00 +73.16582834E-03
+46.77400E-06 -2.14190952511E+00 +109.74874253E-03
+46.79900E-06 -1.24462310265E+00 +135.07537543E-03
+46.82400E-06 -173.66834028E-03 +146.33165672E-03
+46.84900E-06 +868.34169881E-03 +149.14572705E-03
+46.87400E-06 +1.85246229134E+00 +135.07537545E-03
+46.89900E-06 +2.66291454403E+00 +104.12060192E-03
+46.92400E-06 +3.18391956376E+00 +61.90954709E-03
+46.94900E-06 +3.50231152025E+00 +19.69849227E-03
+46.97400E-06 +3.35758790386E+00 -30.95477352E-03
+46.99900E-06 +2.92341705434E+00 -81.60803931E-03
+47.02400E-06 +2.22874369507E+00 -121.00502381E-03
+47.04900E-06 +1.24462310266E+00 -146.33165671E-03
+47.07400E-06 +144.72361701E-03 -163.21607865E-03
+47.09900E-06 -984.12059203E-03 -163.21607866E-03
+47.12400E-06 -2.05507535446E+00 -140.70351609E-03
+47.14900E-06 -2.92341705383E+00 -109.74874256E-03
+47.17400E-06 -3.41547735023E+00 -64.72361742E-03
+47.19900E-06 -3.67597986010E+00 -19.69849227E-03
+47.22400E-06 -3.58914569033E+00 +30.95477352E-03
+47.24900E-06 -3.15497484087E+00 +84.42210963E-03
+47.27400E-06 -2.40241203492E+00 +123.81909414E-03
+47.29900E-06 -1.41829144257E+00 +151.95979736E-03
+47.32400E-06 -289.44723353E-03 +166.03014897E-03
+47.34900E-06 +926.23114535E-03 +163.21607866E-03
+47.37400E-06 +1.99718590778E+00 +149.14572706E-03
+47.39900E-06 +2.89447233049E+00 +118.19095352E-03
+47.42400E-06 +3.50231152012E+00 +73.16582839E-03
+47.44900E-06 +3.73386930671E+00 +22.51256260E-03
+47.47400E-06 +3.70492458356E+00 -33.76884383E-03
+47.49900E-06 +3.18391956415E+00 -81.60803931E-03
+47.52400E-06 +2.37346731171E+00 -129.44723478E-03
+47.54900E-06 +1.41829144258E+00 -160.40200832E-03
+47.57400E-06 +173.66834036E-03 -180.10050058E-03
+47.59900E-06 -1.04201003858E+00 -177.28643027E-03
+47.62400E-06 -2.14190952435E+00 -160.40200834E-03
+47.64900E-06 -3.12603011695E+00 -123.81909416E-03
+47.67400E-06 -3.70492458324E+00 -81.60803935E-03
+47.69900E-06 -4.02331653979E+00 -19.69849227E-03
+47.72400E-06 -3.87859292341E+00 +33.76884383E-03
+47.74900E-06 -3.38653262734E+00 +90.05025027E-03
+47.77400E-06 -2.60502509818E+00 +135.07537542E-03
+47.79900E-06 -1.53407033582E+00 +168.84421928E-03
+47.82400E-06 -347.33668022E-03 +182.91457090E-03
+47.84900E-06 +955.17586861E-03 +182.91457091E-03
+47.87400E-06 +2.14190952434E+00 +166.03014899E-03
+47.89900E-06 +3.09708539361E+00 +132.26130513E-03
+47.92400E-06 +3.76281402986E+00 +84.42210967E-03
+47.94900E-06 +4.02331653979E+00 +25.32663292E-03
+47.97400E-06 +3.93648237003E+00 -33.76884383E-03
+47.99900E-06 +3.38653262734E+00 -92.86432059E-03
+48.02400E-06 +2.63396982146E+00 -143.51758639E-03
+48.04900E-06 +1.50512561255E+00 -177.28643025E-03
+48.07400E-06 +260.50251033E-03 -194.17085219E-03
+48.09900E-06 -1.07095476184E+00 -194.17085219E-03
+48.12400E-06 -2.28663314078E+00 -174.47235995E-03
+48.14900E-06 -3.27075373345E+00 -137.88944578E-03
+48.17400E-06 -3.93648236970E+00 -81.60803936E-03
+48.19900E-06 -4.22592960298E+00 -28.14070324E-03
+48.22400E-06 -4.13909543322E+00 +33.76884383E-03
+48.24900E-06 -3.61809041381E+00 +101.30653155E-03
+48.27400E-06 -2.77869343804E+00 +146.33165670E-03
+48.29900E-06 -1.67879395240E+00 +185.72864121E-03
+48.32400E-06 -405.22612685E-03 +199.79899283E-03
+48.34900E-06 +984.12059188E-03 +199.79899284E-03
+48.37400E-06 +2.19979897088E+00 +185.72864124E-03
+48.39900E-06 +3.29969845672E+00 +140.70351610E-03
+48.42400E-06 +3.96542709304E+00 +90.05025032E-03
+48.44900E-06 +4.31276377287E+00 +30.95477357E-03
+48.47400E-06 +4.16804015657E+00 -36.58291415E-03
+48.49900E-06 +3.64703513709E+00 -95.67839091E-03
+48.52400E-06 +2.80763816132E+00 -151.95979735E-03
+48.54900E-06 +1.67879395240E+00 -185.72864121E-03
+48.57400E-06 +318.39195703E-03 -208.24120379E-03
+48.59900E-06 -1.04201003848E+00 -211.05527412E-03
+48.62400E-06 -2.34452258738E+00 -191.35678188E-03
+48.64900E-06 -3.41547734995E+00 -146.33165674E-03
+48.67400E-06 -4.19698487950E+00 -92.86432064E-03
+48.69900E-06 -4.48643211272E+00 -28.14070324E-03
+48.72400E-06 -4.39959794296E+00 +36.58291414E-03
+48.74900E-06 -3.82070347701E+00 +101.30653155E-03
+48.77400E-06 -2.92341705456E+00 +154.77386767E-03
+48.79900E-06 -1.76562812237E+00 +191.35678186E-03
+48.82400E-06 -405.22612692E-03 +208.24120380E-03
+48.84900E-06 +984.12059186E-03 +213.86934445E-03
+48.87400E-06 +2.31557786410E+00 +196.98492253E-03
+48.89900E-06 +3.35758790333E+00 +154.77386771E-03
+48.92400E-06 +4.11015070954E+00 +98.49246129E-03
+48.94900E-06 +4.45748738938E+00 +33.76884389E-03
+48.97400E-06 +4.31276377308E+00 -36.58291415E-03
+48.99900E-06 +3.82070347701E+00 -101.30653155E-03
+49.02400E-06 +2.89447233129E+00 -154.77386767E-03
+49.04900E-06 +1.73668339903E+00 -194.17085218E-03
+49.07400E-06 +376.28140366E-03 -219.49748508E-03
+49.09900E-06 -1.04201003847E+00 -216.68341477E-03
+49.12400E-06 -2.43135675733E+00 -196.98492253E-03
+49.14900E-06 -3.50231151983E+00 -157.58793803E-03
+49.17400E-06 -4.28381904939E+00 -98.49246129E-03
+49.19900E-06 -4.63115572922E+00 -36.58291421E-03
+49.22400E-06 -4.51537683620E+00 +36.58291415E-03
+49.24900E-06 -3.96542709352E+00 +109.74874251E-03
+49.27400E-06 -3.03919594787E+00 +163.21607863E-03
+49.29900E-06 -1.85246229234E+00 +199.79899282E-03
+49.32400E-06 -463.11557355E-03 +225.12562572E-03
+49.34900E-06 +984.12059185E-03 +227.93969605E-03
+49.37400E-06 +2.31557786402E+00 +205.42713350E-03
+49.39900E-06 +3.47336679655E+00 +163.21607867E-03
+49.42400E-06 +4.25487432605E+00 +101.30653161E-03
+49.44900E-06 +4.51537683599E+00 +36.58291421E-03
+49.47400E-06 +4.48643211293E+00 -39.39698447E-03
+49.49900E-06 +3.90753764691E+00 -104.12060187E-03
+49.52400E-06 +3.03919594787E+00 -166.03014895E-03
+49.54900E-06 +1.79457284566E+00 -202.61306314E-03
+49.57400E-06 +376.28140367E-03 -225.12562572E-03
+49.59900E-06 -1.04201003839E+00 -230.75376638E-03
+49.62400E-06 -2.43135675732E+00 -208.24120381E-03
+49.64900E-06 -3.56020096644E+00 -166.03014900E-03
+49.67400E-06 -4.31276377266E+00 -104.12060193E-03
+49.69900E-06 -4.66010045257E+00 -33.76884389E-03
+49.72400E-06 -4.51537683620E+00 +39.39698447E-03
+49.74900E-06 -4.05226126348E+00 +106.93467219E-03
+49.77400E-06 -3.09708539443E+00 +166.03014895E-03
+49.79900E-06 -1.85246229235E+00 +205.42713346E-03
+49.82400E-06 -521.00502018E-03 +227.93969605E-03
+49.84900E-06 +926.23114515E-03 +230.75376638E-03
+49.87400E-06 +2.31557786408E+00 +208.24120381E-03
+49.89900E-06 +3.47336679648E+00 +171.65828964E-03
+49.92400E-06 +4.25487432604E+00 +106.93467226E-03
+49.94900E-06 +4.60221100588E+00 +39.39698454E-03
+49.97400E-06 +4.48643211286E+00 -36.58291415E-03
+49.99900E-06 +3.96542709360E+00 -112.56281284E-03
+50.02400E-06 +3.06814067116E+00 -168.84421927E-03
+50.04900E-06 +1.82351756901E+00 -211.05527410E-03
+50.07400E-06 +463.11557365E-03 -233.56783668E-03
+50.09900E-06 -984.12059176E-03 -236.38190702E-03
+50.12400E-06 -2.34452258735E+00 -211.05527414E-03
+50.14900E-06 -3.53125624309E+00 -171.65828964E-03
+50.17400E-06 -4.34170849600E+00 -109.74874257E-03
+50.19900E-06 -4.68904517584E+00 -42.21105486E-03
+50.22400E-06 -4.57326628282E+00 +33.76884382E-03
+50.24900E-06 -4.02331654015E+00 +106.93467219E-03
+50.27400E-06 -3.12603011778E+00 +163.21607863E-03
+50.29900E-06 -1.91035173898E+00 +211.05527410E-03
+50.32400E-06 -549.94974354E-03 +233.56783669E-03
+50.34900E-06 +897.28642186E-03 +236.38190702E-03
+50.37400E-06 +2.25768841738E+00 +213.86934446E-03
+50.39900E-06 +3.41547734992E+00 +171.65828964E-03
+50.42400E-06 +4.28381904931E+00 +109.74874257E-03
+50.44900E-06 +4.57326628261E+00 +39.39698454E-03
+50.47400E-06 +4.51537683621E+00 -36.58291414E-03
+50.49900E-06 +3.96542709353E+00 -106.93467219E-03
+50.52400E-06 +3.06814067117E+00 -171.65828959E-03
+50.54900E-06 +1.88140701564E+00 -211.05527410E-03
+50.57400E-06 +521.00502027E-03 -236.38190701E-03
+50.59900E-06 -955.17586847E-03 -239.19597735E-03
+50.62400E-06 -2.34452258734E+00 -211.05527413E-03
+50.64900E-06 -3.47336679653E+00 -171.65828964E-03
+50.67400E-06 -4.31276377265E+00 -115.37688322E-03
+50.69900E-06 -4.63115572922E+00 -36.58291421E-03
+50.72400E-06 -4.51537683621E+00 +36.58291414E-03
+50.74900E-06 -4.02331654015E+00 +106.93467219E-03
+50.77400E-06 -3.12603011779E+00 +168.84421928E-03
+50.79900E-06 -1.93929646226E+00 +205.42713346E-03
+50.82400E-06 -549.94974355E-03 +230.75376637E-03
+50.84900E-06 +897.28642185E-03 +236.38190702E-03
+50.87400E-06 +2.19979897075E+00 +213.86934446E-03
+50.89900E-06 +3.35758790322E+00 +174.47235997E-03
+50.92400E-06 +4.13909543287E+00 +112.56281289E-03
+50.94900E-06 +4.51537683599E+00 +42.21105486E-03
+50.97400E-06 +4.39959794298E+00 -33.76884382E-03
+50.99900E-06 +3.90753764693E+00 -106.93467219E-03
+51.02400E-06 +3.03919594783E+00 -163.21607863E-03
+51.04900E-06 +1.85246229231E+00 -205.42713346E-03
+51.07400E-06 +521.00502021E-03 -230.75376637E-03
+51.09900E-06 -897.28642192E-03 -233.56783670E-03
+51.12400E-06 -2.28663314071E+00 -213.86934446E-03
+51.14900E-06 -3.38653262656E+00 -171.65828964E-03
+51.17400E-06 -4.16804015607E+00 -115.37688322E-03
+51.19900E-06 -4.45748738937E+00 -45.02512519E-03
+51.22400E-06 -4.39959794298E+00 +30.95477351E-03
+51.24900E-06 -3.93648237020E+00 +106.93467219E-03
+51.27400E-06 -3.03919594784E+00 +160.40200831E-03
+51.29900E-06 -1.96824118555E+00 +208.24120379E-03
+51.32400E-06 -607.83919011E-03 +230.75376637E-03
+51.34900E-06 +810.45225195E-03 +233.56783670E-03
+51.37400E-06 +2.11296480085E+00 +216.68341478E-03
+51.39900E-06 +3.18391956344E+00 +166.03014900E-03
+51.42400E-06 +3.99437181621E+00 +112.56281290E-03
+51.44900E-06 +4.31276377279E+00 +42.21105486E-03
+51.47400E-06 +4.25487432648E+00 -33.76884382E-03
+51.49900E-06 +3.70492458374E+00 -98.49246122E-03
+51.52400E-06 +2.92341705461E+00 -160.40200831E-03
+51.54900E-06 +1.82351756905E+00 -202.61306314E-03
+51.57400E-06 +492.06029696E-03 -227.93969605E-03
+51.59900E-06 -868.34169856E-03 -227.93969605E-03
+51.62400E-06 -2.14190952419E+00 -211.05527414E-03
+51.64900E-06 -3.18391956343E+00 -168.84421932E-03
+51.67400E-06 -3.96542709294E+00 -109.74874258E-03
+51.69900E-06 -4.28381904960E+00 -36.58291421E-03
+51.72400E-06 -4.19698487979E+00 +30.95477350E-03
+51.74900E-06 -3.76281403036E+00 +95.67839091E-03
+51.77400E-06 -2.92341705461E+00 +160.40200831E-03
+51.79900E-06 -1.82351756898E+00 +199.79899282E-03
+51.82400E-06 -607.83919012E-03 +222.31155540E-03
+51.84900E-06 +723.61808205E-03 +227.93969605E-03
+51.87400E-06 +1.93929646107E+00 +208.24120381E-03
+51.89900E-06 +3.01025122358E+00 +168.84421932E-03
+51.92400E-06 +3.70492458313E+00 +109.74874258E-03
+51.94900E-06 +4.05226126306E+00 +42.21105486E-03
+51.97400E-06 +3.99437181659E+00 -28.14070318E-03
+51.99900E-06 +3.56020096724E+00 -95.67839091E-03
+52.02400E-06 +2.74974871477E+00 -154.77386766E-03
+52.04900E-06 +1.73668339902E+00 -196.98492250E-03
+52.07400E-06 +521.00502016E-03 -219.49748508E-03
+52.09900E-06 -810.45225201E-03 -222.31155541E-03
+52.12400E-06 -1.99718590768E+00 -202.61306317E-03
+52.14900E-06 -3.03919594692E+00 -163.21607868E-03
+52.17400E-06 -3.67597985986E+00 -109.74874258E-03
+52.19900E-06 -4.05226126305E+00 -45.02512518E-03
+52.22400E-06 -3.96542709332E+00 +25.32663286E-03
+52.24900E-06 -3.53125624390E+00 +95.67839090E-03
+52.27400E-06 -2.77869343804E+00 +146.33165670E-03
+52.29900E-06 -1.76562812238E+00 +191.35678185E-03
+52.32400E-06 -578.89446679E-03 +213.86934444E-03
+52.34900E-06 +636.78391215E-03 +216.68341477E-03
+52.37400E-06 +1.82351756783E+00 +199.79899285E-03
+52.39900E-06 +2.74974871384E+00 +157.58793803E-03
+52.42400E-06 +3.50231152001E+00 +104.12060193E-03
+52.44900E-06 +3.82070347659E+00 +36.58291422E-03
+52.47400E-06 +3.73386930686E+00 -22.51256253E-03
+52.49900E-06 +3.32864318070E+00 -87.23617994E-03
+52.52400E-06 +2.60502509812E+00 -146.33165670E-03
+52.54900E-06 +1.62090450580E+00 -185.72864121E-03
+52.57400E-06 +492.06029683E-03 -208.24120379E-03
+52.59900E-06 -752.56280538E-03 -213.86934445E-03
+52.62400E-06 -1.79457284455E+00 -191.35678189E-03
+52.64900E-06 -2.77869343718E+00 -157.58793803E-03
+52.67400E-06 -3.44442207339E+00 -104.12060193E-03
+52.69900E-06 -3.73386930670E+00 -42.21105486E-03
+52.72400E-06 -3.70492458351E+00 +22.51256254E-03
+52.74900E-06 -3.27075373409E+00 +90.05025026E-03
+52.77400E-06 -2.60502509820E+00 +143.51758638E-03
+52.79900E-06 -1.64984922908E+00 +177.28643024E-03
+52.82400E-06 -549.94974345E-03 +196.98492251E-03
+52.84900E-06 +549.94974226E-03 +202.61306316E-03
+52.87400E-06 +1.64984922805E+00 +182.91457092E-03
+52.89900E-06 +2.54713565071E+00 +149.14572707E-03
+52.92400E-06 +3.15497484038E+00 +98.49246128E-03
+52.94900E-06 +3.47336679689E+00 +39.39698453E-03
+52.97400E-06 +3.47336679705E+00 -19.69849222E-03
+52.99900E-06 +3.03919594763E+00 -87.23617994E-03
+53.02400E-06 +2.37346731166E+00 -137.88944573E-03
+53.04900E-06 +1.53407033585E+00 -168.84421928E-03
+53.07400E-06 +463.11557349E-03 -194.17085219E-03
+53.09900E-06 -665.72863549E-03 -191.35678187E-03
+53.12400E-06 -1.64984922804E+00 -177.28643027E-03
+53.14900E-06 -2.48924620402E+00 -143.51758642E-03
+53.17400E-06 -3.09708539377E+00 -98.49246128E-03
+53.19900E-06 -3.44442207362E+00 -42.21105486E-03
+53.22400E-06 -3.38653262709E+00 +16.88442190E-03
+53.24900E-06 -2.98130650101E+00 +78.79396898E-03
+53.27400E-06 -2.40241203493E+00 +129.44723477E-03
+53.29900E-06 -1.53407033585E+00 +163.21607864E-03
+53.32400E-06 -549.94974338E-03 +188.54271154E-03
+53.34900E-06 +521.00501898E-03 +188.54271155E-03
+53.37400E-06 +1.44723616492E+00 +174.47235995E-03
+53.39900E-06 +2.31557786432E+00 +140.70351610E-03
+53.42400E-06 +2.89447233057E+00 +92.86432064E-03
+53.44900E-06 +3.12603011719E+00 +39.39698453E-03
+53.47400E-06 +3.09708539401E+00 -16.88442190E-03
+53.49900E-06 +2.80763816109E+00 -75.97989866E-03
+53.52400E-06 +2.17085424847E+00 -126.63316445E-03
+53.54900E-06 +1.38934671928E+00 -160.40200832E-03
+53.57400E-06 +463.11557342E-03 -174.47235993E-03
+53.59900E-06 -549.94974233E-03 -182.91457091E-03
+53.62400E-06 -1.50512561153E+00 -166.03014899E-03
+53.64900E-06 -2.25768841770E+00 -135.07537545E-03
+53.67400E-06 -2.77869343733E+00 -90.05025032E-03
+53.69900E-06 -3.09708539392E+00 -36.58291421E-03
+53.72400E-06 -3.03919594739E+00 +19.69849222E-03
+53.74900E-06 -2.69185926786E+00 +73.16582834E-03
+53.77400E-06 -2.17085424847E+00 +115.37688317E-03
+53.79900E-06 -1.38934671928E+00 +149.14572703E-03
+53.82400E-06 -463.11557342E-03 +166.03014897E-03
+53.84900E-06 +434.17084909E-03 +168.84421931E-03
+53.87400E-06 +1.30251254841E+00 +160.40200834E-03
+53.89900E-06 +1.99718590789E+00 +129.44723482E-03
+53.92400E-06 +2.51819092760E+00 +87.23617999E-03
+53.94900E-06 +2.80763816084E+00 +36.58291421E-03
+53.97400E-06 +2.77869343766E+00 -16.88442190E-03
+53.99900E-06 +2.48924620474E+00 -67.53768769E-03
+54.02400E-06 +1.93929646201E+00 -109.74874252E-03
+54.04900E-06 +1.27356782597E+00 -140.70351606E-03
+54.07400E-06 +405.22612681E-03 -157.58793800E-03
+54.09900E-06 -434.17084916E-03 -163.21607865E-03
+54.12400E-06 -1.30251254841E+00 -149.14572706E-03
+54.14900E-06 -1.99718590788E+00 -123.81909417E-03
+54.17400E-06 -2.46030148098E+00 -78.79396903E-03
+54.19900E-06 -2.69185926753E+00 -33.76884388E-03
+54.22400E-06 -2.69185926778E+00 +19.69849222E-03
+54.24900E-06 -2.40241203478E+00 +64.72361737E-03
+54.27400E-06 -1.91035173867E+00 +101.30653156E-03
+54.29900E-06 -1.21567837936E+00 +132.26130510E-03
+54.32400E-06 -463.11557335E-03 +151.95979736E-03
+54.34900E-06 +347.33667928E-03 +154.77386769E-03
+54.37400E-06 +1.12884420864E+00 +140.70351609E-03
+54.39900E-06 +1.73668339815E+00 +112.56281287E-03
+54.42400E-06 +2.22874369451E+00 +78.79396903E-03
+54.44900E-06 +2.43135675780E+00 +33.76884388E-03
+54.47400E-06 +2.46030148123E+00 -14.07035159E-03
+54.49900E-06 +2.14190952497E+00 -59.09547673E-03
+54.52400E-06 +1.73668339882E+00 -95.67839091E-03
+54.54900E-06 +1.09989948613E+00 -126.63316446E-03
+54.57400E-06 +347.33668012E-03 -137.88944576E-03
+54.59900E-06 -376.28140254E-03 -143.51758641E-03
+54.62400E-06 -1.12884420864E+00 -135.07537545E-03
+54.64900E-06 -1.73668339823E+00 -106.93467224E-03
+54.67400E-06 -2.17085424790E+00 -70.35175806E-03
+54.69900E-06 -2.37346731118E+00 -30.95477357E-03
+54.72400E-06 -2.37346731126E+00 +16.88442191E-03
+54.74900E-06 -2.11296480170E+00 +53.46733609E-03
+54.77400E-06 -1.67879395221E+00 +92.86432059E-03
+54.79900E-06 -1.09989948605E+00 +115.37688317E-03
+54.82400E-06 -434.17085000E-03 +132.26130511E-03
+54.84900E-06 +260.50250939E-03 +135.07537544E-03
+54.87400E-06 +955.17586878E-03 +123.81909416E-03
+54.89900E-06 +1.50512561177E+00 +101.30653159E-03
+54.92400E-06 +1.91035173816E+00 +67.53768774E-03
+54.94900E-06 +2.14190952471E+00 +28.14070324E-03
+54.97400E-06 +2.11296480153E+00 -11.25628126E-03
+54.99900E-06 +1.88140701524E+00 -53.46733609E-03
+55.02400E-06 +1.50512561228E+00 -87.23617995E-03
+55.04900E-06 +955.17586947E-03 -112.56281285E-03
+55.07400E-06 +289.44723342E-03 -129.44723479E-03
+55.09900E-06 -318.39195609E-03 -126.63316448E-03
+55.12400E-06 -955.17586878E-03 -118.19095352E-03
+55.14900E-06 -1.44723616515E+00 -95.67839095E-03
+55.17400E-06 -1.85246229155E+00 -64.72361742E-03
+55.19900E-06 -2.02613063148E+00 -30.95477357E-03
+55.22400E-06 -1.99718590830E+00 +8.44221094E-03
+55.24900E-06 -1.79457284527E+00 +47.83919545E-03
+55.27400E-06 -1.41829144231E+00 +75.97989866E-03
+55.29900E-06 -955.17586947E-03 +106.93467221E-03
+55.32400E-06 -376.28140331E-03 +112.56281286E-03
+55.34900E-06 +231.55778612E-03 +118.19095351E-03
+55.37400E-06 +781.50752902E-03 +106.93467223E-03
+55.39900E-06 +1.21567837868E+00 +87.23617998E-03
+55.42400E-06 +1.62090450517E+00 +56.28140645E-03
+55.44900E-06 +1.79457284501E+00 +25.32663292E-03
+55.47400E-06 +1.79457284510E+00 -11.25628127E-03
+55.49900E-06 +1.59195978207E+00 -42.21105480E-03
+55.52400E-06 +1.24462310246E+00 -75.97989867E-03
+55.54900E-06 +810.45225289E-03 -95.67839093E-03
+55.57400E-06 +289.44723343E-03 -106.93467222E-03
+55.59900E-06 -289.44723273E-03 -112.56281286E-03
+55.62400E-06 -810.45225236E-03 -104.12060190E-03
+55.64900E-06 -1.24462310203E+00 -84.42210966E-03
+55.67400E-06 -1.53407033511E+00 -53.46733612E-03
+55.69900E-06 -1.76562812175E+00 -25.32663292E-03
+55.72400E-06 -1.73668339857E+00 +5.62814062E-03
+55.74900E-06 -1.53407033546E+00 +36.58291417E-03
+55.77400E-06 -1.24462310247E+00 +70.35175803E-03
+55.79900E-06 -839.39697615E-03 +84.42210963E-03
+55.82400E-06 -347.33668005E-03 +95.67839094E-03
+55.84900E-06 +173.66833959E-03 +101.30653158E-03
+55.87400E-06 +694.67335913E-03 +90.05025030E-03
+55.89900E-06 +1.07095476218E+00 +75.97989870E-03
+55.92400E-06 +1.36040199535E+00 +47.83919548E-03
+55.94900E-06 +1.47618088867E+00 +25.32663292E-03
+55.97400E-06 +1.44723616540E+00 -11.25628127E-03
+55.99900E-06 +1.33145727226E+00 -36.58291417E-03
+56.02400E-06 +1.12884420924E+00 -64.72361738E-03
+56.04900E-06 +607.83918969E-03 -84.42210964E-03
+56.07400E-06 +202.61306347E-03 -92.86432061E-03
+56.09900E-06 -260.50250955E-03 -95.67839094E-03
+56.12400E-06 -665.72863586E-03 -87.23617997E-03
+56.14900E-06 -1.04201003891E+00 -70.35175805E-03
+56.17400E-06 -1.30251254873E+00 -47.83919548E-03
+56.19900E-06 -1.44723616540E+00 -25.32663292E-03
+56.22400E-06 -1.44723616540E+00 -20E-12
+56.24900E-06 -1.30251254900E+00 +33.76884384E-03
+56.27400E-06 -1.04201003918E+00 +56.28140642E-03
+56.29900E-06 -694.67335966E-03 +73.16582835E-03
+56.32400E-06 -260.50251000E-03 +87.23617996E-03
+56.34900E-06 +144.72361632E-03 +78.79396901E-03
+56.37400E-06 +492.06029601E-03 +78.79396901E-03
+56.39900E-06 +868.34169906E-03 +61.90954708E-03
+56.42400E-06 +1.09989948562E+00 +42.21105484E-03
+56.44900E-06 +1.18673365559E+00 +19.69849227E-03
+56.47400E-06 +1.24462310229E+00 -5.62814063E-03
+56.49900E-06 +1.12884420915E+00 -28.14070321E-03
+56.52400E-06 +810.45225281E-03 -50.65326578E-03
+56.54900E-06 +578.89446634E-03 -67.53768771E-03
+56.57400E-06 +202.61306338E-03 -75.97989868E-03
+56.59900E-06 -202.61306293E-03 -81.60803933E-03
+56.62400E-06 -521.00501937E-03 -73.16582836E-03
+56.64900E-06 -839.39697580E-03 -56.28140644E-03
+56.67400E-06 -1.07095476226E+00 -39.39698452E-03
+56.69900E-06 -1.24462310220E+00 -19.69849226E-03
+56.72400E-06 -1.18673365568E+00 +5.62814063E-03
+56.74900E-06 -1.07095476244E+00 +28.14070321E-03
+56.77400E-06 -839.39697607E-03 +45.02512514E-03
+56.79900E-06 -578.89446625E-03 +59.09547674E-03
+56.82400E-06 -260.50251000E-03 +67.53768772E-03
+56.84900E-06 +115.77889305E-03 +67.53768772E-03
+56.87400E-06 +376.28140287E-03 +64.72361740E-03
+56.89900E-06 +665.72863595E-03 +50.65326580E-03
+56.92400E-06 +839.39697589E-03 +33.76884387E-03
+56.94900E-06 +984.12059247E-03 +14.07035162E-03
+56.97400E-06 +984.12059247E-03 -5.62814063E-03
+56.99900E-06 +897.28642260E-03 -28.14070321E-03
+57.02400E-06 +694.67335958E-03 -42.21105481E-03
+57.04900E-06 +463.11557311E-03 -53.46733611E-03
+57.07400E-06 +173.66834003E-03 -61.90954708E-03
+57.09900E-06 -202.61306302E-03 -64.72361739E-03
+57.12400E-06 -463.11557275E-03 -61.90954708E-03
+57.14900E-06 -665.72863595E-03 -47.83919547E-03
+57.17400E-06 -810.45225254E-03 -33.76884387E-03
+57.19900E-06 -955.17586912E-03 -16.88442194E-03
+57.22400E-06 -955.17586921E-03 -10E-12
+57.24900E-06 -839.39697598E-03 +22.51256256E-03
+57.27400E-06 -665.72863622E-03 +36.58291418E-03
+57.29900E-06 -521.00501973E-03 +50.65326578E-03
+57.32400E-06 -202.61306329E-03 +53.46733611E-03
+57.34900E-06 +28.94472317E-03 +53.46733612E-03
+57.37400E-06 +318.39195625E-03 +53.46733611E-03
+57.39900E-06 +492.06029610E-03 +42.21105483E-03
+57.42400E-06 +694.67335930E-03 +30.95477355E-03
+57.44900E-06 +781.50752927E-03 +14.07035162E-03
+57.47400E-06 +781.50752936E-03 -5.62814063E-03
+57.49900E-06 +694.67335949E-03 -19.69849225E-03
+57.52400E-06 +492.06029638E-03 -36.58291418E-03
+57.54900E-06 +347.33667979E-03 -47.83919546E-03
+57.57400E-06 +115.77889342E-03 -53.46733611E-03
+57.59900E-06 -115.77889305E-03 -56.28140643E-03
+57.62400E-06 -347.33667960E-03 -47.83919547E-03
+57.64900E-06 -578.89446607E-03 -39.39698451E-03
+57.67400E-06 -694.67335930E-03 -28.14070323E-03
+57.69900E-06 -781.50752927E-03 -14.07035161E-03
+57.72400E-06 -752.56280601E-03 +5.62814063E-03
+57.74900E-06 -665.72863613E-03 +16.88442192E-03
+57.77400E-06 -549.94974290E-03 +30.95477353E-03
+57.79900E-06 -376.28140315E-03 +39.39698449E-03
+57.82400E-06 -144.72361668E-03 +42.21105482E-03
+57.84900E-06 -90E-12 +47.83919547E-03
+57.87400E-06 +260.50250963E-03 +45.02512515E-03
+57.89900E-06 +376.28140286E-03 +36.58291419E-03
+57.92400E-06 +549.94974281E-03 +19.69849226E-03
+57.94900E-06 +607.83918942E-03 +14.07035162E-03
+57.97400E-06 +578.89446616E-03 -2.81407032E-03
+57.99900E-06 +549.94974290E-03 -19.69849225E-03
+58.02400E-06 +405.22612641E-03 -28.14070321E-03
+58.04900E-06 +289.44723318E-03 -36.58291418E-03
+58.07400E-06 +86.83417007E-03 -39.39698450E-03
+58.09900E-06 -86.83416978E-03 -42.21105482E-03
+58.12400E-06 -260.50250963E-03 -39.39698451E-03
+58.14900E-06 -434.17084957E-03 -33.76884386E-03
+58.17400E-06 -549.94974281E-03 -19.69849226E-03
+58.19900E-06 -636.78391278E-03 -11.25628130E-03
+58.22400E-06 -578.89446616E-03 +2.81407032E-03
+58.24900E-06 -549.94974290E-03 +14.07035160E-03
+58.27400E-06 -434.17084967E-03 +22.51256256E-03
+58.29900E-06 -318.39195644E-03 +33.76884386E-03
+58.32400E-06 -173.66833994E-03 +36.58291418E-03
+58.34900E-06 +28.94472326E-03 +36.58291419E-03
+58.37400E-06 +173.66833975E-03 +30.95477354E-03
+58.39900E-06 +260.50250973E-03 +22.51256257E-03
+58.42400E-06 +347.33667970E-03 +16.88442194E-03
+58.44900E-06 +434.17084957E-03 +11.25628130E-03
+58.47400E-06 +405.22612631E-03 -2.81407032E-03
+58.49900E-06 +405.22612631E-03 -11.25628128E-03
+58.52400E-06 +289.44723318E-03 -28.14070322E-03
+58.54900E-06 +173.66833994E-03 -28.14070321E-03
+58.57400E-06 +57.88944671E-03 -33.76884386E-03
+58.59900E-06 -86.83416988E-03 -36.58291419E-03
+58.62400E-06 -231.55778637E-03 -33.76884386E-03
+58.64900E-06 -376.28140296E-03 -25.32663290E-03
+58.67400E-06 -405.22612622E-03 -16.88442194E-03
+58.69900E-06 -463.11557293E-03 -5.62814065E-03
+58.72400E-06 -463.11557293E-03 -10E-12
+58.74900E-06 -434.17084967E-03 +14.07035160E-03
+58.77400E-06 -347.33667970E-03 +19.69849225E-03
+58.79900E-06 -231.55778656E-03 +25.32663289E-03
+58.82400E-06 -115.77889333E-03 +22.51256257E-03
+58.84900E-06 -100E-12 +28.14070322E-03
+58.87400E-06 +115.77889314E-03 +28.14070322E-03
+58.89900E-06 +231.55778637E-03 +19.69849226E-03
+58.92400E-06 +318.39195634E-03 +14.07035161E-03
+58.94900E-06 +347.33667970E-03 +8.44221097E-03
+58.97400E-06 +318.39195644E-03 -2.81407032E-03
+58.99900E-06 +289.44723308E-03 -14.07035160E-03
+59.02400E-06 +231.55778656E-03 -19.69849225E-03
+59.04900E-06 +144.72361659E-03 -25.32663289E-03
+59.07400E-06 +28.94472336E-03 -25.32663289E-03
+59.09900E-06 -86.83416988E-03 -28.14070322E-03
+59.12400E-06 -202.61306301E-03 -22.51256258E-03
+59.14900E-06 -260.50250972E-03 -14.07035161E-03
+59.17400E-06 -318.39195634E-03 -16.88442193E-03
+59.19900E-06 -405.22612631E-03 -8.44221097E-03
+59.22400E-06 -289.44723308E-03 -5.62814064E-03
+59.24900E-06 -318.39195644E-03 +5.62814064E-03
+59.27400E-06 -260.50250982E-03 +14.07035160E-03
+59.29900E-06 -173.66833995E-03 +16.88442193E-03
+59.32400E-06 -115.77889323E-03 +19.69849225E-03
+59.34900E-06 -100E-12 +22.51256257E-03
+59.37400E-06 +57.88944662E-03 +19.69849225E-03
+59.39900E-06 +115.77889323E-03 +16.88442193E-03
+59.42400E-06 +202.61306311E-03 +8.44221097E-03
+59.44900E-06 +231.55778646E-03 +5.62814065E-03
+59.47400E-06 +260.50250982E-03 +0.0E+00
+59.49900E-06 +173.66833985E-03 -5.62814064E-03
+59.52400E-06 +115.77889333E-03 -14.07035160E-03
+59.54900E-06 +86.83416997E-03 -16.88442192E-03
+59.57400E-06 +57.88944671E-03 -19.69849225E-03
+59.59900E-06 -28.94472326E-03 -22.51256257E-03
+59.62400E-06 -173.66833985E-03 -16.88442193E-03
+59.64900E-06 -260.50250972E-03 -16.88442193E-03
+59.67400E-06 -260.50250972E-03 -11.25628129E-03
+59.69900E-06 -289.44723308E-03 -2.81407033E-03
+59.72400E-06 -289.44723308E-03 +0.0E+00
+59.74900E-06 -231.55778646E-03 +5.62814064E-03
+59.77400E-06 -260.50250982E-03 +11.25628129E-03
+59.79900E-06 -144.72361659E-03 +11.25628129E-03
+59.82400E-06 -86.83416997E-03 +16.88442193E-03
+59.84900E-06 -28.94472336E-03 +16.88442193E-03
+59.87400E-06 +28.94472326E-03 +16.88442193E-03
+59.89900E-06 +57.88944652E-03 +11.25628129E-03
+59.92400E-06 +144.72361649E-03 +8.44221097E-03
+59.94900E-06 +144.72361649E-03 +2.81407033E-03
+59.97400E-06 +144.72361649E-03 +0.0E+00
+59.99900E-06 +173.66833985E-03 -5.62814064E-03
+60.02400E-06 +144.72361659E-03 -11.25628128E-03
+60.04900E-06 +28.94472326E-03 -11.25628129E-03
+60.07400E-06 +0.0E+00 -11.25628129E-03
+60.09900E-06 -57.88944662E-03 -14.07035161E-03
+60.12400E-06 -86.83416987E-03 -14.07035160E-03
+60.14900E-06 -115.77889323E-03 -11.25628129E-03
+60.17400E-06 -173.66833985E-03 -5.62814064E-03
+60.19900E-06 -231.55778646E-03 -5.62814065E-03
+60.22400E-06 -260.50250972E-03 -2.81407033E-03
+60.24900E-06 -202.61306321E-03 +8.44221096E-03
+60.27400E-06 -173.66833985E-03 +8.44221096E-03
+60.29900E-06 -173.66833985E-03 +14.07035160E-03
+60.32400E-06 -57.88944662E-03 +11.25628129E-03
+60.34900E-06 -28.94472336E-03 +11.25628129E-03
+60.37400E-06 +28.94472326E-03 +8.44221096E-03
+60.39900E-06 +57.88944662E-03 +5.62814064E-03
+60.42400E-06 +57.88944662E-03 +2.81407033E-03
+60.44900E-06 +115.77889323E-03 +2.81407033E-03
+60.47400E-06 +115.77889323E-03 +0.0E+00
+60.49900E-06 +86.83416997E-03 -2.81407032E-03
+60.52400E-06 +57.88944662E-03 -5.62814064E-03
+60.54900E-06 +57.88944662E-03 -8.44221096E-03
+60.57400E-06 +0.0E+00 -11.25628129E-03
+60.59900E-06 -57.88944652E-03 -14.07035161E-03
+60.62400E-06 -57.88944662E-03 -11.25628129E-03
+60.64900E-06 -115.77889323E-03 -8.44221097E-03
+60.67400E-06 -144.72361649E-03 -2.81407033E-03
+60.69900E-06 -173.66833985E-03 -2.81407033E-03
+60.72400E-06 -173.66833985E-03 -2.81407033E-03
+60.74900E-06 -173.66833985E-03 +0.0E+00
+60.77400E-06 -86.83416998E-03 +5.62814064E-03
+60.79900E-06 -144.72361659E-03 +5.62814063E-03
+60.82400E-06 -57.88944662E-03 +5.62814065E-03
+60.84900E-06 -28.94472336E-03 +8.44221096E-03
+60.87400E-06 -28.94472336E-03 +8.44221096E-03
+60.89900E-06 +0.0E+00 +5.62814064E-03
+60.92400E-06 +57.88944662E-03 +2.81407033E-03
+60.94900E-06 +115.77889323E-03 +0.0E+00
+60.97400E-06 +28.94472326E-03 +0.0E+00
+60.99900E-06 +57.88944662E-03 -5.62814064E-03
+61.02400E-06 +28.94472336E-03 -5.62814064E-03
+61.04900E-06 +0.0E+00 -8.44221097E-03
+61.07400E-06 +0.0E+00 -8.44221096E-03
+61.09900E-06 -57.88944662E-03 -8.44221096E-03
+61.12400E-06 -57.88944662E-03 -11.25628129E-03
+61.14900E-06 -86.83416998E-03 -5.62814064E-03
+61.17400E-06 -115.77889323E-03 -5.62814064E-03
+61.19900E-06 -115.77889323E-03 -5.62814064E-03
+61.22400E-06 -115.77889323E-03 +10E-12
+61.24900E-06 -144.72361659E-03 +2.81407032E-03
+61.27400E-06 -144.72361649E-03 +2.81407032E-03
+61.29900E-06 -86.83416998E-03 +5.62814064E-03
+61.32400E-06 -57.88944662E-03 +2.81407032E-03
+61.34900E-06 -28.94472336E-03 +8.44221097E-03
+61.37400E-06 +0.0E+00 +5.62814064E-03
+61.39900E-06 +28.94472326E-03 +5.62814064E-03
+61.42400E-06 +28.94472326E-03 +2.81407033E-03
+61.44900E-06 +28.94472326E-03 +0.0E+00
+61.47400E-06 +0.0E+00 +0.0E+00
+61.49900E-06 +0.0E+00 +0.0E+00
+61.52400E-06 -28.94472326E-03 -5.62814064E-03
+61.54900E-06 +0.0E+00 -8.44221096E-03
+61.57400E-06 -28.94472336E-03 -2.81407033E-03
+61.59900E-06 +0.0E+00 -5.62814064E-03
+61.62400E-06 -57.88944662E-03 -5.62814064E-03
+61.64900E-06 -57.88944662E-03 -5.62814064E-03
+61.67400E-06 -115.77889323E-03 -5.62814064E-03
+61.69900E-06 -115.77889334E-03 -2.81407033E-03
+61.72400E-06 -86.83416987E-03 -2.81407033E-03
+61.74900E-06 -57.88944662E-03 +0.0E+00
+61.77400E-06 -86.83416998E-03 -10E-12
+61.79900E-06 -86.83416998E-03 -10E-12
+61.82400E-06 -28.94472336E-03 +2.81407033E-03
+61.84900E-06 -57.88944662E-03 +5.62814064E-03
+61.87400E-06 +0.0E+00 +0.0E+00
+61.89900E-06 -28.94472336E-03 +2.81407033E-03
+61.92400E-06 +28.94472336E-03 +0.0E+00
+61.94900E-06 +57.88944662E-03 +0.0E+00
+61.97400E-06 +0.0E+00 +2.81407033E-03
+61.99900E-06 +0.0E+00 -2.81407033E-03
+62.02400E-06 +0.0E+00 -5.62814064E-03
+62.04900E-06 -28.94472326E-03 -2.81407032E-03
+62.07400E-06 -57.88944662E-03 +0.0E+00
+62.09900E-06 -57.88944662E-03 -2.81407032E-03
+62.12400E-06 -86.83416987E-03 -5.62814064E-03
+62.14900E-06 -57.88944662E-03 +0.0E+00
+62.17400E-06 -86.83416998E-03 -2.81407033E-03
+62.19900E-06 -86.83416987E-03 -10E-12
+62.22400E-06 -86.83416998E-03 -2.81407032E-03
+62.24900E-06 -86.83416998E-03 +0.0E+00
+62.27400E-06 -57.88944662E-03 +5.62814064E-03
+62.29900E-06 -57.88944662E-03 +0.0E+00
+62.32400E-06 -28.94472326E-03 +2.81407032E-03
+62.34900E-06 -28.94472336E-03 +0.0E+00
+62.37400E-06 -28.94472336E-03 +5.62814064E-03
+62.39900E-06 -28.94472326E-03 -10E-12
+62.42400E-06 +0.0E+00 +0.0E+00
+62.44900E-06 +0.0E+00 +2.81407032E-03
+62.47400E-06 -110E-12 +0.0E+00
+62.49900E-06 -57.88944662E-03 +0.0E+00
+62.52400E-06 -28.94472326E-03 -5.62814064E-03
+62.54900E-06 -28.94472336E-03 -5.62814064E-03
+62.57400E-06 +0.0E+00 +0.0E+00
+62.59900E-06 -28.94472336E-03 -5.62814064E-03
+62.62400E-06 -57.88944662E-03 -2.81407032E-03
+62.64900E-06 -57.88944662E-03 -2.81407033E-03
+62.67400E-06 -86.83416987E-03 +0.0E+00
+62.69900E-06 -57.88944662E-03 -2.81407033E-03
+62.72400E-06 -86.83416987E-03 +0.0E+00
+62.74900E-06 -57.88944662E-03 +0.0E+00
+62.77400E-06 -28.94472326E-03 +2.81407033E-03
+62.79900E-06 -57.88944662E-03 -2.81407033E-03
+62.82400E-06 -57.88944662E-03 +0.0E+00
+62.84900E-06 +0.0E+00 +2.81407032E-03
+62.87400E-06 -57.88944662E-03 +0.0E+00
+62.89900E-06 -57.88944662E-03 +0.0E+00
+62.92400E-06 -28.94472325E-03 +2.81407032E-03
+62.94900E-06 +0.0E+00 -2.81407032E-03
+62.97400E-06 +0.0E+00 +0.0E+00
+62.99900E-06 +0.0E+00 -2.81407033E-03
+63.02400E-06 +0.0E+00 -5.62814064E-03
+63.04900E-06 -28.94472336E-03 -2.81407033E-03
+63.07400E-06 -28.94472325E-03 +0.0E+00
+63.09900E-06 -28.94472336E-03 -2.81407033E-03
+63.12400E-06 -86.83416987E-03 -2.81407033E-03
+63.14900E-06 -57.88944662E-03 -2.81407033E-03
+63.17400E-06 -57.88944662E-03 -2.81407033E-03
+63.19900E-06 -86.83416998E-03 +0.0E+00
+63.22400E-06 -57.88944662E-03 -2.81407032E-03
+63.24900E-06 -57.88944662E-03 +2.81407033E-03
+63.27400E-06 +0.0E+00 +0.0E+00
+63.29900E-06 -57.88944662E-03 +2.81407032E-03
+63.32400E-06 -57.88944651E-03 +0.0E+00
+63.34900E-06 -57.88944662E-03 +2.81407033E-03
+63.37400E-06 -28.94472325E-03 +0.0E+00
+63.39900E-06 +0.0E+00 -2.81407033E-03
+63.42400E-06 -28.94472325E-03 +0.0E+00
+63.44900E-06 -57.88944662E-03 -2.81407032E-03
+63.47400E-06 -57.88944662E-03 -10E-12
+63.49900E-06 -57.88944662E-03 +0.0E+00
+63.52400E-06 -28.94472325E-03 -2.81407032E-03
+63.54900E-06 -28.94472336E-03 +0.0E+00
+63.57400E-06 -57.88944662E-03 -2.81407033E-03
+63.59900E-06 -86.83416998E-03 -5.62814064E-03
+63.62400E-06 -28.94472325E-03 -2.81407032E-03
+63.64900E-06 -57.88944662E-03 -2.81407032E-03
+63.67400E-06 -57.88944662E-03 -2.81407033E-03
+63.69900E-06 -57.88944662E-03 -2.81407032E-03
+63.72400E-06 -86.83416987E-03 -2.81407033E-03
+63.74900E-06 -28.94472336E-03 +0.0E+00
+63.77400E-06 -28.94472336E-03 +0.0E+00
+63.79900E-06 -28.94472325E-03 -2.81407033E-03
+63.82400E-06 -28.94472336E-03 -2.81407032E-03
+63.84900E-06 -57.88944662E-03 -2.81407032E-03
+63.87400E-06 +0.0E+00 +0.0E+00
+63.89900E-06 -57.88944662E-03 -2.81407032E-03
+63.92400E-06 -28.94472325E-03 -2.81407033E-03
+63.94900E-06 -28.94472336E-03 +0.0E+00
+63.97400E-06 -28.94472336E-03 +0.0E+00
+63.99900E-06 -28.94472325E-03 -5.62814064E-03
+64.02400E-06 -57.88944662E-03 +0.0E+00
+64.04900E-06 -28.94472325E-03 -2.81407032E-03
+64.07400E-06 -28.94472336E-03 +0.0E+00
+64.09900E-06 -28.94472336E-03 +0.0E+00
+64.12400E-06 -86.83416987E-03 -2.81407033E-03
+64.14900E-06 -57.88944662E-03 +0.0E+00
+64.17400E-06 -57.88944662E-03 -2.81407033E-03
+64.19900E-06 -57.88944662E-03 -2.81407033E-03
+64.22400E-06 +0.0E+00 -2.81407032E-03
+64.24900E-06 +0.0E+00 +0.0E+00
+64.27400E-06 -57.88944662E-03 +2.81407032E-03
+64.29900E-06 -28.94472336E-03 +0.0E+00
+64.32400E-06 -28.94472325E-03 +0.0E+00
+64.34900E-06 +0.0E+00 +0.0E+00
+64.37400E-06 +0.0E+00 +0.0E+00
+64.39900E-06 -28.94472325E-03 -2.81407033E-03
+64.42400E-06 -57.88944662E-03 -2.81407032E-03
+64.44900E-06 +0.0E+00 -2.81407032E-03
+64.47400E-06 -28.94472336E-03 +2.81407032E-03
+64.49900E-06 -57.88944673E-03 +0.0E+00
+64.52400E-06 -57.88944662E-03 -5.62814064E-03
+64.54900E-06 -28.94472336E-03 -2.81407033E-03
+64.57400E-06 +0.0E+00 +0.0E+00
+64.59900E-06 -28.94472325E-03 -2.81407033E-03
+64.62400E-06 -28.94472325E-03 -2.81407032E-03
+64.64900E-06 -57.88944662E-03 +0.0E+00
+64.67400E-06 -57.88944662E-03 +0.0E+00
+64.69900E-06 -86.83416998E-03 +0.0E+00
+64.72400E-06 -86.83416987E-03 +0.0E+00
+64.74900E-06 -57.88944662E-03 -2.81407033E-03
+64.77400E-06 -57.88944662E-03 +0.0E+00
+64.79900E-06 -86.83416987E-03 +2.81407032E-03
+64.82400E-06 -28.94472336E-03 +0.0E+00
+64.84900E-06 -28.94472325E-03 +0.0E+00
+64.87400E-06 -57.88944662E-03 +0.0E+00
+64.89900E-06 -57.88944662E-03 +0.0E+00
+64.92400E-06 -57.88944662E-03 -2.81407033E-03
+64.94900E-06 -28.94472325E-03 +0.0E+00
+64.97400E-06 -57.88944662E-03 +2.81407032E-03
+64.99900E-06 -57.88944662E-03 -5.62814064E-03
+65.02400E-06 -28.94472325E-03 -2.81407032E-03
+65.04900E-06 -28.94472336E-03 +0.0E+00
+65.07400E-06 -86.83416987E-03 +0.0E+00
+65.09900E-06 -57.88944662E-03 +0.0E+00
+65.12400E-06 -28.94472325E-03 +0.0E+00
+65.14900E-06 -28.94472336E-03 +0.0E+00
+65.17400E-06 -28.94472336E-03 -2.81407033E-03
+65.19900E-06 -28.94472336E-03 -2.81407033E-03
+65.22400E-06 +28.94472336E-03 -2.81407032E-03
+65.24900E-06 -57.88944662E-03 +0.0E+00
+65.27400E-06 -28.94472325E-03 +0.0E+00
+65.29900E-06 -86.83416998E-03 +0.0E+00
+65.32400E-06 -57.88944650E-03 -2.81407033E-03
+65.34900E-06 +0.0E+00 +0.0E+00
+65.37400E-06 -28.94472336E-03 +0.0E+00
+65.39900E-06 -28.94472325E-03 -2.81407033E-03
+65.42400E-06 -57.88944662E-03 -2.81407032E-03
+65.44900E-06 -28.94472337E-03 +0.0E+00
+65.47400E-06 -28.94472337E-03 +0.0E+00
+65.49900E-06 +0.0E+00 +0.0E+00
+65.52400E-06 -86.83416987E-03 -2.81407033E-03
+65.54900E-06 -28.94472337E-03 -2.81407032E-03
+65.57400E-06 -86.83416987E-03 +0.0E+00
+65.59900E-06 +0.0E+00 -2.81407033E-03
+65.62400E-06 +0.0E+00 -2.81407032E-03
+65.64900E-06 -57.88944662E-03 -2.81407032E-03
+65.67400E-06 -57.88944662E-03 +2.81407033E-03
+65.69900E-06 -57.88944662E-03 +2.81407033E-03
+65.72400E-06 +0.0E+00 +0.0E+00
+65.74900E-06 -28.94472337E-03 -2.81407032E-03
+65.77400E-06 -57.88944662E-03 -2.81407032E-03
+65.79900E-06 -57.88944662E-03 -5.62814065E-03
+65.82400E-06 -57.88944662E-03 -5.62814064E-03
+65.84900E-06 +0.0E+00 +0.0E+00
+65.87400E-06 -28.94472337E-03 +2.81407032E-03
+65.89900E-06 -28.94472337E-03 +0.0E+00
+65.92400E-06 -28.94472325E-03 +0.0E+00
+65.94900E-06 -28.94472337E-03 -2.81407032E-03
+65.97400E-06 -28.94472325E-03 +0.0E+00
+65.99900E-06 -28.94472325E-03 -10E-12
+66.02400E-06 -57.88944662E-03 -2.81407032E-03
+66.04900E-06 -57.88944673E-03 +0.0E+00
+66.07400E-06 -57.88944662E-03 +0.0E+00
+66.09900E-06 -57.88944662E-03 +2.81407032E-03
+66.12400E-06 -57.88944650E-03 -2.81407033E-03
+66.14900E-06 -57.88944662E-03 -2.81407032E-03
+66.17400E-06 -28.94472337E-03 +0.0E+00
+66.19900E-06 +0.0E+00 -2.81407033E-03
+66.22400E-06 -28.94472325E-03 -5.62814064E-03
+66.24900E-06 -28.94472337E-03 +2.81407032E-03
+66.27400E-06 -57.88944662E-03 +2.81407032E-03
+66.29900E-06 -28.94472325E-03 +0.0E+00
+66.32400E-06 -86.83416987E-03 +0.0E+00
+66.34900E-06 -28.94472337E-03 +0.0E+00
+66.37400E-06 -57.88944662E-03 -2.81407033E-03
+66.39900E-06 -57.88944662E-03 -2.81407033E-03
+66.42400E-06 +0.0E+00 +0.0E+00
+66.44900E-06 -28.94472337E-03 +0.0E+00
+66.47400E-06 -28.94472337E-03 -2.81407033E-03
+66.49900E-06 -57.88944662E-03 +0.0E+00
+66.52400E-06 +0.0E+00 +0.0E+00
+66.54900E-06 -57.88944662E-03 +0.0E+00
+66.57400E-06 -28.94472337E-03 +0.0E+00
+66.59900E-06 -28.94472325E-03 -2.81407033E-03
+66.62400E-06 +0.0E+00 +10E-12
+66.64900E-06 -57.88944662E-03 +0.0E+00
+66.67400E-06 -28.94472337E-03 +2.81407033E-03
+66.69900E-06 -57.88944662E-03 +0.0E+00
+66.72400E-06 -57.88944662E-03 -2.81407033E-03
+66.74900E-06 -28.94472337E-03 +0.0E+00
+66.77400E-06 -28.94472337E-03 +0.0E+00
+66.79900E-06 -28.94472325E-03 -2.81407033E-03
+66.82400E-06 -57.88944662E-03 -2.81407032E-03
+66.84900E-06 -57.88944662E-03 +2.81407032E-03
+66.87400E-06 -57.88944662E-03 +0.0E+00
+66.89900E-06 -57.88944662E-03 -2.81407033E-03
+66.92400E-06 -28.94472325E-03 -2.81407033E-03
+66.94900E-06 -28.94472337E-03 -2.81407032E-03
+66.97400E-06 -28.94472337E-03 +0.0E+00
+66.99900E-06 -28.94472325E-03 -2.81407033E-03
+67.02400E-06 -28.94472325E-03 -2.81407032E-03
+67.04900E-06 -57.88944662E-03 +0.0E+00
+67.07400E-06 -28.94472337E-03 +0.0E+00
+67.09900E-06 -57.88944662E-03 -5.62814064E-03
+67.12400E-06 -28.94472325E-03 +0.0E+00
+67.14900E-06 -28.94472337E-03 +0.0E+00
+67.17400E-06 -28.94472325E-03 +0.0E+00
+67.19900E-06 -57.88944662E-03 -2.81407033E-03
+67.22400E-06 +0.0E+00 +0.0E+00
+67.24900E-06 -57.88944662E-03 +0.0E+00
+67.27400E-06 -28.94472337E-03 +0.0E+00
+67.29900E-06 -57.88944662E-03 +0.0E+00
+67.32400E-06 +0.0E+00 +0.0E+00
+67.34900E-06 -57.88944662E-03 +0.0E+00
+67.37400E-06 -57.88944662E-03 +0.0E+00
+67.39900E-06 -86.83416998E-03 +0.0E+00
+67.42400E-06 +0.0E+00 -2.81407032E-03
+67.44900E-06 -57.88944662E-03 +0.0E+00
+67.47400E-06 -57.88944662E-03 +0.0E+00
+67.49900E-06 -28.94472337E-03 +0.0E+00
+67.52400E-06 -57.88944662E-03 +0.0E+00
+67.54900E-06 -57.88944662E-03 +0.0E+00
+67.57400E-06 -57.88944662E-03 +0.0E+00
+67.59900E-06 +0.0E+00 -10E-12
+67.62400E-06 -57.88944662E-03 -2.81407032E-03
+67.64900E-06 +120E-12 -2.81407032E-03
+67.67400E-06 -28.94472325E-03 -2.81407033E-03
+67.69900E-06 -86.83416998E-03 +0.0E+00
+67.72400E-06 -57.88944662E-03 -2.81407032E-03
+67.74900E-06 -57.88944662E-03 +10E-12
+67.77400E-06 -57.88944662E-03 +0.0E+00
+67.79900E-06 -57.88944662E-03 -2.81407033E-03
+67.82400E-06 +0.0E+00 -2.81407032E-03
+67.84900E-06 -28.94472325E-03 +2.81407033E-03
+67.87400E-06 -28.94472337E-03 +0.0E+00
+67.89900E-06 -57.88944662E-03 +0.0E+00
+67.92400E-06 -57.88944662E-03 +0.0E+00
+67.94900E-06 +0.0E+00 +0.0E+00
+67.97400E-06 -57.88944662E-03 +0.0E+00
+67.99900E-06 +0.0E+00 -2.81407033E-03
+68.02400E-06 -28.94472325E-03 -5.62814064E-03
+68.04900E-06 -57.88944662E-03 +0.0E+00
+68.07400E-06 -28.94472337E-03 +5.62814064E-03
+68.09900E-06 -57.88944662E-03 +0.0E+00
+68.12400E-06 -28.94472337E-03 +0.0E+00
+68.14900E-06 -57.88944662E-03 +0.0E+00
+68.17400E-06 -28.94472325E-03 +0.0E+00
+68.19900E-06 -57.88944662E-03 +0.0E+00
+68.22400E-06 -57.88944662E-03 -2.81407032E-03
+68.24900E-06 -57.88944662E-03 +2.81407033E-03
+68.27400E-06 -28.94472337E-03 +0.0E+00
+68.29900E-06 -57.88944662E-03 +0.0E+00
+68.32400E-06 -57.88944662E-03 +0.0E+00
+68.34900E-06 -28.94472337E-03 +0.0E+00
+68.37400E-06 -28.94472337E-03 +0.0E+00
+68.39900E-06 -28.94472325E-03 -10E-12
+68.42400E-06 -57.88944662E-03 -2.81407032E-03
+68.44900E-06 -28.94472337E-03 +0.0E+00
+68.47400E-06 -28.94472337E-03 +0.0E+00
+68.49900E-06 -28.94472337E-03 +0.0E+00
+68.52400E-06 -28.94472325E-03 -2.81407033E-03
+68.54900E-06 -28.94472337E-03 -2.81407032E-03
+68.57400E-06 -28.94472337E-03 +0.0E+00
+68.59900E-06 -28.94472337E-03 -2.81407033E-03
+68.62400E-06 -28.94472325E-03 +0.0E+00
+68.64900E-06 -28.94472337E-03 +0.0E+00
+68.67400E-06 -57.88944662E-03 +0.0E+00
+68.69900E-06 -86.83416999E-03 +0.0E+00
+68.72400E-06 -28.94472325E-03 +2.81407033E-03
+68.74900E-06 +0.0E+00 +0.0E+00
+68.77400E-06 -57.88944662E-03 -2.81407033E-03
+68.79900E-06 -28.94472325E-03 +2.81407032E-03
+68.82400E-06 -57.88944662E-03 +0.0E+00
+68.84900E-06 -28.94472337E-03 +0.0E+00
+68.87400E-06 +0.0E+00 +2.81407033E-03
+68.89900E-06 -57.88944662E-03 +0.0E+00
+68.92400E-06 -86.83416986E-03 +2.81407032E-03
+68.94900E-06 -57.88944662E-03 +0.0E+00
+68.97400E-06 -57.88944662E-03 +2.81407033E-03
+68.99900E-06 -28.94472337E-03 -5.62814064E-03
+69.02400E-06 -28.94472325E-03 -2.81407032E-03
+69.04900E-06 +0.0E+00 +0.0E+00
+69.07400E-06 -57.88944662E-03 +0.0E+00
+69.09900E-06 -57.88944662E-03 -2.81407033E-03
+69.12400E-06 -86.83416986E-03 +0.0E+00
+69.14900E-06 -57.88944662E-03 -2.81407032E-03
+69.17400E-06 -28.94472325E-03 -2.81407032E-03
+69.19900E-06 -86.83416986E-03 -2.81407033E-03
+69.22400E-06 -57.88944662E-03 -2.81407032E-03
+69.24900E-06 -28.94472337E-03 +0.0E+00
+69.27400E-06 -57.88944662E-03 +0.0E+00
+69.29900E-06 -57.88944662E-03 -2.81407033E-03
+69.32400E-06 -28.94472325E-03 -2.81407033E-03
+69.34900E-06 -28.94472325E-03 +0.0E+00
+69.37400E-06 -28.94472337E-03 +0.0E+00
+69.39900E-06 -28.94472325E-03 -2.81407033E-03
+69.42400E-06 -57.88944662E-03 -2.81407032E-03
+69.44900E-06 -57.88944662E-03 +0.0E+00
+69.47400E-06 -57.88944662E-03 +0.0E+00
+69.49900E-06 -86.83416999E-03 +0.0E+00
+69.52400E-06 -28.94472324E-03 +0.0E+00
+69.54900E-06 -28.94472337E-03 +0.0E+00
+69.57400E-06 +0.0E+00 +0.0E+00
+69.59900E-06 -28.94472324E-03 -2.81407033E-03
+69.62400E-06 -28.94472324E-03 +0.0E+00
+69.64900E-06 +0.0E+00 +0.0E+00
+69.67400E-06 -57.88944662E-03 +0.0E+00
+69.69900E-06 -28.94472324E-03 -2.81407033E-03
+69.72400E-06 -57.88944662E-03 +0.0E+00
+69.74900E-06 -57.88944662E-03 +0.0E+00
+69.77400E-06 -28.94472324E-03 +0.0E+00
+69.79900E-06 -28.94472324E-03 -2.81407033E-03
+69.82400E-06 +0.0E+00 -2.81407032E-03
+69.84900E-06 -57.88944662E-03 +0.0E+00
+69.87400E-06 -57.88944662E-03 +0.0E+00
+69.89900E-06 -57.88944662E-03 +0.0E+00
+69.92400E-06 -28.94472324E-03 +0.0E+00
+69.94900E-06 -28.94472337E-03 +0.0E+00
+69.97400E-06 -57.88944662E-03 +0.0E+00
+69.99900E-06 -28.94472324E-03 -2.81407033E-03
+70.02400E-06 -28.94472324E-03 +0.0E+00
+70.04900E-06 -57.88944674E-03 +0.0E+00
+70.07400E-06 -57.88944662E-03 +2.81407033E-03
+70.09900E-06 -86.83416999E-03 +0.0E+00
+70.12400E-06 -28.94472324E-03 +0.0E+00
+70.14900E-06 -57.88944662E-03 +0.0E+00
+70.17400E-06 -57.88944662E-03 -2.81407033E-03
+70.19900E-06 -28.94472324E-03 +0.0E+00
+70.22400E-06 +0.0E+00 -2.81407032E-03
+70.24900E-06 -28.94472324E-03 +0.0E+00
+70.27400E-06 -86.83416999E-03 +0.0E+00
+70.29900E-06 -57.88944662E-03 +2.81407032E-03
+70.32400E-06 -57.88944649E-03 +0.0E+00
+70.34900E-06 -28.94472337E-03 +0.0E+00
+70.37400E-06 -57.88944662E-03 +0.0E+00
+70.39900E-06 -57.88944662E-03 -2.81407033E-03
+70.42400E-06 +0.0E+00 -2.81407032E-03
+70.44900E-06 -57.88944662E-03 +0.0E+00
+70.47400E-06 -28.94472337E-03 +0.0E+00
+70.49900E-06 -57.88944662E-03 +0.0E+00
+70.52400E-06 -57.88944662E-03 +0.0E+00
+70.54900E-06 -28.94472337E-03 +0.0E+00
+70.57400E-06 -57.88944662E-03 +0.0E+00
+70.59900E-06 -57.88944662E-03 +0.0E+00
+70.62400E-06 -28.94472324E-03 -2.81407032E-03
+70.64900E-06 -28.94472337E-03 +0.0E+00
+70.67400E-06 -57.88944662E-03 +0.0E+00
+70.69900E-06 -86.83416999E-03 +0.0E+00
+70.72400E-06 -28.94472337E-03 -2.81407032E-03
+70.74900E-06 +0.0E+00 +0.0E+00
+70.77400E-06 -28.94472324E-03 +0.0E+00
+70.79900E-06 -28.94472337E-03 -5.62814066E-03
+70.82400E-06 -57.88944662E-03 +0.0E+00
+70.84900E-06 -57.88944662E-03 +0.0E+00
+70.87400E-06 +0.0E+00 +0.0E+00
+70.89900E-06 -57.88944662E-03 +0.0E+00
+70.92400E-06 -28.94472324E-03 -2.81407032E-03
+70.94900E-06 -57.88944662E-03 -2.81407032E-03
+70.97400E-06 -57.88944662E-03 +0.0E+00
+70.99900E-06 -57.88944662E-03 -2.81407033E-03
+71.02400E-06 -28.94472337E-03 +0.0E+00
+71.04900E-06 -28.94472324E-03 -2.81407032E-03
+71.07400E-06 -57.88944662E-03 +0.0E+00
+71.09900E-06 -28.94472324E-03 +2.81407032E-03
+71.12400E-06 -28.94472324E-03 +0.0E+00
+71.14900E-06 -57.88944662E-03 +0.0E+00
+71.17400E-06 -57.88944662E-03 -2.81407033E-03
+71.19900E-06 -28.94472324E-03 -2.81407033E-03
+71.22400E-06 -28.94472337E-03 -2.81407032E-03
+71.24900E-06 -57.88944662E-03 +2.81407032E-03
+71.27400E-06 -57.88944662E-03 +0.0E+00
+71.29900E-06 -86.83416999E-03 +0.0E+00
+71.32400E-06 -86.83416986E-03 +0.0E+00
+71.34900E-06 -28.94472337E-03 +0.0E+00
+71.37400E-06 -57.88944662E-03 +0.0E+00
+71.39900E-06 -57.88944662E-03 -2.81407033E-03
+71.42400E-06 +0.0E+00 +10E-12
+71.44900E-06 -28.94472337E-03 +0.0E+00
+71.47400E-06 -28.94472337E-03 +0.0E+00
+71.49900E-06 -57.88944662E-03 +0.0E+00
+71.52400E-06 -57.88944662E-03 -2.81407032E-03
+71.54900E-06 -28.94472324E-03 +0.0E+00
+71.57400E-06 -57.88944662E-03 -2.81407033E-03
+71.59900E-06 -57.88944662E-03 -5.62814064E-03
+71.62400E-06 -57.88944662E-03 +10E-12
+71.64900E-06 -28.94472337E-03 +2.81407033E-03
+71.67400E-06 -28.94472337E-03 +0.0E+00
+71.69900E-06 -28.94472337E-03 +0.0E+00
+71.72400E-06 -57.88944662E-03 -2.81407033E-03
+71.74900E-06 -57.88944662E-03 +0.0E+00
+71.77400E-06 -57.88944662E-03 +0.0E+00
+71.79900E-06 -28.94472324E-03 +0.0E+00
+71.82400E-06 -86.83416986E-03 -2.81407032E-03
+71.84900E-06 -57.88944662E-03 +0.0E+00
+71.87400E-06 -57.88944662E-03 +0.0E+00
+71.89900E-06 -57.88944662E-03 +0.0E+00
+71.92400E-06 -57.88944662E-03 +0.0E+00
+71.94900E-06 -28.94472337E-03 -2.81407032E-03
+71.97400E-06 -57.88944662E-03 +0.0E+00
+71.99900E-06 -86.83416986E-03 -2.81407033E-03
+72.02400E-06 -57.88944662E-03 -2.81407032E-03
+72.04900E-06 -28.94472337E-03 +0.0E+00
+72.07400E-06 -57.88944662E-03 +2.81407032E-03
+72.09900E-06 -57.88944675E-03 +0.0E+00
+72.12400E-06 -28.94472324E-03 -2.81407033E-03
+72.14900E-06 +0.0E+00 +0.0E+00
+72.17400E-06 -57.88944662E-03 +0.0E+00
+72.19900E-06 +0.0E+00 -2.81407033E-03
+72.22400E-06 +0.0E+00 -2.81407032E-03
+72.24900E-06 -57.88944662E-03 +0.0E+00
+72.27400E-06 -57.88944662E-03 -2.81407032E-03
+72.29900E-06 -86.83416999E-03 +0.0E+00
+72.32400E-06 +0.0E+00 +0.0E+00
+72.34900E-06 -28.94472337E-03 +0.0E+00
+72.37400E-06 -57.88944662E-03 +0.0E+00
+72.39900E-06 -57.88944662E-03 -2.81407033E-03
+72.42400E-06 -28.94472324E-03 -2.81407032E-03
+72.44900E-06 -28.94472338E-03 +0.0E+00
+72.47400E-06 -57.88944662E-03 +0.0E+00
+72.49900E-06 -28.94472338E-03 +0.0E+00
+72.52400E-06 -28.94472324E-03 +0.0E+00
+72.54900E-06 -28.94472338E-03 +0.0E+00
+72.57400E-06 -28.94472338E-03 +2.81407033E-03
+72.59900E-06 -28.94472324E-03 -5.62814064E-03
+72.62400E-06 +0.0E+00 -2.81407032E-03
+72.64900E-06 -57.88944662E-03 +0.0E+00
+72.67400E-06 -28.94472338E-03 -2.81407033E-03
+72.69900E-06 -28.94472338E-03 +0.0E+00
+72.72400E-06 -57.88944662E-03 -2.81407032E-03
+72.74900E-06 -57.88944662E-03 +2.81407033E-03
+72.77400E-06 -57.88944662E-03 +2.81407032E-03
+72.79900E-06 -28.94472324E-03 -2.81407033E-03
+72.82400E-06 -28.94472324E-03 -2.81407032E-03
+72.84900E-06 -28.94472338E-03 -2.81407032E-03
+72.87400E-06 -28.94472338E-03 +0.0E+00
+72.89900E-06 -57.88944662E-03 +0.0E+00
+72.92400E-06 -28.94472324E-03 +0.0E+00
+72.94900E-06 -57.88944662E-03 -2.81407032E-03
+72.97400E-06 -28.94472338E-03 +0.0E+00
+72.99900E-06 -57.88944662E-03 +0.0E+00
+73.02400E-06 -57.88944662E-03 +0.0E+00
+73.04900E-06 -57.88944662E-03 +0.0E+00
+73.07400E-06 -57.88944662E-03 +0.0E+00
+73.09900E-06 -86.83416986E-03 +0.0E+00
+73.12400E-06 +0.0E+00 +0.0E+00
+73.14900E-06 -57.88944662E-03 +0.0E+00
+73.17400E-06 -57.88944662E-03 +0.0E+00
+73.19900E-06 +0.0E+00 -10E-12
+73.22400E-06 -57.88944662E-03 -2.81407031E-03
+73.24900E-06 +0.0E+00 +0.0E+00
+73.27400E-06 -57.88944662E-03 +2.81407031E-03
+73.29900E-06 -86.83416999E-03 +0.0E+00
+73.32400E-06 -86.83416986E-03 +0.0E+00
+73.34900E-06 -57.88944662E-03 +0.0E+00
+73.37400E-06 -57.88944662E-03 +0.0E+00
+73.39900E-06 -57.88944662E-03 -5.62814064E-03
+73.42400E-06 +0.0E+00 +0.0E+00
+73.44900E-06 -57.88944662E-03 +0.0E+00
+73.47400E-06 -57.88944662E-03 +0.0E+00
+73.49900E-06 -28.94472324E-03 +0.0E+00
+73.52400E-06 +0.0E+00 +0.0E+00
+73.54900E-06 -86.83416999E-03 +0.0E+00
+73.57400E-06 -28.94472324E-03 +0.0E+00
+73.59900E-06 -57.88944662E-03 +0.0E+00
+73.62400E-06 -57.88944662E-03 -2.81407031E-03
+73.64900E-06 -57.88944662E-03 +2.81407033E-03
+73.67400E-06 -28.94472338E-03 +0.0E+00
+73.69900E-06 -57.88944662E-03 -2.81407031E-03
+73.72400E-06 -57.88944662E-03 +0.0E+00
+73.74900E-06 -28.94472324E-03 +0.0E+00
+73.77400E-06 +0.0E+00 +0.0E+00
+73.79900E-06 -57.88944662E-03 -2.81407033E-03
+73.82400E-06 +0.0E+00 -2.81407031E-03
+73.84900E-06 -28.94472338E-03 +0.0E+00
+73.87400E-06 -28.94472338E-03 +2.81407033E-03
+73.89900E-06 +0.0E+00 +0.0E+00
+73.92400E-06 +0.0E+00 -2.81407033E-03
+73.94900E-06 -57.88944662E-03 +0.0E+00
+73.97400E-06 -28.94472338E-03 +0.0E+00
+73.99900E-06 -28.94472324E-03 -2.81407033E-03
+74.02400E-06 -28.94472324E-03 -2.81407033E-03
+74.04900E-06 -57.88944662E-03 +2.81407031E-03
+74.07400E-06 -57.88944662E-03 +0.0E+00
+74.09900E-06 -28.94472324E-03 +0.0E+00
+74.12400E-06 -57.88944648E-03 +2.81407031E-03
+74.14900E-06 -28.94472338E-03 +0.0E+00
+74.17400E-06 -28.94472338E-03 +0.0E+00
+74.19900E-06 -28.94472324E-03 -2.81407033E-03
+74.22400E-06 +0.0E+00 -2.81407031E-03
+74.24900E-06 -57.88944662E-03 +0.0E+00
+74.27400E-06 -28.94472338E-03 +0.0E+00
+74.29900E-06 -57.88944662E-03 +0.0E+00
+74.32400E-06 -86.83416985E-03 -2.81407033E-03
+74.34900E-06 -28.94472338E-03 +0.0E+00
+74.37400E-06 -57.88944662E-03 +0.0E+00
+74.39900E-06 -57.88944662E-03 -2.81407033E-03
+74.42400E-06 -57.88944662E-03 +0.0E+00
+74.44900E-06 -28.94472338E-03 +0.0E+00
+74.47400E-06 -57.88944662E-03 -2.81407031E-03
+74.49900E-06 -57.88944662E-03 +0.0E+00
+74.52400E-06 -57.88944662E-03 +0.0E+00
+74.54900E-06 -28.94472338E-03 +0.0E+00
+74.57400E-06 -57.88944662E-03 +0.0E+00
+74.59900E-06 -57.88944662E-03 -2.81407033E-03
+74.62400E-06 -57.88944662E-03 -2.81407031E-03
+74.64900E-06 -28.94472324E-03 +2.81407033E-03
+74.67400E-06 -28.94472338E-03 +0.0E+00
