x-axis 1 2
second Volt Volt
+24.69900E-06 -43.41708496E-03 +522.61306E-06
+24.72400E-06 -21.70854248E-03 +522.61306E-06
+24.74900E-06 -21.70854248E-03 +1.04522612E-03
+24.77400E-06 -21.70854248E-03 +522.61306E-06
+24.79900E-06 -43.41708496E-03 +522.61306E-06
+24.82400E-06 -21.70854248E-03 -0.0E+00
+24.84900E-06 -43.41708496E-03 +0.0E+00
+24.87400E-06 -43.41708496E-03 +522.61306E-06
+24.89900E-06 -43.41708496E-03 +0.0E+00
+24.92400E-06 -43.41708496E-03 +522.61306E-06
+24.94900E-06 +0.0E+00 +522.61306E-06
+24.97400E-06 -65.12562744E-03 +783.91959E-06
+24.99900E-06 -43.41708496E-03 +522.61306E-06
+25.02400E-06 -21.70854248E-03 +261.30653E-06
+25.04900E-06 -21.70854248E-03 +261.30653E-06
+25.07400E-06 +0.0E+00 +261.30653E-06
+25.09900E-06 -43.41708496E-03 +522.61306E-06
+25.12400E-06 -21.70854248E-03 +1.04522612E-03
+25.14900E-06 +0.0E+00 +0.0E+00
+25.17400E-06 -21.70854248E-03 +261.30653E-06
+25.19900E-06 +0.0E+00 +522.61306E-06
+25.22400E-06 -43.41708496E-03 +0.0E+00
+25.24900E-06 -21.70854248E-03 +0.0E+00
+25.27400E-06 -43.41708496E-03 +783.91959E-06
+25.29900E-06 -43.41708496E-03 +0.0E+00
+25.32400E-06 -21.70854248E-03 +522.61306E-06
+25.34900E-06 -21.70854248E-03 +522.61306E-06
+25.37400E-06 -43.41708496E-03 +261.30653E-06
+25.39900E-06 +0.0E+00 +522.61306E-06
+25.42400E-06 +0.0E+00 +261.30653E-06
+25.44900E-06 -21.70854248E-03 +0.0E+00
+25.47400E-06 -21.70854248E-03 +522.61306E-06
+25.49900E-06 -21.70854248E-03 +0.0E+00
+25.52400E-06 -21.70854248E-03 +522.61306E-06
+25.54900E-06 +0.0E+00 +522.61306E-06
+25.57400E-06 -21.70854248E-03 +522.61306E-06
+25.59900E-06 -21.70854248E-03 +783.91959E-06
+25.62400E-06 -43.41708496E-03 +783.91959E-06
+25.64900E-06 -43.41708496E-03 +261.30653E-06
+25.67400E-06 -21.70854248E-03 +1.04522612E-03
+25.69900E-06 -43.41708496E-03 +0.0E+00
+25.72400E-06 -21.70854248E-03 +522.61306E-06
+25.74900E-06 -21.70854248E-03 +1.04522612E-03
+25.77400E-06 -21.70854248E-03 +522.61306E-06
+25.79900E-06 -43.41708496E-03 +0.0E+00
+25.82400E-06 -21.70854248E-03 +522.61306E-06
+25.84900E-06 -21.70854248E-03 -261.30653E-06
+25.87400E-06 -21.70854248E-03 +0.0E+00
+25.89900E-06 -21.70854248E-03 +261.30653E-06
+25.92400E-06 -43.41708496E-03 +522.61306E-06
+25.94900E-06 -21.70854248E-03 +0.0E+00
+25.97400E-06 -43.41708496E-03 +783.91959E-06
+25.99900E-06 +0.0E+00 +522.61306E-06
+26.02400E-06 -43.41708496E-03 +0.0E+00
+26.04900E-06 -21.70854248E-03 +0.0E+00
+26.07400E-06 -21.70854248E-03 +522.61306E-06
+26.09900E-06 +0.0E+00 +261.30653E-06
+26.12400E-06 -21.70854248E-03 +522.61306E-06
+26.14900E-06 -43.41708496E-03 +261.30653E-06
+26.17400E-06 -21.70854248E-03 +522.61306E-06
+26.19900E-06 -21.70854248E-03 +261.30653E-06
+26.22400E-06 -21.70854248E-03 -261.30653E-06
+26.24900E-06 -21.70854248E-03 +261.30653E-06
+26.27400E-06 -21.70854248E-03 +261.30653E-06
+26.29900E-06 -21.70854248E-03 +261.30653E-06
+26.32400E-06 -43.41708496E-03 +522.61306E-06
+26.34900E-06 -21.70854248E-03 +0.0E+00
+26.37400E-06 +0.0E+00 +0.0E+00
+26.39900E-06 -21.70854248E-03 +522.61306E-06
+26.42400E-06 +0.0E+00 +0.0E+00
+26.44900E-06 -21.70854248E-03 -261.30653E-06
+26.47400E-06 +0.0E+00 +522.61306E-06
+26.49900E-06 -21.70854248E-03 +522.61306E-06
+26.52400E-06 +0.0E+00 +522.61306E-06
+26.54900E-06 -21.70854248E-03 +0.0E+00
+26.57400E-06 -21.70854248E-03 +522.61306E-06
+26.59900E-06 +0.0E+00 +0.0E+00
+26.62400E-06 -21.70854248E-03 +261.30653E-06
+26.64900E-06 -43.41708496E-03 +261.30653E-06
+26.67400E-06 -21.70854248E-03 +261.30653E-06
+26.69900E-06 -43.41708496E-03 +261.30653E-06
+26.72400E-06 +0.0E+00 +522.61306E-06
+26.74900E-06 +0.0E+00 +0.0E+00
+26.77400E-06 +0.0E+00 +0.0E+00
+26.79900E-06 -43.41708496E-03 +261.30653E-06
+26.82400E-06 +0.0E+00 +261.30653E-06
+26.84900E-06 -21.70854248E-03 +0.0E+00
+26.87400E-06 -21.70854248E-03 +261.30653E-06
+26.89900E-06 -43.41708496E-03 +522.61306E-06
+26.92400E-06 -21.70854248E-03 +522.61306E-06
+26.94900E-06 +0.0E+00 +522.61306E-06
+26.97400E-06 -21.70854248E-03 +783.91959E-06
+26.99900E-06 -21.70854248E-03 +261.30653E-06
+27.02400E-06 -21.70854248E-03 +261.30653E-06
+27.04900E-06 -21.70854248E-03 +261.30653E-06
+27.07400E-06 -21.70854248E-03 +0.0E+00
+27.09900E-06 -43.41708496E-03 +522.61306E-06
+27.12400E-06 -21.70854248E-03 +783.91959E-06
+27.14900E-06 -21.70854248E-03 +522.61306E-06
+27.17400E-06 -21.70854248E-03 +783.91959E-06
+27.19900E-06 +0.0E+00 +522.61306E-06
+27.22400E-06 +0.0E+00 +261.30653E-06
+27.24900E-06 -21.70854248E-03 +0.0E+00
+27.27400E-06 -21.70854248E-03 +783.91959E-06
+27.29900E-06 +0.0E+00 +783.91959E-06
+27.32400E-06 -21.70854248E-03 +1.04522612E-03
+27.34900E-06 +0.0E+00 +783.91959E-06
+27.37400E-06 -43.41708496E-03 +522.61306E-06
+27.39900E-06 -21.70854248E-03 +783.91959E-06
+27.42400E-06 +0.0E+00 +261.30653E-06
+27.44900E-06 -21.70854248E-03 +261.30653E-06
+27.47400E-06 -21.70854248E-03 +261.30653E-06
+27.49900E-06 +0.0E+00 +0.0E+00
+27.52400E-06 -21.70854248E-03 +261.30653E-06
+27.54900E-06 -21.70854248E-03 +0.0E+00
+27.57400E-06 -43.41708496E-03 +522.61306E-06
+27.59900E-06 +0.0E+00 +783.91959E-06
+27.62400E-06 -21.70854248E-03 -0.0E+00
+27.64900E-06 +0.0E+00 +261.30653E-06
+27.67400E-06 -43.41708496E-03 +783.91959E-06
+27.69900E-06 -43.41708496E-03 +783.91959E-06
+27.72400E-06 -21.70854248E-03 +522.61306E-06
+27.74900E-06 +21.70854248E-03 +783.91959E-06
+27.77400E-06 -43.41708496E-03 +522.61306E-06
+27.79900E-06 -43.41708496E-03 +522.61306E-06
+27.82400E-06 -21.70854248E-03 +522.61306E-06
+27.84900E-06 -21.70854248E-03 +0.0E+00
+27.87400E-06 -43.41708496E-03 +261.30653E-06
+27.89900E-06 -21.70854248E-03 +0.0E+00
+27.92400E-06 +0.0E+00 +1.04522612E-03
+27.94900E-06 -21.70854248E-03 -261.30653E-06
+27.97400E-06 -21.70854248E-03 +522.61306E-06
+27.99900E-06 -21.70854248E-03 +783.91959E-06
+28.02400E-06 -21.70854248E-03 +783.91959E-06
+28.04900E-06 -21.70854248E-03 +522.61306E-06
+28.07400E-06 -21.70854248E-03 +783.91959E-06
+28.09900E-06 -21.70854248E-03 +522.61306E-06
+28.12400E-06 -21.70854248E-03 +261.30653E-06
+28.14900E-06 -43.41708496E-03 +522.61306E-06
+28.17400E-06 -43.41708496E-03 +522.61306E-06
+28.19900E-06 +0.0E+00 +522.61306E-06
+28.22400E-06 +0.0E+00 +261.30653E-06
+28.24900E-06 +0.0E+00 +261.30653E-06
+28.27400E-06 +0.0E+00 +783.91959E-06
+28.29900E-06 -21.70854248E-03 +522.61306E-06
+28.32400E-06 -21.70854248E-03 +522.61306E-06
+28.34900E-06 +0.0E+00 +783.91959E-06
+28.37400E-06 -21.70854249E-03 +261.30653E-06
+28.39900E-06 -21.70854248E-03 +522.61306E-06
+28.42400E-06 +0.0E+00 +261.30653E-06
+28.44900E-06 +0.0E+00 +261.30653E-06
+28.47400E-06 -43.41708496E-03 +522.61306E-06
+28.49900E-06 -43.41708496E-03 +783.91959E-06
+28.52400E-06 -21.70854248E-03 +261.30653E-06
+28.54900E-06 -43.41708496E-03 +0.0E+00
+28.57400E-06 -43.41708496E-03 +261.30653E-06
+28.59900E-06 +0.0E+00 +522.61306E-06
+28.62400E-06 +0.0E+00 +0.0E+00
+28.64900E-06 +0.0E+00 -261.30653E-06
+28.67400E-06 -43.41708496E-03 +261.30653E-06
+28.69900E-06 -43.41708496E-03 +783.91959E-06
+28.72400E-06 +0.0E+00 +783.91959E-06
+28.74900E-06 -43.41708496E-03 +522.61306E-06
+28.77400E-06 -43.41708496E-03 +522.61306E-06
+28.79900E-06 -43.41708496E-03 +522.61306E-06
+28.82400E-06 +0.0E+00 +261.30653E-06
+28.84900E-06 -43.41708496E-03 +261.30653E-06
+28.87400E-06 +0.0E+00 +522.61306E-06
+28.89900E-06 -43.41708496E-03 +1.04522612E-03
+28.92400E-06 +0.0E+00 +1.04522612E-03
+28.94900E-06 +0.0E+00 +522.61306E-06
+28.97400E-06 -21.70854249E-03 +522.61306E-06
+28.99900E-06 -21.70854248E-03 +261.30653E-06
+29.02400E-06 -21.70854249E-03 -261.30653E-06
+29.04900E-06 -43.41708496E-03 +783.91959E-06
+29.07400E-06 -43.41708496E-03 +783.91959E-06
+29.09900E-06 -21.70854249E-03 +261.30653E-06
+29.12400E-06 +0.0E+00 +522.61306E-06
+29.14900E-06 +0.0E+00 +0.0E+00
+29.17400E-06 -43.41708496E-03 +261.30653E-06
+29.19900E-06 -21.70854249E-03 +522.61306E-06
+29.22400E-06 -21.70854249E-03 +0.0E+00
+29.24900E-06 -21.70854248E-03 +0.0E+00
+29.27400E-06 -43.41708496E-03 +783.91959E-06
+29.29900E-06 -43.41708496E-03 +783.91959E-06
+29.32400E-06 -21.70854248E-03 +1.04522612E-03
+29.34900E-06 -21.70854248E-03 +522.61306E-06
+29.37400E-06 +0.0E+00 +0.0E+00
+29.39900E-06 +0.0E+00 +0.0E+00
+29.42400E-06 -21.70854248E-03 +261.30653E-06
+29.44900E-06 +0.0E+00 +522.61306E-06
+29.47400E-06 +0.0E+00 +783.91959E-06
+29.49900E-06 -43.41708496E-03 +261.30653E-06
+29.52400E-06 -21.70854248E-03 +522.61306E-06
+29.54900E-06 -21.70854248E-03 +522.61306E-06
+29.57400E-06 -21.70854248E-03 +0.0E+00
+29.59900E-06 -21.70854248E-03 +522.61306E-06
+29.62400E-06 +0.0E+00 +261.30653E-06
+29.64900E-06 +0.0E+00 -261.30653E-06
+29.67400E-06 -21.70854249E-03 +522.61306E-06
+29.69900E-06 -65.12562745E-03 +522.61306E-06
+29.72400E-06 -21.70854248E-03 +261.30653E-06
+29.74900E-06 +0.0E+00 -261.30653E-06
+29.77400E-06 -43.41708496E-03 +261.30653E-06
+29.79900E-06 +0.0E+00 +522.61306E-06
+29.82400E-06 +0.0E+00 +261.30653E-06
+29.84900E-06 -21.70854248E-03 +0.0E+00
+29.87400E-06 -21.70854249E-03 +261.30653E-06
+29.89900E-06 -43.41708496E-03 +261.30653E-06
+29.92400E-06 -43.41708496E-03 +522.61306E-06
+29.94900E-06 +0.0E+00 +0.0E+00
+29.97400E-06 -21.70854249E-03 +261.30653E-06
+29.99900E-06 +0.0E+00 +261.30653E-06
+30.02400E-06 +0.0E+00 +261.30653E-06
+30.04900E-06 +10E-12 +522.61306E-06
+30.07400E-06 -43.41708496E-03 +261.30653E-06
+30.09900E-06 -43.41708497E-03 +522.61306E-06
+30.12400E-06 -21.70854248E-03 +261.30653E-06
+30.14900E-06 +0.0E+00 +261.30653E-06
+30.17400E-06 -21.70854249E-03 +522.61306E-06
+30.19900E-06 -43.41708496E-03 +783.91959E-06
+30.22400E-06 +0.0E+00 +1.04522612E-03
+30.24900E-06 +0.0E+00 +522.61306E-06
+30.27400E-06 -43.41708496E-03 +522.61306E-06
+30.29900E-06 +0.0E+00 +783.91959E-06
+30.32400E-06 -65.12562744E-03 +522.61306E-06
+30.34900E-06 -21.70854249E-03 +0.0E+00
+30.37400E-06 +0.0E+00 +0.0E+00
+30.39900E-06 -21.70854249E-03 -261.30653E-06
+30.42400E-06 -21.70854247E-03 +0.0E+00
+30.44900E-06 -43.41708496E-03 +0.0E+00
+30.47400E-06 -43.41708496E-03 +522.61306E-06
+30.49900E-06 -43.41708496E-03 +522.61306E-06
+30.52400E-06 -21.70854248E-03 +261.30653E-06
+30.54900E-06 -21.70854249E-03 +0.0E+00
+30.57400E-06 -43.41708496E-03 +261.30653E-06
+30.59900E-06 -21.70854249E-03 +0.0E+00
+30.62400E-06 -21.70854249E-03 +522.61306E-06
+30.64900E-06 -43.41708496E-03 +0.0E+00
+30.67400E-06 -21.70854249E-03 +261.30653E-06
+30.69900E-06 -43.41708496E-03 +522.61306E-06
+30.72400E-06 +0.0E+00 +522.61306E-06
+30.74900E-06 -21.70854249E-03 +0.0E+00
+30.77400E-06 -43.41708496E-03 +522.61306E-06
+30.79900E-06 +0.0E+00 +522.61306E-06
+30.82400E-06 -21.70854247E-03 +0.0E+00
+30.84900E-06 -21.70854247E-03 +0.0E+00
+30.87400E-06 -21.70854247E-03 +261.30653E-06
+30.89900E-06 -21.70854247E-03 +522.61306E-06
+30.92400E-06 -43.41708496E-03 +261.30653E-06
+30.94900E-06 -21.70854249E-03 +261.30653E-06
+30.97400E-06 -21.70854249E-03 +261.30653E-06
+30.99900E-06 -43.41708496E-03 +261.30653E-06
+31.02400E-06 +0.0E+00 +0.0E+00
+31.04900E-06 -43.41708496E-03 +0.0E+00
+31.07400E-06 +0.0E+00 +1.04522612E-03
+31.09900E-06 -21.70854247E-03 +522.61306E-06
+31.12400E-06 -21.70854247E-03 +1.04522612E-03
+31.14900E-06 -21.70854249E-03 +783.91959E-06
+31.17400E-06 -43.41708496E-03 +261.30653E-06
+31.19900E-06 -43.41708496E-03 +783.91959E-06
+31.22400E-06 -21.70854247E-03 +522.61306E-06
+31.24900E-06 +21.70854249E-03 +0.0E+00
+31.27400E-06 -43.41708496E-03 +0.0E+00
+31.29900E-06 -43.41708496E-03 +261.30653E-06
+31.32400E-06 +0.0E+00 +0.0E+00
+31.34900E-06 -43.41708496E-03 +0.0E+00
+31.37400E-06 +0.0E+00 +522.61306E-06
+31.39900E-06 -43.41708496E-03 +522.61306E-06
+31.42400E-06 +0.0E+00 +522.61306E-06
+31.44900E-06 -21.70854247E-03 +0.0E+00
+31.47400E-06 -21.70854249E-03 +261.30653E-06
+31.49900E-06 -65.12562745E-03 +0.0E+00
+31.52400E-06 -21.70854247E-03 +261.30653E-06
+31.54900E-06 +0.0E+00 +522.61306E-06
+31.57400E-06 +0.0E+00 +522.61306E-06
+31.59900E-06 +0.0E+00 +0.0E+00
+31.62400E-06 +0.0E+00 +522.61306E-06
+31.64900E-06 -21.70854249E-03 +261.30653E-06
+31.67400E-06 -43.41708496E-03 +522.61306E-06
+31.69900E-06 -43.41708496E-03 +261.30653E-06
+31.72400E-06 -21.70854249E-03 +1.04522612E-03
+31.74900E-06 -21.70854249E-03 +0.0E+00
+31.77400E-06 -21.70854247E-03 +522.61306E-06
+31.79900E-06 +0.0E+00 +522.61306E-06
+31.82400E-06 +0.0E+00 +261.30653E-06
+31.84900E-06 -21.70854247E-03 +522.61306E-06
+31.87400E-06 -21.70854249E-03 +261.30653E-06
+31.89900E-06 -21.70854249E-03 +261.30653E-06
+31.92400E-06 -21.70854247E-03 +522.61306E-06
+31.94900E-06 -43.41708496E-03 +0.0E+00
+31.97400E-06 -21.70854247E-03 +261.30653E-06
+31.99900E-06 -21.70854247E-03 +261.30653E-06
+32.02400E-06 -21.70854249E-03 +522.61306E-06
+32.04900E-06 +0.0E+00 +522.61306E-06
+32.07400E-06 -43.41708496E-03 +783.91959E-06
+32.09900E-06 +0.0E+00 +261.30653E-06
+32.12400E-06 +0.0E+00 +261.30653E-06
+32.14900E-06 -43.41708496E-03 +783.91959E-06
+32.17400E-06 -43.41708496E-03 +522.61306E-06
+32.19900E-06 -21.70854247E-03 +522.61306E-06
+32.22400E-06 +0.0E+00 +261.30653E-06
+32.24900E-06 +0.0E+00 +261.30653E-06
+32.27400E-06 -43.41708496E-03 +783.91959E-06
+32.29900E-06 -21.70854249E-03 +522.61306E-06
+32.32400E-06 +0.0E+00 +522.61306E-06
+32.34900E-06 -21.70854249E-03 +0.0E+00
+32.37400E-06 -43.41708496E-03 +0.0E+00
+32.39900E-06 -21.70854247E-03 +0.0E+00
+32.42400E-06 +0.0E+00 -261.30653E-06
+32.44900E-06 +21.70854249E-03 +0.0E+00
+32.47400E-06 -21.70854249E-03 +0.0E+00
+32.49900E-06 -43.41708498E-03 +522.61306E-06
+32.52400E-06 -21.70854247E-03 +261.30653E-06
+32.54900E-06 +0.0E+00 +522.61306E-06
+32.57400E-06 -21.70854247E-03 +261.30653E-06
+32.59900E-06 -21.70854247E-03 +522.61306E-06
+32.62400E-06 -43.41708496E-03 +522.61306E-06
+32.64900E-06 -21.70854247E-03 +0.0E+00
+32.67400E-06 -43.41708496E-03 +261.30653E-06
+32.69900E-06 -43.41708496E-03 +0.0E+00
+32.72400E-06 -21.70854247E-03 +261.30653E-06
+32.74900E-06 -21.70854247E-03 +522.61306E-06
+32.77400E-06 -43.41708496E-03 -261.30653E-06
+32.79900E-06 -21.70854247E-03 +522.61306E-06
+32.82400E-06 +0.0E+00 -0.0E+00
+32.84900E-06 -21.70854249E-03 +261.30653E-06
+32.87400E-06 -21.70854247E-03 +261.30653E-06
+32.89900E-06 -65.12562745E-03 +261.30653E-06
+32.92400E-06 -43.41708496E-03 +522.61306E-06
+32.94900E-06 -21.70854249E-03 +261.30653E-06
+32.97400E-06 -21.70854249E-03 +522.61306E-06
+32.99900E-06 +0.0E+00 +261.30653E-06
+33.02400E-06 -43.41708496E-03 +261.30653E-06
+33.04900E-06 -21.70854249E-03 +261.30653E-06
+33.07400E-06 -43.41708496E-03 +0.0E+00
+33.09900E-06 -21.70854249E-03 +522.61306E-06
+33.12400E-06 -43.41708496E-03 +0.0E+00
+33.14900E-06 -43.41708496E-03 +261.30653E-06
+33.17400E-06 -43.41708496E-03 +261.30653E-06
+33.19900E-06 -43.41708494E-03 +261.30653E-06
+33.22400E-06 +0.0E+00 -0.0E+00
+33.24900E-06 -43.41708496E-03 -261.30653E-06
+33.27400E-06 -21.70854249E-03 +522.61306E-06
+33.29900E-06 -21.70854247E-03 +0.0E+00
+33.32400E-06 -43.41708496E-03 +261.30653E-06
+33.34900E-06 +0.0E+00 +522.61306E-06
+33.37400E-06 -21.70854249E-03 +261.30653E-06
+33.39900E-06 -21.70854247E-03 +0.0E+00
+33.42400E-06 -21.70854249E-03 +522.61306E-06
+33.44900E-06 -21.70854249E-03 +0.0E+00
+33.47400E-06 -43.41708496E-03 +0.0E+00
+33.49900E-06 -21.70854247E-03 +522.61306E-06
+33.52400E-06 +0.0E+00 +261.30653E-06
+33.54900E-06 +0.0E+00 -261.30653E-06
+33.57400E-06 -21.70854247E-03 +522.61306E-06
+33.59900E-06 -21.70854247E-03 +522.61306E-06
+33.62400E-06 +0.0E+00 +522.61306E-06
+33.64900E-06 -21.70854249E-03 -261.30653E-06
+33.67400E-06 -21.70854249E-03 +261.30653E-06
+33.69900E-06 -43.41708496E-03 +522.61306E-06
+33.72400E-06 -65.12562743E-03 +0.0E+00
+33.74900E-06 +0.0E+00 +0.0E+00
+33.77400E-06 +0.0E+00 +0.0E+00
+33.79900E-06 +0.0E+00 +522.61306E-06
+33.82400E-06 +0.0E+00 +261.30653E-06
+33.84900E-06 -43.41708496E-03 +522.61306E-06
+33.87400E-06 -43.41708496E-03 +783.91959E-06
+33.89900E-06 -43.41708496E-03 +261.30653E-06
+33.92400E-06 -43.41708496E-03 +522.61306E-06
+33.94900E-06 +0.0E+00 +261.30653E-06
+33.97400E-06 -21.70854249E-03 +0.0E+00
+33.99900E-06 -21.70854247E-03 +0.0E+00
+34.02400E-06 -21.70854249E-03 +261.30653E-06
+34.04900E-06 -21.70854249E-03 +522.61306E-06
+34.07400E-06 -21.70854247E-03 +0.0E+00
+34.09900E-06 +0.0E+00 +783.91959E-06
+34.12400E-06 -21.70854247E-03 +261.30653E-06
+34.14900E-06 -43.41708496E-03 +522.61306E-06
+34.17400E-06 -21.70854247E-03 +783.91959E-06
+34.19900E-06 +0.0E+00 +261.30653E-06
+34.22400E-06 +0.0E+00 -0.0E+00
+34.24900E-06 -21.70854247E-03 -261.30653E-06
+34.27400E-06 -21.70854247E-03 +522.61306E-06
+34.29900E-06 -65.12562745E-03 +522.61306E-06
+34.32400E-06 -21.70854247E-03 +261.30653E-06
+34.34900E-06 -43.41708496E-03 +522.61306E-06
+34.37400E-06 -43.41708496E-03 +261.30653E-06
+34.39900E-06 -21.70854247E-03 +522.61306E-06
+34.42400E-06 -21.70854249E-03 +261.30653E-06
+34.44900E-06 +0.0E+00 -261.30653E-06
+34.47400E-06 -20E-12 +783.91959E-06
+34.49900E-06 -21.70854249E-03 +783.91959E-06
+34.52400E-06 -21.70854247E-03 +522.61306E-06
+34.54900E-06 -21.70854247E-03 +783.91959E-06
+34.57400E-06 -43.41708496E-03 +522.61306E-06
+34.59900E-06 -21.70854247E-03 +261.30653E-06
+34.62400E-06 -21.70854249E-03 +261.30653E-06
+34.64900E-06 -21.70854249E-03 -261.30653E-06
+34.67400E-06 -43.41708496E-03 +0.0E+00
+34.69900E-06 -21.70854249E-03 +522.61306E-06
+34.72400E-06 -43.41708494E-03 +261.30653E-06
+34.74900E-06 +0.0E+00 +0.0E+00
+34.77400E-06 -43.41708496E-03 +0.0E+00
+34.79900E-06 -21.70854249E-03 +522.61306E-06
+34.82400E-06 +0.0E+00 +261.30653E-06
+34.84900E-06 -43.41708496E-03 +261.30653E-06
+34.87400E-06 +0.0E+00 +0.0E+00
+34.89900E-06 -43.41708496E-03 +0.0E+00
+34.92400E-06 -21.70854247E-03 +261.30653E-06
+34.94900E-06 +0.0E+00 +522.61306E-06
+34.97400E-06 +0.0E+00 +261.30653E-06
+34.99900E-06 +0.0E+00 +261.30653E-06
+35.02400E-06 -21.70854249E-03 +0.0E+00
+35.04900E-06 -21.70854249E-03 +261.30653E-06
+35.07400E-06 -21.70854249E-03 +0.0E+00
+35.09900E-06 -21.70854247E-03 +522.61306E-06
+35.12400E-06 +0.0E+00 +522.61306E-06
+35.14900E-06 -21.70854249E-03 +783.91959E-06
+35.17400E-06 -43.41708496E-03 +261.30653E-06
+35.19900E-06 -21.70854249E-03 +783.91959E-06
+35.22400E-06 +0.0E+00 +261.30653E-06
+35.24900E-06 -43.41708496E-03 -522.61306E-06
+35.27400E-06 -43.41708496E-03 +261.30653E-06
+35.29900E-06 -43.41708496E-03 +522.61306E-06
+35.32400E-06 +0.0E+00 +522.61306E-06
+35.34900E-06 +21.70854247E-03 +0.0E+00
+35.37400E-06 -21.70854247E-03 +0.0E+00
+35.39900E-06 +0.0E+00 +261.30653E-06
+35.42400E-06 -21.70854247E-03 +0.0E+00
+35.44900E-06 -21.70854249E-03 +261.30653E-06
+35.47400E-06 +0.0E+00 +0.0E+00
+35.49900E-06 -65.12562745E-03 +0.0E+00
+35.52400E-06 +0.0E+00 +261.30653E-06
+35.54900E-06 -21.70854249E-03 +0.0E+00
+35.57400E-06 -21.70854247E-03 +0.0E+00
+35.59900E-06 -21.70854247E-03 +261.30653E-06
+35.62400E-06 -21.70854249E-03 +261.30653E-06
+35.64900E-06 +0.0E+00 -261.30653E-06
+35.67400E-06 -43.41708496E-03 +0.0E+00
+35.69900E-06 -43.41708496E-03 +522.61306E-06
+35.72400E-06 -21.70854247E-03 +522.61306E-06
+35.74900E-06 -21.70854249E-03 +522.61306E-06
+35.77400E-06 -43.41708496E-03 +261.30653E-06
+35.79900E-06 +0.0E+00 +522.61306E-06
+35.82400E-06 +0.0E+00 -0.0E+00
+35.84900E-06 -21.70854249E-03 -261.30653E-06
+35.87400E-06 -21.70854249E-03 +783.91959E-06
+35.89900E-06 -21.70854247E-03 +783.91959E-06
+35.92400E-06 -21.70854247E-03 +522.61306E-06
+35.94900E-06 +0.0E+00 +783.91959E-06
+35.97400E-06 -21.70854249E-03 +783.91959E-06
+35.99900E-06 -21.70854247E-03 +522.61306E-06
+36.02400E-06 -21.70854249E-03 -261.30653E-06
+36.04900E-06 -43.41708496E-03 +0.0E+00
+36.07400E-06 +0.0E+00 +0.0E+00
+36.09900E-06 -21.70854249E-03 +0.0E+00
+36.12400E-06 -21.70854247E-03 +522.61306E-06
+36.14900E-06 -43.41708496E-03 +0.0E+00
+36.17400E-06 -43.41708496E-03 +0.0E+00
+36.19900E-06 -21.70854247E-03 +522.61306E-06
+36.22400E-06 +0.0E+00 +0.0E+00
+36.24900E-06 +0.0E+00 +0.0E+00
+36.27400E-06 -43.41708496E-03 +0.0E+00
+36.29900E-06 +0.0E+00 +783.91959E-06
+36.32400E-06 -21.70854247E-03 +783.91959E-06
+36.34900E-06 -43.41708496E-03 +0.0E+00
+36.37400E-06 -43.41708496E-03 +261.30653E-06
+36.39900E-06 -21.70854249E-03 +522.61306E-06
+36.42400E-06 +0.0E+00 +261.30653E-06
+36.44900E-06 +0.0E+00 -261.30653E-06
+36.47400E-06 -21.70854249E-03 +783.91959E-06
+36.49900E-06 -21.70854249E-03 +0.0E+00
+36.52400E-06 -43.41708496E-03 +261.30653E-06
+36.54900E-06 -21.70854247E-03 +261.30653E-06
+36.57400E-06 -21.70854249E-03 +0.0E+00
+36.59900E-06 -21.70854247E-03 +783.91959E-06
+36.62400E-06 -43.41708496E-03 +261.30653E-06
+36.64900E-06 +0.0E+00 +0.0E+00
+36.67400E-06 -21.70854249E-03 +261.30653E-06
+36.69900E-06 -21.70854247E-03 +261.30653E-06
+36.72400E-06 -21.70854247E-03 +261.30653E-06
+36.74900E-06 -21.70854249E-03 +261.30653E-06
+36.77400E-06 -43.41708496E-03 +522.61306E-06
+36.79900E-06 -43.41708496E-03 +522.61306E-06
+36.82400E-06 +0.0E+00 +261.30653E-06
+36.84900E-06 -21.70854247E-03 +0.0E+00
+36.87400E-06 -21.70854249E-03 +261.30653E-06
+36.89900E-06 -21.70854249E-03 +522.61306E-06
+36.92400E-06 +0.0E+00 +522.61306E-06
+36.94900E-06 +0.0E+00 +1.04522612E-03
+36.97400E-06 -43.41708496E-03 +261.30653E-06
+36.99900E-06 -43.41708496E-03 +0.0E+00
+37.02400E-06 -43.41708496E-03 -261.30653E-06
+37.04900E-06 -21.70854247E-03 +0.0E+00
+37.07400E-06 -21.70854247E-03 +0.0E+00
+37.09900E-06 -21.70854247E-03 +0.0E+00
+37.12400E-06 +21.70854249E-03 +261.30653E-06
+37.14900E-06 -21.70854249E-03 +522.61306E-06
+37.17400E-06 +0.0E+00 +261.30653E-06
+37.19900E-06 -43.41708496E-03 +522.61306E-06
+37.22400E-06 -43.41708496E-03 +0.0E+00
+37.24900E-06 -43.41708496E-03 +0.0E+00
+37.27400E-06 -43.41708496E-03 +0.0E+00
+37.29900E-06 -43.41708496E-03 +522.61306E-06
+37.32400E-06 -21.70854247E-03 +522.61306E-06
+37.34900E-06 -21.70854249E-03 +261.30653E-06
+37.37400E-06 -21.70854247E-03 +783.91959E-06
+37.39900E-06 -21.70854249E-03 +1.30653265E-03
+37.42400E-06 +0.0E+00 +261.30653E-06
+37.44900E-06 -21.70854247E-03 +261.30653E-06
+37.47400E-06 -43.41708496E-03 -261.30653E-06
+37.49900E-06 -65.12562746E-03 +0.0E+00
+37.52400E-06 -21.70854247E-03 +522.61306E-06
+37.54900E-06 +21.70854247E-03 +0.0E+00
+37.57400E-06 -21.70854247E-03 +261.30653E-06
+37.59900E-06 +0.0E+00 +261.30653E-06
+37.62400E-06 +0.0E+00 +261.30653E-06
+37.64900E-06 -43.41708496E-03 -261.30653E-06
+37.67400E-06 -43.41708496E-03 +783.91959E-06
+37.69900E-06 -65.12562746E-03 +522.61306E-06
+37.72400E-06 -21.70854247E-03 +0.0E+00
+37.74900E-06 -21.70854249E-03 +261.30653E-06
+37.77400E-06 +0.0E+00 +261.30653E-06
+37.79900E-06 +0.0E+00 +0.0E+00
+37.82400E-06 +21.70854247E-03 +261.30653E-06
+37.84900E-06 +0.0E+00 -522.61306E-06
+37.87400E-06 -43.41708496E-03 +0.0E+00
+37.89900E-06 -65.12562746E-03 +0.0E+00
+37.92400E-06 -65.12562743E-03 +0.0E+00
+37.94900E-06 +0.0E+00 +0.0E+00
+37.97400E-06 -21.70854250E-03 +783.91959E-06
+37.99900E-06 +21.70854250E-03 +1.04522612E-03
+38.02400E-06 +0.0E+00 +261.30653E-06
+38.04900E-06 +0.0E+00 +522.61306E-06
+38.07400E-06 +0.0E+00 +522.61306E-06
+38.09900E-06 -65.12562746E-03 +522.61306E-06
+38.12400E-06 -86.83416992E-03 +0.0E+00
+38.14900E-06 -43.41708496E-03 -261.30653E-06
+38.17400E-06 -65.12562746E-03 +0.0E+00
+38.19900E-06 +0.0E+00 +522.61306E-06
+38.22400E-06 +21.70854250E-03 +783.91959E-06
+38.24900E-06 +21.70854247E-03 +522.61306E-06
+38.27400E-06 -21.70854250E-03 +1.04522612E-03
+38.29900E-06 -43.41708496E-03 +783.91959E-06
+38.32400E-06 -65.12562743E-03 -261.30653E-06
+38.34900E-06 -86.83416995E-03 +0.0E+00
+38.37400E-06 -43.41708496E-03 +261.30653E-06
+38.39900E-06 -43.41708493E-03 +261.30653E-06
+38.42400E-06 +0.0E+00 +261.30653E-06
+38.44900E-06 +0.0E+00 -261.30653E-06
+38.47400E-06 +0.0E+00 +783.91959E-06
+38.49900E-06 -21.70854250E-03 +783.91959E-06
+38.52400E-06 -65.12562743E-03 -261.30653E-06
+38.54900E-06 -43.41708496E-03 +522.61306E-06
+38.57400E-06 -86.83416992E-03 -261.30653E-06
+38.59900E-06 -65.12562743E-03 +261.30653E-06
+38.62400E-06 -21.70854247E-03 +261.30653E-06
+38.64900E-06 +0.0E+00 +261.30653E-06
+38.67400E-06 +21.70854250E-03 +1.04522612E-03
+38.69900E-06 +21.70854247E-03 +783.91959E-06
+38.72400E-06 +21.70854250E-03 +522.61306E-06
+38.74900E-06 -43.41708496E-03 -261.30653E-06
+38.77400E-06 -86.83416992E-03 +0.0E+00
+38.79900E-06 -86.83416992E-03 -522.61306E-06
+38.82400E-06 -108.54271242E-03 +261.30653E-06
+38.84900E-06 -21.70854247E-03 +0.0E+00
+38.87400E-06 +21.70854250E-03 -261.30653E-06
+38.89900E-06 +21.70854250E-03 +1.04522612E-03
+38.92400E-06 +43.41708496E-03 +1.30653265E-03
+38.94900E-06 +21.70854247E-03 +1.04522612E-03
+38.97400E-06 -21.70854250E-03 +522.61306E-06
+38.99900E-06 -65.12562746E-03 +522.61306E-06
+39.02400E-06 -86.83416992E-03 -0.0E+00
+39.04900E-06 -86.83416992E-03 +0.0E+00
+39.07400E-06 -43.41708496E-03 +261.30653E-06
+39.09900E-06 +0.0E+00 +783.91959E-06
+39.12400E-06 +65.12562746E-03 +1.56783918E-03
+39.14900E-06 +43.41708496E-03 +1.04522612E-03
+39.17400E-06 -21.70854250E-03 +783.91959E-06
+39.19900E-06 -43.41708496E-03 +783.91959E-06
+39.22400E-06 -108.54271242E-03 -261.30653E-06
+39.24900E-06 -108.54271242E-03 -261.30653E-06
+39.27400E-06 -108.54271239E-03 +0.0E+00
+39.29900E-06 -21.70854247E-03 +783.91959E-06
+39.32400E-06 +65.12562746E-03 +522.61306E-06
+39.34900E-06 +108.54271242E-03 +522.61306E-06
+39.37400E-06 +86.83416989E-03 +522.61306E-06
+39.39900E-06 +0.0E+00 +261.30653E-06
+39.42400E-06 -21.70854250E-03 -261.30653E-06
+39.44900E-06 -130.25125489E-03 -522.61306E-06
+39.47400E-06 -130.25125489E-03 +0.0E+00
+39.49900E-06 -108.54271242E-03 -261.30653E-06
+39.52400E-06 -21.70854243E-03 +783.91959E-06
+39.54900E-06 +65.12562746E-03 +1.04522612E-03
+39.57400E-06 +108.54271239E-03 +1.56783918E-03
+39.59900E-06 +65.12562743E-03 +1.04522612E-03
+39.62400E-06 +21.70854247E-03 +522.61306E-06
+39.64900E-06 -86.83416996E-03 -522.61306E-06
+39.67400E-06 -130.25125489E-03 -261.30653E-06
+39.69900E-06 -173.66833985E-03 -522.61306E-06
+39.72400E-06 -130.25125485E-03 +522.61306E-06
+39.74900E-06 +0.0E+00 +261.30653E-06
+39.77400E-06 +108.54271242E-03 +1.04522612E-03
+39.79900E-06 +86.83416992E-03 +1.56783918E-03
+39.82400E-06 +86.83416992E-03 +261.30653E-06
+39.84900E-06 +21.70854247E-03 +522.61306E-06
+39.87400E-06 -86.83416992E-03 +0.0E+00
+39.89900E-06 -173.66833988E-03 -783.91959E-06
+39.92400E-06 -151.95979735E-03 -522.61306E-06
+39.94900E-06 -86.83416992E-03 +0.0E+00
+39.97400E-06 +43.41708499E-03 +261.30653E-06
+39.99900E-06 +86.83416996E-03 +522.61306E-06
+40.02400E-06 +130.25125489E-03 +1.82914571E-03
+40.04900E-06 +65.12562743E-03 +783.91959E-06
+40.07400E-06 -21.70854250E-03 +522.61306E-06
+40.09900E-06 -130.25125492E-03 +0.0E+00
+40.12400E-06 -217.08542481E-03 -783.91959E-06
+40.14900E-06 -173.66833985E-03 -522.61306E-06
+40.17400E-06 -108.54271239E-03 -261.30653E-06
+40.19900E-06 +43.41708499E-03 +1.30653265E-03
+40.22400E-06 +151.95979738E-03 +1.30653265E-03
+40.24900E-06 +173.66833985E-03 +1.04522612E-03
+40.27400E-06 +108.54271239E-03 +1.04522612E-03
+40.29900E-06 -21.70854250E-03 +261.30653E-06
+40.32400E-06 -130.25125489E-03 -261.30653E-06
+40.34900E-06 -195.37688235E-03 -522.61306E-06
+40.37400E-06 -217.08542481E-03 -783.91959E-06
+40.39900E-06 -86.83416989E-03 +0.0E+00
+40.42400E-06 +65.12562746E-03 +261.30653E-06
+40.44900E-06 +195.37688235E-03 +1.30653265E-03
+40.47400E-06 +195.37688231E-03 +2.09045224E-03
+40.49900E-06 +65.12562743E-03 +1.30653265E-03
+40.52400E-06 -43.41708496E-03 +261.30653E-06
+40.54900E-06 -195.37688235E-03 -783.91959E-06
+40.57400E-06 -260.50250977E-03 -1.30653265E-03
+40.59900E-06 -195.37688231E-03 -783.91959E-06
+40.62400E-06 -43.41708496E-03 +0.0E+00
+40.64900E-06 +86.83416992E-03 +261.30653E-06
+40.67400E-06 +195.37688235E-03 +2.09045224E-03
+40.69900E-06 +195.37688231E-03 +1.56783918E-03
+40.72400E-06 +108.54271239E-03 +1.04522612E-03
+40.74900E-06 -65.12562746E-03 +522.61306E-06
+40.77400E-06 -238.79396731E-03 -1.04522612E-03
+40.79900E-06 -282.21105227E-03 -1.30653265E-03
+40.82400E-06 -195.37688231E-03 -783.91959E-06
+40.84900E-06 -21.70854246E-03 +0.0E+00
+40.87400E-06 +130.25125492E-03 +1.30653265E-03
+40.89900E-06 +217.08542481E-03 +2.09045224E-03
+40.92400E-06 +217.08542478E-03 +1.56783918E-03
+40.94900E-06 +86.83416992E-03 +783.91959E-06
+40.97400E-06 -86.83416996E-03 -261.30653E-06
+40.99900E-06 -260.50250981E-03 -1.30653265E-03
+41.02400E-06 -347.33667970E-03 -1.56783918E-03
+41.04900E-06 -238.79396727E-03 -1.04522612E-03
+41.07400E-06 -43.41708493E-03 -261.30653E-06
+41.09900E-06 +173.66833988E-03 +1.56783918E-03
+41.12400E-06 +303.91959473E-03 +1.82914571E-03
+41.14900E-06 +238.79396727E-03 +2.35175877E-03
+41.17400E-06 +86.83416989E-03 +1.04522612E-03
+41.19900E-06 -151.95979742E-03 -261.30653E-06
+41.22400E-06 -325.62813723E-03 -2.09045224E-03
+41.24900E-06 -347.33667970E-03 -1.56783918E-03
+41.27400E-06 -217.08542478E-03 -1.04522612E-03
+41.29900E-06 +30E-12 +261.30653E-06
+41.32400E-06 +238.79396734E-03 +1.82914571E-03
+41.34900E-06 +325.62813723E-03 +2.35175877E-03
+41.37400E-06 +282.21105224E-03 +2.35175877E-03
+41.39900E-06 +65.12562743E-03 +1.04522612E-03
+41.42400E-06 -151.95979742E-03 -1.04522612E-03
+41.44900E-06 -369.04522220E-03 -2.61306530E-03
+41.47400E-06 -390.75376466E-03 -2.35175877E-03
+41.49900E-06 -260.50250974E-03 -1.04522612E-03
+41.52400E-06 +43.41708503E-03 +522.61306E-06
+41.54900E-06 +260.50250981E-03 +2.35175877E-03
+41.57400E-06 +369.04522220E-03 +3.39698489E-03
+41.59900E-06 +282.21105224E-03 +2.87437183E-03
+41.62400E-06 +43.41708493E-03 +783.91959E-06
+41.64900E-06 -217.08542485E-03 -1.30653265E-03
+41.67400E-06 -412.46230716E-03 -2.35175877E-03
+41.69900E-06 -434.17084959E-03 -2.35175877E-03
+41.72400E-06 -238.79396724E-03 -1.04522612E-03
+41.74900E-06 +65.12562750E-03 +783.91959E-06
+41.77400E-06 +303.91959477E-03 +2.35175877E-03
+41.79900E-06 +412.46230712E-03 +3.65829142E-03
+41.82400E-06 +282.21105224E-03 +2.35175877E-03
+41.84900E-06 -70E-12 +783.91959E-06
+41.87400E-06 -303.91959477E-03 -1.56783918E-03
+41.89900E-06 -477.58793462E-03 -2.61306530E-03
+41.92400E-06 -455.87939208E-03 -3.13567836E-03
+41.94900E-06 -217.08542474E-03 -1.30653265E-03
+41.97400E-06 +130.25125492E-03 +1.30653265E-03
+41.99900E-06 +412.46230716E-03 +2.87437183E-03
+42.02400E-06 +455.87939208E-03 +3.91959795E-03
+42.04900E-06 +303.91959470E-03 +2.35175877E-03
+42.07400E-06 -70E-12 +522.61306E-06
+42.09900E-06 -369.04522223E-03 -1.56783918E-03
+42.12400E-06 -542.71356201E-03 -3.65829142E-03
+42.14900E-06 -477.58793455E-03 -2.35175877E-03
+42.17400E-06 -195.37688227E-03 -522.61306E-06
+42.19900E-06 +195.37688239E-03 +1.56783918E-03
+42.22400E-06 +477.58793462E-03 +3.65829142E-03
+42.24900E-06 +499.29647705E-03 +3.65829142E-03
+42.27400E-06 +282.21105220E-03 +2.35175877E-03
+42.29900E-06 -86.83417000E-03 -0.0E+00
+42.32400E-06 -434.17084966E-03 -2.87437183E-03
+42.34900E-06 -607.83918947E-03 -3.91959795E-03
+42.37400E-06 -499.29647701E-03 -3.13567836E-03
+42.39900E-06 -151.95979731E-03 -261.30653E-06
+42.42400E-06 +260.50250985E-03 +2.09045224E-03
+42.44900E-06 +542.71356205E-03 +4.18090448E-03
+42.47400E-06 +586.13064697E-03 +4.44221101E-03
+42.49900E-06 +303.91959466E-03 +2.87437183E-03
+42.52400E-06 -151.95979742E-03 -0.0E+00
+42.54900E-06 -521.00501958E-03 -2.87437183E-03
+42.57400E-06 -694.67335943E-03 -4.18090448E-03
+42.59900E-06 -521.00501951E-03 -3.13567836E-03
+42.62400E-06 -130.25125481E-03 -783.91959E-06
+42.64900E-06 +347.33667973E-03 +2.87437183E-03
+42.67400E-06 +629.54773197E-03 +4.18090448E-03
+42.69900E-06 +586.13064693E-03 +4.70351754E-03
+42.72400E-06 +282.21105220E-03 +2.09045224E-03
+42.74900E-06 -217.08542489E-03 -0.0E+00
+42.77400E-06 -586.13064705E-03 -4.18090448E-03
+42.79900E-06 -738.09044436E-03 -4.70351754E-03
+42.82400E-06 -521.00501947E-03 -3.39698489E-03
+42.84900E-06 -108.54271231E-03 -261.30653E-06
+42.87400E-06 +434.17084970E-03 +3.39698489E-03
+42.89900E-06 +716.38190189E-03 +5.74874366E-03
+42.92400E-06 +672.96481686E-03 +4.96482407E-03
+42.94900E-06 +260.50250970E-03 +2.61306530E-03
+42.97400E-06 -282.21105235E-03 -1.30653265E-03
+42.99900E-06 -694.67335943E-03 -4.44221101E-03
+43.02400E-06 -803.21607178E-03 -5.22613060E-03
+43.04900E-06 -564.42210443E-03 -3.65829142E-03
+43.07400E-06 +80E-12 +522.61306E-06
+43.09900E-06 +542.71356212E-03 +4.18090448E-03
+43.12400E-06 +824.92461432E-03 +6.53266325E-03
+43.14900E-06 +672.96481685E-03 +5.48743713E-03
+43.17400E-06 +238.79396719E-03 +1.56783918E-03
+43.19900E-06 -369.04522228E-03 -2.35175877E-03
+43.22400E-06 -824.92461436E-03 -5.74874366E-03
+43.24900E-06 -890.05024170E-03 -6.27135672E-03
+43.27400E-06 -542.71356193E-03 -3.13567836E-03
+43.29900E-06 +43.41708504E-03 +783.91959E-06
+43.32400E-06 +651.25627451E-03 +4.96482407E-03
+43.34900E-06 +933.46732671E-03 +6.53266325E-03
+43.37400E-06 +716.38190182E-03 +5.22613060E-03
+43.39900E-06 +173.66833973E-03 +1.56783918E-03
+43.42400E-06 -477.58793470E-03 -2.87437183E-03
+43.44900E-06 -955.17586921E-03 -6.79396978E-03
+43.47400E-06 -955.17586913E-03 -6.53266325E-03
+43.49900E-06 -521.00501943E-03 -3.13567836E-03
+43.52400E-06 +173.66833997E-03 +1.56783918E-03
+43.54900E-06 +738.09044444E-03 +6.27135672E-03
+43.57400E-06 +998.59295413E-03 +7.57788937E-03
+43.59900E-06 +738.09044428E-03 +5.22613060E-03
+43.62400E-06 +130.25125473E-03 +1.56783918E-03
+43.64900E-06 -586.13064709E-03 -4.70351754E-03
+43.67400E-06 -1.02030149663E+00 -6.53266325E-03
+43.69900E-06 -998.59295409E-03 -6.01005019E-03
+43.72400E-06 -477.58793446E-03 -3.65829142E-03
+43.74900E-06 +260.50250989E-03 +2.61306530E-03
+43.77400E-06 +890.05024178E-03 +6.53266325E-03
+43.79900E-06 +1.08542712405E+00 +7.83919590E-03
+43.82400E-06 +759.79898674E-03 +5.74874366E-03
+43.84900E-06 +21.70854234E-03 +522.61306E-06
+43.87400E-06 -738.09044448E-03 -4.44221101E-03
+43.89900E-06 -1.12884420906E+00 -7.57788937E-03
+43.92400E-06 -1.04201003901E+00 -7.31658284E-03
+43.94900E-06 -477.58793442E-03 -2.35175877E-03
+43.97400E-06 +390.75376482E-03 +3.13567836E-03
+43.99900E-06 +1.04201003917E+00 +8.10050243E-03
+44.02400E-06 +1.17226129398E+00 +9.40703507E-03
+44.04900E-06 +716.38190173E-03 +5.74874366E-03
+44.07400E-06 -65.12562759E-03 +261.30653E-06
+44.09900E-06 -868.34169937E-03 -5.74874366E-03
+44.12400E-06 -1.28080400640E+00 -8.36180896E-03
+44.14900E-06 -1.02030149651E+00 -7.57788937E-03
+44.17400E-06 -390.75376449E-03 -2.09045224E-03
+44.19900E-06 +521.00501971E-03 +4.96482407E-03
+44.22400E-06 +1.15055275156E+00 +8.62311549E-03
+44.24900E-06 +1.23738692136E+00 +9.14572855E-03
+44.27400E-06 +716.38190173E-03 +6.27135672E-03
+44.29900E-06 -195.37688252E-03 -1.04522612E-03
+44.32400E-06 -998.59295425E-03 -7.05527631E-03
+44.34900E-06 -1.36763817633E+00 -9.92964813E-03
+44.37400E-06 -1.10713566643E+00 -8.36180895E-03
+44.39900E-06 -282.21105207E-03 -1.56783918E-03
+44.42400E-06 +694.67335956E-03 +5.22613060E-03
+44.44900E-06 +1.30251254891E+00 +10.45226120E-03
+44.47400E-06 +1.30251254878E+00 +10.19095466E-03
+44.49900E-06 +672.96481673E-03 +5.48743713E-03
+44.52400E-06 -303.91959490E-03 -1.82914571E-03
+44.54900E-06 -1.17226129410E+00 -8.36180896E-03
+44.57400E-06 -1.47618088871E+00 -10.71356772E-03
+44.59900E-06 -1.08542712393E+00 -7.83919589E-03
+44.62400E-06 -151.95979718E-03 -522.61306E-06
+44.64900E-06 +824.92461445E-03 +6.53266325E-03
+44.67400E-06 +1.45447234629E+00 +11.23618078E-03
+44.69900E-06 +1.34592963374E+00 +10.71356772E-03
+44.72400E-06 +607.83918930E-03 +4.70351754E-03
+44.74900E-06 -455.87939229E-03 -3.13567836E-03
+44.77400E-06 -1.34592963395E+00 -9.66834161E-03
+44.79900E-06 -1.58472360110E+00 -11.23618078E-03
+44.82400E-06 -1.08542712388E+00 -7.83919589E-03
+44.84900E-06 -65.12562721E-03 +261.30653E-06
+44.87400E-06 +976.88441180E-03 +7.83919590E-03
+44.89900E-06 +1.58472360114E+00 +12.28140690E-03
+44.92400E-06 +1.38934671866E+00 +11.23618078E-03
+44.94900E-06 +521.00501933E-03 +3.91959795E-03
+44.97400E-06 -607.83918968E-03 -4.18090448E-03
+44.99900E-06 -1.49788943130E+00 -10.97487426E-03
+45.02400E-06 -1.69326631348E+00 -12.28140690E-03
+45.04900E-06 -1.04201003888E+00 -7.31658283E-03
+45.07400E-06 +65.12562768E-03 +1.04522612E-03
+45.09900E-06 +1.17226129415E+00 +9.66834161E-03
+45.12400E-06 +1.73668339853E+00 +14.11055261E-03
+45.14900E-06 +1.45447234608E+00 +11.23618078E-03
+45.17400E-06 +390.75376440E-03 +3.65829142E-03
+45.19900E-06 -803.21607204E-03 -5.48743713E-03
+45.22400E-06 -1.67155777115E+00 -12.54271343E-03
+45.24900E-06 -1.78010048336E+00 -13.32663302E-03
+45.27400E-06 -998.59295391E-03 -6.53266324E-03
+45.29900E-06 +238.79396753E-03 +2.35175877E-03
+45.32400E-06 +1.34592963400E+00 +11.23618079E-03
+45.34900E-06 +1.82351756841E+00 +15.15577873E-03
+45.37400E-06 +1.43276380358E+00 +10.97487425E-03
+45.39900E-06 +303.91959447E-03 +3.39698489E-03
+45.42400E-06 -976.88441189E-03 -7.57788937E-03
+45.44900E-06 -1.82351756850E+00 -14.63316567E-03
+45.47400E-06 -1.84522611082E+00 -13.58793955E-03
+45.49900E-06 -976.88441141E-03 -6.27135672E-03
+45.52400E-06 +412.46230743E-03 +4.44221101E-03
+45.54900E-06 +1.58472360132E+00 +13.32663302E-03
+45.57400E-06 +1.95376882330E+00 +15.93969832E-03
+45.59900E-06 +1.43276380357E+00 +11.23618078E-03
+45.62400E-06 +151.95979708E-03 +1.30653265E-03
+45.64900E-06 -1.21567837920E+00 -9.40703508E-03
+45.67400E-06 -1.99718590835E+00 -15.15577873E-03
+45.69900E-06 -1.88864319574E+00 -13.58793955E-03
+45.72400E-06 -890.05024144E-03 -5.48743713E-03
+45.74900E-06 +607.83918978E-03 +5.74874366E-03
+45.77400E-06 +1.75839194112E+00 +14.37185914E-03
+45.79900E-06 +2.06231153568E+00 +16.72361791E-03
+45.82400E-06 +1.36763817606E+00 +11.23618078E-03
+45.84900E-06 -310E-12 -261.30653E-06
+45.87400E-06 -1.38934671901E+00 -10.45226120E-03
+45.89900E-06 -2.19256279065E+00 -16.72361791E-03
+45.92400E-06 -1.91035173815E+00 -14.37185914E-03
+45.94900E-06 -716.38190158E-03 -4.70351754E-03
+45.97400E-06 +803.21607209E-03 +7.05527631E-03
+45.99900E-06 +1.95376882343E+00 +16.72361791E-03
+46.02400E-06 +2.19256279052E+00 +17.24623097E-03
+46.04900E-06 +1.34592963355E+00 +10.71356772E-03
+46.07400E-06 -195.37688267E-03 -1.30653265E-03
+46.09900E-06 -1.64984922879E+00 -12.02010038E-03
+46.12400E-06 -2.34452258800E+00 -17.24623097E-03
+46.14900E-06 -1.93206028061E+00 -14.11055261E-03
+46.17400E-06 -586.13064665E-03 -3.65829142E-03
+46.19900E-06 +1.06371858191E+00 +9.40703508E-03
+46.22400E-06 +2.14914570574E+00 +17.50753750E-03
+46.24900E-06 +2.23597987544E+00 +18.03015056E-03
+46.27400E-06 +1.23738692113E+00 +9.66834160E-03
+46.29900E-06 -412.46230753E-03 -2.87437183E-03
+46.32400E-06 -1.86693465360E+00 -14.37185914E-03
+46.34900E-06 -2.43135675788E+00 -18.81407015E-03
+46.37400E-06 -1.91035173810E+00 -14.11055261E-03
+46.39900E-06 -369.04522179E-03 -2.09045224E-03
+46.42400E-06 +1.30251254918E+00 +11.49748732E-03
+46.44900E-06 +2.34452258809E+00 +19.07537668E-03
+46.47400E-06 +2.30110550285E+00 +18.81407015E-03
+46.49900E-06 +1.08542712368E+00 +9.40703507E-03
+46.52400E-06 -629.54773230E-03 -4.70351754E-03
+46.54900E-06 -2.06231153591E+00 -16.20100485E-03
+46.57400E-06 -2.53989947026E+00 -19.59798974E-03
+46.59900E-06 -1.82351756813E+00 -13.84924608E-03
+46.62400E-06 -195.37688194E-03 +261.30653E-06
+46.64900E-06 +1.54130651646E+00 +13.58793956E-03
+46.67400E-06 +2.51819092790E+00 +21.42713545E-03
+46.69900E-06 +2.30110550281E+00 +18.29145709E-03
+46.72400E-06 +976.88441130E-03 +7.83919589E-03
+46.74900E-06 -868.34169961E-03 -6.53266325E-03
+46.77400E-06 -2.30110550318E+00 -18.55276362E-03
+46.79900E-06 -2.67015072510E+00 -20.38190933E-03
+46.82400E-06 -1.78010048312E+00 -12.80401996E-03
+46.84900E-06 +43.41708538E-03 +1.56783918E-03
+46.87400E-06 +1.75839194127E+00 +15.41708526E-03
+46.89900E-06 +2.64844218274E+00 +22.73366810E-03
+46.92400E-06 +2.30110550281E+00 +18.81407015E-03
+46.94900E-06 +803.21607140E-03 +6.53266324E-03
+46.97400E-06 -1.10713566693E+00 -8.36180896E-03
+46.99900E-06 -2.49648238549E+00 -20.38190933E-03
+47.02400E-06 -2.73527635252E+00 -21.16582892E-03
+47.04900E-06 -1.67155777069E+00 -11.75879384E-03
+47.07400E-06 +238.79396774E-03 +3.13567836E-03
+47.09900E-06 +1.99718590854E+00 +17.50753750E-03
+47.12400E-06 +2.82211052259E+00 +24.04020075E-03
+47.14900E-06 +2.25768841775E+00 +18.81407015E-03
+47.17400E-06 +607.83918904E-03 +4.70351753E-03
+47.19900E-06 -1.36763817671E+00 -10.71356773E-03
+47.22400E-06 -2.71356781030E+00 -22.21105504E-03
+47.24900E-06 -2.80040197989E+00 -21.68844198E-03
+47.27400E-06 -1.51959797329E+00 -10.45226119E-03
+47.29900E-06 +499.29647752E-03 +5.74874366E-03
+47.32400E-06 +2.25768841832E+00 +20.12060280E-03
+47.34900E-06 +2.93065323492E+00 +24.82412034E-03
+47.37400E-06 +2.21427133278E+00 +18.29145709E-03
+47.39900E-06 +369.04522172E-03 +3.39698488E-03
+47.42400E-06 -1.64984922895E+00 -13.32663303E-03
+47.44900E-06 -2.88723615010E+00 -23.25628116E-03
+47.47400E-06 -2.77869343738E+00 -21.94974851E-03
+47.49900E-06 -1.32422109094E+00 -9.40703507E-03
+47.52400E-06 +781.50752980E-03 +7.57788937E-03
+47.54900E-06 +2.49648238559E+00 +21.68844198E-03
+47.57400E-06 +3.01748740484E+00 +25.60803993E-03
+47.59900E-06 +2.10572862030E+00 +17.50753750E-03
+47.62400E-06 +130.25125440E-03 +1.04522612E-03
+47.64900E-06 -1.88864319626E+00 -15.67839179E-03
+47.67400E-06 -3.03919594750E+00 -25.34673340E-03
+47.69900E-06 -2.82211052230E+00 -21.68844198E-03
+47.72400E-06 -1.17226129349E+00 -7.57788936E-03
+47.74900E-06 +1.06371858203E+00 +10.19095467E-03
+47.77400E-06 +2.71356781040E+00 +24.04020075E-03
+47.79900E-06 +3.10432157472E+00 +26.39195952E-03
+47.82400E-06 +1.97547736536E+00 +16.46231138E-03
+47.84900E-06 -151.95979788E-03 -783.91959E-06
+47.87400E-06 -2.19256279095E+00 -18.29145709E-03
+47.89900E-06 -3.19115574479E+00 -25.86934646E-03
+47.92400E-06 -2.75698489483E+00 -21.68844198E-03
+47.94900E-06 -911.75878372E-03 -6.27135671E-03
+47.97400E-06 +1.32422109181E+00 +12.28140691E-03
+47.99900E-06 +2.93065323517E+00 +26.13065299E-03
+48.02400E-06 +3.14773865963E+00 +26.65326604E-03
+48.04900E-06 +1.80180902551E+00 +15.15577873E-03
+48.07400E-06 -390.75376515E-03 -3.39698489E-03
+48.09900E-06 -2.43135675827E+00 -19.33668321E-03
+48.12400E-06 -3.29969845717E+00 -26.39195952E-03
+48.14900E-06 -2.67015072485E+00 -20.38190933E-03
+48.17400E-06 -629.54773143E-03 -3.13567835E-03
+48.19900E-06 +1.60643214409E+00 +15.93969833E-03
+48.22400E-06 +3.08261303251E+00 +27.43718564E-03
+48.24900E-06 +3.12603011707E+00 +27.17587910E-03
+48.27400E-06 +1.60643214310E+00 +13.58793955E-03
+48.29900E-06 -694.67335994E-03 -5.22613060E-03
+48.32400E-06 -2.67015072550E+00 -22.21105504E-03
+48.34900E-06 -3.36482408454E+00 -27.69849217E-03
+48.37400E-06 -2.53989946991E+00 -18.81407015E-03
+48.39900E-06 -369.04522160E-03 -1.04522611E-03
+48.42400E-06 +1.88864319628E+00 +17.76884403E-03
+48.44900E-06 +3.27798991482E+00 +29.26633135E-03
+48.47400E-06 +3.06090448960E+00 +27.43718563E-03
+48.49900E-06 +1.38934671829E+00 +12.54271343E-03
+48.52400E-06 -998.59295463E-03 -8.36180896E-03
+48.54900E-06 -2.88723615031E+00 -24.30150728E-03
+48.57400E-06 -3.47336679692E+00 -28.48241175E-03
+48.59900E-06 -2.36623113001E+00 -18.29145709E-03
+48.62400E-06 -108.54271187E-03 +1.30653265E-03
+48.64900E-06 +2.17085424851E+00 +19.85929627E-03
+48.67400E-06 +3.38653262715E+00 +30.57286400E-03
+48.69900E-06 +3.03919594705E+00 +25.86934645E-03
+48.72400E-06 +1.15055275096E+00 +9.40703507E-03
+48.74900E-06 -1.25909546441E+00 -11.23618079E-03
+48.77400E-06 -3.10432157507E+00 -26.39195952E-03
+48.79900E-06 -3.49507533932E+00 -28.48241175E-03
+48.82400E-06 -2.17085424765E+00 -16.46231138E-03
+48.84900E-06 +151.95979795E-03 +3.91959795E-03
+48.87400E-06 +2.40964821583E+00 +22.47236157E-03
+48.89900E-06 +3.49507533953E+00 +31.61809011E-03
+48.92400E-06 +2.93065323461E+00 +25.08542686E-03
+48.94900E-06 +911.75878364E-03 +7.05527630E-03
+48.97400E-06 -1.54130651669E+00 -13.58793956E-03
+48.99900E-06 -3.27798991487E+00 -27.69849217E-03
+49.02400E-06 -3.45165825436E+00 -28.74371828E-03
+49.04900E-06 -1.99718590769E+00 -14.89447220E-03
+49.07400E-06 +499.29647766E-03 +6.53266325E-03
+49.09900E-06 +2.64844218305E+00 +24.82412034E-03
+49.12400E-06 +3.56020096695E+00 +32.92462276E-03
+49.14900E-06 +2.80040197967E+00 +24.30150727E-03
+49.17400E-06 +586.13064639E-03 +5.22613059E-03
+49.19900E-06 -1.84522611143E+00 -15.67839180E-03
+49.22400E-06 -3.40824116976E+00 -29.78894441E-03
+49.24900E-06 -3.42994971180E+00 -27.69849216E-03
+49.27400E-06 -1.73668339792E+00 -12.28140690E-03
+49.29900E-06 +803.21607240E-03 +8.88442202E-03
+49.32400E-06 +2.84381906541E+00 +27.17587911E-03
+49.34900E-06 +3.60361805180E+00 +32.66331623E-03
+49.37400E-06 +2.58331655480E+00 +22.21105503E-03
+49.39900E-06 +303.91959411E-03 +2.87437182E-03
+49.42400E-06 -2.10572862116E+00 -18.55276363E-03
+49.44900E-06 -3.53849242460E+00 -30.57286400E-03
+49.47400E-06 -3.34311554182E+00 -27.95979869E-03
+49.49900E-06 -1.47618088814E+00 -9.92964813E-03
+49.52400E-06 +1.04201003972E+00 +12.02010038E-03
+49.54900E-06 +3.06090449017E+00 +28.74371829E-03
+49.57400E-06 +3.62532659426E+00 +32.92462276E-03
+49.59900E-06 +2.40964821490E+00 +21.42713544E-03
+49.62400E-06 +21.70854182E-03 -522.61307E-06
+49.64900E-06 -2.34452258843E+00 -20.64321586E-03
+49.67400E-06 -3.62532659447E+00 -30.83417052E-03
+49.69900E-06 -3.21286428688E+00 -26.13065298E-03
+49.72400E-06 -1.21567837831E+00 -7.83919589E-03
+49.74900E-06 +1.38934671937E+00 +14.63316568E-03
+49.77400E-06 +3.23457282997E+00 +30.57286400E-03
+49.79900E-06 +3.56020096679E+00 +32.92462276E-03
+49.82400E-06 +2.19256279003E+00 +18.55276362E-03
+49.84900E-06 -303.91959537E-03 -3.13567836E-03
+49.87400E-06 -2.56160801319E+00 -23.25628116E-03
+49.89900E-06 -3.71216076434E+00 -31.61809011E-03
+49.92400E-06 -3.06090448943E+00 -25.08542686E-03
+49.94900E-06 -890.05024111E-03 -4.70351753E-03
+49.97400E-06 +1.64984922915E+00 +16.98492445E-03
+49.99900E-06 +3.34311554235E+00 +31.87939665E-03
+50.02400E-06 +3.49507533926E+00 +31.87939664E-03
+50.04900E-06 +1.91035173775E+00 +16.72361791E-03
+50.07400E-06 -586.13064761E-03 -5.22613060E-03
+50.09900E-06 -2.80040198046E+00 -24.56281381E-03
+50.12400E-06 -3.71216076429E+00 -31.87939664E-03
+50.14900E-06 -2.86552760707E+00 -22.73366809E-03
+50.17400E-06 -586.13064637E-03 -2.35175876E-03
+50.19900E-06 +1.88864319642E+00 +19.59798974E-03
+50.22400E-06 +3.49507533964E+00 +33.70854235E-03
+50.24900E-06 +3.38653262678E+00 +31.09547705E-03
+50.27400E-06 +1.64984922797E+00 +14.89447220E-03
+50.29900E-06 -911.75878485E-03 -8.10050243E-03
+50.32400E-06 -3.01748740522E+00 -26.65326605E-03
+50.34900E-06 -3.66874367927E+00 -31.87939664E-03
+50.37400E-06 -2.64844218226E+00 -21.16582891E-03
+50.39900E-06 -303.91959408E-03 +261.30654E-06
+50.42400E-06 +2.14914570614E+00 +21.42713545E-03
+50.44900E-06 +3.51678388210E+00 +33.44723582E-03
+50.47400E-06 +3.25628137189E+00 +29.52763787E-03
+50.49900E-06 +1.34592963317E+00 +12.02010037E-03
+50.52400E-06 -1.17226129458E+00 -10.71356773E-03
+50.54900E-06 -3.12603011760E+00 -28.48241176E-03
+50.57400E-06 -3.62532659426E+00 -31.61809011E-03
+50.59900E-06 -2.40964821488E+00 -18.81407015E-03
+50.62400E-06 +21.70854311E-03 +2.87437183E-03
+50.64900E-06 +2.36623113090E+00 +23.77889422E-03
+50.67400E-06 +3.58190950951E+00 +33.96984888E-03
+50.69900E-06 +3.08261303198E+00 +29.00502481E-03
+50.72400E-06 +1.04201003849E+00 +9.40703507E-03
+50.74900E-06 -1.43276380435E+00 -12.80401997E-03
+50.77400E-06 -3.23457282998E+00 -29.52763788E-03
+50.79900E-06 -3.56020096673E+00 -30.57286399E-03
+50.82400E-06 -2.17085424755E+00 -16.46231138E-03
+50.84900E-06 +282.21105289E-03 +5.48743713E-03
+50.87400E-06 +2.53989947075E+00 +26.13065299E-03
+50.89900E-06 +3.56020096689E+00 +34.49246194E-03
+50.92400E-06 +2.88723614962E+00 +26.39195951E-03
+50.94900E-06 +759.79898620E-03 +6.79396977E-03
+50.97400E-06 -1.64984922912E+00 -15.41708527E-03
+50.99900E-06 -3.34311554231E+00 -30.57286400E-03
+51.02400E-06 -3.42994971184E+00 -29.52763787E-03
+51.04900E-06 -1.86693465282E+00 -14.11055261E-03
+51.07400E-06 +564.42210512E-03 +8.10050243E-03
+51.09900E-06 +2.73527635300E+00 +27.43718564E-03
+51.12400E-06 +3.51678388193E+00 +34.23115541E-03
+51.14900E-06 +2.64844218230E+00 +24.56281380E-03
+51.17400E-06 +455.87939146E-03 +3.65829141E-03
+51.19900E-06 -1.91035173884E+00 -18.03015057E-03
+51.22400E-06 -3.38653262727E+00 -31.35678359E-03
+51.24900E-06 -3.27798991439E+00 -28.48241175E-03
+51.27400E-06 -1.54130651557E+00 -11.49748731E-03
+51.29900E-06 +846.63315735E-03 +11.23618079E-03
+51.32400E-06 +2.82211052293E+00 +29.00502482E-03
+51.34900E-06 +3.45165825440E+00 +33.18592929E-03
+51.37400E-06 +2.38793967247E+00 +22.21105503E-03
+51.39900E-06 +173.66833923E-03 +1.04522611E-03
+51.42400E-06 -2.12743716365E+00 -20.38190933E-03
+51.44900E-06 -3.42994971212E+00 -31.09547705E-03
+51.47400E-06 -3.10432157448E+00 -26.65326604E-03
+51.49900E-06 -1.28080400579E+00 -8.36180895E-03
+51.52400E-06 +1.10713566713E+00 +13.06532650E-03
+51.54900E-06 +2.95236177777E+00 +30.05025094E-03
+51.57400E-06 +3.34311554197E+00 +32.66331623E-03
+51.59900E-06 +2.14914570514E+00 +19.07537667E-03
+51.62400E-06 -108.54271300E-03 -1.56783919E-03
+51.64900E-06 -2.25768841849E+00 -21.94974851E-03
+51.67400E-06 -3.40824116961E+00 -30.83417052E-03
+51.69900E-06 -2.88723614967E+00 -24.30150727E-03
+51.72400E-06 -998.59295350E-03 -6.27135671E-03
+51.74900E-06 +1.34592963440E+00 +15.67839180E-03
+51.77400E-06 +2.97407032016E+00 +29.78894441E-03
+51.79900E-06 +3.21286428703E+00 +31.09547705E-03
+51.82400E-06 +1.88864319531E+00 +17.24623097E-03
+51.84900E-06 -390.75376529E-03 -4.18090448E-03
+51.87400E-06 -2.40964821583E+00 -22.99497463E-03
+51.89900E-06 -3.29969845718E+00 -30.31155746E-03
+51.92400E-06 -2.64844218229E+00 -22.47236156E-03
+51.94900E-06 -694.67335882E-03 -3.91959794E-03
+51.97400E-06 +1.54130651664E+00 +18.03015057E-03
+51.99900E-06 +3.01748740507E+00 +30.83417053E-03
+52.02400E-06 +3.03919594718E+00 +29.78894440E-03
+52.04900E-06 +1.58472360057E+00 +13.84924608E-03
+52.07400E-06 -651.25627501E-03 -6.79396978E-03
+52.09900E-06 -2.53989947066E+00 -24.30150728E-03
+52.12400E-06 -3.23457282965E+00 -29.52763787E-03
+52.14900E-06 -2.40964821496E+00 -20.38190933E-03
+52.17400E-06 -412.46230659E-03 -522.61305E-06
+52.19900E-06 +1.73668339901E+00 +19.59798974E-03
+52.22400E-06 +2.99577886256E+00 +30.31155747E-03
+52.24900E-06 +2.84381906476E+00 +27.43718563E-03
+52.27400E-06 +1.32422109079E+00 +12.28140690E-03
+52.29900E-06 -890.05024228E-03 -8.88442202E-03
+52.32400E-06 -2.58331655557E+00 -24.82412034E-03
+52.34900E-06 -3.12603011721E+00 -28.48241175E-03
+52.37400E-06 -2.17085424770E+00 -18.03015056E-03
+52.39900E-06 -130.25125430E-03 +2.09045224E-03
+52.42400E-06 +1.88864319629E+00 +20.12060280E-03
+52.44900E-06 +2.99577886250E+00 +30.05025094E-03
+52.47400E-06 +2.64844218240E+00 +25.60803992E-03
+52.49900E-06 +976.88441109E-03 +9.40703507E-03
+52.52400E-06 -1.08542712458E+00 -10.97487426E-03
+52.54900E-06 -2.62673364047E+00 -25.60803993E-03
+52.57400E-06 -2.95236177737E+00 -27.43718563E-03
+52.59900E-06 -1.88864319541E+00 -15.93969832E-03
+52.62400E-06 +86.83417051E-03 +3.65829142E-03
+52.64900E-06 +1.97547736616E+00 +21.42713545E-03
+52.67400E-06 +2.90894469252E+00 +29.78894441E-03
+52.69900E-06 +2.40964821507E+00 +23.25628115E-03
+52.72400E-06 +738.09044382E-03 +6.01005018E-03
+52.74900E-06 -1.23738692193E+00 -13.06532650E-03
+52.77400E-06 -2.64844218299E+00 -25.60803993E-03
+52.79900E-06 -2.80040197991E+00 -26.13065299E-03
+52.82400E-06 -1.62814068563E+00 -13.06532649E-03
+52.84900E-06 +325.62813778E-03 +5.74874366E-03
+52.87400E-06 +2.08402007854E+00 +22.47236157E-03
+52.89900E-06 +2.80040198003E+00 +28.74371828E-03
+52.92400E-06 +2.19256279026E+00 +21.16582892E-03
+52.94900E-06 +499.29647656E-03 +3.65829141E-03
+52.97400E-06 -1.38934671927E+00 -14.11055262E-03
+52.99900E-06 -2.64844218287E+00 -25.60803993E-03
+53.02400E-06 -2.64844218251E+00 -24.30150728E-03
+53.04900E-06 -1.34592963329E+00 -10.45226119E-03
+53.07400E-06 +542.71356254E-03 +8.10050243E-03
+53.09900E-06 +2.17085424841E+00 +22.99497463E-03
+53.12400E-06 +2.67015072520E+00 +27.69849216E-03
+53.14900E-06 +1.97547736539E+00 +18.55276362E-03
+53.17400E-06 +238.79396678E-03 +2.09045223E-03
+53.19900E-06 -1.54130651661E+00 -15.41708527E-03
+53.22400E-06 -2.60502509785E+00 -25.34673340E-03
+53.24900E-06 -2.43135675770E+00 -22.21105504E-03
+53.27400E-06 -1.08542712357E+00 -8.10050242E-03
+53.29900E-06 +738.09044484E-03 +9.92964814E-03
+53.32400E-06 +2.17085424835E+00 +24.04020075E-03
+53.34900E-06 +2.56160801270E+00 +26.39195952E-03
+53.37400E-06 +1.71497485561E+00 +16.46231138E-03
+53.39900E-06 +21.70854197E-03 -522.61306E-06
+53.42400E-06 -1.62814068647E+00 -16.46231139E-03
+53.44900E-06 -2.51819092792E+00 -24.56281381E-03
+53.47400E-06 -2.23597987534E+00 -19.59798974E-03
+53.49900E-06 -868.34169875E-03 -5.48743712E-03
+53.52400E-06 +890.05024218E-03 +12.02010038E-03
+53.54900E-06 +2.19256279080E+00 +23.51758769E-03
+53.57400E-06 +2.40964821531E+00 +25.08542687E-03
+53.59900E-06 +1.49788943080E+00 +14.37185914E-03
+53.62400E-06 -173.66834034E-03 -2.87437183E-03
+53.64900E-06 -1.73668339879E+00 -18.03015056E-03
+53.67400E-06 -2.43135675794E+00 -23.51758769E-03
+53.69900E-06 -2.04060299297E+00 -17.76884403E-03
+53.72400E-06 -629.54773143E-03 -3.91959794E-03
+53.74900E-06 +1.02030149701E+00 +12.80401997E-03
+53.77400E-06 +2.14914570584E+00 +23.25628116E-03
+53.79900E-06 +2.21427133295E+00 +23.25628116E-03
+53.82400E-06 +1.23738692102E+00 +12.02010037E-03
+53.84900E-06 -369.04522264E-03 -4.18090448E-03
+53.87400E-06 -1.73668339879E+00 -18.03015056E-03
+53.89900E-06 -2.32281404550E+00 -22.99497463E-03
+53.92400E-06 -1.82351756810E+00 -15.93969832E-03
+53.94900E-06 -390.75376423E-03 -1.56783917E-03
+53.97400E-06 +1.10713566694E+00 +13.58793956E-03
+53.99900E-06 +2.08402007831E+00 +23.51758769E-03
+54.02400E-06 +2.08402007800E+00 +20.90452239E-03
+54.04900E-06 +998.59295376E-03 +9.14572854E-03
+54.07400E-06 -477.58793502E-03 -5.74874366E-03
+54.09900E-06 -1.78010048370E+00 -17.76884403E-03
+54.12400E-06 -2.19256279056E+00 -21.42713545E-03
+54.14900E-06 -1.60643214329E+00 -14.11055261E-03
+54.17400E-06 -195.37688193E-03 +522.61306E-06
+54.19900E-06 +1.21567837931E+00 +14.11055262E-03
+54.22400E-06 +2.04060299328E+00 +21.94974851E-03
+54.24900E-06 +1.84522611067E+00 +19.07537668E-03
+54.27400E-06 +803.21607146E-03 +7.57788936E-03
+54.29900E-06 -651.25627481E-03 -6.79396978E-03
+54.32400E-06 -1.78010048363E+00 -18.03015056E-03
+54.34900E-06 -2.06231153567E+00 -20.12060280E-03
+54.37400E-06 -1.38934671848E+00 -12.02010037E-03
+54.39900E-06 -21.70854207E-03 +1.56783918E-03
+54.42400E-06 +1.28080400673E+00 +15.15577874E-03
+54.44900E-06 +1.93206028085E+00 +21.16582892E-03
+54.47400E-06 +1.69326631333E+00 +16.98492444E-03
+54.49900E-06 +564.42210413E-03 +5.74874365E-03
+54.52400E-06 -781.50752963E-03 -8.88442202E-03
+54.54900E-06 -1.71497485616E+00 -18.03015056E-03
+54.57400E-06 -1.91035173821E+00 -18.03015056E-03
+54.59900E-06 -1.17226129366E+00 -9.14572854E-03
+54.62400E-06 +130.25125527E-03 +3.39698489E-03
+54.64900E-06 +1.28080400667E+00 +15.67839179E-03
+54.67400E-06 +1.84522611092E+00 +19.85929627E-03
+54.69900E-06 +1.49788943097E+00 +15.41708526E-03
+54.72400E-06 +412.46230679E-03 +3.39698488E-03
+54.74900E-06 -846.63315711E-03 -9.14572855E-03
+54.77400E-06 -1.71497485616E+00 -17.24623097E-03
+54.79900E-06 -1.73668339836E+00 -16.72361791E-03
+54.82400E-06 -976.88441130E-03 -7.83919589E-03
+54.84900E-06 +238.79396764E-03 +4.44221101E-03
+54.87400E-06 +1.30251254912E+00 +15.41708526E-03
+54.89900E-06 +1.71497485604E+00 +18.29145709E-03
+54.92400E-06 +1.28080400616E+00 +13.58793955E-03
+54.94900E-06 +238.79396694E-03 +1.82914571E-03
+54.97400E-06 -911.75878452E-03 -9.40703508E-03
+54.99900E-06 -1.62814068618E+00 -16.72361791E-03
+55.02400E-06 -1.56301505857E+00 -14.89447220E-03
+55.04900E-06 -759.79898655E-03 -6.27135671E-03
+55.07400E-06 +369.04522247E-03 +6.01005019E-03
+55.09900E-06 +1.30251254906E+00 +15.15577873E-03
+55.12400E-06 +1.60643214360E+00 +17.76884403E-03
+55.14900E-06 +1.12884420876E+00 +11.23618078E-03
+55.17400E-06 +108.54271205E-03 +522.61306E-06
+55.19900E-06 -955.17586942E-03 -9.92964814E-03
+55.22400E-06 -1.56301505870E+00 -15.93969832E-03
+55.24900E-06 -1.41105526111E+00 -13.32663302E-03
+55.27400E-06 -629.54773166E-03 -4.18090447E-03
+55.29900E-06 +477.58793484E-03 +7.05527631E-03
+55.32400E-06 +1.25909546410E+00 +15.15577873E-03
+55.34900E-06 +1.45447234613E+00 +16.72361791E-03
+55.37400E-06 +933.46732646E-03 +9.40703507E-03
+55.39900E-06 -21.70854277E-03 -783.91959E-06
+55.42400E-06 -976.88441188E-03 -11.23618079E-03
+55.44900E-06 -1.43276380382E+00 -16.20100485E-03
+55.47400E-06 -1.23738692126E+00 -12.02010037E-03
+55.49900E-06 -434.17084936E-03 -2.61306530E-03
+55.52400E-06 +521.00501987E-03 +8.10050243E-03
+55.54900E-06 +1.25909546403E+00 +14.89447220E-03
+55.57400E-06 +1.32422109125E+00 +14.63316567E-03
+55.59900E-06 +759.79898661E-03 +8.36180895E-03
+55.62400E-06 -151.95979766E-03 -2.09045224E-03
+55.64900E-06 -1.02030149684E+00 -11.23618079E-03
+55.67400E-06 -1.36763817634E+00 -14.37185914E-03
+55.69900E-06 -1.10713566637E+00 -10.19095466E-03
+55.72400E-06 -325.62813699E-03 -1.82914571E-03
+55.74900E-06 +607.83918973E-03 +8.10050243E-03
+55.77400E-06 +1.15055275160E+00 +14.11055261E-03
+55.79900E-06 +1.17226129391E+00 +13.06532649E-03
+55.82400E-06 +607.83918927E-03 +6.27135671E-03
+55.84900E-06 -238.79396759E-03 -3.13567836E-03
+55.87400E-06 -976.88441181E-03 -10.97487426E-03
+55.89900E-06 -1.28080400642E+00 -12.54271343E-03
+55.92400E-06 -976.88441148E-03 -8.62311548E-03
+55.94900E-06 -195.37688210E-03 +0.0E+00
+55.97400E-06 +607.83918967E-03 +8.10050243E-03
+55.99900E-06 +1.12884420908E+00 +13.32663302E-03
+56.02400E-06 +1.06371858147E+00 +11.49748731E-03
+56.04900E-06 +499.29647683E-03 +4.70351754E-03
+56.07400E-06 -325.62813745E-03 -3.65829142E-03
+56.09900E-06 -976.88441181E-03 -10.71356773E-03
+56.12400E-06 -1.17226129391E+00 -12.02010037E-03
+56.14900E-06 -781.50752912E-03 -7.57788936E-03
+56.17400E-06 -108.54271217E-03 +522.61306E-06
+56.19900E-06 +629.54773212E-03 +8.62311549E-03
+56.22400E-06 +1.06371858161E+00 +12.28140690E-03
+56.24900E-06 +933.46732659E-03 +9.92964813E-03
+56.27400E-06 +347.33667950E-03 +3.65829142E-03
+56.29900E-06 -369.04522241E-03 -4.18090448E-03
+56.32400E-06 -933.46732679E-03 -9.40703508E-03
+56.34900E-06 -1.06371858154E+00 -10.19095466E-03
+56.37400E-06 -672.96481675E-03 -6.01005018E-03
+56.39900E-06 +21.70854272E-03 +2.09045224E-03
+56.42400E-06 +651.25627457E-03 +8.62311549E-03
+56.44900E-06 +976.88441168E-03 +11.23618078E-03
+56.47400E-06 +824.92461415E-03 +8.88442201E-03
+56.49900E-06 +238.79396712E-03 +2.35175877E-03
+56.52400E-06 -434.17084982E-03 -5.22613060E-03
+56.54900E-06 -890.05024182E-03 -9.92964814E-03
+56.57400E-06 -933.46732665E-03 -9.92964813E-03
+56.59900E-06 -564.42210430E-03 -4.44221101E-03
+56.62400E-06 +86.83417013E-03 +2.09045224E-03
+56.64900E-06 +629.54773212E-03 +8.36180896E-03
+56.67400E-06 +911.75878420E-03 +10.45226119E-03
+56.69900E-06 +694.67335926E-03 +7.57788936E-03
+56.72400E-06 +151.95979720E-03 +1.56783918E-03
+56.74900E-06 -434.17084982E-03 -5.22613060E-03
+56.77400E-06 -824.92461435E-03 -9.14572855E-03
+56.79900E-06 -868.34169917E-03 -8.10050242E-03
+56.82400E-06 -455.87939193E-03 -4.18090448E-03
+56.84900E-06 +151.95979754E-03 +3.13567836E-03
+56.87400E-06 +629.54773205E-03 +7.83919590E-03
+56.89900E-06 +803.21607177E-03 +9.40703508E-03
+56.92400E-06 +586.13064689E-03 +6.27135672E-03
+56.94900E-06 +86.83416972E-03 +261.30653E-06
+56.97400E-06 -477.58793472E-03 -5.48743713E-03
+56.99900E-06 -803.21607183E-03 -8.10050243E-03
+57.02400E-06 -738.09044429E-03 -7.31658284E-03
+57.04900E-06 -347.33667956E-03 -2.87437183E-03
+57.07400E-06 +195.37688250E-03 +4.18090448E-03
+57.09900E-06 +607.83918954E-03 +7.83919590E-03
+57.12400E-06 +716.38190191E-03 +8.62311549E-03
+57.14900E-06 +477.58793445E-03 +5.74874366E-03
+57.17400E-06 -140E-12 -261.30653E-06
+57.19900E-06 -455.87939221E-03 -5.48743713E-03
+57.22400E-06 -738.09044436E-03 -8.62311549E-03
+57.24900E-06 -651.25627436E-03 -6.53266325E-03
+57.27400E-06 -260.50250957E-03 -1.82914571E-03
+57.29900E-06 +217.08542495E-03 +3.65829142E-03
+57.32400E-06 +586.13064709E-03 +8.36180896E-03
+57.34900E-06 +629.54773192E-03 +7.57788937E-03
+57.37400E-06 +369.04522207E-03 +4.70351754E-03
+57.39900E-06 -43.41708510E-03 -783.91959E-06
+57.42400E-06 -455.87939228E-03 -5.48743713E-03
+57.44900E-06 -672.96481695E-03 -7.57788937E-03
+57.47400E-06 -564.42210444E-03 -4.96482407E-03
+57.49900E-06 -173.66833971E-03 -522.61306E-06
+57.52400E-06 +217.08542495E-03 +4.18090448E-03
+57.54900E-06 +542.71356213E-03 +7.05527631E-03
+57.57400E-06 +542.71356199E-03 +7.05527631E-03
+57.59900E-06 +325.62813711E-03 +3.91959795E-03
+57.62400E-06 -86.83417006E-03 -522.61306E-06
+57.64900E-06 -455.87939221E-03 -5.22613060E-03
+57.67400E-06 -607.83918947E-03 -6.01005019E-03
+57.69900E-06 -499.29647696E-03 -3.65829142E-03
+57.72400E-06 -130.25125475E-03 +0.0E+00
+57.74900E-06 +238.79396740E-03 +4.44221101E-03
+57.77400E-06 +521.00501962E-03 +6.79396978E-03
+57.79900E-06 +455.87939207E-03 +6.01005019E-03
+57.82400E-06 +260.50250970E-03 +2.35175877E-03
+57.84900E-06 -130.25125503E-03 -1.82914571E-03
+57.87400E-06 -434.17084969E-03 -4.96482407E-03
+57.89900E-06 -564.42210451E-03 -5.48743713E-03
+57.92400E-06 -412.46230704E-03 -3.65829142E-03
+57.94900E-06 -65.12562734E-03 +261.30653E-06
+57.97400E-06 +238.79396740E-03 +3.91959795E-03
+57.99900E-06 +477.58793458E-03 +6.01005019E-03
+58.02400E-06 +412.46230710E-03 +4.70351754E-03
+58.04900E-06 +173.66833978E-03 +1.56783918E-03
+58.07400E-06 -151.95979747E-03 -1.82914571E-03
+58.09900E-06 -434.17084969E-03 -4.18090448E-03
+58.12400E-06 -499.29647703E-03 -4.96482407E-03
+58.14900E-06 -347.33667963E-03 -2.87437183E-03
+58.17400E-06 -65.12562734E-03 +1.04522612E-03
+58.19900E-06 +260.50250984E-03 +3.91959795E-03
+58.22400E-06 +434.17084962E-03 +5.48743713E-03
+58.24900E-06 +325.62813718E-03 +4.44221101E-03
+58.27400E-06 +108.54271230E-03 +1.04522612E-03
+58.29900E-06 -195.37688244E-03 -1.82914571E-03
+58.32400E-06 -390.75376466E-03 -4.18090448E-03
+58.34900E-06 -434.17084962E-03 -4.44221101E-03
+58.37400E-06 -282.21105222E-03 -1.82914571E-03
+58.39900E-06 -21.70854237E-03 +783.91959E-06
+58.42400E-06 +238.79396733E-03 +4.18090448E-03
+58.44900E-06 +369.04522214E-03 +4.44221101E-03
+58.47400E-06 +303.91959466E-03 +3.65829142E-03
+58.49900E-06 +65.12562734E-03 +1.30653265E-03
+58.52400E-06 -195.37688237E-03 -2.09045224E-03
+58.54900E-06 -369.04522221E-03 -4.18090448E-03
+58.57400E-06 -369.04522214E-03 -4.18090448E-03
+58.59900E-06 -217.08542474E-03 -1.30653265E-03
+58.62400E-06 +21.70854252E-03 +1.56783918E-03
+58.64900E-06 +238.79396733E-03 +3.39698489E-03
+58.67400E-06 +303.91959473E-03 +4.70351754E-03
+58.69900E-06 +217.08542474E-03 +3.39698489E-03
+58.72400E-06 +43.41708489E-03 +522.61306E-06
+58.74900E-06 -195.37688237E-03 -2.09045224E-03
+58.77400E-06 -325.62813725E-03 -3.13567836E-03
+58.79900E-06 -303.91959466E-03 -2.87437183E-03
+58.82400E-06 -173.66833978E-03 -1.30653265E-03
+58.84900E-06 +43.41708503E-03 +1.30653265E-03
+58.87400E-06 +217.08542488E-03 +3.91959795E-03
+58.89900E-06 +282.21105222E-03 +3.91959795E-03
+58.92400E-06 +173.66833985E-03 +2.61306530E-03
+58.94900E-06 -70E-12 -0.0E+00
+58.97400E-06 -173.66833992E-03 -2.61306530E-03
+58.99900E-06 -303.91959473E-03 -2.87437183E-03
+59.02400E-06 -303.91959473E-03 -2.61306530E-03
+59.04900E-06 -130.25125481E-03 -1.04522612E-03
+59.07400E-06 +21.70854252E-03 +1.82914571E-03
+59.09900E-06 +173.66833985E-03 +3.13567836E-03
+59.12400E-06 +260.50250977E-03 +3.39698489E-03
+59.14900E-06 +151.95979733E-03 +2.09045224E-03
+59.17400E-06 -21.70854252E-03 +0.0E+00
+59.19900E-06 -173.66833985E-03 -1.30653265E-03
+59.22400E-06 -260.50250977E-03 -2.87437183E-03
+59.24900E-06 -238.79396726E-03 -2.35175877E-03
+59.27400E-06 -86.83416985E-03 -261.30653E-06
+59.29900E-06 +65.12562748E-03 +1.56783918E-03
+59.32400E-06 +173.66833992E-03 +3.39698489E-03
+59.34900E-06 +195.37688229E-03 +3.13567836E-03
+59.37400E-06 +130.25125481E-03 +2.09045224E-03
+59.39900E-06 -21.70854252E-03 -0.0E+00
+59.42400E-06 -173.66833992E-03 -2.09045224E-03
+59.44900E-06 -260.50250977E-03 -2.61306530E-03
+59.47400E-06 -217.08542474E-03 -1.82914571E-03
+59.49900E-06 -65.12562741E-03 +0.0E+00
+59.52400E-06 +65.12562748E-03 +1.82914571E-03
+59.54900E-06 +173.66833985E-03 +2.87437183E-03
+59.57400E-06 +173.66833985E-03 +3.13567836E-03
+59.59900E-06 +108.54271237E-03 +1.82914571E-03
+59.62400E-06 -43.41708504E-03 -261.30653E-06
+59.64900E-06 -173.66833992E-03 -2.09045224E-03
+59.67400E-06 -217.08542481E-03 -2.09045224E-03
+59.69900E-06 -151.95979740E-03 -1.04522612E-03
+59.72400E-06 -43.41708489E-03 +522.61306E-06
+59.74900E-06 +65.12562748E-03 +1.82914571E-03
+59.77400E-06 +151.95979733E-03 +2.35175877E-03
+59.79900E-06 +151.95979733E-03 +2.61306530E-03
+59.82400E-06 +65.12562741E-03 +522.61306E-06
+59.84900E-06 -86.83417000E-03 -522.61306E-06
+59.87400E-06 -151.95979740E-03 -1.56783918E-03
+59.89900E-06 -217.08542481E-03 -1.56783918E-03
+59.92400E-06 -173.66833977E-03 -783.91959E-06
+59.94900E-06 +70E-12 +522.61306E-06
+59.97400E-06 +65.12562748E-03 +1.56783918E-03
+59.99900E-06 +108.54271237E-03 +2.35175877E-03
+60.02400E-06 +108.54271237E-03 +1.82914571E-03
+60.04900E-06 +43.41708489E-03 +522.61306E-06
+60.07400E-06 -65.12562748E-03 -261.30653E-06
+60.09900E-06 -173.66833992E-03 -1.56783918E-03
+60.12400E-06 -173.66833985E-03 -1.56783918E-03
+60.14900E-06 -130.25125489E-03 -1.04522612E-03
+60.17400E-06 -21.70854244E-03 +261.30653E-06
+60.19900E-06 +65.12562748E-03 +1.56783918E-03
+60.22400E-06 +130.25125489E-03 +1.82914571E-03
+60.24900E-06 +86.83416985E-03 +1.56783918E-03
+60.27400E-06 +0.0E+00 +522.61306E-06
+60.29900E-06 -65.12562748E-03 -261.30653E-06
+60.32400E-06 -173.66833985E-03 -783.91959E-06
+60.34900E-06 -151.95979733E-03 -1.30653265E-03
+60.37400E-06 -86.83416992E-03 +0.0E+00
+60.39900E-06 +0.0E+00 +261.30653E-06
+60.42400E-06 +86.83416992E-03 +1.82914571E-03
+60.44900E-06 +108.54271244E-03 +1.30653265E-03
+60.47400E-06 +86.83416992E-03 +1.82914571E-03
+60.49900E-06 +0.0E+00 +783.91959E-06
+60.52400E-06 -86.83416992E-03 +0.0E+00
+60.54900E-06 -108.54271244E-03 -1.04522612E-03
+60.57400E-06 -130.25125489E-03 -1.04522612E-03
+60.59900E-06 -65.12562741E-03 -261.30653E-06
+60.62400E-06 +21.70854252E-03 +1.04522612E-03
+60.64900E-06 +86.83416992E-03 +1.30653265E-03
+60.67400E-06 +65.12562741E-03 +1.56783918E-03
+60.69900E-06 +43.41708496E-03 +1.30653265E-03
+60.72400E-06 -21.70854252E-03 +261.30653E-06
+60.74900E-06 -65.12562748E-03 -522.61306E-06
+60.77400E-06 -108.54271244E-03 -783.91959E-06
+60.79900E-06 -86.83416992E-03 -783.91959E-06
+60.82400E-06 -65.12562740E-03 +0.0E+00
+60.84900E-06 -21.70854244E-03 +783.91959E-06
+60.87400E-06 +0.0E+00 +1.56783918E-03
+60.89900E-06 +65.12562740E-03 +1.56783918E-03
+60.92400E-06 +43.41708496E-03 +783.91959E-06
+60.94900E-06 -21.70854252E-03 +0.0E+00
+60.97400E-06 -86.83416992E-03 -522.61306E-06
+60.99900E-06 -130.25125489E-03 -522.61306E-06
+61.02400E-06 -86.83416992E-03 -522.61306E-06
+61.04900E-06 -43.41708496E-03 -261.30653E-06
+61.07400E-06 +0.0E+00 +783.91959E-06
+61.09900E-06 +43.41708496E-03 +1.56783918E-03
+61.12400E-06 +65.12562748E-03 +1.30653265E-03
+61.14900E-06 +43.41708496E-03 +1.04522612E-03
+61.17400E-06 -43.41708496E-03 +0.0E+00
+61.19900E-06 -65.12562748E-03 +0.0E+00
+61.22400E-06 -86.83416992E-03 -522.61306E-06
+61.24900E-06 -86.83416992E-03 -261.30653E-06
+61.27400E-06 -65.12562740E-03 +522.61306E-06
+61.29900E-06 +0.0E+00 +1.30653265E-03
+61.32400E-06 +21.70854252E-03 +1.30653265E-03
+61.34900E-06 +65.12562740E-03 +1.56783918E-03
+61.37400E-06 +21.70854244E-03 +1.04522612E-03
+61.39900E-06 -21.70854244E-03 +522.61306E-06
+61.42400E-06 -65.12562740E-03 -522.61306E-06
+61.44900E-06 -65.12562740E-03 -261.30653E-06
+61.47400E-06 -65.12562740E-03 -261.30653E-06
+61.49900E-06 -43.41708496E-03 +261.30653E-06
+61.52400E-06 +21.70854252E-03 +1.04522612E-03
+61.54900E-06 +65.12562740E-03 +1.04522612E-03
+61.57400E-06 +21.70854244E-03 +783.91959E-06
+61.59900E-06 +21.70854252E-03 +783.91959E-06
+61.62400E-06 -21.70854252E-03 +261.30653E-06
+61.64900E-06 -43.41708496E-03 -522.61306E-06
+61.67400E-06 -86.83416992E-03 -522.61306E-06
+61.69900E-06 -86.83416992E-03 -522.61306E-06
+61.72400E-06 -21.70854244E-03 +261.30653E-06
+61.74900E-06 +0.0E+00 +783.91959E-06
+61.77400E-06 +21.70854244E-03 +1.04522612E-03
+61.79900E-06 +0.0E+00 +1.04522612E-03
+61.82400E-06 +21.70854244E-03 +261.30653E-06
+61.84900E-06 -43.41708496E-03 -261.30653E-06
+61.87400E-06 -65.12562748E-03 +0.0E+00
+61.89900E-06 -86.83416992E-03 +0.0E+00
+61.92400E-06 -43.41708488E-03 +0.0E+00
+61.94900E-06 -21.70854252E-03 -261.30653E-06
+61.97400E-06 +0.0E+00 +522.61306E-06
+61.99900E-06 +21.70854252E-03 +1.04522612E-03
+62.02400E-06 +0.0E+00 +261.30653E-06
+62.04900E-06 +0.0E+00 +261.30653E-06
+62.07400E-06 -43.41708496E-03 +0.0E+00
+62.09900E-06 -65.12562740E-03 -261.30653E-06
+62.12400E-06 -65.12562740E-03 +0.0E+00
+62.14900E-06 -43.41708496E-03 +261.30653E-06
+62.17400E-06 -43.41708496E-03 +783.91959E-06
+62.19900E-06 -21.70854244E-03 +783.91959E-06
+62.22400E-06 +0.0E+00 +1.30653265E-03
+62.24900E-06 +0.0E+00 +1.04522612E-03
+62.27400E-06 -43.41708496E-03 +261.30653E-06
+62.29900E-06 -65.12562748E-03 +783.91959E-06
+62.32400E-06 -65.12562740E-03 +261.30653E-06
+62.34900E-06 -65.12562740E-03 +0.0E+00
+62.37400E-06 -21.70854244E-03 +522.61306E-06
+62.39900E-06 -21.70854244E-03 +1.04522612E-03
+62.42400E-06 +0.0E+00 +783.91959E-06
+62.44900E-06 +21.70854244E-03 +0.0E+00
+62.47400E-06 +0.0E+00 +783.91959E-06
+62.49900E-06 -21.70854252E-03 +261.30653E-06
+62.52400E-06 -43.41708488E-03 +0.0E+00
+62.54900E-06 -21.70854252E-03 +0.0E+00
+62.57400E-06 -43.41708496E-03 +261.30653E-06
+62.59900E-06 -21.70854244E-03 +0.0E+00
+62.62400E-06 +0.0E+00 +261.30653E-06
+62.64900E-06 +21.70854244E-03 +522.61306E-06
+62.67400E-06 -21.70854252E-03 +783.91959E-06
+62.69900E-06 +0.0E+00 +783.91959E-06
+62.72400E-06 -21.70854244E-03 +522.61306E-06
+62.74900E-06 -21.70854244E-03 +522.61306E-06
+62.77400E-06 -43.41708496E-03 -522.61306E-06
+62.79900E-06 -43.41708496E-03 +0.0E+00
+62.82400E-06 -21.70854244E-03 +522.61306E-06
+62.84900E-06 +0.0E+00 +261.30653E-06
+62.87400E-06 -43.41708496E-03 +783.91959E-06
+62.89900E-06 -21.70854252E-03 +1.04522612E-03
+62.92400E-06 -21.70854244E-03 +261.30653E-06
+62.94900E-06 +0.0E+00 +261.30653E-06
+62.97400E-06 -43.41708496E-03 +0.0E+00
+62.99900E-06 -65.12562740E-03 +522.61306E-06
+63.02400E-06 +0.0E+00 +261.30653E-06
+63.04900E-06 -43.41708496E-03 +0.0E+00
+63.07400E-06 -43.41708496E-03 +1.04522612E-03
+63.09900E-06 -43.41708496E-03 +1.04522612E-03
+63.12400E-06 +0.0E+00 +261.30653E-06
+63.14900E-06 +0.0E+00 +783.91959E-06
+63.17400E-06 +0.0E+00 +0.0E+00
+63.19900E-06 -43.41708496E-03 +0.0E+00
+63.22400E-06 -21.70854244E-03 +261.30653E-06
+63.24900E-06 -21.70854252E-03 +0.0E+00
+63.27400E-06 +0.0E+00 +261.30653E-06
+63.29900E-06 +0.0E+00 +783.91959E-06
+63.32400E-06 -21.70854244E-03 +522.61306E-06
+63.34900E-06 +0.0E+00 +522.61306E-06
+63.37400E-06 -21.70854244E-03 +522.61306E-06
+63.39900E-06 -21.70854244E-03 +261.30653E-06
+63.42400E-06 -43.41708496E-03 +261.30653E-06
+63.44900E-06 -21.70854252E-03 -261.30653E-06
+63.47400E-06 -43.41708496E-03 +261.30653E-06
+63.49900E-06 -21.70854244E-03 +0.0E+00
+63.52400E-06 +0.0E+00 +522.61306E-06
+63.54900E-06 +0.0E+00 +0.0E+00
+63.57400E-06 -21.70854252E-03 +783.91959E-06
+63.59900E-06 -21.70854244E-03 +522.61306E-06
+63.62400E-06 -43.41708496E-03 -261.30653E-06
+63.64900E-06 -21.70854244E-03 +0.0E+00
+63.67400E-06 -21.70854244E-03 +261.30653E-06
+63.69900E-06 -86.83416992E-03 +0.0E+00
+63.72400E-06 -21.70854244E-03 +522.61306E-06
+63.74900E-06 -21.70854252E-03 +261.30653E-06
+63.77400E-06 -21.70854252E-03 +783.91959E-06
+63.79900E-06 +80E-12 +522.61306E-06
+63.82400E-06 +0.0E+00 +261.30653E-06
+63.84900E-06 +0.0E+00 -261.30653E-06
+63.87400E-06 -43.41708496E-03 +261.30653E-06
+63.89900E-06 -43.41708496E-03 -783.91959E-06
+63.92400E-06 -65.12562740E-03 +261.30653E-06
+63.94900E-06 -21.70854244E-03 +261.30653E-06
+63.97400E-06 -43.41708496E-03 +0.0E+00
+63.99900E-06 +21.70854252E-03 +783.91959E-06
+64.02400E-06 -21.70854252E-03 +261.30653E-06
+64.04900E-06 -21.70854244E-03 +522.61306E-06
+64.07400E-06 -21.70854252E-03 +522.61306E-06
+64.09900E-06 -21.70854244E-03 +261.30653E-06
+64.12400E-06 -21.70854252E-03 +261.30653E-06
+64.14900E-06 -21.70854252E-03 +522.61306E-06
+64.17400E-06 -21.70854244E-03 +261.30653E-06
+64.19900E-06 -43.41708496E-03 +783.91959E-06
+64.22400E-06 +0.0E+00 +0.0E+00
+64.24900E-06 +0.0E+00 +0.0E+00
+64.27400E-06 -21.70854244E-03 +0.0E+00
+64.29900E-06 +0.0E+00 +261.30653E-06
+64.32400E-06 -21.70854244E-03 +261.30653E-06
+64.34900E-06 -43.41708496E-03 +0.0E+00
+64.37400E-06 -43.41708496E-03 +0.0E+00
+64.39900E-06 -21.70854244E-03 -261.30653E-06
+64.42400E-06 +0.0E+00 +0.0E+00
+64.44900E-06 -21.70854252E-03 +261.30653E-06
+64.47400E-06 +0.0E+00 +1.04522612E-03
+64.49900E-06 +0.0E+00 +522.61306E-06
+64.52400E-06 -21.70854244E-03 +261.30653E-06
+64.54900E-06 +0.0E+00 +0.0E+00
+64.57400E-06 -43.41708496E-03 +0.0E+00
+64.59900E-06 -21.70854244E-03 +261.30653E-06
+64.62400E-06 +0.0E+00 +261.30653E-06
+64.64900E-06 +0.0E+00 +0.0E+00
+64.67400E-06 -21.70854252E-03 +783.91959E-06
+64.69900E-06 -21.70854244E-03 +783.91959E-06
+64.72400E-06 -21.70854244E-03 +783.91959E-06
+64.74900E-06 -21.70854244E-03 +522.61306E-06
+64.77400E-06 -43.41708496E-03 +783.91959E-06
+64.79900E-06 -21.70854252E-03 +261.30653E-06
+64.82400E-06 -65.12562749E-03 +0.0E+00
+64.84900E-06 +0.0E+00 +522.61306E-06
+64.87400E-06 +0.0E+00 +522.61306E-06
+64.89900E-06 -43.41708505E-03 +522.61306E-06
+64.92400E-06 -21.70854244E-03 +522.61306E-06
+64.94900E-06 +0.0E+00 +783.91959E-06
+64.97400E-06 -21.70854244E-03 +0.0E+00
+64.99900E-06 -21.70854244E-03 +0.0E+00
+65.02400E-06 -43.41708496E-03 +0.0E+00
+65.04900E-06 -21.70854252E-03 +261.30653E-06
+65.07400E-06 +0.0E+00 +783.91959E-06
+65.09900E-06 +0.0E+00 +522.61306E-06
+65.12400E-06 -43.41708496E-03 +522.61306E-06
+65.14900E-06 +0.0E+00 +522.61306E-06
+65.17400E-06 -21.70854244E-03 +783.91959E-06
+65.19900E-06 +0.0E+00 +261.30653E-06
+65.22400E-06 +0.0E+00 +522.61306E-06
+65.24900E-06 -21.70854244E-03 +0.0E+00
+65.27400E-06 +0.0E+00 +522.61306E-06
+65.29900E-06 -21.70854252E-03 +261.30653E-06
+65.32400E-06 -21.70854244E-03 +522.61306E-06
+65.34900E-06 -21.70854244E-03 +261.30653E-06
+65.37400E-06 +0.0E+00 +261.30653E-06
+65.39900E-06 -21.70854244E-03 +522.61306E-06
+65.42400E-06 -21.70854252E-03 -522.61306E-06
+65.44900E-06 -21.70854244E-03 +522.61306E-06
+65.47400E-06 -43.41708496E-03 +522.61306E-06
+65.49900E-06 -43.41708496E-03 +783.91959E-06
+65.52400E-06 -43.41708496E-03 +0.0E+00
+65.54900E-06 -21.70854244E-03 +522.61306E-06
+65.57400E-06 -21.70854252E-03 +522.61306E-06
+65.59900E-06 +0.0E+00 +783.91959E-06
+65.62400E-06 +0.0E+00 +0.0E+00
+65.64900E-06 -43.41708496E-03 +0.0E+00
+65.67400E-06 -21.70854244E-03 -261.30653E-06
+65.69900E-06 -65.12562749E-03 +0.0E+00
+65.72400E-06 -21.70854244E-03 +783.91959E-06
+65.74900E-06 +0.0E+00 +522.61306E-06
+65.77400E-06 -43.41708496E-03 +261.30653E-06
+65.79900E-06 -21.70854244E-03 +522.61306E-06
+65.82400E-06 +0.0E+00 -261.30653E-06
+65.84900E-06 -21.70854252E-03 -261.30653E-06
+65.87400E-06 -43.41708496E-03 +783.91959E-06
+65.89900E-06 -43.41708496E-03 +261.30653E-06
+65.92400E-06 -43.41708488E-03 -261.30653E-06
+65.94900E-06 -21.70854252E-03 +522.61306E-06
+65.97400E-06 +0.0E+00 +261.30653E-06
+65.99900E-06 +0.0E+00 +0.0E+00
+66.02400E-06 +0.0E+00 +261.30653E-06
+66.04900E-06 -21.70854252E-03 +522.61306E-06
+66.07400E-06 -21.70854252E-03 +261.30653E-06
+66.09900E-06 +0.0E+00 +522.61306E-06
+66.12400E-06 -21.70854244E-03 +522.61306E-06
+66.14900E-06 +21.70854252E-03 -522.61306E-06
+66.17400E-06 -21.70854252E-03 +783.91959E-06
+66.19900E-06 +0.0E+00 +522.61306E-06
+66.22400E-06 -21.70854244E-03 +522.61306E-06
+66.24900E-06 -21.70854252E-03 +261.30653E-06
+66.27400E-06 -21.70854244E-03 +261.30653E-06
+66.29900E-06 -21.70854244E-03 +0.0E+00
+66.32400E-06 +0.0E+00 +0.0E+00
+66.34900E-06 +0.0E+00 +0.0E+00
+66.37400E-06 -21.70854244E-03 +261.30653E-06
+66.39900E-06 +0.0E+00 +522.61306E-06
+66.42400E-06 +0.0E+00 +783.91959E-06
+66.44900E-06 +90E-12 +261.30653E-06
+66.47400E-06 -21.70854252E-03 +0.0E+00
+66.49900E-06 +0.0E+00 +261.30653E-06
+66.52400E-06 -65.12562740E-03 +261.30653E-06
+66.54900E-06 -21.70854253E-03 +522.61306E-06
+66.57400E-06 -21.70854244E-03 +261.30653E-06
+66.59900E-06 -21.70854253E-03 +522.61306E-06
+66.62400E-06 +0.0E+00 +261.30653E-06
+66.64900E-06 -21.70854244E-03 +522.61306E-06
+66.67400E-06 -21.70854253E-03 +783.91959E-06
+66.69900E-06 -21.70854244E-03 +522.61306E-06
+66.72400E-06 -43.41708496E-03 +261.30653E-06
+66.74900E-06 -21.70854244E-03 +261.30653E-06
+66.77400E-06 -21.70854253E-03 +0.0E+00
+66.79900E-06 +0.0E+00 +0.0E+00
+66.82400E-06 +0.0E+00 +261.30653E-06
+66.84900E-06 -21.70854253E-03 +522.61306E-06
+66.87400E-06 -21.70854253E-03 +522.61306E-06
+66.89900E-06 -43.41708496E-03 +522.61306E-06
+66.92400E-06 -21.70854244E-03 +1.04522612E-03
+66.94900E-06 -43.41708496E-03 +261.30653E-06
+66.97400E-06 -43.41708496E-03 +522.61306E-06
+66.99900E-06 -21.70854244E-03 +522.61306E-06
+67.02400E-06 +0.0E+00 +261.30653E-06
+67.04900E-06 +0.0E+00 +0.0E+00
+67.07400E-06 -21.70854253E-03 +1.04522612E-03
+67.09900E-06 -43.41708496E-03 +783.91959E-06
+67.12400E-06 -43.41708496E-03 +783.91959E-06
+67.14900E-06 -21.70854253E-03 +0.0E+00
+67.17400E-06 -43.41708505E-03 +1.04522612E-03
+67.19900E-06 +0.0E+00 +0.0E+00
+67.22400E-06 -21.70854244E-03 +261.30653E-06
+67.24900E-06 -21.70854253E-03 +261.30653E-06
+67.27400E-06 -21.70854244E-03 +522.61306E-06
+67.29900E-06 -21.70854244E-03 +522.61306E-06
+67.32400E-06 +0.0E+00 +261.30653E-06
+67.34900E-06 -21.70854253E-03 +261.30653E-06
+67.37400E-06 -43.41708496E-03 +0.0E+00
+67.39900E-06 -21.70854244E-03 +261.30653E-06
+67.42400E-06 +0.0E+00 +522.61306E-06
+67.44900E-06 +0.0E+00 +0.0E+00
+67.47400E-06 -21.70854253E-03 +522.61306E-06
+67.49900E-06 +0.0E+00 +522.61306E-06
+67.52400E-06 -21.70854244E-03 +783.91959E-06
+67.54900E-06 -43.41708496E-03 +522.61306E-06
+67.57400E-06 -43.41708496E-03 +261.30653E-06
+67.59900E-06 +0.0E+00 +261.30653E-06
+67.62400E-06 -43.41708496E-03 +261.30653E-06
+67.64900E-06 -21.70854253E-03 +522.61306E-06
+67.67400E-06 -43.41708496E-03 +522.61306E-06
+67.69900E-06 -43.41708496E-03 +0.0E+00
+67.72400E-06 +0.0E+00 +1.04522612E-03
+67.74900E-06 -43.41708496E-03 +783.91959E-06
+67.77400E-06 -43.41708496E-03 +783.91959E-06
+67.79900E-06 -21.70854244E-03 +522.61306E-06
+67.82400E-06 +0.0E+00 +522.61306E-06
+67.84900E-06 -21.70854244E-03 -261.30653E-06
+67.87400E-06 -43.41708496E-03 +522.61306E-06
+67.89900E-06 -21.70854253E-03 +0.0E+00
+67.92400E-06 +0.0E+00 +1.04522612E-03
+67.94900E-06 -43.41708496E-03 +783.91959E-06
+67.97400E-06 -21.70854253E-03 +783.91959E-06
+67.99900E-06 -21.70854244E-03 +783.91959E-06
+68.02400E-06 -21.70854253E-03 +783.91959E-06
+68.04900E-06 -21.70854253E-03 +261.30653E-06
+68.07400E-06 -21.70854253E-03 +783.91959E-06
+68.09900E-06 -65.12562749E-03 +1.04522612E-03
+68.12400E-06 -21.70854244E-03 +522.61306E-06
+68.14900E-06 +0.0E+00 +783.91959E-06
+68.17400E-06 -21.70854253E-03 +261.30653E-06
+68.19900E-06 +0.0E+00 +522.61306E-06
+68.22400E-06 +0.0E+00 +0.0E+00
+68.24900E-06 -21.70854244E-03 +0.0E+00
+68.27400E-06 -21.70854244E-03 +522.61306E-06
+68.29900E-06 -43.41708496E-03 +0.0E+00
+68.32400E-06 -21.70854244E-03 +522.61306E-06
+68.34900E-06 -21.70854253E-03 +783.91959E-06
+68.37400E-06 -21.70854243E-03 +261.30653E-06
+68.39900E-06 +0.0E+00 +522.61306E-06
+68.42400E-06 +0.0E+00 -261.30653E-06
+68.44900E-06 +0.0E+00 -261.30653E-06
+68.47400E-06 -43.41708496E-03 +0.0E+00
+68.49900E-06 -43.41708496E-03 +522.61306E-06
+68.52400E-06 -21.70854253E-03 +522.61306E-06
+68.54900E-06 -21.70854243E-03 +522.61306E-06
+68.57400E-06 +0.0E+00 +261.30653E-06
+68.59900E-06 +0.0E+00 +522.61306E-06
+68.62400E-06 -21.70854253E-03 +261.30653E-06
+68.64900E-06 -21.70854253E-03 +0.0E+00
+68.67400E-06 -43.41708496E-03 +522.61306E-06
+68.69900E-06 -21.70854253E-03 -261.30653E-06
+68.72400E-06 -21.70854243E-03 +522.61306E-06
+68.74900E-06 +0.0E+00 +522.61306E-06
+68.77400E-06 -21.70854243E-03 +522.61306E-06
+68.79900E-06 -21.70854243E-03 +0.0E+00
+68.82400E-06 +0.0E+00 +261.30653E-06
+68.84900E-06 -43.41708496E-03 +261.30653E-06
+68.87400E-06 -21.70854253E-03 +261.30653E-06
+68.89900E-06 -21.70854253E-03 +261.30653E-06
+68.92400E-06 +0.0E+00 +522.61306E-06
+68.94900E-06 -21.70854253E-03 -261.30653E-06
+68.97400E-06 +0.0E+00 +783.91959E-06
+68.99900E-06 +0.0E+00 +783.91959E-06
+69.02400E-06 +0.0E+00 +261.30653E-06
+69.04900E-06 -43.41708496E-03 +0.0E+00
+69.07400E-06 -21.70854253E-03 +261.30653E-06
+69.09900E-06 -21.70854243E-03 +1.04522612E-03
+69.12400E-06 -21.70854243E-03 +522.61306E-06
+69.14900E-06 +0.0E+00 +522.61306E-06
+69.17400E-06 -21.70854253E-03 +261.30653E-06
+69.19900E-06 -21.70854243E-03 +783.91959E-06
+69.22400E-06 -21.70854243E-03 +0.0E+00
+69.24900E-06 +0.0E+00 +0.0E+00
+69.27400E-06 -21.70854253E-03 +783.91959E-06
+69.29900E-06 -21.70854243E-03 +0.0E+00
+69.32400E-06 +0.0E+00 +522.61306E-06
+69.34900E-06 -43.41708496E-03 +522.61306E-06
+69.37400E-06 -21.70854253E-03 +1.04522612E-03
+69.39900E-06 +0.0E+00 +261.30653E-06
+69.42400E-06 +0.0E+00 +783.91959E-06
+69.44900E-06 -21.70854253E-03 +0.0E+00
+69.47400E-06 -43.41708496E-03 +783.91959E-06
+69.49900E-06 -43.41708496E-03 +1.04522612E-03
+69.52400E-06 +21.70854253E-03 +1.04522612E-03
+69.54900E-06 +0.0E+00 +0.0E+00
+69.57400E-06 -43.41708496E-03 +261.30653E-06
+69.59900E-06 +0.0E+00 +522.61306E-06
+69.62400E-06 +0.0E+00 +522.61306E-06
+69.64900E-06 +0.0E+00 +261.30653E-06
+69.67400E-06 +0.0E+00 +783.91959E-06
+69.69900E-06 -21.70854243E-03 +522.61306E-06
+69.72400E-06 -21.70854243E-03 +1.04522612E-03
+69.74900E-06 -21.70854253E-03 +0.0E+00
+69.77400E-06 -43.41708496E-03 +261.30653E-06
+69.79900E-06 +0.0E+00 +783.91959E-06
+69.82400E-06 -21.70854253E-03 +261.30653E-06
+69.84900E-06 -21.70854243E-03 +522.61306E-06
+69.87400E-06 +0.0E+00 +783.91959E-06
+69.89900E-06 +0.0E+00 +783.91959E-06
+69.92400E-06 +0.0E+00 +522.61306E-06
+69.94900E-06 +0.0E+00 +522.61306E-06
+69.97400E-06 +0.0E+00 +1.04522612E-03
+69.99900E-06 +0.0E+00 +0.0E+00
+70.02400E-06 +0.0E+00 +261.30653E-06
+70.04900E-06 +0.0E+00 -261.30653E-06
+70.07400E-06 +0.0E+00 +261.30653E-06
+70.09900E-06 -21.70854243E-03 +522.61306E-06
+70.12400E-06 -43.41708496E-03 +0.0E+00
+70.14900E-06 -21.70854243E-03 +1.04522612E-03
+70.17400E-06 -21.70854253E-03 -261.30653E-06
+70.19900E-06 -21.70854243E-03 +1.56783918E-03
+70.22400E-06 -21.70854253E-03 +783.91959E-06
+70.24900E-06 +0.0E+00 +261.30653E-06
+70.27400E-06 -43.41708496E-03 +783.91959E-06
+70.29900E-06 -43.41708496E-03 +783.91959E-06
+70.32400E-06 -21.70854243E-03 +261.30653E-06
+70.34900E-06 +0.0E+00 +0.0E+00
+70.37400E-06 -21.70854243E-03 +261.30653E-06
+70.39900E-06 +0.0E+00 +522.61306E-06
+70.42400E-06 +0.0E+00 +261.30653E-06
+70.44900E-06 +0.0E+00 +261.30653E-06
+70.47400E-06 -21.70854243E-03 +522.61306E-06
+70.49900E-06 -43.41708496E-03 +783.91959E-06
+70.52400E-06 +0.0E+00 +783.91959E-06
+70.54900E-06 -21.70854253E-03 +783.91959E-06
+70.57400E-06 +0.0E+00 +261.30653E-06
+70.59900E-06 -21.70854253E-03 +783.91959E-06
+70.62400E-06 +0.0E+00 +783.91959E-06
+70.64900E-06 +0.0E+00 +261.30653E-06
+70.67400E-06 -21.70854243E-03 +783.91959E-06
+70.69900E-06 -21.70854243E-03 +783.91959E-06
+70.72400E-06 -43.41708496E-03 +783.91959E-06
+70.74900E-06 -21.70854243E-03 +0.0E+00
+70.77400E-06 -43.41708496E-03 +261.30653E-06
+70.79900E-06 +0.0E+00 +522.61306E-06
+70.82400E-06 +0.0E+00 +522.61306E-06
+70.84900E-06 +0.0E+00 -261.30653E-06
+70.87400E-06 +0.0E+00 +261.30653E-06
+70.89900E-06 -21.70854243E-03 +261.30653E-06
+70.92400E-06 +0.0E+00 +261.30653E-06
+70.94900E-06 +0.0E+00 +783.91959E-06
+70.97400E-06 -21.70854253E-03 +522.61306E-06
+70.99900E-06 +0.0E+00 +261.30653E-06
+71.02400E-06 +0.0E+00 -261.30653E-06
+71.04900E-06 -21.70854253E-03 +0.0E+00
+71.07400E-06 -43.41708496E-03 +261.30653E-06
+71.09900E-06 +0.0E+00 +783.91959E-06
+71.12400E-06 -21.70854243E-03 +783.91959E-06
+71.14900E-06 +0.0E+00 +261.30653E-06
+71.17400E-06 -21.70854253E-03 +0.0E+00
+71.19900E-06 +0.0E+00 +783.91959E-06
+71.22400E-06 -21.70854253E-03 +522.61306E-06
+71.24900E-06 +0.0E+00 +0.0E+00
+71.27400E-06 -43.41708496E-03 +783.91959E-06
+71.29900E-06 -43.41708496E-03 +1.04522612E-03
+71.32400E-06 -43.41708496E-03 +522.61306E-06
+71.34900E-06 +0.0E+00 +783.91959E-06
+71.37400E-06 -21.70854253E-03 +783.91959E-06
+71.39900E-06 -21.70854243E-03 +783.91959E-06
+71.42400E-06 +0.0E+00 +261.30653E-06
+71.44900E-06 -21.70854243E-03 +783.91959E-06
+71.47400E-06 -21.70854243E-03 +522.61306E-06
+71.49900E-06 +0.0E+00 +783.91959E-06
+71.52400E-06 +0.0E+00 +261.30653E-06
+71.54900E-06 -21.70854253E-03 +783.91959E-06
+71.57400E-06 -21.70854243E-03 +522.61306E-06
+71.59900E-06 +0.0E+00 +522.61306E-06
+71.62400E-06 -21.70854243E-03 +261.30653E-06
+71.64900E-06 +0.0E+00 +0.0E+00
+71.67400E-06 -21.70854243E-03 +522.61306E-06
+71.69900E-06 -43.41708496E-03 +522.61306E-06
+71.72400E-06 -21.70854243E-03 +783.91959E-06
+71.74900E-06 -21.70854253E-03 +522.61306E-06
+71.77400E-06 -43.41708496E-03 +522.61306E-06
+71.79900E-06 -21.70854243E-03 +783.91959E-06
+71.82400E-06 +0.0E+00 +783.91959E-06
+71.84900E-06 +0.0E+00 +522.61306E-06
+71.87400E-06 -21.70854253E-03 +783.91959E-06
+71.89900E-06 -21.70854243E-03 +522.61306E-06
+71.92400E-06 -21.70854243E-03 +261.30653E-06
+71.94900E-06 -100E-12 +783.91959E-06
+71.97400E-06 +0.0E+00 +1.04522612E-03
+71.99900E-06 +0.0E+00 +0.0E+00
+72.02400E-06 +0.0E+00 +261.30653E-06
+72.04900E-06 +0.0E+00 +522.61306E-06
+72.07400E-06 -21.70854243E-03 +522.61306E-06
+72.09900E-06 -43.41708496E-03 +522.61306E-06
+72.12400E-06 -43.41708496E-03 +783.91959E-06
+72.14900E-06 +0.0E+00 +783.91959E-06
+72.17400E-06 -43.41708496E-03 +1.04522612E-03
+72.19900E-06 -43.41708496E-03 +1.04522612E-03
+72.22400E-06 -43.41708496E-03 +261.30653E-06
+72.24900E-06 -43.41708496E-03 +261.30653E-06
+72.27400E-06 -21.70854243E-03 +783.91959E-06
+72.29900E-06 -21.70854253E-03 +522.61306E-06
+72.32400E-06 -65.12562739E-03 +522.61306E-06
+72.34900E-06 -21.70854253E-03 +522.61306E-06
+72.37400E-06 +0.0E+00 +0.0E+00
+72.39900E-06 -21.70854243E-03 +783.91959E-06
+72.42400E-06 +0.0E+00 +522.61306E-06
+72.44900E-06 -21.70854253E-03 +0.0E+00
+72.47400E-06 -43.41708496E-03 -261.30653E-06
+72.49900E-06 -43.41708496E-03 +783.91959E-06
+72.52400E-06 +0.0E+00 +783.91959E-06
+72.54900E-06 -43.41708496E-03 +522.61306E-06
+72.57400E-06 -43.41708496E-03 +783.91959E-06
+72.59900E-06 -21.70854243E-03 +783.91959E-06
+72.62400E-06 +0.0E+00 +783.91959E-06
+72.64900E-06 +0.0E+00 +261.30653E-06
+72.67400E-06 -43.41708496E-03 +1.04522612E-03
+72.69900E-06 -21.70854253E-03 +783.91959E-06
+72.72400E-06 +0.0E+00 +522.61306E-06
+72.74900E-06 +0.0E+00 +783.91959E-06
+72.77400E-06 -43.41708506E-03 +261.30653E-06
+72.79900E-06 -21.70854243E-03 +522.61306E-06
+72.82400E-06 +0.0E+00 +0.0E+00
+72.84900E-06 -43.41708496E-03 +261.30653E-06
+72.87400E-06 -21.70854243E-03 +261.30653E-06
+72.89900E-06 +0.0E+00 +522.61306E-06
+72.92400E-06 +0.0E+00 +783.91959E-06
+72.94900E-06 -65.12562749E-03 +522.61306E-06
+72.97400E-06 +0.0E+00 +783.91959E-06
+72.99900E-06 -21.70854243E-03 +522.61306E-06
+73.02400E-06 -21.70854253E-03 +522.61306E-06
+73.04900E-06 -21.70854243E-03 +261.30653E-06
+73.07400E-06 -43.41708496E-03 +1.04522612E-03
+73.09900E-06 -21.70854253E-03 +261.30653E-06
+73.12400E-06 +100E-12 +522.61306E-06
+73.14900E-06 +0.0E+00 +522.61306E-06
+73.17400E-06 +0.0E+00 +261.30653E-06
+73.19900E-06 +0.0E+00 +522.61306E-06
+73.22400E-06 -21.70854253E-03 +0.0E+00
+73.24900E-06 -21.70854253E-03 +0.0E+00
+73.27400E-06 -21.70854243E-03 +261.30653E-06
+73.29900E-06 -21.70854253E-03 +1.04522612E-03
+73.32400E-06 -43.41708496E-03 +522.61306E-06
+73.34900E-06 -21.70854253E-03 +522.61306E-06
+73.37400E-06 +0.0E+00 +261.30653E-06
+73.39900E-06 -21.70854243E-03 +0.0E+00
+73.42400E-06 -43.41708496E-03 +522.61306E-06
+73.44900E-06 +0.0E+00 +0.0E+00
+73.47400E-06 +0.0E+00 +783.91959E-06
+73.49900E-06 -21.70854253E-03 +1.04522612E-03
+73.52400E-06 -21.70854243E-03 +1.04522612E-03
+73.54900E-06 +0.0E+00 +783.91959E-06
+73.57400E-06 -43.41708496E-03 +522.61306E-06
+73.59900E-06 -21.70854243E-03 +783.91959E-06
+73.62400E-06 -21.70854253E-03 +261.30653E-06
+73.64900E-06 +0.0E+00 +522.61306E-06
+73.67400E-06 -21.70854243E-03 +261.30653E-06
+73.69900E-06 -65.12562750E-03 +783.91959E-06
+73.72400E-06 -21.70854243E-03 +522.61306E-06
+73.74900E-06 -21.70854253E-03 +783.91959E-06
+73.77400E-06 -43.41708496E-03 +522.61306E-06
+73.79900E-06 -21.70854243E-03 +261.30653E-06
+73.82400E-06 +0.0E+00 +0.0E+00
+73.84900E-06 -43.41708496E-03 +783.91959E-06
+73.87400E-06 +0.0E+00 +783.91959E-06
+73.89900E-06 -21.70854253E-03 +261.30653E-06
+73.92400E-06 -21.70854243E-03 +522.61306E-06
+73.94900E-06 -21.70854243E-03 +522.61306E-06
+73.97400E-06 -43.41708496E-03 +0.0E+00
+73.99900E-06 -21.70854243E-03 +783.91959E-06
+74.02400E-06 +0.0E+00 +522.61306E-06
+74.04900E-06 -21.70854253E-03 +261.30653E-06
+74.07400E-06 -21.70854253E-03 +783.91959E-06
+74.09900E-06 -43.41708496E-03 +783.91959E-06
+74.12400E-06 -43.41708496E-03 +1.04522612E-03
+74.14900E-06 -21.70854253E-03 +783.91959E-06
+74.17400E-06 -21.70854253E-03 +0.0E+00
+74.19900E-06 -21.70854243E-03 +783.91959E-06
+74.22400E-06 -21.70854243E-03 +261.30653E-06
+74.24900E-06 -21.70854243E-03 +261.30653E-06
+74.27400E-06 -21.70854253E-03 +261.30653E-06
+74.29900E-06 -65.12562750E-03 +261.30653E-06
+74.32400E-06 -21.70854243E-03 +522.61306E-06
+74.34900E-06 -21.70854253E-03 +261.30653E-06
+74.37400E-06 -21.70854253E-03 +1.04522612E-03
+74.39900E-06 +0.0E+00 +522.61306E-06
+74.42400E-06 +0.0E+00 +0.0E+00
+74.44900E-06 -43.41708496E-03 +0.0E+00
+74.47400E-06 -21.70854253E-03 +522.61306E-06
+74.49900E-06 +0.0E+00 +522.61306E-06
+74.52400E-06 -43.41708486E-03 +522.61306E-06
+74.54900E-06 -43.41708496E-03 +1.04522612E-03
+74.57400E-06 -21.70854253E-03 +261.30653E-06
+74.59900E-06 -21.70854243E-03 +261.30653E-06
+74.62400E-06 +0.0E+00 +522.61306E-06
+74.64900E-06 +0.0E+00 +261.30653E-06
+74.67400E-06 -21.70854253E-03 +522.61306E-06
