x-axis 1 2
second Volt Volt
+24.69900E-06 -19.69849318E-03 +0.0E+00
+24.72400E-06 -19.69849318E-03 -723.61808E-06
+24.74900E-06 +0.0E+00 -723.61808E-06
+24.77400E-06 -39.39698637E-03 +723.61808E-06
+24.79900E-06 -19.69849318E-03 -723.61808E-06
+24.82400E-06 +0.0E+00 +0.0E+00
+24.84900E-06 -39.39698637E-03 -361.80904E-06
+24.87400E-06 -19.69849318E-03 -361.80904E-06
+24.89900E-06 +0.0E+00 +0.0E+00
+24.92400E-06 -19.69849318E-03 -361.80904E-06
+24.94900E-06 +0.0E+00 -361.80904E-06
+24.97400E-06 -19.69849318E-03 -361.80904E-06
+24.99900E-06 -19.69849318E-03 -361.80904E-06
+25.02400E-06 +0.0E+00 +0.0E+00
+25.04900E-06 -19.69849318E-03 -361.80904E-06
+25.07400E-06 -19.69849318E-03 +0.0E+00
+25.09900E-06 -39.39698637E-03 +0.0E+00
+25.12400E-06 +0.0E+00 -723.61808E-06
+25.14900E-06 -19.69849318E-03 -361.80904E-06
+25.17400E-06 -19.69849318E-03 -361.80904E-06
+25.19900E-06 -19.69849318E-03 -361.80904E-06
+25.22400E-06 +0.0E+00 +0.0E+00
+25.24900E-06 -19.69849318E-03 +0.0E+00
+25.27400E-06 -19.69849318E-03 +723.61808E-06
+25.29900E-06 -39.39698637E-03 -361.80904E-06
+25.32400E-06 -39.39698636E-03 -361.80904E-06
+25.34900E-06 +0.0E+00 -361.80904E-06
+25.37400E-06 -39.39698637E-03 -361.80904E-06
+25.39900E-06 +0.0E+00 -723.61808E-06
+25.42400E-06 +0.0E+00 -723.61808E-06
+25.44900E-06 -39.39698637E-03 -361.80904E-06
+25.47400E-06 +0.0E+00 +0.0E+00
+25.49900E-06 -39.39698637E-03 -361.80904E-06
+25.52400E-06 -39.39698636E-03 -723.61808E-06
+25.54900E-06 +0.0E+00 +0.0E+00
+25.57400E-06 -39.39698637E-03 +0.0E+00
+25.59900E-06 +0.0E+00 -361.80904E-06
+25.62400E-06 +19.69849318E-03 +0.0E+00
+25.64900E-06 +0.0E+00 -361.80904E-06
+25.67400E-06 -19.69849318E-03 +0.0E+00
+25.69900E-06 -19.69849318E-03 -723.61808E-06
+25.72400E-06 -39.39698637E-03 +0.0E+00
+25.74900E-06 -19.69849318E-03 +0.0E+00
+25.77400E-06 -19.69849318E-03 -361.80904E-06
+25.79900E-06 -19.69849318E-03 +0.0E+00
+25.82400E-06 +0.0E+00 -361.80904E-06
+25.84900E-06 -39.39698637E-03 -361.80904E-06
+25.87400E-06 -19.69849318E-03 +0.0E+00
+25.89900E-06 -39.39698637E-03 +0.0E+00
+25.92400E-06 -19.69849318E-03 +0.0E+00
+25.94900E-06 -39.39698637E-03 +0.0E+00
+25.97400E-06 -39.39698637E-03 -361.80904E-06
+25.99900E-06 +0.0E+00 -723.61808E-06
+26.02400E-06 -19.69849318E-03 -723.61808E-06
+26.04900E-06 +0.0E+00 -723.61808E-06
+26.07400E-06 +0.0E+00 +0.0E+00
+26.09900E-06 -19.69849318E-03 +0.0E+00
+26.12400E-06 -59.09547955E-03 -361.80904E-06
+26.14900E-06 -19.69849318E-03 +361.80904E-06
+26.17400E-06 -39.39698637E-03 -361.80904E-06
+26.19900E-06 -39.39698637E-03 -361.80904E-06
+26.22400E-06 +0.0E+00 -723.61808E-06
+26.24900E-06 -19.69849318E-03 +0.0E+00
+26.27400E-06 +0.0E+00 -361.80904E-06
+26.29900E-06 -39.39698637E-03 -723.61808E-06
+26.32400E-06 -19.69849318E-03 -723.61808E-06
+26.34900E-06 -39.39698637E-03 -361.80904E-06
+26.37400E-06 -39.39698637E-03 -723.61808E-06
+26.39900E-06 +0.0E+00 -723.61808E-06
+26.42400E-06 -19.69849318E-03 -361.80904E-06
+26.44900E-06 -19.69849318E-03 -361.80904E-06
+26.47400E-06 +0.0E+00 +0.0E+00
+26.49900E-06 +0.0E+00 -361.80904E-06
+26.52400E-06 -19.69849318E-03 +0.0E+00
+26.54900E-06 -19.69849318E-03 +723.61808E-06
+26.57400E-06 +0.0E+00 +361.80904E-06
+26.59900E-06 -19.69849318E-03 -361.80904E-06
+26.62400E-06 -19.69849318E-03 -361.80904E-06
+26.64900E-06 -19.69849318E-03 +0.0E+00
+26.67400E-06 +0.0E+00 +361.80904E-06
+26.69900E-06 -59.09547955E-03 -361.80904E-06
+26.72400E-06 -39.39698637E-03 +0.0E+00
+26.74900E-06 -19.69849318E-03 +0.0E+00
+26.77400E-06 +0.0E+00 +0.0E+00
+26.79900E-06 -19.69849318E-03 -361.80904E-06
+26.82400E-06 +0.0E+00 +0.0E+00
+26.84900E-06 -19.69849318E-03 +0.0E+00
+26.87400E-06 -39.39698637E-03 -361.80904E-06
+26.89900E-06 +0.0E+00 -361.80904E-06
+26.92400E-06 -19.69849318E-03 +0.0E+00
+26.94900E-06 -19.69849318E-03 -723.61808E-06
+26.97400E-06 -19.69849318E-03 +0.0E+00
+26.99900E-06 -19.69849318E-03 -361.80904E-06
+27.02400E-06 -39.39698637E-03 -361.80904E-06
+27.04900E-06 -19.69849318E-03 -723.61808E-06
+27.07400E-06 -39.39698637E-03 +0.0E+00
+27.09900E-06 -39.39698637E-03 +0.0E+00
+27.12400E-06 -19.69849318E-03 +361.80904E-06
+27.14900E-06 +0.0E+00 -361.80904E-06
+27.17400E-06 -19.69849319E-03 +0.0E+00
+27.19900E-06 +0.0E+00 -361.80904E-06
+27.22400E-06 +0.0E+00 -723.61808E-06
+27.24900E-06 -19.69849319E-03 -723.61808E-06
+27.27400E-06 -39.39698637E-03 +0.0E+00
+27.29900E-06 -39.39698637E-03 -361.80904E-06
+27.32400E-06 -19.69849318E-03 -723.61808E-06
+27.34900E-06 -39.39698637E-03 -723.61808E-06
+27.37400E-06 -39.39698637E-03 -361.80904E-06
+27.39900E-06 +0.0E+00 -723.61808E-06
+27.42400E-06 +0.0E+00 -361.80904E-06
+27.44900E-06 -19.69849319E-03 +0.0E+00
+27.47400E-06 -19.69849318E-03 +0.0E+00
+27.49900E-06 -19.69849318E-03 +361.80904E-06
+27.52400E-06 -19.69849318E-03 -361.80904E-06
+27.54900E-06 -39.39698637E-03 -723.61808E-06
+27.57400E-06 -39.39698637E-03 -723.61808E-06
+27.59900E-06 -19.69849319E-03 +0.0E+00
+27.62400E-06 -19.69849318E-03 -361.80904E-06
+27.64900E-06 -19.69849319E-03 -361.80904E-06
+27.67400E-06 -19.69849319E-03 +0.0E+00
+27.69900E-06 -19.69849319E-03 -361.80904E-06
+27.72400E-06 +0.0E+00 -361.80904E-06
+27.74900E-06 -19.69849319E-03 -361.80904E-06
+27.77400E-06 +0.0E+00 +723.61808E-06
+27.79900E-06 -39.39698637E-03 -723.61808E-06
+27.82400E-06 +0.0E+00 -361.80904E-06
+27.84900E-06 -19.69849318E-03 +0.0E+00
+27.87400E-06 -39.39698637E-03 -361.80904E-06
+27.89900E-06 -39.39698637E-03 +0.0E+00
+27.92400E-06 -59.09547954E-03 -361.80904E-06
+27.94900E-06 -39.39698637E-03 +0.0E+00
+27.97400E-06 -39.39698637E-03 +0.0E+00
+27.99900E-06 -19.69849318E-03 +0.0E+00
+28.02400E-06 -19.69849318E-03 +0.0E+00
+28.04900E-06 -19.69849319E-03 +0.0E+00
+28.07400E-06 -39.39698637E-03 -361.80904E-06
+28.09900E-06 -39.39698637E-03 +0.0E+00
+28.12400E-06 -19.69849318E-03 -361.80904E-06
+28.14900E-06 -19.69849319E-03 +0.0E+00
+28.17400E-06 -39.39698637E-03 +0.0E+00
+28.19900E-06 -39.39698637E-03 -0.0E+00
+28.22400E-06 -19.69849318E-03 -723.61808E-06
+28.24900E-06 -19.69849319E-03 +0.0E+00
+28.27400E-06 +0.0E+00 +0.0E+00
+28.29900E-06 -39.39698637E-03 +0.0E+00
+28.32400E-06 -19.69849318E-03 -361.80904E-06
+28.34900E-06 +0.0E+00 +0.0E+00
+28.37400E-06 -39.39698637E-03 +0.0E+00
+28.39900E-06 +0.0E+00 -361.80904E-06
+28.42400E-06 -19.69849318E-03 -361.80904E-06
+28.44900E-06 -19.69849319E-03 +361.80904E-06
+28.47400E-06 -39.39698637E-03 -723.61808E-06
+28.49900E-06 -59.09547955E-03 -361.80904E-06
+28.52400E-06 +0.0E+00 +0.0E+00
+28.54900E-06 -39.39698637E-03 -361.80904E-06
+28.57400E-06 -39.39698637E-03 -723.61808E-06
+28.59900E-06 -39.39698637E-03 -723.61808E-06
+28.62400E-06 -19.69849319E-03 -361.80904E-06
+28.64900E-06 -19.69849318E-03 -361.80904E-06
+28.67400E-06 +0.0E+00 +0.0E+00
+28.69900E-06 -39.39698637E-03 +361.80904E-06
+28.72400E-06 +0.0E+00 -361.80904E-06
+28.74900E-06 -19.69849319E-03 +0.0E+00
+28.77400E-06 -39.39698637E-03 +0.0E+00
+28.79900E-06 -39.39698637E-03 +0.0E+00
+28.82400E-06 -19.69849319E-03 -361.80904E-06
+28.84900E-06 -39.39698637E-03 +0.0E+00
+28.87400E-06 -19.69849318E-03 +0.0E+00
+28.89900E-06 -19.69849318E-03 -361.80904E-06
+28.92400E-06 -19.69849318E-03 -361.80904E-06
+28.94900E-06 -19.69849319E-03 +361.80904E-06
+28.97400E-06 -39.39698637E-03 -361.80904E-06
+28.99900E-06 -19.69849318E-03 -361.80904E-06
+29.02400E-06 +0.0E+00 -361.80904E-06
+29.04900E-06 -39.39698637E-03 -361.80904E-06
+29.07400E-06 -19.69849319E-03 -361.80904E-06
+29.09900E-06 -39.39698637E-03 +0.0E+00
+29.12400E-06 -39.39698637E-03 -723.61808E-06
+29.14900E-06 -19.69849318E-03 -361.80904E-06
+29.17400E-06 -39.39698637E-03 +0.0E+00
+29.19900E-06 +0.0E+00 -361.80904E-06
+29.22400E-06 +0.0E+00 +0.0E+00
+29.24900E-06 -39.39698637E-03 -723.61808E-06
+29.27400E-06 -19.69849318E-03 +0.0E+00
+29.29900E-06 -19.69849318E-03 +0.0E+00
+29.32400E-06 -19.69849318E-03 -723.61808E-06
+29.34900E-06 -19.69849319E-03 -723.61808E-06
+29.37400E-06 -39.39698637E-03 +0.0E+00
+29.39900E-06 -19.69849318E-03 -361.80904E-06
+29.42400E-06 +0.0E+00 -723.61808E-06
+29.44900E-06 -39.39698637E-03 +361.80904E-06
+29.47400E-06 -39.39698637E-03 -361.80904E-06
+29.49900E-06 -19.69849318E-03 -361.80904E-06
+29.52400E-06 -39.39698637E-03 +0.0E+00
+29.54900E-06 -19.69849319E-03 +361.80904E-06
+29.57400E-06 -39.39698637E-03 +361.80904E-06
+29.59900E-06 -19.69849318E-03 +361.80904E-06
+29.62400E-06 +0.0E+00 -361.80904E-06
+29.64900E-06 -19.69849318E-03 +0.0E+00
+29.67400E-06 -19.69849318E-03 +0.0E+00
+29.69900E-06 +0.0E+00 +0.0E+00
+29.72400E-06 -39.39698636E-03 +0.0E+00
+29.74900E-06 -19.69849319E-03 -361.80904E-06
+29.77400E-06 -39.39698637E-03 -361.80904E-06
+29.79900E-06 -19.69849318E-03 -361.80904E-06
+29.82400E-06 -19.69849319E-03 -723.61808E-06
+29.84900E-06 -39.39698637E-03 +0.0E+00
+29.87400E-06 -19.69849318E-03 +0.0E+00
+29.89900E-06 -19.69849319E-03 +0.0E+00
+29.92400E-06 -39.39698637E-03 -361.80904E-06
+29.94900E-06 -19.69849319E-03 -361.80904E-06
+29.97400E-06 -19.69849318E-03 -723.61808E-06
+29.99900E-06 -19.69849319E-03 -361.80904E-06
+30.02400E-06 +0.0E+00 -1.08542712E-03
+30.04900E-06 +0.0E+00 -361.80904E-06
+30.07400E-06 -19.69849318E-03 +361.80904E-06
+30.09900E-06 -19.69849318E-03 +0.0E+00
+30.12400E-06 -19.69849318E-03 -361.80904E-06
+30.14900E-06 +19.69849318E-03 -361.80904E-06
+30.17400E-06 -39.39698637E-03 +0.0E+00
+30.19900E-06 +0.0E+00 -361.80904E-06
+30.22400E-06 -39.39698637E-03 -361.80904E-06
+30.24900E-06 -19.69849319E-03 +0.0E+00
+30.27400E-06 +0.0E+00 +0.0E+00
+30.29900E-06 -39.39698638E-03 +723.61808E-06
+30.32400E-06 +0.0E+00 -361.80904E-06
+30.34900E-06 +0.0E+00 -361.80904E-06
+30.37400E-06 -19.69849319E-03 +361.80904E-06
+30.39900E-06 -19.69849318E-03 -361.80904E-06
+30.42400E-06 +0.0E+00 +0.0E+00
+30.44900E-06 +0.0E+00 +0.0E+00
+30.47400E-06 -19.69849319E-03 +723.61808E-06
+30.49900E-06 -59.09547955E-03 +0.0E+00
+30.52400E-06 +0.0E+00 -723.61808E-06
+30.54900E-06 -19.69849318E-03 -723.61808E-06
+30.57400E-06 -39.39698637E-03 +0.0E+00
+30.59900E-06 -19.69849318E-03 -361.80904E-06
+30.62400E-06 -39.39698637E-03 +0.0E+00
+30.64900E-06 -19.69849319E-03 -361.80904E-06
+30.67400E-06 -19.69849319E-03 -723.61808E-06
+30.69900E-06 -59.09547955E-03 +0.0E+00
+30.72400E-06 +10E-12 +0.0E+00
+30.74900E-06 -19.69849319E-03 +0.0E+00
+30.77400E-06 -19.69849319E-03 +0.0E+00
+30.79900E-06 -19.69849318E-03 -723.61808E-06
+30.82400E-06 -19.69849319E-03 -361.80904E-06
+30.84900E-06 -19.69849319E-03 -361.80904E-06
+30.87400E-06 -39.39698637E-03 +0.0E+00
+30.89900E-06 -19.69849319E-03 +0.0E+00
+30.92400E-06 -19.69849318E-03 +0.0E+00
+30.94900E-06 -19.69849319E-03 -723.61808E-06
+30.97400E-06 -39.39698637E-03 +0.0E+00
+30.99900E-06 -19.69849318E-03 -361.80904E-06
+31.02400E-06 +0.0E+00 -361.80904E-06
+31.04900E-06 +0.0E+00 +0.0E+00
+31.07400E-06 -19.69849319E-03 +0.0E+00
+31.09900E-06 -19.69849318E-03 +0.0E+00
+31.12400E-06 -39.39698637E-03 -361.80904E-06
+31.14900E-06 +0.0E+00 +0.0E+00
+31.17400E-06 +0.0E+00 -361.80904E-06
+31.19900E-06 -19.69849318E-03 -361.80904E-06
+31.22400E-06 -19.69849319E-03 +0.0E+00
+31.24900E-06 +0.0E+00 -361.80904E-06
+31.27400E-06 -19.69849319E-03 -361.80904E-06
+31.29900E-06 -39.39698637E-03 -361.80904E-06
+31.32400E-06 -19.69849318E-03 -723.61808E-06
+31.34900E-06 -39.39698637E-03 +0.0E+00
+31.37400E-06 -39.39698637E-03 +0.0E+00
+31.39900E-06 -19.69849318E-03 -723.61808E-06
+31.42400E-06 -19.69849318E-03 -361.80904E-06
+31.44900E-06 +0.0E+00 +0.0E+00
+31.47400E-06 -19.69849318E-03 +0.0E+00
+31.49900E-06 -19.69849319E-03 +0.0E+00
+31.52400E-06 -19.69849318E-03 +0.0E+00
+31.54900E-06 -39.39698637E-03 +0.0E+00
+31.57400E-06 -39.39698637E-03 -723.61808E-06
+31.59900E-06 -19.69849318E-03 +0.0E+00
+31.62400E-06 +0.0E+00 -723.61808E-06
+31.64900E-06 -39.39698637E-03 -0.0E+00
+31.67400E-06 -39.39698637E-03 -361.80904E-06
+31.69900E-06 -39.39698637E-03 +0.0E+00
+31.72400E-06 -39.39698637E-03 +0.0E+00
+31.74900E-06 -39.39698637E-03 -361.80904E-06
+31.77400E-06 -19.69849319E-03 +361.80904E-06
+31.79900E-06 -39.39698637E-03 -361.80904E-06
+31.82400E-06 -19.69849319E-03 +361.80904E-06
+31.84900E-06 -19.69849318E-03 +0.0E+00
+31.87400E-06 -39.39698637E-03 +0.0E+00
+31.89900E-06 -19.69849319E-03 -361.80904E-06
+31.92400E-06 -19.69849318E-03 -361.80904E-06
+31.94900E-06 -19.69849319E-03 -361.80904E-06
+31.97400E-06 -19.69849319E-03 +0.0E+00
+31.99900E-06 -19.69849318E-03 -361.80904E-06
+32.02400E-06 +0.0E+00 -361.80904E-06
+32.04900E-06 -39.39698637E-03 -723.61808E-06
+32.07400E-06 -19.69849319E-03 -361.80904E-06
+32.09900E-06 -39.39698637E-03 -361.80904E-06
+32.12400E-06 -59.09547954E-03 +0.0E+00
+32.14900E-06 +0.0E+00 -361.80904E-06
+32.17400E-06 -39.39698637E-03 +361.80904E-06
+32.19900E-06 +0.0E+00 -361.80904E-06
+32.22400E-06 +0.0E+00 -361.80904E-06
+32.24900E-06 +0.0E+00 -361.80904E-06
+32.27400E-06 -39.39698637E-03 +0.0E+00
+32.29900E-06 -19.69849319E-03 +0.0E+00
+32.32400E-06 -39.39698637E-03 +0.0E+00
+32.34900E-06 -39.39698637E-03 +0.0E+00
+32.37400E-06 -19.69849319E-03 +0.0E+00
+32.39900E-06 -19.69849318E-03 -723.61808E-06
+32.42400E-06 -39.39698637E-03 +0.0E+00
+32.44900E-06 -19.69849318E-03 -361.80904E-06
+32.47400E-06 +0.0E+00 -361.80904E-06
+32.49900E-06 -39.39698637E-03 +0.0E+00
+32.52400E-06 +0.0E+00 +0.0E+00
+32.54900E-06 +0.0E+00 -361.80904E-06
+32.57400E-06 -39.39698637E-03 -723.61808E-06
+32.59900E-06 -19.69849318E-03 -723.61808E-06
+32.62400E-06 +0.0E+00 -1.08542712E-03
+32.64900E-06 +0.0E+00 +0.0E+00
+32.67400E-06 -39.39698637E-03 +0.0E+00
+32.69900E-06 -19.69849318E-03 +361.80904E-06
+32.72400E-06 -39.39698637E-03 +0.0E+00
+32.74900E-06 +0.0E+00 +0.0E+00
+32.77400E-06 -19.69849318E-03 +0.0E+00
+32.79900E-06 -19.69849317E-03 -723.61808E-06
+32.82400E-06 -19.69849319E-03 -361.80904E-06
+32.84900E-06 +0.0E+00 +0.0E+00
+32.87400E-06 -19.69849319E-03 +0.0E+00
+32.89900E-06 -20E-12 -361.80904E-06
+32.92400E-06 -19.69849317E-03 -361.80904E-06
+32.94900E-06 -19.69849319E-03 +0.0E+00
+32.97400E-06 -19.69849319E-03 -361.80904E-06
+32.99900E-06 -19.69849317E-03 -723.61808E-06
+33.02400E-06 -19.69849319E-03 -723.61808E-06
+33.04900E-06 +0.0E+00 +0.0E+00
+33.07400E-06 -39.39698637E-03 +361.80904E-06
+33.09900E-06 -19.69849319E-03 -361.80904E-06
+33.12400E-06 +0.0E+00 -723.61808E-06
+33.14900E-06 +0.0E+00 -361.80904E-06
+33.17400E-06 -39.39698637E-03 -361.80904E-06
+33.19900E-06 -19.69849317E-03 -723.61808E-06
+33.22400E-06 +0.0E+00 -723.61808E-06
+33.24900E-06 -19.69849317E-03 -361.80904E-06
+33.27400E-06 +0.0E+00 -361.80904E-06
+33.29900E-06 -19.69849319E-03 +0.0E+00
+33.32400E-06 -39.39698637E-03 -1.08542712E-03
+33.34900E-06 -39.39698637E-03 +0.0E+00
+33.37400E-06 +0.0E+00 -361.80904E-06
+33.39900E-06 -39.39698637E-03 -723.61808E-06
+33.42400E-06 +0.0E+00 -361.80904E-06
+33.44900E-06 -39.39698637E-03 +361.80904E-06
+33.47400E-06 -39.39698637E-03 +0.0E+00
+33.49900E-06 -39.39698637E-03 -723.61808E-06
+33.52400E-06 -19.69849317E-03 -361.80904E-06
+33.54900E-06 -19.69849317E-03 +0.0E+00
+33.57400E-06 -19.69849317E-03 +0.0E+00
+33.59900E-06 +0.0E+00 -361.80904E-06
+33.62400E-06 -19.69849319E-03 +0.0E+00
+33.64900E-06 -19.69849319E-03 -361.80904E-06
+33.67400E-06 -19.69849319E-03 +0.0E+00
+33.69900E-06 -59.09547956E-03 +0.0E+00
+33.72400E-06 -39.39698637E-03 -723.61808E-06
+33.74900E-06 -19.69849319E-03 +0.0E+00
+33.77400E-06 -19.69849317E-03 +0.0E+00
+33.79900E-06 -39.39698637E-03 -723.61808E-06
+33.82400E-06 +0.0E+00 -1.08542712E-03
+33.84900E-06 +0.0E+00 +0.0E+00
+33.87400E-06 +19.69849317E-03 +0.0E+00
+33.89900E-06 -39.39698637E-03 -361.80904E-06
+33.92400E-06 -19.69849317E-03 -361.80904E-06
+33.94900E-06 -19.69849319E-03 +0.0E+00
+33.97400E-06 -19.69849319E-03 -361.80904E-06
+33.99900E-06 -19.69849317E-03 -0.0E+00
+34.02400E-06 -19.69849317E-03 +0.0E+00
+34.04900E-06 -39.39698637E-03 +0.0E+00
+34.07400E-06 -19.69849319E-03 +0.0E+00
+34.09900E-06 -39.39698637E-03 +361.80904E-06
+34.12400E-06 -19.69849317E-03 +0.0E+00
+34.14900E-06 -19.69849319E-03 -361.80904E-06
+34.17400E-06 +0.0E+00 +361.80904E-06
+34.19900E-06 +0.0E+00 -723.61808E-06
+34.22400E-06 +0.0E+00 -1.08542712E-03
+34.24900E-06 -19.69849317E-03 +0.0E+00
+34.27400E-06 -19.69849319E-03 +0.0E+00
+34.29900E-06 -19.69849319E-03 +0.0E+00
+34.32400E-06 -39.39698635E-03 +0.0E+00
+34.34900E-06 -39.39698637E-03 +0.0E+00
+34.37400E-06 -39.39698637E-03 -361.80904E-06
+34.39900E-06 -39.39698637E-03 -361.80904E-06
+34.42400E-06 +0.0E+00 -1.08542712E-03
+34.44900E-06 -19.69849319E-03 -361.80904E-06
+34.47400E-06 +0.0E+00 +0.0E+00
+34.49900E-06 -39.39698637E-03 +0.0E+00
+34.52400E-06 -39.39698637E-03 -723.61808E-06
+34.54900E-06 -19.69849319E-03 -361.80904E-06
+34.57400E-06 -39.39698637E-03 -361.80904E-06
+34.59900E-06 +0.0E+00 -723.61808E-06
+34.62400E-06 +0.0E+00 -723.61808E-06
+34.64900E-06 -39.39698637E-03 -723.61808E-06
+34.67400E-06 -39.39698637E-03 -361.80904E-06
+34.69900E-06 -39.39698637E-03 -361.80904E-06
+34.72400E-06 -19.69849317E-03 +0.0E+00
+34.74900E-06 +0.0E+00 -361.80904E-06
+34.77400E-06 -19.69849319E-03 +361.80904E-06
+34.79900E-06 -19.69849319E-03 +0.0E+00
+34.82400E-06 -19.69849319E-03 +0.0E+00
+34.84900E-06 +0.0E+00 -361.80904E-06
+34.87400E-06 -19.69849317E-03 +0.0E+00
+34.89900E-06 -19.69849319E-03 +0.0E+00
+34.92400E-06 +0.0E+00 -361.80904E-06
+34.94900E-06 -19.69849319E-03 -361.80904E-06
+34.97400E-06 +0.0E+00 +0.0E+00
+34.99900E-06 -19.69849317E-03 -723.61808E-06
+35.02400E-06 +0.0E+00 -361.80904E-06
+35.04900E-06 -39.39698637E-03 +0.0E+00
+35.07400E-06 -19.69849319E-03 +0.0E+00
+35.09900E-06 -39.39698637E-03 -723.61808E-06
+35.12400E-06 +0.0E+00 -361.80904E-06
+35.14900E-06 -19.69849319E-03 -361.80904E-06
+35.17400E-06 -19.69849317E-03 +0.0E+00
+35.19900E-06 -39.39698637E-03 -361.80904E-06
+35.22400E-06 -19.69849319E-03 -723.61808E-06
+35.24900E-06 +0.0E+00 -361.80904E-06
+35.27400E-06 -39.39698637E-03 +0.0E+00
+35.29900E-06 -19.69849317E-03 +0.0E+00
+35.32400E-06 -19.69849317E-03 +0.0E+00
+35.34900E-06 +0.0E+00 -361.80904E-06
+35.37400E-06 -39.39698637E-03 +0.0E+00
+35.39900E-06 -39.39698637E-03 -361.80904E-06
+35.42400E-06 -19.69849317E-03 -361.80904E-06
+35.44900E-06 -39.39698637E-03 -723.61808E-06
+35.47400E-06 -39.39698637E-03 +0.0E+00
+35.49900E-06 -39.39698637E-03 -361.80904E-06
+35.52400E-06 +0.0E+00 -361.80904E-06
+35.54900E-06 -19.69849319E-03 +0.0E+00
+35.57400E-06 -39.39698637E-03 -361.80904E-06
+35.59900E-06 -39.39698637E-03 -1.08542712E-03
+35.62400E-06 +0.0E+00 -361.80904E-06
+35.64900E-06 +0.0E+00 -361.80904E-06
+35.67400E-06 -19.69849319E-03 +0.0E+00
+35.69900E-06 -19.69849319E-03 -723.61808E-06
+35.72400E-06 -39.39698637E-03 -361.80904E-06
+35.74900E-06 -19.69849319E-03 -723.61808E-06
+35.77400E-06 -39.39698637E-03 +0.0E+00
+35.79900E-06 -19.69849317E-03 -723.61808E-06
+35.82400E-06 +19.69849319E-03 -361.80904E-06
+35.84900E-06 -19.69849319E-03 -361.80904E-06
+35.87400E-06 -19.69849319E-03 -361.80904E-06
+35.89900E-06 -19.69849317E-03 +0.0E+00
+35.92400E-06 -19.69849317E-03 +0.0E+00
+35.94900E-06 -39.39698637E-03 -361.80904E-06
+35.97400E-06 -39.39698637E-03 -361.80904E-06
+35.99900E-06 -19.69849319E-03 -723.61808E-06
+36.02400E-06 -39.39698637E-03 -723.61808E-06
+36.04900E-06 -19.69849319E-03 -723.61808E-06
+36.07400E-06 -39.39698637E-03 +0.0E+00
+36.09900E-06 -19.69849319E-03 -361.80904E-06
+36.12400E-06 +0.0E+00 +0.0E+00
+36.14900E-06 +0.0E+00 -361.80904E-06
+36.17400E-06 -39.39698637E-03 +0.0E+00
+36.19900E-06 -19.69849317E-03 -361.80904E-06
+36.22400E-06 +0.0E+00 -361.80904E-06
+36.24900E-06 -39.39698637E-03 -723.61808E-06
+36.27400E-06 -19.69849319E-03 -361.80904E-06
+36.29900E-06 -59.09547956E-03 -361.80904E-06
+36.32400E-06 -19.69849317E-03 +0.0E+00
+36.34900E-06 -19.69849319E-03 -723.61808E-06
+36.37400E-06 -39.39698637E-03 -723.61808E-06
+36.39900E-06 -19.69849317E-03 -361.80904E-06
+36.42400E-06 -19.69849319E-03 -723.61808E-06
+36.44900E-06 -39.39698637E-03 +0.0E+00
+36.47400E-06 -19.69849319E-03 +0.0E+00
+36.49900E-06 -19.69849319E-03 -361.80904E-06
+36.52400E-06 -19.69849317E-03 -361.80904E-06
+36.54900E-06 +0.0E+00 +0.0E+00
+36.57400E-06 -19.69849319E-03 -361.80904E-06
+36.59900E-06 -19.69849317E-03 +0.0E+00
+36.62400E-06 -59.09547954E-03 -723.61808E-06
+36.64900E-06 -39.39698637E-03 +0.0E+00
+36.67400E-06 -39.39698637E-03 +0.0E+00
+36.69900E-06 -19.69849317E-03 -361.80904E-06
+36.72400E-06 -19.69849317E-03 -361.80904E-06
+36.74900E-06 +0.0E+00 -361.80904E-06
+36.77400E-06 +0.0E+00 +0.0E+00
+36.79900E-06 -39.39698637E-03 -723.61808E-06
+36.82400E-06 -39.39698637E-03 -723.61808E-06
+36.84900E-06 -39.39698637E-03 +0.0E+00
+36.87400E-06 -19.69849317E-03 +0.0E+00
+36.89900E-06 -19.69849317E-03 -723.61808E-06
+36.92400E-06 -19.69849317E-03 -723.61808E-06
+36.94900E-06 +0.0E+00 -723.61808E-06
+36.97400E-06 +0.0E+00 -361.80904E-06
+36.99900E-06 -19.69849317E-03 +0.0E+00
+37.02400E-06 -39.39698637E-03 -723.61808E-06
+37.04900E-06 -19.69849319E-03 +0.0E+00
+37.07400E-06 +0.0E+00 +361.80904E-06
+37.09900E-06 +0.0E+00 +361.80904E-06
+37.12400E-06 +19.69849319E-03 -361.80904E-06
+37.14900E-06 -39.39698637E-03 -361.80904E-06
+37.17400E-06 -59.09547956E-03 -361.80904E-06
+37.19900E-06 -59.09547954E-03 -723.61808E-06
+37.22400E-06 -19.69849317E-03 +361.80904E-06
+37.24900E-06 -39.39698637E-03 +0.0E+00
+37.27400E-06 -19.69849319E-03 +0.0E+00
+37.29900E-06 -19.69849317E-03 -723.61808E-06
+37.32400E-06 -19.69849317E-03 -723.61808E-06
+37.34900E-06 -19.69849319E-03 -723.61808E-06
+37.37400E-06 -39.39698637E-03 +0.0E+00
+37.39900E-06 -19.69849317E-03 -361.80904E-06
+37.42400E-06 -39.39698637E-03 -723.61808E-06
+37.44900E-06 +0.0E+00 +0.0E+00
+37.47400E-06 +0.0E+00 -723.61808E-06
+37.49900E-06 -19.69849317E-03 -723.61808E-06
+37.52400E-06 +0.0E+00 -361.80904E-06
+37.54900E-06 -39.39698637E-03 -361.80904E-06
+37.57400E-06 -39.39698637E-03 +0.0E+00
+37.59900E-06 -19.69849317E-03 -361.80904E-06
+37.62400E-06 +0.0E+00 -723.61808E-06
+37.64900E-06 +0.0E+00 -723.61808E-06
+37.67400E-06 +0.0E+00 -723.61808E-06
+37.69900E-06 -19.69849320E-03 -361.80904E-06
+37.72400E-06 -19.69849320E-03 +0.0E+00
+37.74900E-06 -59.09547956E-03 +0.0E+00
+37.77400E-06 -59.09547956E-03 +0.0E+00
+37.79900E-06 -19.69849317E-03 -1.08542712E-03
+37.82400E-06 +19.69849317E-03 -723.61808E-06
+37.84900E-06 +19.69849317E-03 -361.80904E-06
+37.87400E-06 -39.39698637E-03 -361.80904E-06
+37.89900E-06 -39.39698637E-03 +0.0E+00
+37.92400E-06 -59.09547954E-03 -723.61808E-06
+37.94900E-06 -39.39698637E-03 +0.0E+00
+37.97400E-06 -19.69849320E-03 -361.80904E-06
+37.99900E-06 +0.0E+00 -361.80904E-06
+38.02400E-06 +39.39698637E-03 -723.61808E-06
+38.04900E-06 +19.69849317E-03 -723.61808E-06
+38.07400E-06 -19.69849320E-03 -723.61808E-06
+38.09900E-06 -59.09547954E-03 +0.0E+00
+38.12400E-06 -59.09547954E-03 +361.80904E-06
+38.14900E-06 -59.09547956E-03 -361.80904E-06
+38.17400E-06 +0.0E+00 -723.61808E-06
+38.19900E-06 +19.69849320E-03 -1.08542712E-03
+38.22400E-06 +0.0E+00 -723.61808E-06
+38.24900E-06 -19.69849320E-03 +0.0E+00
+38.27400E-06 -39.39698637E-03 +361.80904E-06
+38.29900E-06 -78.79397273E-03 +0.0E+00
+38.32400E-06 -59.09547954E-03 +0.0E+00
+38.34900E-06 +0.0E+00 +0.0E+00
+38.37400E-06 +19.69849317E-03 -723.61808E-06
+38.39900E-06 +39.39698637E-03 -361.80904E-06
+38.42400E-06 +0.0E+00 -1.08542712E-03
+38.44900E-06 -19.69849320E-03 +0.0E+00
+38.47400E-06 -78.79397273E-03 +0.0E+00
+38.49900E-06 -59.09547956E-03 +0.0E+00
+38.52400E-06 -19.69849317E-03 +361.80904E-06
+38.54900E-06 +19.69849320E-03 -723.61808E-06
+38.57400E-06 +19.69849317E-03 -723.61808E-06
+38.59900E-06 +0.0E+00 -723.61808E-06
+38.62400E-06 -39.39698637E-03 -723.61808E-06
+38.64900E-06 -59.09547956E-03 +0.0E+00
+38.67400E-06 -78.79397273E-03 +361.80904E-06
+38.69900E-06 -39.39698637E-03 +0.0E+00
+38.72400E-06 +0.0E+00 -361.80904E-06
+38.74900E-06 +39.39698637E-03 -723.61808E-06
+38.77400E-06 +0.0E+00 -723.61808E-06
+38.79900E-06 -39.39698637E-03 -723.61808E-06
+38.82400E-06 -78.79397276E-03 +0.0E+00
+38.84900E-06 -78.79397273E-03 +723.61808E-06
+38.87400E-06 -39.39698634E-03 +1.08542712E-03
+38.89900E-06 +0.0E+00 -361.80904E-06
+38.92400E-06 +19.69849320E-03 -723.61808E-06
+38.94900E-06 +39.39698637E-03 -723.61808E-06
+38.97400E-06 -19.69849320E-03 -361.80904E-06
+38.99900E-06 -78.79397273E-03 +0.0E+00
+39.02400E-06 -118.19095910E-03 +0.0E+00
+39.04900E-06 -78.79397273E-03 +361.80904E-06
+39.07400E-06 -19.69849317E-03 +361.80904E-06
+39.09900E-06 +39.39698637E-03 -361.80904E-06
+39.12400E-06 +78.79397273E-03 -1.44723617E-03
+39.14900E-06 +19.69849317E-03 -723.61808E-06
+39.17400E-06 -78.79397273E-03 -361.80904E-06
+39.19900E-06 -98.49246590E-03 -723.61808E-06
+39.22400E-06 -98.49246593E-03 +723.61808E-06
+39.24900E-06 -39.39698637E-03 +0.0E+00
+39.27400E-06 +39.39698637E-03 -723.61808E-06
+39.29900E-06 +59.09547953E-03 -1.44723617E-03
+39.32400E-06 +19.69849320E-03 -1.08542712E-03
+39.34900E-06 -39.39698637E-03 -361.80904E-06
+39.37400E-06 -118.19095910E-03 +0.0E+00
+39.39900E-06 -118.19095910E-03 +361.80904E-06
+39.42400E-06 -59.09547953E-03 +0.0E+00
+39.44900E-06 +19.69849320E-03 -723.61808E-06
+39.47400E-06 +78.79397273E-03 -1.44723617E-03
+39.49900E-06 +39.39698637E-03 -1.44723617E-03
+39.52400E-06 -59.09547956E-03 -723.61808E-06
+39.54900E-06 -118.19095910E-03 +361.80904E-06
+39.57400E-06 -137.88945229E-03 +1.08542712E-03
+39.59900E-06 -59.09547953E-03 -361.80904E-06
+39.62400E-06 +19.69849320E-03 -723.61808E-06
+39.64900E-06 +78.79397273E-03 -1.44723617E-03
+39.67400E-06 +78.79397273E-03 -1.80904521E-03
+39.69900E-06 -19.69849320E-03 -361.80904E-06
+39.72400E-06 -118.19095910E-03 +0.0E+00
+39.74900E-06 -157.58794546E-03 +1.44723617E-03
+39.77400E-06 -98.49246590E-03 +723.61808E-06
+39.79900E-06 +19.69849320E-03 +361.80904E-06
+39.82400E-06 +59.09547956E-03 -1.08542712E-03
+39.84900E-06 +98.49246590E-03 -1.80904521E-03
+39.87400E-06 +39.39698634E-03 -361.80904E-06
+39.89900E-06 -78.79397273E-03 +0.0E+00
+39.92400E-06 -177.28643863E-03 +1.08542712E-03
+39.94900E-06 -118.19095910E-03 +1.08542712E-03
+39.97400E-06 -19.69849317E-03 +723.61808E-06
+39.99900E-06 +78.79397273E-03 -1.08542712E-03
+40.02400E-06 +137.88945226E-03 -2.17085425E-03
+40.04900E-06 +59.09547953E-03 -1.44723617E-03
+40.07400E-06 -39.39698639E-03 +0.0E+00
+40.09900E-06 -157.58794549E-03 +1.44723617E-03
+40.12400E-06 -177.28643863E-03 +1.44723617E-03
+40.14900E-06 -98.49246590E-03 +723.61808E-06
+40.17400E-06 +59.09547956E-03 -723.61808E-06
+40.19900E-06 +157.58794546E-03 -1.80904521E-03
+40.22400E-06 +98.49246590E-03 -1.44723617E-03
+40.24900E-06 -30E-12 -1.08542712E-03
+40.27400E-06 -157.58794546E-03 +361.80904E-06
+40.29900E-06 -196.98493183E-03 +1.44723617E-03
+40.32400E-06 -118.19095907E-03 +1.44723617E-03
+40.34900E-06 +19.69849320E-03 +0.0E+00
+40.37400E-06 +157.58794546E-03 -1.08542712E-03
+40.39900E-06 +137.88945229E-03 -2.53266329E-03
+40.42400E-06 +19.69849317E-03 -1.80904521E-03
+40.44900E-06 -137.88945229E-03 +723.61808E-06
+40.47400E-06 -236.38191819E-03 +2.17085425E-03
+40.49900E-06 -177.28643863E-03 +1.44723617E-03
+40.52400E-06 +30E-12 +361.80904E-06
+40.54900E-06 +157.58794549E-03 -1.44723617E-03
+40.57400E-06 +177.28643863E-03 -1.80904521E-03
+40.59900E-06 +78.79397270E-03 -1.80904521E-03
+40.62400E-06 -118.19095913E-03 +361.80904E-06
+40.64900E-06 -216.68342502E-03 +2.17085425E-03
+40.67400E-06 -216.68342499E-03 +2.17085425E-03
+40.69900E-06 -78.79397270E-03 +1.08542712E-03
+40.72400E-06 +98.49246596E-03 -1.08542712E-03
+40.74900E-06 +196.98493183E-03 -2.17085425E-03
+40.77400E-06 +137.88945226E-03 -2.17085425E-03
+40.79900E-06 -59.09547956E-03 -361.80904E-06
+40.82400E-06 -236.38191822E-03 +1.44723617E-03
+40.84900E-06 -256.08041136E-03 +2.53266329E-03
+40.87400E-06 -118.19095906E-03 +1.80904521E-03
+40.89900E-06 +78.79397276E-03 -723.61808E-06
+40.92400E-06 +236.38191819E-03 -2.89447233E-03
+40.94900E-06 +196.98493183E-03 -3.25628137E-03
+40.97400E-06 +19.69849317E-03 -1.08542712E-03
+40.99900E-06 -196.98493183E-03 +723.61808E-06
+41.02400E-06 -295.47739772E-03 +1.80904521E-03
+41.04900E-06 -196.98493180E-03 +1.80904521E-03
+41.07400E-06 +19.69849323E-03 -361.80904E-06
+41.09900E-06 +216.68342503E-03 -2.17085425E-03
+41.12400E-06 +256.08041136E-03 -3.25628137E-03
+41.14900E-06 +78.79397270E-03 -1.80904521E-03
+41.17400E-06 -177.28643869E-03 +723.61808E-06
+41.19900E-06 -334.87438409E-03 +2.17085425E-03
+41.22400E-06 -236.38191816E-03 +2.89447233E-03
+41.24900E-06 -39.39698633E-03 +723.61808E-06
+41.27400E-06 +216.68342503E-03 -1.80904521E-03
+41.29900E-06 +275.77890456E-03 -3.61809041E-03
+41.32400E-06 +137.88945223E-03 -3.25628137E-03
+41.34900E-06 -118.19095913E-03 -361.80904E-06
+41.37400E-06 -315.17589095E-03 +2.89447233E-03
+41.39900E-06 -334.87438409E-03 +3.25628137E-03
+41.42400E-06 -98.49246590E-03 +1.08542712E-03
+41.44900E-06 +177.28643866E-03 -1.80904521E-03
+41.47400E-06 +334.87438412E-03 -3.97989946E-03
+41.49900E-06 +216.68342496E-03 -3.97989945E-03
+41.52400E-06 -78.79397276E-03 -1.44723616E-03
+41.54900E-06 -334.87438415E-03 +1.80904521E-03
+41.57400E-06 -374.27137045E-03 +3.61809041E-03
+41.59900E-06 -177.28643860E-03 +1.80904521E-03
+41.62400E-06 +137.88945233E-03 -1.08542712E-03
+41.64900E-06 +354.57287729E-03 -3.61809041E-03
+41.67400E-06 +315.17589089E-03 -4.34170850E-03
+41.69900E-06 +39.39698630E-03 -2.89447233E-03
+41.72400E-06 -275.77890459E-03 +1.80904521E-03
+41.74900E-06 -413.66835685E-03 +3.97989946E-03
+41.77400E-06 -295.47739769E-03 +3.61809041E-03
+41.79900E-06 +39.39698643E-03 +361.80904E-06
+41.82400E-06 +334.87438412E-03 -3.25628137E-03
+41.84900E-06 +393.96986362E-03 -4.34170850E-03
+41.87400E-06 +157.58794543E-03 -2.53266329E-03
+41.89900E-06 -236.38191826E-03 +723.61808E-06
+41.92400E-06 -453.06534322E-03 +3.97989946E-03
+41.94900E-06 -374.27137042E-03 +4.34170850E-03
+41.97400E-06 -59.09547950E-03 +1.44723616E-03
+41.99900E-06 +295.47739779E-03 -2.89447233E-03
+42.02400E-06 +433.36685002E-03 -6.15075370E-03
+42.04900E-06 +256.08041132E-03 -4.70351754E-03
+42.07400E-06 -137.88945233E-03 +0.0E+00
+42.09900E-06 -472.76383642E-03 +3.97989946E-03
+42.12400E-06 -472.76383635E-03 +5.06532658E-03
+42.14900E-06 -177.28643859E-03 +2.53266329E-03
+42.17400E-06 +236.38191826E-03 -2.17085425E-03
+42.19900E-06 +453.06534322E-03 -5.42713562E-03
+42.22400E-06 +354.57287725E-03 -5.42713562E-03
+42.24900E-06 -39.39698643E-03 -1.08542712E-03
+42.27400E-06 -433.36685005E-03 +2.89447233E-03
+42.29900E-06 -590.95479548E-03 +5.78894466E-03
+42.32400E-06 -275.77890449E-03 +3.61809041E-03
+42.34900E-06 +177.28643869E-03 -723.61808E-06
+42.37400E-06 +492.46232958E-03 -5.42713562E-03
+42.39900E-06 +472.76383635E-03 -6.15075370E-03
+42.42400E-06 +78.79397266E-03 -3.97989945E-03
+42.44900E-06 -374.27137052E-03 +1.80904521E-03
+42.47400E-06 -610.65328865E-03 +5.78894466E-03
+42.49900E-06 -433.36684998E-03 +5.42713562E-03
+42.52400E-06 +39.39698643E-03 +723.61808E-06
+42.54900E-06 +453.06534322E-03 -4.70351754E-03
+42.57400E-06 +571.25630228E-03 -7.23618083E-03
+42.59900E-06 +236.38191812E-03 -4.70351754E-03
+42.62400E-06 -275.77890463E-03 +361.80904E-06
+42.64900E-06 -630.35178188E-03 +5.42713562E-03
+42.67400E-06 -571.25630225E-03 +6.15075370E-03
+42.69900E-06 -118.19095903E-03 +2.89447233E-03
+42.72400E-06 +413.66835689E-03 -3.25628137E-03
+42.74900E-06 +650.05027501E-03 -6.87437179E-03
+42.77400E-06 +393.96986358E-03 -6.87437179E-03
+42.79900E-06 -137.88945237E-03 -1.44723616E-03
+42.82400E-06 -630.35178188E-03 +5.06532658E-03
+42.84900E-06 -709.14575454E-03 +7.59798987E-03
+42.87400E-06 -275.77890445E-03 +4.70351754E-03
+42.89900E-06 +315.17589099E-03 -1.08542713E-03
+42.92400E-06 +669.74876825E-03 -7.59798987E-03
+42.94900E-06 +531.85931588E-03 -7.95979891E-03
+42.97400E-06 -100E-12 -2.89447233E-03
+42.99900E-06 -571.25630235E-03 +4.34170850E-03
+43.02400E-06 -768.24123411E-03 +8.32160795E-03
+43.04900E-06 -453.06534311E-03 +5.78894466E-03
+43.07400E-06 +177.28643873E-03 -361.80904E-06
+43.09900E-06 +669.74876825E-03 -7.23618083E-03
+43.12400E-06 +689.44726138E-03 -9.04522603E-03
+43.14900E-06 +177.28643856E-03 -5.42713562E-03
+43.17400E-06 -453.06534329E-03 +2.53266329E-03
+43.19900E-06 -827.33671371E-03 +7.95979891E-03
+43.22400E-06 -610.65328861E-03 +7.59798987E-03
+43.24900E-06 +39.39698647E-03 +2.17085425E-03
+43.27400E-06 +669.74876828E-03 -5.42713562E-03
+43.29900E-06 +787.93972727E-03 -9.40703508E-03
+43.32400E-06 +393.96986358E-03 -7.23618083E-03
+43.34900E-06 -334.87438419E-03 +1.08542713E-03
+43.37400E-06 -866.73370007E-03 +8.68341699E-03
+43.39900E-06 -807.63822044E-03 +9.04522603E-03
+43.42400E-06 -196.98493172E-03 +4.34170850E-03
+43.44900E-06 +531.85931602E-03 -3.97989946E-03
+43.47400E-06 +866.73370004E-03 -9.76884412E-03
+43.49900E-06 +590.95479537E-03 -9.04522603E-03
+43.52400E-06 -157.58794557E-03 -1.80904521E-03
+43.54900E-06 -787.93972738E-03 +7.23618083E-03
+43.57400E-06 -945.52767273E-03 +10.49246220E-03
+43.59900E-06 -413.66835675E-03 +7.23618083E-03
+43.62400E-06 +393.96986376E-03 -2.17085425E-03
+43.64900E-06 +906.13068644E-03 -9.76884412E-03
+43.67400E-06 +787.93972723E-03 -10.85427124E-03
+43.69900E-06 +59.09547938E-03 -4.34170849E-03
+43.72400E-06 -728.84424785E-03 +5.06532658E-03
+43.74900E-06 -1.04402013870E+00 +11.21608028E-03
+43.77400E-06 -650.05027494E-03 +8.68341699E-03
+43.79900E-06 +196.98493197E-03 +361.80904E-06
+43.82400E-06 +906.13068648E-03 -9.40703508E-03
+43.84900E-06 +965.22616590E-03 -13.02512549E-03
+43.87400E-06 +334.87438398E-03 -7.59798987E-03
+43.89900E-06 -571.25630246E-03 +2.53266329E-03
+43.92400E-06 -1.10311561827E+00 +10.85427124E-03
+43.94900E-06 -866.73369996E-03 +10.85427124E-03
+43.97400E-06 -39.39698622E-03 +3.61809041E-03
+43.99900E-06 +827.33671378E-03 -7.59798987E-03
+44.02400E-06 +1.10311561823E+00 -13.74874357E-03
+44.04900E-06 +590.95479537E-03 -10.13065316E-03
+44.07400E-06 -354.57287744E-03 +361.80904E-06
+44.09900E-06 -1.08341712514E+00 +10.49246220E-03
+44.12400E-06 -1.06371863179E+00 +13.02512549E-03
+44.14900E-06 -315.17589077E-03 +6.51256274E-03
+44.17400E-06 +689.44726152E-03 -4.70351754E-03
+44.19900E-06 +1.20160808416E+00 -13.38693453E-03
+44.22400E-06 +847.03520672E-03 -12.66331645E-03
+44.24900E-06 -98.49246608E-03 -3.25628137E-03
+44.27400E-06 -1.00462315241E+00 +8.68341699E-03
+44.29900E-06 -1.26070356365E+00 +14.47236165E-03
+44.32400E-06 -610.65328849E-03 +9.40703507E-03
+44.34900E-06 +453.06534337E-03 -2.53266329E-03
+44.37400E-06 +1.20160808420E+00 -12.30150741E-03
+44.39900E-06 +1.06371863179E+00 -15.19597974E-03
+44.42400E-06 +196.98493164E-03 -7.23618082E-03
+44.44900E-06 -866.73370019E-03 +6.87437179E-03
+44.47400E-06 -1.35919602962E+00 +14.83417070E-03
+44.49900E-06 -906.13068629E-03 +13.38693453E-03
+44.52400E-06 +196.98493202E-03 +2.17085425E-03
+44.54900E-06 +1.12281411151E+00 -10.49246220E-03
+44.57400E-06 +1.28040205682E+00 -16.28140686E-03
+44.59900E-06 +512.16082260E-03 -10.13065316E-03
+44.62400E-06 -650.05027520E-03 +2.53266329E-03
+44.64900E-06 -1.39859301603E+00 +14.11055261E-03
+44.67400E-06 -1.18190959085E+00 +15.55778878E-03
+44.69900E-06 -118.19095890E-03 +5.78894466E-03
+44.72400E-06 +984.92465929E-03 -7.95979891E-03
+44.74900E-06 +1.45768849548E+00 -17.36683399E-03
+44.77400E-06 +847.03520668E-03 -13.74874357E-03
+44.79900E-06 -374.27137064E-03 -1.44723616E-03
+44.82400E-06 -1.37889452290E+00 +12.66331645E-03
+44.84900E-06 -1.43799000224E+00 +17.36683398E-03
+44.87400E-06 -472.76383615E-03 +10.13065316E-03
+44.89900E-06 +768.24123430E-03 -5.42713562E-03
+44.92400E-06 +1.53648246829E+00 -17.36683399E-03
+44.94900E-06 +1.18190959080E+00 -17.00502494E-03
+44.97400E-06 -39.39698660E-03 -5.06532658E-03
+44.99900E-06 -1.24100507064E+00 +10.49246220E-03
+45.02400E-06 -1.59557794778E+00 +18.81407015E-03
+45.04900E-06 -866.73369984E-03 +14.11055261E-03
+45.07400E-06 +472.76383662E-03 -723.61809E-06
+45.09900E-06 +1.47738698876E+00 -15.19597974E-03
+45.12400E-06 +1.43799000224E+00 -19.89949727E-03
+45.14900E-06 +334.87438389E-03 -9.76884411E-03
+45.17400E-06 -1.00462315253E+00 +6.87437179E-03
+45.19900E-06 -1.67437192055E+00 +19.53768823E-03
+45.22400E-06 -1.22130657717E+00 +18.09045207E-03
+45.24900E-06 +98.49246617E-03 +3.61809041E-03
+45.27400E-06 +1.35919602974E+00 -12.66331645E-03
+45.29900E-06 +1.67437192047E+00 -21.70854248E-03
+45.32400E-06 +728.84424750E-03 -14.47236165E-03
+45.34900E-06 -709.14575481E-03 +2.17085425E-03
+45.37400E-06 -1.69407041379E+00 +18.09045207E-03
+45.39900E-06 -1.53648246813E+00 +20.62311536E-03
+45.42400E-06 -295.47739748E-03 +9.04522603E-03
+45.44900E-06 +1.14251260479E+00 -9.40703508E-03
+45.47400E-06 +1.81226137280E+00 -21.34673344E-03
+45.49900E-06 +1.16221109756E+00 -19.17587919E-03
+45.52400E-06 -354.57287753E-03 -2.17085425E-03
+45.54900E-06 -1.61527644110E+00 +16.28140686E-03
+45.57400E-06 -1.79256287956E+00 +22.79396960E-03
+45.59900E-06 -728.84424750E-03 +13.38693453E-03
+45.62400E-06 +866.73370028E-03 -5.06532658E-03
+45.64900E-06 +1.85165835921E+00 -20.62311536E-03
+45.67400E-06 +1.53648246809E+00 -22.43216056E-03
+45.69900E-06 +98.49246565E-03 -7.59798987E-03
+45.72400E-06 -1.41829150935E+00 +11.57788933E-03
+45.74900E-06 -1.96984931823E+00 +24.24120577E-03
+45.77400E-06 -1.18190959072E+00 +18.81407015E-03
+45.79900E-06 +492.46232983E-03 +723.61808E-06
+45.82400E-06 +1.75316589340E+00 -19.17587919E-03
+45.84900E-06 +1.81226137268E+00 -24.60301481E-03
+45.87400E-06 +571.25630203E-03 -13.38693453E-03
+45.89900E-06 -1.12281411168E+00 +7.23618083E-03
+45.92400E-06 -2.04864329104E+00 +23.87939673E-03
+45.94900E-06 -1.59557794757E+00 +23.15577865E-03
+45.97400E-06 +39.39698669E-03 +6.51256274E-03
+45.99900E-06 +1.61527644118E+00 -15.91959782E-03
+46.02400E-06 +2.02894479775E+00 -27.49748714E-03
+46.04900E-06 +1.02432164521E+00 -19.53768823E-03
+46.07400E-06 -748.54274123E-03 +1.44723617E-03
+46.09900E-06 -2.00924630475E+00 +21.70854248E-03
+46.12400E-06 -1.93045233178E+00 +26.41206002E-03
+46.14900E-06 -492.46232926E-03 +12.30150740E-03
+46.17400E-06 +1.30010055030E+00 -10.13065316E-03
+46.19900E-06 +2.14713575693E+00 -27.13567810E-03
+46.22400E-06 +1.51678397480E+00 -24.96482385E-03
+46.24900E-06 -256.08041173E-03 -5.06532658E-03
+46.27400E-06 -1.87135685254E+00 +17.72864303E-03
+46.29900E-06 -2.18653274317E+00 +28.58291427E-03
+46.32400E-06 -1.00462315201E+00 +18.45226111E-03
+46.34900E-06 +925.82917990E-03 -4.70351754E-03
+46.37400E-06 +2.16683425018E+00 -24.60301481E-03
+46.39900E-06 +1.91075383853E+00 -28.58291427E-03
+46.42400E-06 +275.77890422E-03 -11.57788932E-03
+46.44900E-06 -1.59557794807E+00 +13.38693453E-03
+46.47400E-06 -2.34412068872E+00 +28.94472331E-03
+46.49900E-06 -1.51678397479E+00 +24.96482385E-03
+46.52400E-06 +413.66835719E-03 +2.17085424E-03
+46.54900E-06 +2.04864329116E+00 -20.98492440E-03
+46.57400E-06 +2.22592972949E+00 -30.75376851E-03
+46.59900E-06 +827.33671334E-03 -19.17587919E-03
+46.62400E-06 -1.20160808446E+00 +7.23618083E-03
+46.64900E-06 -2.40321616837E+00 +27.49748715E-03
+46.67400E-06 -1.95015082485E+00 +28.94472331E-03
+46.69900E-06 -137.88945192E-03 +9.40703507E-03
+46.72400E-06 +1.79256287990E+00 -15.91959782E-03
+46.74900E-06 +2.44261315461E+00 -32.20100468E-03
+46.77400E-06 +1.37889452245E+00 -24.96482385E-03
+46.79900E-06 -728.84424812E-03 +10E-12
+46.82400E-06 -2.30472370252E+00 +24.96482386E-03
+46.84900E-06 -2.34412068859E+00 +32.92462276E-03
+46.87400E-06 -709.14575419E-03 +17.00502494E-03
+46.89900E-06 +1.39859301629E+00 -10.49246220E-03
+46.92400E-06 +2.54110562063E+00 -30.39195948E-03
+46.94900E-06 +1.89105534528E+00 -29.66834139E-03
+46.97400E-06 -137.88945268E-03 -6.87437178E-03
+46.99900E-06 -2.08804027762E+00 +20.98492440E-03
+47.02400E-06 -2.58050260686E+00 +34.01004989E-03
+47.04900E-06 -1.31979904288E+00 +23.87939673E-03
+47.07400E-06 +925.82917999E-03 -2.89447234E-03
+47.09900E-06 +2.46231164798E+00 -27.49748715E-03
+47.12400E-06 +2.32442219538E+00 -34.73366797E-03
+47.14900E-06 +453.06534279E-03 -15.19597973E-03
+47.17400E-06 -1.71376890721E+00 +14.11055262E-03
+47.19900E-06 -2.69869356605E+00 +34.01004989E-03
+47.22400E-06 -1.83195986566E+00 +30.03015043E-03
+47.24900E-06 +334.87438452E-03 +5.42713562E-03
+47.27400E-06 +2.26532671624E+00 -23.51758769E-03
+47.29900E-06 +2.61989959319E+00 -36.54271318E-03
+47.32400E-06 +1.10311561784E+00 -23.15577864E-03
+47.34900E-06 -1.20160808451E+00 +5.78894467E-03
+47.37400E-06 -2.67899507297E+00 +32.20100468E-03
+47.39900E-06 -2.32442219529E+00 +35.09547701E-03
+47.42400E-06 -295.47739733E-03 +13.02512548E-03
+47.44900E-06 +1.93045233221E+00 -17.00502495E-03
+47.47400E-06 +2.79718603194E+00 -36.54271318E-03
+47.49900E-06 +1.71376890652E+00 -30.03015043E-03
+47.52400E-06 -630.35178228E-03 -1.80904520E-03
+47.54900E-06 -2.54110562076E+00 +27.13567811E-03
+47.57400E-06 -2.71839205908E+00 +39.79899455E-03
+47.59900E-06 -965.22616549E-03 +20.98492439E-03
+47.62400E-06 +1.43799000275E+00 -10.13065316E-03
+47.64900E-06 +2.81688452519E+00 -34.73366797E-03
+47.67400E-06 +2.24562822251E+00 -35.81909509E-03
+47.69900E-06 +19.69849272E-03 -10.49246219E-03
+47.72400E-06 -2.18653274356E+00 +21.70854249E-03
+47.74900E-06 -2.91537699099E+00 +39.79899455E-03
+47.77400E-06 -1.61527644058E+00 +29.30653234E-03
+47.79900E-06 +847.03520732E-03 -723.61809E-06
+47.82400E-06 +2.71839205938E+00 -31.11557756E-03
+47.84900E-06 +2.67899507262E+00 -39.79899455E-03
+47.87400E-06 +728.84424729E-03 -20.26130631E-03
+47.89900E-06 -1.73346740047E+00 +13.74874358E-03
+47.92400E-06 -3.03356795017E+00 +38.71356743E-03
+47.94900E-06 -2.24562822247E+00 +36.18090413E-03
+47.97400E-06 +157.58794595E-03 +8.68341699E-03
+47.99900E-06 +2.40321616860E+00 -25.68844194E-03
+48.02400E-06 +2.97447247047E+00 -42.33165784E-03
+48.04900E-06 +1.39859301550E+00 -28.94472330E-03
+48.07400E-06 -1.14251260504E+00 +5.78894467E-03
+48.09900E-06 -2.93507548437E+00 +34.37185893E-03
+48.12400E-06 -2.71839205894E+00 +40.88442167E-03
+48.14900E-06 -531.85931541E-03 +17.36683398E-03
+48.17400E-06 +1.98954781183E+00 -17.00502495E-03
+48.19900E-06 +3.09266342970E+00 -41.24623072E-03
+48.22400E-06 +2.06834178380E+00 -35.81909509E-03
+48.24900E-06 -512.16082329E-03 -4.34170849E-03
+48.27400E-06 -2.67899507311E+00 +30.03015044E-03
+48.29900E-06 -3.03356794999E+00 +43.41708496E-03
+48.32400E-06 -1.28040205640E+00 +27.13567810E-03
+48.34900E-06 +1.39859301644E+00 -8.32160796E-03
+48.37400E-06 +3.01386945706E+00 -38.35175839E-03
+48.39900E-06 +2.58050260663E+00 -41.60803975E-03
+48.42400E-06 +256.08041085E-03 -14.83417069E-03
+48.44900E-06 -2.24562822323E+00 +22.07035153E-03
+48.47400E-06 -3.21085438875E+00 +44.14070305E-03
+48.49900E-06 -1.95015082465E+00 +35.09547701E-03
+48.52400E-06 +689.44726192E-03 +1.44723616E-03
+48.54900E-06 +2.83658301858E+00 -33.28643181E-03
+48.57400E-06 +2.97447247038E+00 -45.94974825E-03
+48.59900E-06 +984.92465863E-03 -24.96482385E-03
+48.62400E-06 -1.69407041417E+00 +12.66331645E-03
+48.64900E-06 -3.19115589568E+00 +41.96984880E-03
+48.67400E-06 -2.52140712701E+00 +41.96984879E-03
+48.69900E-06 -39.39698581E-03 +11.93969836E-03
+48.72400E-06 +2.46231164818E+00 -24.96482386E-03
+48.74900E-06 +3.23055288186E+00 -46.31155729E-03
+48.77400E-06 +1.69407041320E+00 -32.92462276E-03
+48.79900E-06 -1.00462315285E+00 +2.17085426E-03
+48.82400E-06 -3.03356795036E+00 +37.26633126E-03
+48.84900E-06 -2.99417096349E+00 +45.94974825E-03
+48.87400E-06 -768.24123354E-03 +23.15577864E-03
+48.89900E-06 +1.93045233232E+00 -15.91959783E-03
+48.92400E-06 +3.28964836157E+00 -44.50251209E-03
+48.94900E-06 +2.36381918150E+00 -40.88442167E-03
+48.97400E-06 -334.87438469E-03 -7.95979890E-03
+48.99900E-06 -2.71839205953E+00 +29.66834140E-03
+49.02400E-06 -3.26994986818E+00 +47.03517538E-03
+49.04900E-06 -1.53648246773E+00 +31.47738659E-03
+49.07400E-06 +1.30010055057E+00 -5.78894467E-03
+49.09900E-06 +3.17145740257E+00 -39.79899455E-03
+49.12400E-06 +2.85628151118E+00 -46.31155729E-03
+49.14900E-06 +472.76383582E-03 -18.81407014E-03
+49.17400E-06 -2.22592973009E+00 +21.34673345E-03
+49.19900E-06 -3.38814082742E+00 +47.03517538E-03
+49.22400E-06 -2.20623123599E+00 +39.43718550E-03
+49.24900E-06 +571.25630288E-03 +4.70351753E-03
+49.27400E-06 +2.89567849816E+00 -32.92462277E-03
+49.29900E-06 +3.21085438856E+00 -48.84422058E-03
+49.32400E-06 +1.22130657676E+00 -29.66834138E-03
+49.34900E-06 -1.59557794829E+00 +11.21608029E-03
+49.37400E-06 -3.30934685483E+00 +43.77889401E-03
+49.39900E-06 -2.77748753840E+00 +45.22613016E-03
+49.42400E-06 -236.38191758E-03 +15.55778877E-03
+49.44900E-06 +2.42291466187E+00 -24.96482386E-03
+49.47400E-06 +3.36844233421E+00 -48.48241154E-03
+49.49900E-06 +1.96984931774E+00 -38.71356742E-03
+49.52400E-06 -866.73370061E-03 -361.80903E-06
+49.54900E-06 -3.07296493673E+00 +37.26633127E-03
+49.57400E-06 -3.19115589540E+00 +49.56783866E-03
+49.59900E-06 -1.00462315172E+00 +25.68844193E-03
+49.62400E-06 +1.83195986649E+00 -14.83417070E-03
+49.64900E-06 +3.34874384115E+00 -45.58793921E-03
+49.67400E-06 +2.56080411336E+00 -45.22613016E-03
+49.69900E-06 -78.79397331E-03 -11.21608027E-03
+49.72400E-06 -2.67899507322E+00 +29.30653236E-03
+49.74900E-06 -3.40783932053E+00 +49.92964771E-03
+49.77400E-06 -1.75316589270E+00 +36.18090413E-03
+49.79900E-06 +1.12281411197E+00 -3.97989946E-03
+49.82400E-06 +3.15175890947E+00 -40.88442168E-03
+49.84900E-06 +3.03356794984E+00 -49.20602962E-03
+49.87400E-06 +689.44726079E-03 -22.43216056E-03
+49.89900E-06 -2.12743726421E+00 +19.17587920E-03
+49.92400E-06 -3.46693480020E+00 +48.84422059E-03
+49.94900E-06 -2.42291466101E+00 +42.69346687E-03
+49.97400E-06 +315.17589150E-03 +8.32160794E-03
+49.99900E-06 +2.79718603233E+00 -32.92462277E-03
+50.02400E-06 +3.30934685454E+00 -50.65326579E-03
+50.04900E-06 +1.45768849494E+00 -32.56281371E-03
+50.07400E-06 -1.41829150969E+00 +8.68341700E-03
+50.09900E-06 -3.28964836167E+00 +43.41708497E-03
+50.12400E-06 -2.95477397706E+00 +48.48241154E-03
+50.14900E-06 -492.46232896E-03 +19.17587918E-03
+50.17400E-06 +2.26532671647E+00 -22.43216057E-03
+50.19900E-06 +3.40783932062E+00 -49.92964771E-03
+50.22400E-06 +2.16683424960E+00 -41.24623071E-03
+50.24900E-06 -669.74876880E-03 -2.89447232E-03
+50.27400E-06 -2.99417096406E+00 +37.26633127E-03
+50.29900E-06 -3.28964836133E+00 +51.37688387E-03
+50.32400E-06 -1.28040205626E+00 +30.03015042E-03
+50.34900E-06 +1.61527644152E+00 -11.57788933E-03
+50.37400E-06 +3.30934685483E+00 -45.58793921E-03
+50.39900E-06 +2.69869356565E+00 -47.39698441E-03
+50.42400E-06 +118.19095850E-03 -14.83417069E-03
+50.44900E-06 -2.50170863462E+00 +28.22110523E-03
+50.47400E-06 -3.44723630689E+00 +51.73869291E-03
+50.49900E-06 -1.98954781093E+00 +39.07537646E-03
+50.52400E-06 +906.13068700E-03 -10E-12
+50.54900E-06 +3.05326644358E+00 -38.35175839E-03
+50.57400E-06 +3.09266342940E+00 -51.01507483E-03
+50.59900E-06 +886.43219265E-03 -25.68844193E-03
+50.62400E-06 -1.87135685287E+00 +16.28140687E-03
+50.64900E-06 -3.38814082747E+00 +48.12060250E-03
+50.67400E-06 -2.56080411335E+00 +45.22613016E-03
+50.69900E-06 +118.19095969E-03 +12.30150740E-03
+50.72400E-06 +2.63959808688E+00 -30.39195948E-03
+50.74900E-06 +3.32904534774E+00 -51.37688387E-03
+50.77400E-06 +1.65467342674E+00 -35.09547700E-03
+50.79900E-06 -1.20160808467E+00 +5.42713563E-03
+50.82400E-06 -3.17145740263E+00 +42.33165784E-03
+50.84900E-06 -3.01386945667E+00 +50.29145675E-03
+50.87400E-06 -650.05027440E-03 +22.43216055E-03
+50.89900E-06 +2.06834178466E+00 -19.53768824E-03
+50.92400E-06 +3.30934685474E+00 -49.20602963E-03
+50.94900E-06 +2.26532671553E+00 -43.05527591E-03
+50.97400E-06 -433.36685062E-03 -6.51256274E-03
+50.99900E-06 -2.75778904587E+00 +34.37185893E-03
+51.02400E-06 -3.23055288180E+00 +51.37688387E-03
+51.04900E-06 -1.39859301539E+00 +32.20100467E-03
+51.07400E-06 +1.41829150971E+00 -8.32160796E-03
+51.09900E-06 +3.17145740258E+00 -43.77889401E-03
+51.12400E-06 +2.73809055206E+00 -48.12060250E-03
+51.14900E-06 +354.57287668E-03 -18.45226110E-03
+51.17400E-06 -2.30472370280E+00 +24.60301482E-03
+51.19900E-06 -3.30934685464E+00 +50.29145675E-03
+51.22400E-06 -2.06834178370E+00 +39.79899454E-03
+51.24900E-06 +669.74876882E-03 +2.53266328E-03
+51.27400E-06 +2.85628151182E+00 -36.54271318E-03
+51.29900E-06 +3.03356794993E+00 -51.01507483E-03
+51.32400E-06 +1.06371863125E+00 -28.58291426E-03
+51.34900E-06 -1.63497493470E+00 +13.74874358E-03
+51.37400E-06 -3.17145740254E+00 +46.67336634E-03
+51.39900E-06 -2.58050260654E+00 +45.94974825E-03
+51.42400E-06 -98.49246532E-03 +13.74874356E-03
+51.44900E-06 +2.36381918233E+00 -27.49748715E-03
+51.47400E-06 +3.19115589554E+00 -49.56783867E-03
+51.49900E-06 +1.75316589272E+00 -36.90452221E-03
+51.52400E-06 -945.52767333E-03 +2.17085426E-03
+51.54900E-06 -2.91537699129E+00 +39.43718551E-03
+51.57400E-06 -2.95477397714E+00 +49.92964770E-03
+51.59900E-06 -807.63821990E-03 +24.96482385E-03
+51.62400E-06 +1.79256288011E+00 -16.64321591E-03
+51.64900E-06 +3.11236192291E+00 -46.67336634E-03
+51.67400E-06 +2.26532671562E+00 -44.14070304E-03
+51.69900E-06 -196.98493245E-03 -9.76884411E-03
+51.72400E-06 -2.50170863453E+00 +31.47738660E-03
+51.74900E-06 -3.09266342955E+00 +50.29145675E-03
+51.77400E-06 -1.51678397452E+00 +33.64824084E-03
+51.79900E-06 +1.10311561875E+00 -5.42713563E-03
+51.82400E-06 +2.89567849803E+00 -40.88442168E-03
+51.84900E-06 +2.63959808616E+00 -47.75879346E-03
+51.87400E-06 +512.16082218E-03 -19.89949727E-03
+51.89900E-06 -1.95015082553E+00 +21.34673345E-03
+51.92400E-06 -3.09266342970E+00 +47.39698442E-03
+51.94900E-06 -2.08804027694E+00 +40.52261263E-03
+51.97400E-06 +433.36685059E-03 +5.78894465E-03
+51.99900E-06 +2.54110562090E+00 -32.92462277E-03
+52.02400E-06 +2.89567849767E+00 -48.84422058E-03
+52.04900E-06 +1.22130657680E+00 -29.66834138E-03
+52.07400E-06 -1.35919603010E+00 +10.49246221E-03
+52.09900E-06 -2.93507548435E+00 +42.69346688E-03
+52.12400E-06 -2.50170863386E+00 +45.58793921E-03
+52.14900E-06 -275.77890398E-03 +15.91959781E-03
+52.17400E-06 +2.02894479821E+00 -23.15577866E-03
+52.19900E-06 +2.93507548419E+00 -47.03517538E-03
+52.22400E-06 +1.77286438602E+00 -36.90452221E-03
+52.24900E-06 -689.44726195E-03 -1.08542711E-03
+52.27400E-06 -2.61989959353E+00 +35.09547702E-03
+52.29900E-06 -2.77748753857E+00 +47.03517537E-03
+52.32400E-06 -965.22616545E-03 +26.05025097E-03
+52.34900E-06 +1.49708548236E+00 -12.66331646E-03
+52.37400E-06 +2.83658301841E+00 -43.05527593E-03
+52.39900E-06 +2.20623123614E+00 -42.33165783E-03
+52.42400E-06 -19.69849374E-03 -11.57788931E-03
+52.44900E-06 -2.16683425047E+00 +26.77386907E-03
+52.47400E-06 -2.85628151146E+00 +46.67336633E-03
+52.49900E-06 -1.55618096098E+00 +33.64824084E-03
+52.52400E-06 +827.33671420E-03 -2.17085426E-03
+52.54900E-06 +2.56080411396E+00 -35.81909510E-03
+52.57400E-06 +2.50170863396E+00 -44.86432113E-03
+52.59900E-06 +650.05027446E-03 -20.98492439E-03
+52.62400E-06 -1.63497493462E+00 +16.28140687E-03
+52.64900E-06 -2.77748753878E+00 +43.77889401E-03
+52.67400E-06 -1.96984931789E+00 +39.43718550E-03
+52.69900E-06 +177.28643915E-03 +7.95979890E-03
+52.72400E-06 +2.16683425042E+00 -27.85929619E-03
+52.74900E-06 +2.63959808637E+00 -45.22613017E-03
+52.77400E-06 +1.22130657684E+00 -29.66834138E-03
+52.79900E-06 -1.02432164598E+00 +6.51256275E-03
+52.82400E-06 -2.54110562075E+00 +37.62814031E-03
+52.84900E-06 -2.32442219528E+00 +42.33165784E-03
+52.87400E-06 -453.06534269E-03 +17.36683398E-03
+52.89900E-06 +1.69407041409E+00 -19.17587920E-03
+52.92400E-06 +2.61989959332E+00 -42.33165784E-03
+52.94900E-06 +1.69407041333E+00 -36.18090413E-03
+52.97400E-06 -433.36685056E-03 -3.25628136E-03
+52.99900E-06 -2.22592972988E+00 +30.39195948E-03
+53.02400E-06 -2.48201014091E+00 +43.05527592E-03
+53.04900E-06 -1.04402013822E+00 +25.68844193E-03
+53.07400E-06 +1.14251260508E+00 -8.32160796E-03
+53.09900E-06 +2.48201014112E+00 -37.62814030E-03
+53.12400E-06 +2.02894479751E+00 -39.79899454E-03
+53.14900E-06 +196.98493134E-03 -13.02512548E-03
+53.17400E-06 -1.77286438682E+00 +22.79396961E-03
+53.19900E-06 -2.52140712738E+00 +42.33165784E-03
+53.22400E-06 -1.47738698829E+00 +31.47738659E-03
+53.24900E-06 +551.55780961E-03 +361.80903E-06
+53.27400E-06 +2.18653274347E+00 -31.11557756E-03
+53.29900E-06 +2.24562822260E+00 -41.24623071E-03
+53.32400E-06 +709.14575408E-03 -21.70854247E-03
+53.34900E-06 -1.30010055044E+00 +13.02512550E-03
+53.37400E-06 -2.40321616839E+00 +37.98994935E-03
+53.39900E-06 -1.87135685199E+00 +35.81909509E-03
+53.42400E-06 +500E-12 +9.40703507E-03
+53.44900E-06 +1.81226137313E+00 -23.51758769E-03
+53.47400E-06 +2.32442219550E+00 -40.52261263E-03
+53.49900E-06 +1.18190959052E+00 -28.58291426E-03
+53.52400E-06 -748.54274138E-03 +4.34170850E-03
+53.54900E-06 -2.16683425026E+00 +32.20100468E-03
+53.57400E-06 -2.06834178399E+00 +38.35175838E-03
+53.59900E-06 -531.85931546E-03 +17.72864302E-03
+53.62400E-06 +1.33949753681E+00 -15.19597974E-03
+53.64900E-06 +2.26532671603E+00 -37.26633126E-03
+53.67400E-06 +1.59557794749E+00 -32.92462276E-03
+53.69900E-06 -216.68342548E-03 -5.42713561E-03
+53.72400E-06 -1.85165835945E+00 +24.96482386E-03
+53.74900E-06 -2.20623123635E+00 +38.71356742E-03
+53.77400E-06 -1.00462315190E+00 +24.60301481E-03
+53.79900E-06 +866.73370043E-03 -6.87437179E-03
+53.82400E-06 +2.06834178432E+00 -32.56281373E-03
+53.84900E-06 +1.79256287937E+00 -36.18090413E-03
+53.87400E-06 +295.47739732E-03 -13.74874356E-03
+53.89900E-06 -1.45768849585E+00 +17.36683399E-03
+53.92400E-06 -2.16683425009E+00 +36.18090414E-03
+53.94900E-06 -1.37889452245E+00 +29.30653234E-03
+53.97400E-06 +334.87438453E-03 +2.17085424E-03
+53.99900E-06 +1.77286438666E+00 -26.05025098E-03
+54.02400E-06 +1.95015082494E+00 -36.54271318E-03
+54.04900E-06 +748.54274055E-03 -20.98492439E-03
+54.07400E-06 -984.92465947E-03 +9.40703508E-03
+54.09900E-06 -2.00924630474E+00 +31.83919564E-03
+54.12400E-06 -1.67437192027E+00 +32.56281372E-03
+54.14900E-06 -137.88945186E-03 +10.13065315E-03
+54.17400E-06 +1.43799000259E+00 -19.17587920E-03
+54.19900E-06 +1.98954781142E+00 -34.37185893E-03
+54.22400E-06 +1.14251260425E+00 -26.05025097E-03
+54.24900E-06 -551.55780951E-03 +1.08542713E-03
+54.27400E-06 -1.75316589346E+00 +26.77386906E-03
+54.29900E-06 -1.79256287948E+00 +33.28643180E-03
+54.32400E-06 -590.95479508E-03 +16.64321590E-03
+54.34900E-06 +1.02432164584E+00 -10.85427125E-03
+54.37400E-06 +1.85165835923E+00 -31.11557756E-03
+54.39900E-06 +1.37889452256E+00 -29.66834139E-03
+54.42400E-06 -78.79397313E-03 -7.23618082E-03
+54.44900E-06 -1.47738698896E+00 +19.89949728E-03
+54.47400E-06 -1.85165835911E+00 +32.56281372E-03
+54.49900E-06 -945.52767242E-03 +21.70854248E-03
+54.52400E-06 +571.25630267E-03 -3.25628138E-03
+54.54900E-06 +1.67437192067E+00 -26.05025098E-03
+54.57400E-06 +1.53648246808E+00 -31.47738660E-03
+54.59900E-06 +354.57287694E-03 -13.38693452E-03
+54.62400E-06 -1.10311561852E+00 +13.02512549E-03
+54.64900E-06 -1.79256287965E+00 +30.03015043E-03
+54.67400E-06 -1.24100507025E+00 +25.68844193E-03
+54.69900E-06 +157.58794581E-03 +3.97989945E-03
+54.72400E-06 +1.39859301617E+00 -20.62311536E-03
+54.74900E-06 +1.65467342723E+00 -31.11557756E-03
+54.77400E-06 +689.44726108E-03 -19.17587919E-03
+54.79900E-06 -709.14575492E-03 +5.42713563E-03
+54.82400E-06 -1.59557794788E+00 +25.68844194E-03
+54.84900E-06 -1.43799000213E+00 +27.85929618E-03
+54.87400E-06 -236.38191784E-03 +10.13065315E-03
+54.89900E-06 +1.04402013894E+00 -14.11055262E-03
+54.92400E-06 +1.57587945461E+00 -27.85929618E-03
+54.94900E-06 +984.92465884E-03 -22.79396960E-03
+54.97400E-06 -315.17589127E-03 -1.44723616E-03
+54.99900E-06 -1.39859301611E+00 +20.26130632E-03
+55.02400E-06 -1.51678397498E+00 +27.85929618E-03
+55.04900E-06 -590.95479513E-03 +14.83417069E-03
+55.07400E-06 +709.14575487E-03 -7.59798987E-03
+55.09900E-06 +1.49708548194E+00 -25.32663290E-03
+55.12400E-06 +1.18190959078E+00 -25.68844193E-03
+55.14900E-06 +39.39698601E-03 -7.59798986E-03
+55.17400E-06 -1.14251260483E+00 +14.47236166E-03
+55.19900E-06 -1.47738698867E+00 +27.13567810E-03
+55.22400E-06 -847.03520659E-03 +19.17587919E-03
+55.24900E-06 +334.87438443E-03 -1.08542713E-03
+55.27400E-06 +1.31979904338E+00 -20.62311536E-03
+55.29900E-06 +1.30010054994E+00 -25.68844193E-03
+55.32400E-06 +374.27137021E-03 -13.02512548E-03
+55.34900E-06 -787.93972760E-03 +9.04522604E-03
+55.37400E-06 -1.41829150921E+00 +24.24120577E-03
+55.39900E-06 -1.04402013842E+00 +22.43216056E-03
+55.42400E-06 +59.09547981E-03 +4.70351753E-03
+55.44900E-06 +1.04402013889E+00 -14.47236166E-03
+55.47400E-06 +1.30010055000E+00 -25.32663289E-03
+55.49900E-06 +630.35178161E-03 -16.28140686E-03
+55.52400E-06 -453.06534347E-03 +3.25628138E-03
+55.54900E-06 -1.26070356381E+00 +20.26130632E-03
+55.57400E-06 -1.16221109763E+00 +23.15577865E-03
+55.59900E-06 -275.77890426E-03 +9.04522603E-03
+55.62400E-06 +787.93972754E-03 -10.13065316E-03
+55.64900E-06 +1.26070356369E+00 -22.07035152E-03
+55.67400E-06 +866.73369986E-03 -19.53768823E-03
+55.69900E-06 -177.28643891E-03 -2.89447233E-03
+55.72400E-06 -1.04402013883E+00 +15.55778878E-03
+55.74900E-06 -1.20160808405E+00 +23.15577865E-03
+55.77400E-06 -531.85931566E-03 +14.11055261E-03
+55.79900E-06 +492.46232983E-03 -4.70351754E-03
+55.82400E-06 +1.12281411150E+00 -19.89949728E-03
+55.84900E-06 +965.22616580E-03 -20.98492440E-03
+55.87400E-06 +118.19095886E-03 -7.23618082E-03
+55.89900E-06 -807.63822070E-03 +11.21608029E-03
+55.92400E-06 -1.18190959096E+00 +20.98492440E-03
+55.94900E-06 -728.84424755E-03 +16.28140686E-03
+55.97400E-06 +216.68342528E-03 +723.61808E-06
+55.99900E-06 +945.52767289E-03 -16.28140686E-03
+56.02400E-06 +1.00462315223E+00 -20.98492440E-03
+56.04900E-06 +354.57287705E-03 -11.21608028E-03
+56.07400E-06 -571.25630251E-03 +5.78894467E-03
+56.09900E-06 -1.08341712514E+00 +17.72864303E-03
+56.12400E-06 -866.73369986E-03 +18.09045207E-03
+56.14900E-06 -39.39698612E-03 +4.70351753E-03
+56.17400E-06 +748.54274106E-03 -11.21608029E-03
+56.19900E-06 +1.02432164544E+00 -20.62311536E-03
+56.22400E-06 +551.55780893E-03 -14.47236165E-03
+56.24900E-06 -295.47739795E-03 +723.61809E-06
+56.27400E-06 -945.52767289E-03 +14.83417070E-03
+56.29900E-06 -906.13068634E-03 +18.45226111E-03
+56.32400E-06 -295.47739753E-03 +9.04522603E-03
+56.34900E-06 +512.16082293E-03 -7.23618083E-03
+56.37400E-06 +965.22616598E-03 -17.72864303E-03
+56.39900E-06 +650.05027488E-03 -15.91959782E-03
+56.42400E-06 -59.09547976E-03 -3.25628137E-03
+56.44900E-06 -748.54274112E-03 +10.85427124E-03
+56.47400E-06 -906.13068640E-03 +17.72864303E-03
+56.49900E-06 -453.06534305E-03 +11.93969836E-03
+56.52400E-06 +295.47739795E-03 -2.53266329E-03
+56.54900E-06 +827.33671373E-03 -14.11055261E-03
+56.57400E-06 +728.84424767E-03 -16.64321590E-03
+56.59900E-06 +157.58794528E-03 -7.59798987E-03
+56.62400E-06 -571.25630245E-03 +7.23618083E-03
+56.64900E-06 -886.43219325E-03 +15.55778878E-03
+56.67400E-06 -590.95479530E-03 +13.02512549E-03
+56.69900E-06 +98.49246607E-03 +1.80904520E-03
+56.72400E-06 +689.44726149E-03 -11.57788933E-03
+56.74900E-06 +787.93972725E-03 -16.64321590E-03
+56.77400E-06 +295.47739752E-03 -9.40703507E-03
+56.79900E-06 -374.27137062E-03 +3.61809042E-03
+56.82400E-06 -787.93972737E-03 +13.38693453E-03
+56.84900E-06 -669.74876809E-03 +14.11055261E-03
+56.87400E-06 -118.19095891E-03 +4.70351753E-03
+56.89900E-06 +512.16082287E-03 -7.59798987E-03
+56.92400E-06 +748.54274094E-03 -14.83417070E-03
+56.94900E-06 +433.36684989E-03 -11.57788932E-03
+56.97400E-06 -177.28643880E-03 -361.80904E-06
+56.99900E-06 -650.05027512E-03 +10.85427124E-03
+57.02400E-06 -709.14575451E-03 +13.38693453E-03
+57.04900E-06 -256.08041122E-03 +7.23618082E-03
+57.07400E-06 +374.27137063E-03 -4.70351754E-03
+57.09900E-06 +689.44726142E-03 -13.02512549E-03
+57.12400E-06 +531.85931584E-03 -12.30150740E-03
+57.14900E-06 -19.69849334E-03 -3.61809041E-03
+57.17400E-06 -551.55780924E-03 +7.95979891E-03
+57.19900E-06 -709.14575451E-03 +12.30150741E-03
+57.22400E-06 -393.96986353E-03 +9.40703507E-03
+57.24900E-06 +177.28643880E-03 -1.08542713E-03
+57.27400E-06 +571.25630233E-03 -10.85427124E-03
+57.29900E-06 +551.55780905E-03 -13.02512549E-03
+57.32400E-06 +137.88945212E-03 -5.42713562E-03
+57.34900E-06 -393.96986378E-03 +4.70351754E-03
+57.37400E-06 -650.05027506E-03 +11.93969837E-03
+57.39900E-06 -472.76383626E-03 +10.13065316E-03
+57.42400E-06 +19.69849328E-03 +1.44723616E-03
+57.44900E-06 +492.46232966E-03 -7.95979891E-03
+57.47400E-06 +571.25630227E-03 -11.93969837E-03
+57.49900E-06 +256.08041122E-03 -7.95979891E-03
+57.52400E-06 -236.38191832E-03 +1.80904521E-03
+57.54900E-06 -571.25630233E-03 +9.04522604E-03
+57.57400E-06 -492.46232953E-03 +10.85427124E-03
+57.59900E-06 -118.19095897E-03 +3.97989945E-03
+57.62400E-06 +334.87438420E-03 -5.78894466E-03
+57.64900E-06 +551.55780911E-03 -10.85427124E-03
+57.67400E-06 +315.17589080E-03 -9.40703507E-03
+57.69900E-06 -118.19095922E-03 -723.61808E-06
+57.72400E-06 -472.76383645E-03 +6.87437179E-03
+57.74900E-06 -531.85931590E-03 +10.49246220E-03
+57.77400E-06 -236.38191806E-03 +6.51256274E-03
+57.79900E-06 +216.68342510E-03 -3.61809042E-03
+57.82400E-06 +453.06534323E-03 -9.76884412E-03
+57.84900E-06 +354.57287722E-03 -9.76884412E-03
+57.87400E-06 +19.69849309E-03 -3.25628137E-03
+57.89900E-06 -354.57287735E-03 +5.78894466E-03
+57.92400E-06 -492.46232953E-03 +10.13065316E-03
+57.94900E-06 -295.47739764E-03 +6.15075370E-03
+57.97400E-06 +78.79397286E-03 +361.80904E-06
+57.99900E-06 +374.27137050E-03 -8.32160795E-03
+58.02400E-06 +393.96986359E-03 -9.76884412E-03
+58.04900E-06 +98.49246582E-03 -4.70351754E-03
+58.07400E-06 -256.08041147E-03 +3.25628137E-03
+58.09900E-06 -492.46232960E-03 +8.32160795E-03
+58.12400E-06 -354.57287722E-03 +7.23618083E-03
+58.14900E-06 +60E-12 +1.44723616E-03
+58.17400E-06 +295.47739784E-03 -5.42713562E-03
+58.19900E-06 +393.96986365E-03 -9.04522603E-03
+58.22400E-06 +196.98493170E-03 -6.15075370E-03
+58.24900E-06 -157.58794553E-03 +361.80904E-06
+58.27400E-06 -374.27137050E-03 +6.51256275E-03
+58.29900E-06 -334.87438407E-03 +7.23618083E-03
+58.32400E-06 -118.19095897E-03 +3.25628137E-03
+58.34900E-06 +216.68342511E-03 -3.25628137E-03
+58.37400E-06 +374.27137050E-03 -7.59798987E-03
+58.39900E-06 +236.38191813E-03 -6.87437179E-03
+58.42400E-06 -59.09547965E-03 -1.08542712E-03
+58.44900E-06 -315.17589099E-03 +5.06532658E-03
+58.47400E-06 -374.27137044E-03 +7.23618083E-03
+58.49900E-06 -196.98493176E-03 +3.97989945E-03
+58.52400E-06 +98.49246601E-03 -1.44723617E-03
+58.54900E-06 +315.17589092E-03 -7.23618083E-03
+58.57400E-06 +275.77890449E-03 -6.87437179E-03
+58.59900E-06 +19.69849308E-03 -2.17085425E-03
+58.62400E-06 -236.38191826E-03 +2.53266329E-03
+58.64900E-06 -334.87438407E-03 +6.87437179E-03
+58.67400E-06 -236.38191813E-03 +5.42713562E-03
+58.69900E-06 +19.69849328E-03 -0.0E+00
+58.72400E-06 +256.08041141E-03 -5.06532658E-03
+58.74900E-06 +256.08041134E-03 -6.51256274E-03
+58.77400E-06 +78.79397267E-03 -3.25628137E-03
+58.79900E-06 -157.58794553E-03 +1.08542712E-03
+58.82400E-06 -315.17589092E-03 +5.42713562E-03
+58.84900E-06 -275.77890449E-03 +5.06532658E-03
+58.87400E-06 -39.39698630E-03 +2.17085425E-03
+58.89900E-06 +177.28643868E-03 -3.61809041E-03
+58.92400E-06 +256.08041141E-03 -5.42713562E-03
+58.94900E-06 +137.88945225E-03 -4.70351754E-03
+58.97400E-06 -98.49246595E-03 +361.80904E-06
+58.99900E-06 -275.77890456E-03 +4.34170850E-03
+59.02400E-06 -295.47739771E-03 +5.06532658E-03
+59.04900E-06 -98.49246588E-03 +2.89447233E-03
+59.07400E-06 +118.19095916E-03 -1.80904521E-03
+59.09900E-06 +196.98493176E-03 -5.42713562E-03
+59.12400E-06 +157.58794546E-03 -5.06532658E-03
+59.14900E-06 -19.69849328E-03 -1.44723616E-03
+59.17400E-06 -216.68342504E-03 +2.89447233E-03
+59.19900E-06 -275.77890456E-03 +4.70351754E-03
+59.22400E-06 -137.88945225E-03 +2.53266329E-03
+59.24900E-06 +39.39698643E-03 -1.44723617E-03
+59.27400E-06 +236.38191819E-03 -4.70351754E-03
+59.29900E-06 +196.98493176E-03 -5.06532658E-03
+59.32400E-06 +0.0E+00 -2.89447233E-03
+59.34900E-06 -137.88945231E-03 +1.44723617E-03
+59.37400E-06 -256.08041141E-03 +5.06532658E-03
+59.39900E-06 -177.28643861E-03 +3.25628137E-03
+59.42400E-06 +70E-12 -0.0E+00
+59.44900E-06 +157.58794546E-03 -3.61809041E-03
+59.47400E-06 +177.28643868E-03 -4.34170850E-03
+59.49900E-06 +59.09547951E-03 -2.89447233E-03
+59.52400E-06 -78.79397273E-03 +723.61808E-06
+59.54900E-06 -216.68342504E-03 +3.25628137E-03
+59.57400E-06 -196.98493183E-03 +3.97989945E-03
+59.59900E-06 -39.39698630E-03 +1.44723616E-03
+59.62400E-06 +98.49246595E-03 -2.17085425E-03
+59.64900E-06 +137.88945231E-03 -4.34170850E-03
+59.67400E-06 +98.49246588E-03 -3.61809041E-03
+59.69900E-06 -78.79397280E-03 -361.80904E-06
+59.72400E-06 -157.58794546E-03 +2.17085425E-03
+59.74900E-06 -177.28643861E-03 +3.25628137E-03
+59.77400E-06 -78.79397273E-03 +1.80904521E-03
+59.79900E-06 +78.79397273E-03 -1.44723617E-03
+59.82400E-06 +157.58794546E-03 -3.61809041E-03
+59.84900E-06 +98.49246588E-03 -3.25628137E-03
+59.87400E-06 -19.69849322E-03 -723.61808E-06
+59.89900E-06 -157.58794553E-03 +1.44723617E-03
+59.92400E-06 -177.28643861E-03 +3.25628137E-03
+59.94900E-06 -98.49246588E-03 +2.89447233E-03
+59.97400E-06 +0.0E+00 -0.0E+00
+59.99900E-06 +98.49246595E-03 -2.89447233E-03
+60.02400E-06 +118.19095910E-03 -3.25628137E-03
+60.04900E-06 +19.69849315E-03 -1.80904521E-03
+60.07400E-06 -98.49246595E-03 +723.61808E-06
+60.09900E-06 -177.28643868E-03 +2.53266329E-03
+60.12400E-06 -157.58794539E-03 +2.17085425E-03
+60.14900E-06 -19.69849315E-03 +0.0E+00
+60.17400E-06 +59.09547958E-03 -2.53266329E-03
+60.19900E-06 +118.19095910E-03 -3.25628137E-03
+60.22400E-06 +39.39698637E-03 -2.53266329E-03
+60.24900E-06 -59.09547958E-03 +361.80904E-06
+60.27400E-06 -137.88945224E-03 +1.80904521E-03
+60.29900E-06 -118.19095910E-03 +2.17085425E-03
+60.32400E-06 -59.09547951E-03 +723.61808E-06
+60.34900E-06 +78.79397273E-03 -1.44723617E-03
+60.37400E-06 +118.19095910E-03 -2.53266329E-03
+60.39900E-06 +59.09547951E-03 -2.53266329E-03
+60.42400E-06 -19.69849322E-03 -723.61808E-06
+60.44900E-06 -137.88945224E-03 +1.80904521E-03
+60.47400E-06 -118.19095910E-03 +2.17085425E-03
+60.49900E-06 -98.49246588E-03 +1.08542712E-03
+60.52400E-06 +19.69849322E-03 -1.08542712E-03
+60.54900E-06 +78.79397273E-03 -1.80904521E-03
+60.57400E-06 +59.09547951E-03 -2.89447233E-03
+60.59900E-06 +0.0E+00 -723.61808E-06
+60.62400E-06 -98.49246595E-03 +723.61808E-06
+60.64900E-06 -118.19095910E-03 +2.17085425E-03
+60.67400E-06 -78.79397273E-03 +1.08542712E-03
+60.69900E-06 +0.0E+00 -361.80904E-06
+60.72400E-06 +59.09547958E-03 -1.44723617E-03
+60.74900E-06 +78.79397273E-03 -2.17085425E-03
+60.77400E-06 +0.0E+00 -1.08542712E-03
+60.79900E-06 -78.79397273E-03 +0.0E+00
+60.82400E-06 -98.49246595E-03 +1.44723617E-03
+60.84900E-06 -118.19095910E-03 +1.80904521E-03
+60.87400E-06 -39.39698637E-03 +361.80904E-06
+60.89900E-06 +39.39698637E-03 -1.44723617E-03
+60.92400E-06 +39.39698637E-03 -2.17085425E-03
+60.94900E-06 +19.69849315E-03 -1.44723616E-03
+60.97400E-06 -59.09547958E-03 +0.0E+00
+60.99900E-06 -78.79397273E-03 +723.61808E-06
+61.02400E-06 -98.49246595E-03 +1.08542712E-03
+61.04900E-06 -59.09547951E-03 +723.61808E-06
+61.07400E-06 +19.69849322E-03 -723.61808E-06
+61.09900E-06 +39.39698637E-03 -1.44723617E-03
+61.12400E-06 +39.39698637E-03 -2.17085425E-03
+61.14900E-06 -19.69849315E-03 -723.61808E-06
+61.17400E-06 -59.09547958E-03 +723.61808E-06
+61.19900E-06 -78.79397273E-03 +1.08542712E-03
+61.22400E-06 -59.09547951E-03 +361.80904E-06
+61.24900E-06 +0.0E+00 -361.80904E-06
+61.27400E-06 +19.69849322E-03 -1.44723617E-03
+61.29900E-06 +19.69849315E-03 -1.44723617E-03
+61.32400E-06 -19.69849315E-03 -1.08542712E-03
+61.34900E-06 -59.09547958E-03 +361.80904E-06
+61.37400E-06 -78.79397273E-03 +1.08542712E-03
+61.39900E-06 -78.79397273E-03 +723.61808E-06
+61.42400E-06 +0.0E+00 -723.61808E-06
+61.44900E-06 +19.69849315E-03 -723.61808E-06
+61.47400E-06 +19.69849315E-03 -1.80904521E-03
+61.49900E-06 +19.69849315E-03 -1.08542712E-03
+61.52400E-06 -19.69849322E-03 +0.0E+00
+61.54900E-06 -59.09547958E-03 +1.08542712E-03
+61.57400E-06 -78.79397273E-03 +1.44723617E-03
+61.59900E-06 -19.69849315E-03 +0.0E+00
+61.62400E-06 +19.69849322E-03 -1.44723617E-03
+61.64900E-06 +19.69849315E-03 -723.61808E-06
+61.67400E-06 +0.0E+00 -1.08542712E-03
+61.69900E-06 -59.09547958E-03 +0.0E+00
+61.72400E-06 -59.09547951E-03 +1.08542712E-03
+61.74900E-06 -59.09547951E-03 +1.08542712E-03
+61.77400E-06 -19.69849315E-03 +723.61808E-06
+61.79900E-06 +0.0E+00 -723.61808E-06
+61.82400E-06 +39.39698637E-03 -1.08542712E-03
+61.84900E-06 +0.0E+00 -1.80904521E-03
+61.87400E-06 +0.0E+00 -361.80904E-06
+61.89900E-06 -19.69849322E-03 +361.80904E-06
+61.92400E-06 -59.09547951E-03 +1.08542712E-03
+61.94900E-06 -39.39698637E-03 +361.80904E-06
+61.97400E-06 -19.69849315E-03 -361.80904E-06
+61.99900E-06 +19.69849322E-03 -723.61808E-06
+62.02400E-06 +0.0E+00 -1.44723617E-03
+62.04900E-06 +0.0E+00 +0.0E+00
+62.07400E-06 -19.69849322E-03 +361.80904E-06
+62.09900E-06 -59.09547958E-03 +723.61808E-06
+62.12400E-06 -39.39698637E-03 +361.80904E-06
+62.14900E-06 +0.0E+00 +0.0E+00
+62.17400E-06 +0.0E+00 -723.61808E-06
+62.19900E-06 +19.69849322E-03 -1.08542712E-03
+62.22400E-06 +0.0E+00 -1.08542712E-03
+62.24900E-06 -39.39698637E-03 +0.0E+00
+62.27400E-06 -39.39698637E-03 +361.80904E-06
+62.29900E-06 -59.09547958E-03 +723.61808E-06
+62.32400E-06 -59.09547951E-03 +361.80904E-06
+62.34900E-06 +0.0E+00 -361.80904E-06
+62.37400E-06 +39.39698637E-03 -361.80904E-06
+62.39900E-06 +0.0E+00 -723.61808E-06
+62.42400E-06 -39.39698637E-03 -723.61808E-06
+62.44900E-06 -39.39698637E-03 +0.0E+00
+62.47400E-06 -39.39698637E-03 +723.61808E-06
+62.49900E-06 -39.39698637E-03 +0.0E+00
+62.52400E-06 -19.69849315E-03 -361.80904E-06
+62.54900E-06 -19.69849322E-03 -1.08542712E-03
+62.57400E-06 +19.69849315E-03 -723.61808E-06
+62.59900E-06 -19.69849315E-03 -361.80904E-06
+62.62400E-06 -39.39698637E-03 -361.80904E-06
+62.64900E-06 -78.79397273E-03 +0.0E+00
+62.67400E-06 -39.39698637E-03 +361.80904E-06
+62.69900E-06 -39.39698637E-03 +0.0E+00
+62.72400E-06 -19.69849315E-03 -361.80904E-06
+62.74900E-06 +0.0E+00 -361.80904E-06
+62.77400E-06 -19.69849322E-03 +0.0E+00
+62.79900E-06 -39.39698637E-03 +0.0E+00
+62.82400E-06 -19.69849322E-03 -361.80904E-06
+62.84900E-06 -39.39698637E-03 +0.0E+00
+62.87400E-06 -19.69849315E-03 +0.0E+00
+62.89900E-06 +19.69849322E-03 +0.0E+00
+62.92400E-06 +0.0E+00 -361.80904E-06
+62.94900E-06 +0.0E+00 -361.80904E-06
+62.97400E-06 -19.69849322E-03 -0.0E+00
+62.99900E-06 -39.39698637E-03 -723.61808E-06
+63.02400E-06 +0.0E+00 +0.0E+00
+63.04900E-06 -19.69849322E-03 -361.80904E-06
+63.07400E-06 -59.09547951E-03 +0.0E+00
+63.09900E-06 +0.0E+00 -723.61808E-06
+63.12400E-06 +0.0E+00 -1.08542712E-03
+63.14900E-06 +0.0E+00 -361.80904E-06
+63.17400E-06 -39.39698637E-03 +0.0E+00
+63.19900E-06 -39.39698637E-03 -0.0E+00
+63.22400E-06 -59.09547958E-03 +0.0E+00
+63.24900E-06 -19.69849315E-03 -723.61808E-06
+63.27400E-06 -19.69849322E-03 -723.61808E-06
+63.29900E-06 -19.69849322E-03 -361.80904E-06
+63.32400E-06 -19.69849315E-03 -723.61808E-06
+63.34900E-06 -19.69849322E-03 +361.80904E-06
+63.37400E-06 -39.39698637E-03 +0.0E+00
+63.39900E-06 -19.69849315E-03 -361.80904E-06
+63.42400E-06 +0.0E+00 -723.61808E-06
+63.44900E-06 +0.0E+00 -361.80904E-06
+63.47400E-06 +0.0E+00 -723.61808E-06
+63.49900E-06 -39.39698637E-03 +0.0E+00
+63.52400E-06 -39.39698637E-03 -361.80904E-06
+63.54900E-06 -19.69849322E-03 +0.0E+00
+63.57400E-06 -59.09547951E-03 +0.0E+00
+63.59900E-06 -19.69849315E-03 -361.80904E-06
+63.62400E-06 -19.69849322E-03 +0.0E+00
+63.64900E-06 +0.0E+00 -723.61808E-06
+63.67400E-06 +0.0E+00 -361.80904E-06
+63.69900E-06 -39.39698637E-03 -723.61808E-06
+63.72400E-06 -19.69849315E-03 +0.0E+00
+63.74900E-06 -19.69849315E-03 +0.0E+00
+63.77400E-06 -39.39698637E-03 +0.0E+00
+63.79900E-06 -19.69849315E-03 -1.08542712E-03
+63.82400E-06 -19.69849322E-03 -723.61808E-06
+63.84900E-06 +0.0E+00 +0.0E+00
+63.87400E-06 -19.69849315E-03 +0.0E+00
+63.89900E-06 -39.39698637E-03 +0.0E+00
+63.92400E-06 -19.69849315E-03 +0.0E+00
+63.94900E-06 -39.39698637E-03 +0.0E+00
+63.97400E-06 -39.39698637E-03 -361.80904E-06
+63.99900E-06 -19.69849315E-03 -1.08542712E-03
+64.02400E-06 +0.0E+00 -723.61808E-06
+64.04900E-06 -39.39698637E-03 -723.61808E-06
+64.07400E-06 +0.0E+00 -361.80904E-06
+64.09900E-06 -19.69849322E-03 +0.0E+00
+64.12400E-06 -39.39698637E-03 -723.61808E-06
+64.14900E-06 -19.69849322E-03 -361.80904E-06
+64.17400E-06 -39.39698637E-03 -723.61808E-06
+64.19900E-06 -39.39698637E-03 -1.08542712E-03
+64.22400E-06 -19.69849322E-03 -1.08542712E-03
+64.24900E-06 -39.39698637E-03 +0.0E+00
+64.27400E-06 -39.39698637E-03 +0.0E+00
+64.29900E-06 -39.39698637E-03 +0.0E+00
+64.32400E-06 -19.69849314E-03 -361.80904E-06
+64.34900E-06 +0.0E+00 +0.0E+00
+64.37400E-06 +0.0E+00 -361.80904E-06
+64.39900E-06 -19.69849322E-03 -723.61808E-06
+64.42400E-06 +0.0E+00 +0.0E+00
+64.44900E-06 +0.0E+00 +361.80904E-06
+64.47400E-06 -39.39698637E-03 +0.0E+00
+64.49900E-06 -19.69849322E-03 +0.0E+00
+64.52400E-06 +80E-12 -361.80904E-06
+64.54900E-06 +0.0E+00 +0.0E+00
+64.57400E-06 -19.69849322E-03 -361.80904E-06
+64.59900E-06 -19.69849314E-03 -723.61808E-06
+64.62400E-06 -39.39698637E-03 -361.80904E-06
+64.64900E-06 -39.39698637E-03 -723.61808E-06
+64.67400E-06 -39.39698637E-03 -361.80904E-06
+64.69900E-06 -39.39698637E-03 +0.0E+00
+64.72400E-06 -39.39698637E-03 -361.80904E-06
+64.74900E-06 -19.69849322E-03 -361.80904E-06
+64.77400E-06 -39.39698637E-03 -361.80904E-06
+64.79900E-06 +0.0E+00 +361.80904E-06
+64.82400E-06 -19.69849314E-03 -1.08542712E-03
+64.84900E-06 -39.39698637E-03 -361.80904E-06
+64.87400E-06 -39.39698637E-03 +0.0E+00
+64.89900E-06 -19.69849314E-03 -723.61808E-06
+64.92400E-06 -19.69849314E-03 -1.08542712E-03
+64.94900E-06 -19.69849322E-03 -1.08542712E-03
+64.97400E-06 -19.69849322E-03 -361.80904E-06
+64.99900E-06 -19.69849322E-03 -1.08542712E-03
+65.02400E-06 +0.0E+00 -723.61808E-06
+65.04900E-06 -19.69849322E-03 +0.0E+00
+65.07400E-06 -39.39698637E-03 -361.80904E-06
+65.09900E-06 -19.69849314E-03 -723.61808E-06
+65.12400E-06 -19.69849314E-03 -1.08542712E-03
+65.14900E-06 -19.69849322E-03 -723.61808E-06
+65.17400E-06 -39.39698637E-03 -723.61808E-06
+65.19900E-06 -39.39698637E-03 -723.61808E-06
+65.22400E-06 +0.0E+00 -1.08542712E-03
+65.24900E-06 +0.0E+00 -361.80904E-06
+65.27400E-06 -19.69849314E-03 +0.0E+00
+65.29900E-06 -19.69849322E-03 +0.0E+00
+65.32400E-06 +0.0E+00 -361.80904E-06
+65.34900E-06 -19.69849322E-03 +0.0E+00
+65.37400E-06 -39.39698637E-03 -361.80904E-06
+65.39900E-06 -19.69849314E-03 -723.61808E-06
+65.42400E-06 -19.69849322E-03 +0.0E+00
+65.44900E-06 -19.69849322E-03 +0.0E+00
+65.47400E-06 -19.69849322E-03 -723.61808E-06
+65.49900E-06 -39.39698637E-03 -361.80904E-06
+65.52400E-06 -19.69849322E-03 -361.80904E-06
+65.54900E-06 -39.39698637E-03 -723.61808E-06
+65.57400E-06 +0.0E+00 +0.0E+00
+65.59900E-06 +0.0E+00 -361.80904E-06
+65.62400E-06 -39.39698637E-03 -723.61808E-06
+65.64900E-06 +0.0E+00 -361.80904E-06
+65.67400E-06 -39.39698637E-03 -361.80904E-06
+65.69900E-06 -39.39698637E-03 +0.0E+00
+65.72400E-06 -19.69849314E-03 -1.08542712E-03
+65.74900E-06 -19.69849322E-03 -361.80904E-06
+65.77400E-06 +0.0E+00 -361.80904E-06
+65.79900E-06 -39.39698637E-03 -361.80904E-06
+65.82400E-06 -19.69849322E-03 -723.61808E-06
+65.84900E-06 -39.39698637E-03 -723.61808E-06
+65.87400E-06 -19.69849314E-03 -0.0E+00
+65.89900E-06 -19.69849314E-03 +0.0E+00
+65.92400E-06 -39.39698637E-03 -723.61808E-06
+65.94900E-06 +0.0E+00 -361.80904E-06
+65.97400E-06 -19.69849322E-03 +0.0E+00
+65.99900E-06 -19.69849322E-03 -723.61808E-06
+66.02400E-06 -19.69849314E-03 -361.80904E-06
+66.04900E-06 -19.69849322E-03 +0.0E+00
+66.07400E-06 -19.69849314E-03 -361.80904E-06
+66.09900E-06 -39.39698637E-03 +0.0E+00
+66.12400E-06 -39.39698637E-03 -723.61808E-06
+66.14900E-06 +0.0E+00 +0.0E+00
+66.17400E-06 -39.39698637E-03 +0.0E+00
+66.19900E-06 -19.69849314E-03 -361.80904E-06
+66.22400E-06 +0.0E+00 -723.61808E-06
+66.24900E-06 -39.39698637E-03 +0.0E+00
+66.27400E-06 -19.69849314E-03 +0.0E+00
+66.29900E-06 -59.09547959E-03 +0.0E+00
+66.32400E-06 -39.39698637E-03 +0.0E+00
+66.34900E-06 +0.0E+00 +361.80904E-06
+66.37400E-06 +0.0E+00 -361.80904E-06
+66.39900E-06 -19.69849322E-03 -361.80904E-06
+66.42400E-06 +0.0E+00 -361.80904E-06
+66.44900E-06 +0.0E+00 +361.80904E-06
+66.47400E-06 -19.69849322E-03 +0.0E+00
+66.49900E-06 -19.69849322E-03 +0.0E+00
+66.52400E-06 -19.69849314E-03 -361.80904E-06
+66.54900E-06 -19.69849314E-03 +0.0E+00
+66.57400E-06 -39.39698637E-03 -361.80904E-06
+66.59900E-06 -19.69849314E-03 -723.61808E-06
+66.62400E-06 -39.39698637E-03 -361.80904E-06
+66.64900E-06 -19.69849322E-03 +0.0E+00
+66.67400E-06 -39.39698637E-03 +0.0E+00
+66.69900E-06 -39.39698637E-03 +361.80904E-06
+66.72400E-06 -39.39698637E-03 -361.80904E-06
+66.74900E-06 -39.39698637E-03 +0.0E+00
+66.77400E-06 -19.69849322E-03 +0.0E+00
+66.79900E-06 -19.69849314E-03 -723.61808E-06
+66.82400E-06 +0.0E+00 -1.08542712E-03
+66.84900E-06 +0.0E+00 -361.80904E-06
+66.87400E-06 -39.39698637E-03 +0.0E+00
+66.89900E-06 -39.39698637E-03 -361.80904E-06
+66.92400E-06 -59.09547951E-03 +0.0E+00
+66.94900E-06 +0.0E+00 +0.0E+00
+66.97400E-06 -19.69849322E-03 +0.0E+00
+66.99900E-06 +0.0E+00 -723.61808E-06
+67.02400E-06 -19.69849322E-03 -1.08542712E-03
+67.04900E-06 -19.69849322E-03 +0.0E+00
+67.07400E-06 -19.69849314E-03 +0.0E+00
+67.09900E-06 -39.39698637E-03 -361.80904E-06
+67.12400E-06 -19.69849314E-03 -361.80904E-06
+67.14900E-06 -39.39698637E-03 +361.80904E-06
+67.17400E-06 -39.39698637E-03 +0.0E+00
+67.19900E-06 -19.69849314E-03 -723.61808E-06
+67.22400E-06 -19.69849314E-03 -361.80904E-06
+67.24900E-06 -39.39698637E-03 -361.80904E-06
+67.27400E-06 -19.69849314E-03 +0.0E+00
+67.29900E-06 -59.09547959E-03 +0.0E+00
+67.32400E-06 -39.39698637E-03 +0.0E+00
+67.34900E-06 -19.69849322E-03 -361.80904E-06
+67.37400E-06 -19.69849322E-03 +0.0E+00
+67.39900E-06 -19.69849314E-03 +0.0E+00
+67.42400E-06 +0.0E+00 -361.80904E-06
+67.44900E-06 -19.69849314E-03 +0.0E+00
+67.47400E-06 +0.0E+00 +0.0E+00
+67.49900E-06 -19.69849322E-03 +0.0E+00
+67.52400E-06 -19.69849314E-03 +0.0E+00
+67.54900E-06 -19.69849322E-03 -361.80904E-06
+67.57400E-06 -19.69849314E-03 -361.80904E-06
+67.59900E-06 -19.69849314E-03 -361.80904E-06
+67.62400E-06 +0.0E+00 -723.61808E-06
+67.64900E-06 -39.39698637E-03 -361.80904E-06
+67.67400E-06 -39.39698637E-03 -361.80904E-06
+67.69900E-06 -19.69849314E-03 -361.80904E-06
+67.72400E-06 -19.69849314E-03 -723.61808E-06
+67.74900E-06 -19.69849322E-03 +0.0E+00
+67.77400E-06 -19.69849322E-03 +0.0E+00
+67.79900E-06 -19.69849322E-03 -723.61808E-06
+67.82400E-06 +0.0E+00 -361.80904E-06
+67.84900E-06 -19.69849322E-03 -361.80904E-06
+67.87400E-06 -19.69849322E-03 -723.61808E-06
+67.89900E-06 -39.39698637E-03 -361.80904E-06
+67.92400E-06 -19.69849314E-03 +0.0E+00
+67.94900E-06 -39.39698637E-03 +0.0E+00
+67.97400E-06 -19.69849314E-03 -361.80904E-06
+67.99900E-06 +0.0E+00 -361.80904E-06
+68.02400E-06 +0.0E+00 -723.61808E-06
+68.04900E-06 -19.69849322E-03 +0.0E+00
+68.07400E-06 -19.69849322E-03 -723.61808E-06
+68.09900E-06 -39.39698637E-03 -0.0E+00
+68.12400E-06 -39.39698637E-03 -723.61808E-06
+68.14900E-06 -19.69849322E-03 +0.0E+00
+68.17400E-06 -39.39698637E-03 +0.0E+00
+68.19900E-06 +0.0E+00 -723.61808E-06
+68.22400E-06 +0.0E+00 -361.80904E-06
+68.24900E-06 -19.69849322E-03 +0.0E+00
+68.27400E-06 -19.69849314E-03 -723.61808E-06
+68.29900E-06 -19.69849322E-03 +0.0E+00
+68.32400E-06 -39.39698637E-03 +0.0E+00
+68.34900E-06 -19.69849322E-03 +0.0E+00
+68.37400E-06 -39.39698637E-03 +0.0E+00
+68.39900E-06 -19.69849314E-03 -0.0E+00
+68.42400E-06 -39.39698637E-03 +0.0E+00
+68.44900E-06 -39.39698645E-03 +0.0E+00
+68.47400E-06 +0.0E+00 -361.80904E-06
+68.49900E-06 -39.39698637E-03 +0.0E+00
+68.52400E-06 +0.0E+00 +0.0E+00
+68.54900E-06 -39.39698637E-03 +361.80904E-06
+68.57400E-06 -39.39698637E-03 +0.0E+00
+68.59900E-06 -19.69849314E-03 -361.80904E-06
+68.62400E-06 -19.69849322E-03 -723.61808E-06
+68.64900E-06 -39.39698637E-03 +0.0E+00
+68.67400E-06 -39.39698637E-03 +0.0E+00
+68.69900E-06 -39.39698637E-03 +0.0E+00
+68.72400E-06 -39.39698628E-03 -361.80904E-06
+68.74900E-06 -19.69849322E-03 -361.80904E-06
+68.77400E-06 -39.39698637E-03 +0.0E+00
+68.79900E-06 -19.69849314E-03 -361.80904E-06
+68.82400E-06 +0.0E+00 -361.80904E-06
+68.84900E-06 -19.69849322E-03 +0.0E+00
+68.87400E-06 +0.0E+00 +0.0E+00
+68.89900E-06 -39.39698637E-03 +0.0E+00
+68.92400E-06 +0.0E+00 -361.80904E-06
+68.94900E-06 +0.0E+00 +0.0E+00
+68.97400E-06 -19.69849323E-03 -723.61808E-06
+68.99900E-06 -59.09547951E-03 -361.80904E-06
+69.02400E-06 -19.69849323E-03 -361.80904E-06
+69.04900E-06 -19.69849323E-03 +0.0E+00
+69.07400E-06 +0.0E+00 +0.0E+00
+69.09900E-06 -19.69849314E-03 +361.80904E-06
+69.12400E-06 -19.69849314E-03 +723.61808E-06
+69.14900E-06 -19.69849323E-03 -723.61808E-06
+69.17400E-06 -39.39698637E-03 +361.80904E-06
+69.19900E-06 -19.69849314E-03 -1.08542712E-03
+69.22400E-06 -19.69849323E-03 +361.80904E-06
+69.24900E-06 -19.69849323E-03 -361.80904E-06
+69.27400E-06 +0.0E+00 +0.0E+00
+69.29900E-06 -39.39698637E-03 +361.80904E-06
+69.32400E-06 +0.0E+00 -723.61808E-06
+69.34900E-06 -39.39698637E-03 +361.80904E-06
+69.37400E-06 -19.69849323E-03 -361.80904E-06
+69.39900E-06 -39.39698637E-03 +0.0E+00
+69.42400E-06 +0.0E+00 -361.80904E-06
+69.44900E-06 -19.69849323E-03 +0.0E+00
+69.47400E-06 -19.69849323E-03 +0.0E+00
+69.49900E-06 -19.69849323E-03 +0.0E+00
+69.52400E-06 +0.0E+00 +0.0E+00
+69.54900E-06 -39.39698637E-03 -361.80904E-06
+69.57400E-06 -39.39698637E-03 -361.80904E-06
+69.59900E-06 +0.0E+00 -361.80904E-06
+69.62400E-06 -19.69849314E-03 -361.80904E-06
+69.64900E-06 +0.0E+00 +0.0E+00
+69.67400E-06 -39.39698637E-03 +0.0E+00
+69.69900E-06 -59.09547959E-03 +723.61808E-06
+69.72400E-06 -39.39698628E-03 +0.0E+00
+69.74900E-06 -19.69849323E-03 +0.0E+00
+69.77400E-06 -19.69849314E-03 -361.80904E-06
+69.79900E-06 -19.69849323E-03 -723.61808E-06
+69.82400E-06 +0.0E+00 -361.80904E-06
+69.84900E-06 -19.69849323E-03 -361.80904E-06
+69.87400E-06 -39.39698637E-03 +361.80904E-06
+69.89900E-06 -39.39698637E-03 +723.61808E-06
+69.92400E-06 +0.0E+00 -361.80904E-06
+69.94900E-06 -39.39698637E-03 +361.80904E-06
+69.97400E-06 -39.39698637E-03 -361.80904E-06
+69.99900E-06 +0.0E+00 +0.0E+00
+70.02400E-06 -19.69849323E-03 -723.61808E-06
+70.04900E-06 -19.69849323E-03 -361.80904E-06
+70.07400E-06 -19.69849314E-03 +0.0E+00
+70.09900E-06 -19.69849323E-03 +723.61808E-06
+70.12400E-06 -19.69849323E-03 +361.80904E-06
+70.14900E-06 -39.39698637E-03 -361.80904E-06
+70.17400E-06 -39.39698637E-03 -361.80904E-06
+70.19900E-06 -19.69849314E-03 -361.80904E-06
+70.22400E-06 +19.69849323E-03 -361.80904E-06
+70.24900E-06 +0.0E+00 +0.0E+00
+70.27400E-06 -19.69849323E-03 +361.80904E-06
+70.29900E-06 -39.39698637E-03 +0.0E+00
+70.32400E-06 -39.39698637E-03 -361.80904E-06
+70.34900E-06 +0.0E+00 +361.80904E-06
+70.37400E-06 -19.69849314E-03 -361.80904E-06
+70.39900E-06 -19.69849314E-03 -361.80904E-06
+70.42400E-06 +0.0E+00 +0.0E+00
+70.44900E-06 +0.0E+00 -723.61808E-06
+70.47400E-06 -19.69849314E-03 +0.0E+00
+70.49900E-06 -19.69849314E-03 +0.0E+00
+70.52400E-06 -19.69849314E-03 -361.80904E-06
+70.54900E-06 -39.39698637E-03 +361.80904E-06
+70.57400E-06 -39.39698637E-03 +361.80904E-06
+70.59900E-06 +0.0E+00 +0.0E+00
+70.62400E-06 -19.69849314E-03 -723.61808E-06
+70.64900E-06 -39.39698637E-03 +0.0E+00
+70.67400E-06 -39.39698637E-03 -361.80904E-06
+70.69900E-06 -39.39698637E-03 +0.0E+00
+70.72400E-06 -19.69849323E-03 +0.0E+00
+70.74900E-06 -19.69849323E-03 -361.80904E-06
+70.77400E-06 -39.39698637E-03 +0.0E+00
+70.79900E-06 +0.0E+00 -361.80904E-06
+70.82400E-06 -19.69849323E-03 -361.80904E-06
+70.84900E-06 +0.0E+00 +0.0E+00
+70.87400E-06 -19.69849314E-03 +361.80904E-06
+70.89900E-06 -39.39698637E-03 +0.0E+00
+70.92400E-06 -39.39698637E-03 +0.0E+00
+70.94900E-06 +0.0E+00 +723.61808E-06
+70.97400E-06 -39.39698637E-03 +0.0E+00
+70.99900E-06 +0.0E+00 -361.80904E-06
+71.02400E-06 -19.69849314E-03 -361.80904E-06
+71.04900E-06 -39.39698637E-03 +361.80904E-06
+71.07400E-06 -39.39698637E-03 -361.80904E-06
+71.09900E-06 -39.39698637E-03 -723.61808E-06
+71.12400E-06 -39.39698637E-03 +0.0E+00
+71.14900E-06 -19.69849323E-03 -361.80904E-06
+71.17400E-06 -19.69849323E-03 -361.80904E-06
+71.19900E-06 -19.69849314E-03 +361.80904E-06
+71.22400E-06 +0.0E+00 -1.08542712E-03
+71.24900E-06 -19.69849323E-03 -723.61808E-06
+71.27400E-06 -19.69849323E-03 +0.0E+00
+71.29900E-06 -19.69849323E-03 +0.0E+00
+71.32400E-06 -39.39698637E-03 -361.80904E-06
+71.34900E-06 -19.69849323E-03 +0.0E+00
+71.37400E-06 -19.69849323E-03 +0.0E+00
+71.39900E-06 -39.39698637E-03 -723.61808E-06
+71.42400E-06 +0.0E+00 +0.0E+00
+71.44900E-06 -39.39698637E-03 +361.80904E-06
+71.47400E-06 -19.69849314E-03 +0.0E+00
+71.49900E-06 -19.69849323E-03 -361.80904E-06
+71.52400E-06 -19.69849314E-03 +0.0E+00
+71.54900E-06 -19.69849323E-03 -361.80904E-06
+71.57400E-06 -39.39698637E-03 +0.0E+00
+71.59900E-06 +0.0E+00 -361.80904E-06
+71.62400E-06 +0.0E+00 -1.08542712E-03
+71.64900E-06 -19.69849323E-03 -361.80904E-06
+71.67400E-06 +0.0E+00 +0.0E+00
+71.69900E-06 -19.69849323E-03 +0.0E+00
+71.72400E-06 -19.69849314E-03 +361.80904E-06
+71.74900E-06 -19.69849314E-03 -723.61808E-06
+71.77400E-06 -39.39698637E-03 +0.0E+00
+71.79900E-06 +0.0E+00 -723.61808E-06
+71.82400E-06 -19.69849314E-03 -361.80904E-06
+71.84900E-06 +0.0E+00 +0.0E+00
+71.87400E-06 +0.0E+00 +0.0E+00
+71.89900E-06 -39.39698637E-03 +361.80904E-06
+71.92400E-06 -19.69849314E-03 -723.61808E-06
+71.94900E-06 -19.69849323E-03 +0.0E+00
+71.97400E-06 -39.39698637E-03 +0.0E+00
+71.99900E-06 -19.69849314E-03 -723.61808E-06
+72.02400E-06 +0.0E+00 -723.61808E-06
+72.04900E-06 -39.39698637E-03 -361.80904E-06
+72.07400E-06 -19.69849314E-03 +0.0E+00
+72.09900E-06 -19.69849323E-03 -361.80904E-06
+72.12400E-06 -19.69849314E-03 +0.0E+00
+72.14900E-06 +0.0E+00 +361.80904E-06
+72.17400E-06 -19.69849314E-03 -361.80904E-06
+72.19900E-06 +0.0E+00 -361.80904E-06
+72.22400E-06 +0.0E+00 -361.80904E-06
+72.24900E-06 -19.69849314E-03 +361.80904E-06
+72.27400E-06 -39.39698637E-03 +0.0E+00
+72.29900E-06 -39.39698646E-03 +0.0E+00
+72.32400E-06 -19.69849314E-03 -0.0E+00
+72.34900E-06 -39.39698637E-03 +0.0E+00
+72.37400E-06 -19.69849323E-03 +0.0E+00
+72.39900E-06 +0.0E+00 -361.80904E-06
+72.42400E-06 +0.0E+00 -723.61808E-06
+72.44900E-06 -39.39698637E-03 +0.0E+00
+72.47400E-06 +0.0E+00 +0.0E+00
+72.49900E-06 +0.0E+00 +0.0E+00
+72.52400E-06 -19.69849314E-03 -361.80904E-06
+72.54900E-06 -19.69849323E-03 +0.0E+00
+72.57400E-06 -19.69849314E-03 +0.0E+00
+72.59900E-06 -39.39698637E-03 -361.80904E-06
+72.62400E-06 +0.0E+00 -1.08542712E-03
+72.64900E-06 -39.39698637E-03 -361.80904E-06
+72.67400E-06 -39.39698637E-03 -361.80904E-06
+72.69900E-06 -39.39698637E-03 +0.0E+00
+72.72400E-06 -19.69849314E-03 -361.80904E-06
+72.74900E-06 -39.39698637E-03 -361.80904E-06
+72.77400E-06 +0.0E+00 +0.0E+00
+72.79900E-06 -19.69849314E-03 -361.80904E-06
+72.82400E-06 +0.0E+00 -361.80904E-06
+72.84900E-06 -19.69849323E-03 +361.80904E-06
+72.87400E-06 +0.0E+00 +361.80904E-06
+72.89900E-06 -19.69849323E-03 -361.80904E-06
+72.92400E-06 +0.0E+00 +361.80904E-06
+72.94900E-06 -39.39698637E-03 -361.80904E-06
+72.97400E-06 -39.39698637E-03 +0.0E+00
+72.99900E-06 -19.69849314E-03 -0.0E+00
+73.02400E-06 +0.0E+00 -361.80904E-06
+73.04900E-06 -19.69849314E-03 +0.0E+00
+73.07400E-06 -19.69849314E-03 +0.0E+00
+73.09900E-06 -39.39698637E-03 -723.61808E-06
+73.12400E-06 -39.39698637E-03 +0.0E+00
+73.14900E-06 -19.69849323E-03 +0.0E+00
+73.17400E-06 -39.39698637E-03 -361.80904E-06
+73.19900E-06 -19.69849314E-03 +361.80904E-06
+73.22400E-06 +0.0E+00 -723.61808E-06
+73.24900E-06 -19.69849323E-03 -723.61808E-06
+73.27400E-06 -19.69849314E-03 +0.0E+00
+73.29900E-06 -39.39698637E-03 +0.0E+00
+73.32400E-06 -39.39698637E-03 +0.0E+00
+73.34900E-06 -19.69849323E-03 +0.0E+00
+73.37400E-06 -39.39698637E-03 +0.0E+00
+73.39900E-06 -39.39698637E-03 -361.80904E-06
+73.42400E-06 -39.39698637E-03 -361.80904E-06
+73.44900E-06 -19.69849314E-03 +0.0E+00
+73.47400E-06 -39.39698637E-03 +0.0E+00
+73.49900E-06 -39.39698637E-03 +0.0E+00
+73.52400E-06 -19.69849314E-03 -723.61808E-06
+73.54900E-06 -19.69849323E-03 +0.0E+00
+73.57400E-06 -39.39698637E-03 +361.80904E-06
+73.59900E-06 -19.69849314E-03 -0.0E+00
+73.62400E-06 +0.0E+00 +0.0E+00
+73.64900E-06 +0.0E+00 -723.61808E-06
+73.67400E-06 -19.69849323E-03 +0.0E+00
+73.69900E-06 -39.39698637E-03 -361.80904E-06
+73.72400E-06 -19.69849314E-03 +0.0E+00
+73.74900E-06 -39.39698637E-03 +0.0E+00
+73.77400E-06 -19.69849323E-03 +361.80904E-06
+73.79900E-06 +0.0E+00 -0.0E+00
+73.82400E-06 -19.69849314E-03 -361.80904E-06
+73.84900E-06 -19.69849323E-03 +0.0E+00
+73.87400E-06 -39.39698637E-03 +0.0E+00
+73.89900E-06 -19.69849323E-03 +0.0E+00
+73.92400E-06 -19.69849314E-03 +0.0E+00
+73.94900E-06 -19.69849323E-03 +0.0E+00
+73.97400E-06 -19.69849323E-03 -361.80904E-06
+73.99900E-06 -19.69849314E-03 -361.80904E-06
+74.02400E-06 +0.0E+00 -361.80904E-06
+74.04900E-06 +0.0E+00 -723.61808E-06
+74.07400E-06 -39.39698637E-03 +0.0E+00
+74.09900E-06 -19.69849323E-03 +0.0E+00
+74.12400E-06 +0.0E+00 +0.0E+00
+74.14900E-06 -19.69849314E-03 -361.80904E-06
+74.17400E-06 -19.69849323E-03 -361.80904E-06
+74.19900E-06 -39.39698637E-03 -361.80904E-06
+74.22400E-06 +0.0E+00 +0.0E+00
+74.24900E-06 -39.39698637E-03 -361.80904E-06
+74.27400E-06 -39.39698637E-03 +723.61808E-06
+74.29900E-06 -19.69849323E-03 -0.0E+00
+74.32400E-06 +0.0E+00 +0.0E+00
+74.34900E-06 -19.69849314E-03 +0.0E+00
+74.37400E-06 +0.0E+00 +0.0E+00
+74.39900E-06 -39.39698627E-03 -723.61808E-06
+74.42400E-06 -39.39698637E-03 -361.80904E-06
+74.44900E-06 -19.69849323E-03 +0.0E+00
+74.47400E-06 -19.69849314E-03 +0.0E+00
+74.49900E-06 -39.39698637E-03 +361.80904E-06
+74.52400E-06 +0.0E+00 +0.0E+00
+74.54900E-06 -19.69849323E-03 +0.0E+00
+74.57400E-06 -19.69849323E-03 +0.0E+00
+74.59900E-06 -19.69849314E-03 -361.80904E-06
+74.62400E-06 +0.0E+00 -361.80904E-06
+74.64900E-06 -39.39698637E-03 -361.80904E-06
+74.67400E-06 +0.0E+00 +723.61808E-06
