x-axis 1 2
second Volt Volt
+25.60000E-06  
+25.62500E-06 +0.0E+00 +0.0E+00
+25.65000E-06 +0.0E+00 +0.0E+00
+25.67500E-06 -80.40200919E-03 +0.0E+00
+25.70000E-06 +0.0E+00 +0.0E+00
+25.72500E-06 +0.0E+00 +0.0E+00
+25.75000E-06 -80.40200919E-03 +0.0E+00
+25.77500E-06 -80.40200919E-03 +0.0E+00
+25.80000E-06 -80.40200919E-03 -80.40200919E-03
+25.82500E-06 -0.0E+00 +0.0E+00
+25.85000E-06 -80.40200919E-03 -0.0E+00
+25.87500E-06 -80.40200919E-03 -80.40200919E-03
+25.90000E-06 -0.0E+00 -160.80401838E-03
+25.92500E-06 +0.0E+00 +0.0E+00
+25.95000E-06 -0.0E+00 +0.0E+00
+25.97500E-06 -80.40200919E-03 +0.0E+00
+26.00000E-06 -0.0E+00 -80.40200919E-03
+26.02500E-06 +0.0E+00 +0.0E+00
+26.05000E-06 -0.0E+00 +0.0E+00
+26.07500E-06 -80.40200919E-03 -0.0E+00
+26.10000E-06 +0.0E+00 -80.40200919E-03
+26.12500E-06 +0.0E+00 +0.0E+00
+26.15000E-06 -0.0E+00 -0.0E+00
+26.17500E-06 -80.40200919E-03 +0.0E+00
+26.20000E-06 -80.40200919E-03 +0.0E+00
+26.22500E-06 -0.0E+00 -80.40200919E-03
+26.25000E-06 -80.40200919E-03 +0.0E+00
+26.27500E-06 -80.40200919E-03 -0.0E+00
+26.30000E-06 +0.0E+00 +0.0E+00
+26.32500E-06 +0.0E+00 +0.0E+00
+26.35000E-06 +0.0E+00 +0.0E+00
+26.37500E-06 -80.40200919E-03 -0.0E+00
+26.40000E-06 +0.0E+00 +0.0E+00
+26.42500E-06 +0.0E+00 -80.40200919E-03
+26.45000E-06 +0.0E+00 -0.0E+00
+26.47500E-06 +0.0E+00 -0.0E+00
+26.50000E-06 +0.0E+00 -80.40200919E-03
+26.52500E-06 +0.0E+00 +0.0E+00
+26.55000E-06 -0.0E+00 +0.0E+00
+26.57500E-06 -80.40200919E-03 +0.0E+00
+26.60000E-06 +0.0E+00 -0.0E+00
+26.62500E-06 +0.0E+00 +0.0E+00
+26.65000E-06 +0.0E+00 -0.0E+00
+26.67500E-06 +0.0E+00 -0.0E+00
+26.70000E-06 -80.40200919E-03 -80.40200919E-03
+26.72500E-06 +0.0E+00 +0.0E+00
+26.75000E-06 -80.40200919E-03 +80.40200919E-03
+26.77500E-06 -80.40200919E-03 -80.40200919E-03
+26.80000E-06 -80.40200919E-03 +0.0E+00
+26.82500E-06 +0.0E+00 +0.0E+00
+26.85000E-06 -80.40200919E-03 +0.0E+00
+26.87500E-06 -80.40200919E-03 -80.40200919E-03
+26.90000E-06 +0.0E+00 -80.40200919E-03
+26.92500E-06 -0.0E+00 -0.0E+00
+26.95000E-06 -80.40200919E-03 -80.40200919E-03
+26.97500E-06 -80.40200919E-03 +0.0E+00
+27.00000E-06 -80.40200919E-03 -80.40200919E-03
+27.02500E-06 -0.0E+00 -80.40200919E-03
+27.05000E-06 -80.40200919E-03 +80.40200919E-03
+27.07500E-06 +0.0E+00 +80.40200918E-03
+27.10000E-06 +0.0E+00 -80.40200919E-03
+27.12500E-06 +80.40200918E-03 -0.0E+00
+27.15000E-06 -0.0E+00 +0.0E+00
+27.17500E-06 -80.40200919E-03 -0.0E+00
+27.20000E-06 -80.40200919E-03 -0.0E+00
+27.22500E-06 -80.40200919E-03 -80.40200919E-03
+27.25000E-06 -80.40200919E-03 +0.0E+00
+27.27500E-06 -80.40200919E-03 -0.0E+00
+27.30000E-06 +0.0E+00 -80.40200919E-03
+27.32500E-06 -0.0E+00 -80.40200919E-03
+27.35000E-06 -0.0E+00 +0.0E+00
+27.37500E-06 +0.0E+00 -0.0E+00
+27.40000E-06 -0.0E+00 -0.0E+00
+27.42500E-06 -0.0E+00 +0.0E+00
+27.45000E-06 -0.0E+00 +0.0E+00
+27.47500E-06 -80.40200919E-03 -0.0E+00
+27.50000E-06 +0.0E+00 -80.40200919E-03
+27.52500E-06 -80.40200919E-03 +0.0E+00
+27.55000E-06 -0.0E+00 +0.0E+00
+27.57500E-06 -80.40200919E-03 -80.40200919E-03
+27.60000E-06 -80.40200919E-03 -0.0E+00
+27.62500E-06 -80.40200919E-03 +0.0E+00
+27.65000E-06 -80.40200919E-03 -0.0E+00
+27.67500E-06 -0.0E+00 -80.40200919E-03
+27.70000E-06 -0.0E+00 -80.40200919E-03
+27.72500E-06 -0.0E+00 +0.0E+00
+27.75000E-06 -80.40200919E-03 +0.0E+00
+27.77500E-06 -80.40200919E-03 +0.0E+00
+27.80000E-06 -80.40200919E-03 -0.0E+00
+27.82500E-06 -80.40200919E-03 -0.0E+00
+27.85000E-06 -80.40200919E-03 +0.0E+00
+27.87500E-06 +0.0E+00 -80.40200919E-03
+27.90000E-06 -80.40200918E-03 -80.40200918E-03
+27.92500E-06 -80.40200918E-03 +0.0E+00
+27.95000E-06 -80.40200919E-03 +0.0E+00
+27.97500E-06 -80.40200919E-03 +0.0E+00
+28.00000E-06 -80.40200919E-03 -80.40200918E-03
+28.02500E-06 -0.0E+00 -80.40200918E-03
+28.05000E-06 -80.40200918E-03 +0.0E+00
+28.07500E-06 +0.0E+00 -0.0E+00
+28.10000E-06 +0.0E+00 -160.80401837E-03
+28.12500E-06 -0.0E+00 -80.40200918E-03
+28.15000E-06 -80.40200919E-03 -0.0E+00
+28.17500E-06 -0.0E+00 -0.0E+00
+28.20000E-06 -80.40200918E-03 +0.0E+00
+28.22500E-06 +0.0E+00 -80.40200918E-03
+28.25000E-06 -80.40200918E-03 -0.0E+00
+28.27500E-06 +0.0E+00 -80.40200919E-03
+28.30000E-06 -10E-12 -80.40200919E-03
+28.32500E-06 +0.0E+00 +0.0E+00
+28.35000E-06 -80.40200919E-03 +0.0E+00
+28.37500E-06 -80.40200919E-03 -10E-12
+28.40000E-06 -80.40200918E-03 -80.40200918E-03
+28.42500E-06 -80.40200919E-03 -80.40200918E-03
+28.45000E-06 +0.0E+00 +0.0E+00
+28.47500E-06 +0.0E+00 -80.40200919E-03
+28.50000E-06 +0.0E+00 -80.40200918E-03
+28.52500E-06 -10E-12 +0.0E+00
+28.55000E-06 -80.40200919E-03 +0.0E+00
+28.57500E-06 -80.40200918E-03 +0.0E+00
+28.60000E-06 -80.40200918E-03 -10E-12
+28.62500E-06 -80.40200919E-03 +0.0E+00
+28.65000E-06 -10E-12 +0.0E+00
+28.67500E-06 -10E-12 -10E-12
+28.70000E-06 -80.40200918E-03 -80.40200919E-03
+28.72500E-06 +0.0E+00 +0.0E+00
+28.75000E-06 -10E-12 +0.0E+00
+28.77500E-06 -80.40200918E-03 +0.0E+00
+28.80000E-06 -80.40200919E-03 +0.0E+00
+28.82500E-06 -10E-12 -80.40200918E-03
+28.85000E-06 -80.40200918E-03 -80.40200919E-03
+28.87500E-06 -80.40200918E-03 -80.40200919E-03
+28.90000E-06 -80.40200918E-03 -80.40200919E-03
+28.92500E-06 -80.40200919E-03 -80.40200918E-03
+28.95000E-06 -80.40200919E-03 +0.0E+00
+28.97500E-06 -80.40200919E-03 -10E-12
+29.00000E-06 +0.0E+00 -80.40200919E-03
+29.02500E-06 -10E-12 -80.40200919E-03
+29.05000E-06 -80.40200918E-03 +0.0E+00
+29.07500E-06 -80.40200918E-03 -80.40200919E-03
+29.10000E-06 +80.40200918E-03 -80.40200918E-03
+29.12500E-06 -80.40200919E-03 -80.40200918E-03
+29.15000E-06 -10E-12 +10E-12
+29.17500E-06 -80.40200919E-03 -80.40200918E-03
+29.20000E-06 -80.40200919E-03 +0.0E+00
+29.22500E-06 -10E-12 -80.40200918E-03
+29.25000E-06 -80.40200919E-03 -10E-12
+29.27500E-06 -10E-12 -80.40200919E-03
+29.30000E-06 +0.0E+00 -80.40200918E-03
+29.32500E-06 -10E-12 +0.0E+00
+29.35000E-06 +0.0E+00 +0.0E+00
+29.37500E-06 -10E-12 -80.40200919E-03
+29.40000E-06 -80.40200918E-03 -80.40200919E-03
+29.42500E-06 -10E-12 -80.40200919E-03
+29.45000E-06 -80.40200918E-03 -10E-12
+29.47500E-06 -80.40200918E-03 -10E-12
+29.50000E-06 +0.0E+00 -80.40200919E-03
+29.52500E-06 +0.0E+00 -80.40200918E-03
+29.55000E-06 +0.0E+00 +0.0E+00
+29.57500E-06 -80.40200920E-03 +0.0E+00
+29.60000E-06 -80.40200918E-03 +0.0E+00
+29.62500E-06 -10E-12 -80.40200918E-03
+29.65000E-06 -10E-12 +0.0E+00
+29.67500E-06 -80.40200918E-03 -80.40200918E-03
+29.70000E-06 -80.40200918E-03 -80.40200918E-03
+29.72500E-06 -10E-12 +0.0E+00
+29.75000E-06 -80.40200918E-03 +0.0E+00
+29.77500E-06 -80.40200918E-03 +0.0E+00
+29.80000E-06 -80.40200918E-03 -10E-12
+29.82500E-06 +0.0E+00 +0.0E+00
+29.85000E-06 -80.40200919E-03 +0.0E+00
+29.87500E-06 -80.40200918E-03 -10E-12
+29.90000E-06 +0.0E+00 -80.40200918E-03
+29.92500E-06 +0.0E+00 -80.40200918E-03
+29.95000E-06 -80.40200919E-03 +0.0E+00
+29.97500E-06 +0.0E+00 +0.0E+00
+30.00000E-06 -80.40200918E-03 -10E-12
+30.02500E-06 -10E-12 -80.40200918E-03
+30.05000E-06 -80.40200919E-03 -10E-12
+30.07500E-06 +0.0E+00 -80.40200919E-03
+30.10000E-06 +0.0E+00 -80.40200918E-03
+30.12500E-06 -80.40200919E-03 -80.40200918E-03
+30.15000E-06 -80.40200919E-03 +0.0E+00
+30.17500E-06 -80.40200919E-03 -10E-12
+30.20000E-06 +0.0E+00 +0.0E+00
+30.22500E-06 -80.40200919E-03 +0.0E+00
+30.25000E-06 +0.0E+00 +0.0E+00
+30.27500E-06 -80.40200918E-03 -80.40200919E-03
+30.30000E-06 -10E-12 -160.80401837E-03
+30.32500E-06 +0.0E+00 +0.0E+00
+30.35000E-06 -10E-12 +0.0E+00
+30.37500E-06 -80.40200919E-03 +0.0E+00
+30.40000E-06 +0.0E+00 -10E-12
+30.42500E-06 +0.0E+00 -80.40200918E-03
+30.45000E-06 -10E-12 +0.0E+00
+30.47500E-06 -80.40200918E-03 -10E-12
+30.50000E-06 +0.0E+00 -80.40200919E-03
+30.52500E-06 +0.0E+00 +0.0E+00
+30.55000E-06 -80.40200919E-03 -10E-12
+30.57500E-06 -80.40200919E-03 -10E-12
+30.60000E-06 +0.0E+00 +0.0E+00
+30.62500E-06 +0.0E+00 -80.40200918E-03
+30.65000E-06 -160.80401837E-03 +0.0E+00
+30.67500E-06 -10E-12 -10E-12
+30.70000E-06 +0.0E+00 -80.40200918E-03
+30.72500E-06 -10E-12 +0.0E+00
+30.75000E-06 -80.40200919E-03 +0.0E+00
+30.77500E-06 -80.40200919E-03 +80.40200918E-03
+30.80000E-06 -80.40200918E-03 -80.40200919E-03
+30.82500E-06 -10E-12 +0.0E+00
+30.85000E-06 -80.40200919E-03 +0.0E+00
+30.87500E-06 -10E-12 -80.40200919E-03
+30.90000E-06 -10E-12 -80.40200918E-03
+30.92500E-06 -80.40200918E-03 -80.40200918E-03
+30.95000E-06 -80.40200919E-03 -10E-12
+30.97500E-06 -80.40200919E-03 -10E-12
+31.00000E-06 -80.40200919E-03 +0.0E+00
+31.02500E-06 -10E-12 +0.0E+00
+31.05000E-06 -80.40200919E-03 +0.0E+00
+31.07500E-06 -80.40200918E-03 -10E-12
+31.10000E-06 +0.0E+00 -80.40200918E-03
+31.12500E-06 -80.40200919E-03 +0.0E+00
+31.15000E-06 -10E-12 +0.0E+00
+31.17500E-06 -80.40200919E-03 +0.0E+00
+31.20000E-06 +0.0E+00 +0.0E+00
+31.22500E-06 -10E-12 -80.40200918E-03
+31.25000E-06 -10E-12 -10E-12
+31.27500E-06 +0.0E+00 +80.40200917E-03
+31.30000E-06 +0.0E+00 -80.40200919E-03
+31.32500E-06 -10E-12 +0.0E+00
+31.35000E-06 -80.40200919E-03 +0.0E+00
+31.37500E-06 -80.40200919E-03 +0.0E+00
+31.40000E-06 -80.40200919E-03 +0.0E+00
+31.42500E-06 -10E-12 -80.40200918E-03
+31.45000E-06 -10E-12 +80.40200918E-03
+31.47500E-06 +0.0E+00 -10E-12
+31.50000E-06 -10E-12 -10E-12
+31.52500E-06 -80.40200919E-03 +0.0E+00
+31.55000E-06 +0.0E+00 -10E-12
+31.57500E-06 -80.40200919E-03 -80.40200919E-03
+31.60000E-06 -80.40200919E-03 -80.40200918E-03
+31.62500E-06 +0.0E+00 +0.0E+00
+31.65000E-06 -80.40200919E-03 -10E-12
+31.67500E-06 -80.40200918E-03 -80.40200919E-03
+31.70000E-06 +0.0E+00 -80.40200919E-03
+31.72500E-06 -10E-12 -80.40200919E-03
+31.75000E-06 -10E-12 -80.40200918E-03
+31.77500E-06 -80.40200919E-03 +0.0E+00
+31.80000E-06 -80.40200918E-03 -80.40200919E-03
+31.82500E-06 -80.40200918E-03 +0.0E+00
+31.85000E-06 +0.0E+00 +0.0E+00
+31.87500E-06 -80.40200918E-03 -80.40200919E-03
+31.90000E-06 +0.0E+00 -80.40200918E-03
+31.92500E-06 +0.0E+00 -80.40200918E-03
+31.95000E-06 -80.40200918E-03 +0.0E+00
+31.97500E-06 -80.40200918E-03 +80.40200918E-03
+32.00000E-06 -160.80401837E-03 +0.0E+00
+32.02500E-06 -80.40200919E-03 -80.40200918E-03
+32.05000E-06 +0.0E+00 -10E-12
+32.07500E-06 -80.40200918E-03 -80.40200919E-03
+32.10000E-06 -10E-12 -80.40200919E-03
+32.12500E-06 -80.40200918E-03 -10E-12
+32.15000E-06 -80.40200918E-03 +0.0E+00
+32.17500E-06 -80.40200919E-03 -80.40200918E-03
+32.20000E-06 -80.40200918E-03 -80.40200918E-03
+32.22500E-06 +0.0E+00 -80.40200918E-03
+32.25000E-06 -80.40200918E-03 +0.0E+00
+32.27500E-06 -80.40200918E-03 -10E-12
+32.30000E-06 -80.40200919E-03 -80.40200918E-03
+32.32500E-06 +80.40200918E-03 -80.40200918E-03
+32.35000E-06 -80.40200918E-03 +0.0E+00
+32.37500E-06 -80.40200918E-03 -10E-12
+32.40000E-06 -160.80401835E-03 +0.0E+00
+32.42500E-06 -10E-12 -80.40200918E-03
+32.45000E-06 -80.40200918E-03 +0.0E+00
+32.47500E-06 -80.40200918E-03 -80.40200919E-03
+32.50000E-06 +0.0E+00 -160.80401836E-03
+32.52500E-06 -10E-12 +0.0E+00
+32.55000E-06 -10E-12 -10E-12
+32.57500E-06 -80.40200918E-03 -10E-12
+32.60000E-06 +0.0E+00 +0.0E+00
+32.62500E-06 -10E-12 -80.40200918E-03
+32.65000E-06 -80.40200918E-03 +0.0E+00
+32.67500E-06 +0.0E+00 -80.40200919E-03
+32.70000E-06 -80.40200919E-03 -80.40200919E-03
+32.72500E-06 -80.40200919E-03 +0.0E+00
+32.75000E-06 -80.40200918E-03 +0.0E+00
+32.77500E-06 -80.40200918E-03 -80.40200919E-03
+32.80000E-06 +0.0E+00 -10E-12
+32.82500E-06 -10E-12 -80.40200918E-03
+32.85000E-06 +0.0E+00 +0.0E+00
+32.87500E-06 -80.40200919E-03 -10E-12
+32.90000E-06 +0.0E+00 -80.40200919E-03
+32.92500E-06 +0.0E+00 -80.40200919E-03
+32.95000E-06 -10E-12 +0.0E+00
+32.97500E-06 -10E-12 -10E-12
+33.00000E-06 -80.40200919E-03 -80.40200917E-03
+33.02500E-06 -80.40200919E-03 -80.40200917E-03
+33.05000E-06 -80.40200919E-03 -10E-12
+33.07500E-06 +0.0E+00 -80.40200919E-03
+33.10000E-06 -80.40200917E-03 -80.40200919E-03
+33.12500E-06 -10E-12 -80.40200917E-03
+33.15000E-06 -80.40200919E-03 +0.0E+00
+33.17500E-06 -80.40200919E-03 -10E-12
+33.20000E-06 -10E-12 -10E-12
+33.22500E-06 -10E-12 +0.0E+00
+33.25000E-06 -80.40200917E-03 +0.0E+00
+33.27500E-06 +0.0E+00 -80.40200920E-03
+33.30000E-06 +0.0E+00 -80.40200919E-03
+33.32500E-06 -80.40200919E-03 -80.40200917E-03
+33.35000E-06 -80.40200919E-03 +0.0E+00
+33.37500E-06 -80.40200919E-03 +0.0E+00
+33.40000E-06 -160.80401835E-03 -20E-12
+33.42500E-06 +0.0E+00 +0.0E+00
+33.45000E-06 -80.40200919E-03 +0.0E+00
+33.47500E-06 -80.40200917E-03 -80.40200917E-03
+33.50000E-06 -80.40200919E-03 -80.40200917E-03
+33.52500E-06 -80.40200919E-03 +0.0E+00
+33.55000E-06 -80.40200919E-03 +0.0E+00
+33.57500E-06 -80.40200920E-03 +0.0E+00
+33.60000E-06 +0.0E+00 -20E-12
+33.62500E-06 -20E-12 -80.40200917E-03
+33.65000E-06 +0.0E+00 +80.40200917E-03
+33.67500E-06 +0.0E+00 -80.40200919E-03
+33.70000E-06 -80.40200917E-03 -80.40200919E-03
+33.72500E-06 +80.40200917E-03 -20E-12
+33.75000E-06 -80.40200919E-03 +0.0E+00
+33.77500E-06 -20E-12 -20E-12
+33.80000E-06 -80.40200917E-03 +0.0E+00
+33.82500E-06 -80.40200919E-03 +0.0E+00
+33.85000E-06 -20E-12 +0.0E+00
+33.87500E-06 +0.0E+00 -80.40200919E-03
+33.90000E-06 +0.0E+00 -80.40200919E-03
+33.92500E-06 +0.0E+00 +0.0E+00
+33.95000E-06 +0.0E+00 +0.0E+00
+33.97500E-06 -80.40200919E-03 -20E-12
+34.00000E-06 -80.40200917E-03 +0.0E+00
+34.02500E-06 -80.40200917E-03 +0.0E+00
+34.05000E-06 -80.40200919E-03 -20E-12
+34.07500E-06 -80.40200917E-03 -80.40200919E-03
+34.10000E-06 +0.0E+00 -80.40200917E-03
+34.12500E-06 -20E-12 -80.40200917E-03
+34.15000E-06 -20E-12 +0.0E+00
+34.17500E-06 -80.40200917E-03 +0.0E+00
+34.20000E-06 -80.40200917E-03 -80.40200919E-03
+34.22500E-06 -20E-12 +0.0E+00
+34.25000E-06 -20E-12 -80.40200919E-03
+34.27500E-06 +0.0E+00 -20E-12
+34.30000E-06 +0.0E+00 -80.40200917E-03
+34.32500E-06 -20E-12 -20E-12
+34.35000E-06 +0.0E+00 +0.0E+00
+34.37500E-06 -80.40200919E-03 +0.0E+00
+34.40000E-06 -160.80401834E-03 +0.0E+00
+34.42500E-06 +0.0E+00 -80.40200917E-03
+34.45000E-06 -20E-12 +0.0E+00
+34.47500E-06 -80.40200917E-03 -80.40200919E-03
+34.50000E-06 -80.40200919E-03 -80.40200917E-03
+34.52500E-06 -20E-12 +0.0E+00
+34.55000E-06 -80.40200919E-03 +0.0E+00
+34.57500E-06 -80.40200919E-03 +0.0E+00
+34.60000E-06 -80.40200917E-03 +0.0E+00
+34.62500E-06 +0.0E+00 -80.40200917E-03
+34.65000E-06 +0.0E+00 +0.0E+00
+34.67500E-06 -80.40200919E-03 -20E-12
+34.70000E-06 -20E-12 -80.40200919E-03
+34.72500E-06 -80.40200919E-03 +0.0E+00
+34.75000E-06 -40E-12 +0.0E+00
+34.77500E-06 -80.40200919E-03 -20E-12
+34.80000E-06 -80.40200917E-03 +0.0E+00
+34.82500E-06 -80.40200919E-03 +0.0E+00
+34.85000E-06 -80.40200919E-03 +80.40200917E-03
+34.87500E-06 -80.40200919E-03 -20E-12
+34.90000E-06 +0.0E+00 -80.40200917E-03
+34.92500E-06 +0.0E+00 +0.0E+00
+34.95000E-06 -20E-12 +0.0E+00
+34.97500E-06 -80.40200919E-03 +0.0E+00
+35.00000E-06 -80.40200917E-03 -80.40200919E-03
+35.02500E-06 +0.0E+00 -80.40200917E-03
+35.05000E-06 -80.40200919E-03 +0.0E+00
+35.07500E-06 +0.0E+00 -20E-12
+35.10000E-06 +0.0E+00 -80.40200917E-03
+35.12500E-06 -80.40200919E-03 +0.0E+00
+35.15000E-06 -80.40200919E-03 -80.40200917E-03
+35.17500E-06 -80.40200919E-03 -20E-12
+35.20000E-06 -80.40200917E-03 +0.0E+00
+35.22500E-06 -80.40200917E-03 +0.0E+00
+35.25000E-06 -80.40200919E-03 +0.0E+00
+35.27500E-06 -80.40200917E-03 -20E-12
+35.30000E-06 +0.0E+00 +0.0E+00
+35.32500E-06 -80.40200919E-03 +0.0E+00
+35.35000E-06 +0.0E+00 +0.0E+00
+35.37500E-06 -20E-12 -80.40200919E-03
+35.40000E-06 -80.40200917E-03 -20E-12
+35.42500E-06 -80.40200919E-03 -80.40200917E-03
+35.45000E-06 -80.40200919E-03 -20E-12
+35.47500E-06 -80.40200917E-03 -80.40200919E-03
+35.50000E-06 -80.40200917E-03 -80.40200919E-03
+35.52500E-06 +0.0E+00 +0.0E+00
+35.55000E-06 -80.40200919E-03 +0.0E+00
+35.57500E-06 -80.40200919E-03 -20E-12
+35.60000E-06 -80.40200917E-03 +0.0E+00
+35.62500E-06 +0.0E+00 -80.40200917E-03
+35.65000E-06 -80.40200919E-03 +0.0E+00
+35.67500E-06 -80.40200917E-03 -20E-12
+35.70000E-06 -80.40200919E-03 -80.40200919E-03
+35.72500E-06 +0.0E+00 -80.40200917E-03
+35.75000E-06 -80.40200919E-03 +0.0E+00
+35.77500E-06 -80.40200919E-03 +20E-12
+35.80000E-06 +0.0E+00 +0.0E+00
+35.82500E-06 -20E-12 -80.40200917E-03
+35.85000E-06 +0.0E+00 +80.40200915E-03
+35.87500E-06 -80.40200919E-03 -80.40200917E-03
+35.90000E-06 -80.40200919E-03 -80.40200917E-03
+35.92500E-06 -80.40200917E-03 +0.0E+00
+35.95000E-06 -80.40200919E-03 +0.0E+00
+35.97500E-06 -80.40200919E-03 -80.40200919E-03
+36.00000E-06 -80.40200919E-03 +0.0E+00
+36.02500E-06 -20E-12 -80.40200917E-03
+36.05000E-06 -20E-12 -20E-12
+36.07500E-06 -80.40200917E-03 -20E-12
+36.10000E-06 -20E-12 -80.40200919E-03
+36.12500E-06 -80.40200919E-03 +0.0E+00
+36.15000E-06 -80.40200919E-03 +0.0E+00
+36.17500E-06 +0.0E+00 -20E-12
+36.20000E-06 -80.40200917E-03 -80.40200917E-03
+36.22500E-06 +0.0E+00 -80.40200917E-03
+36.25000E-06 -80.40200919E-03 -20E-12
+36.27500E-06 +0.0E+00 -20E-12
+36.30000E-06 -80.40200917E-03 -80.40200917E-03
+36.32500E-06 +0.0E+00 +0.0E+00
+36.35000E-06 +0.0E+00 +20E-12
+36.37500E-06 -80.40200917E-03 -20E-12
+36.40000E-06 +0.0E+00 +0.0E+00
+36.42500E-06 -20E-12 -80.40200917E-03
+36.45000E-06 -20E-12 +0.0E+00
+36.47500E-06 +0.0E+00 -20E-12
+36.50000E-06 -20E-12 -160.80401834E-03
+36.52500E-06 +0.0E+00 -80.40200917E-03
+36.55000E-06 -80.40200919E-03 +0.0E+00
+36.57500E-06 -80.40200917E-03 +0.0E+00
+36.60000E-06 -80.40200919E-03 -20E-12
+36.62500E-06 +0.0E+00 +0.0E+00
+36.65000E-06 +0.0E+00 +0.0E+00
+36.67500E-06 -80.40200917E-03 +0.0E+00
+36.70000E-06 -20E-12 -80.40200917E-03
+36.72500E-06 -20E-12 +0.0E+00
+36.75000E-06 -80.40200919E-03 +0.0E+00
+36.77500E-06 -80.40200921E-03 +0.0E+00
+36.80000E-06 -80.40200917E-03 -20E-12
+36.82500E-06 -20E-12 +0.0E+00
+36.85000E-06 +0.0E+00 -20E-12
+36.87500E-06 -80.40200917E-03 -20E-12
+36.90000E-06 +0.0E+00 -80.40200919E-03
+36.92500E-06 -80.40200919E-03 +0.0E+00
+36.95000E-06 -80.40200917E-03 +0.0E+00
+36.97500E-06 -80.40200919E-03 +0.0E+00
+37.00000E-06 -20E-12 -20E-12
+37.02500E-06 +0.0E+00 +0.0E+00
+37.05000E-06 +0.0E+00 +0.0E+00
+37.07500E-06 +0.0E+00 -20E-12
+37.10000E-06 +0.0E+00 -80.40200917E-03
+37.12500E-06 -80.40200919E-03 +0.0E+00
+37.15000E-06 -80.40200919E-03 +0.0E+00
+37.17500E-06 +0.0E+00 -80.40200919E-03
+37.20000E-06 -20E-12 -20E-12
+37.22500E-06 +80.40200917E-03 +0.0E+00
+37.25000E-06 +0.0E+00 +0.0E+00
+37.27500E-06 +0.0E+00 -20E-12
+37.30000E-06 +0.0E+00 -80.40200919E-03
+37.32500E-06 -80.40200919E-03 +0.0E+00
+37.35000E-06 -80.40200919E-03 +80.40200917E-03
+37.37500E-06 -80.40200919E-03 -80.40200917E-03
+37.40000E-06 -20E-12 -20E-12
+37.42500E-06 +0.0E+00 -80.40200917E-03
+37.45000E-06 -20E-12 -80.40200917E-03
+37.47500E-06 +0.0E+00 -20E-12
+37.50000E-06 -80.40200917E-03 -80.40200919E-03
+37.52500E-06 -80.40200919E-03 +0.0E+00
+37.55000E-06 -80.40200919E-03 +0.0E+00
+37.57500E-06 -80.40200919E-03 +0.0E+00
+37.60000E-06 +0.0E+00 -20E-12
+37.62500E-06 +0.0E+00 +0.0E+00
+37.65000E-06 +0.0E+00 +20E-12
+37.67500E-06 +0.0E+00 -20E-12
+37.70000E-06 +0.0E+00 -80.40200919E-03
+37.72500E-06 -20E-12 -80.40200917E-03
+37.75000E-06 -80.40200919E-03 +0.0E+00
+37.77500E-06 -80.40200921E-03 -80.40200919E-03
+37.80000E-06 -80.40200917E-03 +0.0E+00
+37.82500E-06 +20E-12 -80.40200917E-03
+37.85000E-06 +0.0E+00 +0.0E+00
+37.87500E-06 +0.0E+00 +0.0E+00
+37.90000E-06 -80.40200917E-03 -80.40200917E-03
+37.92500E-06 -80.40200919E-03 +0.0E+00
+37.95000E-06 -80.40200921E-03 -20E-12
+37.97500E-06 -80.40200919E-03 +0.0E+00
+38.00000E-06 -80.40200916E-03 -80.40200919E-03
+38.02500E-06 +0.0E+00 -80.40200916E-03
+38.05000E-06 +80.40200916E-03 -20E-12
+38.07500E-06 +0.0E+00 +80.40200914E-03
+38.10000E-06 -80.40200916E-03 -80.40200916E-03
+38.12500E-06 -80.40200919E-03 +0.0E+00
+38.15000E-06 -80.40200919E-03 -80.40200916E-03
+38.17500E-06 -80.40200919E-03 -20E-12
+38.20000E-06 -80.40200916E-03 +0.0E+00
+38.22500E-06 +0.0E+00 +0.0E+00
+38.25000E-06 +20E-12 +0.0E+00
+38.27500E-06 +0.0E+00 +80.40200914E-03
+38.30000E-06 -80.40200916E-03 -80.40200919E-03
+38.32500E-06 -80.40200921E-03 +0.0E+00
+38.35000E-06 -80.40200921E-03 -20E-12
+38.37500E-06 -80.40200919E-03 -80.40200919E-03
+38.40000E-06 -160.80401833E-03 -80.40200916E-03
+38.42500E-06 +0.0E+00 -80.40200916E-03
+38.45000E-06 +80.40200916E-03 +80.40200916E-03
+38.47500E-06 +0.0E+00 -30E-12
+38.50000E-06 +0.0E+00 -160.80401833E-03
+38.52500E-06 -80.40200919E-03 -80.40200916E-03
+38.55000E-06 -241.20602757E-03 +0.0E+00
+38.57500E-06 -80.40200921E-03 -80.40200919E-03
+38.60000E-06 +0.0E+00 -80.40200919E-03
+38.62500E-06 +80.40200919E-03 -80.40200916E-03
+38.65000E-06 +80.40200916E-03 +0.0E+00
+38.67500E-06 +0.0E+00 +0.0E+00
+38.70000E-06 -80.40200916E-03 +0.0E+00
+38.72500E-06 -80.40200919E-03 -80.40200916E-03
+38.75000E-06 -160.80401838E-03 +0.0E+00
+38.77500E-06 -80.40200919E-03 -30E-12
+38.80000E-06 +0.0E+00 -80.40200919E-03
+38.82500E-06 +80.40200919E-03 -80.40200916E-03
+38.85000E-06 +80.40200919E-03 +80.40200919E-03
+38.87500E-06 +0.0E+00 +0.0E+00
+38.90000E-06 -30E-12 +0.0E+00
+38.92500E-06 -80.40200922E-03 +0.0E+00
+38.95000E-06 -241.20602754E-03 +0.0E+00
+38.97500E-06 -80.40200919E-03 -80.40200919E-03
+39.00000E-06 +0.0E+00 -30E-12
+39.02500E-06 +80.40200919E-03 -80.40200916E-03
+39.05000E-06 +80.40200919E-03 +0.0E+00
+39.07500E-06 +30E-12 +0.0E+00
+39.10000E-06 -80.40200919E-03 -80.40200916E-03
+39.12500E-06 -160.80401838E-03 +0.0E+00
+39.15000E-06 -160.80401838E-03 -80.40200919E-03
+39.17500E-06 -160.80401838E-03 -30E-12
+39.20000E-06 +0.0E+00 +0.0E+00
+39.22500E-06 +160.80401835E-03 +30E-12
+39.25000E-06 +160.80401835E-03 -30E-12
+39.27500E-06 +0.0E+00 -30E-12
+39.30000E-06 -80.40200919E-03 -80.40200916E-03
+39.32500E-06 -160.80401838E-03 +0.0E+00
+39.35000E-06 -241.20602757E-03 +0.0E+00
+39.37500E-06 -160.80401838E-03 -80.40200919E-03
+39.40000E-06 +0.0E+00 -80.40200919E-03
+39.42500E-06 +160.80401838E-03 +0.0E+00
+39.45000E-06 +80.40200919E-03 +30E-12
+39.47500E-06 +30E-12 +80.40200916E-03
+39.50000E-06 -30E-12 -80.40200916E-03
+39.52500E-06 -160.80401841E-03 +0.0E+00
+39.55000E-06 -241.20602757E-03 -30E-12
+39.57500E-06 -160.80401838E-03 -80.40200919E-03
+39.60000E-06 -80.40200913E-03 -80.40200922E-03
+39.62500E-06 +160.80401838E-03 +0.0E+00
+39.65000E-06 +160.80401838E-03 +0.0E+00
+39.67500E-06 +30E-12 +80.40200916E-03
+39.70000E-06 -80.40200922E-03 +0.0E+00
+39.72500E-06 -241.20602757E-03 +0.0E+00
+39.75000E-06 -241.20602757E-03 -80.40200919E-03
+39.77500E-06 -160.80401838E-03 -80.40200919E-03
+39.80000E-06 +80.40200919E-03 -80.40200922E-03
+39.82500E-06 +80.40200922E-03 +0.0E+00
+39.85000E-06 +160.80401838E-03 +30E-12
+39.87500E-06 +80.40200919E-03 +0.0E+00
+39.90000E-06 -80.40200919E-03 +30E-12
+39.92500E-06 -321.60803673E-03 +0.0E+00
+39.95000E-06 -321.60803673E-03 -80.40200919E-03
+39.97500E-06 -80.40200922E-03 -160.80401838E-03
+40.00000E-06 +0.0E+00 -80.40200922E-03
+40.02500E-06 +241.20602754E-03 -80.40200916E-03
+40.05000E-06 +241.20602754E-03 +80.40200919E-03
+40.07500E-06 +30E-12 +80.40200916E-03
+40.10000E-06 -80.40200919E-03 +0.0E+00
+40.12500E-06 -241.20602757E-03 +0.0E+00
+40.15000E-06 -321.60803676E-03 -160.80401835E-03
+40.17500E-06 -160.80401841E-03 -160.80401835E-03
+40.20000E-06 +80.40200919E-03 -80.40200919E-03
+40.22500E-06 +160.80401841E-03 -80.40200916E-03
+40.25000E-06 +241.20602757E-03 +80.40200919E-03
+40.27500E-06 +80.40200919E-03 +80.40200919E-03
+40.30000E-06 -80.40200919E-03 -80.40200913E-03
+40.32500E-06 -241.20602763E-03 +0.0E+00
+40.35000E-06 -321.60803676E-03 -80.40200919E-03
+40.37500E-06 -160.80401838E-03 -160.80401835E-03
+40.40000E-06 +30E-12 -80.40200922E-03
+40.42500E-06 +160.80401841E-03 +0.0E+00
+40.45000E-06 +321.60803676E-03 +80.40200919E-03
+40.47500E-06 +80.40200919E-03 +80.40200919E-03
+40.50000E-06 -80.40200919E-03 +30E-12
+40.52500E-06 -402.01004592E-03 -80.40200916E-03
+40.55000E-06 -402.01004595E-03 -80.40200922E-03
+40.57500E-06 -241.20602757E-03 -80.40200922E-03
+40.60000E-06 +30E-12 -80.40200922E-03
+40.62500E-06 +321.60803676E-03 -80.40200916E-03
+40.65000E-06 +321.60803673E-03 +80.40200919E-03
+40.67500E-06 +80.40200919E-03 +160.80401835E-03
+40.70000E-06 -80.40200925E-03 +30E-12
+40.72500E-06 -402.01004595E-03 +0.0E+00
+40.75000E-06 -402.01004595E-03 -80.40200919E-03
+40.77500E-06 -241.20602757E-03 -160.80401838E-03
+40.80000E-06 +80.40200919E-03 -160.80401835E-03
+40.82500E-06 +321.60803676E-03 +0.0E+00
+40.85000E-06 +321.60803679E-03 +80.40200919E-03
+40.87500E-06 +160.80401838E-03 +241.20602751E-03
+40.90000E-06 -160.80401838E-03 +80.40200919E-03
+40.92500E-06 -482.41205513E-03 +0.0E+00
+40.95000E-06 -402.01004598E-03 -80.40200919E-03
+40.97500E-06 -241.20602757E-03 -160.80401838E-03
+41.00000E-06 +80.40200919E-03 -160.80401838E-03
+41.02500E-06 +321.60803676E-03 +0.0E+00
+41.05000E-06 +402.01004592E-03 +80.40200922E-03
+41.07500E-06 +160.80401838E-03 +160.80401835E-03
+41.10000E-06 -160.80401838E-03 +30E-12
+41.12500E-06 -402.01004598E-03 +0.0E+00
+41.15000E-06 -482.41205513E-03 -160.80401835E-03
+41.17500E-06 -241.20602760E-03 -160.80401841E-03
+41.20000E-06 +80.40200919E-03 -160.80401838E-03
+41.22500E-06 +402.01004595E-03 +0.0E+00
+41.25000E-06 +482.41205510E-03 +160.80401835E-03
+41.27500E-06 +160.80401841E-03 +160.80401835E-03
+41.30000E-06 -160.80401841E-03 +80.40200922E-03
+41.32500E-06 -562.81406432E-03 +0.0E+00
+41.35000E-06 -562.81406432E-03 -160.80401838E-03
+41.37500E-06 -241.20602760E-03 -241.20602760E-03
+41.40000E-06 +80.40200922E-03 -241.20602754E-03
+41.42500E-06 +482.41205513E-03 +0.0E+00
+41.45000E-06 +482.41205517E-03 +160.80401838E-03
+41.47500E-06 +241.20602757E-03 +241.20602754E-03
+41.50000E-06 -160.80401841E-03 +160.80401835E-03
+41.52500E-06 -562.81406436E-03 +0.0E+00
+41.55000E-06 -643.21607348E-03 -160.80401838E-03
+41.57500E-06 -321.60803676E-03 -160.80401841E-03
+41.60000E-06 +80.40200919E-03 -241.20602757E-03
+41.62500E-06 +482.41205517E-03 +0.0E+00
+41.65000E-06 +643.21607348E-03 +160.80401838E-03
+41.67500E-06 +241.20602760E-03 +241.20602754E-03
+41.70000E-06 -241.20602757E-03 +80.40200922E-03
+41.72500E-06 -643.21607351E-03 +0.0E+00
+41.75000E-06 -723.61808267E-03 -160.80401838E-03
+41.77500E-06 -321.60803679E-03 -321.60803672E-03
+41.80000E-06 +160.80401838E-03 -241.20602757E-03
+41.82500E-06 +562.81406432E-03 -80.40200916E-03
+41.85000E-06 +723.61808267E-03 +160.80401838E-03
+41.87500E-06 +241.20602760E-03 +241.20602754E-03
+41.90000E-06 -241.20602760E-03 +80.40200922E-03
+41.92500E-06 -804.02009186E-03 +0.0E+00
+41.95000E-06 -723.61808270E-03 -160.80401841E-03
+41.97500E-06 -402.01004595E-03 -321.60803676E-03
+42.00000E-06 +160.80401838E-03 -241.20602757E-03
+42.02500E-06 +562.81406439E-03 -80.40200916E-03
+42.05000E-06 +723.61808270E-03 +241.20602754E-03
+42.07500E-06 +321.60803676E-03 +241.20602754E-03
+42.10000E-06 -241.20602760E-03 +160.80401838E-03
+42.12500E-06 -804.02009186E-03 +0.0E+00
+42.15000E-06 -804.02009189E-03 -241.20602757E-03
+42.17500E-06 -402.01004598E-03 -402.01004595E-03
+42.20000E-06 +160.80401838E-03 -241.20602760E-03
+42.22500E-06 +723.61808270E-03 -80.40200916E-03
+42.25000E-06 +804.02009189E-03 +241.20602757E-03
+42.27500E-06 +321.60803679E-03 +321.60803672E-03
+42.30000E-06 -241.20602763E-03 +160.80401838E-03
+42.32500E-06 -884.42210111E-03 +0.0E+00
+42.35000E-06 -884.42210108E-03 -241.20602757E-03
+42.37500E-06 -402.01004598E-03 -321.60803676E-03
+42.40000E-06 +241.20602757E-03 -241.20602760E-03
+42.42500E-06 +804.02009189E-03 -80.40200916E-03
+42.45000E-06 +884.42210105E-03 +321.60803672E-03
+42.47500E-06 +402.01004595E-03 +321.60803676E-03
+42.50000E-06 -402.01004591E-03 +321.60803672E-03
+42.52500E-06 -884.42210111E-03 +0.0E+00
+42.55000E-06 -1.04522611943E+00 -241.20602760E-03
+42.57500E-06 -482.41205517E-03 -402.01004595E-03
+42.60000E-06 +241.20602757E-03 -321.60803676E-03
+42.62500E-06 +964.82411024E-03 -80.40200916E-03
+42.65000E-06 +884.42210108E-03 +321.60803672E-03
+42.67500E-06 +402.01004595E-03 +402.01004591E-03
+42.70000E-06 -402.01004591E-03 +321.60803672E-03
+42.72500E-06 -1.04522611946E+00 +0.0E+00
+42.75000E-06 -1.12562812861E+00 -241.20602760E-03
+42.77500E-06 -643.21607348E-03 -402.01004598E-03
+42.80000E-06 +241.20602760E-03 -321.60803679E-03
+42.82500E-06 +964.82411027E-03 +0.0E+00
+42.85000E-06 +1.04522611946E+00 +321.60803679E-03
+42.87500E-06 +482.41205510E-03 +402.01004591E-03
+42.90000E-06 -402.01004598E-03 +241.20602760E-03
+42.92500E-06 -1.12562812861E+00 +0.0E+00
+42.95000E-06 -1.20603013784E+00 -321.60803676E-03
+42.97500E-06 -562.81406432E-03 -482.41205513E-03
+43.00000E-06 +241.20602764E-03 -402.01004595E-03
+43.02500E-06 +1.04522611946E+00 +0.0E+00
+43.05000E-06 +1.20603013780E+00 +402.01004591E-03
+43.07500E-06 +562.81406432E-03 +562.81406429E-03
+43.10000E-06 -482.41205510E-03 +321.60803676E-03
+43.12500E-06 -1.12562812868E+00 -80.40200919E-03
+43.15000E-06 -1.28643214706E+00 -321.60803676E-03
+43.17500E-06 -643.21607351E-03 -562.81406429E-03
+43.20000E-06 +321.60803679E-03 -402.01004598E-03
+43.22500E-06 +1.20603013784E+00 -80.40200915E-03
+43.25000E-06 +1.28643214699E+00 +402.01004591E-03
+43.27500E-06 +562.81406432E-03 +562.81406429E-03
+43.30000E-06 -402.01004598E-03 +321.60803679E-03
+43.32500E-06 -1.20603013791E+00 +0.0E+00
+43.35000E-06 -1.44723616537E+00 -321.60803679E-03
+43.37500E-06 -723.61808270E-03 -643.21607348E-03
+43.40000E-06 +321.60803679E-03 -402.01004598E-03
+43.42500E-06 +1.36683415622E+00 -80.40200919E-03
+43.45000E-06 +1.36683415622E+00 +402.01004595E-03
+43.47500E-06 +643.21607348E-03 +562.81406432E-03
+43.50000E-06 -482.41205517E-03 +402.01004595E-03
+43.52500E-06 -1.36683415625E+00 -80.40200912E-03
+43.55000E-06 -1.44723616544E+00 -402.01004598E-03
+43.57500E-06 -643.21607355E-03 -723.61808270E-03
+43.60000E-06 +482.41205513E-03 -482.41205513E-03
+43.62500E-06 +1.36683415625E+00 -80.40200915E-03
+43.65000E-06 +1.52763817459E+00 +482.41205517E-03
+43.67500E-06 +723.61808263E-03 +643.21607348E-03
+43.70000E-06 -482.41205517E-03 +482.41205513E-03
+43.72500E-06 -1.52763817463E+00 +0.0E+00
+43.75000E-06 -1.68844219294E+00 -482.41205513E-03
+43.77500E-06 -804.02009189E-03 -723.61808270E-03
+43.80000E-06 +482.41205513E-03 -562.81406432E-03
+43.82500E-06 +1.52763817459E+00 -80.40200915E-03
+43.85000E-06 +1.68844219294E+00 +482.41205513E-03
+43.87500E-06 +804.02009186E-03 +723.61808267E-03
+43.90000E-06 -562.81406436E-03 +482.41205513E-03
+43.92500E-06 -1.68844219297E+00 +0.0E+00
+43.95000E-06 -1.76884420216E+00 -562.81406432E-03
+43.97500E-06 -884.42210108E-03 -804.02009186E-03
+44.00000E-06 +482.41205517E-03 -643.21607348E-03
+44.02500E-06 +1.60804018378E+00 -160.80401831E-03
+44.05000E-06 +1.76884420212E+00 +562.81406432E-03
+44.07500E-06 +804.02009186E-03 +804.02009186E-03
+44.10000E-06 -643.21607351E-03 +482.41205517E-03
+44.12500E-06 -1.76884420220E+00 +0.0E+00
+44.15000E-06 -1.92964822050E+00 -562.81406436E-03
+44.17500E-06 -884.42210108E-03 -884.42210108E-03
+44.20000E-06 +482.41205524E-03 -562.81406432E-03
+44.22500E-06 +1.76884420216E+00 -80.40200915E-03
+44.25000E-06 +1.92964822050E+00 +482.41205517E-03
+44.27500E-06 +804.02009189E-03 +884.42210101E-03
+44.30000E-06 -723.61808274E-03 +562.81406432E-03
+44.32500E-06 -1.92964822054E+00 +0.0E+00
+44.35000E-06 -2.09045223892E+00 -562.81406432E-03
+44.37500E-06 -1.04522611942E+00 -884.42210112E-03
+44.40000E-06 +643.21607355E-03 -723.61808270E-03
+44.42500E-06 +1.92964822054E+00 -160.80401830E-03
+44.45000E-06 +2.09045223888E+00 +643.21607355E-03
+44.47500E-06 +964.82411020E-03 +964.82411023E-03
+44.50000E-06 -804.02009193E-03 +643.21607351E-03
+44.52500E-06 -2.01005022977E+00 +0.0E+00
+44.55000E-06 -2.25125625726E+00 -643.21607351E-03
+44.57500E-06 -1.04522611946E+00 -964.82411031E-03
+44.60000E-06 +643.21607355E-03 -643.21607355E-03
+44.62500E-06 +2.01005022973E+00 -80.40200915E-03
+44.65000E-06 +2.09045223895E+00 +723.61808270E-03
+44.67500E-06 +1.04522611942E+00 +964.82411027E-03
+44.70000E-06 -804.02009189E-03 +723.61808270E-03
+44.72500E-06 -2.25125625730E+00 +0.0E+00
+44.75000E-06 -2.33165826645E+00 -723.61808270E-03
+44.77500E-06 -1.12562812865E+00 -1.04522611950E+00
+44.80000E-06 +723.61808274E-03 -804.02009193E-03
+44.82500E-06 +2.25125625726E+00 -80.40200919E-03
+44.85000E-06 +2.33165826648E+00 +723.61808270E-03
+44.87500E-06 +1.12562812861E+00 +1.04522611942E+00
+44.90000E-06 -804.02009193E-03 +723.61808270E-03
+44.92500E-06 -2.33165826652E+00 +40E-12
+44.95000E-06 -2.49246228486E+00 -723.61808274E-03
+44.97500E-06 -1.20603013784E+00 -1.20603013784E+00
+45.00000E-06 +723.61808278E-03 -884.42210104E-03
+45.02500E-06 +2.33165826648E+00 -80.40200915E-03
+45.05000E-06 +2.41206027571E+00 +804.02009189E-03
+45.07500E-06 +1.12562812865E+00 +1.20603013780E+00
+45.10000E-06 -884.42210112E-03 +723.61808278E-03
+45.12500E-06 -2.49246228490E+00 +0.0E+00
+45.15000E-06 -2.65326630320E+00 -804.02009189E-03
+45.17500E-06 -1.20603013788E+00 -1.20603013788E+00
+45.20000E-06 +804.02009197E-03 -884.42210108E-03
+45.22500E-06 +2.33165826656E+00 -80.40200915E-03
+45.25000E-06 +2.73366831235E+00 +804.02009193E-03
+45.27500E-06 +1.20603013780E+00 +1.20603013780E+00
+45.30000E-06 -964.82411031E-03 +804.02009193E-03
+45.32500E-06 -2.65326630324E+00 +40E-12
+45.35000E-06 -2.81407032158E+00 -884.42210108E-03
+45.37500E-06 -1.28643214703E+00 -1.36683415618E+00
+45.40000E-06 +884.42210112E-03 -964.82411027E-03
+45.42500E-06 +2.65326630328E+00 -160.80401830E-03
+45.45000E-06 +2.81407032158E+00 +884.42210112E-03
+45.47500E-06 +1.28643214699E+00 +1.36683415618E+00
+45.50000E-06 -1.04522611950E+00 +964.82411023E-03
+45.52500E-06 -2.81407032162E+00 +0.0E+00
+45.55000E-06 -2.97487434000E+00 -884.42210108E-03
+45.57500E-06 -1.44723616533E+00 -1.36683415622E+00
+45.60000E-06 +884.42210112E-03 -1.04522611942E+00
+45.62500E-06 +2.81407032166E+00 -80.40200915E-03
+45.65000E-06 +3.05527634915E+00 +884.42210112E-03
+45.67500E-06 +1.36683415618E+00 +1.44723616537E+00
+45.70000E-06 -1.04522611950E+00 +1.04522611942E+00
+45.72500E-06 -2.97487434000E+00 +0.0E+00
+45.75000E-06 -3.13567835838E+00 -964.82411031E-03
+45.77500E-06 -1.52763817459E+00 -1.44723616540E+00
+45.80000E-06 +884.42210120E-03 -1.12562812861E+00
+45.82500E-06 +2.89447233085E+00 -80.40200915E-03
+45.85000E-06 +3.13567835834E+00 +964.82411031E-03
+45.87500E-06 +1.44723616536E+00 +1.44723616536E+00
+45.90000E-06 -1.12562812869E+00 +1.04522611946E+00
+45.92500E-06 -3.05527634923E+00 +0.0E+00
+45.95000E-06 -3.29648237675E+00 -1.04522611946E+00
+45.97500E-06 -1.52763817459E+00 -1.60804018378E+00
+46.00000E-06 +964.82411039E-03 -1.12562812865E+00
+46.02500E-06 +3.05527634923E+00 -160.80401830E-03
+46.05000E-06 +3.29648237671E+00 +1.04522611946E+00
+46.07500E-06 +1.60804018370E+00 +1.52763817459E+00
+46.10000E-06 -1.12562812873E+00 +1.04522611950E+00
+46.12500E-06 -3.21608036761E+00 +80.40200919E-03
+46.15000E-06 -3.45728639509E+00 -1.12562812865E+00
+46.17500E-06 -1.60804018378E+00 -1.60804018382E+00
+46.20000E-06 +1.12562812869E+00 -1.20603013784E+00
+46.22500E-06 +3.29648237675E+00 -80.40200915E-03
+46.25000E-06 +3.45728639509E+00 +1.12562812865E+00
+46.27500E-06 +1.52763817455E+00 +1.68844219293E+00
+46.30000E-06 -1.20603013788E+00 +1.20603013784E+00
+46.32500E-06 -3.45728639513E+00 +80.40200915E-03
+46.35000E-06 -3.61809041351E+00 -1.12562812869E+00
+46.37500E-06 -1.76884420212E+00 -1.76884420220E+00
+46.40000E-06 +1.12562812877E+00 -1.36683415617E+00
+46.42500E-06 +3.37688438594E+00 -80.40200915E-03
+46.45000E-06 +3.61809041343E+00 +1.20603013784E+00
+46.47500E-06 +1.68844219289E+00 +1.84924621127E+00
+46.50000E-06 -1.28643214711E+00 +1.20603013788E+00
+46.52500E-06 -3.53768840436E+00 +80.40200915E-03
+46.55000E-06 -3.77889443185E+00 -1.20603013788E+00
+46.57500E-06 -1.76884420212E+00 -1.92964822050E+00
+46.60000E-06 +1.20603013792E+00 -1.36683415622E+00
+46.62500E-06 +3.53768840436E+00 -80.40200919E-03
+46.65000E-06 +3.77889443189E+00 +1.20603013788E+00
+46.67500E-06 +1.76884420208E+00 +1.92964822050E+00
+46.70000E-06 -1.36683415626E+00 +1.36683415622E+00
+46.72500E-06 -3.69849242274E+00 +0.0E+00
+46.75000E-06 -4.02010045941E+00 -1.28643214707E+00
+46.77500E-06 -1.84924621131E+00 -1.92964822054E+00
+46.80000E-06 +1.28643214711E+00 -1.44723616540E+00
+46.82500E-06 +3.69849242270E+00 -80.40200915E-03
+46.85000E-06 +3.85929644112E+00 +1.28643214703E+00
+46.87500E-06 +1.84924621127E+00 +1.92964822050E+00
+46.90000E-06 -1.44723616545E+00 +1.36683415622E+00
+46.92500E-06 -3.85929644112E+00 +80.40200915E-03
+46.95000E-06 -4.10050246865E+00 -1.36683415626E+00
+46.97500E-06 -1.84924621131E+00 -2.01005022973E+00
+47.00000E-06 +1.36683415626E+00 -1.52763817459E+00
+47.02500E-06 +3.85929644108E+00 -160.80401829E-03
+47.05000E-06 +4.10050246860E+00 +1.36683415626E+00
+47.07500E-06 +1.84924621131E+00 +2.09045223888E+00
+47.10000E-06 -1.44723616549E+00 +1.36683415626E+00
+47.12500E-06 -4.02010045950E+00 +80.40200919E-03
+47.15000E-06 -4.18090447788E+00 -1.44723616540E+00
+47.17500E-06 -1.92964822050E+00 -2.09045223892E+00
+47.20000E-06 +1.28643214715E+00 -1.60804018374E+00
+47.22500E-06 +4.02010045946E+00 -80.40200915E-03
+47.25000E-06 +4.18090447783E+00 +1.36683415626E+00
+47.27500E-06 +1.92964822054E+00 +2.25125625721E+00
+47.30000E-06 -1.52763817468E+00 +1.52763817459E+00
+47.32500E-06 -4.10050246869E+00 +80.40200919E-03
+47.35000E-06 -4.34170849621E+00 -1.44723616545E+00
+47.37500E-06 -2.09045223883E+00 -2.17085424815E+00
+47.40000E-06 +1.36683415630E+00 -1.68844219293E+00
+47.42500E-06 +4.10050246869E+00 -80.40200919E-03
+47.45000E-06 +4.42211050532E+00 +1.52763817464E+00
+47.47500E-06 +1.92964822050E+00 +2.25125625725E+00
+47.50000E-06 -1.52763817468E+00 +1.52763817459E+00
+47.52500E-06 -4.34170849621E+00 +80.40200915E-03
+47.55000E-06 -4.50251251459E+00 -1.52763817464E+00
+47.57500E-06 -2.17085424802E+00 -2.33165826648E+00
+47.60000E-06 +1.52763817468E+00 -1.68844219297E+00
+47.62500E-06 +4.26130648707E+00 -160.80401829E-03
+47.65000E-06 +4.50251251459E+00 +1.52763817459E+00
+47.67500E-06 +2.01005022973E+00 +2.33165826648E+00
+47.70000E-06 -1.68844219302E+00 +1.68844219293E+00
+47.72500E-06 -4.34170849626E+00 +80.40200919E-03
+47.75000E-06 -4.66331653293E+00 -1.60804018378E+00
+47.77500E-06 -2.25125625721E+00 -2.41206027567E+00
+47.80000E-06 +1.52763817472E+00 -1.76884420216E+00
+47.82500E-06 +4.42211050545E+00 -80.40200915E-03
+47.85000E-06 +4.66331653293E+00 +1.68844219297E+00
+47.87500E-06 +2.09045223887E+00 +2.41206027563E+00
+47.90000E-06 -1.68844219306E+00 +1.68844219297E+00
+47.92500E-06 -4.50251251464E+00 +80.40200915E-03
+47.95000E-06 -4.74371854211E+00 -1.60804018383E+00
+47.97500E-06 -2.25125625725E+00 -2.49246228486E+00
+48.00000E-06 +1.52763817473E+00 -1.84924621131E+00
+48.02500E-06 +4.50251251464E+00 -160.80401829E-03
+48.05000E-06 +4.74371854216E+00 +1.60804018387E+00
+48.07500E-06 +2.17085424806E+00 +2.41206027563E+00
+48.10000E-06 -1.76884420225E+00 +1.76884420221E+00
+48.12500E-06 -4.58291452387E+00 +80.40200914E-03
+48.15000E-06 -4.90452256049E+00 -1.76884420216E+00
+48.17500E-06 -2.25125625725E+00 -2.57286429405E+00
+48.20000E-06 +1.52763817477E+00 -1.92964822049E+00
+48.22500E-06 +4.66331653301E+00 -160.80401829E-03
+48.25000E-06 +4.90452256049E+00 +1.68844219302E+00
+48.27500E-06 +2.25125625716E+00 +2.57286429401E+00
+48.30000E-06 -1.76884420221E+00 +1.84924621135E+00
+48.32500E-06 -4.74371854220E+00 +160.80401829E-03
+48.35000E-06 -4.98492456973E+00 -1.76884420225E+00
+48.37500E-06 -2.33165826644E+00 -2.65326630324E+00
+48.40000E-06 +1.68844219306E+00 -2.01005022968E+00
+48.42500E-06 +4.74371854220E+00 -160.80401829E-03
+48.45000E-06 +4.98492456968E+00 +1.76884420221E+00
+48.47500E-06 +2.25125625721E+00 +2.73366831234E+00
+48.50000E-06 -1.76884420225E+00 +1.84924621135E+00
+48.52500E-06 -4.82412055139E+00 +80.40200914E-03
+48.55000E-06 -5.14572858806E+00 -1.84924621140E+00
+48.57500E-06 -2.33165826644E+00 -2.73366831243E+00
+48.60000E-06 +1.68844219311E+00 -2.01005022973E+00
+48.62500E-06 +4.82412055135E+00 -160.80401829E-03
+48.65000E-06 +5.06532657887E+00 +1.84924621140E+00
+48.67500E-06 +2.33165826639E+00 +2.73366831239E+00
+48.70000E-06 -1.84924621144E+00 +1.92964822054E+00
+48.72500E-06 -4.90452256058E+00 +80.40200914E-03
+48.75000E-06 -5.22613059720E+00 -1.92964822058E+00
+48.77500E-06 -2.41206027563E+00 -2.81407032162E+00
+48.80000E-06 +1.68844219311E+00 -2.09045223887E+00
+48.82500E-06 +4.90452256058E+00 -160.80401829E-03
+48.85000E-06 +5.14572858806E+00 +1.84924621140E+00
+48.87500E-06 +2.33165826639E+00 +2.73366831238E+00
+48.90000E-06 -1.84924621144E+00 +1.92964822058E+00
+48.92500E-06 -4.98492456977E+00 +80.40200919E-03
+48.95000E-06 -5.22613059729E+00 -1.84924621144E+00
+48.97500E-06 -2.49246228477E+00 -2.81407032167E+00
+49.00000E-06 +1.76884420230E+00 -2.09045223887E+00
+49.02500E-06 +4.98492456973E+00 -160.80401829E-03
+49.05000E-06 +5.22613059725E+00 +1.92964822059E+00
+49.07500E-06 +2.33165826639E+00 +2.81407032162E+00
+49.10000E-06 -1.92964822059E+00 +2.09045223887E+00
+49.12500E-06 -4.98492456982E+00 +80.40200914E-03
+49.15000E-06 -5.22613059725E+00 -1.92964822059E+00
+49.17500E-06 -2.49246228477E+00 -2.89447233081E+00
+49.20000E-06 +1.76884420230E+00 -2.17085424806E+00
+49.22500E-06 +4.98492456977E+00 -160.80401829E-03
+49.25000E-06 +5.22613059725E+00 +1.92964822059E+00
+49.27500E-06 +2.33165826639E+00 +2.89447233076E+00
+49.30000E-06 -1.92964822063E+00 +2.09045223887E+00
+49.32500E-06 -5.14572858815E+00 +0.0E+00
+49.35000E-06 -5.38693461567E+00 -2.01005022977E+00
+49.37500E-06 -2.49246228477E+00 -2.97487433995E+00
+49.40000E-06 +1.84924621140E+00 -2.17085424806E+00
+49.42500E-06 +5.06532657892E+00 -160.80401828E-03
+49.45000E-06 +5.30653260648E+00 +2.01005022973E+00
+49.47500E-06 +2.41206027558E+00 +2.97487433990E+00
+49.50000E-06 -1.92964822063E+00 +2.09045223892E+00
+49.52500E-06 -5.14572858815E+00 +80.40200914E-03
+49.55000E-06 -5.38693461562E+00 -2.01005022978E+00
+49.57500E-06 -2.49246228477E+00 -3.05527634914E+00
+49.60000E-06 +1.76884420230E+00 -2.25125625720E+00
+49.62500E-06 +5.14572858810E+00 -160.80401828E-03
+49.65000E-06 +5.38693461562E+00 +2.09045223892E+00
+49.67500E-06 +2.33165826644E+00 +2.97487433995E+00
+49.70000E-06 -2.01005022978E+00 +2.17085424806E+00
+49.72500E-06 -5.14572858820E+00 +80.40200914E-03
+49.75000E-06 -5.38693461567E+00 -2.09045223892E+00
+49.77500E-06 -2.49246228477E+00 -3.05527634914E+00
+49.80000E-06 +1.84924621149E+00 -2.25125625725E+00
+49.82500E-06 +5.14572858815E+00 -160.80401828E-03
+49.85000E-06 +5.38693461562E+00 +2.09045223892E+00
+49.87500E-06 +2.33165826639E+00 +2.97487434000E+00
+49.90000E-06 -2.01005022982E+00 +2.17085424806E+00
+49.92500E-06 -5.22613059734E+00 +80.40200919E-03
+49.95000E-06 -5.38693461567E+00 -2.09045223897E+00
+49.97500E-06 -2.49246228482E+00 -3.05527634919E+00
+50.00000E-06 +1.84924621149E+00 -2.33165826639E+00
+50.02500E-06 +5.14572858810E+00 -241.20602747E-03
+50.05000E-06 +5.30653260648E+00 +2.01005022982E+00
+50.07500E-06 +2.41206027553E+00 +3.05527634914E+00
+50.10000E-06 -1.92964822068E+00 +2.17085424811E+00
+50.12500E-06 -5.14572858820E+00 +80.40200914E-03
+50.15000E-06 -5.38693461567E+00 -2.09045223897E+00
+50.17500E-06 -2.49246228477E+00 -3.05527634924E+00
+50.20000E-06 +1.84924621149E+00 -2.33165826644E+00
+50.22500E-06 +5.14572858815E+00 -160.80401833E-03
+50.25000E-06 +5.30653260648E+00 +2.09045223897E+00
+50.27500E-06 +2.33165826644E+00 +3.05527634914E+00
+50.30000E-06 -1.92964822068E+00 +2.17085424815E+00
+50.32500E-06 -5.14572858820E+00 +80.40200914E-03
+50.35000E-06 -5.38693461557E+00 -2.09045223897E+00
+50.37500E-06 -2.41206027563E+00 -3.05527634919E+00
+50.40000E-06 +1.84924621150E+00 -2.25125625730E+00
+50.42500E-06 +5.14572858810E+00 -160.80401833E-03
+50.45000E-06 +5.38693461557E+00 +2.09045223892E+00
+50.47500E-06 +2.33165826639E+00 +3.05527634914E+00
+50.50000E-06 -2.01005022983E+00 +2.17085424811E+00
+50.52500E-06 -5.14572858815E+00 +80.40200919E-03
+50.55000E-06 -5.30653260643E+00 -2.09045223897E+00
+50.57500E-06 -2.41206027563E+00 -3.05527634924E+00
+50.60000E-06 +1.84924621145E+00 -2.25125625730E+00
+50.62500E-06 +5.06532657896E+00 -160.80401833E-03
+50.65000E-06 +5.22613059729E+00 +2.09045223892E+00
+50.67500E-06 +2.33165826639E+00 +3.05527634914E+00
+50.70000E-06 -1.92964822064E+00 +2.17085424811E+00
+50.72500E-06 -5.14572858815E+00 +80.40200914E-03
+50.75000E-06 -5.38693461562E+00 -2.09045223897E+00
+50.77500E-06 -2.49246228476E+00 -3.13567835838E+00
+50.80000E-06 +1.76884420236E+00 -2.25125625725E+00
+50.82500E-06 +4.90452256064E+00 -160.80401828E-03
+50.85000E-06 +5.22613059724E+00 +2.09045223892E+00
+50.87500E-06 +2.25125625725E+00 +3.05527634914E+00
+50.90000E-06 -2.01005022983E+00 +2.17085424811E+00
+50.92500E-06 -5.06532657896E+00 +80.40200914E-03
+50.95000E-06 -5.30653260643E+00 -2.09045223897E+00
+50.97500E-06 -2.41206027557E+00 -3.13567835838E+00
+51.00000E-06 +1.76884420231E+00 -2.33165826639E+00
+51.02500E-06 +4.90452256064E+00 -160.80401828E-03
+51.05000E-06 +5.14572858805E+00 +2.09045223892E+00
+51.07500E-06 +2.25125625720E+00 +3.05527634919E+00
+51.10000E-06 -1.92964822064E+00 +2.17085424811E+00
+51.12500E-06 -5.06532657897E+00 +160.80401833E-03
+51.15000E-06 -5.14572858810E+00 -2.09045223897E+00
+51.17500E-06 -2.41206027552E+00 -3.05527634919E+00
+51.20000E-06 +1.76884420231E+00 -2.33165826638E+00
+51.22500E-06 +4.82412055140E+00 -160.80401828E-03
+51.25000E-06 +5.06532657886E+00 +2.09045223892E+00
+51.27500E-06 +2.17085424806E+00 +3.05527634909E+00
+51.30000E-06 -1.92964822064E+00 +2.17085424811E+00
+51.32500E-06 -4.90452256054E+00 +80.40200914E-03
+51.35000E-06 -5.06532657886E+00 -2.09045223897E+00
+51.37500E-06 -2.25125625725E+00 -3.05527634924E+00
+51.40000E-06 +1.76884420231E+00 -2.33165826638E+00
+51.42500E-06 +4.82412055140E+00 -160.80401828E-03
+51.45000E-06 +4.98492456968E+00 +2.09045223892E+00
+51.47500E-06 +2.17085424801E+00 +2.97487434000E+00
+51.50000E-06 -1.84924621145E+00 +2.09045223892E+00
+51.52500E-06 -4.90452256059E+00 +80.40200919E-03
+51.55000E-06 -4.98492456973E+00 -2.01005022978E+00
+51.57500E-06 -2.25125625724E+00 -3.05527634914E+00
+51.60000E-06 +1.76884420226E+00 -2.17085424811E+00
+51.62500E-06 +4.74371854221E+00 -160.80401828E-03
+51.65000E-06 +4.90452256044E+00 +2.01005022978E+00
+51.67500E-06 +2.17085424800E+00 +2.97487433995E+00
+51.70000E-06 -1.76884420231E+00 +2.09045223892E+00
+51.72500E-06 -4.74371854221E+00 +80.40200914E-03
+51.75000E-06 -4.90452256054E+00 -2.01005022978E+00
+51.77500E-06 -2.17085424806E+00 -2.97487434000E+00
+51.80000E-06 +1.68844219307E+00 -2.17085424811E+00
+51.82500E-06 +4.58291452383E+00 -160.80401828E-03
+51.85000E-06 +4.82412055130E+00 +1.92964822059E+00
+51.87500E-06 +2.01005022968E+00 +2.89447233076E+00
+51.90000E-06 -1.84924621145E+00 +2.09045223887E+00
+51.92500E-06 -4.66331653297E+00 +80.40200914E-03
+51.95000E-06 -4.82412055130E+00 -2.01005022973E+00
+51.97500E-06 -2.17085424800E+00 -2.89447233081E+00
+52.00000E-06 +1.60804018394E+00 -2.17085424805E+00
+52.02500E-06 +4.50251251469E+00 -160.80401827E-03
+52.05000E-06 +4.66331653292E+00 +1.92964822064E+00
+52.07500E-06 +2.01005022968E+00 +2.89447233076E+00
+52.10000E-06 -1.76884420221E+00 +2.01005022973E+00
+52.12500E-06 -4.58291452383E+00 +80.40200914E-03
+52.15000E-06 -4.74371854211E+00 -2.01005022978E+00
+52.17500E-06 -2.01005022973E+00 -2.89447233081E+00
+52.20000E-06 +1.68844219308E+00 -2.09045223892E+00
+52.22500E-06 +4.42211050545E+00 -160.80401833E-03
+52.25000E-06 +4.50251251459E+00 +1.84924621145E+00
+52.27500E-06 +1.92964822049E+00 +2.81407032162E+00
+52.30000E-06 -1.76884420227E+00 +2.01005022968E+00
+52.32500E-06 -4.34170849627E+00 +80.40200914E-03
+52.35000E-06 -4.58291452373E+00 -1.92964822059E+00
+52.37500E-06 -2.01005022968E+00 -2.81407032162E+00
+52.40000E-06 +1.60804018389E+00 -2.01005022973E+00
+52.42500E-06 +4.26130648713E+00 -160.80401833E-03
+52.45000E-06 +4.42211050535E+00 +1.84924621140E+00
+52.47500E-06 +1.92964822049E+00 +2.73366831238E+00
+52.50000E-06 -1.68844219302E+00 +1.92964822054E+00
+52.52500E-06 -4.26130648708E+00 +80.40200914E-03
+52.55000E-06 -4.42211050535E+00 -1.84924621140E+00
+52.57500E-06 -2.01005022962E+00 -2.73366831243E+00
+52.60000E-06 +1.52763817475E+00 -2.01005022973E+00
+52.62500E-06 +4.18090447783E+00 -241.20602741E-03
+52.65000E-06 +4.18090447783E+00 +1.84924621140E+00
+52.67500E-06 +1.84924621124E+00 +2.65326630324E+00
+52.70000E-06 -1.60804018389E+00 +1.84924621135E+00
+52.72500E-06 -4.10050246870E+00 +80.40200914E-03
+52.75000E-06 -4.26130648702E+00 -1.76884420227E+00
+52.77500E-06 -1.84924621130E+00 -2.73366831238E+00
+52.80000E-06 +1.44723616556E+00 -1.92964822054E+00
+52.82500E-06 +4.02010045951E+00 -160.80401827E-03
+52.85000E-06 +4.02010045946E+00 +1.76884420221E+00
+52.87500E-06 +1.76884420205E+00 +2.57286429400E+00
+52.90000E-06 -1.52763817475E+00 +1.84924621135E+00
+52.92500E-06 -4.02010045946E+00 +80.40200914E-03
+52.95000E-06 -4.10050246859E+00 -1.76884420221E+00
+52.97500E-06 -1.84924621130E+00 -2.65326630324E+00
+53.00000E-06 +1.44723616551E+00 -1.92964822049E+00
+53.02500E-06 +3.85929644108E+00 -160.80401827E-03
+53.05000E-06 +3.93969845027E+00 +1.68844219303E+00
+53.07500E-06 +1.68844219292E+00 +2.57286429394E+00
+53.10000E-06 -1.52763817470E+00 +1.84924621130E+00
+53.12500E-06 -3.85929644113E+00 +80.40200914E-03
+53.15000E-06 -3.93969845021E+00 -1.76884420216E+00
+53.17500E-06 -1.68844219292E+00 -2.49246228492E+00
+53.20000E-06 +1.44723616551E+00 -1.84924621135E+00
+53.22500E-06 +3.77889443189E+00 -160.80401827E-03
+53.25000E-06 +3.69849242270E+00 +1.68844219303E+00
+53.27500E-06 +1.60804018373E+00 +2.49246228486E+00
+53.30000E-06 -1.52763817465E+00 +1.76884420211E+00
+53.32500E-06 -3.77889443189E+00 +80.40200913E-03
+53.35000E-06 -3.77889443183E+00 -1.68844219303E+00
+53.37500E-06 -1.68844219292E+00 -2.41206027567E+00
+53.40000E-06 +1.36683415632E+00 -1.76884420216E+00
+53.42500E-06 +3.61809041351E+00 -160.80401832E-03
+53.45000E-06 +3.61809041346E+00 +1.68844219297E+00
+53.47500E-06 +1.52763817454E+00 +2.41206027556E+00
+53.50000E-06 -1.44723616551E+00 +1.60804018384E+00
+53.52500E-06 -3.53768840432E+00 +80.40200913E-03
+53.55000E-06 -3.61809041346E+00 -1.60804018384E+00
+53.57500E-06 -1.60804018373E+00 -2.41206027567E+00
+53.60000E-06 +1.28643214714E+00 -1.76884420216E+00
+53.62500E-06 +3.37688438600E+00 -160.80401827E-03
+53.65000E-06 +3.45728639513E+00 +1.52763817465E+00
+53.67500E-06 +1.44723616529E+00 +2.25125625724E+00
+53.70000E-06 -1.36683415633E+00 +1.52763817465E+00
+53.72500E-06 -3.45728639513E+00 +80.40200913E-03
+53.75000E-06 -3.45728639513E+00 -1.52763817459E+00
+53.77500E-06 -1.44723616540E+00 -2.33165826648E+00
+53.80000E-06 +1.28643214708E+00 -1.68844219292E+00
+53.82500E-06 +3.21608036762E+00 -80.40200913E-03
+53.85000E-06 +3.29648237675E+00 +1.44723616546E+00
+53.87500E-06 +1.44723616529E+00 +2.17085424805E+00
+53.90000E-06 -1.28643214708E+00 +1.52763817459E+00
+53.92500E-06 -3.21608036762E+00 +80.40200913E-03
+53.95000E-06 -3.29648237681E+00 -1.52763817459E+00
+53.97500E-06 -1.44723616535E+00 -2.17085424805E+00
+54.00000E-06 +1.12562812876E+00 -1.60804018373E+00
+54.02500E-06 +3.13567835838E+00 -80.40200913E-03
+54.05000E-06 +3.05527634919E+00 +1.36683415627E+00
+54.07500E-06 +1.36683415610E+00 +2.09045223892E+00
+54.10000E-06 -1.28643214708E+00 +1.44723616546E+00
+54.12500E-06 -3.13567835843E+00 +80.40200913E-03
+54.15000E-06 -3.21608036751E+00 -1.44723616540E+00
+54.17500E-06 -1.36683415616E+00 -2.09045223892E+00
+54.20000E-06 +1.12562812870E+00 -1.52763817454E+00
+54.22500E-06 +2.89447233092E+00 -160.80401832E-03
+54.25000E-06 +2.97487433994E+00 +1.28643214714E+00
+54.27500E-06 +1.20603013784E+00 +2.09045223881E+00
+54.30000E-06 -1.12562812876E+00 +1.44723616540E+00
+54.32500E-06 -2.97487434005E+00 +0.0E+00
+54.35000E-06 -2.89447233087E+00 -1.28643214714E+00
+54.37500E-06 -1.28643214697E+00 -1.92964822060E+00
+54.40000E-06 +1.12562812870E+00 -1.44723616540E+00
+54.42500E-06 +2.81407032162E+00 -80.40200913E-03
+54.45000E-06 +2.81407032162E+00 +1.28643214708E+00
+54.47500E-06 +1.12562812865E+00 +1.92964822048E+00
+54.50000E-06 -1.12562812870E+00 +1.28643214708E+00
+54.52500E-06 -2.81407032162E+00 +0.0E+00
+54.55000E-06 -2.89447233075E+00 -1.28643214708E+00
+54.57500E-06 -1.20603013784E+00 -1.84924621141E+00
+54.60000E-06 +1.04522611952E+00 -1.44723616535E+00
+54.62500E-06 +2.65326630318E+00 -80.40200908E-03
+54.65000E-06 +2.73366831232E+00 +1.20603013789E+00
+54.67500E-06 +1.12562812859E+00 +1.84924621129E+00
+54.70000E-06 -1.04522611957E+00 +1.20603013789E+00
+54.72500E-06 -2.65326630324E+00 +80.40200913E-03
+54.75000E-06 -2.65326630318E+00 -1.20603013789E+00
+54.77500E-06 -1.12562812865E+00 -1.84924621129E+00
+54.80000E-06 +884.42210120E-03 -1.28643214703E+00
+54.82500E-06 +2.49246228492E+00 -80.40200913E-03
+54.85000E-06 +2.57286429394E+00 +1.20603013789E+00
+54.87500E-06 +1.04522611934E+00 +1.76884420210E+00
+54.90000E-06 -964.82411033E-03 +1.20603013784E+00
+54.92500E-06 -2.49246228492E+00 +0.0E+00
+54.95000E-06 -2.57286429399E+00 -1.20603013784E+00
+54.97500E-06 -1.12562812859E+00 -1.68844219297E+00
+55.00000E-06 +884.42210114E-03 -1.28643214697E+00
+55.02500E-06 +2.25125625735E+00 -160.80401826E-03
+55.05000E-06 +2.33165826648E+00 +1.12562812865E+00
+55.07500E-06 +964.82411027E-03 +1.68844219286E+00
+55.10000E-06 -964.82411033E-03 +1.12562812865E+00
+55.12500E-06 -2.33165826654E+00 +80.40200913E-03
+55.15000E-06 -2.33165826643E+00 -1.12562812871E+00
+55.17500E-06 -1.04522611940E+00 -1.60804018378E+00
+55.20000E-06 +804.02009201E-03 -1.20603013784E+00
+55.22500E-06 +2.25125625724E+00 -80.40200913E-03
+55.25000E-06 +2.25125625718E+00 +1.04522611946E+00
+55.27500E-06 +884.42210102E-03 +1.52763817454E+00
+55.30000E-06 -884.42210120E-03 +1.04522611946E+00
+55.32500E-06 -2.25125625730E+00 +0.0E+00
+55.35000E-06 -2.17085424811E+00 -1.04522611946E+00
+55.37500E-06 -964.82411021E-03 -1.60804018372E+00
+55.40000E-06 +804.02009189E-03 -1.20603013778E+00
+55.42500E-06 +2.01005022979E+00 -80.40200913E-03
+55.45000E-06 +2.09045223886E+00 +964.82411033E-03
+55.47500E-06 +884.42210096E-03 +1.44723616535E+00
+55.50000E-06 -804.02009195E-03 +964.82411027E-03
+55.52500E-06 -2.09045223892E+00 +0.0E+00
+55.55000E-06 -2.09045223886E+00 -964.82411033E-03
+55.57500E-06 -884.42210102E-03 -1.44723616540E+00
+55.60000E-06 +723.61808282E-03 -1.04522611946E+00
+55.62500E-06 +1.84924621141E+00 -80.40200913E-03
+55.65000E-06 +1.84924621135E+00 +964.82411027E-03
+55.67500E-06 +723.61808270E-03 +1.36683415622E+00
+55.70000E-06 -723.61808282E-03 +964.82411027E-03
+55.72500E-06 -1.84924621147E+00 -60E-12
+55.75000E-06 -1.92964822054E+00 -884.42210114E-03
+55.77500E-06 -804.02009189E-03 -1.44723616535E+00
+55.80000E-06 +643.21607357E-03 -1.04522611940E+00
+55.82500E-06 +1.76884420216E+00 +60E-12
+55.85000E-06 +1.76884420216E+00 +884.42210108E-03
+55.87500E-06 +804.02009183E-03 +1.28643214697E+00
+55.90000E-06 -804.02009195E-03 +804.02009195E-03
+55.92500E-06 -1.76884420216E+00 +0.0E+00
+55.95000E-06 -1.76884420216E+00 -884.42210108E-03
+55.97500E-06 -723.61808264E-03 -1.28643214697E+00
+56.00000E-06 +643.21607357E-03 -884.42210108E-03
+56.02500E-06 +1.68844219297E+00 -80.40200913E-03
+56.05000E-06 +1.60804018378E+00 +804.02009195E-03
+56.07500E-06 +643.21607351E-03 +1.20603013778E+00
+56.10000E-06 -643.21607357E-03 +884.42210102E-03
+56.12500E-06 -1.68844219297E+00 +80.40200913E-03
+56.15000E-06 -1.76884420204E+00 -804.02009195E-03
+56.17500E-06 -723.61808270E-03 -1.20603013784E+00
+56.20000E-06 +562.81406444E-03 -884.42210108E-03
+56.22500E-06 +1.52763817459E+00 -160.80401826E-03
+56.25000E-06 +1.44723616546E+00 +804.02009183E-03
+56.27500E-06 +562.81406432E-03 +1.20603013772E+00
+56.30000E-06 -643.21607357E-03 +804.02009183E-03
+56.32500E-06 -1.60804018378E+00 +80.40200907E-03
+56.35000E-06 -1.52763817453E+00 -723.61808276E-03
+56.37500E-06 -643.21607345E-03 -1.12562812865E+00
+56.40000E-06 +482.41205520E-03 -804.02009189E-03
+56.42500E-06 +1.44723616540E+00 -80.40200913E-03
+56.45000E-06 +1.44723616534E+00 +723.61808270E-03
+56.47500E-06 +562.81406426E-03 +1.04522611946E+00
+56.50000E-06 -643.21607351E-03 +643.21607357E-03
+56.52500E-06 -1.36683415634E+00 +0.0E+00
+56.55000E-06 -1.44723616540E+00 -723.61808276E-03
+56.57500E-06 -643.21607345E-03 -1.04522611946E+00
+56.60000E-06 +482.41205520E-03 -723.61808276E-03
+56.62500E-06 +1.36683415615E+00 -80.40200913E-03
+56.65000E-06 +1.20603013790E+00 +723.61808270E-03
+56.67500E-06 +482.41205513E-03 +964.82411021E-03
+56.70000E-06 -643.21607351E-03 +643.21607357E-03
+56.72500E-06 -1.28643214709E+00 +80.40200913E-03
+56.75000E-06 -1.36683415615E+00 -643.21607357E-03
+56.77500E-06 -562.81406432E-03 -964.82411021E-03
+56.80000E-06 +402.01004601E-03 -723.61808270E-03
+56.82500E-06 +1.20603013784E+00 -80.40200913E-03
+56.85000E-06 +1.20603013778E+00 +643.21607351E-03
+56.87500E-06 +402.01004595E-03 +884.42210108E-03
+56.90000E-06 -482.41205520E-03 +643.21607351E-03
+56.92500E-06 -1.20603013790E+00 +0.0E+00
+56.95000E-06 -1.20603013778E+00 -643.21607345E-03
+56.97500E-06 -562.81406432E-03 -884.42210108E-03
+57.00000E-06 +402.01004601E-03 -643.21607351E-03
+57.02500E-06 +1.04522611952E+00 -80.40200913E-03
+57.05000E-06 +1.04522611946E+00 +562.81406439E-03
+57.07500E-06 +402.01004588E-03 +884.42210096E-03
+57.10000E-06 -482.41205520E-03 +562.81406432E-03
+57.12500E-06 -1.12562812865E+00 +0.0E+00
+57.15000E-06 -1.12562812865E+00 -562.81406432E-03
+57.17500E-06 -402.01004601E-03 -804.02009189E-03
+57.20000E-06 +321.60803682E-03 -643.21607345E-03
+57.22500E-06 +1.04522611940E+00 -80.40200913E-03
+57.25000E-06 +964.82411021E-03 +562.81406432E-03
+57.27500E-06 +321.60803676E-03 +804.02009177E-03
+57.30000E-06 -482.41205513E-03 +482.41205520E-03
+57.32500E-06 -1.04522611946E+00 +60E-12
+57.35000E-06 -1.04522611940E+00 -482.41205513E-03
+57.37500E-06 -402.01004595E-03 -723.61808270E-03
+57.40000E-06 +321.60803676E-03 -482.41205520E-03
+57.42500E-06 +884.42210108E-03 -160.80401825E-03
+57.45000E-06 +884.42210108E-03 +482.41205513E-03
+57.47500E-06 +321.60803676E-03 +723.61808264E-03
+57.50000E-06 -402.01004601E-03 +402.01004595E-03
+57.52500E-06 -884.42210121E-03 +0.0E+00
+57.55000E-06 -884.42210108E-03 -482.41205513E-03
+57.57500E-06 -402.01004595E-03 -643.21607358E-03
+57.60000E-06 +321.60803682E-03 -482.41205520E-03
+57.62500E-06 +723.61808277E-03 +0.0E+00
+57.65000E-06 +804.02009189E-03 +482.41205507E-03
+57.67500E-06 +241.20602763E-03 +643.21607345E-03
+57.70000E-06 -402.01004595E-03 +482.41205507E-03
+57.72500E-06 -884.42210102E-03 -60E-12
+57.75000E-06 -884.42210102E-03 -402.01004595E-03
+57.77500E-06 -321.60803682E-03 -562.81406439E-03
+57.80000E-06 +241.20602763E-03 -482.41205520E-03
+57.82500E-06 +723.61808277E-03 -80.40200913E-03
+57.85000E-06 +723.61808270E-03 +482.41205507E-03
+57.87500E-06 +241.20602757E-03 +643.21607345E-03
+57.90000E-06 -321.60803682E-03 +321.60803676E-03
+57.92500E-06 -804.02009189E-03 +0.0E+00
+57.95000E-06 -804.02009189E-03 -402.01004595E-03
+57.97500E-06 -321.60803676E-03 -562.81406439E-03
+58.00000E-06 +241.20602763E-03 -482.41205507E-03
+58.02500E-06 +643.21607351E-03 -80.40200913E-03
+58.05000E-06 +643.21607351E-03 +321.60803682E-03
+58.07500E-06 +241.20602757E-03 +562.81406426E-03
+58.10000E-06 -321.60803676E-03 +321.60803682E-03
+58.12500E-06 -643.21607358E-03 -80.40200913E-03
+58.15000E-06 -643.21607351E-03 -321.60803682E-03
+58.17500E-06 -321.60803676E-03 -482.41205520E-03
+58.20000E-06 +160.80401844E-03 -402.01004595E-03
+58.22500E-06 +562.81406439E-03 -80.40200913E-03
+58.25000E-06 +562.81406432E-03 +321.60803676E-03
+58.27500E-06 +160.80401838E-03 +482.41205513E-03
+58.30000E-06 -321.60803676E-03 +241.20602763E-03
+58.32500E-06 -643.21607351E-03 +0.0E+00
+58.35000E-06 -643.21607351E-03 -321.60803676E-03
+58.37500E-06 -241.20602763E-03 -482.41205513E-03
+58.40000E-06 +241.20602757E-03 -402.01004595E-03
+58.42500E-06 +562.81406432E-03 +0.0E+00
+58.45000E-06 +482.41205513E-03 +241.20602763E-03
+58.47500E-06 +160.80401838E-03 +482.41205501E-03
+58.50000E-06 -321.60803676E-03 +241.20602763E-03
+58.52500E-06 -643.21607351E-03 +0.0E+00
+58.55000E-06 -562.81406432E-03 -321.60803669E-03
+58.57500E-06 -241.20602757E-03 -402.01004595E-03
+58.60000E-06 +160.80401838E-03 -321.60803682E-03
+58.62500E-06 +402.01004601E-03 -80.40200912E-03
+58.65000E-06 +482.41205507E-03 +321.60803669E-03
+58.67500E-06 +160.80401838E-03 +402.01004588E-03
+58.70000E-06 -160.80401844E-03 +160.80401844E-03
+58.72500E-06 -482.41205520E-03 +0.0E+00
+58.75000E-06 -482.41205513E-03 -241.20602757E-03
+58.77500E-06 -241.20602750E-03 -402.01004601E-03
+58.80000E-06 +160.80401838E-03 -321.60803676E-03
+58.82500E-06 +402.01004595E-03 +70E-12
+58.85000E-06 +402.01004595E-03 +160.80401844E-03
+58.87500E-06 +160.80401831E-03 +321.60803676E-03
+58.90000E-06 -321.60803669E-03 +160.80401844E-03
+58.92500E-06 -482.41205513E-03 +0.0E+00
+58.95000E-06 -482.41205513E-03 -241.20602757E-03
+58.97500E-06 -241.20602757E-03 -321.60803682E-03
+59.00000E-06 +80.40200925E-03 -241.20602763E-03
+59.02500E-06 +321.60803676E-03 +0.0E+00
+59.05000E-06 +321.60803676E-03 +241.20602757E-03
+59.07500E-06 +160.80401831E-03 +321.60803669E-03
+59.10000E-06 -241.20602757E-03 +160.80401838E-03
+59.12500E-06 -402.01004595E-03 -80.40200912E-03
+59.15000E-06 -402.01004595E-03 -241.20602750E-03
+59.17500E-06 -160.80401844E-03 -321.60803676E-03
+59.20000E-06 +80.40200926E-03 -241.20602757E-03
+59.22500E-06 +241.20602770E-03 -80.40200912E-03
+59.25000E-06 +321.60803676E-03 +160.80401844E-03
+59.27500E-06 +80.40200919E-03 +241.20602750E-03
+59.30000E-06 -241.20602757E-03 +80.40200926E-03
+59.32500E-06 -402.01004595E-03 -80.40200912E-03
+59.35000E-06 -402.01004595E-03 -160.80401838E-03
+59.37500E-06 -160.80401838E-03 -241.20602763E-03
+59.40000E-06 +80.40200919E-03 -241.20602750E-03
+59.42500E-06 +241.20602763E-03 -80.40200919E-03
+59.45000E-06 +241.20602757E-03 +241.20602743E-03
+59.47500E-06 +80.40200919E-03 +241.20602750E-03
+59.50000E-06 -160.80401838E-03 +80.40200926E-03
+59.52500E-06 -321.60803682E-03 -80.40200912E-03
+59.55000E-06 -321.60803676E-03 -160.80401838E-03
+59.57500E-06 -160.80401838E-03 -321.60803669E-03
+59.60000E-06 +70E-12 -160.80401838E-03
+59.62500E-06 +160.80401844E-03 -80.40200912E-03
+59.65000E-06 +241.20602757E-03 +160.80401844E-03
+59.67500E-06 +80.40200919E-03 +160.80401838E-03
+59.70000E-06 -160.80401831E-03 +160.80401838E-03
+59.72500E-06 -321.60803682E-03 +0.0E+00
+59.75000E-06 -321.60803676E-03 -160.80401838E-03
+59.77500E-06 -80.40200926E-03 -241.20602757E-03
+59.80000E-06 +80.40200919E-03 -241.20602750E-03
+59.82500E-06 +160.80401845E-03 +0.0E+00
+59.85000E-06 +241.20602750E-03 +160.80401831E-03
+59.87500E-06 +70E-12 +160.80401831E-03
+59.90000E-06 -80.40200912E-03 +80.40200919E-03
+59.92500E-06 -241.20602763E-03 -80.40200912E-03
+59.95000E-06 -241.20602757E-03 -160.80401838E-03
+59.97500E-06 -80.40200926E-03 -160.80401845E-03
+60.00000E-06 +0.0E+00 -241.20602750E-03
+60.02500E-06 +241.20602750E-03 -80.40200912E-03
+60.05000E-06 +160.80401838E-03 +80.40200919E-03
+60.07500E-06 +80.40200912E-03 +160.80401838E-03
+60.10000E-06 -160.80401838E-03 +80.40200919E-03
+60.12500E-06 -241.20602764E-03 -80.40200912E-03
+60.15000E-06 -241.20602750E-03 -160.80401838E-03
+60.17500E-06 -160.80401838E-03 -160.80401845E-03
+60.20000E-06 +80.40200919E-03 -80.40200926E-03
+60.22500E-06 +160.80401838E-03 +0.0E+00
+60.25000E-06 +241.20602750E-03 +160.80401838E-03
+60.27500E-06 +80.40200912E-03 +80.40200919E-03
+60.30000E-06 -80.40200919E-03 +80.40200919E-03
+60.32500E-06 -241.20602757E-03 +0.0E+00
+60.35000E-06 -241.20602750E-03 -160.80401838E-03
+60.37500E-06 -80.40200926E-03 -160.80401831E-03
+60.40000E-06 +70E-12 -160.80401838E-03
+60.42500E-06 +80.40200926E-03 -80.40200912E-03
+60.45000E-06 +160.80401838E-03 +80.40200919E-03
+60.47500E-06 +0.0E+00 +160.80401831E-03
+60.50000E-06 -80.40200919E-03 +70E-12
+60.52500E-06 -160.80401845E-03 -80.40200912E-03
+60.55000E-06 -241.20602750E-03 -80.40200919E-03
+60.57500E-06 -160.80401831E-03 -160.80401845E-03
+60.60000E-06 +0.0E+00 -80.40200926E-03
+60.62500E-06 +160.80401831E-03 -80.40200912E-03
+60.65000E-06 +80.40200919E-03 +80.40200919E-03
+60.67500E-06 +0.0E+00 +80.40200919E-03
+60.70000E-06 -80.40200919E-03 +70E-12
+60.72500E-06 -160.80401845E-03 +0.0E+00
+60.75000E-06 -241.20602750E-03 -160.80401831E-03
+60.77500E-06 -80.40200926E-03 -160.80401845E-03
+60.80000E-06 -80.40200905E-03 -80.40200926E-03
+60.82500E-06 +80.40200926E-03 -80.40200905E-03
+60.85000E-06 +80.40200919E-03 +80.40200919E-03
+60.87500E-06 +70E-12 +80.40200919E-03
+60.90000E-06 -160.80401831E-03 +80.40200919E-03
+60.92500E-06 -160.80401838E-03 +0.0E+00
+60.95000E-06 -160.80401838E-03 -80.40200919E-03
+60.97500E-06 -80.40200926E-03 -160.80401838E-03
+61.00000E-06 +70E-12 -80.40200926E-03
+61.02500E-06 +80.40200919E-03 +0.0E+00
+61.05000E-06 +80.40200912E-03 +80.40200912E-03
+61.07500E-06 +0.0E+00 +80.40200919E-03
+61.10000E-06 -80.40200926E-03 +80.40200919E-03
+61.12500E-06 -80.40200926E-03 -80.40200912E-03
+61.15000E-06 -80.40200919E-03 -80.40200912E-03
+61.17500E-06 -160.80401838E-03 -160.80401831E-03
+61.20000E-06 -80.40200912E-03 -80.40200919E-03
+61.22500E-06 +80.40200919E-03 -80.40200912E-03
+61.25000E-06 +80.40200919E-03 +80.40200919E-03
+61.27500E-06 +0.0E+00 +80.40200912E-03
+61.30000E-06 -80.40200919E-03 +70E-12
+61.32500E-06 -80.40200919E-03 -80.40200912E-03
+61.35000E-06 -80.40200926E-03 -80.40200919E-03
+61.37500E-06 -80.40200926E-03 -160.80401831E-03
+61.40000E-06 +0.0E+00 -80.40200919E-03
+61.42500E-06 +70E-12 -80.40200912E-03
+61.45000E-06 +80.40200912E-03 +0.0E+00
+61.47500E-06 -80.40200912E-03 +0.0E+00
+61.50000E-06 -80.40200919E-03 -80.40200905E-03
+61.52500E-06 -80.40200926E-03 -70E-12
+61.55000E-06 -160.80401838E-03 -80.40200919E-03
+61.57500E-06 -80.40200926E-03 -80.40200919E-03
+61.60000E-06 +0.0E+00 -70E-12
+61.62500E-06 +80.40200912E-03 +0.0E+00
+61.65000E-06 +80.40200912E-03 +0.0E+00
+61.67500E-06 +0.0E+00 -70E-12
+61.70000E-06 -80.40200919E-03 +70E-12
+61.72500E-06 -80.40200926E-03 +0.0E+00
+61.75000E-06 -80.40200926E-03 -80.40200919E-03
+61.77500E-06 -80.40200919E-03 -80.40200919E-03
+61.80000E-06 +0.0E+00 -80.40200919E-03
+61.82500E-06 +0.0E+00 +0.0E+00
+61.85000E-06 +0.0E+00 +80.40200912E-03
+61.87500E-06 +0.0E+00 +80.40200905E-03
+61.90000E-06 +0.0E+00 +0.0E+00
+61.92500E-06 -80.40200919E-03 +0.0E+00
+61.95000E-06 -80.40200926E-03 -80.40200919E-03
+61.97500E-06 -80.40200919E-03 -80.40200919E-03
+62.00000E-06 +0.0E+00 -70E-12
+62.02500E-06 +0.0E+00 +70E-12
+62.05000E-06 +0.0E+00 +80.40200919E-03
+62.07500E-06 +0.0E+00 +0.0E+00
+62.10000E-06 -80.40200919E-03 -80.40200919E-03
+62.12500E-06 -80.40200919E-03 +0.0E+00
+62.15000E-06 -80.40200919E-03 +0.0E+00
+62.17500E-06 +0.0E+00 +0.0E+00
+62.20000E-06 -70E-12 -80.40200919E-03
+62.22500E-06 +0.0E+00 +0.0E+00
+62.25000E-06 +0.0E+00 +80.40200919E-03
+62.27500E-06 +0.0E+00 -70E-12
+62.30000E-06 +0.0E+00 +0.0E+00
+62.32500E-06 -80.40200919E-03 +0.0E+00
+62.35000E-06 -80.40200919E-03 +0.0E+00
+62.37500E-06 -80.40200919E-03 -80.40200919E-03
+62.40000E-06 -70E-12 -70E-12
+62.42500E-06 +80.40200912E-03 -80.40200912E-03
+62.45000E-06 +70E-12 +0.0E+00
+62.47500E-06 +0.0E+00 -70E-12
+62.50000E-06 -80.40200919E-03 -80.40200912E-03
+62.52500E-06 -80.40200919E-03 +0.0E+00
+62.55000E-06 -80.40200919E-03 -70E-12
+62.57500E-06 -70E-12 -80.40200919E-03
+62.60000E-06 -80.40200919E-03 -80.40200919E-03
+62.62500E-06 +0.0E+00 -80.40200912E-03
+62.65000E-06 -80.40200919E-03 -70E-12
+62.67500E-06 -70E-12 -70E-12
+62.70000E-06 -80.40200919E-03 +0.0E+00
+62.72500E-06 +0.0E+00 -80.40200912E-03
+62.75000E-06 -80.40200919E-03 -80.40200912E-03
+62.77500E-06 -80.40200912E-03 -80.40200912E-03
+62.80000E-06 +0.0E+00 -70E-12
+62.82500E-06 -70E-12 +0.0E+00
+62.85000E-06 +0.0E+00 +0.0E+00
+62.87500E-06 -80.40200919E-03 -70E-12
+62.90000E-06 +0.0E+00 -80.40200919E-03
+62.92500E-06 -70E-12 +0.0E+00
+62.95000E-06 -70E-12 -70E-12
+62.97500E-06 -80.40200919E-03 -70E-12
+63.00000E-06 +0.0E+00 -80.40200919E-03
+63.02500E-06 -80.40200912E-03 +70E-12
+63.05000E-06 -70E-12 +0.0E+00
+63.07500E-06 +0.0E+00 -70E-12
+63.10000E-06 -70E-12 -80.40200919E-03
+63.12500E-06 -80.40200919E-03 +0.0E+00
+63.15000E-06 -80.40200912E-03 -70E-12
+63.17500E-06 -80.40200919E-03 +0.0E+00
+63.20000E-06 -80.40200919E-03 -80.40200919E-03
+63.22500E-06 -70E-12 +0.0E+00
+63.25000E-06 -80.40200919E-03 +0.0E+00
+63.27500E-06 +0.0E+00 +0.0E+00
+63.30000E-06 -70E-12 -80.40200919E-03
+63.32500E-06 -70E-12 +0.0E+00
+63.35000E-06 -80.40200919E-03 +0.0E+00
+63.37500E-06 -80.40200919E-03 -80.40200919E-03
+63.40000E-06 -80.40200911E-03 -80.40200919E-03
+63.42500E-06 -80.40200919E-03 -80.40200911E-03
+63.45000E-06 +0.0E+00 +0.0E+00
+63.47500E-06 -80.40200919E-03 -70E-12
+63.50000E-06 -80.40200919E-03 -80.40200911E-03
+63.52500E-06 +0.0E+00 +0.0E+00
+63.55000E-06 -70E-12 +0.0E+00
+63.57500E-06 -80.40200919E-03 -80.40200919E-03
+63.60000E-06 +0.0E+00 -80.40200911E-03
+63.62500E-06 -80.40200911E-03 +0.0E+00
+63.65000E-06 -70E-12 +0.0E+00
+63.67500E-06 +0.0E+00 -70E-12
+63.70000E-06 +0.0E+00 -80.40200911E-03
+63.72500E-06 -80.40200919E-03 +0.0E+00
+63.75000E-06 -80.40200919E-03 -80.40200919E-03
+63.77500E-06 -80.40200911E-03 -70E-12
+63.80000E-06 -80.40200919E-03 -80.40200926E-03
+63.82500E-06 -70E-12 -80.40200911E-03
+63.85000E-06 +0.0E+00 +70E-12
+63.87500E-06 -80.40200911E-03 +0.0E+00
+63.90000E-06 +0.0E+00 -80.40200919E-03
+63.92500E-06 -80.40200919E-03 +0.0E+00
+63.95000E-06 -80.40200919E-03 +0.0E+00
+63.97500E-06 -80.40200919E-03 +0.0E+00
+64.00000E-06 +0.0E+00 -80E-12
+64.02500E-06 -80E-12 +0.0E+00
+64.05000E-06 +0.0E+00 +0.0E+00
+64.07500E-06 -80.40200919E-03 -80E-12
+64.10000E-06 +0.0E+00 -80.40200911E-03
+64.12500E-06 +0.0E+00 +0.0E+00
+64.15000E-06 -80E-12 +0.0E+00
+64.17500E-06 -80.40200911E-03 +0.0E+00
+64.20000E-06 +0.0E+00 +0.0E+00
+64.22500E-06 +0.0E+00 -80.40200911E-03
+64.25000E-06 -80.40200911E-03 -80E-12
+64.27500E-06 +0.0E+00 -80E-12
+64.30000E-06 +0.0E+00 -80.40200911E-03
+64.32500E-06 -80.40200911E-03 +0.0E+00
+64.35000E-06 -80.40200911E-03 +0.0E+00
+64.37500E-06 -80.40200919E-03 -80E-12
+64.40000E-06 -80.40200919E-03 -80.40200919E-03
+64.42500E-06 +0.0E+00 -80.40200911E-03
+64.45000E-06 -80.40200911E-03 +0.0E+00
+64.47500E-06 +0.0E+00 -80E-12
+64.50000E-06 -80E-12 -80.40200911E-03
+64.52500E-06 +0.0E+00 +0.0E+00
+64.55000E-06 -80E-12 +0.0E+00
+64.57500E-06 -80.40200911E-03 +0.0E+00
+64.60000E-06 -80.40200911E-03 +0.0E+00
+64.62500E-06 +0.0E+00 +0.0E+00
+64.65000E-06 +0.0E+00 +0.0E+00
+64.67500E-06 +0.0E+00 -150E-12
+64.70000E-06 +0.0E+00 -80.40200911E-03
+64.72500E-06 -80E-12 +0.0E+00
+64.75000E-06 -80E-12 +0.0E+00
+64.77500E-06 -80.40200919E-03 +0.0E+00
+64.80000E-06 -80.40200911E-03 -80E-12
+64.82500E-06 -80E-12 -80.40200911E-03
+64.85000E-06 -80E-12 +0.0E+00
+64.87500E-06 +0.0E+00 -80.40200919E-03
+64.90000E-06 -80E-12 -80.40200911E-03
+64.92500E-06 -80E-12 -80.40200911E-03
+64.95000E-06 +0.0E+00 +0.0E+00
+64.97500E-06 -80.40200919E-03 +0.0E+00
+65.00000E-06 -80.40200919E-03 +0.0E+00
+65.02500E-06 -80E-12 -80.40200911E-03
+65.05000E-06 +0.0E+00 -80.40200911E-03
+65.07500E-06 +0.0E+00 -80E-12
+65.10000E-06 -80.40200911E-03 -80.40200911E-03
+65.12500E-06 -80E-12 +0.0E+00
+65.15000E-06 -80.40200919E-03 +0.0E+00
+65.17500E-06 +0.0E+00 -80E-12
+65.20000E-06 +0.0E+00 +0.0E+00
+65.22500E-06 +0.0E+00 +0.0E+00
+65.25000E-06 -80.40200919E-03 +0.0E+00
+65.27500E-06 -80.40200911E-03 -80.40200919E-03
+65.30000E-06 -80E-12 -80.40200919E-03
+65.32500E-06 -80E-12 -80.40200911E-03
+65.35000E-06 -80.40200919E-03 -80.40200911E-03
+65.37500E-06 -80.40200911E-03 +0.0E+00
+65.40000E-06 +0.0E+00 +0.0E+00
+65.42500E-06 -80.40200919E-03 +0.0E+00
+65.45000E-06 -80E-12 +0.0E+00
+65.47500E-06 -80.40200911E-03 -80E-12
+65.50000E-06 +0.0E+00 -80.40200919E-03
+65.52500E-06 -80.40200919E-03 -80.40200911E-03
+65.55000E-06 -80.40200919E-03 -80.40200911E-03
+65.57500E-06 -80.40200919E-03 +0.0E+00
+65.60000E-06 +0.0E+00 -80E-12
+65.62500E-06 +0.0E+00 -80.40200911E-03
+65.65000E-06 -80.40200919E-03 +0.0E+00
+65.67500E-06 -80.40200919E-03 -80E-12
+65.70000E-06 -80.40200911E-03 -80.40200919E-03
+65.72500E-06 -80E-12 +0.0E+00
+65.75000E-06 -80.40200919E-03 -80.40200911E-03
+65.77500E-06 +0.0E+00 -80E-12
+65.80000E-06 +0.0E+00 -80E-12
+65.82500E-06 -80E-12 -80.40200911E-03
+65.85000E-06 -80E-12 +0.0E+00
+65.87500E-06 -80.40200919E-03 -80E-12
+65.90000E-06 +0.0E+00 -80.40200919E-03
+65.92500E-06 -80E-12 +0.0E+00
+65.95000E-06 -80.40200919E-03 +80E-12
+65.97500E-06 -80.40200927E-03 +0.0E+00
+66.00000E-06 -80.40200919E-03 -80.40200911E-03
+66.02500E-06 -80E-12 -80.40200919E-03
+66.05000E-06 -80.40200911E-03 -80E-12
+66.07500E-06 -80.40200911E-03 -160E-12
+66.10000E-06 +0.0E+00 -80.40200911E-03
+66.12500E-06 -80E-12 +0.0E+00
+66.15000E-06 -80.40200919E-03 +0.0E+00
+66.17500E-06 -80.40200911E-03 -80.40200919E-03
+66.20000E-06 -80.40200911E-03 -80E-12
+66.22500E-06 -80.40200911E-03 +0.0E+00
+66.25000E-06 -80E-12 -80E-12
+66.27500E-06 +0.0E+00 -80E-12
+66.30000E-06 +0.0E+00 -80.40200911E-03
+66.32500E-06 -80.40200919E-03 +0.0E+00
+66.35000E-06 -80.40200919E-03 +0.0E+00
+66.37500E-06 -80.40200919E-03 +0.0E+00
+66.40000E-06 -80.40200919E-03 -80.40200911E-03
+66.42500E-06 -80.40200911E-03 -80.40200911E-03
+66.45000E-06 -80.40200919E-03 -80E-12
+66.47500E-06 -80.40200911E-03 -80.40200919E-03
+66.50000E-06 -80E-12 -80.40200919E-03
+66.52500E-06 -80.40200919E-03 +0.0E+00
+66.55000E-06 -80E-12 +0.0E+00
+66.57500E-06 -80.40200919E-03 -80E-12
+66.60000E-06 -80.40200919E-03 +0.0E+00
+66.62500E-06 -80.40200911E-03 +0.0E+00
+66.65000E-06 -80E-12 +0.0E+00
+66.67500E-06 -80.40200919E-03 -80E-12
+66.70000E-06 +0.0E+00 -80.40200919E-03
+66.72500E-06 +0.0E+00 -80.40200911E-03
+66.75000E-06 -80E-12 +0.0E+00
+66.77500E-06 -80.40200919E-03 +0.0E+00
+66.80000E-06 +0.0E+00 -80.40200919E-03
+66.82500E-06 -80.40200919E-03 -80.40200911E-03
+66.85000E-06 -160E-12 -80E-12
+66.87500E-06 -80.40200919E-03 -80E-12
+66.90000E-06 -80.40200919E-03 -80.40200911E-03
+66.92500E-06 -80E-12 +0.0E+00
+66.95000E-06 -80.40200919E-03 -80E-12
+66.97500E-06 -80.40200919E-03 -80.40200911E-03
+67.00000E-06 -80.40200911E-03 +0.0E+00
+67.02500E-06 -80E-12 -80.40200911E-03
+67.05000E-06 +0.0E+00 -80E-12
+67.07500E-06 -80.40200919E-03 -80E-12
+67.10000E-06 -80E-12 -80.40200911E-03
+67.12500E-06 -80E-12 +0.0E+00
+67.15000E-06 -80E-12 +0.0E+00
+67.17500E-06 -80.40200919E-03 +0.0E+00
+67.20000E-06 -80.40200911E-03 -80E-12
+67.22500E-06 +80.40200903E-03 +0.0E+00
+67.25000E-06 -80.40200911E-03 +0.0E+00
+67.27500E-06 -80E-12 -80E-12
+67.30000E-06 +0.0E+00 -80.40200911E-03
+67.32500E-06 +0.0E+00 -80.40200911E-03
+67.35000E-06 +0.0E+00 +0.0E+00
+67.37500E-06 -80.40200911E-03 -80E-12
+67.40000E-06 -80.40200911E-03 +0.0E+00
+67.42500E-06 -80E-12 +0.0E+00
+67.45000E-06 -80.40200919E-03 +0.0E+00
+67.47500E-06 -80.40200911E-03 -80E-12
+67.50000E-06 +0.0E+00 -80.40200919E-03
+67.52500E-06 -80E-12 +0.0E+00
+67.55000E-06 -80.40200919E-03 +0.0E+00
+67.57500E-06 -80.40200911E-03 -80E-12
+67.60000E-06 -80.40200911E-03 -80E-12
+67.62500E-06 +0.0E+00 +0.0E+00
+67.65000E-06 -80.40200911E-03 +0.0E+00
+67.67500E-06 +0.0E+00 -160E-12
+67.70000E-06 -80.40200911E-03 -80.40200911E-03
+67.72500E-06 +0.0E+00 +0.0E+00
+67.75000E-06 -80.40200919E-03 +0.0E+00
+67.77500E-06 -80E-12 +0.0E+00
+67.80000E-06 -80.40200911E-03 +0.0E+00
+67.82500E-06 -80E-12 -80.40200911E-03
+67.85000E-06 +0.0E+00 +0.0E+00
+67.87500E-06 -80.40200911E-03 -80E-12
+67.90000E-06 +0.0E+00 -80.40200911E-03
+67.92500E-06 -80E-12 -80.40200911E-03
+67.95000E-06 -80E-12 +0.0E+00
+67.97500E-06 -80.40200919E-03 +0.0E+00
+68.00000E-06 -160.80401821E-03 -80E-12
+68.02500E-06 +0.0E+00 -80.40200911E-03
+68.05000E-06 +0.0E+00 +80E-12
+68.07500E-06 +0.0E+00 -80.40200919E-03
+68.10000E-06 -80.40200919E-03 -80.40200919E-03
+68.12500E-06 +0.0E+00 +0.0E+00
+68.15000E-06 -80.40200919E-03 +80E-12
+68.17500E-06 -80.40200919E-03 -80E-12
+68.20000E-06 -80.40200911E-03 +0.0E+00
+68.22500E-06 -80E-12 +0.0E+00
+68.25000E-06 -80.40200911E-03 +0.0E+00
+68.27500E-06 +0.0E+00 -80.40200919E-03
+68.30000E-06 +0.0E+00 -80.40200911E-03
+68.32500E-06 +0.0E+00 -80.40200910E-03
+68.35000E-06 -80E-12 +0.0E+00
+68.37500E-06 -80.40200919E-03 -80.40200910E-03
+68.40000E-06 -80.40200919E-03 +0.0E+00
+68.42500E-06 -80.40200919E-03 -80.40200919E-03
+68.45000E-06 +0.0E+00 -80E-12
+68.47500E-06 -80.40200910E-03 -80E-12
+68.50000E-06 +0.0E+00 -80.40200910E-03
+68.52500E-06 -80.40200910E-03 +0.0E+00
+68.55000E-06 -80E-12 +0.0E+00
+68.57500E-06 +0.0E+00 +0.0E+00
+68.60000E-06 -80.40200919E-03 -80E-12
+68.62500E-06 +0.0E+00 -80.40200910E-03
+68.65000E-06 -80.40200919E-03 -80E-12
+68.67500E-06 +0.0E+00 -80.40200927E-03
+68.70000E-06 -80.40200910E-03 -80.40200910E-03
+68.72500E-06 -80E-12 -80.40200910E-03
+68.75000E-06 +0.0E+00 +0.0E+00
+68.77500E-06 -80.40200919E-03 +0.0E+00
+68.80000E-06 -80E-12 -80.40200910E-03
+68.82500E-06 -80E-12 +0.0E+00
+68.85000E-06 -80.40200919E-03 -80E-12
+68.87500E-06 +0.0E+00 -80.40200919E-03
+68.90000E-06 -80.40200910E-03 -80.40200910E-03
+68.92500E-06 -90E-12 +0.0E+00
+68.95000E-06 -80.40200919E-03 -90E-12
+68.97500E-06 -80.40200910E-03 +0.0E+00
+69.00000E-06 -80.40200910E-03 -90E-12
+69.02500E-06 -90E-12 +0.0E+00
+69.05000E-06 -90E-12 +0.0E+00
+69.07500E-06 -80.40200910E-03 -90E-12
+69.10000E-06 -80.40200910E-03 -80.40200910E-03
+69.12500E-06 +0.0E+00 -80.40200910E-03
+69.15000E-06 +0.0E+00 +0.0E+00
+69.17500E-06 -80.40200919E-03 +0.0E+00
+69.20000E-06 -80.40200910E-03 +0.0E+00
+69.22500E-06 -90E-12 -80.40200910E-03
+69.25000E-06 -80.40200910E-03 +0.0E+00
+69.27500E-06 +0.0E+00 -90E-12
+69.30000E-06 -90E-12 -80.40200919E-03
+69.32500E-06 -80.40200910E-03 +0.0E+00
+69.35000E-06 -80.40200919E-03 +0.0E+00
+69.37500E-06 -80.40200919E-03 +0.0E+00
+69.40000E-06 -80.40200910E-03 -90E-12
+69.42500E-06 -90E-12 -80.40200910E-03
+69.45000E-06 -80.40200910E-03 +0.0E+00
+69.47500E-06 +0.0E+00 -90E-12
+69.50000E-06 -90E-12 -80.40200910E-03
+69.52500E-06 +0.0E+00 -80.40200910E-03
+69.55000E-06 -80.40200910E-03 +0.0E+00
+69.57500E-06 -80.40200928E-03 +0.0E+00
+69.60000E-06 +0.0E+00 +0.0E+00
+69.62500E-06 +0.0E+00 +0.0E+00
+69.65000E-06 -80.40200919E-03 +0.0E+00
+69.67500E-06 +0.0E+00 +0.0E+00
+69.70000E-06 -80.40200919E-03 -80.40200910E-03
+69.72500E-06 -80.40200910E-03 +0.0E+00
+69.75000E-06 -90E-12 +0.0E+00
+69.77500E-06 -90E-12 -90E-12
+69.80000E-06 -80.40200910E-03 -90E-12
+69.82500E-06 -90E-12 +0.0E+00
+69.85000E-06 -90E-12 +0.0E+00
+69.87500E-06 -80.40200919E-03 -90E-12
+69.90000E-06 -90E-12 -80.40200910E-03
+69.92500E-06 -90E-12 -80.40200910E-03
+69.95000E-06 -90E-12 +0.0E+00
+69.97500E-06 -80.40200919E-03 +0.0E+00
+70.00000E-06 -80.40200910E-03 -90E-12
+70.02500E-06 -90E-12 +0.0E+00
+70.05000E-06 +0.0E+00 +0.0E+00
+70.07500E-06 -80.40200910E-03 -90E-12
+70.10000E-06 +0.0E+00 -80.40200910E-03
+70.12500E-06 -80.40200919E-03 -80.40200910E-03
+70.15000E-06 -80.40200919E-03 +0.0E+00
+70.17500E-06 -80.40200919E-03 -90E-12
+70.20000E-06 -80.40200919E-03 -90E-12
+70.22500E-06 -90E-12 +0.0E+00
+70.25000E-06 +0.0E+00 -90E-12
+70.27500E-06 -80.40200910E-03 -80.40200919E-03
+70.30000E-06 -90E-12 -80.40200919E-03
+70.32500E-06 +0.0E+00 -80.40200910E-03
+70.35000E-06 -80.40200919E-03 +0.0E+00
+70.37500E-06 +0.0E+00 -90E-12
+70.40000E-06 +0.0E+00 +0.0E+00
+70.42500E-06 -80.40200919E-03 -80.40200910E-03
+70.45000E-06 -90E-12 +80.40200910E-03
+70.47500E-06 +0.0E+00 -90E-12
+70.50000E-06 -80.40200910E-03 -80.40200910E-03
+70.52500E-06 +0.0E+00 +0.0E+00
+70.55000E-06 -80.40200919E-03 +0.0E+00
+70.57500E-06 -80.40200919E-03 +0.0E+00
+70.60000E-06 -80.40200919E-03 -80.40200910E-03
+70.62500E-06 -90E-12 +0.0E+00
+70.65000E-06 +0.0E+00 +0.0E+00
+70.67500E-06 +0.0E+00 -80.40200919E-03
+70.70000E-06 +0.0E+00 -80.40200910E-03
+70.72500E-06 -80.40200910E-03 +0.0E+00
+70.75000E-06 -80.40200919E-03 +0.0E+00
+70.77500E-06 -90E-12 +0.0E+00
+70.80000E-06 -80.40200919E-03 -90E-12
+70.82500E-06 -90E-12 +0.0E+00
+70.85000E-06 -80.40200919E-03 +0.0E+00
+70.87500E-06 +0.0E+00 -80.40200919E-03
+70.90000E-06 +0.0E+00 -80.40200910E-03
+70.92500E-06 -80.40200919E-03 -80.40200910E-03
+70.95000E-06 +0.0E+00 +80.40200910E-03
+70.97500E-06 -80.40200919E-03 -80.40200919E-03
+71.00000E-06 -80.40200910E-03 -80.40200919E-03
+71.02500E-06 -90E-12 -80.40200910E-03
+71.05000E-06 +0.0E+00 +0.0E+00
+71.07500E-06 +0.0E+00 -90E-12
+71.10000E-06 -80.40200919E-03 -80.40200919E-03
+71.12500E-06 +0.0E+00 -80.40200910E-03
+71.15000E-06 -80.40200919E-03 +0.0E+00
+71.17500E-06 -90E-12 +0.0E+00
+71.20000E-06 -90E-12 -90E-12
+71.22500E-06 +0.0E+00 +0.0E+00
+71.25000E-06 -80.40200910E-03 +0.0E+00
+71.27500E-06 +0.0E+00 -90E-12
+71.30000E-06 +0.0E+00 -80.40200919E-03
+71.32500E-06 +0.0E+00 -80.40200910E-03
+71.35000E-06 -80.40200919E-03 +0.0E+00
+71.37500E-06 -80.40200919E-03 -80.40200910E-03
+71.40000E-06 -80.40200919E-03 -90E-12
+71.42500E-06 -90E-12 -80.40200910E-03
+71.45000E-06 -80.40200919E-03 +0.0E+00
+71.47500E-06 +0.0E+00 -80.40200919E-03
+71.50000E-06 +0.0E+00 -160.80401829E-03
+71.52500E-06 -90E-12 +0.0E+00
+71.55000E-06 +0.0E+00 +0.0E+00
+71.57500E-06 -80.40200919E-03 -90E-12
+71.60000E-06 +0.0E+00 +0.0E+00
+71.62500E-06 -90E-12 -80.40200919E-03
+71.65000E-06 +0.0E+00 +0.0E+00
+71.67500E-06 -80.40200919E-03 -90E-12
+71.70000E-06 -80.40200910E-03 -80.40200910E-03
+71.72500E-06 -90E-12 -80.40200910E-03
+71.75000E-06 -80.40200919E-03 +0.0E+00
+71.77500E-06 -80.40200919E-03 -90E-12
+71.80000E-06 -80.40200919E-03 +0.0E+00
+71.82500E-06 +0.0E+00 +90E-12
+71.85000E-06 -90E-12 +0.0E+00
+71.87500E-06 -80.40200910E-03 -90E-12
+71.90000E-06 -90E-12 -80.40200919E-03
+71.92500E-06 -80.40200919E-03 +0.0E+00
+71.95000E-06 -90E-12 -80.40200910E-03
+71.97500E-06 -80.40200919E-03 -90E-12
+72.00000E-06 +0.0E+00 -90E-12
+72.02500E-06 -80.40200919E-03 +0.0E+00
+72.05000E-06 +80.40200910E-03 +0.0E+00
+72.07500E-06 -80.40200910E-03 -80.40200919E-03
+72.10000E-06 +0.0E+00 -80.40200919E-03
+72.12500E-06 +0.0E+00 +0.0E+00
+72.15000E-06 -90E-12 +0.0E+00
+72.17500E-06 -80.40200919E-03 +0.0E+00
+72.20000E-06 -80.40200919E-03 +0.0E+00
+72.22500E-06 +0.0E+00 +0.0E+00
+72.25000E-06 -90E-12 +0.0E+00
+72.27500E-06 -80.40200910E-03 -80.40200919E-03
+72.30000E-06 -80.40200919E-03 -80.40200910E-03
+72.32500E-06 -90E-12 +0.0E+00
+72.35000E-06 -80.40200919E-03 +0.0E+00
+72.37500E-06 -80.40200928E-03 +0.0E+00
+72.40000E-06 -80.40200919E-03 +0.0E+00
+72.42500E-06 -80.40200919E-03 -80.40200919E-03
+72.45000E-06 +0.0E+00 +0.0E+00
+72.47500E-06 -80.40200910E-03 -90E-12
+72.50000E-06 +0.0E+00 -80.40200910E-03
+72.52500E-06 +0.0E+00 -90E-12
+72.55000E-06 +0.0E+00 -90E-12
+72.57500E-06 -80.40200910E-03 -90E-12
+72.60000E-06 -80.40200910E-03 +0.0E+00
+72.62500E-06 +0.0E+00 -80.40200910E-03
+72.65000E-06 -80.40200910E-03 -80.40200910E-03
+72.67500E-06 +0.0E+00 -90E-12
+72.70000E-06 -80.40200910E-03 -160.80401819E-03
+72.72500E-06 -90E-12 +0.0E+00
+72.75000E-06 -80.40200919E-03 -80.40200910E-03
+72.77500E-06 -80.40200919E-03 +0.0E+00
+72.80000E-06 -80.40200919E-03 -80.40200919E-03
+72.82500E-06 -80.40200919E-03 -80.40200910E-03
+72.85000E-06 -80.40200910E-03 +0.0E+00
+72.87500E-06 -80.40200919E-03 -90E-12
+72.90000E-06 -80.40200910E-03 -80.40200910E-03
+72.92500E-06 -90E-12 +0.0E+00
+72.95000E-06 -90E-12 +0.0E+00
+72.97500E-06 -80.40200919E-03 +0.0E+00
+73.00000E-06 -80.40200910E-03 -90E-12
+73.02500E-06 -80.40200919E-03 +0.0E+00
+73.05000E-06 -80.40200910E-03 -80.40200910E-03
+73.07500E-06 -80.40200910E-03 -90E-12
+73.10000E-06 +0.0E+00 -160.80401819E-03
+73.12500E-06 +0.0E+00 +0.0E+00
+73.15000E-06 -90E-12 +0.0E+00
+73.17500E-06 -90E-12 -90E-12
+73.20000E-06 -80.40200910E-03 -80.40200919E-03
+73.22500E-06 +0.0E+00 +0.0E+00
+73.25000E-06 -80.40200910E-03 +0.0E+00
+73.27500E-06 +0.0E+00 -90E-12
+73.30000E-06 -90E-12 -80.40200910E-03
+73.32500E-06 +0.0E+00 +0.0E+00
+73.35000E-06 +0.0E+00 +0.0E+00
+73.37500E-06 -80.40200910E-03 +0.0E+00
+73.40000E-06 +0.0E+00 +80.40200910E-03
+73.42500E-06 +0.0E+00 +0.0E+00
+73.45000E-06 +0.0E+00 -90E-12
+73.47500E-06 +0.0E+00 -90E-12
+73.50000E-06 +0.0E+00 -80.40200919E-03
+73.52500E-06 +0.0E+00 +0.0E+00
+73.55000E-06 -90E-12 +0.0E+00
+73.57500E-06 -80.40200919E-03 +0.0E+00
+73.60000E-06 -80.40200909E-03 +0.0E+00
+73.62500E-06 -80.40200909E-03 -80.40200909E-03
+73.65000E-06 +0.0E+00 +0.0E+00
+73.67500E-06 +0.0E+00 -90E-12
+73.70000E-06 +0.0E+00 -80.40200909E-03
+73.72500E-06 -80.40200919E-03 +0.0E+00
+73.75000E-06 -80.40200919E-03 -80.40200909E-03
+73.77500E-06 -90E-12 +0.0E+00
+73.80000E-06 -160.80401819E-03 -80.40200909E-03
+73.82500E-06 -80.40200919E-03 -80.40200919E-03
+73.85000E-06 -90E-12 +0.0E+00
+73.87500E-06 -80.40200909E-03 +0.0E+00
+73.90000E-06 -80.40200909E-03 -80.40200909E-03
+73.92500E-06 +0.0E+00 -80.40200909E-03
+73.95000E-06 -80.40200919E-03 +0.0E+00
+73.97500E-06 -80.40200909E-03 +0.0E+00
+74.00000E-06 -80.40200919E-03 +0.0E+00
+74.02500E-06 -80.40200919E-03 +0.0E+00
+74.05000E-06 -90E-12 +80.40200909E-03
+74.07500E-06 -80.40200919E-03 -90E-12
+74.10000E-06 +0.0E+00 -80.40200919E-03
+74.12500E-06 +0.0E+00 +0.0E+00
+74.15000E-06 -100E-12 +0.0E+00
+74.17500E-06 -80.40200909E-03 -100E-12
+74.20000E-06 -100E-12 +0.0E+00
+74.22500E-06 -100E-12 -80.40200909E-03
+74.25000E-06 -100E-12 -80.40200909E-03
+74.27500E-06 -80.40200909E-03 -100E-12
+74.30000E-06 +0.0E+00 -80.40200909E-03
+74.32500E-06 +0.0E+00 +0.0E+00
+74.35000E-06 -80.40200909E-03 +0.0E+00
+74.37500E-06 -80.40200909E-03 -80.40200919E-03
+74.40000E-06 -80.40200909E-03 +0.0E+00
+74.42500E-06 +0.0E+00 +0.0E+00
+74.45000E-06 -80.40200919E-03 +0.0E+00
+74.47500E-06 -80.40200909E-03 -100E-12
+74.50000E-06 -80.40200919E-03 -80.40200909E-03
+74.52500E-06 -80.40200909E-03 +0.0E+00
+74.55000E-06 -80.40200909E-03 -100E-12
+74.57500E-06 -100E-12 +0.0E+00
+74.60000E-06 -80.40200919E-03 -100E-12
+74.62500E-06 +0.0E+00 +0.0E+00
+74.65000E-06 -80.40200909E-03 -100E-12
+74.67500E-06 -80.40200909E-03 -100E-12
+74.70000E-06 +0.0E+00 -80.40200919E-03
+74.72500E-06 -80.40200919E-03 -80.40200909E-03
+74.75000E-06 -80.40200919E-03 +0.0E+00
+74.77500E-06 -80.40200909E-03 -80.40200909E-03
+74.80000E-06 -80.40200909E-03 -100E-12
+74.82500E-06 -80.40200909E-03 -80.40200909E-03
+74.85000E-06 -80.40200919E-03 -100E-12
+74.87500E-06 +0.0E+00 -80.40200919E-03
+74.90000E-06 +0.0E+00 -80.40200909E-03
+74.92500E-06 +0.0E+00 -80.40200909E-03
+74.95000E-06 +0.0E+00 +0.0E+00
+74.97500E-06 -80.40200919E-03 -100E-12
+75.00000E-06 -80.40200919E-03 -100E-12
+75.02500E-06 -100E-12 +0.0E+00
+75.05000E-06 -80.40200909E-03 -100E-12
+75.07500E-06 +0.0E+00 -100E-12
+75.10000E-06 +0.0E+00 -80.40200909E-03
+75.12500E-06 +0.0E+00 -80.40200909E-03
+75.15000E-06 -100E-12 +0.0E+00
+75.17500E-06 -80.40200919E-03 +0.0E+00
+75.20000E-06 -160.80401818E-03 +0.0E+00
+75.22500E-06 -100E-12 -100E-12
+75.25000E-06 -80.40200919E-03 -100E-12
+75.27500E-06 +0.0E+00 -100E-12
+75.30000E-06 +0.0E+00 -80.40200919E-03
+75.32500E-06 +0.0E+00 +0.0E+00
+75.35000E-06 -80.40200919E-03 +0.0E+00
+75.37500E-06 -80.40200929E-03 +0.0E+00
+75.40000E-06 -160.80401828E-03 -100E-12
+75.42500E-06 +0.0E+00 -80.40200909E-03
+75.45000E-06 -80.40200909E-03 +0.0E+00
+75.47500E-06 +0.0E+00 -80.40200919E-03
+75.50000E-06 +0.0E+00 -80.40200909E-03
+75.52500E-06 +0.0E+00 +0.0E+00
+75.55000E-06 +0.0E+00 +0.0E+00
+75.57500E-06 -80.40200919E-03 -80.40200909E-03
