x-axis SCL1 SDA1
second Volt Volt
+34.50000E-06 +0.0E+00 -53.06532606E-03
+34.51500E-06 +0.0E+00 -26.53266303E-03
+34.53000E-06 -62.71357089E-03 -26.53266303E-03
+34.54500E-06 -62.71357089E-03 -26.53266303E-03
+34.56000E-06 -62.71357089E-03 -26.53266303E-03
+34.57500E-06 -62.71357089E-03 -0.0E+00
+34.59000E-06 -0.0E+00 -26.53266303E-03
+34.60500E-06 +0.0E+00 -26.53266303E-03
+34.62000E-06 -62.71357089E-03 -26.53266303E-03
+34.63500E-06 -0.0E+00 -26.53266303E-03
+34.65000E-06 -62.71357089E-03 -26.53266303E-03
+34.66500E-06 -62.71357089E-03 -53.06532606E-03
+34.68000E-06 -62.71357089E-03 -26.53266303E-03
+34.69500E-06 -62.71357089E-03 -26.53266303E-03
+34.71000E-06 -0.0E+00 +0.0E+00
+34.72500E-06 -62.71357089E-03 -0.0E+00
+34.74000E-06 -62.71357089E-03 -53.06532606E-03
+34.75500E-06 -62.71357089E-03 -26.53266303E-03
+34.77000E-06 -62.71357089E-03 -26.53266303E-03
+34.78500E-06 -62.71357089E-03 -26.53266303E-03
+34.80000E-06 -62.71357089E-03 +0.0E+00
+34.81500E-06 -0.0E+00 -0.0E+00
+34.83000E-06 -62.71357089E-03 -26.53266303E-03
+34.84500E-06 -62.71357089E-03 -0.0E+00
+34.86000E-06 -62.71357089E-03 -53.06532606E-03
+34.87500E-06 -62.71357089E-03 -26.53266303E-03
+34.89000E-06 -62.71357089E-03 -26.53266303E-03
+34.90500E-06 -62.71357089E-03 -53.06532606E-03
+34.92000E-06 -62.71357089E-03 +0.0E+00
+34.93500E-06 -62.71357089E-03 -0.0E+00
+34.95000E-06 -62.71357089E-03 -0.0E+00
+34.96500E-06 -62.71357089E-03 -26.53266303E-03
+34.98000E-06 +0.0E+00 -26.53266303E-03
+34.99500E-06 -62.71357089E-03 -0.0E+00
+35.01000E-06 -0.0E+00 -26.53266303E-03
+35.02500E-06 -62.71357089E-03 -26.53266303E-03
+35.04000E-06 +0.0E+00 +0.0E+00
+35.05500E-06 -62.71357089E-03 -26.53266303E-03
+35.07000E-06 -0.0E+00 -0.0E+00
+35.08500E-06 -62.71357089E-03 -26.53266303E-03
+35.10000E-06 -62.71357089E-03 -26.53266303E-03
+35.11500E-06 -62.71357089E-03 +0.0E+00
+35.13000E-06 -62.71357089E-03 -0.0E+00
+35.14500E-06 +0.0E+00 -26.53266303E-03
+35.16000E-06 -62.71357090E-03 -26.53266303E-03
+35.17500E-06 -0.0E+00 -0.0E+00
+35.19000E-06 -62.71357089E-03 -26.53266303E-03
+35.20500E-06 +0.0E+00 -26.53266303E-03
+35.22000E-06 -0.0E+00 -26.53266303E-03
+35.23500E-06 -62.71357089E-03 -26.53266303E-03
+35.25000E-06 -0.0E+00 -0.0E+00
+35.26500E-06 -62.71357089E-03 -26.53266303E-03
+35.28000E-06 -62.71357089E-03 -26.53266303E-03
+35.29500E-06 -62.71357089E-03 -26.53266303E-03
+35.31000E-06 -62.71357089E-03 -0.0E+00
+35.32500E-06 -62.71357089E-03 -26.53266303E-03
+35.34000E-06 +0.0E+00 -26.53266303E-03
+35.35500E-06 +0.0E+00 -26.53266303E-03
+35.37000E-06 +0.0E+00 -26.53266303E-03
+35.38500E-06 -62.71357089E-03 -26.53266303E-03
+35.40000E-06 -62.71357089E-03 -26.53266303E-03
+35.41500E-06 -0.0E+00 -0.0E+00
+35.43000E-06 +0.0E+00 +0.0E+00
+35.44500E-06 +0.0E+00 -0.0E+00
+35.46000E-06 +0.0E+00 -53.06532606E-03
+35.47500E-06 +0.0E+00 -26.53266303E-03
+35.49000E-06 -62.71357089E-03 -26.53266303E-03
+35.50500E-06 -62.71357089E-03 -26.53266303E-03
+35.52000E-06 -10E-12 -26.53266303E-03
+35.53500E-06 -62.71357089E-03 -26.53266303E-03
+35.55000E-06 -62.71357089E-03 -26.53266303E-03
+35.56500E-06 -62.71357089E-03 -26.53266303E-03
+35.58000E-06 -62.71357089E-03 -53.06532606E-03
+35.59500E-06 -62.71357089E-03 -26.53266303E-03
+35.61000E-06 -62.71357089E-03 -26.53266303E-03
+35.62500E-06 -62.71357089E-03 -0.0E+00
+35.64000E-06 -62.71357089E-03 -26.53266303E-03
+35.65500E-06 -0.0E+00 -0.0E+00
+35.67000E-06 -0.0E+00 -26.53266303E-03
+35.68500E-06 -62.71357089E-03 -26.53266303E-03
+35.70000E-06 +0.0E+00 -26.53266303E-03
+35.71500E-06 +0.0E+00 -0.0E+00
+35.73000E-06 -10E-12 -26.53266303E-03
+35.74500E-06 -62.71357089E-03 -26.53266303E-03
+35.76000E-06 -62.71357089E-03 +0.0E+00
+35.77500E-06 -10E-12 -0.0E+00
+35.79000E-06 +0.0E+00 +0.0E+00
+35.80500E-06 -62.71357089E-03 -26.53266303E-03
+35.82000E-06 +0.0E+00 -26.53266303E-03
+35.83500E-06 -62.71357089E-03 +0.0E+00
+35.85000E-06 -10E-12 -26.53266303E-03
+35.86500E-06 -62.71357089E-03 +0.0E+00
+35.88000E-06 +0.0E+00 -26.53266303E-03
+35.89500E-06 +0.0E+00 +0.0E+00
+35.91000E-06 -62.71357089E-03 -53.06532606E-03
+35.92500E-06 +0.0E+00 -10E-12
+35.94000E-06 -62.71357089E-03 -53.06532606E-03
+35.95500E-06 -62.71357089E-03 +0.0E+00
+35.97000E-06 -62.71357089E-03 -0.0E+00
+35.98500E-06 -62.71357089E-03 -26.53266303E-03
+36.00000E-06 -10E-12 -26.53266303E-03
+36.01500E-06 -125.42714178E-03 -53.06532606E-03
+36.03000E-06 -62.71357089E-03 -26.53266303E-03
+36.04500E-06 -62.71357089E-03 -26.53266303E-03
+36.06000E-06 -62.71357089E-03 -26.53266303E-03
+36.07500E-06 -62.71357089E-03 -26.53266303E-03
+36.09000E-06 -10E-12 -26.53266304E-03
+36.10500E-06 +0.0E+00 -26.53266303E-03
+36.12000E-06 -10E-12 -26.53266303E-03
+36.13500E-06 +0.0E+00 +0.0E+00
+36.15000E-06 -62.71357089E-03 -26.53266303E-03
+36.16500E-06 +0.0E+00 -10E-12
+36.18000E-06 -62.71357089E-03 -26.53266303E-03
+36.19500E-06 -62.71357089E-03 -26.53266303E-03
+36.21000E-06 -62.71357089E-03 -26.53266303E-03
+36.22500E-06 -62.71357089E-03 -26.53266303E-03
+36.24000E-06 -10E-12 -26.53266303E-03
+36.25500E-06 -62.71357089E-03 -26.53266303E-03
+36.27000E-06 -62.71357089E-03 -26.53266303E-03
+36.28500E-06 -62.71357089E-03 -26.53266304E-03
+36.30000E-06 +0.0E+00 -53.06532606E-03
+36.31500E-06 -62.71357089E-03 -26.53266303E-03
+36.33000E-06 -10E-12 -26.53266303E-03
+36.34500E-06 +0.0E+00 -26.53266303E-03
+36.36000E-06 -62.71357089E-03 -26.53266303E-03
+36.37500E-06 -125.42714178E-03 +0.0E+00
+36.39000E-06 +0.0E+00 -0.0E+00
+36.40500E-06 +0.0E+00 -26.53266303E-03
+36.42000E-06 -62.71357089E-03 -53.06532606E-03
+36.43500E-06 -62.71357088E-03 -26.53266303E-03
+36.45000E-06 -62.71357089E-03 -26.53266303E-03
+36.46500E-06 -62.71357089E-03 -26.53266303E-03
+36.48000E-06 +0.0E+00 +0.0E+00
+36.49500E-06 +0.0E+00 +0.0E+00
+36.51000E-06 -62.71357089E-03 -0.0E+00
+36.52500E-06 -125.42714178E-03 -0.0E+00
+36.54000E-06 -10E-12 -26.53266303E-03
+36.55500E-06 -10E-12 -26.53266303E-03
+36.57000E-06 +0.0E+00 +0.0E+00
+36.58500E-06 -62.71357088E-03 -53.06532606E-03
+36.60000E-06 +0.0E+00 -26.53266303E-03
+36.61500E-06 -62.71357090E-03 -26.53266303E-03
+36.63000E-06 -62.71357088E-03 -0.0E+00
+36.64500E-06 -10E-12 -26.53266303E-03
+36.66000E-06 +0.0E+00 -26.53266303E-03
+36.67500E-06 -62.71357089E-03 -26.53266303E-03
+36.69000E-06 -62.71357089E-03 -10E-12
+36.70500E-06 -62.71357089E-03 -53.06532606E-03
+36.72000E-06 -10E-12 -26.53266303E-03
+36.73500E-06 +0.0E+00 -0.0E+00
+36.75000E-06 +0.0E+00 -26.53266303E-03
+36.76500E-06 +0.0E+00 -26.53266303E-03
+36.78000E-06 -62.71357089E-03 -26.53266303E-03
+36.79500E-06 -62.71357089E-03 -26.53266303E-03
+36.81000E-06 -62.71357089E-03 -26.53266303E-03
+36.82500E-06 +0.0E+00 +0.0E+00
+36.84000E-06 -10E-12 -26.53266303E-03
+36.85500E-06 -62.71357089E-03 -0.0E+00
+36.87000E-06 -62.71357089E-03 -26.53266303E-03
+36.88500E-06 -62.71357089E-03 -0.0E+00
+36.90000E-06 +0.0E+00 -26.53266303E-03
+36.91500E-06 +0.0E+00 +0.0E+00
+36.93000E-06 -62.71357088E-03 -0.0E+00
+36.94500E-06 -62.71357089E-03 -53.06532606E-03
+36.96000E-06 -62.71357089E-03 -26.53266303E-03
+36.97500E-06 -125.42714178E-03 +0.0E+00
+36.99000E-06 -62.71357088E-03 -26.53266303E-03
+37.00500E-06 +0.0E+00 -26.53266303E-03
+37.02000E-06 -62.71357089E-03 -26.53266303E-03
+37.03500E-06 -62.71357089E-03 -26.53266303E-03
+37.05000E-06 -62.71357089E-03 -26.53266303E-03
+37.06500E-06 +0.0E+00 -26.53266303E-03
+37.08000E-06 -10E-12 -26.53266303E-03
+37.09500E-06 -62.71357088E-03 -26.53266303E-03
+37.11000E-06 -10E-12 -53.06532606E-03
+37.12500E-06 -62.71357089E-03 -26.53266303E-03
+37.14000E-06 -62.71357088E-03 -53.06532606E-03
+37.15500E-06 -10E-12 -26.53266303E-03
+37.17000E-06 +0.0E+00 -26.53266303E-03
+37.18500E-06 -62.71357088E-03 -26.53266303E-03
+37.20000E-06 -20E-12 -26.53266303E-03
+37.21500E-06 -125.42714179E-03 -26.53266303E-03
+37.23000E-06 -62.71357089E-03 -26.53266303E-03
+37.24500E-06 +0.0E+00 -26.53266303E-03
+37.26000E-06 +62.71357088E-03 -53.06532606E-03
+37.27500E-06 +0.0E+00 -26.53266303E-03
+37.29000E-06 -10E-12 -26.53266303E-03
+37.30500E-06 -62.71357089E-03 -26.53266303E-03
+37.32000E-06 -20E-12 -26.53266303E-03
+37.33500E-06 -62.71357089E-03 +0.0E+00
+37.35000E-06 +0.0E+00 -10E-12
+37.36500E-06 -62.71357088E-03 -26.53266303E-03
+37.38000E-06 -62.71357090E-03 -53.06532606E-03
+37.39500E-06 -62.71357089E-03 -26.53266303E-03
+37.41000E-06 -62.71357088E-03 -26.53266303E-03
+37.42500E-06 +0.0E+00 +0.0E+00
+37.44000E-06 +0.0E+00 -26.53266303E-03
+37.45500E-06 -125.42714177E-03 -26.53266303E-03
+37.47000E-06 -125.42714177E-03 +0.0E+00
+37.48500E-06 -62.71357091E-03 -26.53266304E-03
+37.50000E-06 +0.0E+00 -26.53266303E-03
+37.51500E-06 +0.0E+00 -26.53266303E-03
+37.53000E-06 -10E-12 -26.53266303E-03
+37.54500E-06 -10E-12 -53.06532605E-03
+37.56000E-06 -62.71357091E-03 -26.53266303E-03
+37.57500E-06 -125.42714176E-03 -26.53266303E-03
+37.59000E-06 -62.71357088E-03 -10E-12
+37.60500E-06 +0.0E+00 -10E-12
+37.62000E-06 -62.71357088E-03 -53.06532606E-03
+37.63500E-06 -62.71357089E-03 -53.06532605E-03
+37.65000E-06 -62.71357091E-03 -26.53266303E-03
+37.66500E-06 -62.71357089E-03 -26.53266303E-03
+37.68000E-06 +62.71357085E-03 +0.0E+00
+37.69500E-06 +0.0E+00 +0.0E+00
+37.71000E-06 -62.71357088E-03 -26.53266303E-03
+37.72500E-06 -62.71357089E-03 -26.53266304E-03
+37.74000E-06 -62.71357089E-03 -53.06532606E-03
+37.75500E-06 -10E-12 +0.0E+00
+37.77000E-06 +0.0E+00 -10E-12
+37.78500E-06 +0.0E+00 -26.53266303E-03
+37.80000E-06 -62.71357091E-03 -26.53266304E-03
+37.81500E-06 -125.42714179E-03 -26.53266304E-03
+37.83000E-06 -62.71357089E-03 -26.53266303E-03
+37.84500E-06 -62.71357088E-03 -26.53266304E-03
+37.86000E-06 +62.71357088E-03 -26.53266303E-03
+37.87500E-06 +0.0E+00 -26.53266303E-03
+37.89000E-06 -62.71357089E-03 -26.53266303E-03
+37.90500E-06 -125.42714177E-03 -26.53266303E-03
+37.92000E-06 -62.71357091E-03 -26.53266303E-03
+37.93500E-06 +0.0E+00 +0.0E+00
+37.95000E-06 -10E-12 +0.0E+00
+37.96500E-06 +0.0E+00 -26.53266303E-03
+37.98000E-06 -62.71357089E-03 -26.53266303E-03
+37.99500E-06 -125.42714179E-03 -10E-12
+38.01000E-06 -62.71357089E-03 +0.0E+00
+38.02500E-06 +0.0E+00 -26.53266303E-03
+38.04000E-06 +0.0E+00 +0.0E+00
+38.05500E-06 +0.0E+00 -26.53266303E-03
+38.07000E-06 -62.71357089E-03 -10E-12
+38.08500E-06 -125.42714179E-03 -10E-12
+38.10000E-06 -10E-12 -26.53266303E-03
+38.11500E-06 +0.0E+00 +0.0E+00
+38.13000E-06 +20E-12 -26.53266303E-03
+38.14500E-06 -62.71357088E-03 -26.53266303E-03
+38.16000E-06 -62.71357091E-03 -26.53266303E-03
+38.17500E-06 -125.42714179E-03 -26.53266303E-03
+38.19000E-06 -62.71357088E-03 +0.0E+00
+38.20500E-06 +20E-12 -10E-12
+38.22000E-06 +20E-12 -53.06532605E-03
+38.23500E-06 -62.71357088E-03 -26.53266303E-03
+38.25000E-06 -125.42714179E-03 -26.53266304E-03
+38.26500E-06 -62.71357089E-03 -26.53266303E-03
+38.28000E-06 +62.71357088E-03 +26.53266303E-03
+38.29500E-06 +0.0E+00 +0.0E+00
+38.31000E-06 -20E-12 -10E-12
+38.32500E-06 -62.71357089E-03 -26.53266304E-03
+38.34000E-06 -125.42714179E-03 -53.06532606E-03
+38.35500E-06 -62.71357089E-03 -26.53266303E-03
+38.37000E-06 +0.0E+00 -10E-12
+38.38500E-06 +62.71357089E-03 -53.06532606E-03
+38.40000E-06 +0.0E+00 -26.53266303E-03
+38.41500E-06 -125.42714179E-03 -26.53266303E-03
+38.43000E-06 -125.42714179E-03 -26.53266303E-03
+38.44500E-06 +0.0E+00 -26.53266303E-03
+38.46000E-06 +62.71357089E-03 -26.53266303E-03
+38.47500E-06 +20E-12 +0.0E+00
+38.49000E-06 +0.0E+00 -53.06532606E-03
+38.50500E-06 -125.42714179E-03 -26.53266303E-03
+38.52000E-06 -125.42714179E-03 -26.53266303E-03
+38.53500E-06 -125.42714175E-03 +0.0E+00
+38.55000E-06 +20E-12 +0.0E+00
+38.56500E-06 +0.0E+00 -26.53266304E-03
+38.58000E-06 -125.42714177E-03 -53.06532606E-03
+38.59500E-06 -125.42714179E-03 -26.53266303E-03
+38.61000E-06 -125.42714179E-03 +0.0E+00
+38.62500E-06 +62.71357088E-03 +0.0E+00
+38.64000E-06 +62.71357089E-03 -10E-12
+38.65500E-06 +0.0E+00 -26.53266303E-03
+38.67000E-06 -125.42714177E-03 -26.53266304E-03
+38.68500E-06 -188.14071266E-03 -26.53266304E-03
+38.70000E-06 -62.71357089E-03 -26.53266303E-03
+38.71500E-06 +62.71357088E-03 +0.0E+00
+38.73000E-06 +62.71357089E-03 -10E-12
+38.74500E-06 -62.71357088E-03 -53.06532606E-03
+38.76000E-06 -125.42714180E-03 -26.53266303E-03
+38.77500E-06 -188.14071266E-03 -26.53266303E-03
+38.79000E-06 -62.71357089E-03 +0.0E+00
+38.80500E-06 +62.71357088E-03 -20E-12
+38.82000E-06 +62.71357089E-03 -53.06532606E-03
+38.83500E-06 +0.0E+00 -26.53266303E-03
+38.85000E-06 -125.42714179E-03 -26.53266304E-03
+38.86500E-06 -62.71357091E-03 -26.53266302E-03
+38.88000E-06 +0.0E+00 +0.0E+00
+38.89500E-06 +62.71357089E-03 +10E-12
+38.91000E-06 +20E-12 -26.53266303E-03
+38.92500E-06 -125.42714177E-03 -53.06532606E-03
+38.94000E-06 -125.42714180E-03 -53.06532606E-03
+38.95500E-06 -125.42714179E-03 -26.53266302E-03
+38.97000E-06 +62.71357087E-03 +0.0E+00
+38.98500E-06 +62.71357089E-03 -26.53266302E-03
+39.00000E-06 +0.0E+00 -26.53266303E-03
+39.01500E-06 -125.42714179E-03 -26.53266303E-03
+39.03000E-06 -188.14071268E-03 -53.06532606E-03
+39.04500E-06 -62.71357089E-03 -26.53266303E-03
+39.06000E-06 +62.71357089E-03 -26.53266302E-03
+39.07500E-06 +62.71357091E-03 -10E-12
+39.09000E-06 +0.0E+00 -26.53266304E-03
+39.10500E-06 -188.14071268E-03 -53.06532606E-03
+39.12000E-06 -188.14071268E-03 -26.53266302E-03
+39.13500E-06 -20E-12 +0.0E+00
+39.15000E-06 +62.71357089E-03 +0.0E+00
+39.16500E-06 +62.71357091E-03 -10E-12
+39.18000E-06 -62.71357089E-03 -53.06532606E-03
+39.19500E-06 -188.14071266E-03 -53.06532606E-03
+39.21000E-06 -125.42714179E-03 -10E-12
+39.22500E-06 -62.71357087E-03 +0.0E+00
+39.24000E-06 +125.42714177E-03 +26.53266302E-03
+39.25500E-06 +62.71357087E-03 -10E-12
+39.27000E-06 -62.71357091E-03 -26.53266304E-03
+39.28500E-06 -188.14071268E-03 -53.06532606E-03
+39.30000E-06 -125.42714179E-03 -26.53266302E-03
+39.31500E-06 +0.0E+00 +0.0E+00
+39.33000E-06 +125.42714179E-03 +0.0E+00
+39.34500E-06 +0.0E+00 -26.53266303E-03
+39.36000E-06 -188.14071268E-03 -53.06532606E-03
+39.37500E-06 -250.85428355E-03 -26.53266303E-03
+39.39000E-06 -62.71357091E-03 -10E-12
+39.40500E-06 +125.42714177E-03 +26.53266302E-03
+39.42000E-06 +62.71357089E-03 -26.53266302E-03
+39.43500E-06 +0.0E+00 -53.06532606E-03
+39.45000E-06 -188.14071268E-03 -53.06532607E-03
+39.46500E-06 -188.14071268E-03 -53.06532606E-03
+39.48000E-06 +0.0E+00 +0.0E+00
+39.49500E-06 +125.42714176E-03 +26.53266302E-03
+39.51000E-06 +62.71357091E-03 +0.0E+00
+39.52500E-06 -20E-12 -26.53266304E-03
+39.54000E-06 -188.14071270E-03 -53.06532606E-03
+39.55500E-06 -188.14071268E-03 -26.53266303E-03
+39.57000E-06 -20E-12 +0.0E+00
+39.58500E-06 +125.42714179E-03 +0.0E+00
+39.60000E-06 +62.71357091E-03 +0.0E+00
+39.61500E-06 -125.42714179E-03 -53.06532606E-03
+39.63000E-06 -250.85428357E-03 -53.06532606E-03
+39.64500E-06 -125.42714179E-03 -10E-12
+39.66000E-06 +62.71357089E-03 +10E-12
+39.67500E-06 +188.14071268E-03 +10E-12
+39.69000E-06 +20E-12 -20E-12
+39.70500E-06 -188.14071268E-03 -53.06532606E-03
+39.72000E-06 -188.14071270E-03 -26.53266303E-03
+39.73500E-06 -125.42714179E-03 +26.53266302E-03
+39.75000E-06 +62.71357089E-03 +0.0E+00
+39.76500E-06 +188.14071266E-03 -10E-12
+39.78000E-06 +0.0E+00 -53.06532606E-03
+39.79500E-06 -188.14071268E-03 -53.06532606E-03
+39.81000E-06 -250.85428357E-03 -26.53266304E-03
+39.82500E-06 +0.0E+00 -26.53266302E-03
+39.84000E-06 +125.42714181E-03 +0.0E+00
+39.85500E-06 +125.42714179E-03 +0.0E+00
+39.87000E-06 -125.42714176E-03 -53.06532606E-03
+39.88500E-06 -250.85428357E-03 -53.06532608E-03
+39.90000E-06 -250.85428355E-03 -53.06532606E-03
+39.91500E-06 +62.71357087E-03 +10E-12
+39.93000E-06 +125.42714181E-03 +0.0E+00
+39.94500E-06 +62.71357092E-03 -53.06532606E-03
+39.96000E-06 -125.42714181E-03 -79.59798909E-03
+39.97500E-06 -313.56785444E-03 -53.06532607E-03
+39.99000E-06 -125.42714181E-03 +0.0E+00
+40.00500E-06 +125.42714176E-03 +26.53266302E-03
+40.02000E-06 +250.85428355E-03 +0.0E+00
+40.03500E-06 +20E-12 -26.53266303E-03
+40.05000E-06 -250.85428355E-03 -53.06532607E-03
+40.06500E-06 -313.56785444E-03 -53.06532607E-03
+40.08000E-06 -62.71357092E-03 +0.0E+00
+40.09500E-06 +188.14071266E-03 +26.53266302E-03
+40.11000E-06 +188.14071270E-03 +0.0E+00
+40.12500E-06 -62.71357087E-03 -53.06532607E-03
+40.14000E-06 -250.85428357E-03 -79.59798910E-03
+40.15500E-06 -250.85428359E-03 -26.53266303E-03
+40.17000E-06 -62.71357089E-03 +53.06532604E-03
+40.18500E-06 +188.14071268E-03 +26.53266303E-03
+40.20000E-06 +188.14071265E-03 +0.0E+00
+40.21500E-06 -125.42714176E-03 -53.06532605E-03
+40.23000E-06 -313.56785444E-03 -79.59798910E-03
+40.24500E-06 -188.14071270E-03 -26.53266304E-03
+40.26000E-06 +62.71357087E-03 +26.53266303E-03
+40.27500E-06 +250.85428355E-03 +26.53266303E-03
+40.29000E-06 +125.42714179E-03 -26.53266303E-03
+40.30500E-06 -125.42714179E-03 -79.59798910E-03
+40.32000E-06 -376.28142536E-03 -79.59798909E-03
+40.33500E-06 -188.14071268E-03 -10E-12
+40.35000E-06 +125.42714176E-03 +53.06532605E-03
+40.36500E-06 +250.85428360E-03 -10E-12
+40.38000E-06 +125.42714176E-03 -79.59798909E-03
+40.39500E-06 -250.85428355E-03 -79.59798910E-03
+40.41000E-06 -376.28142536E-03 -53.06532606E-03
+40.42500E-06 -125.42714176E-03 +10E-12
+40.44000E-06 +188.14071268E-03 +53.06532605E-03
+40.45500E-06 +188.14071273E-03 +0.0E+00
+40.47000E-06 -62.71357087E-03 -53.06532606E-03
+40.48500E-06 -376.28142533E-03 -79.59798911E-03
+40.50000E-06 -313.56785446E-03 -53.06532606E-03
+40.51500E-06 -20E-12 +10E-12
+40.53000E-06 +250.85428357E-03 +53.06532605E-03
+40.54500E-06 +188.14071268E-03 +0.0E+00
+40.56000E-06 -62.71357092E-03 -79.59798909E-03
+40.57500E-06 -376.28142536E-03 -79.59798909E-03
+40.59000E-06 -250.85428360E-03 -26.53266303E-03
+40.60500E-06 +125.42714176E-03 +53.06532605E-03
+40.62000E-06 +313.56785446E-03 +26.53266304E-03
+40.63500E-06 +188.14071268E-03 -26.53266302E-03
+40.65000E-06 -250.85428355E-03 -79.59798911E-03
+40.66500E-06 -376.28142536E-03 -79.59798910E-03
+40.68000E-06 -250.85428357E-03 -10E-12
+40.69500E-06 +188.14071265E-03 +53.06532608E-03
+40.71000E-06 +313.56785446E-03 +53.06532605E-03
+40.72500E-06 +62.71357092E-03 -26.53266303E-03
+40.74000E-06 -313.56785444E-03 -106.13065212E-03
+40.75500E-06 -438.99499625E-03 -53.06532606E-03
+40.77000E-06 -125.42714179E-03 +26.53266302E-03
+40.78500E-06 +250.85428357E-03 +53.06532606E-03
+40.80000E-06 +313.56785446E-03 +10E-12
+40.81500E-06 -62.71357089E-03 -53.06532606E-03
+40.83000E-06 -376.28142536E-03 -79.59798909E-03
+40.84500E-06 -438.99499625E-03 -53.06532606E-03
+40.86000E-06 -30E-12 +26.53266303E-03
+40.87500E-06 +376.28142536E-03 +26.53266303E-03
+40.89000E-06 +313.56785444E-03 +0.0E+00
+40.90500E-06 -188.14071263E-03 -106.13065212E-03
+40.92000E-06 -438.99499625E-03 -79.59798911E-03
+40.93500E-06 -376.28142533E-03 -10E-12
+40.95000E-06 +125.42714176E-03 +79.59798909E-03
+40.96500E-06 +438.99499622E-03 +53.06532605E-03
+40.98000E-06 +250.85428357E-03 -53.06532605E-03
+40.99500E-06 -250.85428354E-03 -106.13065212E-03
+41.01000E-06 -501.70856714E-03 -79.59798911E-03
+41.02500E-06 -250.85428360E-03 +0.0E+00
+41.04000E-06 +250.85428354E-03 +79.59798909E-03
+41.05500E-06 +438.99499622E-03 +53.06532606E-03
+41.07000E-06 +62.71357092E-03 -53.06532606E-03
+41.08500E-06 -376.28142533E-03 -106.13065214E-03
+41.10000E-06 -501.70856714E-03 -79.59798909E-03
+41.11500E-06 -125.42714179E-03 +26.53266303E-03
+41.13000E-06 +376.28142536E-03 +79.59798910E-03
+41.14500E-06 +313.56785449E-03 +10E-12
+41.16000E-06 +30E-12 -79.59798910E-03
+41.17500E-06 -438.99499625E-03 -106.13065213E-03
+41.19000E-06 -438.99499625E-03 -53.06532606E-03
+41.20500E-06 -62.71357087E-03 +26.53266303E-03
+41.22000E-06 +438.99499622E-03 +53.06532608E-03
+41.23500E-06 +313.56785449E-03 +0.0E+00
+41.25000E-06 -188.14071265E-03 -79.59798911E-03
+41.26500E-06 -501.70856717E-03 -106.13065213E-03
+41.28000E-06 -376.28142538E-03 -26.53266303E-03
+41.29500E-06 +125.42714179E-03 +53.06532608E-03
+41.31000E-06 +438.99499628E-03 +79.59798910E-03
+41.32500E-06 +250.85428357E-03 -26.53266304E-03
+41.34000E-06 -313.56785444E-03 -159.19597817E-03
+41.35500E-06 -564.42213806E-03 -106.13065213E-03
+41.37000E-06 -250.85428360E-03 -10E-12
+41.38500E-06 +376.28142533E-03 +79.59798910E-03
+41.40000E-06 +501.70856714E-03 +53.06532606E-03
+41.41500E-06 +125.42714181E-03 -53.06532606E-03
+41.43000E-06 -501.70856709E-03 -106.13065213E-03
+41.44500E-06 -564.42213806E-03 -53.06532609E-03
+41.46000E-06 -188.14071265E-03 +26.53266304E-03
+41.47500E-06 +438.99499628E-03 +106.13065213E-03
+41.49000E-06 +438.99499628E-03 +53.06532606E-03
+41.50500E-06 -62.71357086E-03 -106.13065212E-03
+41.52000E-06 -627.13570890E-03 -159.19597818E-03
+41.53500E-06 -501.70856717E-03 -53.06532606E-03
+41.55000E-06 -30E-12 +53.06532606E-03
+41.56500E-06 +564.42213804E-03 +79.59798910E-03
+41.58000E-06 +438.99499625E-03 -26.53266302E-03
+41.59500E-06 -188.14071265E-03 -106.13065213E-03
+41.61000E-06 -627.13570896E-03 -132.66331516E-03
+41.62500E-06 -438.99499625E-03 -26.53266303E-03
+41.64000E-06 +250.85428351E-03 +79.59798910E-03
+41.65500E-06 +564.42213806E-03 +79.59798910E-03
+41.67000E-06 +250.85428357E-03 -26.53266303E-03
+41.68500E-06 -376.28142536E-03 -132.66331516E-03
+41.70000E-06 -689.84927982E-03 -132.66331515E-03
+41.71500E-06 -313.56785449E-03 +0.0E+00
+41.73000E-06 +376.28142536E-03 +106.13065213E-03
+41.74500E-06 +627.13570893E-03 +53.06532608E-03
+41.76000E-06 +125.42714182E-03 -79.59798908E-03
+41.77500E-06 -564.42213801E-03 -159.19597819E-03
+41.79000E-06 -689.84927985E-03 -79.59798911E-03
+41.80500E-06 -188.14071268E-03 +53.06532605E-03
+41.82000E-06 +501.70856714E-03 +106.13065213E-03
+41.83500E-06 +627.13570893E-03 +26.53266303E-03
+41.85000E-06 -62.71357086E-03 -106.13065213E-03
+41.86500E-06 -689.84927979E-03 -159.19597819E-03
+41.88000E-06 -627.13570893E-03 -53.06532606E-03
+41.89500E-06 +62.71357086E-03 +79.59798910E-03
+41.91000E-06 +689.84927979E-03 +106.13065214E-03
+41.92500E-06 +501.70856717E-03 +0.0E+00
+41.94000E-06 -250.85428357E-03 -159.19597817E-03
+41.95500E-06 -752.56285071E-03 -132.66331518E-03
+41.97000E-06 -501.70856714E-03 -26.53266303E-03
+41.98500E-06 +250.85428354E-03 +106.13065214E-03
+42.00000E-06 +689.84927982E-03 +79.59798911E-03
+42.01500E-06 +376.28142536E-03 -26.53266303E-03
+42.03000E-06 -501.70856708E-03 -159.19597819E-03
+42.04500E-06 -815.27642161E-03 -132.66331518E-03
+42.06000E-06 -376.28142539E-03 +10E-12
+42.07500E-06 +501.70856708E-03 +132.66331516E-03
+42.09000E-06 +752.56285068E-03 +79.59798910E-03
+42.10500E-06 +188.14071271E-03 -106.13065212E-03
+42.12000E-06 -627.13570893E-03 -159.19597819E-03
+42.13500E-06 -815.27642161E-03 -106.13065213E-03
+42.15000E-06 -188.14071268E-03 +79.59798908E-03
+42.16500E-06 +627.13570893E-03 +159.19597818E-03
+42.18000E-06 +689.84927982E-03 +26.53266305E-03
+42.19500E-06 -62.71357086E-03 -106.13065214E-03
+42.21000E-06 -752.56285071E-03 -185.72864123E-03
+42.22500E-06 -689.84927985E-03 -79.59798910E-03
+42.24000E-06 +62.71357086E-03 +106.13065213E-03
+42.25500E-06 +815.27642161E-03 +106.13065216E-03
+42.27000E-06 +564.42213807E-03 +0.0E+00
+42.28500E-06 -250.85428357E-03 -132.66331519E-03
+42.30000E-06 -877.98999250E-03 -185.72864123E-03
+42.31500E-06 -627.13570896E-03 -10E-12
+42.33000E-06 +313.56785443E-03 +132.66331516E-03
+42.34500E-06 +877.98999247E-03 +106.13065214E-03
+42.36000E-06 +376.28142539E-03 -53.06532605E-03
+42.37500E-06 -501.70856711E-03 -159.19597821E-03
+42.39000E-06 -940.70356342E-03 -159.19597819E-03
+42.40500E-06 -376.28142539E-03 +26.53266302E-03
+42.42000E-06 +564.42213804E-03 +132.66331518E-03
+42.43500E-06 +877.98999250E-03 +79.59798911E-03
+42.45000E-06 +188.14071271E-03 -106.13065213E-03
+42.46500E-06 -752.56285068E-03 -212.26130426E-03
+42.48000E-06 -940.70356339E-03 -106.13065214E-03
+42.49500E-06 -188.14071268E-03 +79.59798910E-03
+42.51000E-06 +815.27642154E-03 +159.19597819E-03
+42.52500E-06 +815.27642161E-03 +53.06532606E-03
+42.54000E-06 -62.71357086E-03 -185.72864120E-03
+42.55500E-06 -940.70356339E-03 -212.26130427E-03
+42.57000E-06 -815.27642161E-03 -53.06532608E-03
+42.58500E-06 +125.42714172E-03 +106.13065214E-03
+42.60000E-06 +940.70356336E-03 +185.72864123E-03
+42.61500E-06 +689.84927982E-03 +0.0E+00
+42.63000E-06 -313.56785443E-03 -185.72864123E-03
+42.64500E-06 -1.06613070518E+00 -212.26130426E-03
+42.66000E-06 -689.84927985E-03 -26.53266303E-03
+42.67500E-06 +438.99499622E-03 +185.72864123E-03
+42.69000E-06 +1.06613070514E+00 +159.19597818E-03
+42.70500E-06 +501.70856718E-03 -53.06532606E-03
+42.72000E-06 -627.13570889E-03 -212.26130426E-03
+42.73500E-06 -1.19155784690E+00 -159.19597819E-03
+42.75000E-06 -501.70856714E-03 +53.06532606E-03
+42.76500E-06 +689.84927979E-03 +212.26130424E-03
+42.78000E-06 +1.00341713432E+00 +106.13065213E-03
+42.79500E-06 +250.85428357E-03 -106.13065212E-03
+42.81000E-06 -877.98999246E-03 -238.79396729E-03
+42.82500E-06 -1.06613070521E+00 -132.66331516E-03
+42.84000E-06 -125.42714185E-03 +106.13065212E-03
+42.85500E-06 +877.98999250E-03 +238.79396728E-03
+42.87000E-06 +940.70356343E-03 +79.59798910E-03
+42.88500E-06 -62.71357086E-03 -159.19597821E-03
+42.90000E-06 -1.06613070518E+00 -265.32663032E-03
+42.91500E-06 -1.00341713425E+00 -53.06532608E-03
+42.93000E-06 +188.14071261E-03 +185.72864121E-03
+42.94500E-06 +1.06613070518E+00 +185.72864124E-03
+42.96000E-06 +815.27642164E-03 +10E-12
+42.97500E-06 -438.99499618E-03 -238.79396729E-03
+42.99000E-06 -1.19155784696E+00 -212.26130427E-03
+43.00500E-06 -752.56285075E-03 -30E-12
+43.02000E-06 +501.70856707E-03 +185.72864123E-03
+43.03500E-06 +1.19155784693E+00 +159.19597821E-03
+43.05000E-06 +564.42213807E-03 -53.06532606E-03
+43.06500E-06 -752.56285068E-03 -265.32663031E-03
+43.08000E-06 -1.25427141789E+00 -212.26130426E-03
+43.09500E-06 -564.42213804E-03 +79.59798908E-03
+43.11000E-06 +815.27642154E-03 +265.32663031E-03
+43.12500E-06 +1.25427141786E+00 +159.19597819E-03
+43.14000E-06 +250.85428361E-03 -185.72864121E-03
+43.15500E-06 -1.06613070518E+00 -291.85929336E-03
+43.17000E-06 -1.25427141786E+00 -132.66331518E-03
+43.18500E-06 -125.42714186E-03 +132.66331515E-03
+43.20000E-06 +1.06613070514E+00 +265.32663032E-03
+43.21500E-06 +1.06613070521E+00 +79.59798911E-03
+43.23000E-06 -125.42714171E-03 -212.26130426E-03
+43.24500E-06 -1.31698498871E+00 -291.85929337E-03
+43.26000E-06 -1.12884427611E+00 -79.59798910E-03
+43.27500E-06 +250.85428350E-03 +212.26130424E-03
+43.29000E-06 +1.31698498871E+00 +238.79396729E-03
+43.30500E-06 +940.70356343E-03 +20E-12
+43.32000E-06 -438.99499621E-03 -265.32663032E-03
+43.33500E-06 -1.44241213053E+00 -265.32663034E-03
+43.35000E-06 -877.98999254E-03 -20E-12
+43.36500E-06 +627.13570882E-03 +265.32663029E-03
+43.38000E-06 +1.37969855964E+00 +212.26130427E-03
+43.39500E-06 +564.42213811E-03 -79.59798908E-03
+43.41000E-06 -877.98999243E-03 -291.85929336E-03
+43.42500E-06 -1.50512570143E+00 -212.26130427E-03
+43.44000E-06 -564.42213811E-03 +79.59798908E-03
+43.45500E-06 +1.00341713421E+00 +291.85929336E-03
+43.47000E-06 +1.37969855968E+00 +159.19597819E-03
+43.48500E-06 +250.85428365E-03 -185.72864121E-03
+43.50000E-06 -1.25427141774E+00 -344.92461941E-03
+43.51500E-06 -1.44241213057E+00 -159.19597821E-03
+43.53000E-06 -125.42714186E-03 +212.26130423E-03
+43.54500E-06 +1.25427141782E+00 +291.85929337E-03
+43.56000E-06 +1.25427141789E+00 +79.59798911E-03
+43.57500E-06 -125.42714175E-03 -238.79396728E-03
+43.59000E-06 -1.44241213050E+00 -318.39195640E-03
+43.60500E-06 -1.25427141789E+00 -79.59798913E-03
+43.62000E-06 +313.56785435E-03 +212.26130426E-03
+43.63500E-06 +1.50512570139E+00 +291.85929336E-03
+43.65000E-06 +1.00341713432E+00 +0.0E+00
+43.66500E-06 -627.13570885E-03 -318.39195637E-03
+43.68000E-06 -1.63055284321E+00 -291.85929337E-03
+43.69500E-06 -1.00341713432E+00 +26.53266302E-03
+43.71000E-06 +689.84927978E-03 +291.85929336E-03
+43.72500E-06 +1.63055284321E+00 +238.79396731E-03
+43.74000E-06 +689.84927986E-03 -132.66331511E-03
+43.75500E-06 -1.00341713421E+00 -371.45728244E-03
+43.77000E-06 -1.69326641411E+00 -265.32663032E-03
+43.78500E-06 -627.13570897E-03 +106.13065211E-03
+43.80000E-06 +1.19155784689E+00 +344.92461942E-03
+43.81500E-06 +1.56783927236E+00 +185.72864123E-03
+43.83000E-06 +250.85428365E-03 -212.26130423E-03
+43.84500E-06 -1.37969855960E+00 -371.45728247E-03
+43.86000E-06 -1.63055284321E+00 -212.26130426E-03
+43.87500E-06 -188.14071276E-03 +212.26130424E-03
+43.89000E-06 +1.44241213050E+00 +344.92461942E-03
+43.90500E-06 +1.44241213061E+00 +106.13065215E-03
+43.92000E-06 -188.14071264E-03 -291.85929334E-03
+43.93500E-06 -1.69326641407E+00 -397.98994549E-03
+43.95000E-06 -1.44241213057E+00 -79.59798911E-03
+43.96500E-06 +376.28142528E-03 +291.85929332E-03
+43.98000E-06 +1.69326641411E+00 +291.85929339E-03
+43.99500E-06 +1.19155784700E+00 -26.53266300E-03
+44.01000E-06 -689.84927974E-03 -344.92461942E-03
+44.02500E-06 -1.88140712674E+00 -344.92461942E-03
+44.04000E-06 -1.06613070530E+00 +53.06532603E-03
+44.05500E-06 +815.27642153E-03 +344.92461942E-03
+44.07000E-06 +1.81869355593E+00 +291.85929336E-03
+44.08500E-06 +752.56285083E-03 -132.66331516E-03
+44.10000E-06 -1.12884427603E+00 -451.05527152E-03
+44.11500E-06 -1.94412069768E+00 -291.85929337E-03
+44.13000E-06 -564.42213816E-03 +132.66331515E-03
+44.14500E-06 +1.31698498871E+00 +371.45728247E-03
+44.16000E-06 +1.75597998504E+00 +185.72864124E-03
+44.17500E-06 +250.85428369E-03 -238.79396727E-03
+44.19000E-06 -1.50512570143E+00 -451.05527155E-03
+44.20500E-06 -1.81869355593E+00 -185.72864126E-03
+44.22000E-06 -125.42714183E-03 +212.26130428E-03
+44.23500E-06 +1.69326641403E+00 +397.98994549E-03
+44.25000E-06 +1.63055284325E+00 +106.13065213E-03
+44.26500E-06 -250.85428349E-03 -344.92461939E-03
+44.28000E-06 -1.88140712678E+00 -451.05527155E-03
+44.29500E-06 -1.63055284325E+00 -79.59798911E-03
+44.31000E-06 +438.99499617E-03 +344.92461940E-03
+44.32500E-06 +1.94412069768E+00 +371.45728244E-03
+44.34000E-06 +1.31698498883E+00 -26.53266302E-03
+44.35500E-06 -752.56285067E-03 -424.52260850E-03
+44.37000E-06 -2.13226141036E+00 -397.98994549E-03
+44.38500E-06 -1.19155784709E+00 +53.06532605E-03
+44.40000E-06 +1.00341713416E+00 +424.52260852E-03
+44.41500E-06 +2.06954783946E+00 +318.39195641E-03
+44.43000E-06 +877.98999258E-03 -132.66331514E-03
+44.44500E-06 -1.37969855952E+00 -477.58793460E-03
+44.46000E-06 -2.13226141036E+00 -318.39195641E-03
+44.47500E-06 -689.84927990E-03 +159.19597819E-03
+44.49000E-06 +1.50512570134E+00 +451.05527153E-03
+44.50500E-06 +2.06954783950E+00 +238.79396731E-03
+44.52000E-06 +313.56785455E-03 -265.32663031E-03
+44.53500E-06 -1.81869355581E+00 -530.65326063E-03
+44.55000E-06 -2.00683426865E+00 -212.26130428E-03
+44.56500E-06 -125.42714191E-03 +291.85929332E-03
+44.58000E-06 +1.94412069759E+00 +451.05527155E-03
+44.59500E-06 +1.88140712683E+00 +106.13065216E-03
+44.61000E-06 -313.56785434E-03 -371.45728244E-03
+44.62500E-06 -2.19497498121E+00 -504.12059762E-03
+44.64000E-06 -1.75597998508E+00 -79.59798913E-03
+44.65500E-06 +564.42213791E-03 +397.98994549E-03
+44.67000E-06 +2.25768855210E+00 +451.05527157E-03
+44.68500E-06 +1.44241213062E+00 -26.53266301E-03
+44.70000E-06 -877.98999241E-03 -504.12059758E-03
+44.71500E-06 -2.38311569393E+00 -451.05527153E-03
+44.73000E-06 -1.25427141798E+00 +26.53266303E-03
+44.74500E-06 +1.12884427603E+00 +477.58793457E-03
+44.76000E-06 +2.32040212303E+00 +371.45728247E-03
+44.77500E-06 +940.70356348E-03 -159.19597818E-03
+44.79000E-06 -1.50512570134E+00 -557.18592368E-03
+44.80500E-06 -2.38311569397E+00 -344.92461946E-03
+44.82000E-06 -752.56285080E-03 +185.72864121E-03
+44.83500E-06 +1.69326641402E+00 +530.65326065E-03
+44.85000E-06 +2.25768855218E+00 +238.79396733E-03
+44.86500E-06 +313.56785455E-03 -318.39195635E-03
+44.88000E-06 -2.06954783942E+00 -583.71858673E-03
+44.89500E-06 -2.25768855218E+00 -238.79396731E-03
+44.91000E-06 -62.71357102E-03 +344.92461938E-03
+44.92500E-06 +2.13226141031E+00 +530.65326063E-03
+44.94000E-06 +2.00683426866E+00 +106.13065218E-03
+44.95500E-06 -313.56785438E-03 -451.05527151E-03
+44.97000E-06 -2.44582926473E+00 -583.71858671E-03
+44.98500E-06 -1.94412069772E+00 -106.13065215E-03
+45.00000E-06 +627.13570880E-03 +451.05527155E-03
+45.01500E-06 +2.44582926482E+00 +504.12059762E-03
+45.03000E-06 +1.56783927245E+00 -53.06532601E-03
+45.04500E-06 -1.06613070505E+00 -583.71858669E-03
+45.06000E-06 -2.63396997745E+00 -530.65326065E-03
+45.07500E-06 -1.37969855977E+00 +79.59798906E-03
+45.09000E-06 +1.25427141777E+00 +557.18592366E-03
+45.10500E-06 +2.57125640665E+00 +424.52260854E-03
+45.12000E-06 +1.00341713442E+00 -185.72864121E-03
+45.13500E-06 -1.75597998487E+00 -636.78391276E-03
+45.15000E-06 -2.63396997754E+00 -371.45728249E-03
+45.16500E-06 -752.56285085E-03 +265.32663027E-03
+45.18000E-06 +1.88140712674E+00 +583.71858671E-03
+45.19500E-06 +2.50854283576E+00 +291.85929336E-03
+45.21000E-06 +313.56785464E-03 -371.45728244E-03
+45.22500E-06 -2.25768855205E+00 -636.78391280E-03
+45.24000E-06 -2.44582926491E+00 -238.79396731E-03
+45.25500E-06 -62.71357098E-03 +397.98994547E-03
+45.27000E-06 +2.44582926478E+00 +583.71858673E-03
+45.28500E-06 +2.19497498134E+00 +132.66331518E-03
+45.30000E-06 -501.70856696E-03 -530.65326063E-03
+45.31500E-06 -2.69668354835E+00 -636.78391278E-03
+45.33000E-06 -2.06954783955E+00 -79.59798914E-03
+45.34500E-06 +752.56285053E-03 +530.65326065E-03
+45.36000E-06 +2.75939711924E+00 +557.18592368E-03
+45.37500E-06 +1.75597998509E+00 -26.53266301E-03
+45.39000E-06 -1.25427141768E+00 -610.25124975E-03
+45.40500E-06 -2.88482426107E+00 -557.18592370E-03
+45.42000E-06 -1.50512570156E+00 +106.13065209E-03
+45.43500E-06 +1.50512570129E+00 +663.31657577E-03
+45.45000E-06 +2.88482426102E+00 +477.58793458E-03
+45.46500E-06 +1.06613070531E+00 -238.79396725E-03
+45.48000E-06 -1.94412069754E+00 -689.84923884E-03
+45.49500E-06 -2.94753783196E+00 -397.98994554E-03
+45.51000E-06 -752.56285090E-03 +291.85929332E-03
+45.52500E-06 +2.19497498116E+00 +689.84923884E-03
+45.54000E-06 +2.75939711928E+00 +291.85929341E-03
+45.55500E-06 +313.56785460E-03 -424.52260850E-03
+45.57000E-06 -2.50854283562E+00 -742.91456489E-03
+45.58500E-06 -2.75939711933E+00 -291.85929338E-03
+45.60000E-06 +62.71357066E-03 +477.58793454E-03
+45.61500E-06 +2.69668354830E+00 +689.84923886E-03
+45.63000E-06 +2.44582926487E+00 +159.19597823E-03
+45.64500E-06 -501.70856700E-03 -583.71858669E-03
+45.66000E-06 -3.01025140281E+00 -716.38190188E-03
+45.67500E-06 -2.25768855228E+00 -79.59798914E-03
+45.69000E-06 +877.98999231E-03 +610.25124973E-03
+45.70500E-06 +3.01025140281E+00 +610.25124978E-03
+45.72000E-06 +1.81869355603E+00 -79.59798904E-03
+45.73500E-06 -1.37969855946E+00 -689.84923882E-03
+45.75000E-06 -3.19839211549E+00 -610.25124977E-03
+45.76500E-06 -1.69326641425E+00 +132.66331512E-03
+45.78000E-06 +1.69326641397E+00 +689.84923884E-03
+45.79500E-06 +3.13567854464E+00 +504.12059764E-03
+45.81000E-06 +1.19155784715E+00 -291.85929332E-03
+45.82500E-06 -2.13226141021E+00 -795.97989095E-03
+45.84000E-06 -3.19839211558E+00 -451.05527161E-03
+45.85500E-06 -815.27642179E-03 +318.39195637E-03
+45.87000E-06 +2.38311569383E+00 +769.44722792E-03
+45.88500E-06 +3.01025140295E+00 +344.92461944E-03
+45.90000E-06 +313.56785465E-03 -504.12059756E-03
+45.91500E-06 -2.82211069003E+00 -769.44722796E-03
+45.93000E-06 -2.88482426121E+00 -291.85929338E-03
+45.94500E-06 +62.71357075E-03 +530.65326061E-03
+45.96000E-06 +2.94753783191E+00 +769.44722794E-03
+45.97500E-06 +2.63396997759E+00 +159.19597821E-03
+45.99000E-06 -564.42213789E-03 -636.78391276E-03
+46.00500E-06 -3.26110568638E+00 -769.44722796E-03
+46.02000E-06 -2.44582926496E+00 -79.59798912E-03
+46.03500E-06 +1.00341713409E+00 +689.84923880E-03
+46.05000E-06 +3.32381925727E+00 +689.84923886E-03
+46.06500E-06 +2.00683426871E+00 -79.59798904E-03
+46.08000E-06 -1.50512570124E+00 -795.97989095E-03
+46.09500E-06 -3.51195996995E+00 -663.31657583E-03
+46.11000E-06 -1.69326641430E+00 +185.72864117E-03
+46.12500E-06 +1.88140712664E+00 +795.97989093E-03
+46.14000E-06 +3.44924639910E+00 +530.65326071E-03
+46.15500E-06 +1.19155784716E+00 -318.39195633E-03
+46.17000E-06 -2.38311569373E+00 -875.57788007E-03
+46.18500E-06 -3.44924639920E+00 -504.12059764E-03
+46.20000E-06 -877.98999269E-03 +397.98994542E-03
+46.21500E-06 +2.63396997740E+00 +849.04521704E-03
+46.23000E-06 +3.26110568647E+00 +344.92461948E-03
+46.24500E-06 +250.85428377E-03 -530.65326063E-03
+46.26000E-06 -3.13567854449E+00 -902.11054310E-03
+46.27500E-06 -3.19839211558E+00 -291.85929340E-03
+46.29000E-06 +125.42714159E-03 +583.71858667E-03
+46.30500E-06 +3.26110568633E+00 +849.04521704E-03
+46.32000E-06 +2.82211069027E+00 +132.66331522E-03
+46.33500E-06 -689.84927963E-03 -742.91456487E-03
+46.35000E-06 -3.51195996995E+00 -822.51255403E-03
+46.36500E-06 -2.57125640680E+00 -53.06532613E-03
+46.38000E-06 +1.12884427587E+00 +742.91456489E-03
+46.39500E-06 +3.63738711173E+00 +742.91456493E-03
+46.41000E-06 +2.19497498140E+00 -106.13065209E-03
+46.42500E-06 -1.69326641391E+00 -875.57788005E-03
+46.44000E-06 -3.82552782446E+00 -716.38190192E-03
+46.45500E-06 -1.88140712688E+00 +185.72864118E-03
+46.47000E-06 +2.06954783931E+00 +875.57788007E-03
+46.48500E-06 +3.70010068273E+00 +583.71858676E-03
+46.50000E-06 +1.25427141810E+00 -371.45728239E-03
+46.51500E-06 -2.57125640646E+00 -955.17586915E-03
+46.53000E-06 -3.76281425352E+00 -530.65326071E-03
+46.54500E-06 -877.98999265E-03 +451.05527151E-03
+46.56000E-06 +2.94753783176E+00 +928.64320611E-03
+46.57500E-06 +3.51195997005E+00 +371.45728252E-03
+46.59000E-06 +250.85428377E-03 -583.71858669E-03
+46.60500E-06 -3.26110568633E+00 -981.70853222E-03
+46.62000E-06 -3.38653282831E+00 -318.39195643E-03
+46.63500E-06 +188.14071253E-03 +689.84923878E-03
+46.65000E-06 +3.44924639905E+00 +875.57788009E-03
+46.66500E-06 +3.01025140301E+00 +132.66331523E-03
+46.68000E-06 -815.27642140E-03 -795.97989093E-03
+46.69500E-06 -3.82552782441E+00 -902.11054312E-03
+46.71000E-06 -2.69668354859E+00 -53.06532611E-03
+46.72500E-06 +1.25427141765E+00 +849.04521697E-03
+46.74000E-06 +3.88824139535E+00 +795.97989102E-03
+46.75500E-06 +2.32040212314E+00 -132.66331510E-03
+46.77000E-06 -1.88140712653E+00 -955.17586915E-03
+46.78500E-06 -4.01366853719E+00 -769.44722798E-03
+46.80000E-06 -1.94412069783E+00 +238.79396721E-03
+46.81500E-06 +2.19497498115E+00 +955.17586917E-03
+46.83000E-06 +3.95095496630E+00 +636.78391280E-03
+46.84500E-06 +1.31698498895E+00 -424.52260845E-03
+46.86000E-06 -2.75939711913E+00 -1.06130652127E+00
+46.87500E-06 -3.95095496635E+00 -557.18592375E-03
+46.89000E-06 -815.27642186E-03 +477.58793454E-03
+46.90500E-06 +3.13567854454E+00 +1.00824119523E+00
+46.92000E-06 +3.76281425362E+00 +424.52260856E-03
+46.93500E-06 +188.14071294E-03 -663.31657577E-03
+46.95000E-06 -3.57467354074E+00 -1.06130652130E+00
+46.96500E-06 -3.57467354099E+00 -291.85929344E-03
+46.98000E-06 +313.56785421E-03 +716.38190185E-03
+46.99500E-06 +3.82552782431E+00 +981.70853222E-03
+47.01000E-06 +3.19839211569E+00 +159.19597822E-03
+47.02500E-06 -940.70356313E-03 -875.57788003E-03
+47.04000E-06 -4.13909567882E+00 -981.70853222E-03
+47.05500E-06 -2.94753783212E+00 -26.53266310E-03
+47.07000E-06 +1.44241213027E+00 +928.64320611E-03
+47.08500E-06 +4.20180924977E+00 +849.04521708E-03
+47.10000E-06 +2.38311569414E+00 -185.72864114E-03
+47.11500E-06 -2.00683426836E+00 -1.03477385826E+00
+47.13000E-06 -4.32723639155E+00 -822.51255407E-03
+47.14500E-06 -1.94412069794E+00 +238.79396725E-03
+47.16000E-06 +2.50854283545E+00 +1.06130652127E+00
+47.17500E-06 +4.20180924992E+00 +663.31657585E-03
+47.19000E-06 +1.31698498901E+00 -451.05527148E-03
+47.20500E-06 -2.94753783180E+00 -1.14090451039E+00
+47.22000E-06 -4.26452282076E+00 -610.25124979E-03
+47.23500E-06 -815.27642187E-03 +557.18592364E-03
+47.25000E-06 +3.32381925721E+00 +1.11437184736E+00
+47.26500E-06 +3.95095496635E+00 +424.52260861E-03
+47.28000E-06 +125.42714210E-03 -716.38190183E-03
+47.29500E-06 -3.82552782430E+00 -1.14090451039E+00
+47.31000E-06 -3.76281425373E+00 -318.39195646E-03
+47.32500E-06 +376.28142509E-03 +822.51255394E-03
+47.34000E-06 +4.07638210787E+00 +1.00824119530E+00
+47.35500E-06 +3.38653282832E+00 +132.66331523E-03
+47.37000E-06 -1.06613070491E+00 -955.17586912E-03
+47.38500E-06 -4.32723639155E+00 -1.03477385829E+00
+47.40000E-06 -3.01025140302E+00 -70E-12
+47.41500E-06 +1.56783927205E+00 +1.00824119521E+00
+47.43000E-06 +4.45266353334E+00 +928.64320616E-03
+47.44500E-06 +2.44582926509E+00 -185.72864116E-03
+47.46000E-06 -2.19497498103E+00 -1.14090451037E+00
+47.47500E-06 -4.51537710434E+00 -875.57788011E-03
+47.49000E-06 -2.00683426884E+00 +318.39195630E-03
+47.50500E-06 +2.69668354812E+00 +1.14090451037E+00
+47.52000E-06 +4.51537710423E+00 +742.91456493E-03
+47.53500E-06 +1.37969855991E+00 -504.12059755E-03
+47.55000E-06 -3.32381925705E+00 -1.22050249947E+00
+47.56500E-06 -4.51537710434E+00 -610.25124984E-03
+47.58000E-06 -815.27642193E-03 +583.71858669E-03
+47.59500E-06 +3.63738711157E+00 +1.19396983646E+00
+47.61000E-06 +4.13909567909E+00 +424.52260861E-03
+47.62500E-06 +125.42714206E-03 -822.51255396E-03
+47.64000E-06 -4.07638210792E+00 -1.22050249947E+00
+47.65500E-06 -3.95095496641E+00 -344.92461947E-03
+47.67000E-06 +438.99499598E-03 +875.57788002E-03
+47.68500E-06 +4.26452282060E+00 +1.11437184738E+00
+47.70000E-06 +3.51195997016E+00 +132.66331523E-03
+47.71500E-06 -1.19155784664E+00 -1.03477385822E+00
+47.73000E-06 -4.57809067507E+00 -1.11437184738E+00
+47.74500E-06 -3.13567854480E+00 -70E-12
+47.76000E-06 +1.75597998467E+00 +1.11437184734E+00
+47.77500E-06 +4.64080424601E+00 +981.70853225E-03
+47.79000E-06 +2.57125640683E+00 -212.26130417E-03
+47.80500E-06 -2.38311569365E+00 -1.22050249947E+00
+47.82000E-06 -4.76623138785E+00 -928.64320618E-03
+47.83500E-06 -2.00683426890E+00 +371.45728236E-03
+47.85000E-06 +2.88482426079E+00 +1.22050249947E+00
+47.86500E-06 +4.64080424618E+00 +742.91456500E-03
+47.88000E-06 +1.31698498908E+00 -557.18592359E-03
+47.89500E-06 -3.44924639888E+00 -1.30010048859E+00
+47.91000E-06 -4.64080424612E+00 -636.78391287E-03
+47.92500E-06 -815.27642188E-03 +689.84923875E-03
+47.94000E-06 +3.76281425340E+00 +1.24703516255E+00
+47.95500E-06 +4.32723639172E+00 +451.05527162E-03
+47.97000E-06 +330E-12 -849.04521701E-03
+47.98500E-06 -4.26452282060E+00 -1.30010048856E+00
+48.00000E-06 -4.07638210826E+00 -344.92461949E-03
+48.01500E-06 +501.70856686E-03 +955.17586912E-03
+48.03000E-06 +4.51537710417E+00 +1.19396983646E+00
+48.04500E-06 +3.63738711201E+00 +132.66331521E-03
+48.06000E-06 -1.31698498836E+00 -1.14090451032E+00
+48.07500E-06 -4.82894495863E+00 -1.16743717345E+00
+48.09000E-06 -3.19839211576E+00 +26.53266294E-03
+48.10500E-06 +1.81869355561E+00 +1.16743717340E+00
+48.12000E-06 +4.89165852953E+00 +1.00824119530E+00
+48.13500E-06 +2.63396997772E+00 -238.79396722E-03
+48.15000E-06 -2.57125640632E+00 -1.27356782553E+00
+48.16500E-06 -4.95437210065E+00 -955.17586924E-03
+48.18000E-06 -2.06954783980E+00 +397.98994541E-03
+48.19500E-06 +3.07296497346E+00 +1.30010048856E+00
+48.21000E-06 +4.89165852964E+00 +795.97989102E-03
+48.22500E-06 +1.31698498909E+00 -610.25124965E-03
+48.24000E-06 -3.63738711156E+00 -1.37969847769E+00
+48.25500E-06 -4.82894495880E+00 -663.31657588E-03
+48.27000E-06 -752.56285106E-03 +742.91456484E-03
+48.28500E-06 +4.01366853691E+00 +1.32663315160E+00
+48.30000E-06 +4.51537710434E+00 +451.05527162E-03
+48.31500E-06 +290E-12 -902.11054308E-03
+48.33000E-06 -4.51537710405E+00 -1.35316581465E+00
+48.34500E-06 -4.20180924999E+00 -318.39195649E-03
+48.36000E-06 +627.13570853E-03 +1.03477385822E+00
+48.37500E-06 +4.64080424601E+00 +1.24703516257E+00
+48.39000E-06 +3.76281425374E+00 +106.13065223E-03
+48.40500E-06 -1.37969855930E+00 -1.19396983641E+00
+48.42000E-06 -5.01708567131E+00 -1.22050249954E+00
+48.43500E-06 -3.32381925749E+00 +53.06532599E-03
+48.45000E-06 +2.00683426822E+00 +1.24703516247E+00
+48.46500E-06 +5.14251281310E+00 +1.06130652137E+00
+48.48000E-06 +2.63396997773E+00 -291.85929326E-03
+48.49500E-06 -2.75939711894E+00 -1.37969847764E+00
+48.51000E-06 -5.14251281321E+00 -981.70853227E-03
+48.52500E-06 -2.06954783981E+00 +451.05527143E-03
+48.54000E-06 +3.19839211524E+00 +1.35316581465E+00
+48.55500E-06 +5.01708567148E+00 +795.97989105E-03
+48.57000E-06 +1.31698498910E+00 -663.31657571E-03
+48.58500E-06 -3.76281425339E+00 -1.43276380375E+00
+48.60000E-06 -4.95437210065E+00 -663.31657591E-03
+48.61500E-06 -689.84928017E-03 +769.44722787E-03
+48.63000E-06 +4.20180924958E+00 +1.40623114072E+00
+48.64500E-06 +4.57809067529E+00 +451.05527163E-03
+48.66000E-06 -62.71357054E-03 -1.00824119516E+00
+48.67500E-06 -4.64080424589E+00 -1.40623114074E+00
+48.69000E-06 -4.32723639172E+00 -291.85929348E-03
+48.70500E-06 +689.84927953E-03 +1.11437184729E+00
+48.72000E-06 +4.89165852940E+00 +1.30010048864E+00
+48.73500E-06 +3.70010068297E+00 +79.59798922E-03
+48.75000E-06 -1.50512570107E+00 -1.27356782548E+00
+48.76500E-06 -5.14251281315E+00 -1.24703516260E+00
+48.78000E-06 -3.32381925761E+00 +53.06532599E-03
+48.79500E-06 +2.06954783917E+00 +1.32663315157E+00
+48.81000E-06 +5.14251281321E+00 +1.11437184739E+00
+48.82500E-06 +2.63396997779E+00 -318.39195626E-03
+48.84000E-06 -2.82211068988E+00 -1.43276380370E+00
+48.85500E-06 -5.26793995500E+00 -1.00824119531E+00
+48.87000E-06 -2.00683426893E+00 +477.58793451E-03
+48.88500E-06 +3.32381925702E+00 +1.45929646673E+00
+48.90000E-06 +5.07979924244E+00 +795.97989110E-03
+48.91500E-06 +1.31698498905E+00 -716.38190177E-03
+48.93000E-06 -3.95095496601E+00 -1.51236179282E+00
+48.94500E-06 -5.01708567154E+00 -716.38190195E-03
+48.96000E-06 -627.13570935E-03 +875.57787997E-03
+48.97500E-06 +4.32723639136E+00 +1.45929646678E+00
+48.99000E-06 +4.64080424625E+00 +451.05527165E-03
+49.00500E-06 -125.42714149E-03 -1.06130652125E+00
+49.02000E-06 -4.76623138767E+00 -1.48582912982E+00
+49.03500E-06 -4.32723639184E+00 -291.85929348E-03
+49.05000E-06 +815.27642125E-03 +1.16743717335E+00
+49.06500E-06 +5.01708567130E+00 +1.37969847771E+00
+49.08000E-06 +3.76281425381E+00 +53.06532617E-03
+49.09500E-06 -1.63055284285E+00 -1.32663315154E+00
+49.11000E-06 -5.26793995494E+00 -1.30010048864E+00
+49.12500E-06 -3.32381925762E+00 +132.66331503E-03
+49.14000E-06 +2.13226141005E+00 +1.35316581463E+00
+49.15500E-06 +5.26793995500E+00 +1.14090451044E+00
+49.17000E-06 +2.63396997780E+00 -371.45728235E-03
+49.18500E-06 -2.94753783166E+00 -1.51236179282E+00
+49.20000E-06 -5.39336709678E+00 -1.00824119533E+00
+49.21500E-06 -2.06954783977E+00 +530.65326055E-03
+49.23000E-06 +3.51195996963E+00 +1.51236179282E+00
+49.24500E-06 +5.20522638410E+00 +849.04521709E-03
+49.26000E-06 +1.25427141822E+00 -769.44722784E-03
+49.27500E-06 -4.07638210779E+00 -1.56542711891E+00
+49.29000E-06 -5.07979924244E+00 -716.38190198E-03
+49.30500E-06 -564.42213840E-03 +928.64320606E-03
+49.32000E-06 +4.45266353308E+00 +1.51236179287E+00
+49.33500E-06 +4.64080424631E+00 +477.58793466E-03
+49.35000E-06 -188.14071231E-03 -1.14090451029E+00
+49.36500E-06 -4.89165852939E+00 -1.48582912989E+00
+49.38000E-06 -4.32723639179E+00 -291.85929346E-03
+49.39500E-06 +940.70356302E-03 +1.24703516242E+00
+49.41000E-06 +5.07979924219E+00 +1.37969847774E+00
+49.42500E-06 +3.76281425382E+00 +130E-12
+49.44000E-06 -1.69326641373E+00 -1.37969847761E+00
+49.45500E-06 -5.39336709672E+00 -1.32663315167E+00
+49.47000E-06 -3.26110568680E+00 +106.13065205E-03
+49.48500E-06 +2.32040212266E+00 +1.43276380370E+00
+49.50000E-06 +5.33065352595E+00 +1.14090451047E+00
+49.51500E-06 +2.57125640698E+00 -397.98994538E-03
+49.53000E-06 -3.07296497344E+00 -1.56542711886E+00
+49.54500E-06 -5.45608066767E+00 -1.03477385837E+00
+49.56000E-06 -1.94412069811E+00 +557.18592358E-03
+49.57500E-06 +3.51195996975E+00 +1.53889445591E+00
+49.59000E-06 +5.20522638423E+00 +822.51255411E-03
+49.60500E-06 +1.19155784734E+00 -822.51255393E-03
+49.62000E-06 -4.20180924957E+00 -1.61849244495E+00
+49.63500E-06 -5.07979924244E+00 -663.31657594E-03
+49.65000E-06 -501.70856752E-03 +955.17586906E-03
+49.66500E-06 +4.51537710403E+00 +1.56542711891E+00
+49.68000E-06 +4.70351781709E+00 +451.05527163E-03
+49.69500E-06 -313.56785409E-03 -1.14090451031E+00
+49.71000E-06 -4.95437210041E+00 -1.51236179290E+00
+49.72500E-06 -4.32723639186E+00 -265.32663048E-03
+49.74000E-06 +1.00341713384E+00 +1.22050249946E+00
+49.75500E-06 +5.20522638391E+00 +1.40623114077E+00
+49.77000E-06 +3.70010068299E+00 +26.53266314E-03
+49.78500E-06 -1.81869355551E+00 -1.43276380367E+00
+49.80000E-06 -5.39336709672E+00 -1.35316581468E+00
+49.81500E-06 -3.26110568674E+00 +185.72864109E-03
+49.83000E-06 +2.44582926444E+00 +1.48582912976E+00
+49.84500E-06 +5.33065352589E+00 +1.16743717348E+00
+49.86000E-06 +2.63396997775E+00 -424.52260841E-03
+49.87500E-06 -3.13567854432E+00 -1.61849244492E+00
+49.89000E-06 -5.45608066774E+00 -1.06130652138E+00
+49.90500E-06 -1.94412069806E+00 +583.71858663E-03
+49.92000E-06 +3.57467354064E+00 +1.59195978194E+00
+49.93500E-06 +5.20522638423E+00 +822.51255409E-03
+49.95000E-06 +1.12884427645E+00 -849.04521696E-03
+49.96500E-06 -4.20180924956E+00 -1.67155777101E+00
+49.98000E-06 -5.07979924238E+00 -689.84923892E-03
+49.99500E-06 -376.28142581E-03 +981.70853212E-03
+50.01000E-06 +4.57809067492E+00 +1.56542711894E+00
+50.02500E-06 +4.64080424632E+00 +397.98994562E-03
+50.04000E-06 -376.28142497E-03 -1.19396983638E+00
+50.05500E-06 -5.01708567123E+00 -1.53889445591E+00
+50.07000E-06 -4.26452282097E+00 -238.79396740E-03
+50.08500E-06 +1.00341713390E+00 +1.32663315148E+00
+50.10000E-06 +5.20522638397E+00 +1.37969847777E+00
+50.11500E-06 +3.70010068300E+00 -26.53266290E-03
+50.13000E-06 -1.88140712640E+00 -1.45929646673E+00
+50.14500E-06 -5.39336709672E+00 -1.35316581468E+00
+50.16000E-06 -3.19839211586E+00 +185.72864112E-03
+50.17500E-06 +2.38311569367E+00 +1.53889445583E+00
+50.19000E-06 +5.39336709685E+00 +1.16743717351E+00
+50.20500E-06 +2.44582926521E+00 -477.58793450E-03
+50.22000E-06 -3.13567854432E+00 -1.64502510798E+00
+50.23500E-06 -5.45608066767E+00 -1.03477385835E+00
+50.25000E-06 -1.81869355628E+00 +636.78391264E-03
+50.26500E-06 +3.70010068235E+00 +1.61849244498E+00
+50.28000E-06 +5.20522638410E+00 +822.51255409E-03
+50.29500E-06 +1.06613070550E+00 -875.57787996E-03
+50.31000E-06 -4.26452282038E+00 -1.64502510801E+00
+50.32500E-06 -5.01708567162E+00 -663.31657595E-03
+50.34000E-06 -376.28142575E-03 +981.70853217E-03
+50.35500E-06 +4.57809067498E+00 +1.59195978194E+00
+50.37000E-06 +4.57809067544E+00 +397.98994560E-03
+50.38500E-06 -438.99499586E-03 -1.24703516244E+00
+50.40000E-06 -5.01708567129E+00 -1.53889445596E+00
+50.41500E-06 -4.20180925008E+00 -238.79396738E-03
+50.43000E-06 +1.06613070485E+00 +1.35316581457E+00
+50.44500E-06 +5.14251281308E+00 +1.43276380378E+00
+50.46000E-06 +3.63738711211E+00 -79.59798893E-03
+50.47500E-06 -1.94412069728E+00 -1.48582912976E+00
+50.49000E-06 -5.39336709672E+00 -1.35316581471E+00
+50.50500E-06 -3.07296497408E+00 +238.79396718E-03
+50.52000E-06 +2.50854283525E+00 +1.53889445582E+00
+50.53500E-06 +5.26793995506E+00 +1.16743717351E+00
+50.55000E-06 +2.38311569426E+00 -504.12059748E-03
+50.56500E-06 -3.19839211520E+00 -1.64502510801E+00
+50.58000E-06 -5.39336709678E+00 -1.08783918439E+00
+50.59500E-06 -1.75597998540E+00 +689.84923870E-03
+50.61000E-06 +3.63738711152E+00 +1.61849244498E+00
+50.62500E-06 +5.07979924252E+00 +795.97989106E-03
+50.64000E-06 +940.70356379E-03 -928.64320599E-03
+50.65500E-06 -4.26452282038E+00 -1.67155777107E+00
+50.67000E-06 -4.95437210060E+00 -610.25124989E-03
+50.68500E-06 -250.85428397E-03 +1.03477385818E+00
+50.70000E-06 +4.57809067491E+00 +1.56542711897E+00
+50.71500E-06 +4.51537710448E+00 +371.45728260E-03
+50.73000E-06 -501.70856674E-03 -1.27356782547E+00
+50.74500E-06 -4.95437210040E+00 -1.56542711894E+00
+50.76000E-06 -4.13909567919E+00 -185.72864137E-03
+50.77500E-06 +1.12884427573E+00 +1.35316581457E+00
+50.79000E-06 +5.14251281308E+00 +1.40623114077E+00
+50.80500E-06 +3.51195997020E+00 -79.59798898E-03
+50.82000E-06 -1.94412069727E+00 -1.53889445579E+00
+50.83500E-06 -5.33065352582E+00 -1.32663315171E+00
+50.85000E-06 -2.94753783230E+00 +265.32663018E-03
+50.86500E-06 +2.50854283537E+00 +1.53889445582E+00
+50.88000E-06 +5.26793995493E+00 +1.14090451048E+00
+50.89500E-06 +2.19497498172E+00 -504.12059753E-03
+50.91000E-06 -3.19839211526E+00 -1.64502510798E+00
+50.92500E-06 -5.26793995506E+00 -1.00824119532E+00
+50.94000E-06 -1.63055284362E+00 +689.84923873E-03
+50.95500E-06 +3.70010068234E+00 +1.61849244498E+00
+50.97000E-06 +4.95437210060E+00 +769.44722806E-03
+50.98500E-06 +815.27642208E-03 -928.64320605E-03
+51.00000E-06 -4.20180924955E+00 -1.67155777104E+00
+51.01500E-06 -4.82894495888E+00 -610.25124986E-03
+51.03000E-06 -188.14071309E-03 +1.08783918421E+00
+51.04500E-06 +4.51537710408E+00 +1.56542711891E+00
+51.06000E-06 +4.32723639174E+00 +344.92461954E-03
+51.07500E-06 -627.13570845E-03 -1.27356782547E+00
+51.09000E-06 -4.89165852943E+00 -1.56542711897E+00
+51.10500E-06 -4.01366853741E+00 -159.19597834E-03
+51.12000E-06 +1.19155784655E+00 +1.37969847760E+00
+51.13500E-06 +4.95437210053E+00 +1.40623114078E+00
+51.15000E-06 +3.32381925766E+00 -106.13065198E-03
+51.16500E-06 -1.94412069726E+00 -1.51236179282E+00
+51.18000E-06 -5.20522638403E+00 -1.30010048868E+00
+51.19500E-06 -2.82211069052E+00 +291.85929321E-03
+51.21000E-06 +2.50854283537E+00 +1.56542711885E+00
+51.22500E-06 +5.14251281314E+00 +1.11437184748E+00
+51.24000E-06 +2.13226141070E+00 -530.65326053E-03
+51.25500E-06 -3.19839211519E+00 -1.64502510798E+00
+51.27000E-06 -5.07979924239E+00 -981.70853229E-03
+51.28500E-06 -1.56783927267E+00 +716.38190173E-03
+51.30000E-06 +3.63738711144E+00 +1.59195978197E+00
+51.31500E-06 +4.82894495882E+00 +742.91456503E-03
+51.33000E-06 +752.56285113E-03 -955.17586905E-03
+51.34500E-06 -4.13909567865E+00 -1.64502510801E+00
+51.36000E-06 -4.64080424621E+00 -583.71858683E-03
+51.37500E-06 -188.14071303E-03 +1.08783918421E+00
+51.39000E-06 +4.45266353311E+00 +1.56542711891E+00
+51.40500E-06 +4.20180925003E+00 +318.39195648E-03
+51.42000E-06 -627.13570858E-03 -1.30010048850E+00
+51.43500E-06 -4.76623138764E+00 -1.51236179291E+00
+51.45000E-06 -3.82552782467E+00 -132.66331531E-03
+51.46500E-06 +1.25427141743E+00 +1.35316581459E+00
+51.48000E-06 +4.89165852950E+00 +1.35316581474E+00
+51.49500E-06 +3.19839211588E+00 -106.13065201E-03
+51.51000E-06 -1.94412069726E+00 -1.48582912979E+00
+51.52500E-06 -5.01708567142E+00 -1.27356782565E+00
+51.54000E-06 -2.75939711957E+00 +291.85929324E-03
+51.55500E-06 +2.50854283529E+00 +1.53889445582E+00
+51.57000E-06 +4.89165852964E+00 +1.08783918439E+00
+51.58500E-06 +2.00683426892E+00 -583.71858653E-03
+51.60000E-06 -3.13567854436E+00 -1.61849244498E+00
+51.61500E-06 -4.95437210053E+00 -928.64320625E-03
+51.63000E-06 -1.37969856007E+00 +689.84923875E-03
+51.64500E-06 +3.51195996971E+00 +1.59195978191E+00
+51.66000E-06 +4.57809067532E+00 +716.38190197E-03
+51.67500E-06 +627.13570935E-03 -928.64320604E-03
+51.69000E-06 -4.01366853686E+00 -1.59195978200E+00
+51.70500E-06 -4.45266353360E+00 -557.18592380E-03
+51.72000E-06 -62.71357132E-03 +1.08783918424E+00
+51.73500E-06 +4.26452282057E+00 +1.53889445591E+00
+51.75000E-06 +3.95095496646E+00 +265.32663051E-03
+51.76500E-06 -752.56285021E-03 -1.27356782550E+00
+51.78000E-06 -4.64080424593E+00 -1.51236179285E+00
+51.79500E-06 -3.63738711207E+00 -79.59798928E-03
+51.81000E-06 +1.25427141750E+00 +1.35316581456E+00
+51.82500E-06 +4.76623138764E+00 +1.30010048868E+00
+51.84000E-06 +3.01025140314E+00 -159.19597804E-03
+51.85500E-06 -1.94412069725E+00 -1.48582912975E+00
+51.87000E-06 -4.89165852957E+00 -1.22050249958E+00
+51.88500E-06 -2.57125640689E+00 +344.92461927E-03
+51.90000E-06 +2.44582926446E+00 +1.48582912982E+00
+51.91500E-06 +4.76623138785E+00 +1.03477385836E+00
+51.93000E-06 +1.81869355632E+00 -583.71858659E-03
+51.94500E-06 -3.13567854421E+00 -1.61849244492E+00
+51.96000E-06 -4.76623138793E+00 -875.57788022E-03
+51.97500E-06 -1.31698498911E+00 +716.38190178E-03
+51.99000E-06 +3.44924639874E+00 +1.56542711891E+00
+52.00500E-06 +4.45266353353E+00 +663.31657590E-03
+52.02000E-06 +564.42213840E-03 -981.70853208E-03
+52.03500E-06 -3.95095496596E+00 -1.59195978194E+00
+52.05000E-06 -4.20180925004E+00 -530.65326077E-03
+52.06500E-06 +62.71357046E-03 +1.08783918421E+00
+52.08000E-06 +4.20180924945E+00 +1.48582912985E+00
+52.09500E-06 +3.76281425379E+00 +265.32663045E-03
+52.11000E-06 -752.56285028E-03 -1.27356782546E+00
+52.12500E-06 -4.45266353324E+00 -1.45929646681E+00
+52.14000E-06 -3.44924639940E+00 -79.59798922E-03
+52.15500E-06 +1.25427141749E+00 +1.32663315153E+00
+52.17000E-06 +4.51537710421E+00 +1.27356782562E+00
+52.18500E-06 +2.82211069047E+00 -159.19597807E-03
+52.20000E-06 -1.88140712649E+00 -1.45929646672E+00
+52.21500E-06 -4.70351781681E+00 -1.16743717349E+00
+52.23000E-06 -2.38311569429E+00 +344.92461927E-03
+52.24500E-06 +2.38311569363E+00 +1.48582912975E+00
+52.26000E-06 +4.51537710421E+00 +981.70853232E-03
+52.27500E-06 +1.69326641447E+00 -583.71858662E-03
+52.29000E-06 -2.94753783159E+00 -1.56542711891E+00
+52.30500E-06 -4.45266353346E+00 -875.57788016E-03
+52.32000E-06 -1.19155784733E+00 +742.91456478E-03
+52.33500E-06 +3.32381925702E+00 +1.51236179285E+00
+52.35000E-06 +4.20180924989E+00 +610.25124987E-03
+52.36500E-06 +438.99499669E-03 -928.64320604E-03
+52.38000E-06 -3.76281425335E+00 -1.53889445588E+00
+52.39500E-06 -3.95095496647E+00 -451.05527171E-03
+52.41000E-06 +62.71357045E-03 +1.06130652120E+00
+52.42500E-06 +3.95095496610E+00 +1.40623114075E+00
+52.44000E-06 +3.51195997029E+00 +212.26130438E-03
+52.45500E-06 -752.56285034E-03 -1.24703516243E+00
+52.47000E-06 -4.20180924974E+00 -1.37969847772E+00
+52.48500E-06 -3.19839211583E+00 -53.06532622E-03
+52.50000E-06 +1.25427141748E+00 +1.27356782552E+00
+52.51500E-06 +4.26452282064E+00 +1.22050249955E+00
+52.53000E-06 +2.63396997787E+00 -212.26130410E-03
+52.54500E-06 -1.88140712649E+00 -1.43276380369E+00
+52.56000E-06 -4.45266353339E+00 -1.14090451046E+00
+52.57500E-06 -2.25768855244E+00 +344.92461926E-03
+52.59000E-06 +2.32040212266E+00 +1.43276380372E+00
+52.60500E-06 +4.26452282079E+00 +955.17586920E-03
+52.62000E-06 +1.56783927262E+00 -610.25124959E-03
+52.63500E-06 -2.82211068995E+00 -1.48582912978E+00
+52.65000E-06 -4.26452282064E+00 -795.97989110E-03
+52.66500E-06 -1.06613070555E+00 +716.38190178E-03
+52.68000E-06 +3.19839211516E+00 +1.45929646678E+00
+52.69500E-06 +3.88824139550E+00 +557.18592384E-03
+52.71000E-06 +313.56785492E-03 -928.64320604E-03
+52.72500E-06 -3.57467354066E+00 -1.45929646681E+00
+52.74000E-06 -3.76281425372E+00 -451.05527165E-03
+52.75500E-06 +62.71357052E-03 +1.06130652117E+00
+52.77000E-06 +3.70010068260E+00 +1.35316581472E+00
+52.78500E-06 +3.32381925755E+00 +185.72864132E-03
+52.80000E-06 -752.56285041E-03 -1.19396983639E+00
+52.81500E-06 -4.01366853706E+00 -1.32663315165E+00
+52.83000E-06 -2.94753783219E+00 -53.06532616E-03
+52.84500E-06 +1.25427141748E+00 +1.27356782546E+00
+52.86000E-06 +4.07638210796E+00 +1.14090451049E+00
+52.87500E-06 +2.38311569431E+00 -238.79396713E-03
+52.89000E-06 -1.81869355559E+00 -1.37969847762E+00
+52.90500E-06 -4.13909567893E+00 -1.06130652139E+00
+52.92000E-06 -2.00683426895E+00 +371.45728229E-03
+52.93500E-06 +2.19497498094E+00 +1.37969847762E+00
+52.95000E-06 +4.01366853714E+00 +875.57788017E-03
+52.96500E-06 +1.37969856002E+00 -583.71858665E-03
+52.98000E-06 -2.69668354816E+00 -1.48582912975E+00
+52.99500E-06 -3.95095496632E+00 -769.44722804E-03
+53.01000E-06 -940.70356378E-03 +742.91456478E-03
+53.02500E-06 +2.94753783173E+00 +1.37969847772E+00
+53.04000E-06 +3.63738711194E+00 +530.65326078E-03
+53.05500E-06 +250.85428395E-03 -902.11054300E-03
+53.07000E-06 -3.38653282798E+00 -1.40623114072E+00
+53.08500E-06 -3.44924639934E+00 -371.45728262E-03
+53.10000E-06 +125.42714155E-03 +981.70853213E-03
+53.11500E-06 +3.51195996984E+00 +1.30010048862E+00
+53.13000E-06 +3.07296497390E+00 +159.19597829E-03
+53.14500E-06 -752.56285033E-03 -1.16743717336E+00
+53.16000E-06 -3.82552782431E+00 -1.24703516256E+00
+53.17500E-06 -2.82211069025E+00 -100E-12
+53.19000E-06 +1.19155784665E+00 +1.22050249943E+00
+53.20500E-06 +3.76281425349E+00 +1.11437184736E+00
+53.22000E-06 +2.25768855237E+00 -238.79396713E-03
+53.23500E-06 -1.75597998469E+00 -1.32663315155E+00
+53.25000E-06 -3.88824139528E+00 -1.00824119530E+00
+53.26500E-06 -1.88140712702E+00 +344.92461932E-03
+53.28000E-06 +2.13226141005E+00 +1.30010048859E+00
+53.29500E-06 +3.76281425357E+00 +795.97989107E-03
+53.31000E-06 +1.25427141825E+00 -583.71858661E-03
+53.32500E-06 -2.57125640629E+00 -1.35316581469E+00
+53.34000E-06 -3.63738711186E+00 -716.38190194E-03
+53.35500E-06 -815.27642192E-03 +716.38190174E-03
+53.37000E-06 +2.82211068994E+00 +1.32663315162E+00
+53.38500E-06 +3.38653282837E+00 +477.58793472E-03
+53.40000E-06 +188.14071307E-03 -875.57788000E-03
+53.41500E-06 -3.19839211530E+00 -1.30010048865E+00
+53.43000E-06 -3.26110568650E+00 -318.39195652E-03
+53.44500E-06 +188.14071237E-03 +955.17586907E-03
+53.46000E-06 +3.26110568635E+00 +1.19396983652E+00
+53.47500E-06 +2.75939711960E+00 +132.66331529E-03
+53.49000E-06 -752.56285040E-03 -1.11437184729E+00
+53.50500E-06 -3.51195996992E+00 -1.16743717346E+00
+53.52000E-06 -2.50854283595E+00 +26.53266290E-03
+53.53500E-06 +1.12884427583E+00 +1.14090451036E+00
+53.55000E-06 +3.51195996992E+00 +1.03477385830E+00
+53.56500E-06 +2.00683426881E+00 -238.79396719E-03
+53.58000E-06 -1.63055284298E+00 -1.30010048852E+00
+53.59500E-06 -3.57467354097E+00 -955.17586923E-03
+53.61000E-06 -1.63055284353E+00 +371.45728232E-03
+53.62500E-06 +2.00683426825E+00 +1.22050249949E+00
+53.64000E-06 +3.44924639910E+00 +742.91456501E-03
+53.65500E-06 +1.06613070549E+00 -583.71858661E-03
+53.67000E-06 -2.44582926458E+00 -1.30010048859E+00
+53.68500E-06 -3.38653282829E+00 -636.78391291E-03
+53.70000E-06 -752.56285103E-03 +636.78391271E-03
+53.71500E-06 +2.63396997726E+00 +1.24703516252E+00
+53.73000E-06 +3.07296497383E+00 +424.52260862E-03
+53.74500E-06 +188.14071292E-03 -875.57787997E-03
+53.76000E-06 -3.01025140262E+00 -1.22050249956E+00
+53.77500E-06 -3.01025140285E+00 -291.85929349E-03
+53.79000E-06 +250.85428325E-03 +928.64320603E-03
+53.80500E-06 +3.07296497367E+00 +1.11437184740E+00
+53.82000E-06 +2.57125640676E+00 +53.06532623E-03
+53.83500E-06 -752.56285039E-03 -1.06130652123E+00
+53.85000E-06 -3.26110568627E+00 -1.08783918440E+00
+53.86500E-06 -2.25768855238E+00 +26.53266296E-03
+53.88000E-06 +1.12884427575E+00 +1.08783918430E+00
+53.89500E-06 +3.19839211561E+00 +928.64320620E-03
+53.91000E-06 +1.81869355621E+00 -238.79396719E-03
+53.92500E-06 -1.56783927208E+00 -1.19396983642E+00
+53.94000E-06 -3.32381925724E+00 -875.57788014E-03
+53.95500E-06 -1.44241213078E+00 +344.92461935E-03
+53.97000E-06 +1.81869355573E+00 +1.14090451039E+00
+53.98500E-06 +3.13567854472E+00 +663.31657595E-03
+54.00000E-06 +940.70356363E-03 -557.18592358E-03
+54.01500E-06 -2.32040212271E+00 -1.22050249949E+00
+54.03000E-06 -3.13567854464E+00 -583.71858682E-03
+54.04500E-06 -627.13570925E-03 +663.31657567E-03
+54.06000E-06 +2.44582926466E+00 +1.11437184743E+00
+54.07500E-06 +2.82211069026E+00 +397.98994555E-03
+54.09000E-06 +125.42714211E-03 -822.51255394E-03
+54.10500E-06 -2.75939711912E+00 -1.16743717343E+00
+54.12000E-06 -2.63396997774E+00 -265.32663043E-03
+54.13500E-06 +188.14071243E-03 +875.57787997E-03
+54.15000E-06 +2.82211069010E+00 +1.06130652130E+00
+54.16500E-06 +2.32040212328E+00 +79.59798917E-03
+54.18000E-06 -752.56285039E-03 -1.00824119516E+00
+54.19500E-06 -3.01025140277E+00 -1.00824119527E+00
+54.21000E-06 -2.06954783963E+00 +53.06532596E-03
+54.22500E-06 +1.00341713404E+00 +1.00824119523E+00
+54.24000E-06 +3.01025140269E+00 +875.57788007E-03
+54.25500E-06 +1.63055284346E+00 -238.79396719E-03
+54.27000E-06 -1.50512570110E+00 -1.11437184733E+00
+54.28500E-06 -3.01025140285E+00 -769.44722804E-03
+54.30000E-06 -1.31698498899E+00 +344.92461932E-03
+54.31500E-06 +1.75597998467E+00 +1.11437184729E+00
+54.33000E-06 +2.82211069026E+00 +610.25124981E-03
+54.34500E-06 +877.98999275E-03 -530.65326054E-03
+54.36000E-06 -2.13226141011E+00 -1.11437184740E+00
+54.37500E-06 -2.82211069026E+00 -530.65326075E-03
+54.39000E-06 -564.42213828E-03 +610.25124968E-03
+54.40500E-06 +2.25768855198E+00 +1.06130652126E+00
+54.42000E-06 +2.57125640669E+00 +318.39195653E-03
+54.43500E-06 +62.71357122E-03 -769.44722784E-03
+54.45000E-06 -2.50854283555E+00 -1.03477385830E+00
+54.46500E-06 -2.38311569409E+00 -238.79396736E-03
+54.48000E-06 +250.85428324E-03 +849.04521693E-03
+54.49500E-06 +2.50854283563E+00 +955.17586924E-03
+54.51000E-06 +2.06954783971E+00 +26.53266314E-03
+54.52500E-06 -689.84927957E-03 -928.64320610E-03
+54.54000E-06 -2.75939711920E+00 -955.17586917E-03
+54.55500E-06 -1.88140712695E+00 +79.59798896E-03
+54.57000E-06 +940.70356314E-03 +955.17586913E-03
+54.58500E-06 +2.63396997750E+00 +769.44722805E-03
+54.60000E-06 +1.50512570159E+00 -238.79396719E-03
+54.61500E-06 -1.44241213020E+00 -1.03477385823E+00
+54.63000E-06 -2.75939711928E+00 -716.38190195E-03
+54.64500E-06 -1.19155784713E+00 +318.39195628E-03
+54.66000E-06 +1.56783927215E+00 +981.70853223E-03
+54.67500E-06 +2.63396997750E+00 +557.18592375E-03
+54.69000E-06 +689.84928007E-03 -530.65326054E-03
+54.70500E-06 -1.88140712670E+00 -1.03477385826E+00
+54.72000E-06 -2.50854283588E+00 -477.58793465E-03
+54.73500E-06 -438.99499650E-03 +557.18592361E-03
+54.75000E-06 +2.06954783930E+00 +955.17586920E-03
+54.76500E-06 +2.32040212303E+00 +291.85929339E-03
+54.78000E-06 +250E-12 -742.91456480E-03
+54.79500E-06 -2.32040212287E+00 -955.17586920E-03
+54.81000E-06 -2.19497498133E+00 -185.72864137E-03
+54.82500E-06 +250.85428340E-03 +742.91456487E-03
+54.84000E-06 +2.38311569376E+00 +875.57788007E-03
+54.85500E-06 +1.81869355606E+00 +26.53266314E-03
+54.87000E-06 -689.84927957E-03 -875.57788000E-03
+54.88500E-06 -2.44582926482E+00 -849.04521711E-03
+54.90000E-06 -1.63055284347E+00 +26.53266300E-03
+54.91500E-06 +877.98999225E-03 +902.11054303E-03
+54.93000E-06 +2.38311569393E+00 +716.38190188E-03
+54.94500E-06 +1.19155784722E+00 -238.79396718E-03
+54.96000E-06 -1.25427141777E+00 -955.17586913E-03
+54.97500E-06 -2.50854283571E+00 -636.78391289E-03
+54.99000E-06 -1.00341713454E+00 +344.92461931E-03
+55.00500E-06 +1.44241213036E+00 +902.11054310E-03
+55.02000E-06 +2.32040212312E+00 +451.05527166E-03
+55.03500E-06 +627.13570918E-03 -477.58793451E-03
+55.05000E-06 -1.75597998483E+00 -955.17586917E-03
+55.06500E-06 -2.32040212312E+00 -424.52260855E-03
+55.08000E-06 -376.28142561E-03 +530.65326058E-03
+55.09500E-06 +1.81869355581E+00 +875.57788007E-03
+55.11000E-06 +2.00683426874E+00 +265.32663036E-03
+55.12500E-06 +170E-12 -663.31657581E-03
+55.14000E-06 -2.06954783938E+00 -902.11054310E-03
+55.15500E-06 -1.94412069785E+00 -185.72864130E-03
+55.17000E-06 +250.85428340E-03 +689.84923881E-03
+55.18500E-06 +2.13226141036E+00 +769.44722801E-03
+55.20000E-06 +1.63055284330E+00 +70E-12
+55.21500E-06 -627.13570876E-03 -795.97989094E-03
+55.23000E-06 -2.25768855206E+00 -742.91456494E-03
+55.24500E-06 -1.44241213071E+00 +79.59798899E-03
+55.26000E-06 +815.27642143E-03 +795.97989097E-03
+55.27500E-06 +2.19497498116E+00 +636.78391285E-03
+55.29000E-06 +1.06613070535E+00 -238.79396722E-03
+55.30500E-06 -1.12884427590E+00 -875.57788003E-03
+55.32000E-06 -2.19497498133E+00 -583.71858679E-03
+55.33500E-06 -940.70356356E-03 +318.39195628E-03
+55.35000E-06 +1.31698498849E+00 +822.51255400E-03
+55.36500E-06 +2.06954783946E+00 +451.05527155E-03
+55.38000E-06 +501.70856731E-03 -451.05527148E-03
+55.39500E-06 -1.56783927215E+00 -875.57788003E-03
+55.41000E-06 -2.00683426866E+00 -371.45728249E-03
+55.42500E-06 -313.56785472E-03 +504.12059754E-03
+55.44000E-06 +1.63055284304E+00 +822.51255400E-03
+55.45500E-06 +1.81869355598E+00 +238.79396737E-03
+55.47000E-06 -62.71357072E-03 -610.25124967E-03
+55.48500E-06 -1.88140712670E+00 -795.97989105E-03
+55.50000E-06 -1.69326641419E+00 -159.19597827E-03
+55.51500E-06 +250.85428331E-03 +663.31657577E-03
+55.53000E-06 +1.81869355589E+00 +689.84923884E-03
+55.54500E-06 +1.44241213062E+00 -26.53266296E-03
+55.56000E-06 -564.42213786E-03 -742.91456483E-03
+55.57500E-06 -2.00683426848E+00 -663.31657585E-03
+55.59000E-06 -1.25427141803E+00 +79.59798902E-03
+55.60500E-06 +752.56285063E-03 +742.91456487E-03
+55.62000E-06 +1.88140712687E+00 +530.65326076E-03
+55.63500E-06 +940.70356357E-03 -238.79396722E-03
+55.65000E-06 -1.06613070500E+00 -769.44722794E-03
+55.66500E-06 -1.94412069768E+00 -530.65326069E-03
+55.68000E-06 -752.56285098E-03 +291.85929328E-03
+55.69500E-06 +1.19155784679E+00 +769.44722790E-03
+55.71000E-06 +1.75597998509E+00 +371.45728256E-03
+55.72500E-06 +501.70856714E-03 -424.52260848E-03
+55.74000E-06 -1.37969855955E+00 -795.97989094E-03
+55.75500E-06 -1.75597998509E+00 -318.39195646E-03
+55.77000E-06 -250.85428375E-03 +451.05527148E-03
+55.78500E-06 +1.44241213045E+00 +689.84923888E-03
+55.80000E-06 +1.56783927241E+00 +185.72864126E-03
+55.81500E-06 -62.71357080E-03 -557.18592361E-03
+55.83000E-06 -1.69326641402E+00 -716.38190191E-03
+55.84500E-06 -1.50512570152E+00 -106.13065224E-03
+55.86000E-06 +250.85428331E-03 +557.18592372E-03
+55.87500E-06 +1.63055284321E+00 +636.78391278E-03
+55.89000E-06 +1.19155784705E+00 -53.06532599E-03
+55.90500E-06 -564.42213786E-03 -689.84923873E-03
+55.92000E-06 -1.75597998500E+00 -610.25124978E-03
+55.93500E-06 -1.12884427616E+00 +79.59798906E-03
+55.95000E-06 +689.84927973E-03 +663.31657577E-03
+55.96500E-06 +1.69326641411E+00 +504.12059762E-03
+55.98000E-06 +815.27642170E-03 -212.26130418E-03
+55.99500E-06 -940.70356330E-03 -716.38190184E-03
+56.01000E-06 -1.75597998491E+00 -451.05527166E-03
+56.02500E-06 -689.84927991E-03 +265.32663025E-03
+56.04000E-06 +1.06613070500E+00 +689.84923884E-03
+56.05500E-06 +1.50512570152E+00 +344.92461950E-03
+56.07000E-06 +376.28142545E-03 -371.45728242E-03
+56.08500E-06 -1.25427141777E+00 -716.38190191E-03
+56.10000E-06 -1.50512570161E+00 -318.39195639E-03
+56.11500E-06 -188.14071286E-03 +424.52260844E-03
+56.13000E-06 +1.31698498857E+00 +636.78391282E-03
+56.14500E-06 +1.31698498893E+00 +132.66331524E-03
+56.16000E-06 -62.71357080E-03 -530.65326061E-03
+56.17500E-06 -1.50512570125E+00 -663.31657581E-03
+56.19000E-06 -1.31698498884E+00 -79.59798917E-03
+56.20500E-06 +250.85428339E-03 +530.65326057E-03
+56.22000E-06 +1.50512570134E+00 +504.12059773E-03
+56.23500E-06 +1.06613070527E+00 -26.53266296E-03
+56.25000E-06 -501.70856696E-03 -583.71858668E-03
+56.26500E-06 -1.50512570143E+00 -530.65326069E-03
+56.28000E-06 -940.70356357E-03 +106.13065205E-03
+56.29500E-06 +564.42213795E-03 +557.18592368E-03
+56.31000E-06 +1.44241213053E+00 +424.52260856E-03
+56.32500E-06 +689.84927991E-03 -185.72864123E-03
+56.34000E-06 -815.27642152E-03 -663.31657577E-03
+56.35500E-06 -1.50512570143E+00 -371.45728253E-03
+56.37000E-06 -564.42213813E-03 +238.79396725E-03
+56.38500E-06 +940.70356321E-03 +583.71858675E-03
+56.40000E-06 +1.31698498875E+00 +265.32663040E-03
+56.41500E-06 +313.56785455E-03 -371.45728238E-03
+56.43000E-06 -1.12884427598E+00 -610.25124978E-03
+56.44500E-06 -1.37969855964E+00 -238.79396737E-03
+56.46000E-06 -125.42714197E-03 +344.92461942E-03
+56.47500E-06 +1.06613070518E+00 +557.18592368E-03
+56.49000E-06 +1.19155784696E+00 +132.66331520E-03
+56.50500E-06 -125.42714160E-03 -504.12059750E-03
+56.52000E-06 -1.31698498866E+00 -583.71858675E-03
+56.53500E-06 -1.12884427616E+00 -79.59798914E-03
+56.55000E-06 +188.14071259E-03 +477.58793451E-03
+56.56500E-06 +1.25427141786E+00 +504.12059762E-03
+56.58000E-06 +940.70356339E-03 -53.06532599E-03
+56.59500E-06 -501.70856696E-03 -530.65326065E-03
+56.61000E-06 -1.37969855955E+00 -477.58793462E-03
+56.62500E-06 -815.27642170E-03 +106.13065205E-03
+56.64000E-06 +564.42213794E-03 +530.65326061E-03
+56.65500E-06 +1.25427141786E+00 +397.98994552E-03
+56.67000E-06 +564.42213813E-03 -185.72864119E-03
+56.68500E-06 -815.27642142E-03 -557.18592372E-03
+56.70000E-06 -1.31698498875E+00 -371.45728245E-03
+56.71500E-06 -438.99499643E-03 +212.26130422E-03
+56.73000E-06 +815.27642142E-03 +530.65326061E-03
+56.74500E-06 +1.19155784696E+00 +238.79396733E-03
+56.76000E-06 +188.14071286E-03 -344.92461934E-03
+56.77500E-06 -1.00341713419E+00 -557.18592368E-03
+56.79000E-06 -1.19155784696E+00 -212.26130430E-03
+56.80500E-06 -125.42714197E-03 +318.39195635E-03
+56.82000E-06 +1.00341713419E+00 +477.58793462E-03
+56.83500E-06 +1.00341713438E+00 +106.13065217E-03
+56.85000E-06 -125.42714169E-03 -424.52260848E-03
+56.86500E-06 -1.12884427598E+00 -504.12059762E-03
+56.88000E-06 -940.70356358E-03 -53.06532610E-03
+56.89500E-06 +188.14071249E-03 +424.52260848E-03
+56.91000E-06 +1.06613070518E+00 +424.52260856E-03
+56.92500E-06 +752.56285081E-03 -26.53266303E-03
+56.94000E-06 -438.99499606E-03 -504.12059754E-03
+56.95500E-06 -1.19155784687E+00 -397.98994553E-03
+56.97000E-06 -689.84927982E-03 +79.59798902E-03
+56.98500E-06 +501.70856696E-03 +451.05527155E-03
+57.00000E-06 +1.06613070518E+00 +344.92461942E-03
+57.01500E-06 +438.99499644E-03 -185.72864119E-03
+57.03000E-06 -689.84927973E-03 -477.58793458E-03
+57.04500E-06 -1.06613070527E+00 -291.85929344E-03
+57.06000E-06 -376.28142545E-03 +185.72864123E-03
+57.07500E-06 +752.56285053E-03 +451.05527155E-03
+57.09000E-06 +940.70356349E-03 +185.72864127E-03
+57.10500E-06 +188.14071277E-03 -291.85929328E-03
+57.12000E-06 -877.98999241E-03 -451.05527159E-03
+57.13500E-06 -1.00341713428E+00 -185.72864127E-03
+57.15000E-06 -125.42714188E-03 +291.85929336E-03
+57.16500E-06 +815.27642170E-03 +424.52260856E-03
+57.18000E-06 +815.27642170E-03 +53.06532614E-03
+57.19500E-06 -62.71357089E-03 -371.45728241E-03
+57.21000E-06 -1.00341713410E+00 -424.52260856E-03
+57.22500E-06 -815.27642170E-03 -53.06532610E-03
+57.24000E-06 +188.14071249E-03 +344.92461942E-03
+57.25500E-06 +815.27642170E-03 +344.92461946E-03
+57.27000E-06 +627.13570902E-03 -26.53266299E-03
+57.28500E-06 -376.28142526E-03 -424.52260852E-03
+57.30000E-06 -940.70356349E-03 -371.45728245E-03
+57.31500E-06 -627.13570893E-03 +79.59798902E-03
+57.33000E-06 +438.99499606E-03 +371.45728245E-03
+57.34500E-06 +940.70356339E-03 +265.32663036E-03
+57.36000E-06 +438.99499634E-03 -159.19597815E-03
+57.37500E-06 -627.13570874E-03 -424.52260852E-03
+57.39000E-06 -877.98999269E-03 -238.79396737E-03
+57.40500E-06 -313.56785465E-03 +185.72864119E-03
+57.42000E-06 +627.13570874E-03 +371.45728249E-03
+57.43500E-06 +877.98999240E-03 +185.72864127E-03
+57.45000E-06 +125.42714188E-03 -265.32663028E-03
+57.46500E-06 -815.27642142E-03 -424.52260852E-03
+57.48000E-06 -877.98999250E-03 -132.66331520E-03
+57.49500E-06 -125.42714179E-03 +265.32663032E-03
+57.51000E-06 +689.84927973E-03 +371.45728245E-03
+57.52500E-06 +689.84927982E-03 +53.06532606E-03
+57.54000E-06 -125.42714159E-03 -397.98994537E-03
+57.55500E-06 -815.27642161E-03 -371.45728249E-03
+57.57000E-06 -689.84927992E-03 -26.53266307E-03
+57.58500E-06 +125.42714169E-03 +291.85929336E-03
+57.60000E-06 +815.27642142E-03 +318.39195639E-03
+57.61500E-06 +501.70856714E-03 -53.06532602E-03
+57.63000E-06 -313.56785437E-03 -371.45728245E-03
+57.64500E-06 -877.98999240E-03 -291.85929344E-03
+57.66000E-06 -438.99499635E-03 +53.06532602E-03
+57.67500E-06 +376.28142517E-03 +344.92461942E-03
+57.69000E-06 +752.56285081E-03 +238.79396729E-03
+57.70500E-06 +313.56785456E-03 -159.19597815E-03
+57.72000E-06 -501.70856714E-03 -344.92461946E-03
+57.73500E-06 -815.27642161E-03 -212.26130430E-03
+57.75000E-06 -313.56785446E-03 +159.19597815E-03
+57.76500E-06 +438.99499625E-03 +318.39195639E-03
+57.78000E-06 +689.84927982E-03 +106.13065221E-03
+57.79500E-06 +125.42714179E-03 -212.26130426E-03
+57.81000E-06 -627.13570883E-03 -344.92461946E-03
+57.82500E-06 -689.84927982E-03 -132.66331520E-03
+57.84000E-06 -62.71357099E-03 +212.26130426E-03
+57.85500E-06 +564.42213813E-03 +318.39195635E-03
+57.87000E-06 +564.42213813E-03 +53.06532611E-03
+57.88500E-06 -62.71357080E-03 -291.85929332E-03
+57.90000E-06 -689.84927972E-03 -344.92461938E-03
+57.91500E-06 -564.42213813E-03 -26.53266303E-03
+57.93000E-06 +125.42714169E-03 +265.32663028E-03
+57.94500E-06 +627.13570893E-03 +238.79396733E-03
+57.96000E-06 +376.28142545E-03 -53.06532602E-03
+57.97500E-06 -250.85428347E-03 -318.39195639E-03
+57.99000E-06 -752.56285071E-03 -238.79396733E-03
+58.00500E-06 -438.99499625E-03 +79.59798906E-03
+58.02000E-06 +313.56785437E-03 +291.85929336E-03
+58.03500E-06 +627.13570893E-03 +185.72864123E-03
+58.05000E-06 +250.85428367E-03 -132.66331516E-03
+58.06500E-06 -438.99499615E-03 -318.39195639E-03
+58.08000E-06 -627.13570903E-03 -185.72864123E-03
+58.09500E-06 -250.85428357E-03 +132.66331516E-03
+58.11000E-06 +376.28142536E-03 +291.85929336E-03
+58.12500E-06 +501.70856724E-03 +132.66331512E-03
+58.14000E-06 +62.71357099E-03 -212.26130422E-03
+58.15500E-06 -501.70856724E-03 -318.39195639E-03
+58.17000E-06 -564.42213804E-03 -106.13065217E-03
+58.18500E-06 -62.71357089E-03 +185.72864123E-03
+58.20000E-06 +501.70856714E-03 +238.79396733E-03
+58.21500E-06 +438.99499635E-03 +26.53266307E-03
+58.23000E-06 -125.42714169E-03 -265.32663024E-03
+58.24500E-06 -564.42213804E-03 -265.32663041E-03
+58.26000E-06 -438.99499635E-03 -53.06532606E-03
+58.27500E-06 +62.71357079E-03 +238.79396725E-03
+58.29000E-06 +564.42213794E-03 +238.79396725E-03
+58.30500E-06 +376.28142536E-03 -53.06532602E-03
+58.32000E-06 -250.85428357E-03 -265.32663032E-03
+58.33500E-06 -627.13570893E-03 -238.79396729E-03
+58.35000E-06 -376.28142536E-03 +53.06532602E-03
+58.36500E-06 +250.85428347E-03 +265.32663024E-03
+58.38000E-06 +501.70856714E-03 +132.66331520E-03
+58.39500E-06 +188.14071278E-03 -106.13065213E-03
+58.41000E-06 -438.99499605E-03 -265.32663037E-03
+58.42500E-06 -564.42213794E-03 -159.19597819E-03
+58.44000E-06 -188.14071288E-03 +132.66331512E-03
+58.45500E-06 +313.56785446E-03 +238.79396733E-03
+58.47000E-06 +438.99499625E-03 +106.13065213E-03
+58.48500E-06 +100E-12 -185.72864123E-03
+58.50000E-06 -501.70856714E-03 -291.85929331E-03
+58.51500E-06 -501.70856724E-03 -79.59798914E-03
+58.53000E-06 -62.71357089E-03 +185.72864114E-03
+58.54500E-06 +376.28142536E-03 +212.26130426E-03
+58.56000E-06 +438.99499615E-03 +26.53266303E-03
+58.57500E-06 -125.42714169E-03 -238.79396725E-03
+58.59000E-06 -438.99499625E-03 -212.26130430E-03
+58.60500E-06 -376.28142546E-03 -26.53266307E-03
+58.62000E-06 +62.71357079E-03 +185.72864123E-03
+58.63500E-06 +438.99499615E-03 +159.19597824E-03
+58.65000E-06 +250.85428367E-03 -53.06532602E-03
+58.66500E-06 -313.56785426E-03 -265.32663024E-03
+58.68000E-06 -501.70856724E-03 -185.72864127E-03
+58.69500E-06 -313.56785446E-03 +26.53266303E-03
+58.71000E-06 +188.14071268E-03 +212.26130426E-03
+58.72500E-06 +438.99499625E-03 +132.66331512E-03
+58.74000E-06 +125.42714199E-03 -132.66331508E-03
+58.75500E-06 -313.56785456E-03 -238.79396729E-03
+58.77000E-06 -438.99499635E-03 -106.13065221E-03
+58.78500E-06 -188.14071268E-03 +79.59798905E-03
+58.80000E-06 +313.56785436E-03 +185.72864127E-03
+58.81500E-06 +376.28142536E-03 +53.06532615E-03
+58.83000E-06 +0.0E+00 -159.19597815E-03
+58.84500E-06 -376.28142526E-03 -212.26130430E-03
+58.86000E-06 -438.99499625E-03 -79.59798910E-03
+58.87500E-06 -62.71357099E-03 +132.66331516E-03
+58.89000E-06 +250.85428367E-03 +185.72864123E-03
+58.90500E-06 +250.85428367E-03 +40E-12
+58.92000E-06 -62.71357089E-03 -185.72864123E-03
+58.93500E-06 -438.99499615E-03 -185.72864127E-03
+58.95000E-06 -313.56785446E-03 -26.53266299E-03
+58.96500E-06 +100E-12 +185.72864118E-03
+58.98000E-06 +376.28142536E-03 +106.13065217E-03
+58.99500E-06 +188.14071268E-03 -53.06532606E-03
+59.01000E-06 -250.85428347E-03 -212.26130426E-03
+59.02500E-06 -438.99499625E-03 -159.19597819E-03
+59.04000E-06 -250.85428357E-03 +53.06532602E-03
+59.05500E-06 +125.42714168E-03 +185.72864123E-03
+59.07000E-06 +313.56785457E-03 +79.59798914E-03
+59.08500E-06 +125.42714179E-03 -106.13065213E-03
+59.10000E-06 -250.85428357E-03 -212.26130426E-03
+59.11500E-06 -438.99499615E-03 -106.13065213E-03
+59.13000E-06 -188.14071258E-03 +79.59798905E-03
+59.14500E-06 +250.85428347E-03 +159.19597819E-03
+59.16000E-06 +313.56785436E-03 +79.59798910E-03
+59.17500E-06 +0.0E+00 -106.13065217E-03
+59.19000E-06 -313.56785436E-03 -185.72864118E-03
+59.20500E-06 -313.56785457E-03 -79.59798905E-03
+59.22000E-06 -100E-12 +106.13065217E-03
+59.23500E-06 +250.85428357E-03 +132.66331516E-03
+59.25000E-06 +188.14071278E-03 +0.0E+00
+59.26500E-06 -62.71357089E-03 -159.19597819E-03
+59.28000E-06 -313.56785446E-03 -159.19597819E-03
+59.29500E-06 -313.56785436E-03 -40E-12
+59.31000E-06 +62.71357089E-03 +132.66331516E-03
+59.32500E-06 +313.56785446E-03 +132.66331512E-03
+59.34000E-06 +125.42714189E-03 -53.06532602E-03
+59.35500E-06 -125.42714179E-03 -132.66331521E-03
+59.37000E-06 -313.56785457E-03 -159.19597815E-03
+59.38500E-06 -188.14071278E-03 +53.06532602E-03
+59.40000E-06 +125.42714168E-03 +132.66331521E-03
+59.41500E-06 +250.85428357E-03 +79.59798910E-03
+59.43000E-06 +62.71357100E-03 -79.59798910E-03
+59.44500E-06 -250.85428357E-03 -159.19597828E-03
+59.46000E-06 -313.56785446E-03 -106.13065213E-03
+59.47500E-06 -125.42714168E-03 +79.59798905E-03
+59.49000E-06 +125.42714179E-03 +132.66331516E-03
+59.50500E-06 +188.14071278E-03 +26.53266303E-03
+59.52000E-06 +0.0E+00 -106.13065213E-03
+59.53500E-06 -313.56785436E-03 -159.19597819E-03
+59.55000E-06 -313.56785436E-03 -53.06532606E-03
+59.56500E-06 -62.71357079E-03 +106.13065204E-03
+59.58000E-06 +188.14071257E-03 +106.13065217E-03
+59.59500E-06 +125.42714179E-03 +0.0E+00
+59.61000E-06 -62.71357089E-03 -132.66331521E-03
+59.62500E-06 -313.56785446E-03 -159.19597819E-03
+59.64000E-06 -250.85428357E-03 +0.0E+00
+59.65500E-06 +62.71357079E-03 +106.13065213E-03
+59.67000E-06 +188.14071268E-03 +106.13065213E-03
+59.68500E-06 +125.42714179E-03 -53.06532611E-03
+59.70000E-06 -125.42714168E-03 -159.19597815E-03
+59.71500E-06 -313.56785446E-03 -106.13065213E-03
+59.73000E-06 -125.42714189E-03 +26.53266303E-03
+59.74500E-06 +125.42714179E-03 +106.13065213E-03
+59.76000E-06 +188.14071268E-03 +53.06532606E-03
+59.77500E-06 +62.71357089E-03 -79.59798905E-03
+59.79000E-06 -188.14071268E-03 -159.19597819E-03
+59.80500E-06 -250.85428368E-03 -79.59798914E-03
+59.82000E-06 -62.71357100E-03 +26.53266308E-03
+59.83500E-06 +125.42714179E-03 +106.13065213E-03
+59.85000E-06 +188.14071268E-03 +26.53266299E-03
+59.86500E-06 +0.0E+00 -106.13065213E-03
+59.88000E-06 -250.85428347E-03 -132.66331516E-03
+59.89500E-06 -313.56785425E-03 -26.53266308E-03
+59.91000E-06 -62.71357089E-03 +79.59798910E-03
+59.92500E-06 +188.14071268E-03 +79.59798910E-03
+59.94000E-06 +125.42714189E-03 -26.53266299E-03
+59.95500E-06 -125.42714168E-03 -106.13065213E-03
+59.97000E-06 -250.85428357E-03 -159.19597819E-03
+59.98500E-06 -188.14071278E-03 -53.06532602E-03
+60.00000E-06 +62.71357079E-03 +79.59798910E-03
+60.01500E-06 +188.14071257E-03 +79.59798910E-03
+60.03000E-06 +62.71357100E-03 -53.06532602E-03
+60.04500E-06 -188.14071268E-03 -106.13065217E-03
+60.06000E-06 -250.85428357E-03 -106.13065213E-03
+60.07500E-06 -125.42714179E-03 +26.53266299E-03
+60.09000E-06 +62.71357089E-03 +79.59798910E-03
+60.10500E-06 +125.42714179E-03 +26.53266308E-03
+60.12000E-06 +0.0E+00 -79.59798905E-03
+60.13500E-06 -188.14071268E-03 -106.13065213E-03
+60.15000E-06 -188.14071268E-03 -53.06532606E-03
+60.16500E-06 -125.42714179E-03 +53.06532602E-03
+60.18000E-06 +125.42714168E-03 +79.59798910E-03
+60.19500E-06 +62.71357100E-03 +26.53266299E-03
+60.21000E-06 -110E-12 -106.13065213E-03
+60.22500E-06 -188.14071268E-03 -159.19597815E-03
+60.24000E-06 -188.14071278E-03 -26.53266303E-03
+60.25500E-06 -62.71357089E-03 +53.06532606E-03
+60.27000E-06 +125.42714179E-03 +79.59798910E-03
+60.28500E-06 +125.42714179E-03 -50E-12
+60.30000E-06 -62.71357089E-03 -132.66331512E-03
+60.31500E-06 -188.14071268E-03 -79.59798914E-03
+60.33000E-06 -125.42714189E-03 -50E-12
+60.34500E-06 +0.0E+00 +79.59798910E-03
+60.36000E-06 +125.42714168E-03 +53.06532606E-03
+60.37500E-06 +62.71357089E-03 -26.53266308E-03
+60.39000E-06 -125.42714168E-03 -106.13065213E-03
+60.40500E-06 -188.14071268E-03 -79.59798919E-03
+60.42000E-06 -125.42714179E-03 +0.0E+00
+60.43500E-06 +62.71357079E-03 +53.06532611E-03
+60.45000E-06 +125.42714168E-03 +26.53266308E-03
+60.46500E-06 +0.0E+00 -79.59798905E-03
+60.48000E-06 -125.42714179E-03 -106.13065208E-03
+60.49500E-06 -188.14071268E-03 -53.06532606E-03
+60.51000E-06 -62.71357089E-03 +26.53266303E-03
+60.52500E-06 +125.42714179E-03 +79.59798901E-03
+60.54000E-06 +125.42714168E-03 +50E-12
+60.55500E-06 +0.0E+00 -79.59798910E-03
+60.57000E-06 -125.42714189E-03 -79.59798914E-03
+60.58500E-06 -125.42714189E-03 +0.0E+00
+60.60000E-06 -62.71357100E-03 +53.06532606E-03
+60.61500E-06 +62.71357100E-03 +53.06532611E-03
+60.63000E-06 +220E-12 -26.53266303E-03
+60.64500E-06 -62.71357089E-03 -106.13065213E-03
+60.66000E-06 -188.14071268E-03 -106.13065213E-03
+60.67500E-06 -125.42714189E-03 +0.0E+00
+60.69000E-06 +0.0E+00 +26.53266308E-03
+60.70500E-06 +62.71357089E-03 +53.06532606E-03
+60.72000E-06 +62.71357089E-03 -26.53266303E-03
+60.73500E-06 -125.42714179E-03 -106.13065208E-03
+60.75000E-06 -125.42714179E-03 -79.59798910E-03
+60.76500E-06 -125.42714179E-03 -50E-12
+60.78000E-06 +62.71357078E-03 +26.53266303E-03
+60.79500E-06 +125.42714168E-03 +50E-12
+60.81000E-06 +110E-12 -53.06532606E-03
+60.82500E-06 -125.42714179E-03 -79.59798910E-03
+60.84000E-06 -125.42714189E-03 -26.53266308E-03
+60.85500E-06 -62.71357089E-03 +26.53266303E-03
+60.87000E-06 +0.0E+00 +53.06532606E-03
+60.88500E-06 +62.71357089E-03 +26.53266299E-03
+60.90000E-06 +0.0E+00 -53.06532606E-03
+60.91500E-06 -125.42714179E-03 -79.59798910E-03
+60.93000E-06 -125.42714179E-03 -26.53266303E-03
+60.94500E-06 +0.0E+00 +26.53266308E-03
+60.96000E-06 +62.71357089E-03 +53.06532606E-03
+60.97500E-06 +110E-12 -26.53266299E-03
+60.99000E-06 -62.71357089E-03 -79.59798905E-03
+61.00500E-06 -188.14071257E-03 -53.06532616E-03
+61.02000E-06 -188.14071257E-03 -53.06532602E-03
+61.03500E-06 +62.71357078E-03 +26.53266308E-03
+61.05000E-06 +62.71357089E-03 +90E-12
+61.06500E-06 +62.71357089E-03 -79.59798896E-03
+61.08000E-06 -62.71357100E-03 -79.59798910E-03
+61.09500E-06 -250.85428335E-03 -53.06532606E-03
+61.11000E-06 -62.71357089E-03 +26.53266303E-03
+61.12500E-06 +0.0E+00 +26.53266303E-03
+61.14000E-06 +62.71357089E-03 +50E-12
+61.15500E-06 -62.71357079E-03 -53.06532602E-03
+61.17000E-06 -125.42714179E-03 -79.59798914E-03
+61.18500E-06 -125.42714179E-03 -53.06532602E-03
+61.20000E-06 -62.71357079E-03 +26.53266303E-03
+61.21500E-06 +0.0E+00 +53.06532606E-03
+61.23000E-06 +62.71357079E-03 +26.53266299E-03
+61.24500E-06 -62.71357089E-03 -53.06532606E-03
+61.26000E-06 -188.14071257E-03 -79.59798910E-03
+61.27500E-06 -125.42714179E-03 -26.53266303E-03
+61.29000E-06 -62.71357089E-03 +0.0E+00
+61.30500E-06 +62.71357079E-03 +40E-12
+61.32000E-06 +62.71357089E-03 -26.53266299E-03
+61.33500E-06 -62.71357089E-03 -53.06532606E-03
+61.35000E-06 -62.71357089E-03 -79.59798910E-03
+61.36500E-06 -62.71357110E-03 -26.53266308E-03
+61.38000E-06 +0.0E+00 +40E-12
+61.39500E-06 +62.71357079E-03 +26.53266303E-03
+61.41000E-06 +62.71357079E-03 -26.53266303E-03
+61.42500E-06 -125.42714168E-03 -79.59798905E-03
+61.44000E-06 -125.42714189E-03 -26.53266307E-03
+61.45500E-06 -125.42714179E-03 +26.53266299E-03
+61.47000E-06 +0.0E+00 +53.06532602E-03
+61.48500E-06 +0.0E+00 +0.0E+00
+61.50000E-06 +0.0E+00 -53.06532606E-03
+61.51500E-06 -125.42714169E-03 -53.06532606E-03
+61.53000E-06 -62.71357099E-03 -26.53266307E-03
+61.54500E-06 -62.71357089E-03 +0.0E+00
+61.56000E-06 +62.71357080E-03 +40E-12
+61.57500E-06 +0.0E+00 +0.0E+00
+61.59000E-06 -62.71357080E-03 -53.06532611E-03
+61.60500E-06 -62.71357089E-03 -53.06532611E-03
+61.62000E-06 -62.71357099E-03 -26.53266303E-03
+61.63500E-06 -100E-12 +26.53266303E-03
+61.65000E-06 +62.71357089E-03 +0.0E+00
+61.66500E-06 +0.0E+00 -26.53266303E-03
+61.68000E-06 -90E-12 -53.06532602E-03
+61.69500E-06 -125.42714169E-03 -53.06532610E-03
+61.71000E-06 -62.71357089E-03 -40E-12
+61.72500E-06 +0.0E+00 +0.0E+00
+61.74000E-06 +0.0E+00 -26.53266299E-03
+61.75500E-06 +0.0E+00 -53.06532603E-03
+61.77000E-06 -62.71357089E-03 -53.06532606E-03
+61.78500E-06 -62.71357089E-03 -53.06532606E-03
+61.80000E-06 -62.71357098E-03 +40E-12
+61.81500E-06 +0.0E+00 +40E-12
+61.83000E-06 +90E-12 +0.0E+00
+61.84500E-06 +0.0E+00 -53.06532606E-03
+61.86000E-06 -62.71357089E-03 -53.06532606E-03
+61.87500E-06 -125.42714170E-03 -26.53266303E-03
+61.89000E-06 -62.71357089E-03 +0.0E+00
+61.90500E-06 +0.0E+00 +0.0E+00
+61.92000E-06 +62.71357080E-03 +0.0E+00
+61.93500E-06 -62.71357080E-03 -53.06532603E-03
+61.95000E-06 -125.42714170E-03 -53.06532606E-03
+61.96500E-06 -62.71357098E-03 -26.53266307E-03
+61.98000E-06 -90E-12 +0.0E+00
+61.99500E-06 -62.71357081E-03 +40E-12
+62.01000E-06 +0.0E+00 -40E-12
+62.02500E-06 -62.71357089E-03 -53.06532606E-03
+62.04000E-06 -62.71357089E-03 -53.06532606E-03
+62.05500E-06 -125.42714179E-03 +0.0E+00
+62.07000E-06 +0.0E+00 +0.0E+00
+62.08500E-06 +62.71357081E-03 -40E-12
+62.10000E-06 +0.0E+00 -53.06532603E-03
+62.11500E-06 -62.71357089E-03 -53.06532606E-03
+62.13000E-06 -62.71357098E-03 -53.06532606E-03
+62.14500E-06 -62.71357089E-03 -40E-12
+62.16000E-06 -80E-12 +26.53266303E-03
+62.17500E-06 +0.0E+00 +26.53266300E-03
+62.19000E-06 -62.71357089E-03 -53.06532603E-03
+62.20500E-06 -62.71357081E-03 -26.53266307E-03
+62.22000E-06 -125.42714170E-03 -53.06532603E-03
+62.23500E-06 -80E-12 +0.0E+00
+62.25000E-06 -62.71357081E-03 +0.0E+00
+62.26500E-06 +62.71357081E-03 +0.0E+00
+62.28000E-06 -80E-12 -26.53266303E-03
+62.29500E-06 -125.42714171E-03 -53.06532606E-03
+62.31000E-06 -62.71357089E-03 -26.53266303E-03
+62.32500E-06 -80E-12 +0.0E+00
+62.34000E-06 +0.0E+00 -26.53266300E-03
+62.35500E-06 +0.0E+00 -26.53266303E-03
+62.37000E-06 -62.71357089E-03 -53.06532606E-03
+62.38500E-06 -62.71357089E-03 -53.06532603E-03
+62.40000E-06 -62.71357089E-03 +0.0E+00
+62.41500E-06 -62.71357082E-03 +30E-12
+62.43000E-06 +80E-12 +0.0E+00
+62.44500E-06 +0.0E+00 -26.53266306E-03
+62.46000E-06 -62.71357089E-03 -53.06532606E-03
+62.47500E-06 -62.71357089E-03 -26.53266300E-03
+62.49000E-06 -62.71357089E-03 -30E-12
+62.50500E-06 +0.0E+00 +30E-12
+62.52000E-06 -70E-12 +0.0E+00
+62.53500E-06 -62.71357082E-03 -26.53266306E-03
+62.55000E-06 -62.71357082E-03 -53.06532603E-03
+62.56500E-06 -62.71357089E-03 -26.53266306E-03
+62.58000E-06 +0.0E+00 -26.53266300E-03
+62.59500E-06 -70E-12 +0.0E+00
+62.61000E-06 +0.0E+00 +0.0E+00
+62.62500E-06 -62.71357089E-03 -53.06532603E-03
+62.64000E-06 -62.71357089E-03 -53.06532603E-03
+62.65500E-06 -70E-12 +0.0E+00
+62.67000E-06 -62.71357089E-03 +0.0E+00
+62.68500E-06 +0.0E+00 -26.53266303E-03
+62.70000E-06 -62.71357082E-03 -53.06532604E-03
+62.71500E-06 -62.71357089E-03 -53.06532606E-03
+62.73000E-06 -125.42714172E-03 -26.53266306E-03
+62.74500E-06 -62.71357082E-03 -26.53266300E-03
+62.76000E-06 -62.71357096E-03 +0.0E+00
+62.77500E-06 -62.71357089E-03 +30E-12
+62.79000E-06 +0.0E+00 -30E-12
+62.80500E-06 -62.71357089E-03 -26.53266306E-03
+62.82000E-06 -62.71357089E-03 -26.53266303E-03
+62.83500E-06 -62.71357089E-03 -30E-12
+62.85000E-06 -62.71357089E-03 +0.0E+00
+62.86500E-06 -70E-12 +0.0E+00
+62.88000E-06 +0.0E+00 -26.53266303E-03
+62.89500E-06 -125.42714172E-03 -53.06532606E-03
+62.91000E-06 -125.42714172E-03 -30E-12
+62.92500E-06 -62.71357083E-03 -30E-12
+62.94000E-06 +0.0E+00 -26.53266301E-03
+62.95500E-06 -62.71357089E-03 +0.0E+00
+62.97000E-06 -62.71357089E-03 -26.53266303E-03
+62.98500E-06 -62.71357089E-03 -26.53266303E-03
+63.00000E-06 -62.71357089E-03 -26.53266303E-03
+63.01500E-06 -125.42714172E-03 +0.0E+00
+63.03000E-06 -62.71357083E-03 +0.0E+00
+63.04500E-06 +0.0E+00 -26.53266306E-03
+63.06000E-06 -62.71357083E-03 -53.06532604E-03
+63.07500E-06 -62.71357089E-03 -26.53266303E-03
+63.09000E-06 -62.71357089E-03 +0.0E+00
+63.10500E-06 -62.71357089E-03 +0.0E+00
+63.12000E-06 -60E-12 +0.0E+00
+63.13500E-06 -60E-12 -26.53266303E-03
+63.15000E-06 -62.71357083E-03 -26.53266303E-03
+63.16500E-06 -62.71357089E-03 -50E-12
+63.18000E-06 -60E-12 -26.53266301E-03
+63.19500E-06 -62.71357083E-03 +0.0E+00
+63.21000E-06 -60E-12 +0.0E+00
+63.22500E-06 -62.71357089E-03 -26.53266301E-03
+63.24000E-06 -62.71357089E-03 -26.53266303E-03
+63.25500E-06 -125.42714173E-03 -26.53266306E-03
+63.27000E-06 -62.71357089E-03 +0.0E+00
+63.28500E-06 +62.71357084E-03 -20E-12
+63.30000E-06 +0.0E+00 -53.06532604E-03
+63.31500E-06 -50E-12 -26.53266303E-03
+63.33000E-06 -62.71357089E-03 -26.53266301E-03
+63.34500E-06 -62.71357084E-03 +0.0E+00
+63.36000E-06 -62.71357089E-03 +0.0E+00
+63.37500E-06 -125.42714173E-03 +0.0E+00
+63.39000E-06 -62.71357089E-03 -26.53266301E-03
+63.40500E-06 -62.71357089E-03 -26.53266305E-03
+63.42000E-06 -62.71357089E-03 -53.06532604E-03
+63.43500E-06 -62.71357089E-03 -26.53266303E-03
+63.45000E-06 -62.71357089E-03 +0.0E+00
+63.46500E-06 -62.71357084E-03 -26.53266301E-03
+63.48000E-06 +0.0E+00 -26.53266303E-03
+63.49500E-06 -50E-12 -26.53266303E-03
+63.51000E-06 -62.71357084E-03 -53.06532604E-03
+63.52500E-06 -62.71357089E-03 -26.53266303E-03
+63.54000E-06 +0.0E+00 -26.53266303E-03
+63.55500E-06 +0.0E+00 +0.0E+00
+63.57000E-06 -50E-12 -26.53266303E-03
+63.58500E-06 -62.71357084E-03 -26.53266303E-03
+63.60000E-06 -50E-12 +0.0E+00
+63.61500E-06 -62.71357085E-03 -26.53266301E-03
+63.63000E-06 +0.0E+00 +0.0E+00
+63.64500E-06 -62.71357085E-03 -26.53266305E-03
+63.66000E-06 -62.71357085E-03 -53.06532605E-03
+63.67500E-06 -62.71357089E-03 -26.53266303E-03
+63.69000E-06 -62.71357089E-03 -20E-12
+63.70500E-06 -50E-12 -26.53266301E-03
+63.72000E-06 +0.0E+00 +0.0E+00
+63.73500E-06 -62.71357089E-03 -26.53266303E-03
+63.75000E-06 -62.71357089E-03 -26.53266301E-03
+63.76500E-06 -40E-12 -26.53266303E-03
+63.78000E-06 -40E-12 +0.0E+00
+63.79500E-06 -62.71357085E-03 +0.0E+00
+63.81000E-06 -40E-12 -26.53266303E-03
+63.82500E-06 +0.0E+00 -26.53266303E-03
+63.84000E-06 -40E-12 -26.53266303E-03
+63.85500E-06 -40E-12 -26.53266303E-03
+63.87000E-06 -62.71357089E-03 -26.53266301E-03
+63.88500E-06 -62.71357089E-03 -26.53266303E-03
+63.90000E-06 -40E-12 -26.53266303E-03
+63.91500E-06 -62.71357085E-03 -53.06532605E-03
+63.93000E-06 -62.71357089E-03 -26.53266303E-03
+63.94500E-06 -40E-12 -26.53266303E-03
+63.96000E-06 -62.71357089E-03 -26.53266303E-03
+63.97500E-06 -40E-12 -20E-12
+63.99000E-06 -62.71357085E-03 +0.0E+00
+64.00500E-06 -62.71357085E-03 -26.53266303E-03
+64.02000E-06 -40E-12 -26.53266303E-03
+64.03500E-06 -62.71357089E-03 -26.53266302E-03
+64.05000E-06 -62.71357089E-03 -26.53266303E-03
+64.06500E-06 -62.71357086E-03 -20E-12
+64.08000E-06 -62.71357093E-03 +0.0E+00
+64.09500E-06 -40E-12 -26.53266303E-03
+64.11000E-06 -40E-12 -53.06532605E-03
+64.12500E-06 -40E-12 -10E-12
+64.14000E-06 -62.71357089E-03 -26.53266302E-03
+64.15500E-06 -62.71357089E-03 +0.0E+00
+64.17000E-06 -62.71357089E-03 -26.53266303E-03
+64.18500E-06 -62.71357089E-03 -53.06532605E-03
+64.20000E-06 -62.71357089E-03 -10E-12
+64.21500E-06 -62.71357089E-03 -26.53266302E-03
+64.23000E-06 -62.71357089E-03 +0.0E+00
+64.24500E-06 +0.0E+00 -10E-12
+64.26000E-06 -62.71357086E-03 -26.53266302E-03
+64.27500E-06 -30E-12 -26.53266303E-03
+64.29000E-06 -62.71357086E-03 -26.53266303E-03
+64.30500E-06 +0.0E+00 +0.0E+00
+64.32000E-06 -30E-12 -26.53266303E-03
+64.33500E-06 -62.71357089E-03 -26.53266302E-03
+64.35000E-06 -62.71357089E-03 -26.53266303E-03
+64.36500E-06 -62.71357089E-03 -26.53266304E-03
+64.38000E-06 -30E-12 -53.06532605E-03
+64.39500E-06 +0.0E+00 +0.0E+00
+64.41000E-06 +0.0E+00 +0.0E+00
+64.42500E-06 -62.71357086E-03 -26.53266302E-03
+64.44000E-06 -62.71357089E-03 +0.0E+00
+64.45500E-06 -62.71357089E-03 -26.53266303E-03
+64.47000E-06 -62.71357087E-03 -10E-12
+64.48500E-06 -62.71357087E-03 -26.53266304E-03
