x-axis 1 2
second Volt Volt
+24.69900E-06 -43.41708496E-03 +0.0E+00
+24.72400E-06 -21.70854248E-03 +261.30653E-06
+24.74900E-06 -43.41708496E-03 +0.0E+00
+24.77400E-06 -21.70854248E-03 +522.61306E-06
+24.79900E-06 -21.70854248E-03 +522.61306E-06
+24.82400E-06 +0.0E+00 +261.30653E-06
+24.84900E-06 -43.41708496E-03 +261.30653E-06
+24.87400E-06 -43.41708496E-03 +522.61306E-06
+24.89900E-06 -21.70854248E-03 +1.04522612E-03
+24.92400E-06 +0.0E+00 +261.30653E-06
+24.94900E-06 -43.41708496E-03 +261.30653E-06
+24.97400E-06 +0.0E+00 +522.61306E-06
+24.99900E-06 +0.0E+00 +522.61306E-06
+25.02400E-06 -21.70854248E-03 -261.30653E-06
+25.04900E-06 -21.70854248E-03 +261.30653E-06
+25.07400E-06 -21.70854248E-03 +261.30653E-06
+25.09900E-06 -43.41708496E-03 +522.61306E-06
+25.12400E-06 -21.70854248E-03 +261.30653E-06
+25.14900E-06 -21.70854248E-03 +783.91959E-06
+25.17400E-06 -43.41708496E-03 +522.61306E-06
+25.19900E-06 +0.0E+00 +261.30653E-06
+25.22400E-06 -21.70854248E-03 +261.30653E-06
+25.24900E-06 -21.70854248E-03 +0.0E+00
+25.27400E-06 -43.41708496E-03 +522.61306E-06
+25.29900E-06 -65.12562744E-03 +261.30653E-06
+25.32400E-06 -21.70854248E-03 +522.61306E-06
+25.34900E-06 -21.70854248E-03 +522.61306E-06
+25.37400E-06 +0.0E+00 -261.30653E-06
+25.39900E-06 +0.0E+00 +522.61306E-06
+25.42400E-06 +21.70854248E-03 +0.0E+00
+25.44900E-06 -21.70854248E-03 +261.30653E-06
+25.47400E-06 -43.41708496E-03 +261.30653E-06
+25.49900E-06 -43.41708496E-03 +522.61306E-06
+25.52400E-06 -21.70854248E-03 +0.0E+00
+25.54900E-06 -21.70854248E-03 +261.30653E-06
+25.57400E-06 -43.41708496E-03 +522.61306E-06
+25.59900E-06 +0.0E+00 +522.61306E-06
+25.62400E-06 -21.70854248E-03 +261.30653E-06
+25.64900E-06 -43.41708496E-03 +522.61306E-06
+25.67400E-06 -65.12562744E-03 +783.91959E-06
+25.69900E-06 +0.0E+00 -261.30653E-06
+25.72400E-06 +0.0E+00 +522.61306E-06
+25.74900E-06 -43.41708496E-03 +522.61306E-06
+25.77400E-06 -43.41708496E-03 +522.61306E-06
+25.79900E-06 -43.41708496E-03 +0.0E+00
+25.82400E-06 -21.70854248E-03 +522.61306E-06
+25.84900E-06 +0.0E+00 +522.61306E-06
+25.87400E-06 -43.41708496E-03 +783.91959E-06
+25.89900E-06 +0.0E+00 +522.61306E-06
+25.92400E-06 -21.70854248E-03 +522.61306E-06
+25.94900E-06 -21.70854248E-03 -261.30653E-06
+25.97400E-06 -43.41708496E-03 +783.91959E-06
+25.99900E-06 +0.0E+00 +261.30653E-06
+26.02400E-06 -21.70854248E-03 +261.30653E-06
+26.04900E-06 -43.41708496E-03 +783.91959E-06
+26.07400E-06 -43.41708496E-03 +1.04522612E-03
+26.09900E-06 -65.12562744E-03 +522.61306E-06
+26.12400E-06 -21.70854248E-03 +261.30653E-06
+26.14900E-06 -43.41708496E-03 +261.30653E-06
+26.17400E-06 +0.0E+00 +261.30653E-06
+26.19900E-06 -21.70854248E-03 -261.30653E-06
+26.22400E-06 +0.0E+00 +0.0E+00
+26.24900E-06 -43.41708496E-03 +0.0E+00
+26.27400E-06 -43.41708496E-03 +261.30653E-06
+26.29900E-06 -21.70854248E-03 +261.30653E-06
+26.32400E-06 -21.70854248E-03 +0.0E+00
+26.34900E-06 -43.41708496E-03 +261.30653E-06
+26.37400E-06 +0.0E+00 +522.61306E-06
+26.39900E-06 +0.0E+00 -261.30653E-06
+26.42400E-06 +0.0E+00 +261.30653E-06
+26.44900E-06 -43.41708496E-03 +1.04522612E-03
+26.47400E-06 -65.12562745E-03 +0.0E+00
+26.49900E-06 -43.41708496E-03 +261.30653E-06
+26.52400E-06 -65.12562745E-03 +0.0E+00
+26.54900E-06 -21.70854248E-03 +261.30653E-06
+26.57400E-06 -21.70854248E-03 +0.0E+00
+26.59900E-06 -21.70854248E-03 -261.30653E-06
+26.62400E-06 -21.70854248E-03 +0.0E+00
+26.64900E-06 -21.70854248E-03 +0.0E+00
+26.67400E-06 -21.70854248E-03 +783.91959E-06
+26.69900E-06 -21.70854248E-03 +522.61306E-06
+26.72400E-06 -21.70854248E-03 +0.0E+00
+26.74900E-06 -43.41708496E-03 +261.30653E-06
+26.77400E-06 -21.70854248E-03 +522.61306E-06
+26.79900E-06 +0.0E+00 +0.0E+00
+26.82400E-06 -21.70854248E-03 +261.30653E-06
+26.84900E-06 -43.41708496E-03 +522.61306E-06
+26.87400E-06 -43.41708497E-03 +783.91959E-06
+26.89900E-06 -65.12562744E-03 +783.91959E-06
+26.92400E-06 -21.70854248E-03 +522.61306E-06
+26.94900E-06 -21.70854248E-03 +522.61306E-06
+26.97400E-06 -21.70854248E-03 +261.30653E-06
+26.99900E-06 +0.0E+00 +261.30653E-06
+27.02400E-06 -21.70854248E-03 +522.61306E-06
+27.04900E-06 -43.41708496E-03 +522.61306E-06
+27.07400E-06 -21.70854248E-03 +522.61306E-06
+27.09900E-06 -21.70854248E-03 +522.61306E-06
+27.12400E-06 -21.70854248E-03 +0.0E+00
+27.14900E-06 -21.70854248E-03 +522.61306E-06
+27.17400E-06 -21.70854248E-03 +261.30653E-06
+27.19900E-06 +0.0E+00 +522.61306E-06
+27.22400E-06 +21.70854248E-03 +261.30653E-06
+27.24900E-06 -21.70854248E-03 +783.91959E-06
+27.27400E-06 -21.70854248E-03 +522.61306E-06
+27.29900E-06 -21.70854248E-03 +0.0E+00
+27.32400E-06 -21.70854248E-03 +0.0E+00
+27.34900E-06 -21.70854248E-03 +522.61306E-06
+27.37400E-06 -43.41708496E-03 +522.61306E-06
+27.39900E-06 +0.0E+00 -261.30653E-06
+27.42400E-06 -43.41708496E-03 +261.30653E-06
+27.44900E-06 +0.0E+00 +783.91959E-06
+27.47400E-06 -43.41708496E-03 +261.30653E-06
+27.49900E-06 +0.0E+00 +783.91959E-06
+27.52400E-06 +0.0E+00 -261.30653E-06
+27.54900E-06 -43.41708496E-03 +0.0E+00
+27.57400E-06 +0.0E+00 +522.61306E-06
+27.59900E-06 -21.70854248E-03 +0.0E+00
+27.62400E-06 +0.0E+00 +261.30653E-06
+27.64900E-06 -21.70854248E-03 +522.61306E-06
+27.67400E-06 -43.41708496E-03 +0.0E+00
+27.69900E-06 -21.70854248E-03 +261.30653E-06
+27.72400E-06 -21.70854248E-03 -522.61306E-06
+27.74900E-06 +0.0E+00 +522.61306E-06
+27.77400E-06 +0.0E+00 +522.61306E-06
+27.79900E-06 -21.70854248E-03 -261.30653E-06
+27.82400E-06 -21.70854248E-03 +0.0E+00
+27.84900E-06 -43.41708496E-03 +0.0E+00
+27.87400E-06 -43.41708496E-03 +522.61306E-06
+27.89900E-06 +0.0E+00 +522.61306E-06
+27.92400E-06 +0.0E+00 +261.30653E-06
+27.94900E-06 -21.70854248E-03 +0.0E+00
+27.97400E-06 -21.70854248E-03 +0.0E+00
+27.99900E-06 +0.0E+00 +0.0E+00
+28.02400E-06 -43.41708496E-03 +261.30653E-06
+28.04900E-06 -43.41708496E-03 +522.61306E-06
+28.07400E-06 -43.41708496E-03 +522.61306E-06
+28.09900E-06 -43.41708496E-03 +522.61306E-06
+28.12400E-06 -21.70854248E-03 +783.91959E-06
+28.14900E-06 -43.41708496E-03 +0.0E+00
+28.17400E-06 +0.0E+00 +261.30653E-06
+28.19900E-06 -21.70854248E-03 +261.30653E-06
+28.22400E-06 +0.0E+00 +0.0E+00
+28.24900E-06 -43.41708496E-03 +522.61306E-06
+28.27400E-06 -21.70854248E-03 +783.91959E-06
+28.29900E-06 +21.70854248E-03 +522.61306E-06
+28.32400E-06 -43.41708496E-03 +261.30653E-06
+28.34900E-06 -43.41708496E-03 +0.0E+00
+28.37400E-06 -43.41708495E-03 +261.30653E-06
+28.39900E-06 -21.70854249E-03 -261.30653E-06
+28.42400E-06 +0.0E+00 -261.30653E-06
+28.44900E-06 -43.41708496E-03 +0.0E+00
+28.47400E-06 -43.41708496E-03 +522.61306E-06
+28.49900E-06 -43.41708496E-03 +522.61306E-06
+28.52400E-06 +0.0E+00 +1.04522612E-03
+28.54900E-06 -21.70854249E-03 +261.30653E-06
+28.57400E-06 -21.70854248E-03 +522.61306E-06
+28.59900E-06 -21.70854248E-03 +261.30653E-06
+28.62400E-06 -21.70854249E-03 +0.0E+00
+28.64900E-06 -21.70854249E-03 +261.30653E-06
+28.67400E-06 -43.41708496E-03 +261.30653E-06
+28.69900E-06 -21.70854248E-03 +522.61306E-06
+28.72400E-06 -43.41708496E-03 +261.30653E-06
+28.74900E-06 +0.0E+00 -261.30653E-06
+28.77400E-06 +0.0E+00 +522.61306E-06
+28.79900E-06 +0.0E+00 -261.30653E-06
+28.82400E-06 -43.41708496E-03 +0.0E+00
+28.84900E-06 -43.41708496E-03 +783.91959E-06
+28.87400E-06 -65.12562745E-03 +261.30653E-06
+28.89900E-06 +0.0E+00 +783.91959E-06
+28.92400E-06 -21.70854249E-03 +522.61306E-06
+28.94900E-06 -21.70854248E-03 +522.61306E-06
+28.97400E-06 -21.70854248E-03 +522.61306E-06
+28.99900E-06 -21.70854249E-03 +261.30653E-06
+29.02400E-06 -43.41708496E-03 +0.0E+00
+29.04900E-06 -21.70854248E-03 +0.0E+00
+29.07400E-06 -65.12562745E-03 +522.61306E-06
+29.09900E-06 -43.41708495E-03 +522.61306E-06
+29.12400E-06 -21.70854249E-03 +783.91959E-06
+29.14900E-06 -43.41708496E-03 +522.61306E-06
+29.17400E-06 +0.0E+00 -261.30653E-06
+29.19900E-06 +0.0E+00 +261.30653E-06
+29.22400E-06 -21.70854249E-03 +261.30653E-06
+29.24900E-06 -43.41708496E-03 +0.0E+00
+29.27400E-06 -21.70854248E-03 +783.91959E-06
+29.29900E-06 -21.70854248E-03 +783.91959E-06
+29.32400E-06 +0.0E+00 +261.30653E-06
+29.34900E-06 -43.41708496E-03 +522.61306E-06
+29.37400E-06 -21.70854248E-03 +522.61306E-06
+29.39900E-06 +0.0E+00 +522.61306E-06
+29.42400E-06 +0.0E+00 +522.61306E-06
+29.44900E-06 -21.70854249E-03 +522.61306E-06
+29.47400E-06 -43.41708496E-03 +0.0E+00
+29.49900E-06 +0.0E+00 +0.0E+00
+29.52400E-06 -21.70854248E-03 +783.91959E-06
+29.54900E-06 -21.70854248E-03 +0.0E+00
+29.57400E-06 -21.70854248E-03 +522.61306E-06
+29.59900E-06 -21.70854249E-03 +261.30653E-06
+29.62400E-06 +0.0E+00 +0.0E+00
+29.64900E-06 -43.41708496E-03 +261.30653E-06
+29.67400E-06 -21.70854249E-03 +261.30653E-06
+29.69900E-06 -21.70854248E-03 +522.61306E-06
+29.72400E-06 -43.41708496E-03 +261.30653E-06
+29.74900E-06 -43.41708496E-03 +0.0E+00
+29.77400E-06 -43.41708496E-03 +261.30653E-06
+29.79900E-06 -21.70854249E-03 +0.0E+00
+29.82400E-06 -21.70854248E-03 +783.91959E-06
+29.84900E-06 -43.41708496E-03 -261.30653E-06
+29.87400E-06 -65.12562745E-03 +522.61306E-06
+29.89900E-06 -21.70854248E-03 +261.30653E-06
+29.92400E-06 -21.70854249E-03 +0.0E+00
+29.94900E-06 -43.41708496E-03 +0.0E+00
+29.97400E-06 -21.70854248E-03 +522.61306E-06
+29.99900E-06 -21.70854249E-03 +0.0E+00
+30.02400E-06 +0.0E+00 -261.30653E-06
+30.04900E-06 -43.41708496E-03 +261.30653E-06
+30.07400E-06 -43.41708496E-03 +261.30653E-06
+30.09900E-06 +0.0E+00 +0.0E+00
+30.12400E-06 -21.70854248E-03 +783.91959E-06
+30.14900E-06 -21.70854248E-03 +522.61306E-06
+30.17400E-06 -43.41708495E-03 +0.0E+00
+30.19900E-06 +0.0E+00 +261.30653E-06
+30.22400E-06 +0.0E+00 +261.30653E-06
+30.24900E-06 -43.41708496E-03 +0.0E+00
+30.27400E-06 -43.41708497E-03 +261.30653E-06
+30.29900E-06 +0.0E+00 +261.30653E-06
+30.32400E-06 -21.70854249E-03 +0.0E+00
+30.34900E-06 -43.41708496E-03 -261.30653E-06
+30.37400E-06 -21.70854248E-03 +0.0E+00
+30.39900E-06 -43.41708496E-03 +522.61306E-06
+30.42400E-06 -43.41708496E-03 -261.30653E-06
+30.44900E-06 +0.0E+00 +261.30653E-06
+30.47400E-06 -21.70854249E-03 +261.30653E-06
+30.49900E-06 -21.70854247E-03 +522.61306E-06
+30.52400E-06 -21.70854249E-03 -522.61306E-06
+30.54900E-06 -43.41708495E-03 +261.30653E-06
+30.57400E-06 -21.70854247E-03 +0.0E+00
+30.59900E-06 -21.70854249E-03 +261.30653E-06
+30.62400E-06 -21.70854247E-03 +261.30653E-06
+30.64900E-06 -43.41708496E-03 +522.61306E-06
+30.67400E-06 -21.70854247E-03 +261.30653E-06
+30.69900E-06 -43.41708495E-03 +522.61306E-06
+30.72400E-06 -21.70854249E-03 +0.0E+00
+30.74900E-06 -43.41708496E-03 +0.0E+00
+30.77400E-06 +0.0E+00 +0.0E+00
+30.79900E-06 -21.70854249E-03 +261.30653E-06
+30.82400E-06 +21.70854247E-03 -522.61306E-06
+30.84900E-06 -21.70854249E-03 +0.0E+00
+30.87400E-06 -43.41708496E-03 +261.30653E-06
+30.89900E-06 -21.70854247E-03 -261.30653E-06
+30.92400E-06 +0.0E+00 +522.61306E-06
+30.94900E-06 -65.12562744E-03 +0.0E+00
+30.97400E-06 -43.41708496E-03 +522.61306E-06
+30.99900E-06 -21.70854249E-03 +261.30653E-06
+31.02400E-06 -21.70854249E-03 -261.30653E-06
+31.04900E-06 -43.41708496E-03 +0.0E+00
+31.07400E-06 -43.41708496E-03 +522.61306E-06
+31.09900E-06 -21.70854247E-03 +0.0E+00
+31.12400E-06 -43.41708496E-03 -783.91959E-06
+31.14900E-06 +0.0E+00 +261.30653E-06
+31.17400E-06 -21.70854247E-03 +522.61306E-06
+31.19900E-06 +0.0E+00 +0.0E+00
+31.22400E-06 -21.70854249E-03 +261.30653E-06
+31.24900E-06 +0.0E+00 +522.61306E-06
+31.27400E-06 -21.70854249E-03 +261.30653E-06
+31.29900E-06 +0.0E+00 +783.91959E-06
+31.32400E-06 +0.0E+00 +261.30653E-06
+31.34900E-06 -21.70854247E-03 +261.30653E-06
+31.37400E-06 +0.0E+00 +522.61306E-06
+31.39900E-06 +0.0E+00 +522.61306E-06
+31.42400E-06 -21.70854249E-03 -261.30653E-06
+31.44900E-06 -21.70854249E-03 +783.91959E-06
+31.47400E-06 -43.41708496E-03 +261.30653E-06
+31.49900E-06 +0.0E+00 +522.61306E-06
+31.52400E-06 -21.70854249E-03 +0.0E+00
+31.54900E-06 -43.41708498E-03 +261.30653E-06
+31.57400E-06 -21.70854247E-03 +522.61306E-06
+31.59900E-06 -21.70854249E-03 -261.30653E-06
+31.62400E-06 -21.70854249E-03 -261.30653E-06
+31.64900E-06 +0.0E+00 +0.0E+00
+31.67400E-06 -43.41708496E-03 +522.61306E-06
+31.69900E-06 +0.0E+00 +261.30653E-06
+31.72400E-06 -21.70854249E-03 +0.0E+00
+31.74900E-06 -21.70854249E-03 +261.30653E-06
+31.77400E-06 +0.0E+00 +522.61306E-06
+31.79900E-06 +0.0E+00 +783.91959E-06
+31.82400E-06 -21.70854247E-03 +522.61306E-06
+31.84900E-06 -21.70854249E-03 +522.61306E-06
+31.87400E-06 -21.70854247E-03 +522.61306E-06
+31.89900E-06 -65.12562744E-03 +522.61306E-06
+31.92400E-06 +0.0E+00 +261.30653E-06
+31.94900E-06 -43.41708496E-03 +261.30653E-06
+31.97400E-06 +0.0E+00 +0.0E+00
+31.99900E-06 +0.0E+00 -261.30653E-06
+32.02400E-06 +0.0E+00 +0.0E+00
+32.04900E-06 -43.41708496E-03 +261.30653E-06
+32.07400E-06 -21.70854247E-03 +0.0E+00
+32.09900E-06 -21.70854247E-03 +783.91959E-06
+32.12400E-06 -21.70854249E-03 -261.30653E-06
+32.14900E-06 -21.70854247E-03 +0.0E+00
+32.17400E-06 -21.70854247E-03 +783.91959E-06
+32.19900E-06 +0.0E+00 +0.0E+00
+32.22400E-06 -21.70854249E-03 +522.61306E-06
+32.24900E-06 -43.41708496E-03 +261.30653E-06
+32.27400E-06 -21.70854249E-03 +261.30653E-06
+32.29900E-06 -21.70854247E-03 +522.61306E-06
+32.32400E-06 -43.41708496E-03 +783.91959E-06
+32.34900E-06 -43.41708496E-03 +261.30653E-06
+32.37400E-06 +0.0E+00 +261.30653E-06
+32.39900E-06 +0.0E+00 +261.30653E-06
+32.42400E-06 -21.70854247E-03 +0.0E+00
+32.44900E-06 -21.70854249E-03 +0.0E+00
+32.47400E-06 -43.41708496E-03 +0.0E+00
+32.49900E-06 +0.0E+00 +522.61306E-06
+32.52400E-06 +0.0E+00 -522.61306E-06
+32.54900E-06 -21.70854247E-03 -261.30653E-06
+32.57400E-06 -21.70854247E-03 +261.30653E-06
+32.59900E-06 +0.0E+00 -0.0E+00
+32.62400E-06 +0.0E+00 +261.30653E-06
+32.64900E-06 -43.41708496E-03 +261.30653E-06
+32.67400E-06 -43.41708496E-03 +261.30653E-06
+32.69900E-06 -21.70854247E-03 +261.30653E-06
+32.72400E-06 +0.0E+00 -261.30653E-06
+32.74900E-06 -21.70854247E-03 +261.30653E-06
+32.77400E-06 -21.70854247E-03 +261.30653E-06
+32.79900E-06 +0.0E+00 +0.0E+00
+32.82400E-06 -21.70854247E-03 +261.30653E-06
+32.84900E-06 -21.70854249E-03 +783.91959E-06
+32.87400E-06 -21.70854249E-03 -261.30653E-06
+32.89900E-06 -43.41708496E-03 +783.91959E-06
+32.92400E-06 -21.70854249E-03 +261.30653E-06
+32.94900E-06 -21.70854247E-03 +0.0E+00
+32.97400E-06 +0.0E+00 +522.61306E-06
+32.99900E-06 -21.70854249E-03 -261.30653E-06
+33.02400E-06 -21.70854249E-03 +0.0E+00
+33.04900E-06 -21.70854247E-03 +522.61306E-06
+33.07400E-06 +0.0E+00 +0.0E+00
+33.09900E-06 -21.70854247E-03 +783.91959E-06
+33.12400E-06 -21.70854247E-03 +261.30653E-06
+33.14900E-06 -43.41708496E-03 +261.30653E-06
+33.17400E-06 +21.70854249E-03 +0.0E+00
+33.19900E-06 -21.70854247E-03 -522.61306E-06
+33.22400E-06 -21.70854247E-03 -261.30653E-06
+33.24900E-06 -43.41708496E-03 +0.0E+00
+33.27400E-06 -21.70854249E-03 +0.0E+00
+33.29900E-06 -43.41708496E-03 +261.30653E-06
+33.32400E-06 -21.70854249E-03 +0.0E+00
+33.34900E-06 -43.41708496E-03 -522.61306E-06
+33.37400E-06 -21.70854247E-03 +522.61306E-06
+33.39900E-06 -43.41708496E-03 -0.0E+00
+33.42400E-06 -21.70854249E-03 +0.0E+00
+33.44900E-06 +0.0E+00 +261.30653E-06
+33.47400E-06 +0.0E+00 +261.30653E-06
+33.49900E-06 -21.70854249E-03 +0.0E+00
+33.52400E-06 -21.70854249E-03 +522.61306E-06
+33.54900E-06 -21.70854247E-03 +261.30653E-06
+33.57400E-06 -43.41708496E-03 +783.91959E-06
+33.59900E-06 -21.70854247E-03 +522.61306E-06
+33.62400E-06 -21.70854247E-03 +261.30653E-06
+33.64900E-06 +0.0E+00 +261.30653E-06
+33.67400E-06 -21.70854249E-03 +0.0E+00
+33.69900E-06 -21.70854247E-03 +522.61306E-06
+33.72400E-06 -21.70854249E-03 +261.30653E-06
+33.74900E-06 +0.0E+00 +261.30653E-06
+33.77400E-06 +0.0E+00 +522.61306E-06
+33.79900E-06 -21.70854249E-03 -261.30653E-06
+33.82400E-06 -43.41708496E-03 -261.30653E-06
+33.84900E-06 -43.41708496E-03 +261.30653E-06
+33.87400E-06 -43.41708496E-03 +0.0E+00
+33.89900E-06 -43.41708494E-03 +261.30653E-06
+33.92400E-06 -21.70854249E-03 +522.61306E-06
+33.94900E-06 -21.70854247E-03 +261.30653E-06
+33.97400E-06 -21.70854247E-03 +0.0E+00
+33.99900E-06 -21.70854247E-03 +0.0E+00
+34.02400E-06 -21.70854249E-03 +0.0E+00
+34.04900E-06 -21.70854247E-03 -522.61306E-06
+34.07400E-06 -43.41708498E-03 +261.30653E-06
+34.09900E-06 +0.0E+00 +261.30653E-06
+34.12400E-06 -21.70854249E-03 +0.0E+00
+34.14900E-06 -21.70854249E-03 +261.30653E-06
+34.17400E-06 -21.70854247E-03 +522.61306E-06
+34.19900E-06 +21.70854249E-03 -0.0E+00
+34.22400E-06 +0.0E+00 +0.0E+00
+34.24900E-06 -43.41708496E-03 +522.61306E-06
+34.27400E-06 +0.0E+00 +522.61306E-06
+34.29900E-06 +0.0E+00 +0.0E+00
+34.32400E-06 +0.0E+00 +0.0E+00
+34.34900E-06 -21.70854249E-03 +0.0E+00
+34.37400E-06 +0.0E+00 +522.61306E-06
+34.39900E-06 +21.70854247E-03 +0.0E+00
+34.42400E-06 -21.70854249E-03 +261.30653E-06
+34.44900E-06 -21.70854247E-03 +261.30653E-06
+34.47400E-06 -43.41708496E-03 +261.30653E-06
+34.49900E-06 -21.70854247E-03 +522.61306E-06
+34.52400E-06 -21.70854249E-03 +261.30653E-06
+34.54900E-06 -43.41708496E-03 +261.30653E-06
+34.57400E-06 +21.70854247E-03 +0.0E+00
+34.59900E-06 +0.0E+00 +0.0E+00
+34.62400E-06 +0.0E+00 -261.30653E-06
+34.64900E-06 -21.70854249E-03 +261.30653E-06
+34.67400E-06 -65.12562745E-03 +261.30653E-06
+34.69900E-06 -21.70854247E-03 -261.30653E-06
+34.72400E-06 -21.70854249E-03 +261.30653E-06
+34.74900E-06 +0.0E+00 +261.30653E-06
+34.77400E-06 -21.70854249E-03 +522.61306E-06
+34.79900E-06 -21.70854249E-03 +522.61306E-06
+34.82400E-06 -21.70854247E-03 +0.0E+00
+34.84900E-06 -21.70854249E-03 +522.61306E-06
+34.87400E-06 +0.0E+00 +261.30653E-06
+34.89900E-06 -21.70854247E-03 +0.0E+00
+34.92400E-06 +0.0E+00 +261.30653E-06
+34.94900E-06 -43.41708496E-03 +261.30653E-06
+34.97400E-06 -21.70854247E-03 +0.0E+00
+34.99900E-06 +0.0E+00 +0.0E+00
+35.02400E-06 -21.70854249E-03 +0.0E+00
+35.04900E-06 -21.70854249E-03 -261.30653E-06
+35.07400E-06 -65.12562745E-03 +0.0E+00
+35.09900E-06 -43.41708496E-03 +522.61306E-06
+35.12400E-06 -21.70854249E-03 -261.30653E-06
+35.14900E-06 -21.70854249E-03 +0.0E+00
+35.17400E-06 +0.0E+00 +261.30653E-06
+35.19900E-06 +0.0E+00 -261.30653E-06
+35.22400E-06 +0.0E+00 -261.30653E-06
+35.24900E-06 +0.0E+00 -261.30653E-06
+35.27400E-06 -21.70854249E-03 +261.30653E-06
+35.29900E-06 -65.12562743E-03 +261.30653E-06
+35.32400E-06 -21.70854247E-03 +0.0E+00
+35.34900E-06 -21.70854247E-03 +783.91959E-06
+35.37400E-06 -43.41708496E-03 +522.61306E-06
+35.39900E-06 -43.41708496E-03 -261.30653E-06
+35.42400E-06 -21.70854249E-03 -261.30653E-06
+35.44900E-06 -21.70854249E-03 +522.61306E-06
+35.47400E-06 -43.41708496E-03 +261.30653E-06
+35.49900E-06 -43.41708496E-03 -261.30653E-06
+35.52400E-06 -21.70854249E-03 +522.61306E-06
+35.54900E-06 -21.70854247E-03 +0.0E+00
+35.57400E-06 -43.41708496E-03 +261.30653E-06
+35.59900E-06 -21.70854247E-03 +0.0E+00
+35.62400E-06 +0.0E+00 +0.0E+00
+35.64900E-06 +0.0E+00 +261.30653E-06
+35.67400E-06 -21.70854249E-03 +0.0E+00
+35.69900E-06 -21.70854247E-03 +0.0E+00
+35.72400E-06 -43.41708496E-03 +0.0E+00
+35.74900E-06 -43.41708496E-03 +0.0E+00
+35.77400E-06 -21.70854247E-03 +522.61306E-06
+35.79900E-06 -21.70854247E-03 +0.0E+00
+35.82400E-06 -21.70854249E-03 +261.30653E-06
+35.84900E-06 +0.0E+00 +522.61306E-06
+35.87400E-06 -21.70854249E-03 +522.61306E-06
+35.89900E-06 -21.70854247E-03 +261.30653E-06
+35.92400E-06 -43.41708496E-03 +522.61306E-06
+35.94900E-06 -43.41708496E-03 +0.0E+00
+35.97400E-06 -43.41708496E-03 +261.30653E-06
+35.99900E-06 -21.70854249E-03 -0.0E+00
+36.02400E-06 -21.70854249E-03 +0.0E+00
+36.04900E-06 -21.70854249E-03 +522.61306E-06
+36.07400E-06 +0.0E+00 +0.0E+00
+36.09900E-06 -21.70854247E-03 +522.61306E-06
+36.12400E-06 -21.70854249E-03 +0.0E+00
+36.14900E-06 -43.41708496E-03 +0.0E+00
+36.17400E-06 +0.0E+00 +0.0E+00
+36.19900E-06 +0.0E+00 +0.0E+00
+36.22400E-06 +0.0E+00 -261.30653E-06
+36.24900E-06 -21.70854247E-03 +0.0E+00
+36.27400E-06 -43.41708496E-03 +261.30653E-06
+36.29900E-06 -21.70854247E-03 -261.30653E-06
+36.32400E-06 -43.41708496E-03 +783.91959E-06
+36.34900E-06 -21.70854247E-03 -261.30653E-06
+36.37400E-06 +0.0E+00 +783.91959E-06
+36.39900E-06 +0.0E+00 -261.30653E-06
+36.42400E-06 +0.0E+00 +0.0E+00
+36.44900E-06 -21.70854249E-03 +522.61306E-06
+36.47400E-06 -43.41708496E-03 +261.30653E-06
+36.49900E-06 -21.70854247E-03 +261.30653E-06
+36.52400E-06 -21.70854249E-03 +261.30653E-06
+36.54900E-06 +0.0E+00 +0.0E+00
+36.57400E-06 +0.0E+00 -261.30653E-06
+36.59900E-06 -21.70854249E-03 -261.30653E-06
+36.62400E-06 +0.0E+00 +261.30653E-06
+36.64900E-06 -21.70854249E-03 +783.91959E-06
+36.67400E-06 -43.41708496E-03 +522.61306E-06
+36.69900E-06 +0.0E+00 +0.0E+00
+36.72400E-06 -43.41708499E-03 -261.30653E-06
+36.74900E-06 -43.41708496E-03 +0.0E+00
+36.77400E-06 +0.0E+00 +522.61306E-06
+36.79900E-06 +0.0E+00 +261.30653E-06
+36.82400E-06 -21.70854249E-03 +261.30653E-06
+36.84900E-06 -43.41708496E-03 +522.61306E-06
+36.87400E-06 -21.70854247E-03 +0.0E+00
+36.89900E-06 -43.41708496E-03 +522.61306E-06
+36.92400E-06 -43.41708496E-03 +261.30653E-06
+36.94900E-06 -65.12562746E-03 +261.30653E-06
+36.97400E-06 -21.70854247E-03 +261.30653E-06
+36.99900E-06 +0.0E+00 +0.0E+00
+37.02400E-06 +0.0E+00 -261.30653E-06
+37.04900E-06 -43.41708496E-03 +261.30653E-06
+37.07400E-06 -43.41708496E-03 +1.04522612E-03
+37.09900E-06 -21.70854247E-03 +0.0E+00
+37.12400E-06 -43.41708496E-03 +0.0E+00
+37.14900E-06 -43.41708496E-03 +261.30653E-06
+37.17400E-06 -21.70854247E-03 +261.30653E-06
+37.19900E-06 +0.0E+00 +0.0E+00
+37.22400E-06 +0.0E+00 +0.0E+00
+37.24900E-06 -21.70854249E-03 +0.0E+00
+37.27400E-06 -21.70854249E-03 +261.30653E-06
+37.29900E-06 -65.12562743E-03 +261.30653E-06
+37.32400E-06 -21.70854249E-03 -0.0E+00
+37.34900E-06 -86.83416992E-03 +0.0E+00
+37.37400E-06 -21.70854247E-03 -261.30653E-06
+37.39900E-06 +43.41708496E-03 -261.30653E-06
+37.42400E-06 -30E-12 -261.30653E-06
+37.44900E-06 -21.70854247E-03 +261.30653E-06
+37.47400E-06 -43.41708496E-03 +0.0E+00
+37.49900E-06 -21.70854247E-03 +261.30653E-06
+37.52400E-06 -43.41708496E-03 -0.0E+00
+37.54900E-06 -43.41708496E-03 +0.0E+00
+37.57400E-06 -21.70854247E-03 +522.61306E-06
+37.59900E-06 +0.0E+00 -261.30653E-06
+37.62400E-06 +21.70854249E-03 +261.30653E-06
+37.64900E-06 +0.0E+00 +261.30653E-06
+37.67400E-06 +0.0E+00 +522.61306E-06
+37.69900E-06 -43.41708493E-03 +261.30653E-06
+37.72400E-06 -43.41708496E-03 +0.0E+00
+37.74900E-06 -65.12562746E-03 +0.0E+00
+37.77400E-06 +30E-12 -261.30653E-06
+37.79900E-06 +0.0E+00 -261.30653E-06
+37.82400E-06 +0.0E+00 +0.0E+00
+37.84900E-06 -21.70854249E-03 +0.0E+00
+37.87400E-06 -43.41708496E-03 +0.0E+00
+37.89900E-06 -86.83416992E-03 +0.0E+00
+37.92400E-06 -21.70854247E-03 -261.30653E-06
+37.94900E-06 -43.41708496E-03 -261.30653E-06
+37.97400E-06 +0.0E+00 +0.0E+00
+37.99900E-06 +43.41708496E-03 +261.30653E-06
+38.02400E-06 +21.70854247E-03 -261.30653E-06
+38.04900E-06 +0.0E+00 +522.61306E-06
+38.07400E-06 -43.41708496E-03 +261.30653E-06
+38.09900E-06 -43.41708496E-03 +0.0E+00
+38.12400E-06 -43.41708496E-03 +522.61306E-06
+38.14900E-06 -43.41708496E-03 -261.30653E-06
+38.17400E-06 -21.70854247E-03 +0.0E+00
+38.19900E-06 +21.70854250E-03 +0.0E+00
+38.22400E-06 +21.70854247E-03 +261.30653E-06
+38.24900E-06 +0.0E+00 +261.30653E-06
+38.27400E-06 +0.0E+00 +783.91959E-06
+38.29900E-06 -21.70854247E-03 +783.91959E-06
+38.32400E-06 -86.83416992E-03 -522.61306E-06
+38.34900E-06 -43.41708496E-03 -261.30653E-06
+38.37400E-06 -21.70854247E-03 -522.61306E-06
+38.39900E-06 +43.41708496E-03 +0.0E+00
+38.42400E-06 +21.70854247E-03 -522.61306E-06
+38.44900E-06 +0.0E+00 +0.0E+00
+38.47400E-06 -43.41708496E-03 +783.91959E-06
+38.49900E-06 -86.83416992E-03 +0.0E+00
+38.52400E-06 -65.12562746E-03 +261.30653E-06
+38.54900E-06 -43.41708496E-03 +0.0E+00
+38.57400E-06 +30E-12 -261.30653E-06
+38.59900E-06 +43.41708496E-03 -261.30653E-06
+38.62400E-06 +65.12562743E-03 +261.30653E-06
+38.64900E-06 +0.0E+00 +783.91959E-06
+38.67400E-06 -21.70854247E-03 +783.91959E-06
+38.69900E-06 -65.12562743E-03 +783.91959E-06
+38.72400E-06 -86.83416992E-03 -261.30653E-06
+38.74900E-06 -65.12562743E-03 -261.30653E-06
+38.77400E-06 -21.70854247E-03 -783.91959E-06
+38.79900E-06 +21.70854250E-03 -1.04522612E-03
+38.82400E-06 +43.41708496E-03 -261.30653E-06
+38.84900E-06 +0.0E+00 +261.30653E-06
+38.87400E-06 -43.41708496E-03 +1.04522612E-03
+38.89900E-06 -86.83416992E-03 +522.61306E-06
+38.92400E-06 -65.12562746E-03 -261.30653E-06
+38.94900E-06 -65.12562743E-03 -261.30653E-06
+38.97400E-06 +0.0E+00 -1.04522612E-03
+38.99900E-06 +65.12562746E-03 +0.0E+00
+39.02400E-06 +86.83416992E-03 -261.30653E-06
+39.04900E-06 +21.70854247E-03 +783.91959E-06
+39.07400E-06 -65.12562746E-03 +1.04522612E-03
+39.09900E-06 -108.54271239E-03 +1.04522612E-03
+39.12400E-06 -108.54271242E-03 +522.61306E-06
+39.14900E-06 -86.83416992E-03 +0.0E+00
+39.17400E-06 +0.0E+00 -522.61306E-06
+39.19900E-06 +65.12562746E-03 -1.04522612E-03
+39.22400E-06 +86.83416992E-03 +0.0E+00
+39.24900E-06 +65.12562743E-03 +783.91959E-06
+39.27400E-06 +0.0E+00 +783.91959E-06
+39.29900E-06 -86.83416992E-03 +1.04522612E-03
+39.32400E-06 -108.54271242E-03 -0.0E+00
+39.34900E-06 -108.54271239E-03 +0.0E+00
+39.37400E-06 -21.70854247E-03 -522.61306E-06
+39.39900E-06 +86.83416992E-03 -261.30653E-06
+39.42400E-06 +108.54271239E-03 +0.0E+00
+39.44900E-06 +21.70854247E-03 +0.0E+00
+39.47400E-06 -43.41708499E-03 +2.09045224E-03
+39.49900E-06 -86.83416992E-03 +1.04522612E-03
+39.52400E-06 -130.25125489E-03 -0.0E+00
+39.54900E-06 -65.12562743E-03 +0.0E+00
+39.57400E-06 -21.70854247E-03 -522.61306E-06
+39.59900E-06 +86.83416992E-03 -1.04522612E-03
+39.62400E-06 +108.54271239E-03 -261.30653E-06
+39.64900E-06 +65.12562743E-03 +783.91959E-06
+39.67400E-06 -65.12562746E-03 +1.30653265E-03
+39.69900E-06 -130.25125489E-03 +783.91959E-06
+39.72400E-06 -173.66833985E-03 -261.30653E-06
+39.74900E-06 -108.54271239E-03 -783.91959E-06
+39.77400E-06 -21.70854247E-03 -783.91959E-06
+39.79900E-06 +65.12562746E-03 -1.04522612E-03
+39.82400E-06 +108.54271239E-03 +522.61306E-06
+39.84900E-06 +65.12562743E-03 +783.91959E-06
+39.87400E-06 -65.12562746E-03 +1.04522612E-03
+39.89900E-06 -151.95979735E-03 +1.04522612E-03
+39.92400E-06 -173.66833985E-03 +261.30653E-06
+39.94900E-06 -86.83416989E-03 +261.30653E-06
+39.97400E-06 +0.0E+00 -1.30653265E-03
+39.99900E-06 +86.83416992E-03 -1.04522612E-03
+40.02400E-06 +151.95979738E-03 -261.30653E-06
+40.04900E-06 +65.12562743E-03 +783.91959E-06
+40.07400E-06 -43.41708499E-03 +1.56783918E-03
+40.09900E-06 -151.95979738E-03 +1.82914571E-03
+40.12400E-06 -173.66833985E-03 -261.30653E-06
+40.14900E-06 -108.54271239E-03 -783.91959E-06
+40.17400E-06 -21.70854246E-03 -783.91959E-06
+40.19900E-06 +130.25125489E-03 -783.91959E-06
+40.22400E-06 +151.95979735E-03 -261.30653E-06
+40.24900E-06 +65.12562743E-03 +1.56783918E-03
+40.27400E-06 -65.12562746E-03 +1.56783918E-03
+40.29900E-06 -195.37688231E-03 +1.30653265E-03
+40.32400E-06 -217.08542481E-03 +522.61306E-06
+40.34900E-06 -130.25125485E-03 -1.04522612E-03
+40.37400E-06 +30E-12 -1.30653265E-03
+40.39900E-06 +151.95979738E-03 -1.04522612E-03
+40.42400E-06 +151.95979735E-03 +0.0E+00
+40.44900E-06 +65.12562743E-03 +1.04522612E-03
+40.47400E-06 -65.12562746E-03 +1.82914571E-03
+40.49900E-06 -173.66833985E-03 +1.56783918E-03
+40.52400E-06 -238.79396731E-03 +261.30653E-06
+40.54900E-06 -151.95979735E-03 -1.04522612E-03
+40.57400E-06 +30E-12 -1.56783918E-03
+40.59900E-06 +151.95979738E-03 -1.04522612E-03
+40.62400E-06 +195.37688231E-03 -783.91959E-06
+40.64900E-06 +130.25125489E-03 +1.30653265E-03
+40.67400E-06 -65.12562746E-03 +2.35175877E-03
+40.69900E-06 -217.08542481E-03 +1.82914571E-03
+40.72400E-06 -282.21105227E-03 +522.61306E-06
+40.74900E-06 -195.37688231E-03 -1.04522612E-03
+40.77400E-06 +30E-12 -1.82914571E-03
+40.79900E-06 +173.66833988E-03 -1.82914571E-03
+40.82400E-06 +260.50250977E-03 -261.30653E-06
+40.84900E-06 +130.25125485E-03 +1.30653265E-03
+40.87400E-06 -65.12562746E-03 +2.35175877E-03
+40.89900E-06 -238.79396731E-03 +2.09045224E-03
+40.92400E-06 -282.21105224E-03 +522.61306E-06
+40.94900E-06 -217.08542478E-03 -1.30653265E-03
+40.97400E-06 +30E-12 -1.56783918E-03
+40.99900E-06 +195.37688235E-03 -1.82914571E-03
+41.02400E-06 +260.50250977E-03 +0.0E+00
+41.04900E-06 +173.66833985E-03 +2.09045224E-03
+41.07400E-06 -43.41708500E-03 +2.35175877E-03
+41.09900E-06 -282.21105227E-03 +2.09045224E-03
+41.12400E-06 -347.33667970E-03 +522.61306E-06
+41.14900E-06 -195.37688231E-03 -1.56783918E-03
+41.17400E-06 +43.41708500E-03 -2.09045224E-03
+41.19900E-06 +217.08542481E-03 -2.35175877E-03
+41.22400E-06 +325.62813720E-03 -522.61306E-06
+41.24900E-06 +173.66833985E-03 +1.82914571E-03
+41.27400E-06 -65.12562750E-03 +3.13567836E-03
+41.29900E-06 -282.21105227E-03 +2.61306530E-03
+41.32400E-06 -347.33667970E-03 +783.91959E-06
+41.34900E-06 -217.08542478E-03 -1.04522612E-03
+41.37400E-06 +21.70854253E-03 -3.13567836E-03
+41.39900E-06 +282.21105227E-03 -2.35175877E-03
+41.42400E-06 +325.62813720E-03 -522.61306E-06
+41.44900E-06 +217.08542478E-03 +1.82914571E-03
+41.47400E-06 -65.12562750E-03 +3.65829142E-03
+41.49900E-06 -303.91959477E-03 +2.35175877E-03
+41.52400E-06 -390.75376466E-03 +522.61306E-06
+41.54900E-06 -260.50250974E-03 -2.61306530E-03
+41.57400E-06 +40E-12 -3.39698489E-03
+41.59900E-06 +282.21105227E-03 -2.35175877E-03
+41.62400E-06 +369.04522216E-03 -261.30653E-06
+41.64900E-06 +238.79396727E-03 +2.35175877E-03
+41.67400E-06 -65.12562750E-03 +3.91959795E-03
+41.69900E-06 -325.62813723E-03 +2.87437183E-03
+41.72400E-06 -434.17084962E-03 +522.61306E-06
+41.74900E-06 -260.50250974E-03 -2.35175877E-03
+41.77400E-06 +43.41708500E-03 -3.91959795E-03
+41.79900E-06 +347.33667973E-03 -3.13567836E-03
+41.82400E-06 +412.46230712E-03 -261.30653E-06
+41.84900E-06 +238.79396724E-03 +2.61306530E-03
+41.87400E-06 -86.83417000E-03 +4.18090448E-03
+41.89900E-06 -369.04522220E-03 +2.87437183E-03
+41.92400E-06 -477.58793458E-03 +783.91959E-06
+41.94900E-06 -303.91959470E-03 -2.61306530E-03
+41.97400E-06 +65.12562750E-03 -3.65829142E-03
+41.99900E-06 +347.33667973E-03 -3.39698489E-03
+42.02400E-06 +455.87939208E-03 -261.30653E-06
+42.04900E-06 +260.50250974E-03 +3.13567836E-03
+42.07400E-06 -86.83417000E-03 +4.44221101E-03
+42.09900E-06 -455.87939212E-03 +3.13567836E-03
+42.12400E-06 -521.00501955E-03 +783.91959E-06
+42.14900E-06 -347.33667966E-03 -2.87437183E-03
+42.17400E-06 +65.12562750E-03 -4.18090448E-03
+42.19900E-06 +434.17084966E-03 -3.13567836E-03
+42.22400E-06 +521.00501955E-03 -783.91959E-06
+42.24900E-06 +282.21105220E-03 +3.13567836E-03
+42.27400E-06 -108.54271246E-03 +5.48743713E-03
+42.29900E-06 -477.58793462E-03 +3.65829142E-03
+42.32400E-06 -586.13064697E-03 +261.30653E-06
+42.34900E-06 -369.04522212E-03 -2.61306530E-03
+42.37400E-06 +86.83417000E-03 -4.96482407E-03
+42.39900E-06 +455.87939216E-03 -4.18090448E-03
+42.42400E-06 +564.42210451E-03 +0.0E+00
+42.44900E-06 +325.62813716E-03 +3.91959795E-03
+42.47400E-06 -130.25125496E-03 +5.74874366E-03
+42.49900E-06 -499.29647708E-03 +4.18090448E-03
+42.52400E-06 -629.54773193E-03 +261.30653E-06
+42.54900E-06 -347.33667962E-03 -3.91959795E-03
+42.57400E-06 +65.12562754E-03 -5.74874366E-03
+42.59900E-06 +521.00501958E-03 -3.91959795E-03
+42.62400E-06 +629.54773193E-03 -522.61306E-06
+42.64900E-06 +347.33667962E-03 +3.91959795E-03
+42.67400E-06 -108.54271250E-03 +5.74874366E-03
+42.69900E-06 -607.83918951E-03 +4.44221101E-03
+42.72400E-06 -672.96481689E-03 +522.61306E-06
+42.74900E-06 -434.17084958E-03 -4.44221101E-03
+42.77400E-06 +108.54271250E-03 -5.74874366E-03
+42.79900E-06 +564.42210458E-03 -4.96482407E-03
+42.82400E-06 +672.96481689E-03 +0.0E+00
+42.84900E-06 +390.75376458E-03 +4.70351754E-03
+42.87400E-06 -151.95979746E-03 +7.31658284E-03
+42.89900E-06 -629.54773201E-03 +5.74874366E-03
+42.92400E-06 -759.79898682E-03 +261.30653E-06
+42.94900E-06 -477.58793451E-03 -4.18090448E-03
+42.97400E-06 +86.83417004E-03 -6.79396978E-03
+42.99900E-06 +607.83918955E-03 -5.74874366E-03
+43.02400E-06 +716.38190186E-03 -522.61306E-06
+43.04900E-06 +434.17084954E-03 +5.48743713E-03
+43.07400E-06 -173.66833996E-03 +7.31658284E-03
+43.09900E-06 -694.67335943E-03 +6.01005019E-03
+43.12400E-06 -803.21607178E-03 +783.91959E-06
+43.14900E-06 -499.29647697E-03 -4.96482407E-03
+43.17400E-06 +108.54271250E-03 -7.05527631E-03
+43.19900E-06 +651.25627447E-03 -5.74874366E-03
+43.22400E-06 +803.21607178E-03 -261.30653E-06
+43.24900E-06 +477.58793451E-03 +5.74874366E-03
+43.27400E-06 -173.66833997E-03 +8.62311549E-03
+43.29900E-06 -759.79898690E-03 +6.27135672E-03
+43.32400E-06 -890.05024170E-03 +522.61306E-06
+43.34900E-06 -521.00501947E-03 -5.48743713E-03
+43.37400E-06 +130.25125500E-03 -7.83919590E-03
+43.39900E-06 +781.50752940E-03 -6.53266325E-03
+43.42400E-06 +890.05024170E-03 -261.30653E-06
+43.44900E-06 +521.00501943E-03 +6.27135672E-03
+43.47400E-06 -195.37688247E-03 +9.40703508E-03
+43.49900E-06 -824.92461432E-03 +7.05527631E-03
+43.52400E-06 -976.88441163E-03 +783.91959E-06
+43.54900E-06 -564.42210439E-03 -5.74874366E-03
+43.57400E-06 +151.95979751E-03 -8.62311549E-03
+43.59900E-06 +803.21607190E-03 -6.79396978E-03
+43.62400E-06 +933.46732667E-03 -522.61306E-06
+43.64900E-06 +564.42210439E-03 +6.79396978E-03
+43.67400E-06 -238.79396743E-03 +9.92964813E-03
+43.69900E-06 -846.63315682E-03 +7.83919589E-03
+43.72400E-06 -1.04201003909E+00 -0.0E+00
+43.74900E-06 -629.54773185E-03 -6.27135672E-03
+43.77400E-06 +173.66834001E-03 -9.66834161E-03
+43.79900E-06 +868.34169932E-03 -7.57788937E-03
+43.82400E-06 +1.04201003905E+00 -261.30653E-06
+43.84900E-06 +586.13064689E-03 +7.05527631E-03
+43.87400E-06 -238.79396743E-03 +10.97487425E-03
+43.89900E-06 -933.46732679E-03 +8.36180895E-03
+43.92400E-06 -1.12884420902E+00 +783.91959E-06
+43.94900E-06 -651.25627431E-03 -6.79396978E-03
+43.97400E-06 +217.08542497E-03 -11.23618078E-03
+43.99900E-06 +911.75878429E-03 -8.10050243E-03
+44.02400E-06 +1.15055275148E+00 +0.0E+00
+44.04900E-06 +651.25627431E-03 +7.31658284E-03
+44.07400E-06 -238.79396748E-03 +12.02010037E-03
+44.09900E-06 -1.02030149671E+00 +8.62311548E-03
+44.12400E-06 -1.21567837890E+00 +1.04522612E-03
+44.14900E-06 -694.67335927E-03 -7.83919590E-03
+44.17400E-06 +217.08542497E-03 -12.28140690E-03
+44.19900E-06 +1.02030149671E+00 -8.88442201E-03
+44.22400E-06 +1.21567837894E+00 -261.30653E-06
+44.24900E-06 +716.38190173E-03 +8.10050243E-03
+44.27400E-06 -260.50250994E-03 +13.06532649E-03
+44.29900E-06 -1.10713566664E+00 +9.14572854E-03
+44.32400E-06 -1.32422109132E+00 +261.30653E-06
+44.34900E-06 -738.09044423E-03 -8.10050243E-03
+44.37400E-06 +238.79396748E-03 -12.54271343E-03
+44.39900E-06 +1.06371858168E+00 -9.14572854E-03
+44.42400E-06 +1.30251254886E+00 +261.30653E-06
+44.44900E-06 +716.38190173E-03 +9.40703508E-03
+44.47400E-06 -282.21105244E-03 +13.84924608E-03
+44.49900E-06 -1.21567837902E+00 +9.92964813E-03
+44.52400E-06 -1.41105526125E+00 +1.04522612E-03
+44.54900E-06 -803.21607165E-03 -8.62311549E-03
+44.57400E-06 +260.50250994E-03 -13.84924608E-03
+44.59900E-06 +1.17226129410E+00 -9.92964813E-03
+44.62400E-06 +1.38934671875E+00 -261.30653E-06
+44.64900E-06 +781.50752915E-03 +9.92964814E-03
+44.67400E-06 -325.62813741E-03 +14.37185914E-03
+44.69900E-06 -1.25909546399E+00 +10.45226119E-03
+44.72400E-06 -1.51959797363E+00 +261.30653E-06
+44.74900E-06 -846.63315657E-03 -10.19095467E-03
+44.77400E-06 +303.91959495E-03 -14.63316567E-03
+44.79900E-06 +1.25909546403E+00 -10.71356772E-03
+44.82400E-06 +1.49788943113E+00 -783.91959E-06
+44.84900E-06 +803.21607161E-03 +10.71356773E-03
+44.87400E-06 -347.33667991E-03 +15.93969832E-03
+44.89900E-06 -1.36763817641E+00 +11.49748731E-03
+44.92400E-06 -1.58472360105E+00 +783.91959E-06
+44.94900E-06 -911.75878403E-03 -10.71356773E-03
+44.97400E-06 +325.62813745E-03 -16.20100485E-03
+44.99900E-06 +1.34592963395E+00 -11.49748731E-03
+45.02400E-06 +1.60643214356E+00 -783.91959E-06
+45.04900E-06 +868.34169903E-03 +12.02010038E-03
+45.07400E-06 -369.04522241E-03 +17.24623097E-03
+45.09900E-06 -1.43276380388E+00 +12.28140690E-03
+45.12400E-06 -1.69326631348E+00 +522.61306E-06
+45.14900E-06 -933.46732649E-03 -11.75879385E-03
+45.17400E-06 +347.33667996E-03 -17.24623097E-03
+45.19900E-06 +1.47618088884E+00 -12.54271343E-03
+45.22400E-06 +1.71497485594E+00 +0.0E+00
+45.24900E-06 +955.17586895E-03 +12.28140691E-03
+45.27400E-06 -390.75376492E-03 +18.29145709E-03
+45.29900E-06 -1.54130651631E+00 +13.06532649E-03
+45.32400E-06 -1.80180902591E+00 +522.61306E-06
+45.34900E-06 -998.59295391E-03 -12.54271344E-03
+45.37400E-06 +369.04522246E-03 -17.76884403E-03
+45.39900E-06 +1.54130651626E+00 -12.80401996E-03
+45.42400E-06 +1.80180902586E+00 +0.0E+00
+45.44900E-06 +976.88441145E-03 +13.32663302E-03
+45.47400E-06 -434.17084988E-03 +19.07537668E-03
+45.49900E-06 -1.62814068623E+00 +13.84924608E-03
+45.52400E-06 -1.88864319579E+00 -0.0E+00
+45.54900E-06 -1.06371858133E+00 -13.32663302E-03
+45.57400E-06 +390.75376492E-03 -19.07537668E-03
+45.59900E-06 +1.64984922874E+00 -14.11055261E-03
+45.62400E-06 +1.91035173829E+00 -261.30653E-06
+45.64900E-06 +1.04201003883E+00 +14.37185914E-03
+45.67400E-06 -499.29647735E-03 +20.38190933E-03
+45.69900E-06 -1.75839194112E+00 +15.15577873E-03
+45.72400E-06 -1.97547736571E+00 -0.0E+00
+45.74900E-06 -1.12884420879E+00 -14.11055261E-03
+45.77400E-06 +455.87939239E-03 -20.90452239E-03
+45.79900E-06 +1.69326631366E+00 -14.63316567E-03
+45.82400E-06 +1.99718590817E+00 +783.91959E-06
+45.84900E-06 +1.08542712379E+00 +15.67839179E-03
+45.87400E-06 -521.00501986E-03 +22.21105504E-03
+45.89900E-06 -1.80180902609E+00 +15.67839179E-03
+45.92400E-06 -2.08402007814E+00 -0.0E+00
+45.94900E-06 -1.15055275120E+00 -15.41708526E-03
+45.97400E-06 +499.29647736E-03 -21.94974851E-03
+45.99900E-06 +1.80180902609E+00 -15.67839179E-03
+46.02400E-06 +2.10572862055E+00 +522.61306E-06
+46.04900E-06 +1.12884420874E+00 +16.98492444E-03
+46.07400E-06 -542.71356237E-03 +23.25628116E-03
+46.09900E-06 -1.88864319601E+00 +16.98492444E-03
+46.12400E-06 -2.21427133302E+00 +261.30653E-06
+46.14900E-06 -1.19396983616E+00 -16.46231138E-03
+46.17400E-06 +521.00501991E-03 -22.99497463E-03
+46.19900E-06 +1.91035173852E+00 -16.46231138E-03
+46.22400E-06 +2.19256279052E+00 +783.91959E-06
+46.24900E-06 +1.17226129370E+00 +18.03015056E-03
+46.27400E-06 -564.42210483E-03 +24.30150728E-03
+46.29900E-06 -2.01889445090E+00 +17.50753750E-03
+46.32400E-06 -2.30110550290E+00 +261.30653E-06
+46.34900E-06 -1.25909546358E+00 -17.50753750E-03
+46.37400E-06 +542.71356237E-03 -25.08542687E-03
+46.39900E-06 +1.99718590844E+00 -17.24623097E-03
+46.42400E-06 +2.34452258786E+00 +522.61306E-06
+46.44900E-06 +1.19396983616E+00 +18.81407015E-03
+46.47400E-06 -607.83918984E-03 +25.60803993E-03
+46.49900E-06 -2.10572862082E+00 +18.29145709E-03
+46.52400E-06 -2.40964821533E+00 -0.0E+00
+46.54900E-06 -1.30251254854E+00 -18.55276362E-03
+46.57400E-06 +586.13064733E-03 -25.86934646E-03
+46.59900E-06 +2.08402007837E+00 -18.29145709E-03
+46.62400E-06 +2.40964821528E+00 +261.30653E-06
+46.64900E-06 +1.25909546358E+00 +19.85929627E-03
+46.67400E-06 -629.54773235E-03 +27.43718564E-03
+46.69900E-06 -2.21427133325E+00 +18.81407015E-03
+46.72400E-06 -2.47477384275E+00 -261.30653E-06
+46.74900E-06 -1.34592963350E+00 -19.07537668E-03
+46.77400E-06 +607.83918989E-03 -26.91457258E-03
+46.79900E-06 +2.23597987576E+00 -18.55276362E-03
+46.82400E-06 +2.51819092771E+00 +1.30653265E-03
+46.84900E-06 +1.34592963350E+00 +20.64321586E-03
+46.87400E-06 -694.67335981E-03 +28.22110523E-03
+46.89900E-06 -2.27939696072E+00 +19.59798974E-03
+46.92400E-06 -2.60502509763E+00 -783.91959E-06
+46.94900E-06 -1.38934671846E+00 -20.12060280E-03
+46.97400E-06 +651.25627486E-03 -28.22110523E-03
+46.99900E-06 +2.30110550318E+00 -19.59798974E-03
+47.02400E-06 +2.60502509763E+00 +1.04522612E-03
+47.04900E-06 +1.36763817595E+00 +21.68844198E-03
+47.07400E-06 -716.38190228E-03 +29.78894440E-03
+47.09900E-06 -2.40964821561E+00 +20.64321586E-03
+47.12400E-06 -2.71356781001E+00 -0.0E+00
+47.14900E-06 -1.43276380337E+00 -20.90452239E-03
+47.17400E-06 +694.67335982E-03 -29.52763787E-03
+47.19900E-06 +2.38793967315E+00 -20.12060280E-03
+47.22400E-06 +2.69185926756E+00 +1.30653265E-03
+47.24900E-06 +1.38934671841E+00 +22.99497463E-03
+47.27400E-06 -781.50752975E-03 +31.35678358E-03
+47.29900E-06 -2.47477384308E+00 +21.42713545E-03
+47.32400E-06 -2.77869343743E+00 -522.61306E-06
+47.34900E-06 -1.47618088833E+00 -21.68844198E-03
+47.37400E-06 +738.09044479E-03 -31.09547705E-03
+47.39900E-06 +2.47477384308E+00 -21.16582892E-03
+47.42400E-06 +2.80040197994E+00 +2.09045224E-03
+47.44900E-06 +1.43276380337E+00 +24.04020075E-03
+47.47400E-06 -803.21607226E-03 +32.66331623E-03
+47.49900E-06 -2.56160801301E+00 +22.99497462E-03
+47.52400E-06 -2.88723614986E+00 -1.04522612E-03
+47.54900E-06 -1.51959797324E+00 -22.99497463E-03
+47.57400E-06 +759.79898730E-03 -31.87939664E-03
+47.59900E-06 +2.58331655546E+00 -21.94974851E-03
+47.62400E-06 +2.88723614986E+00 +1.82914571E-03
+47.64900E-06 +1.49788943078E+00 +24.82412034E-03
+47.67400E-06 -803.21607226E-03 +33.96984888E-03
+47.69900E-06 -2.67015072539E+00 +23.25628115E-03
+47.72400E-06 -2.97407031978E+00 -1.04522612E-03
+47.74900E-06 -1.54130651569E+00 -24.30150728E-03
+47.77400E-06 +803.21607226E-03 -33.70854235E-03
+47.79900E-06 +2.67015072544E+00 -22.21105503E-03
+47.82400E-06 +2.97407031978E+00 +2.09045224E-03
+47.84900E-06 +1.49788943078E+00 +26.65326605E-03
+47.87400E-06 -846.63315728E-03 +35.53768806E-03
+47.89900E-06 -2.71356781040E+00 +23.77889421E-03
+47.92400E-06 -3.03919594720E+00 -1.30653265E-03
+47.94900E-06 -1.58472360065E+00 -25.34673340E-03
+47.97400E-06 +846.63315723E-03 -34.75376847E-03
+47.99900E-06 +2.73527635286E+00 -23.25628115E-03
+48.02400E-06 +3.01748740474E+00 +2.35175877E-03
+48.04900E-06 +1.54130651569E+00 +26.91457258E-03
+48.07400E-06 -911.75878475E-03 +36.32160765E-03
+48.09900E-06 -2.77869343782E+00 +24.56281380E-03
+48.12400E-06 -3.08261303216E+00 -1.30653265E-03
+48.14900E-06 -1.60643214315E+00 -25.34673340E-03
+48.17400E-06 +868.34169974E-03 -35.79899459E-03
+48.19900E-06 +2.75698489537E+00 -23.77889421E-03
+48.22400E-06 +3.08261303216E+00 +2.87437183E-03
+48.24900E-06 +1.56301505819E+00 +27.95979870E-03
+48.27400E-06 -933.46732721E-03 +37.10552724E-03
+48.29900E-06 -2.86552760775E+00 +25.08542686E-03
+48.32400E-06 -3.21286428705E+00 -1.82914571E-03
+48.34900E-06 -1.64984922806E+00 -27.17587911E-03
+48.37400E-06 +868.34169974E-03 -36.84422071E-03
+48.39900E-06 +2.84381906529E+00 -23.77889421E-03
+48.42400E-06 +3.16944720208E+00 +2.87437183E-03
+48.44900E-06 +1.58472360064E+00 +28.74371829E-03
+48.47400E-06 -955.17586967E-03 +38.41205989E-03
+48.49900E-06 -2.95236177768E+00 +25.86934645E-03
+48.52400E-06 -3.25628137201E+00 -1.82914572E-03
+48.54900E-06 -1.64984922806E+00 -27.95979870E-03
+48.57400E-06 +933.46732722E-03 -37.62814030E-03
+48.59900E-06 +2.93065323522E+00 -24.30150727E-03
+48.62400E-06 +3.21286428705E+00 +3.39698489E-03
+48.64900E-06 +1.60643214309E+00 +29.00502482E-03
+48.67400E-06 -998.59295468E-03 +39.71859254E-03
+48.69900E-06 -2.97407032018E+00 +25.86934645E-03
+48.72400E-06 -3.29969845697E+00 -2.35175878E-03
+48.74900E-06 -1.64984922805E+00 -27.95979870E-03
+48.77400E-06 +955.17586973E-03 -38.41205989E-03
+48.79900E-06 +2.95236177768E+00 -25.34673339E-03
+48.82400E-06 +3.25628137196E+00 +3.65829142E-03
+48.84900E-06 +1.62814068560E+00 +30.57286400E-03
+48.87400E-06 -998.59295469E-03 +41.02512519E-03
+48.89900E-06 -3.03919594760E+00 +26.39195951E-03
+48.92400E-06 -3.34311554193E+00 -1.82914572E-03
+48.94900E-06 -1.64984922805E+00 -29.26633135E-03
+48.97400E-06 +955.17586973E-03 -39.45728601E-03
+48.99900E-06 +3.01748740515E+00 -25.60803992E-03
+49.02400E-06 +3.27798991446E+00 +3.65829142E-03
+49.04900E-06 +1.60643214308E+00 +31.09547706E-03
+49.07400E-06 -1.04201003966E+00 +40.76381866E-03
+49.09900E-06 -3.08261303257E+00 +27.43718563E-03
+49.12400E-06 -3.38653262689E+00 -2.35175878E-03
+49.14900E-06 -1.67155777050E+00 -30.31155747E-03
+49.17400E-06 +1.02030149715E+00 -40.24120560E-03
+49.19900E-06 +3.06090449012E+00 -25.86934645E-03
+49.22400E-06 +3.32140699942E+00 +3.91959796E-03
+49.24900E-06 +1.62814068554E+00 +31.87939665E-03
+49.27400E-06 -1.08542712462E+00 +42.33165784E-03
+49.29900E-06 -3.10432157508E+00 +26.91457257E-03
+49.32400E-06 -3.38653262689E+00 -2.61306531E-03
+49.34900E-06 -1.69326631300E+00 -30.31155747E-03
+49.37400E-06 +1.04201003966E+00 -41.02512519E-03
+49.39900E-06 +3.08261303257E+00 -26.65326604E-03
+49.42400E-06 +3.36482408438E+00 +4.44221101E-03
+49.44900E-06 +1.62814068553E+00 +32.40200971E-03
+49.47400E-06 -1.08542712463E+00 +42.59296437E-03
+49.49900E-06 -3.14773866004E+00 +27.43718563E-03
+49.52400E-06 -3.40824116934E+00 -2.35175878E-03
+49.54900E-06 -1.69326631300E+00 -31.09547706E-03
+49.57400E-06 +1.04201003967E+00 -41.28643172E-03
+49.59900E-06 +3.12603011759E+00 -26.39195951E-03
+49.62400E-06 +3.38653262689E+00 +4.96482407E-03
+49.64900E-06 +1.62814068553E+00 +33.18592930E-03
+49.67400E-06 -1.08542712463E+00 +43.37688396E-03
+49.69900E-06 -3.16944720250E+00 +27.95979869E-03
+49.72400E-06 -3.47336679681E+00 -2.61306531E-03
+49.74900E-06 -1.67155777049E+00 -32.14070318E-03
+49.77400E-06 +1.04201003967E+00 -41.80904478E-03
+49.79900E-06 +3.10432157508E+00 -26.39195951E-03
+49.82400E-06 +3.38653262683E+00 +4.70351754E-03
+49.84900E-06 +1.62814068552E+00 +33.44723583E-03
+49.87400E-06 -1.12884420960E+00 +43.37688396E-03
+49.89900E-06 -3.19115574501E+00 +27.69849216E-03
+49.92400E-06 -3.45165825430E+00 -2.87437184E-03
+49.94900E-06 -1.67155777048E+00 -32.14070318E-03
+49.97400E-06 +1.08542712464E+00 -42.33165784E-03
+49.99900E-06 +3.14773866005E+00 -26.39195951E-03
+50.02400E-06 +3.38653262689E+00 +5.22613061E-03
+50.04900E-06 +1.62814068552E+00 +34.49246195E-03
+50.07400E-06 -1.12884420961E+00 +43.89949702E-03
+50.09900E-06 -3.16944720250E+00 +28.22110522E-03
+50.12400E-06 -3.42994971185E+00 -3.39698490E-03
+50.14900E-06 -1.62814068552E+00 -32.66331624E-03
+50.17400E-06 +1.08542712464E+00 -42.85427090E-03
+50.19900E-06 +3.14773866005E+00 -26.13065298E-03
+50.22400E-06 +3.40824116934E+00 +5.48743713E-03
+50.24900E-06 +1.60643214306E+00 +34.23115542E-03
+50.27400E-06 -1.12884420961E+00 +44.16080355E-03
+50.29900E-06 -3.16944720251E+00 +27.95979869E-03
+50.32400E-06 -3.40824116934E+00 -3.91959796E-03
+50.34900E-06 -1.64984922796E+00 -32.92462277E-03
+50.37400E-06 +1.10713566716E+00 -42.59296437E-03
+50.39900E-06 +3.14773866000E+00 -26.39195951E-03
+50.42400E-06 +3.36482408437E+00 +4.96482407E-03
+50.44900E-06 +1.58472360055E+00 +34.49246195E-03
+50.47400E-06 -1.12884420961E+00 +44.42211008E-03
+50.49900E-06 -3.16944720251E+00 +28.22110522E-03
+50.52400E-06 -3.40824116934E+00 -3.91959796E-03
+50.54900E-06 -1.62814068551E+00 -32.66331624E-03
+50.57400E-06 +1.08542712465E+00 -42.85427090E-03
+50.59900E-06 +3.12603011755E+00 -26.39195951E-03
+50.62400E-06 +3.36482408437E+00 +6.01005019E-03
+50.64900E-06 +1.54130651558E+00 +34.23115542E-03
+50.67400E-06 -1.15055275213E+00 +43.63819049E-03
+50.69900E-06 -3.14773866000E+00 +27.69849216E-03
+50.72400E-06 -3.34311554186E+00 -4.18090449E-03
+50.74900E-06 -1.58472360054E+00 -32.40200971E-03
+50.77400E-06 +1.12884420962E+00 -42.59296437E-03
+50.79900E-06 +3.10432157509E+00 -25.34673339E-03
+50.82400E-06 +3.32140699941E+00 +5.74874367E-03
+50.84900E-06 +1.51959797312E+00 +34.75376848E-03
+50.87400E-06 -1.12884420962E+00 +43.63819049E-03
+50.89900E-06 -3.14773866000E+00 +27.17587910E-03
+50.92400E-06 -3.32140699941E+00 -4.18090449E-03
+50.94900E-06 -1.56301505803E+00 -32.66331624E-03
+50.97400E-06 +1.08542712466E+00 -42.59296437E-03
+50.99900E-06 +3.08261303259E+00 -26.13065298E-03
+51.02400E-06 +3.25628137194E+00 +6.01005019E-03
+51.04900E-06 +1.51959797312E+00 +34.75376848E-03
+51.07400E-06 -1.12884420963E+00 +43.37688396E-03
+51.09900E-06 -3.10432157504E+00 +27.43718563E-03
+51.12400E-06 -3.27798991445E+00 -4.70351754E-03
+51.14900E-06 -1.56301505802E+00 -32.92462277E-03
+51.17400E-06 +1.10713566712E+00 -41.54773825E-03
+51.19900E-06 +3.03919594763E+00 -25.08542686E-03
+51.22400E-06 +3.23457282948E+00 +6.27135672E-03
+51.24900E-06 +1.47618088815E+00 +34.49246195E-03
+51.27400E-06 -1.12884420963E+00 +43.11557743E-03
+51.29900E-06 -3.03919594757E+00 +26.65326604E-03
+51.32400E-06 -3.23457282948E+00 -4.70351755E-03
+51.34900E-06 -1.51959797311E+00 -32.40200971E-03
+51.37400E-06 +1.08542712467E+00 -41.80904478E-03
+51.39900E-06 +2.99577886267E+00 -25.34673339E-03
+51.42400E-06 +3.14773865956E+00 +6.53266325E-03
+51.44900E-06 +1.43276380318E+00 +33.96984889E-03
+51.47400E-06 -1.12884420964E+00 +43.11557743E-03
+51.49900E-06 -3.01748740512E+00 +26.39195951E-03
+51.52400E-06 -3.19115574452E+00 -4.44221102E-03
+51.54900E-06 -1.45447234563E+00 -32.40200971E-03
+51.57400E-06 +1.08542712462E+00 -41.54773825E-03
+51.59900E-06 +2.93065323520E+00 -24.82412033E-03
+51.62400E-06 +3.10432157459E+00 +6.53266325E-03
+51.64900E-06 +1.38934671822E+00 +33.96984889E-03
+51.67400E-06 -1.10713566713E+00 +42.85427090E-03
+51.69900E-06 -2.95236177771E+00 +26.13065298E-03
+51.72400E-06 -3.10432157459E+00 -4.96482408E-03
+51.74900E-06 -1.43276380324E+00 -31.87939665E-03
+51.77400E-06 +1.04201003966E+00 -41.02512519E-03
+51.79900E-06 +2.90894469275E+00 -23.77889421E-03
+51.82400E-06 +3.01748740467E+00 +6.27135672E-03
+51.84900E-06 +1.36763817576E+00 +33.70854236E-03
+51.87400E-06 -1.10713566708E+00 +41.54773825E-03
+51.89900E-06 -2.90894469269E+00 +25.60803992E-03
+51.92400E-06 -3.06090448963E+00 -4.96482408E-03
+51.94900E-06 -1.41105526072E+00 -32.14070318E-03
+51.97400E-06 +1.06371858212E+00 -40.24120560E-03
+51.99900E-06 +2.84381906528E+00 -23.51758768E-03
+52.02400E-06 +2.97407031970E+00 +6.79396978E-03
+52.04900E-06 +1.28080400583E+00 +33.44723583E-03
+52.07400E-06 -1.08542712463E+00 +40.50251213E-03
+52.09900E-06 -2.84381906528E+00 +25.08542686E-03
+52.12400E-06 -2.95236177719E+00 -4.70351755E-03
+52.14900E-06 -1.34592963330E+00 -31.61809012E-03
+52.17400E-06 +1.04201003961E+00 -39.19597948E-03
+52.19900E-06 +2.75698489536E+00 -23.51758768E-03
+52.22400E-06 +2.86552760733E+00 +7.05527631E-03
+52.24900E-06 +1.25909546338E+00 +32.66331624E-03
+52.27400E-06 -1.06371858212E+00 +39.97989907E-03
+52.29900E-06 -2.75698489536E+00 +23.77889421E-03
+52.32400E-06 -2.84381906481E+00 -4.70351755E-03
+52.34900E-06 -1.30251254834E+00 -30.83417053E-03
+52.37400E-06 +1.02030149717E+00 -38.67336642E-03
+52.39900E-06 +2.67015072543E+00 -22.47236156E-03
+52.42400E-06 +2.80040197985E+00 +6.53266325E-03
+52.44900E-06 +1.21567837841E+00 +32.14070318E-03
+52.47400E-06 -1.06371858213E+00 +39.45728601E-03
+52.49900E-06 -2.69185926789E+00 +23.77889421E-03
+52.52400E-06 -2.80040197985E+00 -4.96482407E-03
+52.54900E-06 -1.25909546337E+00 -30.31155747E-03
+52.57400E-06 +1.02030149717E+00 -37.36683377E-03
+52.59900E-06 +2.60502509796E+00 -21.42713544E-03
+52.62400E-06 +2.67015072496E+00 +6.53266325E-03
+52.64900E-06 +1.19396983596E+00 +31.87939665E-03
+52.67400E-06 -1.02030149711E+00 +38.67336642E-03
+52.69900E-06 -2.58331655545E+00 +22.99497462E-03
+52.72400E-06 -2.71356780993E+00 -4.70351754E-03
+52.74900E-06 -1.19396983595E+00 -29.52763788E-03
+52.77400E-06 +998.59295466E-03 -36.58291418E-03
+52.79900E-06 +2.51819092804E+00 -21.16582891E-03
+52.82400E-06 +2.58331655504E+00 +7.31658284E-03
+52.84900E-06 +1.17226129350E+00 +30.31155747E-03
+52.87400E-06 -998.59295466E-03 +36.84422071E-03
+52.89900E-06 -2.53989947049E+00 +21.94974850E-03
+52.92400E-06 -2.58331655510E+00 -4.96482407E-03
+52.94900E-06 -1.17226129350E+00 -29.52763788E-03
+52.97400E-06 +955.17586964E-03 -35.53768806E-03
+52.99900E-06 +2.43135675812E+00 -20.90452238E-03
+53.02400E-06 +2.51819092762E+00 +6.01005019E-03
+53.04900E-06 +1.06371858106E+00 +30.05025094E-03
+53.07400E-06 -933.46732720E-03 +36.32160765E-03
+53.09900E-06 -2.45306530057E+00 +21.16582891E-03
+53.12400E-06 -2.49648238511E+00 -5.22613060E-03
+53.14900E-06 -1.10713566602E+00 -28.22110523E-03
+53.17400E-06 +911.75878468E-03 -34.23115541E-03
+53.19900E-06 +2.34452258814E+00 -19.59798973E-03
+53.22400E-06 +2.38793967274E+00 +7.05527631E-03
+53.24900E-06 +1.02030149616E+00 +29.00502482E-03
+53.27400E-06 -976.88441216E-03 +35.01507500E-03
+53.29900E-06 -2.34452258814E+00 +20.64321585E-03
+53.32400E-06 -2.40964821519E+00 -5.22613060E-03
+53.34900E-06 -1.08542712357E+00 -27.43718564E-03
+53.37400E-06 +868.34169967E-03 -33.44723582E-03
+53.39900E-06 +2.25768841821E+00 -18.81407015E-03
+53.42400E-06 +2.30110550275E+00 +6.01005019E-03
+53.44900E-06 +976.88441119E-03 +27.95979870E-03
+53.47400E-06 -911.75878469E-03 +33.70854235E-03
+53.49900E-06 -2.27939696066E+00 +19.07537667E-03
+53.52400E-06 -2.27939696036E+00 -5.22613060E-03
+53.54900E-06 -976.88441119E-03 -26.13065299E-03
+53.57400E-06 +868.34169967E-03 -32.14070317E-03
+53.59900E-06 +2.14914570584E+00 -18.03015056E-03
+53.62400E-06 +2.21427133288E+00 +6.53266325E-03
+53.64900E-06 +933.46732629E-03 +27.69849217E-03
+53.67400E-06 -890.05024218E-03 +32.40200970E-03
+53.69900E-06 -2.17085424829E+00 +18.81407015E-03
+53.72400E-06 -2.19256279043E+00 -5.22613060E-03
+53.74900E-06 -955.17586874E-03 -25.60803993E-03
+53.77400E-06 +846.63315716E-03 -30.83417052E-03
+53.79900E-06 +2.06231153592E+00 -17.50753750E-03
+53.82400E-06 +2.10572862051E+00 +6.79396978E-03
+53.84900E-06 +868.34169881E-03 +26.65326605E-03
+53.87400E-06 -868.34169967E-03 +31.35678358E-03
+53.89900E-06 -2.06231153586E+00 +18.03015056E-03
+53.92400E-06 -2.08402007806E+00 -5.22613060E-03
+53.94900E-06 -890.05024126E-03 -24.82412034E-03
+53.97400E-06 +781.50752975E-03 -29.78894440E-03
+53.99900E-06 +1.97547736593E+00 -15.93969832E-03
+54.02400E-06 +1.97547736562E+00 +5.74874366E-03
+54.04900E-06 +803.21607140E-03 +25.86934646E-03
+54.07400E-06 -803.21607220E-03 +30.05025093E-03
+54.09900E-06 -1.97547736593E+00 +16.72361791E-03
+54.12400E-06 -1.97547736562E+00 -4.70351754E-03
+54.14900E-06 -846.63315636E-03 -23.77889422E-03
+54.17400E-06 +759.79898724E-03 -28.22110522E-03
+54.19900E-06 +1.91035173852E+00 -16.20100485E-03
+54.22400E-06 +1.88864319570E+00 +6.01005019E-03
+54.24900E-06 +781.50752894E-03 +24.82412034E-03
+54.27400E-06 -759.79898724E-03 +29.00502481E-03
+54.29900E-06 -1.88864319601E+00 +16.20100485E-03
+54.32400E-06 -1.88864319570E+00 -5.48743713E-03
+54.34900E-06 -803.21607139E-03 -22.99497463E-03
+54.37400E-06 +738.09044473E-03 -27.17587911E-03
+54.39900E-06 +1.80180902609E+00 -14.63316567E-03
+54.42400E-06 +1.75839194081E+00 +5.74874366E-03
+54.44900E-06 +716.38190153E-03 +23.51758769E-03
+54.47400E-06 -738.09044473E-03 +27.69849216E-03
+54.49900E-06 -1.75839194106E+00 +15.15577873E-03
+54.52400E-06 -1.75839194081E+00 -4.44221101E-03
+54.54900E-06 -738.09044398E-03 -21.94974851E-03
+54.57400E-06 +716.38190222E-03 -26.39195952E-03
+54.59900E-06 +1.71497485616E+00 -14.37185914E-03
+54.62400E-06 +1.69326631333E+00 +5.48743713E-03
+54.64900E-06 +629.54773160E-03 +21.94974851E-03
+54.67400E-06 -694.67335977E-03 +25.86934646E-03
+54.69900E-06 -1.67155777114E+00 +14.63316567E-03
+54.72400E-06 -1.69326631340E+00 -4.70351754E-03
+54.74900E-06 -716.38190153E-03 -21.42713545E-03
+54.77400E-06 +651.25627475E-03 -24.56281381E-03
+54.79900E-06 +1.56301505876E+00 -13.84924608E-03
+54.82400E-06 +1.56301505851E+00 +5.22613060E-03
+54.84900E-06 +629.54773160E-03 +20.64321586E-03
+54.87400E-06 -694.67335971E-03 +24.82412034E-03
+54.89900E-06 -1.60643214373E+00 +13.84924608E-03
+54.92400E-06 -1.58472360096E+00 -4.44221101E-03
+54.94900E-06 -651.25627411E-03 -19.33668321E-03
+54.97400E-06 +607.83918979E-03 -23.51758769E-03
+54.99900E-06 +1.49788943135E+00 -12.54271343E-03
+55.02400E-06 +1.49788943103E+00 +5.48743713E-03
+55.04900E-06 +564.42210425E-03 +20.12060280E-03
+55.07400E-06 -651.25627475E-03 +22.99497463E-03
+55.09900E-06 -1.49788943135E+00 +14.11055261E-03
+55.12400E-06 -1.49788943110E+00 -4.18090448E-03
+55.14900E-06 -586.13064670E-03 -18.55276362E-03
+55.17400E-06 +564.42210477E-03 -21.68844198E-03
+55.19900E-06 +1.38934671892E+00 -11.75879384E-03
+55.22400E-06 +1.38934671866E+00 +4.96482407E-03
+55.24900E-06 +542.71356174E-03 +19.33668321E-03
+55.27400E-06 -629.54773224E-03 +22.21105504E-03
+55.29900E-06 -1.41105526137E+00 +12.54271343E-03
+55.32400E-06 -1.38934671866E+00 -4.18090448E-03
+55.34900E-06 -586.13064670E-03 -17.76884403E-03
+55.37400E-06 +564.42210477E-03 -20.64321586E-03
+55.39900E-06 +1.30251254899E+00 -11.23618078E-03
+55.42400E-06 +1.30251254873E+00 +4.70351754E-03
+55.44900E-06 +521.00501929E-03 +17.76884403E-03
+55.47400E-06 -586.13064728E-03 +20.12060280E-03
+55.49900E-06 -1.32422109144E+00 +11.23618078E-03
+55.52400E-06 -1.30251254873E+00 -4.18090448E-03
+55.54900E-06 -499.29647684E-03 -16.20100485E-03
+55.57400E-06 +521.00501981E-03 -19.59798974E-03
+55.59900E-06 +1.23738692152E+00 -10.19095466E-03
+55.62400E-06 +1.21567837881E+00 +4.44221101E-03
+55.64900E-06 +477.58793432E-03 +17.24623097E-03
+55.67400E-06 -542.71356226E-03 +19.33668321E-03
+55.69900E-06 -1.23738692152E+00 +10.97487425E-03
+55.72400E-06 -1.21567837881E+00 -4.44221101E-03
+55.74900E-06 -499.29647683E-03 -15.67839179E-03
+55.77400E-06 +477.58793485E-03 -18.29145709E-03
+55.79900E-06 +1.15055275160E+00 -9.92964813E-03
+55.82400E-06 +1.10713566644E+00 +4.18090448E-03
+55.84900E-06 +412.46230691E-03 +16.20100485E-03
+55.87400E-06 -521.00501981E-03 +18.03015056E-03
+55.89900E-06 -1.17226129404E+00 +9.66834160E-03
+55.92400E-06 -1.12884420888E+00 -3.65829142E-03
+55.94900E-06 -434.17084936E-03 -15.15577873E-03
+55.97400E-06 +434.17084982E-03 -16.98492444E-03
+55.99900E-06 +1.06371858167E+00 -9.14572854E-03
+56.02400E-06 +1.02030149651E+00 +3.65829142E-03
+56.04900E-06 +369.04522195E-03 +15.41708526E-03
+56.07400E-06 -455.87939233E-03 +17.24623097E-03
+56.09900E-06 -1.06371858167E+00 +9.40703507E-03
+56.12400E-06 -1.06371858147E+00 -3.91959795E-03
+56.14900E-06 -412.46230691E-03 -14.11055261E-03
+56.17400E-06 +412.46230737E-03 -15.67839179E-03
+56.19900E-06 +998.59295420E-03 -8.36180895E-03
+56.22400E-06 +955.17586910E-03 +3.39698489E-03
+56.24900E-06 +347.33667950E-03 +13.84924608E-03
+56.27400E-06 -434.17084982E-03 +15.93969832E-03
+56.29900E-06 -998.59295420E-03 +8.88442201E-03
+56.32400E-06 -955.17586910E-03 -3.65829142E-03
+56.34900E-06 -390.75376446E-03 -12.80401997E-03
+56.37400E-06 +369.04522241E-03 -14.37185914E-03
+56.39900E-06 +911.75878427E-03 -7.83919589E-03
+56.42400E-06 +868.34169918E-03 +3.91959795E-03
+56.44900E-06 +325.62813705E-03 +13.06532649E-03
+56.47400E-06 -434.17084982E-03 +14.63316567E-03
+56.49900E-06 -911.75878427E-03 +8.10050242E-03
+56.52400E-06 -890.05024162E-03 -2.87437183E-03
+56.54900E-06 -369.04522201E-03 -12.02010038E-03
+56.57400E-06 +390.75376486E-03 -13.32663302E-03
+56.59900E-06 +803.21607190E-03 -7.57788936E-03
+56.62400E-06 +803.21607170E-03 +3.39698489E-03
+56.64900E-06 +282.21105208E-03 +12.02010038E-03
+56.67400E-06 -390.75376486E-03 +13.58793955E-03
+56.69900E-06 -846.63315680E-03 +7.05527630E-03
+56.72400E-06 -824.92461421E-03 -3.13567836E-03
+56.74900E-06 -325.62813705E-03 -11.23618079E-03
+56.77400E-06 +282.21105242E-03 -12.80401996E-03
+56.79900E-06 +759.79898694E-03 -6.53266324E-03
+56.82400E-06 +738.09044429E-03 +3.65829142E-03
+56.84900E-06 +282.21105208E-03 +11.23618079E-03
+56.87400E-06 -369.04522235E-03 +12.02010037E-03
+56.89900E-06 -781.50752939E-03 +7.31658283E-03
+56.92400E-06 -716.38190177E-03 -2.87437183E-03
+56.94900E-06 -303.91959460E-03 -10.19095467E-03
+56.97400E-06 +282.21105242E-03 -11.49748731E-03
+56.99900E-06 +716.38190191E-03 -6.01005018E-03
+57.02400E-06 +672.96481688E-03 +3.39698489E-03
+57.04900E-06 +217.08542467E-03 +10.97487426E-03
+57.07400E-06 -325.62813739E-03 +11.49748731E-03
+57.09900E-06 -738.09044442E-03 +6.53266324E-03
+57.12400E-06 -672.96481688E-03 -3.13567836E-03
+57.14900E-06 -260.50250964E-03 -9.92964814E-03
+57.17400E-06 +282.21105243E-03 -10.71356772E-03
+57.19900E-06 +629.54773199E-03 -5.48743713E-03
+57.22400E-06 +607.83918940E-03 +3.13567836E-03
+57.24900E-06 +217.08542467E-03 +9.92964814E-03
+57.27400E-06 -303.91959487E-03 +10.19095466E-03
+57.29900E-06 -672.96481695E-03 +5.48743713E-03
+57.32400E-06 -607.83918940E-03 -2.87437183E-03
+57.34900E-06 -260.50250964E-03 -8.62311549E-03
+57.37400E-06 +238.79396746E-03 -9.66834160E-03
+57.39900E-06 +586.13064702E-03 -5.48743713E-03
+57.42400E-06 +542.71356192E-03 +2.61306530E-03
+57.44900E-06 +173.66833971E-03 +9.14572855E-03
+57.47400E-06 -303.91959487E-03 +9.92964813E-03
+57.49900E-06 -607.83918947E-03 +5.48743713E-03
+57.52400E-06 -564.42210444E-03 -1.82914571E-03
+57.54900E-06 -217.08542467E-03 -7.83919590E-03
+57.57400E-06 +217.08542495E-03 -9.14572854E-03
+57.59900E-06 +542.71356206E-03 -4.70351754E-03
+57.62400E-06 +477.58793451E-03 +2.61306530E-03
+57.64900E-06 +195.37688223E-03 +7.83919590E-03
+57.67400E-06 -238.79396747E-03 +8.88442202E-03
+57.69900E-06 -542.71356199E-03 +4.96482407E-03
+57.72400E-06 -499.29647703E-03 -2.35175877E-03
+57.74900E-06 -195.37688222E-03 -7.57788937E-03
+57.77400E-06 +238.79396740E-03 -8.10050243E-03
+57.79900E-06 +477.58793465E-03 -4.44221101E-03
+57.82400E-06 +434.17084955E-03 +2.09045224E-03
+57.84900E-06 +130.25125482E-03 +7.83919590E-03
+57.87400E-06 -217.08542495E-03 +8.36180895E-03
+57.89900E-06 -542.71356206E-03 +4.70351754E-03
+57.92400E-06 -434.17084955E-03 -1.82914571E-03
+57.94900E-06 -173.66833971E-03 -6.79396978E-03
+57.97400E-06 +195.37688243E-03 -6.79396978E-03
+57.99900E-06 +434.17084969E-03 -3.39698489E-03
+58.02400E-06 +412.46230710E-03 +2.09045224E-03
+58.04900E-06 +130.25125482E-03 +7.31658284E-03
+58.07400E-06 -217.08542495E-03 +7.31658284E-03
+58.09900E-06 -455.87939214E-03 +3.91959795E-03
+58.12400E-06 -434.17084955E-03 -1.56783918E-03
+58.14900E-06 -151.95979726E-03 -6.53266325E-03
+58.17400E-06 +151.95979747E-03 -6.53266325E-03
+58.19900E-06 +412.46230718E-03 -3.91959795E-03
+58.22400E-06 +369.04522214E-03 +2.09045224E-03
+58.24900E-06 +130.25125482E-03 +6.53266325E-03
+58.27400E-06 -195.37688244E-03 +6.79396978E-03
+58.29900E-06 -390.75376466E-03 +3.39698489E-03
+58.32400E-06 -390.75376459E-03 -1.82914571E-03
+58.34900E-06 -151.95979726E-03 -5.74874366E-03
+58.37400E-06 +130.25125496E-03 -6.01005019E-03
+58.39900E-06 +369.04522221E-03 -3.13567836E-03
+58.42400E-06 +325.62813718E-03 +1.56783918E-03
+58.44900E-06 +108.54271230E-03 +6.27135672E-03
+58.47400E-06 -195.37688244E-03 +6.79396978E-03
+58.49900E-06 -369.04522221E-03 +2.87437183E-03
+58.52400E-06 -369.04522214E-03 -1.56783918E-03
+58.54900E-06 -173.66833978E-03 -4.96482407E-03
+58.57400E-06 +130.25125496E-03 -5.74874366E-03
+58.59900E-06 +325.62813725E-03 -2.61306530E-03
+58.62400E-06 +303.91959466E-03 +1.56783918E-03
+58.64900E-06 +86.83416985E-03 +4.96482407E-03
+58.67400E-06 -173.66833992E-03 +5.48743713E-03
+58.69900E-06 -347.33667970E-03 +3.13567836E-03
+58.72400E-06 -325.62813718E-03 -1.30653265E-03
+58.74900E-06 -130.25125481E-03 -4.70351754E-03
+58.77400E-06 +130.25125496E-03 -4.96482407E-03
+58.79900E-06 +303.91959473E-03 -2.61306530E-03
+58.82400E-06 +282.21105222E-03 +783.91959E-06
+58.84900E-06 +86.83416985E-03 +4.70351754E-03
+58.87400E-06 -173.66833992E-03 +4.96482407E-03
+58.89900E-06 -303.91959473E-03 +3.13567836E-03
+58.92400E-06 -282.21105222E-03 -1.30653265E-03
+58.94900E-06 -130.25125481E-03 -4.44221101E-03
+58.97400E-06 +108.54271244E-03 -4.44221101E-03
+58.99900E-06 +238.79396733E-03 -1.82914571E-03
+59.02400E-06 +195.37688229E-03 +1.56783918E-03
+59.04900E-06 +43.41708489E-03 +3.91959795E-03
+59.07400E-06 -108.54271244E-03 +4.96482407E-03
+59.09900E-06 -260.50250977E-03 +1.82914571E-03
+59.12400E-06 -238.79396726E-03 -1.04522612E-03
+59.14900E-06 -108.54271237E-03 -3.91959795E-03
+59.17400E-06 +86.83417000E-03 -4.18090448E-03
+59.19900E-06 +217.08542481E-03 -1.56783918E-03
+59.22400E-06 +195.37688229E-03 +1.30653265E-03
+59.24900E-06 +65.12562741E-03 +3.65829142E-03
+59.27400E-06 -130.25125496E-03 +4.18090448E-03
+59.29900E-06 -260.50250977E-03 +2.09045224E-03
+59.32400E-06 -238.79396726E-03 -783.91959E-06
+59.34900E-06 -86.83416985E-03 -3.65829142E-03
+59.37400E-06 +65.12562755E-03 -3.13567836E-03
+59.39900E-06 +195.37688237E-03 -1.30653265E-03
+59.42400E-06 +195.37688229E-03 +1.30653265E-03
+59.44900E-06 +43.41708489E-03 +3.39698489E-03
+59.47400E-06 -108.54271244E-03 +3.91959795E-03
+59.49900E-06 -238.79396733E-03 +1.56783918E-03
+59.52400E-06 -195.37688229E-03 -522.61306E-06
+59.54900E-06 -65.12562741E-03 -3.13567836E-03
+59.57400E-06 +65.12562748E-03 -3.13567836E-03
+59.59900E-06 +195.37688237E-03 -1.56783918E-03
+59.62400E-06 +151.95979733E-03 +783.91959E-06
+59.64900E-06 +21.70854244E-03 +3.13567836E-03
+59.67400E-06 -108.54271244E-03 +3.39698489E-03
+59.69900E-06 -217.08542481E-03 +1.30653265E-03
+59.72400E-06 -173.66833985E-03 -522.61306E-06
+59.74900E-06 -65.12562741E-03 -2.35175877E-03
+59.77400E-06 +65.12562748E-03 -2.35175877E-03
+59.79900E-06 +151.95979740E-03 -783.91959E-06
+59.82400E-06 +108.54271237E-03 +1.56783918E-03
+59.84900E-06 +43.41708489E-03 +2.87437183E-03
+59.87400E-06 -108.54271244E-03 +3.39698489E-03
+59.89900E-06 -195.37688229E-03 +1.82914571E-03
+59.92400E-06 -173.66833985E-03 -261.30653E-06
+59.94900E-06 -65.12562741E-03 -2.35175877E-03
+59.97400E-06 +21.70854252E-03 -1.82914571E-03
+59.99900E-06 +151.95979733E-03 -783.91959E-06
+60.02400E-06 +130.25125489E-03 +1.04522612E-03
+60.04900E-06 +43.41708496E-03 +2.87437183E-03
+60.07400E-06 -65.12562748E-03 +2.87437183E-03
+60.09900E-06 -173.66833985E-03 +1.82914571E-03
+60.12400E-06 -130.25125489E-03 -261.30653E-06
+60.14900E-06 -43.41708496E-03 -1.82914571E-03
+60.17400E-06 +21.70854252E-03 -1.56783918E-03
+60.19900E-06 +108.54271244E-03 -261.30653E-06
+60.22400E-06 +108.54271237E-03 +1.04522612E-03
+60.24900E-06 +21.70854244E-03 +2.87437183E-03
+60.27400E-06 -108.54271244E-03 +2.87437183E-03
+60.29900E-06 -130.25125481E-03 +1.30653265E-03
+60.32400E-06 -130.25125489E-03 -261.30653E-06
+60.34900E-06 -65.12562741E-03 -2.09045224E-03
+60.37400E-06 +80E-12 -1.56783918E-03
+60.39900E-06 +86.83416992E-03 -522.61306E-06
+60.42400E-06 +86.83416992E-03 +1.04522612E-03
+60.44900E-06 +21.70854244E-03 +1.82914571E-03
+60.47400E-06 -65.12562748E-03 +1.82914571E-03
+60.49900E-06 -130.25125489E-03 +1.30653265E-03
+60.52400E-06 -108.54271237E-03 -1.04522612E-03
+60.54900E-06 -43.41708496E-03 -1.04522612E-03
+60.57400E-06 +21.70854252E-03 -1.56783918E-03
+60.59900E-06 +65.12562748E-03 -1.30653265E-03
+60.62400E-06 +86.83416992E-03 +783.91959E-06
+60.64900E-06 +0.0E+00 +1.56783918E-03
+60.67400E-06 -86.83417000E-03 +1.82914571E-03
+60.69900E-06 -86.83416992E-03 +1.30653265E-03
+60.72400E-06 -86.83416992E-03 -261.30653E-06
+60.74900E-06 -21.70854244E-03 -1.56783918E-03
+60.77400E-06 +0.0E+00 -522.61306E-06
+60.79900E-06 +65.12562748E-03 -522.61306E-06
+60.82400E-06 +65.12562740E-03 +522.61306E-06
+60.84900E-06 -21.70854252E-03 +2.09045224E-03
+60.87400E-06 -65.12562748E-03 +1.82914571E-03
+60.89900E-06 -130.25125489E-03 +1.04522612E-03
+60.92400E-06 -86.83416992E-03 +522.61306E-06
+60.94900E-06 -43.41708496E-03 -1.56783918E-03
+60.97400E-06 +21.70854252E-03 -1.30653265E-03
+60.99900E-06 +43.41708496E-03 -783.91959E-06
+61.02400E-06 +65.12562740E-03 +522.61306E-06
+61.04900E-06 -21.70854244E-03 +1.30653265E-03
+61.07400E-06 -43.41708496E-03 +1.82914571E-03
+61.09900E-06 -108.54271237E-03 +1.04522612E-03
+61.12400E-06 -65.12562748E-03 -522.61306E-06
+61.14900E-06 -43.41708496E-03 -522.61306E-06
+61.17400E-06 +21.70854252E-03 -1.04522612E-03
+61.19900E-06 +43.41708496E-03 -783.91959E-06
+61.22400E-06 +21.70854244E-03 +261.30653E-06
+61.24900E-06 +0.0E+00 +1.30653265E-03
+61.27400E-06 -43.41708496E-03 +1.56783918E-03
+61.29900E-06 -86.83416992E-03 +522.61306E-06
+61.32400E-06 -86.83416992E-03 +261.30653E-06
+61.34900E-06 -43.41708496E-03 -1.04522612E-03
+61.37400E-06 +21.70854252E-03 -783.91959E-06
+61.39900E-06 +43.41708496E-03 -522.61306E-06
+61.42400E-06 +21.70854252E-03 +522.61306E-06
+61.44900E-06 -21.70854252E-03 +1.04522612E-03
+61.47400E-06 -43.41708504E-03 +1.30653265E-03
+61.49900E-06 -65.12562740E-03 +783.91959E-06
+61.52400E-06 -65.12562748E-03 +261.30653E-06
+61.54900E-06 -65.12562740E-03 -783.91959E-06
+61.57400E-06 +0.0E+00 -522.61306E-06
+61.59900E-06 +43.41708496E-03 -522.61306E-06
+61.62400E-06 +21.70854252E-03 +261.30653E-06
+61.64900E-06 +21.70854244E-03 +783.91959E-06
+61.67400E-06 -43.41708496E-03 +1.04522612E-03
+61.69900E-06 -65.12562740E-03 +783.91959E-06
+61.72400E-06 -86.83416992E-03 -522.61306E-06
+61.74900E-06 -43.41708496E-03 -522.61306E-06
+61.77400E-06 +0.0E+00 -783.91959E-06
+61.79900E-06 +21.70854252E-03 -261.30653E-06
+61.82400E-06 +21.70854244E-03 +261.30653E-06
+61.84900E-06 -21.70854252E-03 +522.61306E-06
+61.87400E-06 -43.41708504E-03 +1.82914571E-03
+61.89900E-06 -65.12562740E-03 +522.61306E-06
+61.92400E-06 -43.41708496E-03 +0.0E+00
+61.94900E-06 -43.41708496E-03 -783.91959E-06
+61.97400E-06 -21.70854244E-03 -522.61306E-06
+61.99900E-06 +21.70854244E-03 +0.0E+00
+62.02400E-06 +21.70854244E-03 +522.61306E-06
+62.04900E-06 -43.41708496E-03 +783.91959E-06
+62.07400E-06 -21.70854252E-03 +1.04522612E-03
+62.09900E-06 -43.41708496E-03 +783.91959E-06
+62.12400E-06 -43.41708496E-03 +261.30653E-06
+62.14900E-06 -43.41708496E-03 -522.61306E-06
+62.17400E-06 -21.70854244E-03 +261.30653E-06
+62.19900E-06 +21.70854244E-03 -522.61306E-06
+62.22400E-06 +21.70854244E-03 -261.30653E-06
+62.24900E-06 -21.70854252E-03 +522.61306E-06
+62.27400E-06 -43.41708496E-03 +783.91959E-06
+62.29900E-06 -43.41708496E-03 +522.61306E-06
+62.32400E-06 -21.70854244E-03 +0.0E+00
+62.34900E-06 -21.70854244E-03 +0.0E+00
+62.37400E-06 -21.70854244E-03 +0.0E+00
+62.39900E-06 +21.70854252E-03 -261.30653E-06
+62.42400E-06 +0.0E+00 +261.30653E-06
+62.44900E-06 -21.70854252E-03 +261.30653E-06
+62.47400E-06 -43.41708496E-03 +0.0E+00
+62.49900E-06 -65.12562740E-03 +783.91959E-06
+62.52400E-06 -21.70854244E-03 +0.0E+00
+62.54900E-06 -21.70854244E-03 -261.30653E-06
+62.57400E-06 +0.0E+00 -522.61306E-06
+62.59900E-06 +0.0E+00 -261.30653E-06
+62.62400E-06 +0.0E+00 +261.30653E-06
+62.64900E-06 -43.41708496E-03 +783.91959E-06
+62.67400E-06 -86.83416992E-03 +783.91959E-06
+62.69900E-06 -65.12562740E-03 +522.61306E-06
+62.72400E-06 -43.41708496E-03 +0.0E+00
+62.74900E-06 -43.41708496E-03 -261.30653E-06
+62.77400E-06 +0.0E+00 -261.30653E-06
+62.79900E-06 -21.70854244E-03 +0.0E+00
+62.82400E-06 +0.0E+00 +261.30653E-06
+62.84900E-06 +0.0E+00 +1.30653265E-03
+62.87400E-06 -65.12562748E-03 +783.91959E-06
+62.89900E-06 -43.41708496E-03 +522.61306E-06
+62.92400E-06 -43.41708496E-03 +261.30653E-06
+62.94900E-06 -21.70854252E-03 +0.0E+00
+62.97400E-06 -21.70854244E-03 +0.0E+00
+62.99900E-06 +0.0E+00 +0.0E+00
+63.02400E-06 +0.0E+00 +522.61306E-06
+63.04900E-06 +0.0E+00 +522.61306E-06
+63.07400E-06 -43.41708504E-03 +783.91959E-06
+63.09900E-06 -43.41708488E-03 +783.91959E-06
+63.12400E-06 -43.41708496E-03 +261.30653E-06
+63.14900E-06 -43.41708496E-03 -261.30653E-06
+63.17400E-06 -21.70854244E-03 +0.0E+00
+63.19900E-06 +0.0E+00 +522.61306E-06
+63.22400E-06 +0.0E+00 +261.30653E-06
+63.24900E-06 +0.0E+00 +783.91959E-06
+63.27400E-06 +0.0E+00 +261.30653E-06
+63.29900E-06 -43.41708496E-03 +1.04522612E-03
+63.32400E-06 -21.70854252E-03 -522.61306E-06
+63.34900E-06 -43.41708496E-03 +261.30653E-06
+63.37400E-06 +0.0E+00 +522.61306E-06
+63.39900E-06 -21.70854244E-03 +261.30653E-06
+63.42400E-06 -43.41708496E-03 -261.30653E-06
+63.44900E-06 +0.0E+00 +522.61306E-06
+63.47400E-06 -43.41708496E-03 +522.61306E-06
+63.49900E-06 -65.12562740E-03 +261.30653E-06
+63.52400E-06 +0.0E+00 +783.91959E-06
+63.54900E-06 -43.41708496E-03 +0.0E+00
+63.57400E-06 +0.0E+00 -261.30653E-06
+63.59900E-06 +0.0E+00 +261.30653E-06
+63.62400E-06 +21.70854252E-03 +261.30653E-06
+63.64900E-06 -21.70854252E-03 +522.61306E-06
+63.67400E-06 -43.41708496E-03 +522.61306E-06
+63.69900E-06 -65.12562740E-03 +261.30653E-06
+63.72400E-06 -21.70854252E-03 +522.61306E-06
+63.74900E-06 -43.41708496E-03 +0.0E+00
+63.77400E-06 +21.70854252E-03 +261.30653E-06
+63.79900E-06 -21.70854252E-03 -261.30653E-06
+63.82400E-06 -21.70854252E-03 -261.30653E-06
+63.84900E-06 -21.70854244E-03 +0.0E+00
+63.87400E-06 -21.70854252E-03 +522.61306E-06
+63.89900E-06 -21.70854244E-03 +261.30653E-06
+63.92400E-06 -21.70854252E-03 -261.30653E-06
+63.94900E-06 -43.41708496E-03 +261.30653E-06
+63.97400E-06 +0.0E+00 +261.30653E-06
+63.99900E-06 +0.0E+00 +261.30653E-06
+64.02400E-06 -21.70854252E-03 +0.0E+00
+64.04900E-06 -21.70854252E-03 +261.30653E-06
+64.07400E-06 -65.12562748E-03 +0.0E+00
+64.09900E-06 -65.12562740E-03 -261.30653E-06
+64.12400E-06 +0.0E+00 +0.0E+00
+64.14900E-06 -43.41708496E-03 +0.0E+00
+64.17400E-06 -21.70854252E-03 -261.30653E-06
+64.19900E-06 +0.0E+00 +0.0E+00
+64.22400E-06 -21.70854252E-03 +522.61306E-06
+64.24900E-06 -21.70854252E-03 +522.61306E-06
+64.27400E-06 -65.12562748E-03 +261.30653E-06
+64.29900E-06 +0.0E+00 +522.61306E-06
+64.32400E-06 +0.0E+00 +0.0E+00
+64.34900E-06 -21.70854252E-03 +0.0E+00
+64.37400E-06 +0.0E+00 +261.30653E-06
+64.39900E-06 -21.70854252E-03 +261.30653E-06
+64.42400E-06 -43.41708496E-03 -261.30653E-06
+64.44900E-06 -21.70854244E-03 +522.61306E-06
+64.47400E-06 -21.70854244E-03 +783.91959E-06
+64.49900E-06 -21.70854244E-03 -522.61306E-06
+64.52400E-06 +0.0E+00 -261.30653E-06
+64.54900E-06 -21.70854252E-03 +0.0E+00
+64.57400E-06 -21.70854244E-03 +0.0E+00
+64.59900E-06 -21.70854244E-03 +0.0E+00
+64.62400E-06 +0.0E+00 +261.30653E-06
+64.64900E-06 -43.41708496E-03 +522.61306E-06
+64.67400E-06 -43.41708496E-03 +0.0E+00
+64.69900E-06 -65.12562740E-03 +783.91959E-06
+64.72400E-06 +0.0E+00 +0.0E+00
+64.74900E-06 -43.41708496E-03 +261.30653E-06
+64.77400E-06 -21.70854244E-03 +261.30653E-06
+64.79900E-06 +0.0E+00 +261.30653E-06
+64.82400E-06 +0.0E+00 +0.0E+00
+64.84900E-06 -43.41708496E-03 +783.91959E-06
+64.87400E-06 -43.41708496E-03 +0.0E+00
+64.89900E-06 -21.70854244E-03 -261.30653E-06
+64.92400E-06 -21.70854252E-03 -261.30653E-06
+64.94900E-06 -21.70854252E-03 -783.91959E-06
+64.97400E-06 -21.70854244E-03 +0.0E+00
+64.99900E-06 -21.70854252E-03 +0.0E+00
+65.02400E-06 -21.70854244E-03 +261.30653E-06
+65.04900E-06 -43.41708496E-03 +0.0E+00
+65.07400E-06 -65.12562749E-03 +522.61306E-06
+65.09900E-06 -21.70854252E-03 +522.61306E-06
+65.12400E-06 -21.70854252E-03 +261.30653E-06
+65.14900E-06 -21.70854252E-03 +0.0E+00
+65.17400E-06 -21.70854244E-03 +261.30653E-06
+65.19900E-06 -43.41708496E-03 -522.61306E-06
+65.22400E-06 +0.0E+00 +261.30653E-06
+65.24900E-06 -43.41708496E-03 +0.0E+00
+65.27400E-06 -43.41708496E-03 +522.61306E-06
+65.29900E-06 -21.70854244E-03 +522.61306E-06
+65.32400E-06 +0.0E+00 +261.30653E-06
+65.34900E-06 -21.70854252E-03 +0.0E+00
+65.37400E-06 -21.70854244E-03 -261.30653E-06
+65.39900E-06 +0.0E+00 +261.30653E-06
+65.42400E-06 -43.41708496E-03 +0.0E+00
+65.44900E-06 -43.41708496E-03 +522.61306E-06
+65.47400E-06 -21.70854244E-03 +522.61306E-06
+65.49900E-06 -21.70854244E-03 +261.30653E-06
+65.52400E-06 -21.70854252E-03 -261.30653E-06
+65.54900E-06 -43.41708496E-03 +0.0E+00
+65.57400E-06 -21.70854244E-03 +261.30653E-06
+65.59900E-06 +0.0E+00 +0.0E+00
+65.62400E-06 -21.70854252E-03 +0.0E+00
+65.64900E-06 -43.41708496E-03 +0.0E+00
+65.67400E-06 -21.70854252E-03 +261.30653E-06
+65.69900E-06 -21.70854244E-03 +522.61306E-06
+65.72400E-06 -21.70854252E-03 +261.30653E-06
+65.74900E-06 -21.70854252E-03 +261.30653E-06
+65.77400E-06 +0.0E+00 +522.61306E-06
+65.79900E-06 +0.0E+00 -261.30653E-06
+65.82400E-06 -21.70854252E-03 +522.61306E-06
+65.84900E-06 -21.70854252E-03 +0.0E+00
+65.87400E-06 -43.41708496E-03 +783.91959E-06
+65.89900E-06 -21.70854244E-03 +783.91959E-06
+65.92400E-06 +0.0E+00 +261.30653E-06
+65.94900E-06 -21.70854244E-03 +0.0E+00
+65.97400E-06 -21.70854244E-03 +0.0E+00
+65.99900E-06 +0.0E+00 +0.0E+00
+66.02400E-06 +0.0E+00 +0.0E+00
+66.04900E-06 -21.70854252E-03 +783.91959E-06
+66.07400E-06 -43.41708496E-03 +261.30653E-06
+66.09900E-06 +0.0E+00 +783.91959E-06
+66.12400E-06 +0.0E+00 +522.61306E-06
+66.14900E-06 -21.70854244E-03 +0.0E+00
+66.17400E-06 -21.70854244E-03 -261.30653E-06
+66.19900E-06 +0.0E+00 +0.0E+00
+66.22400E-06 -21.70854252E-03 +261.30653E-06
+66.24900E-06 -21.70854252E-03 +261.30653E-06
+66.27400E-06 -21.70854252E-03 +522.61306E-06
+66.29900E-06 -21.70854244E-03 +0.0E+00
+66.32400E-06 +0.0E+00 +0.0E+00
+66.34900E-06 -43.41708496E-03 -261.30653E-06
+66.37400E-06 -21.70854244E-03 +0.0E+00
+66.39900E-06 +0.0E+00 +261.30653E-06
+66.42400E-06 -21.70854252E-03 -522.61306E-06
+66.44900E-06 -21.70854252E-03 +261.30653E-06
+66.47400E-06 -21.70854252E-03 +0.0E+00
+66.49900E-06 +0.0E+00 +783.91959E-06
+66.52400E-06 +0.0E+00 +522.61306E-06
+66.54900E-06 -43.41708496E-03 -261.30653E-06
+66.57400E-06 -21.70854244E-03 +0.0E+00
+66.59900E-06 +0.0E+00 +522.61306E-06
+66.62400E-06 -43.41708496E-03 +261.30653E-06
+66.64900E-06 -43.41708496E-03 +522.61306E-06
+66.67400E-06 -43.41708496E-03 +522.61306E-06
+66.69900E-06 -21.70854244E-03 +0.0E+00
+66.72400E-06 -43.41708496E-03 +261.30653E-06
+66.74900E-06 -21.70854253E-03 +0.0E+00
+66.77400E-06 +0.0E+00 +0.0E+00
+66.79900E-06 -21.70854244E-03 +0.0E+00
+66.82400E-06 +0.0E+00 +522.61306E-06
+66.84900E-06 -21.70854253E-03 +261.30653E-06
+66.87400E-06 -21.70854244E-03 +261.30653E-06
+66.89900E-06 +0.0E+00 +0.0E+00
+66.92400E-06 -21.70854253E-03 +261.30653E-06
+66.94900E-06 -21.70854244E-03 +261.30653E-06
+66.97400E-06 -21.70854244E-03 +261.30653E-06
+66.99900E-06 -21.70854244E-03 +261.30653E-06
+67.02400E-06 +0.0E+00 +261.30653E-06
+67.04900E-06 -43.41708496E-03 +261.30653E-06
+67.07400E-06 -21.70854244E-03 +261.30653E-06
+67.09900E-06 -43.41708496E-03 +261.30653E-06
+67.12400E-06 -43.41708496E-03 +0.0E+00
+67.14900E-06 -21.70854244E-03 +0.0E+00
+67.17400E-06 -21.70854244E-03 +522.61306E-06
+67.19900E-06 -21.70854253E-03 -261.30653E-06
+67.22400E-06 -21.70854253E-03 +0.0E+00
+67.24900E-06 -43.41708496E-03 +0.0E+00
+67.27400E-06 -21.70854253E-03 +261.30653E-06
+67.29900E-06 -21.70854244E-03 +261.30653E-06
+67.32400E-06 -21.70854253E-03 -261.30653E-06
+67.34900E-06 -21.70854244E-03 +261.30653E-06
+67.37400E-06 +0.0E+00 +0.0E+00
+67.39900E-06 -21.70854244E-03 +261.30653E-06
+67.42400E-06 +0.0E+00 +261.30653E-06
+67.44900E-06 +0.0E+00 +783.91959E-06
+67.47400E-06 -21.70854244E-03 +0.0E+00
+67.49900E-06 -65.12562740E-03 +522.61306E-06
+67.52400E-06 -21.70854253E-03 +261.30653E-06
+67.54900E-06 -21.70854244E-03 -261.30653E-06
+67.57400E-06 +0.0E+00 +522.61306E-06
+67.59900E-06 -21.70854253E-03 +0.0E+00
+67.62400E-06 +0.0E+00 +0.0E+00
+67.64900E-06 -21.70854253E-03 +261.30653E-06
+67.67400E-06 -43.41708496E-03 +0.0E+00
+67.69900E-06 -43.41708487E-03 +0.0E+00
+67.72400E-06 -21.70854253E-03 +261.30653E-06
+67.74900E-06 -21.70854244E-03 +261.30653E-06
+67.77400E-06 +0.0E+00 +0.0E+00
+67.79900E-06 -21.70854244E-03 -0.0E+00
+67.82400E-06 +0.0E+00 +0.0E+00
+67.84900E-06 +0.0E+00 +0.0E+00
+67.87400E-06 -43.41708496E-03 +0.0E+00
+67.89900E-06 -21.70854244E-03 +1.04522612E-03
+67.92400E-06 +0.0E+00 -261.30653E-06
+67.94900E-06 -21.70854244E-03 +0.0E+00
+67.97400E-06 +0.0E+00 +522.61306E-06
+67.99900E-06 +0.0E+00 -0.0E+00
+68.02400E-06 +0.0E+00 +0.0E+00
+68.04900E-06 -21.70854244E-03 +0.0E+00
+68.07400E-06 -21.70854253E-03 +261.30653E-06
+68.09900E-06 -21.70854244E-03 +261.30653E-06
+68.12400E-06 -21.70854244E-03 +261.30653E-06
+68.14900E-06 -43.41708496E-03 +0.0E+00
+68.17400E-06 -21.70854244E-03 +522.61306E-06
+68.19900E-06 +0.0E+00 -261.30653E-06
+68.22400E-06 +0.0E+00 -522.61306E-06
+68.24900E-06 +0.0E+00 +0.0E+00
+68.27400E-06 -65.12562749E-03 +261.30653E-06
+68.29900E-06 -21.70854244E-03 +522.61306E-06
+68.32400E-06 -43.41708496E-03 +522.61306E-06
+68.34900E-06 -21.70854243E-03 +522.61306E-06
+68.37400E-06 +90E-12 +522.61306E-06
+68.39900E-06 +0.0E+00 +261.30653E-06
+68.42400E-06 +0.0E+00 +783.91959E-06
+68.44900E-06 -21.70854253E-03 +261.30653E-06
+68.47400E-06 -43.41708496E-03 +522.61306E-06
+68.49900E-06 -65.12562740E-03 +0.0E+00
+68.52400E-06 -21.70854253E-03 +261.30653E-06
+68.54900E-06 -43.41708496E-03 +261.30653E-06
+68.57400E-06 -21.70854243E-03 +261.30653E-06
+68.59900E-06 -21.70854253E-03 +0.0E+00
+68.62400E-06 -21.70854253E-03 +0.0E+00
+68.64900E-06 -21.70854253E-03 +0.0E+00
+68.67400E-06 -43.41708496E-03 +522.61306E-06
+68.69900E-06 -65.12562740E-03 +522.61306E-06
+68.72400E-06 -21.70854253E-03 +261.30653E-06
+68.74900E-06 -43.41708487E-03 +261.30653E-06
+68.77400E-06 +0.0E+00 +522.61306E-06
+68.79900E-06 -21.70854253E-03 -0.0E+00
+68.82400E-06 -21.70854243E-03 -261.30653E-06
+68.84900E-06 -43.41708496E-03 +261.30653E-06
+68.87400E-06 -43.41708496E-03 +783.91959E-06
+68.89900E-06 +0.0E+00 +783.91959E-06
+68.92400E-06 +0.0E+00 +0.0E+00
+68.94900E-06 -43.41708496E-03 +783.91959E-06
+68.97400E-06 -21.70854243E-03 +261.30653E-06
+68.99900E-06 +0.0E+00 +261.30653E-06
+69.02400E-06 +0.0E+00 +783.91959E-06
+69.04900E-06 -43.41708496E-03 -261.30653E-06
+69.07400E-06 -43.41708496E-03 +0.0E+00
+69.09900E-06 -21.70854243E-03 +783.91959E-06
+69.12400E-06 -21.70854253E-03 +522.61306E-06
+69.14900E-06 -21.70854243E-03 +0.0E+00
+69.17400E-06 -21.70854243E-03 +522.61306E-06
+69.19900E-06 +0.0E+00 +522.61306E-06
+69.22400E-06 -21.70854253E-03 +0.0E+00
+69.24900E-06 -43.41708496E-03 +522.61306E-06
+69.27400E-06 -43.41708496E-03 +1.04522612E-03
+69.29900E-06 -21.70854243E-03 +783.91959E-06
+69.32400E-06 +0.0E+00 +783.91959E-06
+69.34900E-06 -43.41708496E-03 +0.0E+00
+69.37400E-06 -43.41708496E-03 +522.61306E-06
+69.39900E-06 +0.0E+00 +522.61306E-06
+69.42400E-06 +0.0E+00 +0.0E+00
+69.44900E-06 +0.0E+00 +783.91959E-06
+69.47400E-06 -43.41708496E-03 +0.0E+00
+69.49900E-06 +0.0E+00 +783.91959E-06
+69.52400E-06 -21.70854253E-03 +522.61306E-06
+69.54900E-06 -43.41708496E-03 +522.61306E-06
+69.57400E-06 -21.70854243E-03 +522.61306E-06
+69.59900E-06 +0.0E+00 +261.30653E-06
+69.62400E-06 -43.41708496E-03 +0.0E+00
+69.64900E-06 -21.70854253E-03 +522.61306E-06
+69.67400E-06 -43.41708496E-03 +522.61306E-06
+69.69900E-06 -21.70854243E-03 +522.61306E-06
+69.72400E-06 -21.70854253E-03 +783.91959E-06
+69.74900E-06 -21.70854243E-03 +0.0E+00
+69.77400E-06 -43.41708496E-03 +261.30653E-06
+69.79900E-06 +0.0E+00 +522.61306E-06
+69.82400E-06 -43.41708496E-03 +0.0E+00
+69.84900E-06 +21.70854243E-03 +261.30653E-06
+69.87400E-06 -21.70854243E-03 +522.61306E-06
+69.89900E-06 -21.70854243E-03 +261.30653E-06
+69.92400E-06 +0.0E+00 -261.30653E-06
+69.94900E-06 -43.41708496E-03 +522.61306E-06
+69.97400E-06 +0.0E+00 +261.30653E-06
+69.99900E-06 +0.0E+00 +0.0E+00
+70.02400E-06 -21.70854253E-03 +522.61306E-06
+70.04900E-06 +0.0E+00 +261.30653E-06
+70.07400E-06 -43.41708496E-03 +783.91959E-06
+70.09900E-06 +0.0E+00 +783.91959E-06
+70.12400E-06 -21.70854253E-03 +522.61306E-06
+70.14900E-06 -43.41708496E-03 +261.30653E-06
+70.17400E-06 -43.41708496E-03 +1.04522612E-03
+70.19900E-06 +0.0E+00 +261.30653E-06
+70.22400E-06 -21.70854243E-03 +522.61306E-06
+70.24900E-06 -21.70854243E-03 +522.61306E-06
+70.27400E-06 -43.41708496E-03 +522.61306E-06
+70.29900E-06 -43.41708496E-03 +522.61306E-06
+70.32400E-06 -43.41708496E-03 +0.0E+00
+70.34900E-06 -43.41708496E-03 +522.61306E-06
+70.37400E-06 -43.41708496E-03 +783.91959E-06
+70.39900E-06 +0.0E+00 +783.91959E-06
+70.42400E-06 -21.70854253E-03 +522.61306E-06
+70.44900E-06 +0.0E+00 +522.61306E-06
+70.47400E-06 -43.41708496E-03 +0.0E+00
+70.49900E-06 -43.41708496E-03 +0.0E+00
+70.52400E-06 -21.70854253E-03 +261.30653E-06
+70.54900E-06 -43.41708496E-03 +522.61306E-06
+70.57400E-06 -21.70854243E-03 +522.61306E-06
+70.59900E-06 +0.0E+00 +261.30653E-06
+70.62400E-06 -21.70854253E-03 +783.91959E-06
+70.64900E-06 +0.0E+00 +522.61306E-06
+70.67400E-06 -43.41708496E-03 +1.04522612E-03
+70.69900E-06 +0.0E+00 +522.61306E-06
+70.72400E-06 -43.41708496E-03 +261.30653E-06
+70.74900E-06 -43.41708496E-03 +261.30653E-06
+70.77400E-06 -43.41708496E-03 +522.61306E-06
+70.79900E-06 -43.41708496E-03 +261.30653E-06
+70.82400E-06 -21.70854253E-03 +0.0E+00
+70.84900E-06 -43.41708496E-03 +261.30653E-06
+70.87400E-06 -43.41708496E-03 +783.91959E-06
+70.89900E-06 -21.70854243E-03 +1.04522612E-03
+70.92400E-06 -21.70854253E-03 +0.0E+00
+70.94900E-06 -43.41708496E-03 +522.61306E-06
+70.97400E-06 +0.0E+00 +0.0E+00
+70.99900E-06 -43.41708496E-03 +261.30653E-06
+71.02400E-06 -21.70854253E-03 +0.0E+00
+71.04900E-06 +0.0E+00 +783.91959E-06
+71.07400E-06 -21.70854243E-03 +522.61306E-06
+71.09900E-06 -43.41708496E-03 +522.61306E-06
+71.12400E-06 +0.0E+00 +0.0E+00
+71.14900E-06 -43.41708496E-03 +522.61306E-06
+71.17400E-06 -43.41708496E-03 +522.61306E-06
+71.19900E-06 +0.0E+00 +261.30653E-06
+71.22400E-06 -43.41708496E-03 +522.61306E-06
+71.24900E-06 -43.41708496E-03 +783.91959E-06
+71.27400E-06 -21.70854253E-03 +522.61306E-06
+71.29900E-06 -21.70854243E-03 +522.61306E-06
+71.32400E-06 -21.70854253E-03 +0.0E+00
+71.34900E-06 -43.41708496E-03 +261.30653E-06
+71.37400E-06 +0.0E+00 +261.30653E-06
+71.39900E-06 +0.0E+00 +261.30653E-06
+71.42400E-06 +0.0E+00 -261.30653E-06
+71.44900E-06 -21.70854253E-03 +261.30653E-06
+71.47400E-06 +0.0E+00 +522.61306E-06
+71.49900E-06 -43.41708496E-03 +261.30653E-06
+71.52400E-06 -21.70854253E-03 +261.30653E-06
+71.54900E-06 +21.70854243E-03 +261.30653E-06
+71.57400E-06 +0.0E+00 +783.91959E-06
+71.59900E-06 +0.0E+00 +522.61306E-06
+71.62400E-06 -43.41708496E-03 +261.30653E-06
+71.64900E-06 -43.41708496E-03 +783.91959E-06
+71.67400E-06 -21.70854253E-03 +522.61306E-06
+71.69900E-06 +0.0E+00 +783.91959E-06
+71.72400E-06 -21.70854253E-03 +522.61306E-06
+71.74900E-06 -21.70854243E-03 +261.30653E-06
+71.77400E-06 -21.70854243E-03 +261.30653E-06
+71.79900E-06 +0.0E+00 +0.0E+00
+71.82400E-06 -21.70854253E-03 +0.0E+00
+71.84900E-06 -21.70854243E-03 +783.91959E-06
+71.87400E-06 -21.70854253E-03 +522.61306E-06
+71.89900E-06 -21.70854243E-03 +1.04522612E-03
+71.92400E-06 +0.0E+00 +522.61306E-06
+71.94900E-06 -21.70854253E-03 +522.61306E-06
+71.97400E-06 -43.41708496E-03 +522.61306E-06
+71.99900E-06 -43.41708496E-03 +261.30653E-06
+72.02400E-06 +0.0E+00 +261.30653E-06
+72.04900E-06 -21.70854243E-03 +522.61306E-06
+72.07400E-06 -21.70854253E-03 +783.91959E-06
+72.09900E-06 -43.41708496E-03 +522.61306E-06
+72.12400E-06 +0.0E+00 -261.30653E-06
+72.14900E-06 -43.41708496E-03 +261.30653E-06
+72.17400E-06 -21.70854253E-03 +261.30653E-06
+72.19900E-06 -21.70854243E-03 +522.61306E-06
+72.22400E-06 +0.0E+00 +261.30653E-06
+72.24900E-06 -21.70854253E-03 +522.61306E-06
+72.27400E-06 -43.41708506E-03 +522.61306E-06
+72.29900E-06 -43.41708496E-03 +522.61306E-06
+72.32400E-06 +0.0E+00 +783.91959E-06
+72.34900E-06 -43.41708496E-03 +261.30653E-06
+72.37400E-06 +0.0E+00 +522.61306E-06
+72.39900E-06 -21.70854253E-03 +0.0E+00
+72.42400E-06 +0.0E+00 -261.30653E-06
+72.44900E-06 -43.41708496E-03 +261.30653E-06
+72.47400E-06 -21.70854243E-03 +261.30653E-06
+72.49900E-06 -21.70854243E-03 +1.04522612E-03
+72.52400E-06 -21.70854253E-03 +261.30653E-06
+72.54900E-06 -21.70854253E-03 +783.91959E-06
+72.57400E-06 -21.70854243E-03 +522.61306E-06
+72.59900E-06 +0.0E+00 +522.61306E-06
+72.62400E-06 -43.41708496E-03 +261.30653E-06
+72.64900E-06 -21.70854253E-03 +522.61306E-06
+72.67400E-06 -21.70854253E-03 +261.30653E-06
+72.69900E-06 -21.70854243E-03 +261.30653E-06
+72.72400E-06 +0.0E+00 +522.61306E-06
+72.74900E-06 -21.70854253E-03 +783.91959E-06
+72.77400E-06 -43.41708496E-03 +261.30653E-06
+72.79900E-06 +0.0E+00 -0.0E+00
+72.82400E-06 -21.70854253E-03 +261.30653E-06
+72.84900E-06 -21.70854253E-03 +783.91959E-06
+72.87400E-06 -43.41708496E-03 +0.0E+00
+72.89900E-06 +0.0E+00 +522.61306E-06
+72.92400E-06 +0.0E+00 -0.0E+00
+72.94900E-06 -21.70854253E-03 +261.30653E-06
+72.97400E-06 -21.70854243E-03 +261.30653E-06
+72.99900E-06 -21.70854253E-03 +522.61306E-06
+73.02400E-06 +21.70854253E-03 +0.0E+00
+73.04900E-06 -21.70854253E-03 +783.91959E-06
+73.07400E-06 -21.70854243E-03 +261.30653E-06
+73.09900E-06 +21.70854253E-03 +522.61306E-06
+73.12400E-06 +0.0E+00 +0.0E+00
+73.14900E-06 -43.41708496E-03 +783.91959E-06
+73.17400E-06 -21.70854253E-03 +261.30653E-06
+73.19900E-06 -43.41708496E-03 +0.0E+00
+73.22400E-06 -21.70854243E-03 +0.0E+00
+73.24900E-06 -43.41708496E-03 +261.30653E-06
+73.27400E-06 -43.41708496E-03 +261.30653E-06
+73.29900E-06 +0.0E+00 +261.30653E-06
+73.32400E-06 +0.0E+00 +522.61306E-06
+73.34900E-06 -21.70854253E-03 +522.61306E-06
+73.37400E-06 -43.41708496E-03 +261.30653E-06
+73.39900E-06 -21.70854253E-03 -0.0E+00
+73.42400E-06 -43.41708496E-03 +261.30653E-06
+73.44900E-06 -21.70854243E-03 +261.30653E-06
+73.47400E-06 -43.41708496E-03 +522.61306E-06
+73.49900E-06 -21.70854243E-03 +522.61306E-06
+73.52400E-06 +0.0E+00 +522.61306E-06
+73.54900E-06 +0.0E+00 +522.61306E-06
+73.57400E-06 +0.0E+00 +522.61306E-06
+73.59900E-06 +0.0E+00 +522.61306E-06
+73.62400E-06 -21.70854253E-03 +0.0E+00
+73.64900E-06 -21.70854243E-03 +0.0E+00
+73.67400E-06 -43.41708496E-03 +522.61306E-06
+73.69900E-06 +0.0E+00 +261.30653E-06
+73.72400E-06 +0.0E+00 +0.0E+00
+73.74900E-06 -43.41708496E-03 +261.30653E-06
+73.77400E-06 +0.0E+00 +522.61306E-06
+73.79900E-06 +0.0E+00 +0.0E+00
+73.82400E-06 +21.70854253E-03 -261.30653E-06
+73.84900E-06 -21.70854253E-03 +522.61306E-06
+73.87400E-06 +0.0E+00 +261.30653E-06
+73.89900E-06 +0.0E+00 +0.0E+00
+73.92400E-06 +0.0E+00 +783.91959E-06
+73.94900E-06 -21.70854253E-03 +0.0E+00
+73.97400E-06 +0.0E+00 +783.91959E-06
+73.99900E-06 +21.70854243E-03 +261.30653E-06
+74.02400E-06 -43.41708496E-03 +0.0E+00
+74.04900E-06 -43.41708496E-03 +261.30653E-06
+74.07400E-06 +0.0E+00 +522.61306E-06
+74.09900E-06 -21.70854243E-03 +522.61306E-06
+74.12400E-06 -21.70854243E-03 +261.30653E-06
+74.14900E-06 -21.70854253E-03 +783.91959E-06
+74.17400E-06 -43.41708496E-03 -261.30653E-06
+74.19900E-06 -21.70854253E-03 +261.30653E-06
+74.22400E-06 +0.0E+00 +0.0E+00
+74.24900E-06 -21.70854253E-03 +0.0E+00
+74.27400E-06 -43.41708496E-03 +261.30653E-06
+74.29900E-06 -43.41708496E-03 +522.61306E-06
+74.32400E-06 -43.41708496E-03 +522.61306E-06
+74.34900E-06 -21.70854253E-03 +261.30653E-06
+74.37400E-06 -21.70854243E-03 +522.61306E-06
+74.39900E-06 +0.0E+00 +261.30653E-06
+74.42400E-06 +0.0E+00 +261.30653E-06
+74.44900E-06 -21.70854253E-03 +0.0E+00
+74.47400E-06 -65.12562750E-03 +522.61306E-06
+74.49900E-06 -43.41708486E-03 +0.0E+00
+74.52400E-06 -21.70854253E-03 +522.61306E-06
+74.54900E-06 -43.41708496E-03 +261.30653E-06
+74.57400E-06 -43.41708496E-03 +261.30653E-06
+74.59900E-06 +0.0E+00 -261.30653E-06
+74.62400E-06 -43.41708496E-03 -261.30653E-06
+74.64900E-06 -43.41708496E-03 +261.30653E-06
+74.67400E-06 -21.70854253E-03 +522.61306E-06
