x-axis 1 2
second Volt Volt
+25.10000E-06 -66.13065582E-03 -19.99999955E-03
+25.12500E-06 -75.57789236E-03 -48.14070277E-03
+25.15000E-06 -66.13065582E-03 -15.97989909E-03
+25.17500E-06 -75.57789236E-03 -48.14070277E-03
+25.20000E-06 -66.13065582E-03 -19.99999955E-03
+25.22500E-06 -66.13065582E-03 -19.99999955E-03
+25.25000E-06 -9.44723655E-03 -19.99999955E-03
+25.27500E-06 -66.13065582E-03 -52.16080323E-03
+25.30000E-06 +0.0E+00 -19.99999955E-03
+25.32500E-06 +0.0E+00 -19.99999955E-03
+25.35000E-06 -75.57789236E-03 -19.99999955E-03
+25.37500E-06 -9.44723655E-03 -19.99999955E-03
+25.40000E-06 -9.44723655E-03 +8.14070366E-03
+25.42500E-06 -141.70854818E-03 -15.97989909E-03
+25.45000E-06 -9.44723655E-03 -76.28140599E-03
+25.47500E-06 -9.44723655E-03 -24.02010001E-03
+25.50000E-06 -75.57789236E-03 -24.02010001E-03
+25.52500E-06 -66.13065582E-03 -19.99999955E-03
+25.55000E-06 -9.44723655E-03 -19.99999955E-03
+25.57500E-06 -75.57789236E-03 -24.02010001E-03
+25.60000E-06 -66.13065582E-03 -19.99999955E-03
+25.62500E-06 -75.57789236E-03 +8.14070366E-03
+25.65000E-06 -9.44723654E-03 -19.99999955E-03
+25.67500E-06 -66.13065582E-03 -24.02010001E-03
+25.70000E-06 -66.13065582E-03 -24.02010001E-03
+25.72500E-06 -66.13065582E-03 -19.99999955E-03
+25.75000E-06 -75.57789236E-03 -19.99999955E-03
+25.77500E-06 -9.44723654E-03 -15.97989909E-03
+25.80000E-06 -75.57789236E-03 -19.99999955E-03
+25.82500E-06 -75.57789236E-03 -19.99999955E-03
+25.85000E-06 -9.44723654E-03 -19.99999955E-03
+25.87500E-06 +0.0E+00 -24.02010001E-03
+25.90000E-06 -75.57789236E-03 -15.97989909E-03
+25.92500E-06 -75.57789236E-03 -19.99999955E-03
+25.95000E-06 -66.13065582E-03 -19.99999955E-03
+25.97500E-06 -9.44723654E-03 -19.99999955E-03
+26.00000E-06 +0.0E+00 -19.99999955E-03
+26.02500E-06 -66.13065582E-03 -19.99999955E-03
+26.05000E-06 -66.13065582E-03 -24.02010001E-03
+26.07500E-06 +66.13065582E-03 -24.02010001E-03
+26.10000E-06 -66.13065582E-03 -24.02010001E-03
+26.12500E-06 -56.68341928E-03 -19.99999955E-03
+26.15000E-06 -75.57789236E-03 -19.99999955E-03
+26.17500E-06 -9.44723654E-03 -48.14070277E-03
+26.20000E-06 +0.0E+00 -19.99999955E-03
+26.22500E-06 -9.44723654E-03 -19.99999955E-03
+26.25000E-06 -9.44723654E-03 -44.12060231E-03
+26.27500E-06 -9.44723654E-03 +8.14070366E-03
+26.30000E-06 +0.0E+00 -19.99999955E-03
+26.32500E-06 -66.13065582E-03 -19.99999955E-03
+26.35000E-06 -66.13065582E-03 -19.99999955E-03
+26.37500E-06 -75.57789236E-03 -19.99999955E-03
+26.40000E-06 -66.13065582E-03 -24.02010001E-03
+26.42500E-06 -66.13065582E-03 -19.99999955E-03
+26.45000E-06 -9.44723654E-03 -48.14070277E-03
+26.47500E-06 +0.0E+00 -19.99999955E-03
+26.50000E-06 -75.57789236E-03 -19.99999955E-03
+26.52500E-06 -66.13065582E-03 -19.99999955E-03
+26.55000E-06 -75.57789236E-03 -19.99999955E-03
+26.57500E-06 -75.57789236E-03 -19.99999955E-03
+26.60000E-06 -9.44723654E-03 -19.99999955E-03
+26.62500E-06 -75.57789236E-03 -52.16080323E-03
+26.65000E-06 -9.44723654E-03 -48.14070277E-03
+26.67500E-06 +0.0E+00 -52.16080323E-03
+26.70000E-06 +0.0E+00 -19.99999955E-03
+26.72500E-06 +0.0E+00 -19.99999955E-03
+26.75000E-06 -75.57789236E-03 +12.16080412E-03
+26.77500E-06 -9.44723654E-03 -19.99999955E-03
+26.80000E-06 -75.57789236E-03 -24.02010001E-03
+26.82500E-06 -66.13065582E-03 -15.97989909E-03
+26.85000E-06 -75.57789236E-03 -52.16080323E-03
+26.87500E-06 -66.13065582E-03 -24.02010001E-03
+26.90000E-06 -9.44723654E-03 -19.99999955E-03
+26.92500E-06 -75.57789236E-03 -19.99999955E-03
+26.95000E-06 -141.70854818E-03 -15.97989909E-03
+26.97500E-06 -9.44723654E-03 -19.99999955E-03
+27.00000E-06 -66.13065582E-03 -15.97989909E-03
+27.02500E-06 -75.57789236E-03 -19.99999955E-03
+27.05000E-06 -9.44723654E-03 -48.14070277E-03
+27.07500E-06 +0.0E+00 -24.02010001E-03
+27.10000E-06 +0.0E+00 -19.99999955E-03
+27.12500E-06 -66.13065582E-03 -19.99999955E-03
+27.15000E-06 -75.57789236E-03 -19.99999955E-03
+27.17500E-06 -66.13065582E-03 -24.02010001E-03
+27.20000E-06 -75.57789236E-03 -24.02010001E-03
+27.22500E-06 -75.57789236E-03 -48.14070277E-03
+27.25000E-06 -75.57789236E-03 -76.28140599E-03
+27.27500E-06 -66.13065582E-03 -52.16080323E-03
+27.30000E-06 +0.0E+00 -48.14070277E-03
+27.32500E-06 -66.13065582E-03 -19.99999955E-03
+27.35000E-06 +0.0E+00 -52.16080323E-03
+27.37500E-06 -18.89447308E-03 -19.99999955E-03
+27.40000E-06 -66.13065582E-03 -48.14070277E-03
+27.42500E-06 -75.57789236E-03 -52.16080323E-03
+27.45000E-06 -9.44723654E-03 -48.14070277E-03
+27.47500E-06 +0.0E+00 +4.12060321E-03
+27.50000E-06 -75.57789236E-03 -19.99999955E-03
+27.52500E-06 +0.0E+00 -15.97989910E-03
+27.55000E-06 -66.13065582E-03 +8.14070366E-03
+27.57500E-06 -75.57789236E-03 -48.14070277E-03
+27.60000E-06 -66.13065582E-03 -24.02010001E-03
+27.62500E-06 -141.70854818E-03 -19.99999955E-03
+27.65000E-06 -9.44723654E-03 -48.14070277E-03
+27.67500E-06 +0.0E+00 -24.02010001E-03
+27.70000E-06 -75.57789236E-03 -15.97989910E-03
+27.72500E-06 -75.57789236E-03 -24.02010001E-03
+27.75000E-06 -9.44723654E-03 -19.99999955E-03
+27.77500E-06 -9.44723654E-03 -52.16080323E-03
+27.80000E-06 +0.0E+00 -48.14070277E-03
+27.82500E-06 -66.13065582E-03 +8.14070367E-03
+27.85000E-06 -75.57789236E-03 -48.14070277E-03
+27.87500E-06 +0.0E+00 -24.02010001E-03
+27.90000E-06 +0.0E+00 -19.99999955E-03
+27.92500E-06 -66.13065582E-03 +8.14070367E-03
+27.95000E-06 -9.44723654E-03 -19.99999955E-03
+27.97500E-06 -75.57789236E-03 -19.99999955E-03
+28.00000E-06 -75.57789236E-03 -19.99999955E-03
+28.02500E-06 -66.13065582E-03 -48.14070277E-03
+28.05000E-06 -9.44723654E-03 -19.99999955E-03
+28.07500E-06 +0.0E+00 -19.99999955E-03
+28.10000E-06 -75.57789236E-03 +8.14070367E-03
+28.12500E-06 -75.57789236E-03 -19.99999955E-03
+28.15000E-06 -75.57789236E-03 -19.99999955E-03
+28.17500E-06 -85.02512890E-03 +12.16080412E-03
+28.20000E-06 -66.13065582E-03 -19.99999955E-03
+28.22500E-06 -66.13065582E-03 -19.99999955E-03
+28.25000E-06 +0.0E+00 -48.14070277E-03
+28.27500E-06 -66.13065582E-03 -24.02010001E-03
+28.30000E-06 +0.0E+00 -19.99999955E-03
+28.32500E-06 -66.13065582E-03 -19.99999955E-03
+28.35000E-06 -75.57789236E-03 -19.99999955E-03
+28.37500E-06 -75.57789236E-03 -48.14070277E-03
+28.40000E-06 +0.0E+00 -19.99999955E-03
+28.42500E-06 +0.0E+00 -19.99999955E-03
+28.45000E-06 -9.44723654E-03 -24.02010001E-03
+28.47500E-06 -75.57789236E-03 +8.14070367E-03
+28.50000E-06 +0.0E+00 -19.99999955E-03
+28.52500E-06 -75.57789236E-03 -19.99999955E-03
+28.55000E-06 -75.57789236E-03 -19.99999955E-03
+28.57500E-06 -9.44723654E-03 -19.99999955E-03
+28.60000E-06 -75.57789236E-03 -19.99999955E-03
+28.62500E-06 -75.57789236E-03 -19.99999955E-03
+28.65000E-06 -75.57789236E-03 -44.12060231E-03
+28.67500E-06 +0.0E+00 -19.99999955E-03
+28.70000E-06 +0.0E+00 -19.99999955E-03
+28.72500E-06 -66.13065582E-03 +8.14070367E-03
+28.75000E-06 -75.57789236E-03 -19.99999955E-03
+28.77500E-06 +0.0E+00 -19.99999955E-03
+28.80000E-06 -66.13065582E-03 -19.99999955E-03
+28.82500E-06 -75.57789236E-03 -19.99999955E-03
+28.85000E-06 -9.44723654E-03 -48.14070277E-03
+28.87500E-06 -9.44723654E-03 -24.02010001E-03
+28.90000E-06 +0.0E+00 -19.99999955E-03
+28.92500E-06 -66.13065582E-03 -19.99999955E-03
+28.95000E-06 -75.57789236E-03 -48.14070277E-03
+28.97500E-06 -9.44723654E-03 -19.99999955E-03
+29.00000E-06 +0.0E+00 -19.99999955E-03
+29.02500E-06 -75.57789236E-03 -19.99999955E-03
+29.05000E-06 +0.0E+00 -48.14070277E-03
+29.07500E-06 +0.0E+00 -28.04020047E-03
+29.10000E-06 +0.0E+00 -19.99999955E-03
+29.12500E-06 -75.57789236E-03 -24.02010001E-03
+29.15000E-06 -66.13065582E-03 -19.99999955E-03
+29.17500E-06 -75.57789236E-03 -52.16080323E-03
+29.20000E-06 +0.0E+00 -24.02010001E-03
+29.22500E-06 +9.44723654E-03 -48.14070277E-03
+29.25000E-06 -9.44723654E-03 -24.02010001E-03
+29.27500E-06 +0.0E+00 -24.02010001E-03
+29.30000E-06 +0.0E+00 -19.99999955E-03
+29.32500E-06 -75.57789236E-03 -19.99999955E-03
+29.35000E-06 -9.44723654E-03 -19.99999955E-03
+29.37500E-06 -9.44723654E-03 -15.97989910E-03
+29.40000E-06 -66.13065583E-03 -24.02010001E-03
+29.42500E-06 -9.44723654E-03 -48.14070277E-03
+29.45000E-06 -75.57789236E-03 -48.14070277E-03
+29.47500E-06 +0.0E+00 -24.02010001E-03
+29.50000E-06 -75.57789236E-03 -19.99999955E-03
+29.52500E-06 -66.13065583E-03 -19.99999955E-03
+29.55000E-06 -66.13065583E-03 -19.99999955E-03
+29.57500E-06 -9.44723654E-03 -15.97989910E-03
+29.60000E-06 -75.57789236E-03 -19.99999955E-03
+29.62500E-06 -75.57789236E-03 -48.14070277E-03
+29.65000E-06 -9.44723654E-03 -80.30150645E-03
+29.67500E-06 -66.13065583E-03 -24.02010001E-03
+29.70000E-06 +0.0E+00 -19.99999955E-03
+29.72500E-06 +0.0E+00 -19.99999955E-03
+29.75000E-06 -75.57789236E-03 -19.99999955E-03
+29.77500E-06 -9.44723654E-03 +12.16080412E-03
+29.80000E-06 +0.0E+00 -19.99999955E-03
+29.82500E-06 -75.57789236E-03 -15.97989910E-03
+29.85000E-06 +0.0E+00 -48.14070277E-03
+29.87500E-06 -75.57789236E-03 -24.02010001E-03
+29.90000E-06 -9.44723654E-03 -19.99999955E-03
+29.92500E-06 -9.44723654E-03 -19.99999955E-03
+29.95000E-06 -141.70854819E-03 -48.14070277E-03
+29.97500E-06 -9.44723654E-03 -48.14070277E-03
+30.00000E-06 -66.13065583E-03 -24.02010001E-03
+30.02500E-06 -66.13065583E-03 -19.99999955E-03
+30.05000E-06 -75.57789236E-03 -48.14070277E-03
+30.07500E-06 +0.0E+00 -28.04020046E-03
+30.10000E-06 -66.13065583E-03 -19.99999955E-03
+30.12500E-06 -75.57789236E-03 -19.99999955E-03
+30.15000E-06 -75.57789236E-03 -19.99999955E-03
+30.17500E-06 -9.44723654E-03 -19.99999955E-03
+30.20000E-06 -66.13065583E-03 -19.99999955E-03
+30.22500E-06 -141.70854819E-03 -19.99999955E-03
+30.25000E-06 -9.44723654E-03 -48.14070277E-03
+30.27500E-06 -9.44723654E-03 +8.14070367E-03
+30.30000E-06 +66.13065583E-03 -15.97989910E-03
+30.32500E-06 -66.13065583E-03 -19.99999955E-03
+30.35000E-06 -75.57789236E-03 -19.99999955E-03
+30.37500E-06 -66.13065583E-03 -19.99999955E-03
+30.40000E-06 -9.44723654E-03 -19.99999955E-03
+30.42500E-06 -75.57789236E-03 -48.14070277E-03
+30.45000E-06 -9.44723654E-03 -48.14070277E-03
+30.47500E-06 +0.0E+00 -24.02010001E-03
+30.50000E-06 +0.0E+00 -24.02010001E-03
+30.52500E-06 -66.13065583E-03 -52.16080323E-03
+30.55000E-06 +0.0E+00 -19.99999955E-03
+30.57500E-06 -75.57789236E-03 -52.16080323E-03
+30.60000E-06 -75.57789236E-03 -19.99999955E-03
+30.62500E-06 -75.57789236E-03 -48.14070277E-03
+30.65000E-06 -75.57789236E-03 -52.16080323E-03
+30.67500E-06 +0.0E+00 -24.02010001E-03
+30.70000E-06 -56.68341929E-03 -19.99999955E-03
+30.72500E-06 -9.44723654E-03 -15.97989910E-03
+30.75000E-06 -141.70854819E-03 -19.99999955E-03
+30.77500E-06 +0.0E+00 -19.99999955E-03
+30.80000E-06 -66.13065583E-03 -19.99999955E-03
+30.82500E-06 +0.0E+00 +8.14070367E-03
+30.85000E-06 -66.13065583E-03 -19.99999955E-03
+30.87500E-06 +0.0E+00 +4.12060321E-03
+30.90000E-06 -75.57789236E-03 -19.99999955E-03
+30.92500E-06 -66.13065583E-03 -19.99999955E-03
+30.95000E-06 -9.44723654E-03 +12.16080412E-03
+30.97500E-06 -75.57789236E-03 -19.99999955E-03
+31.00000E-06 -75.57789236E-03 -19.99999955E-03
+31.02500E-06 -75.57789236E-03 -48.14070277E-03
+31.05000E-06 -9.44723654E-03 -52.16080323E-03
+31.07500E-06 -9.44723653E-03 -24.02010001E-03
+31.10000E-06 -66.13065583E-03 -19.99999955E-03
+31.12500E-06 -9.44723653E-03 -19.99999955E-03
+31.15000E-06 -66.13065583E-03 -19.99999955E-03
+31.17500E-06 -9.44723653E-03 -15.97989910E-03
+31.20000E-06 +0.0E+00 -19.99999955E-03
+31.22500E-06 -66.13065583E-03 -24.02010001E-03
+31.25000E-06 +0.0E+00 -48.14070277E-03
+31.27500E-06 +0.0E+00 -24.02010001E-03
+31.30000E-06 -66.13065583E-03 -19.99999955E-03
+31.32500E-06 -56.68341929E-03 -19.99999955E-03
+31.35000E-06 -66.13065583E-03 -19.99999955E-03
+31.37500E-06 -75.57789236E-03 -19.99999955E-03
+31.40000E-06 +0.0E+00 -19.99999955E-03
+31.42500E-06 -66.13065583E-03 -19.99999955E-03
+31.45000E-06 -9.44723653E-03 -19.99999955E-03
+31.47500E-06 -75.57789236E-03 -24.02010001E-03
+31.50000E-06 -9.44723653E-03 -19.99999955E-03
+31.52500E-06 -75.57789236E-03 -19.99999955E-03
+31.55000E-06 -9.44723653E-03 -19.99999955E-03
+31.57500E-06 +0.0E+00 -19.99999955E-03
+31.60000E-06 -75.57789236E-03 -24.02010001E-03
+31.62500E-06 -66.13065583E-03 -19.99999955E-03
+31.65000E-06 -75.57789236E-03 -48.14070277E-03
+31.67500E-06 +0.0E+00 +4.12060321E-03
+31.70000E-06 -9.44723653E-03 -15.97989910E-03
+31.72500E-06 -66.13065583E-03 +8.14070367E-03
+31.75000E-06 -9.44723653E-03 -48.14070277E-03
+31.77500E-06 -18.89447307E-03 -48.14070277E-03
+31.80000E-06 -66.13065583E-03 -19.99999955E-03
+31.82500E-06 -75.57789236E-03 +8.14070367E-03
+31.85000E-06 -9.44723653E-03 -80.30150645E-03
+31.87500E-06 +0.0E+00 -24.02010001E-03
+31.90000E-06 -9.44723653E-03 -19.99999955E-03
+31.92500E-06 -75.57789236E-03 -19.99999955E-03
+31.95000E-06 -75.57789236E-03 -19.99999955E-03
+31.97500E-06 -9.44723653E-03 -19.99999955E-03
+32.00000E-06 -66.13065583E-03 -19.99999955E-03
+32.02500E-06 -66.13065583E-03 +12.16080412E-03
+32.05000E-06 -75.57789236E-03 -19.99999955E-03
+32.07500E-06 +0.0E+00 -24.02010001E-03
+32.10000E-06 +0.0E+00 -19.99999955E-03
+32.12500E-06 +0.0E+00 +12.16080412E-03
+32.15000E-06 -9.44723653E-03 -48.14070277E-03
+32.17500E-06 -9.44723653E-03 -19.99999955E-03
+32.20000E-06 +0.0E+00 -24.02010001E-03
+32.22500E-06 -75.57789236E-03 -19.99999955E-03
+32.25000E-06 -75.57789236E-03 -48.14070277E-03
+32.27500E-06 -75.57789236E-03 -24.02010001E-03
+32.30000E-06 -75.57789236E-03 -15.97989910E-03
+32.32500E-06 -66.13065583E-03 -19.99999955E-03
+32.35000E-06 -141.70854819E-03 -19.99999955E-03
+32.37500E-06 -18.89447307E-03 -15.97989910E-03
+32.40000E-06 -9.44723653E-03 -19.99999955E-03
+32.42500E-06 -9.44723653E-03 -19.99999955E-03
+32.45000E-06 -66.13065583E-03 -48.14070277E-03
+32.47500E-06 -75.57789236E-03 -24.02010001E-03
+32.50000E-06 +0.0E+00 -19.99999955E-03
+32.52500E-06 -75.57789236E-03 -48.14070277E-03
+32.55000E-06 -75.57789236E-03 -19.99999955E-03
+32.57500E-06 -9.44723653E-03 -19.99999955E-03
+32.60000E-06 -9.44723653E-03 +8.14070367E-03
+32.62500E-06 -75.57789236E-03 -19.99999955E-03
+32.65000E-06 -9.44723653E-03 -15.97989910E-03
+32.67500E-06 -75.57789236E-03 -19.99999955E-03
+32.70000E-06 +0.0E+00 -19.99999955E-03
+32.72500E-06 -66.13065583E-03 +8.14070367E-03
+32.75000E-06 -66.13065583E-03 -19.99999955E-03
+32.77500E-06 -9.44723653E-03 -19.99999955E-03
+32.80000E-06 +0.0E+00 +8.14070367E-03
+32.82500E-06 -66.13065583E-03 +8.14070367E-03
+32.85000E-06 -66.13065583E-03 -48.14070278E-03
+32.87500E-06 +0.0E+00 -24.02010001E-03
+32.90000E-06 -66.13065583E-03 -19.99999955E-03
+32.92500E-06 -66.13065583E-03 -15.97989910E-03
+32.95000E-06 -75.57789236E-03 -19.99999955E-03
+32.97500E-06 +0.0E+00 -19.99999955E-03
+33.00000E-06 -66.13065583E-03 -24.02010001E-03
+33.02500E-06 -66.13065583E-03 -19.99999955E-03
+33.05000E-06 -66.13065583E-03 -19.99999955E-03
+33.07500E-06 -66.13065583E-03 +8.14070367E-03
+33.10000E-06 -66.13065583E-03 -19.99999955E-03
+33.12500E-06 -75.57789236E-03 -19.99999955E-03
+33.15000E-06 -66.13065583E-03 +12.16080412E-03
+33.17500E-06 -9.44723653E-03 -19.99999955E-03
+33.20000E-06 +0.0E+00 -19.99999955E-03
+33.22500E-06 +0.0E+00 -48.14070278E-03
+33.25000E-06 -9.44723653E-03 -48.14070278E-03
+33.27500E-06 -9.44723653E-03 -24.02010001E-03
+33.30000E-06 -66.13065583E-03 -19.99999955E-03
+33.32500E-06 -132.26131166E-03 -19.99999955E-03
+33.35000E-06 -132.26131166E-03 +8.14070367E-03
+33.37500E-06 +0.0E+00 -15.97989910E-03
+33.40000E-06 -75.57789236E-03 -24.02010001E-03
+33.42500E-06 -75.57789236E-03 -48.14070278E-03
+33.45000E-06 +0.0E+00 -24.02010001E-03
+33.47500E-06 -75.57789236E-03 -52.16080323E-03
+33.50000E-06 -75.57789236E-03 +8.14070367E-03
+33.52500E-06 -66.13065583E-03 -19.99999955E-03
+33.55000E-06 -132.26131167E-03 -48.14070278E-03
+33.57500E-06 -85.02512889E-03 -48.14070278E-03
+33.60000E-06 +0.0E+00 -19.99999955E-03
+33.62500E-06 -75.57789236E-03 -19.99999955E-03
+33.65000E-06 -75.57789236E-03 -19.99999955E-03
+33.67500E-06 -66.13065583E-03 -19.99999955E-03
+33.70000E-06 -9.44723653E-03 +12.16080412E-03
+33.72500E-06 +0.0E+00 +8.14070367E-03
+33.75000E-06 -75.57789236E-03 -19.99999955E-03
+33.77500E-06 +0.0E+00 -48.14070278E-03
+33.80000E-06 -9.44723653E-03 -24.02010001E-03
+33.82500E-06 -75.57789236E-03 -19.99999955E-03
+33.85000E-06 -66.13065583E-03 -76.28140600E-03
+33.87500E-06 -9.44723653E-03 -24.02010001E-03
+33.90000E-06 -66.13065583E-03 -19.99999955E-03
+33.92500E-06 -66.13065583E-03 -19.99999955E-03
+33.95000E-06 -75.57789236E-03 -19.99999955E-03
+33.97500E-06 +0.0E+00 -19.99999955E-03
+34.00000E-06 +0.0E+00 -19.99999955E-03
+34.02500E-06 -75.57789236E-03 +12.16080412E-03
+34.05000E-06 -75.57789236E-03 -19.99999955E-03
+34.07500E-06 +0.0E+00 -24.02010001E-03
+34.10000E-06 -66.13065583E-03 -15.97989910E-03
+34.12500E-06 +0.0E+00 -15.97989910E-03
+34.15000E-06 -75.57789236E-03 -19.99999955E-03
+34.17500E-06 -9.44723653E-03 -24.02010001E-03
+34.20000E-06 -75.57789236E-03 -24.02010001E-03
+34.22500E-06 -75.57789236E-03 -19.99999955E-03
+34.25000E-06 +0.0E+00 -52.16080323E-03
+34.27500E-06 +0.0E+00 -24.02010001E-03
+34.30000E-06 -66.13065583E-03 +8.14070367E-03
+34.32500E-06 -9.44723653E-03 -11.95979865E-03
+34.35000E-06 -75.57789236E-03 -48.14070278E-03
+34.37500E-06 -75.57789236E-03 -24.02010001E-03
+34.40000E-06 -66.13065583E-03 -28.04020046E-03
+34.42500E-06 -9.44723653E-03 -24.02010001E-03
+34.45000E-06 -9.44723653E-03 -19.99999955E-03
+34.47500E-06 +0.0E+00 -24.02010001E-03
+34.50000E-06 -66.13065583E-03 -19.99999955E-03
+34.52500E-06 -66.13065583E-03 -19.99999955E-03
+34.55000E-06 -9.44723653E-03 +8.14070367E-03
+34.57500E-06 -9.44723653E-03 -19.99999955E-03
+34.60000E-06 -75.57789236E-03 -19.99999955E-03
+34.62500E-06 -75.57789236E-03 -19.99999955E-03
+34.65000E-06 -9.44723653E-03 -19.99999955E-03
+34.67500E-06 -9.44723653E-03 -24.02010001E-03
+34.70000E-06 -9.44723653E-03 -19.99999955E-03
+34.72500E-06 -66.13065583E-03 -48.14070278E-03
+34.75000E-06 +0.0E+00 -15.97989910E-03
+34.77500E-06 -18.89447306E-03 -19.99999955E-03
+34.80000E-06 -66.13065583E-03 -19.99999955E-03
+34.82500E-06 +0.0E+00 -19.99999955E-03
+34.85000E-06 -75.57789236E-03 -48.14070278E-03
+34.87500E-06 +0.0E+00 -24.02010001E-03
+34.90000E-06 +0.0E+00 -48.14070278E-03
+34.92500E-06 -9.44723653E-03 -19.99999955E-03
+34.95000E-06 -75.57789236E-03 -19.99999955E-03
+34.97500E-06 +0.0E+00 -48.14070278E-03
+35.00000E-06 -9.44723653E-03 -19.99999955E-03
+35.02500E-06 -66.13065584E-03 -15.97989910E-03
+35.05000E-06 -9.44723653E-03 -19.99999955E-03
+35.07500E-06 -66.13065584E-03 -24.02010000E-03
+35.10000E-06 -9.44723653E-03 -19.99999955E-03
+35.12500E-06 -66.13065584E-03 -19.99999955E-03
+35.15000E-06 -9.44723653E-03 -19.99999955E-03
+35.17500E-06 -75.57789236E-03 -19.99999955E-03
+35.20000E-06 -75.57789236E-03 -19.99999955E-03
+35.22500E-06 -75.57789236E-03 -48.14070278E-03
+35.25000E-06 -75.57789236E-03 -48.14070278E-03
+35.27500E-06 -75.57789236E-03 -24.02010000E-03
+35.30000E-06 +0.0E+00 -15.97989910E-03
+35.32500E-06 -66.13065584E-03 -15.97989910E-03
+35.35000E-06 -9.44723653E-03 -15.97989910E-03
+35.37500E-06 -9.44723653E-03 -48.14070278E-03
+35.40000E-06 -66.13065584E-03 -19.99999955E-03
+35.42500E-06 -66.13065584E-03 +12.16080412E-03
+35.45000E-06 +0.0E+00 -48.14070278E-03
+35.47500E-06 -9.44723653E-03 -24.02010000E-03
+35.50000E-06 -66.13065584E-03 -19.99999955E-03
+35.52500E-06 -66.13065584E-03 -19.99999955E-03
+35.55000E-06 -66.13065584E-03 -19.99999955E-03
+35.57500E-06 -9.44723653E-03 -19.99999955E-03
+35.60000E-06 -75.57789236E-03 -19.99999955E-03
+35.62500E-06 -66.13065584E-03 -19.99999955E-03
+35.65000E-06 -18.89447305E-03 -52.16080323E-03
+35.67500E-06 -75.57789236E-03 -24.02010000E-03
+35.70000E-06 -75.57789236E-03 +8.14070367E-03
+35.72500E-06 +0.0E+00 -15.97989910E-03
+35.75000E-06 -75.57789236E-03 -19.99999955E-03
+35.77500E-06 -9.44723653E-03 -48.14070278E-03
+35.80000E-06 -66.13065584E-03 -19.99999955E-03
+35.82500E-06 -75.57789236E-03 -19.99999955E-03
+35.85000E-06 -9.44723653E-03 -44.12060233E-03
+35.87500E-06 +0.0E+00 -19.99999955E-03
+35.90000E-06 -9.44723653E-03 -19.99999955E-03
+35.92500E-06 -9.44723653E-03 -19.99999955E-03
+35.95000E-06 -9.44723653E-03 -24.02010000E-03
+35.97500E-06 +0.0E+00 -24.02010000E-03
+36.00000E-06 +0.0E+00 -19.99999955E-03
+36.02500E-06 -66.13065584E-03 -52.16080323E-03
+36.05000E-06 -66.13065584E-03 -48.14070278E-03
+36.07500E-06 -66.13065584E-03 -24.02010000E-03
+36.10000E-06 +0.0E+00 -19.99999955E-03
+36.12500E-06 -75.57789236E-03 -19.99999955E-03
+36.15000E-06 -9.44723653E-03 +8.14070367E-03
+36.17500E-06 +0.0E+00 -48.14070278E-03
+36.20000E-06 -9.44723653E-03 -24.02010000E-03
+36.22500E-06 +0.0E+00 -52.16080323E-03
+36.25000E-06 -66.13065584E-03 -48.14070278E-03
+36.27500E-06 +0.0E+00 -24.02010000E-03
+36.30000E-06 +0.0E+00 -19.99999955E-03
+36.32500E-06 -9.44723653E-03 -19.99999955E-03
+36.35000E-06 -66.13065584E-03 -19.99999955E-03
+36.37500E-06 -66.13065584E-03 -19.99999955E-03
+36.40000E-06 -56.68341931E-03 -24.02010000E-03
+36.42500E-06 -75.57789236E-03 -24.02010000E-03
+36.45000E-06 -75.57789236E-03 -48.14070278E-03
+36.47500E-06 +0.0E+00 +4.12060322E-03
+36.50000E-06 -66.13065584E-03 -19.99999955E-03
+36.52500E-06 -9.44723653E-03 -19.99999955E-03
+36.55000E-06 -75.57789236E-03 -19.99999955E-03
+36.57500E-06 -9.44723652E-03 -24.02010000E-03
+36.60000E-06 -75.57789236E-03 -24.02010000E-03
+36.62500E-06 -66.13065584E-03 -19.99999955E-03
+36.65000E-06 +0.0E+00 -48.14070278E-03
+36.67500E-06 +0.0E+00 +4.12060322E-03
+36.70000E-06 -75.57789236E-03 -15.97989910E-03
+36.72500E-06 +0.0E+00 -19.99999955E-03
+36.75000E-06 +66.13065584E-03 -19.99999955E-03
+36.77500E-06 -18.89447305E-03 -48.14070278E-03
+36.80000E-06 +0.0E+00 -24.02010000E-03
+36.82500E-06 +0.0E+00 -19.99999955E-03
+36.85000E-06 -9.44723652E-03 -19.99999955E-03
+36.87500E-06 +0.0E+00 -24.02010000E-03
+36.90000E-06 +0.0E+00 -24.02010000E-03
+36.92500E-06 -75.57789236E-03 -19.99999955E-03
+36.95000E-06 -75.57789236E-03 -48.14070278E-03
+36.97500E-06 +0.0E+00 -19.99999955E-03
+37.00000E-06 -66.13065584E-03 +12.16080412E-03
+37.02500E-06 -9.44723652E-03 -19.99999955E-03
+37.05000E-06 -9.44723652E-03 -48.14070278E-03
+37.07500E-06 +0.0E+00 -24.02010000E-03
+37.10000E-06 -85.02512889E-03 -19.99999955E-03
+37.12500E-06 -66.13065584E-03 -48.14070278E-03
+37.15000E-06 -132.26131168E-03 -44.12060233E-03
+37.17500E-06 -75.57789236E-03 -19.99999955E-03
+37.20000E-06 -75.57789236E-03 -52.16080323E-03
+37.22500E-06 +0.0E+00 -19.99999955E-03
+37.25000E-06 -75.57789236E-03 -19.99999955E-03
+37.27500E-06 +0.0E+00 +8.14070367E-03
+37.30000E-06 +9.44723652E-03 -19.99999955E-03
+37.32500E-06 -75.57789236E-03 -19.99999955E-03
+37.35000E-06 -75.57789236E-03 +8.14070367E-03
+37.37500E-06 +0.0E+00 -19.99999955E-03
+37.40000E-06 -66.13065584E-03 -24.02010000E-03
+37.42500E-06 -75.57789236E-03 -15.97989910E-03
+37.45000E-06 +0.0E+00 -48.14070278E-03
+37.47500E-06 -66.13065584E-03 -52.16080323E-03
+37.50000E-06 -75.57789236E-03 -24.02010000E-03
+37.52500E-06 -66.13065584E-03 -19.99999955E-03
+37.55000E-06 -9.44723652E-03 -19.99999955E-03
+37.57500E-06 -85.02512889E-03 -15.97989910E-03
+37.60000E-06 +9.44723652E-03 -19.99999955E-03
+37.62500E-06 -66.13065584E-03 -48.14070278E-03
+37.65000E-06 +0.0E+00 -19.99999955E-03
+37.67500E-06 -9.44723652E-03 -19.99999955E-03
+37.70000E-06 +0.0E+00 -52.16080323E-03
+37.72500E-06 -75.57789236E-03 -19.99999955E-03
+37.75000E-06 -75.57789236E-03 -48.14070278E-03
+37.77500E-06 -9.44723652E-03 -24.02010000E-03
+37.80000E-06 -75.57789236E-03 -19.99999955E-03
+37.82500E-06 -75.57789236E-03 -15.97989910E-03
+37.85000E-06 +0.0E+00 -52.16080323E-03
+37.87500E-06 +0.0E+00 -19.99999955E-03
+37.90000E-06 -75.57789236E-03 -19.99999955E-03
+37.92500E-06 -66.13065584E-03 +8.14070367E-03
+37.95000E-06 +0.0E+00 -19.99999955E-03
+37.97500E-06 -85.02512889E-03 -15.97989910E-03
+38.00000E-06 +0.0E+00 -24.02010000E-03
+38.02500E-06 -56.68341932E-03 -48.14070278E-03
+38.05000E-06 -151.15578473E-03 -48.14070278E-03
+38.07500E-06 +0.0E+00 -19.99999955E-03
+38.10000E-06 +0.0E+00 -48.14070278E-03
+38.12500E-06 -75.57789236E-03 -19.99999955E-03
+38.15000E-06 -141.70854820E-03 +8.14070367E-03
+38.17500E-06 +66.13065584E-03 -48.14070278E-03
+38.20000E-06 -66.13065584E-03 -19.99999955E-03
+38.22500E-06 -141.70854820E-03 -15.97989910E-03
+38.25000E-06 +66.13065584E-03 -52.16080323E-03
+38.27500E-06 -9.44723652E-03 +4.12060322E-03
+38.30000E-06 -151.15578473E-03 -15.97989910E-03
+38.32500E-06 -75.57789236E-03 -48.14070278E-03
+38.35000E-06 +0.0E+00 -19.99999955E-03
+38.37500E-06 -151.15578473E-03 -19.99999955E-03
+38.40000E-06 +0.0E+00 -19.99999955E-03
+38.42500E-06 +9.44723652E-03 -48.14070278E-03
+38.45000E-06 -75.57789236E-03 -19.99999955E-03
+38.47500E-06 -9.44723652E-03 -24.02010000E-03
+38.50000E-06 +75.57789236E-03 -52.16080323E-03
+38.52500E-06 -75.57789236E-03 -19.99999955E-03
+38.55000E-06 -75.57789236E-03 +12.16080412E-03
+38.57500E-06 +0.0E+00 -52.16080323E-03
+38.60000E-06 -75.57789236E-03 -19.99999955E-03
+38.62500E-06 -85.02512888E-03 +12.16080412E-03
+38.65000E-06 +66.13065584E-03 -52.16080323E-03
+38.67500E-06 -66.13065584E-03 -28.04020045E-03
+38.70000E-06 -75.57789236E-03 +12.16080412E-03
+38.72500E-06 +66.13065584E-03 -15.97989910E-03
+38.75000E-06 +66.13065584E-03 -52.16080323E-03
+38.77500E-06 -151.15578473E-03 +8.14070367E-03
+38.80000E-06 +9.44723652E-03 -19.99999955E-03
+38.82500E-06 +9.44723652E-03 -52.16080323E-03
+38.85000E-06 -85.02512888E-03 -15.97989910E-03
+38.87500E-06 +66.13065584E-03 -24.02010000E-03
+38.90000E-06 +18.89447304E-03 -48.14070278E-03
+38.92500E-06 -141.70854821E-03 -19.99999955E-03
+38.95000E-06 -141.70854821E-03 +12.16080412E-03
+38.97500E-06 +66.13065584E-03 -52.16080323E-03
+39.00000E-06 -75.57789236E-03 -19.99999955E-03
+39.02500E-06 -141.70854821E-03 -15.97989910E-03
+39.05000E-06 +75.57789236E-03 -52.16080323E-03
+39.07500E-06 -9.44723652E-03 -24.02010000E-03
+39.10000E-06 -226.73367709E-03 +44.32160780E-03
+39.12500E-06 +9.44723652E-03 -19.99999955E-03
+39.15000E-06 +0.0E+00 -19.99999955E-03
+39.17500E-06 -160.60302125E-03 +12.16080412E-03
+39.20000E-06 +0.0E+00 -19.99999955E-03
+39.22500E-06 +9.44723652E-03 -52.16080323E-03
+39.25000E-06 -160.60302125E-03 -19.99999955E-03
+39.27500E-06 +0.0E+00 -24.02010000E-03
+39.30000E-06 +85.02512888E-03 -52.16080323E-03
+39.32500E-06 -151.15578473E-03 +12.16080412E-03
+39.35000E-06 -141.70854821E-03 +16.18090457E-03
+39.37500E-06 +141.70854821E-03 -52.16080323E-03
+39.40000E-06 -132.26131169E-03 -19.99999955E-03
+39.42500E-06 -85.02512888E-03 +12.16080412E-03
+39.45000E-06 +141.70854821E-03 -80.30150646E-03
+39.47500E-06 -66.13065584E-03 -24.02010000E-03
+39.50000E-06 -226.73367709E-03 +12.16080412E-03
+39.52500E-06 +75.57789236E-03 -19.99999955E-03
+39.55000E-06 +0.0E+00 -24.02010000E-03
+39.57500E-06 -226.73367709E-03 -15.97989910E-03
+39.60000E-06 +0.0E+00 -52.16080323E-03
+39.62500E-06 +85.02512888E-03 -52.16080323E-03
+39.65000E-06 -160.60302125E-03 +12.16080412E-03
+39.67500E-06 -9.44723652E-03 -19.99999955E-03
+39.70000E-06 +151.15578473E-03 -56.18090368E-03
+39.72500E-06 -217.28644057E-03 +8.14070367E-03
+39.75000E-06 -151.15578473E-03 +8.14070367E-03
+39.77500E-06 +151.15578473E-03 -80.30150646E-03
+39.80000E-06 -141.70854821E-03 +8.14070367E-03
+39.82500E-06 -226.73367709E-03 +12.16080412E-03
+39.85000E-06 +151.15578473E-03 -80.30150646E-03
+39.87500E-06 +0.0E+00 -28.04020045E-03
+39.90000E-06 -292.86433293E-03 +16.18090457E-03
+39.92500E-06 +151.15578473E-03 -19.99999955E-03
+39.95000E-06 +9.44723652E-03 -52.16080323E-03
+39.97500E-06 -302.31156945E-03 +44.32160780E-03
+40.00000E-06 +0.0E+00 -19.99999955E-03
+40.02500E-06 +160.60302124E-03 -84.32160690E-03
+40.05000E-06 -236.18091361E-03 +8.14070367E-03
+40.07500E-06 +0.0E+00 -19.99999955E-03
+40.10000E-06 +226.73367709E-03 -84.32160690E-03
+40.12500E-06 -226.73367709E-03 +8.14070367E-03
+40.15000E-06 -226.73367709E-03 +40.30150735E-03
+40.17500E-06 +226.73367709E-03 -84.32160690E-03
+40.20000E-06 -151.15578473E-03 -19.99999955E-03
+40.22500E-06 -292.86433293E-03 +16.18090457E-03
+40.25000E-06 +226.73367709E-03 -80.30150646E-03
+40.27500E-06 +0.0E+00 -56.18090368E-03
+40.30000E-06 -302.31156945E-03 +40.30150735E-03
+40.32500E-06 +217.28644057E-03 -52.16080323E-03
+40.35000E-06 +75.57789236E-03 -56.18090368E-03
+40.37500E-06 -311.75880597E-03 +72.46231103E-03
+40.40000E-06 +66.13065585E-03 -24.02010000E-03
+40.42500E-06 +160.60302124E-03 -84.32160690E-03
+40.45000E-06 -377.88946182E-03 +16.18090457E-03
+40.47500E-06 +0.0E+00 -24.02010000E-03
+40.50000E-06 +292.86433293E-03 -112.46231013E-03
+40.52500E-06 -292.86433293E-03 +44.32160780E-03
+40.55000E-06 -160.60302124E-03 +16.18090457E-03
+40.57500E-06 +292.86433293E-03 -112.46231013E-03
+40.60000E-06 -160.60302124E-03 -19.99999955E-03
+40.62500E-06 -302.31156945E-03 +44.32160780E-03
+40.65000E-06 +292.86433293E-03 -84.32160690E-03
+40.67500E-06 +0.0E+00 -24.02010000E-03
+40.70000E-06 -377.88946182E-03 +76.48241147E-03
+40.72500E-06 +170.05025776E-03 -80.30150646E-03
+40.75000E-06 +85.02512888E-03 -52.16080323E-03
+40.77500E-06 -453.46735418E-03 +72.46231103E-03
+40.80000E-06 +151.15578473E-03 -19.99999955E-03
+40.82500E-06 +170.05025776E-03 -112.46231013E-03
+40.85000E-06 -444.02011766E-03 +44.32160780E-03
+40.87500E-06 -9.44723652E-03 -24.02010000E-03
+40.90000E-06 +377.88946182E-03 -116.48241058E-03
+40.92500E-06 -368.44222530E-03 +72.46231103E-03
+40.95000E-06 -236.18091361E-03 +44.32160780E-03
+40.97500E-06 +453.46735418E-03 -144.62311381E-03
+41.00000E-06 -217.28644057E-03 +8.14070368E-03
+41.02500E-06 -387.33669833E-03 +104.62311470E-03
+41.05000E-06 +368.44222530E-03 -116.48241058E-03
+41.07500E-06 +0.0E+00 -56.18090368E-03
+41.10000E-06 -453.46735418E-03 +80.50251192E-03
+41.12500E-06 +292.86433294E-03 -84.32160690E-03
+41.15000E-06 +151.15578473E-03 -56.18090368E-03
+41.17500E-06 -529.04524654E-03 +76.48241147E-03
+41.20000E-06 +151.15578473E-03 -24.02010000E-03
+41.22500E-06 +302.31156945E-03 -116.48241058E-03
+41.25000E-06 -519.59801003E-03 +48.34170825E-03
+41.27500E-06 -75.57789236E-03 -19.99999955E-03
+41.30000E-06 +453.46735418E-03 -148.64321426E-03
+41.32500E-06 -444.02011766E-03 +44.32160780E-03
+41.35000E-06 -292.86433294E-03 +48.34170825E-03
+41.37500E-06 +529.04524654E-03 -152.66331470E-03
+41.40000E-06 -292.86433294E-03 +40.30150735E-03
+41.42500E-06 -519.59801003E-03 +104.62311470E-03
+41.45000E-06 +453.46735418E-03 -148.64321426E-03
+41.47500E-06 +0.0E+00 -56.18090368E-03
+41.50000E-06 -604.62313890E-03 +112.66331560E-03
+41.52500E-06 +368.44222530E-03 -84.32160690E-03
+41.55000E-06 +226.73367709E-03 -88.34170735E-03
+41.57500E-06 -680.20103127E-03 +108.64321515E-03
+41.60000E-06 +217.28644057E-03 -52.16080323E-03
+41.62500E-06 +387.33669833E-03 -144.62311381E-03
+41.65000E-06 -614.07037542E-03 +108.64321515E-03
+41.67500E-06 +0.0E+00 +12.16080412E-03
+41.70000E-06 +604.62313890E-03 -180.80401793E-03
+41.72500E-06 -519.59801003E-03 +72.46231103E-03
+41.75000E-06 -311.75880597E-03 +76.48241147E-03
+41.77500E-06 +670.75379475E-03 -180.80401793E-03
+41.80000E-06 -302.31156945E-03 +8.14070368E-03
+41.82500E-06 -529.04524654E-03 +140.80401883E-03
+41.85000E-06 +595.17590239E-03 -176.78391748E-03
+41.87500E-06 -56.68341933E-03 -60.20100412E-03
+41.90000E-06 -689.64826778E-03 +168.94472205E-03
+41.92500E-06 +453.46735418E-03 -112.46231013E-03
+41.95000E-06 +245.62815012E-03 -120.50251103E-03
+41.97500E-06 -755.77892363E-03 +168.94472205E-03
+42.00000E-06 +283.41709642E-03 -52.16080323E-03
+42.02500E-06 +462.91459069E-03 -184.82411838E-03
+42.05000E-06 -755.77892363E-03 +108.64321515E-03
+42.07500E-06 -9.44723651E-03 +8.14070368E-03
+42.10000E-06 +755.77892363E-03 -212.96482161E-03
+42.12500E-06 -604.62313890E-03 +76.48241147E-03
+42.15000E-06 -377.88946182E-03 +76.48241147E-03
+42.17500E-06 +765.22616015E-03 -212.96482161E-03
+42.20000E-06 -302.31156945E-03 +36.28140691E-03
+42.22500E-06 -614.07037542E-03 +144.82411927E-03
+42.25000E-06 +755.77892363E-03 -237.08542439E-03
+42.27500E-06 +9.44723651E-03 -56.18090367E-03
+42.30000E-06 -831.35681599E-03 +172.96482250E-03
+42.32500E-06 +538.49248306E-03 -116.48241058E-03
+42.35000E-06 +311.75880597E-03 -148.64321426E-03
+42.37500E-06 -982.51260072E-03 +205.12562618E-03
+42.40000E-06 +302.31156945E-03 -56.18090367E-03
+42.42500E-06 +614.07037542E-03 -216.98492205E-03
+42.45000E-06 -906.93470836E-03 +172.96482250E-03
+42.47500E-06 -9.44723651E-03 +12.16080412E-03
+42.50000E-06 +840.80405251E-03 -249.14572573E-03
+42.52500E-06 -746.33168712E-03 +104.62311470E-03
+42.55000E-06 -453.46735418E-03 +112.66331560E-03
+42.57500E-06 +982.51260072E-03 -273.26632851E-03
+42.60000E-06 -377.88946182E-03 +36.28140691E-03
+42.62500E-06 -755.77892363E-03 +205.12562618E-03
+42.65000E-06 +973.06536421E-03 -245.12562528E-03
+42.67500E-06 +0.0E+00 -60.20100412E-03
+42.70000E-06 -991.95983723E-03 +237.28642985E-03
+42.72500E-06 +746.33168712E-03 -176.78391749E-03
+42.75000E-06 +311.75880597E-03 -180.80401793E-03
+42.77500E-06 -1.13366838545E+00 +265.42713308E-03
+42.80000E-06 +368.44222530E-03 -84.32160690E-03
+42.82500E-06 +755.77892363E-03 -245.12562528E-03
+42.85000E-06 -1.12422114893E+00 +205.12562618E-03
+42.87500E-06 -18.89447303E-03 +12.16080412E-03
+42.90000E-06 +1.13366838545E+00 -309.44723263E-03
+42.92500E-06 -897.48747184E-03 +168.94472206E-03
+42.95000E-06 -538.49248305E-03 +144.82411927E-03
+42.97500E-06 +1.19979904130E+00 -337.58793586E-03
+43.00000E-06 -444.02011767E-03 +40.30150735E-03
+43.02500E-06 -916.38194487E-03 +241.30653030E-03
+43.05000E-06 +1.13366838545E+00 -305.42713219E-03
+43.07500E-06 +0.0E+00 -92.36180780E-03
+43.10000E-06 -1.20924627781E+00 +301.60803720E-03
+43.12500E-06 +963.61812769E-03 -180.80401793E-03
+43.15000E-06 +462.91459069E-03 -212.96482161E-03
+43.17500E-06 -1.36040206254E+00 +301.60803720E-03
+43.20000E-06 +510.15077352E-03 -84.32160690E-03
+43.22500E-06 +850.25128902E-03 -309.44723263E-03
+43.25000E-06 -1.28482417017E+00 +265.42713308E-03
+43.27500E-06 -9.44723651E-03 +44.32160780E-03
+43.30000E-06 +1.21869351432E+00 -377.78894043E-03
+43.32500E-06 -982.51260072E-03 +172.96482250E-03
+43.35000E-06 -538.49248305E-03 +205.12562618E-03
+43.37500E-06 +1.36984929905E+00 -401.90954322E-03
+43.40000E-06 -595.17590239E-03 +44.32160780E-03
+43.42500E-06 -1.06753772960E+00 +305.62813765E-03
+43.45000E-06 +1.28482417017E+00 -337.58793586E-03
+43.47500E-06 +9.44723651E-03 -92.36180779E-03
+43.50000E-06 -1.36984929905E+00 +365.92964455E-03
+43.52500E-06 +1.10532667591E+00 -212.96482161E-03
+43.55000E-06 +547.93971957E-03 -216.98492205E-03
+43.57500E-06 -1.58713573962E+00 +361.90954411E-03
+43.60000E-06 +595.17590239E-03 -84.32160690E-03
+43.62500E-06 +1.00140707374E+00 -373.76883999E-03
+43.65000E-06 -1.51155784726E+00 +333.76884088E-03
+43.67500E-06 -18.89447302E-03 +72.46231103E-03
+43.70000E-06 +1.44542719141E+00 -442.11054778E-03
+43.72500E-06 -1.19979904130E+00 +201.10552573E-03
+43.75000E-06 -623.51761193E-03 +213.16582707E-03
+43.77500E-06 +1.59658297614E+00 -466.23115057E-03
+43.80000E-06 -670.75379476E-03 +68.44221058E-03
+43.82500E-06 -1.21869351432E+00 +365.92964455E-03
+43.85000E-06 +1.57768850311E+00 -430.05024645E-03
+43.87500E-06 -56.68341934E-03 -92.36180779E-03
+43.90000E-06 -1.67216086850E+00 +462.41205558E-03
+43.92500E-06 +1.19979904130E+00 -269.24622807E-03
+43.95000E-06 +614.07037542E-03 -281.30652940E-03
+43.97500E-06 -1.88944730908E+00 +462.41205558E-03
+44.00000E-06 +661.30655825E-03 -116.48241058E-03
+44.02500E-06 +1.22814075083E+00 -438.09044734E-03
+44.05000E-06 -1.72884428784E+00 +394.07034779E-03
+44.07500E-06 +47.23618283E-03 +76.48241147E-03
+44.10000E-06 +1.73829152435E+00 -506.43215513E-03
+44.12500E-06 -1.41708548188E+00 +265.42713308E-03
+44.15000E-06 -774.67339665E-03 +273.46733397E-03
+44.17500E-06 +1.88944730908E+00 -530.55275792E-03
+44.20000E-06 -812.46234297E-03 +72.46231103E-03
+44.22500E-06 -1.44542719141E+00 +402.11054868E-03
+44.25000E-06 +1.88000007257E+00 -494.37185380E-03
+44.27500E-06 +18.89447302E-03 -120.50251102E-03
+44.30000E-06 -1.95557796493E+00 +526.73366293E-03
+44.32500E-06 +1.42653271839E+00 -309.44723263E-03
+44.35000E-06 +765.22616014E-03 -313.46733308E-03
+44.37500E-06 -2.11618098617E+00 +562.91456705E-03
+44.40000E-06 +812.46234297E-03 -144.62311381E-03
+44.42500E-06 +1.45487442792E+00 -502.41205469E-03
+44.45000E-06 -2.04060309380E+00 +458.39195514E-03
+44.47500E-06 -18.89447302E-03 +84.52261236E-03
+44.50000E-06 +1.96502520144E+00 -606.93466660E-03
+44.52500E-06 -1.57768850311E+00 +301.60803720E-03
+44.55000E-06 -850.25128901E-03 +305.62813765E-03
+44.57500E-06 +2.11618098617E+00 -627.03516895E-03
+44.60000E-06 -888.04023534E-03 +128.74371749E-03
+44.62500E-06 -1.66271363199E+00 +498.59295970E-03
+44.65000E-06 +2.03115585729E+00 -590.85426483E-03
+44.67500E-06 +9.44723651E-03 -156.68341514E-03
+44.70000E-06 -2.12562822268E+00 +623.21607396E-03
+44.72500E-06 +1.64381915897E+00 -393.86934233E-03
+44.75000E-06 +850.25128901E-03 -381.80904087E-03
+44.77500E-06 -2.48462321147E+00 +651.35677719E-03
+44.80000E-06 +888.04023534E-03 -144.62311381E-03
+44.82500E-06 +1.67216086850E+00 -570.75376248E-03
+44.85000E-06 -2.34291466326E+00 +530.75376338E-03
+44.87500E-06 -18.89447302E-03 +80.50251192E-03
+44.90000E-06 +2.27678400740E+00 -695.37687674E-03
+44.92500E-06 -1.87055283606E+00 +390.05024734E-03
+44.95000E-06 -1.00140707374E+00 +369.94974500E-03
+44.97500E-06 +2.49407044798E+00 -723.51757997E-03
+45.00000E-06 -1.03919602006E+00 +132.76381794E-03
+45.02500E-06 -1.89889454559E+00 +595.07537073E-03
+45.05000E-06 +2.40904531911E+00 -659.19597262E-03
+45.07500E-06 -56.68341934E-03 -160.70351559E-03
+45.10000E-06 -2.50351768449E+00 +719.69848499E-03
+45.12500E-06 +1.88000007257E+00 -430.05024645E-03
+45.15000E-06 +925.82918138E-03 -413.96984455E-03
+45.17500E-06 -2.79638201743E+00 +751.85928866E-03
+45.20000E-06 +1.03919602006E+00 -200.90452027E-03
+45.22500E-06 +1.90834178209E+00 -667.23617351E-03
+45.25000E-06 -2.62633175969E+00 +595.07537073E-03
+45.27500E-06 +47.23618284E-03 +144.82411927E-03
+45.30000E-06 +2.57909557685E+00 -795.87938821E-03
+45.32500E-06 -2.09728651315E+00 +426.23115146E-03
+45.35000E-06 -1.14311562195E+00 +438.29145279E-03
+45.37500E-06 +2.86251267329E+00 -824.02009144E-03
+45.40000E-06 -1.19035180479E+00 +136.78391838E-03
+45.42500E-06 -2.05949756682E+00 +691.55778176E-03
+45.45000E-06 +2.70190965205E+00 -751.65828321E-03
+45.47500E-06 -47.23618284E-03 -188.84421882E-03
+45.50000E-06 -2.73969859809E+00 +816.18089601E-03
+45.52500E-06 +2.10673374966E+00 -498.39195424E-03
+45.55000E-06 +1.01085431024E+00 -506.43215513E-03
+45.57500E-06 -3.09869358689E+00 +848.34169969E-03
+45.60000E-06 +1.18090456828E+00 -233.06532395E-03
+45.62500E-06 +2.05949756682E+00 -735.57788130E-03
+45.65000E-06 -2.92864332914E+00 +715.67838454E-03
+45.67500E-06 +47.23618284E-03 +148.84421971E-03
+45.70000E-06 +2.81527649045E+00 -892.36179924E-03
+45.72500E-06 -2.31457295373E+00 +490.55275881E-03
+45.75000E-06 -1.22814075083E+00 +474.47235691E-03
+45.77500E-06 +3.17427147925E+00 -952.66330615E-03
+45.80000E-06 -1.33206035301E+00 +193.06532485E-03
+45.82500E-06 -2.29567848042E+00 +755.87938911E-03
+45.85000E-06 +3.01366845802E+00 -852.16079468E-03
+45.87500E-06 -122.81407520E-03 -192.86431926E-03
+45.90000E-06 -3.10814082339E+00 +912.66330704E-03
+45.92500E-06 +2.39015084610E+00 -590.85426483E-03
+45.95000E-06 +1.10532667562E+00 -542.61305925E-03
+45.97500E-06 -3.47658304870E+00 +940.80401027E-03
+46.00000E-06 +1.39819100887E+00 -241.10552484E-03
+46.02500E-06 +2.30512571692E+00 -860.20099556E-03
+46.05000E-06 -3.24040213510E+00 +812.16079557E-03
+46.07500E-06 +47.23618284E-03 +148.84421971E-03
+46.10000E-06 +3.19316595226E+00 -1.04914571717E+00
+46.12500E-06 -2.54130663082E+00 +578.99496895E-03
+46.15000E-06 -1.32261311620E+00 +538.79396426E-03
+46.17500E-06 +3.54271370456E+00 -1.04914571717E+00
+46.20000E-06 -1.54934679360E+00 +221.20602808E-03
+46.22500E-06 -2.52241215750E+00 +856.38190058E-03
+46.25000E-06 +3.30653279096E+00 -944.62310526E-03
+46.27500E-06 -188.94473106E-03 -196.88441970E-03
+46.30000E-06 -3.41989962935E+00 +1.04532662219E+00
+46.32500E-06 +2.62633175969E+00 -655.17587218E-03
+46.35000E-06 +1.24703522384E+00 -610.95476704E-03
+46.37500E-06 -3.77889461815E+00 +1.04532662219E+00
+46.40000E-06 +1.47376890123E+00 -237.08542440E-03
+46.42500E-06 +2.58854281336E+00 -928.54270336E-03
+46.45000E-06 -3.60884436041E+00 +908.64320660E-03
+46.47500E-06 +113.36683870E-03 +148.84421971E-03
+46.50000E-06 +3.49547752171E+00 -1.14562812820E+00
+46.52500E-06 -2.84361820028E+00 +647.33667675E-03
+46.55000E-06 -1.53045232027E+00 +599.09547117E-03
+46.57500E-06 +3.85447251052E+00 -1.20592963511E+00
+46.60000E-06 -1.62492468596E+00 +225.22612852E-03
+46.62500E-06 -2.73969859808E+00 +948.84421116E-03
+46.65000E-06 +3.74110567213E+00 -1.04110551629E+00
+46.67500E-06 -113.36683870E-03 -196.88441970E-03
+46.70000E-06 -3.64663330644E+00 +1.16994973645E+00
+46.72500E-06 +2.91919609264E+00 -715.47737909E-03
+46.75000E-06 +1.39819100856E+00 -699.39697718E-03
+46.77500E-06 -4.09065342411E+00 +1.16592963600E+00
+46.80000E-06 +1.69105534182E+00 -297.38693131E-03
+46.82500E-06 +2.73969859808E+00 -1.05718591806E+00
+46.85000E-06 -3.84502527401E+00 +1.03728642130E+00
+46.87500E-06 +113.36683870E-03 +181.00502339E-03
+46.90000E-06 +3.78834185466E+00 -1.24613063967E+00
+46.92500E-06 -3.13648253323E+00 +739.79898733E-03
+46.95000E-06 -1.54934679328E+00 +695.57788220E-03
+46.97500E-06 +4.22291473583E+00 -1.30643214658E+00
+47.00000E-06 -1.78552770720E+00 +253.36683176E-03
+47.02500E-06 -2.97587951168E+00 +1.04532662219E+00
+47.05000E-06 +3.98673382223E+00 -1.16572863055E+00
+47.07500E-06 -188.94473107E-03 -257.18592661E-03
+47.10000E-06 -4.01507553175E+00 +1.29859295115E+00
+47.12500E-06 +3.07035187737E+00 -783.81908688E-03
+47.15000E-06 +1.47376890092E+00 -711.45727851E-03
+47.17500E-06 -4.39296499356E+00 +1.29457285071E+00
+47.20000E-06 +1.76663323419E+00 -329.54773498E-03
+47.22500E-06 +2.97587951168E+00 -1.14964822864E+00
+47.25000E-06 -4.14733684346E+00 +1.13778893277E+00
+47.27500E-06 +113.36683871E-03 +185.02512383E-03
+47.30000E-06 +4.10010066062E+00 -1.37477385437E+00
+47.32500E-06 -3.29708555446E+00 +771.95979101E-03
+47.35000E-06 -1.62492468564E+00 +759.89948955E-03
+47.37500E-06 +4.45909564942E+00 -1.43105526084E+00
+47.40000E-06 -1.92723625542E+00 +289.54773588E-03
+47.42500E-06 -3.14592976941E+00 +1.14582913365E+00
+47.45000E-06 +4.21346749932E+00 -1.26221104158E+00
+47.47500E-06 -188.94473107E-03 -261.20602705E-03
+47.50000E-06 -4.25125644534E+00 +1.39507536218E+00
+47.52500E-06 +3.36321621032E+00 -848.14069424E-03
+47.55000E-06 +1.55879402978E+00 -803.91958910E-03
+47.57500E-06 -4.76140721887E+00 +1.39909546262E+00
+47.60000E-06 +1.85165836306E+00 -329.54773498E-03
+47.62500E-06 +3.20261318876E+00 -1.21798993644E+00
+47.65000E-06 -4.44020117641E+00 +1.19809043968E+00
+47.67500E-06 +103.91960220E-03 +213.16582706E-03
+47.70000E-06 +4.32683433770E+00 -1.49939696863E+00
+47.72500E-06 -3.52381923155E+00 +836.28139836E-03
+47.75000E-06 -1.77608047037E+00 +792.06029322E-03
+47.77500E-06 +4.76140721887E+00 -1.52753767187E+00
+47.80000E-06 -2.06894480365E+00 +317.68843911E-03
+47.82500E-06 -3.36321620999E+00 +1.24231154468E+00
+47.85000E-06 +4.50633183227E+00 -1.38683415584E+00
+47.87500E-06 -255.07538693E-03 -265.22612749E-03
+47.90000E-06 -4.54412077829E+00 +1.49557787364E+00
+47.92500E-06 +3.52381923155E+00 -940.60300482E-03
+47.95000E-06 +1.64381915865E+00 -868.24119645E-03
+47.97500E-06 -5.05427155182E+00 +1.52371857688E+00
+48.00000E-06 +2.05949756714E+00 -389.84924189E-03
+48.02500E-06 +3.35376897349E+00 -1.31447234746E+00
+48.05000E-06 -4.67638209001E+00 +1.29457285071E+00
+48.07500E-06 +179.49749457E-03 +245.32663074E-03
+48.10000E-06 +4.55356801479E+00 -1.59989948010E+00
+48.12500E-06 -3.67497501628E+00 +928.74370895E-03
+48.15000E-06 -1.78552770687E+00 +860.40200101E-03
+48.17500E-06 +4.98814089596E+00 -1.62402008289E+00
+48.20000E-06 -2.15396993252E+00 +349.84924279E-03
+48.22500E-06 -3.50492475821E+00 +1.30663315203E+00
+48.25000E-06 +4.74251274587E+00 -1.45517586363E+00
+48.27500E-06 -321.20604280E-03 -297.38693117E-03
+48.30000E-06 -4.70472379952E+00 +1.59206028467E+00
+48.32500E-06 +3.67497501628E+00 -972.76380850E-03
+48.35000E-06 +1.71939705101E+00 -932.56280380E-03
+48.37500E-06 -5.22432180955E+00 +1.65236179158E+00
+48.40000E-06 +2.14452269601E+00 -422.01004557E-03
+48.42500E-06 +3.44824133885E+00 -1.38281405525E+00
+48.45000E-06 -4.89366853059E+00 +1.39105526173E+00
+48.47500E-06 +179.49749458E-03 +225.22612838E-03
+48.50000E-06 +4.78030169188E+00 -1.66422108745E+00
+48.52500E-06 -3.82613080101E+00 +964.92461307E-03
+48.55000E-06 -1.85165836272E+00 +920.70350792E-03
+48.57500E-06 +5.21487457305E+00 -1.72050249392E+00
+48.60000E-06 -2.29567848074E+00 +377.98994602E-03
+48.62500E-06 -3.66552777944E+00 +1.37497485982E+00
+48.65000E-06 +4.89366853059E+00 -1.54763817422E+00
+48.67500E-06 -255.07538694E-03 -325.52763440E-03
+48.70000E-06 -4.86532682074E+00 +1.68854269570E+00
+48.72500E-06 +3.89226145687E+00 -1.03708541585E+00
+48.75000E-06 +1.78552770686E+00 -932.56280379E-03
+48.77500E-06 -5.37547759428E+00 +1.74482410217E+00
+48.80000E-06 +2.22954782488E+00 -422.01004557E-03
+48.82500E-06 +3.58050265057E+00 -1.47929646628E+00
+48.85000E-06 -5.05427155182E+00 +1.45537686909E+00
+48.87500E-06 +179.49749458E-03 +253.36683162E-03
+48.90000E-06 +4.85587958424E+00 -1.76472359892E+00
+48.92500E-06 -4.10954789746E+00 +1.02522611998E+00
+48.95000E-06 -1.86110559922E+00 +928.74370880E-03
+48.97500E-06 +5.43216101364E+00 -1.78884420171E+00
+49.00000E-06 -2.37125637311E+00 +382.01004647E-03
+49.02500E-06 -3.74110567180E+00 +1.46743717041E+00
+49.05000E-06 +5.11095497118E+00 -1.61195978157E+00
+49.07500E-06 -330.65327931E-03 -301.40703160E-03
+49.10000E-06 -5.08261326133E+00 +1.78100500628E+00
+49.12500E-06 +4.03397000510E+00 -1.09738692276E+00
+49.15000E-06 +1.79497494336E+00 -968.74370791E-03
+49.17500E-06 -5.52663337901E+00 +1.78100500628E+00
+49.20000E-06 +2.29567848075E+00 -478.29145204E-03
+49.22500E-06 +3.66552777943E+00 -1.51145726996E+00
+49.25000E-06 -5.19598010005E+00 +1.55185928011E+00
+49.27500E-06 +245.62815044E-03 +281.50753485E-03
+49.30000E-06 +5.00703536897E+00 -1.82904520627E+00
+49.32500E-06 -4.11899513396E+00 +1.06140702410E+00
+49.35000E-06 -1.92723625508E+00 +989.04521571E-03
+49.37500E-06 +5.51718614250E+00 -1.88130651230E+00
+49.40000E-06 -2.44683426548E+00 +410.15074970E-03
+49.42500E-06 -3.75055290830E+00 +1.53175877776E+00
+49.45000E-06 +5.19598010005E+00 -1.64814068569E+00
+49.47500E-06 -396.78393517E-03 -329.54773484E-03
+49.50000E-06 -5.09206049783E+00 +1.84532661363E+00
+49.52500E-06 +4.10954789746E+00 -1.13356782688E+00
+49.55000E-06 +1.87055283572E+00 -1.00492461203E+00
+49.57500E-06 -5.59276403487E+00 +1.84532661363E+00
+49.60000E-06 +2.37125637311E+00 -454.17084925E-03
+49.62500E-06 +3.74110567179E+00 -1.57577887731E+00
+49.65000E-06 -5.26211075591E+00 +1.61216078702E+00
+49.67500E-06 +255.07538695E-03 +285.52763529E-03
+49.70000E-06 +5.08261326133E+00 -1.89336681362E+00
+49.72500E-06 -4.12844237047E+00 +1.12170853101E+00
+49.75000E-06 -1.93668349158E+00 +993.06531615E-03
+49.77500E-06 +5.58331679837E+00 -1.91346731598E+00
+49.80000E-06 -2.52241215784E+00 +442.31155338E-03
+49.82500E-06 -3.81668356415E+00 +1.56391958143E+00
+49.85000E-06 +5.27155799241E+00 -1.68030148937E+00
+49.87500E-06 -396.78393518E-03 -333.56783528E-03
+49.90000E-06 -5.15819115369E+00 +1.87748741731E+00
+49.92500E-06 +4.19457302633E+00 -1.16170853012E+00
+49.95000E-06 +1.79497494335E+00 -1.06120601849E+00
+49.97500E-06 -5.66834192723E+00 +1.90964822099E+00
+50.00000E-06 +2.36180913662E+00 -482.31155249E-03
+50.02500E-06 +3.74110567179E+00 -1.60793968098E+00
+50.05000E-06 -5.33768864828E+00 +1.61618088747E+00
+50.07500E-06 +330.65327932E-03 +285.52763529E-03
+50.10000E-06 +5.01648260546E+00 -1.92150751686E+00
+50.12500E-06 -4.19457302633E+00 +1.15386933469E+00
+50.15000E-06 -1.93668349158E+00 +993.06531615E-03
+50.17500E-06 +5.59276403487E+00 -1.97778892333E+00
+50.20000E-06 -2.52241215785E+00 +442.31155338E-03
+50.22500E-06 -3.81668356415E+00 +1.56391958143E+00
+50.25000E-06 +5.25266351942E+00 -1.74462309672E+00
+50.27500E-06 -321.20604282E-03 -329.54773483E-03
+50.30000E-06 -5.09206049782E+00 +1.88150751775E+00
+50.32500E-06 +4.11899513397E+00 -1.19386933379E+00
+50.35000E-06 +1.78552770685E+00 -1.03306531526E+00
+50.37500E-06 -5.61165850787E+00 +1.93778892422E+00
+50.40000E-06 +2.36180913662E+00 -486.33165293E-03
+50.42500E-06 +3.66552777942E+00 -1.60793968098E+00
+50.45000E-06 -5.27155799242E+00 +1.64834169114E+00
+50.47500E-06 +330.65327932E-03 +285.52763529E-03
+50.50000E-06 +5.00703536896E+00 -1.95366832053E+00
+50.52500E-06 -4.26070368220E+00 +1.15386933469E+00
+50.55000E-06 -1.86110559921E+00 +1.02120601939E+00
+50.57500E-06 +5.57386956187E+00 -2.00994972700E+00
+50.60000E-06 -2.44683426549E+00 +414.17085015E-03
+50.62500E-06 -3.74110567179E+00 +1.56793968187E+00
+50.65000E-06 +5.19598010005E+00 -1.74462309672E+00
+50.67500E-06 -396.78393518E-03 -301.40703160E-03
+50.70000E-06 -5.01648260546E+00 +1.91366832143E+00
+50.72500E-06 +4.11899513397E+00 -1.19386933379E+00
+50.75000E-06 +1.71939705098E+00 -1.03306531526E+00
+50.77500E-06 -5.53608061550E+00 +1.96994972790E+00
+50.80000E-06 +2.37125637313E+00 -514.47235617E-03
+50.82500E-06 +3.65608054292E+00 -1.60793968098E+00
+50.85000E-06 -5.20542733655E+00 +1.64834169114E+00
+50.87500E-06 +330.65327932E-03 +281.50753485E-03
+50.90000E-06 +4.93145747660E+00 -1.94964822009E+00
+50.92500E-06 -4.11899513398E+00 +1.15386933469E+00
+50.95000E-06 -1.78552770684E+00 +993.06531615E-03
+50.97500E-06 +5.43216101364E+00 -1.98180902377E+00
+51.00000E-06 -2.38070360963E+00 +442.31155339E-03
+51.02500E-06 -3.65608054292E+00 +1.57195978231E+00
+51.05000E-06 +5.11095497119E+00 -1.77276379996E+00
+51.07500E-06 -396.78393519E-03 -329.54773483E-03
+51.10000E-06 -4.86532682073E+00 +1.88552761819E+00
+51.12500E-06 +3.96783934925E+00 -1.22201003703E+00
+51.15000E-06 +1.64381915861E+00 -1.03306531526E+00
+51.17500E-06 -5.44160825014E+00 +1.93778892422E+00
+51.20000E-06 +2.36180913663E+00 -482.31155249E-03
+51.22500E-06 +3.51437199469E+00 -1.60793968098E+00
+51.25000E-06 -5.12984944419E+00 +1.64432159070E+00
+51.27500E-06 +330.65327933E-03 +253.36683161E-03
+51.30000E-06 +4.78030169187E+00 -1.92150751686E+00
+51.32500E-06 -4.04341724162E+00 +1.12170853101E+00
+51.35000E-06 -1.71939705097E+00 +960.90451247E-03
+51.37500E-06 +5.27155799242E+00 -1.97778892333E+00
+51.40000E-06 -2.44683426549E+00 +446.33165383E-03
+51.42500E-06 -3.58050265056E+00 +1.56391958143E+00
+51.45000E-06 +4.95979918647E+00 -1.71246229305E+00
+51.47500E-06 -396.78393519E-03 -325.52763439E-03
+51.50000E-06 -4.70472379950E+00 +1.88150751775E+00
+51.52500E-06 +3.90170869339E+00 -1.19386933380E+00
+51.55000E-06 +1.56824126625E+00 -1.03306531525E+00
+51.57500E-06 -5.29045246542E+00 +1.90562812055E+00
+51.60000E-06 +2.22954782490E+00 -486.33165293E-03
+51.62500E-06 +3.36321620996E+00 -1.57175877686E+00
+51.65000E-06 -4.90311576710E+00 +1.61216078703E+00
+51.67500E-06 +330.65327933E-03 +257.38693205E-03
+51.70000E-06 +4.55356801478E+00 -1.88934671318E+00
+51.72500E-06 -3.90170869339E+00 +1.12170853102E+00
+51.75000E-06 -1.63437192211E+00 +989.04521571E-03
+51.77500E-06 +4.98814089596E+00 -1.91346731598E+00
+51.80000E-06 -2.29567848077E+00 +442.31155339E-03
+51.82500E-06 -3.36321620996E+00 +1.52773867732E+00
+51.85000E-06 +4.74251274588E+00 -1.70844219261E+00
+51.87500E-06 -406.23117169E-03 -297.38693115E-03
+51.90000E-06 -4.55356801478E+00 +1.81316580996E+00
+51.92500E-06 +3.67497501630E+00 -1.19386933380E+00
+51.95000E-06 +1.49266337388E+00 -1.00090451158E+00
+51.97500E-06 -5.05427155183E+00 +1.84532661363E+00
+52.00000E-06 +2.15396993254E+00 -486.33165293E-03
+52.02500E-06 +3.21206042523E+00 -1.53959797319E+00
+52.05000E-06 -4.66693485352E+00 +1.55185928012E+00
+52.07500E-06 +330.65327933E-03 +245.32663073E-03
+52.10000E-06 +4.40241223005E+00 -1.82904520627E+00
+52.12500E-06 -3.67497501630E+00 +1.09356782778E+00
+52.15000E-06 -1.62492468561E+00 +900.60300556E-03
+52.17500E-06 +4.76140721887E+00 -1.88130651230E+00
+52.20000E-06 -2.22010058841E+00 +442.31155339E-03
+52.22500E-06 -3.21206042523E+00 +1.47145727084E+00
+52.25000E-06 +4.50633183230E+00 -1.61597988202E+00
+52.27500E-06 -406.23117170E-03 -297.38693115E-03
+52.30000E-06 -4.32683433769E+00 +1.78100500628E+00
+52.32500E-06 +3.52381923158E+00 -1.10140702321E+00
+52.35000E-06 +1.40763824501E+00 -960.70350702E-03
+52.37500E-06 -4.76140721887E+00 +1.78100500628E+00
+52.40000E-06 +2.07839204018E+00 -486.33165293E-03
+52.42500E-06 +2.98532674814E+00 -1.44713566260E+00
+52.45000E-06 -4.44020117643E+00 +1.51969847644E+00
+52.47500E-06 +264.52262347E-03 +221.20602793E-03
+52.50000E-06 +4.10010066060E+00 -1.76070349848E+00
+52.52500E-06 -3.45768857571E+00 +1.05738692367E+00
+52.55000E-06 -1.47376890088E+00 +896.58290512E-03
+52.57500E-06 +4.52522630529E+00 -1.78482410128E+00
+52.60000E-06 -2.07839204018E+00 +414.17085015E-03
+52.62500E-06 -2.98532674814E+00 +1.40713566349E+00
+52.65000E-06 +4.27959815521E+00 -1.57979897791E+00
+52.67500E-06 -406.23117170E-03 -265.22612747E-03
+52.70000E-06 -4.09065342410E+00 +1.65638189202E+00
+52.72500E-06 +3.30653279099E+00 -1.06522611910E+00
+52.75000E-06 +1.32261311615E+00 -904.42210055E-03
+52.77500E-06 -4.45909564942E+00 +1.71266329849E+00
+52.80000E-06 +1.92723625546E+00 -450.15074882E-03
+52.82500E-06 +2.82472372692E+00 -1.38281405524E+00
+52.85000E-06 -4.14733684347E+00 +1.42321606541E+00
+52.87500E-06 +330.65327934E-03 +217.18592749E-03
+52.90000E-06 +3.79778909114E+00 -1.66422108745E+00
+52.92500E-06 -3.29708555449E+00 +997.08541675E-03
+52.95000E-06 -1.39819100851E+00 +832.26129777E-03
+52.97500E-06 +4.16623131646E+00 -1.72050249392E+00
+53.00000E-06 -1.92723625546E+00 +414.17085015E-03
+53.02500E-06 -2.74914583455E+00 +1.31065325246E+00
+53.05000E-06 +3.91115592989E+00 -1.48733666732E+00
+53.07500E-06 -340.10051584E-03 -233.06532380E-03
+53.10000E-06 -3.72221119878E+00 +1.59206028467E+00
+53.12500E-06 +3.14592976977E+00 -1.03708541586E+00
+53.15000E-06 +1.18090456792E+00 -840.10049320E-03
+53.17500E-06 -4.16623131646E+00 +1.58804018423E+00
+53.20000E-06 +1.78552770723E+00 -454.17084926E-03
+53.22500E-06 +2.59799004983E+00 -1.31849244789E+00
+53.25000E-06 -3.84502527402E+00 +1.32673365439E+00
+53.27500E-06 +406.23117171E-03 +185.02512381E-03
+53.30000E-06 +3.49547752169E+00 -1.59989948010E+00
+53.32500E-06 -3.07035187740E+00 +960.90451264E-03
+53.35000E-06 -1.24703522379E+00 +792.06029321E-03
+53.37500E-06 +3.92060316639E+00 -1.61999998246E+00
+53.40000E-06 -1.86110559960E+00 +382.01004648E-03
+53.42500E-06 -2.59799004983E+00 +1.24231154467E+00
+53.45000E-06 +3.68442225280E+00 -1.39487435673E+00
+53.47500E-06 -264.52262348E-03 -233.06532379E-03
+53.50000E-06 -3.41989962933E+00 +1.46341706996E+00
+53.52500E-06 +2.85306543681E+00 -940.60300483E-03
+53.55000E-06 +1.08643220256E+00 -771.75878540E-03
+53.57500E-06 -3.78834185465E+00 +1.51969847644E+00
+53.60000E-06 +1.70994981487E+00 -393.86934235E-03
+53.62500E-06 +2.37125637274E+00 -1.22201003686E+00
+53.65000E-06 -3.55216094106E+00 +1.26241204704E+00
+53.67500E-06 +273.96985997E-03 +185.02512381E-03
+53.70000E-06 +3.25929660811E+00 -1.47125626539E+00
+53.72500E-06 -2.84361820032E+00 +868.44220205E-03
+53.75000E-06 -1.16201009493E+00 +731.75878630E-03
+53.77500E-06 +3.55216094106E+00 -1.46723616496E+00
+53.80000E-06 -1.64381915900E+00 +349.84924281E-03
+53.82500E-06 -2.36180913624E+00 +1.14582913364E+00
+53.85000E-06 +3.31598002748E+00 -1.29839194570E+00
+53.87500E-06 -340.10051584E-03 -196.88441968E-03
+53.90000E-06 -3.11758805987E+00 +1.36693465894E+00
+53.92500E-06 +2.61688452323E+00 -904.42210072E-03
+53.95000E-06 +878.59299846E-03 -711.45727849E-03
+53.97500E-06 -3.48603028519E+00 +1.36291455850E+00
+54.00000E-06 +1.55879403015E+00 -393.86934235E-03
+54.02500E-06 +2.07839203977E+00 -1.12552762584E+00
+54.05000E-06 -3.24040213512E+00 +1.19407033925E+00
+54.07500E-06 +264.52262348E-03 +148.84421970E-03
+54.10000E-06 +2.88140714629E+00 -1.37477385437E+00
+54.12500E-06 -2.55075386736E+00 +836.28139838E-03
+54.15000E-06 -1.08643220256E+00 +667.43717895E-03
+54.17500E-06 +3.17427147925E+00 -1.37075375393E+00
+54.20000E-06 -1.49266337428E+00 +317.68843913E-03
+54.22500E-06 -2.14452269564E+00 +1.05336682305E+00
+54.25000E-06 +3.01366845803E+00 -1.19788943424E+00
+54.27500E-06 -340.10051585E-03 -196.88441968E-03
+54.30000E-06 -2.81527649042E+00 +1.26643214747E+00
+54.32500E-06 +2.33346742676E+00 -815.97989057E-03
+54.35000E-06 +859.69852547E-03 -675.27637438E-03
+54.37500E-06 -3.10814082338E+00 +1.26643214747E+00
+54.40000E-06 +1.34150758955E+00 -361.70853867E-03
+54.42500E-06 +1.84221112619E+00 -1.05316581761E+00
+54.45000E-06 -2.88140714629E+00 +1.07346732542E+00
+54.47500E-06 +264.52262349E-03 +152.86432014E-03
+54.50000E-06 +2.52241215746E+00 -1.24613063966E+00
+54.52500E-06 -2.32402019027E+00 +767.93969059E-03
+54.55000E-06 -859.69852547E-03 +599.09547116E-03
+54.57500E-06 +2.87195990980E+00 -1.27025124247E+00
+54.60000E-06 -1.34150758955E+00 +317.68843913E-03
+54.62500E-06 -1.91778901855E+00 +952.86431159E-03
+54.65000E-06 +2.70190965209E+00 -1.10542712365E+00
+54.67500E-06 -283.41709647E-03 -164.72361600E-03
+54.70000E-06 -2.50351768447E+00 +1.14180903321E+00
+54.72500E-06 +2.09728651318E+00 -751.65828322E-03
+54.75000E-06 +717.98997723E-03 -610.95476702E-03
+54.77500E-06 -2.86251267331E+00 +1.16592963601E+00
+54.80000E-06 +1.26592969719E+00 -301.40703176E-03
+54.82500E-06 +1.61547744910E+00 -960.70350702E-03
+54.85000E-06 -2.62633175973E+00 +944.82411072E-03
+54.87500E-06 +207.83920411E-03 +148.84421970E-03
+54.90000E-06 +2.27678400738E+00 -1.11748742496E+00
+54.92500E-06 -2.08783927669E+00 +679.49748044E-03
+54.95000E-06 -850.25128898E-03 +562.91456705E-03
+54.97500E-06 +2.49407044798E+00 -1.14160802776E+00
+55.00000E-06 -1.25648246070E+00 +289.54773589E-03
+55.02500E-06 -1.68160810497E+00 +828.24119732E-03
+55.05000E-06 +2.40904531913E+00 -1.00492461219E+00
+55.07500E-06 -273.96985998E-03 -160.70351556E-03
+55.10000E-06 -2.26733677089E+00 +1.01316581850E+00
+55.12500E-06 +1.87055283610E+00 -687.33667587E-03
+55.15000E-06 +699.09550425E-03 -542.61305924E-03
+55.17500E-06 -2.50351768447E+00 +1.03728642131E+00
+55.20000E-06 +1.10532667597E+00 -297.38693133E-03
+55.22500E-06 +1.45487442788E+00 -864.22109599E-03
+55.25000E-06 -2.33346742676E+00 +876.48240293E-03
+55.27500E-06 +198.39196762E-03 +112.66331559E-03
+55.30000E-06 +2.05005033029E+00 -1.01698491350E+00
+55.32500E-06 -1.79497494373E+00 +583.01506941E-03
+55.35000E-06 -765.22616012E-03 +502.61306013E-03
+55.37500E-06 +2.19175887853E+00 -1.01698491350E+00
+55.40000E-06 -1.10532667598E+00 +229.24622898E-03
+55.42500E-06 -1.44542719139E+00 +759.89948953E-03
+55.45000E-06 +2.04060309380E+00 -908.44220116E-03
+55.47500E-06 -273.96985998E-03 -160.70351556E-03
+55.50000E-06 -1.97447243793E+00 +888.54270424E-03
+55.52500E-06 +1.64381915901E+00 -590.85426484E-03
+55.55000E-06 +547.93971952E-03 -506.43215512E-03
+55.57500E-06 -2.19175887853E+00 +912.66330704E-03
+55.60000E-06 +963.61812774E-03 -269.24622809E-03
+55.62500E-06 +1.22814075079E+00 -759.69848409E-03
+55.65000E-06 -2.03115585731E+00 +751.85928866E-03
+55.67500E-06 +207.83920411E-03 +80.50251191E-03
+55.70000E-06 +1.74773876084E+00 -892.36179923E-03
+55.72500E-06 -1.64381915901E+00 +522.71356250E-03
+55.75000E-06 -689.64826776E-03 +438.29145278E-03
+55.77500E-06 +1.95557796495E+00 -916.48240204E-03
+55.80000E-06 -963.61812774E-03 +225.22612855E-03
+55.82500E-06 -1.22814075079E+00 +655.37687764E-03
+55.85000E-06 +1.80442218022E+00 -787.83918733E-03
+55.87500E-06 -207.83920411E-03 -156.68341513E-03
+55.90000E-06 -1.80442218022E+00 +784.02009234E-03
+55.92500E-06 +1.42653271841E+00 -562.71356160E-03
+55.95000E-06 +472.36182716E-03 -389.84924173E-03
+55.97500E-06 -1.82331665320E+00 +788.04019277E-03
+56.00000E-06 +878.59299889E-03 -237.08542441E-03
+56.02500E-06 +1.07698496606E+00 -667.23617350E-03
+56.05000E-06 -1.73829152435E+00 +655.37687764E-03
+56.07500E-06 +141.70854824E-03 +84.52261234E-03
+56.10000E-06 +1.52100508375E+00 -763.71858453E-03
+56.12500E-06 -1.36040206254E+00 +458.39195515E-03
+56.15000E-06 -538.49248303E-03 +369.94974499E-03
+56.17500E-06 +1.66271363199E+00 -787.83918733E-03
+56.20000E-06 -831.35681599E-03 +197.08542531E-03
+56.22500E-06 -1.06753772957E+00 +591.05527028E-03
+56.25000E-06 +1.57768850314E+00 -719.49747955E-03
+56.27500E-06 -217.28644060E-03 -124.52261145E-03
+56.30000E-06 -1.44542719139E+00 +659.39697807E-03
+56.32500E-06 +1.19979904132E+00 -462.21105014E-03
+56.35000E-06 +396.78393479E-03 -381.80904086E-03
+56.37500E-06 -1.66271363199E+00 +715.67838455E-03
+56.40000E-06 +670.75379478E-03 -204.92462074E-03
+56.42500E-06 +850.25128897E-03 -602.91456615E-03
+56.45000E-06 -1.44542719139E+00 +587.03516985E-03
+56.47500E-06 +132.26131175E-03 +48.34170823E-03
+56.50000E-06 +1.22814075079E+00 -699.39697718E-03
+56.52500E-06 -1.19979904132E+00 +394.07034780E-03
+56.55000E-06 -529.04524654E-03 +305.62813764E-03
+56.57500E-06 +1.42653271841E+00 -695.37687674E-03
+56.60000E-06 -736.88445065E-03 +164.92462163E-03
+56.62500E-06 -850.25128897E-03 +498.59295969E-03
+56.65000E-06 +1.21869351430E+00 -623.01506852E-03
+56.67500E-06 -207.83920411E-03 -92.36180777E-03
+56.70000E-06 -1.21869351430E+00 +595.07537072E-03
+56.72500E-06 +1.03919602011E+00 -434.07034690E-03
+56.75000E-06 +245.62815006E-03 -341.60803631E-03
+56.77500E-06 -1.36040206254E+00 +591.05527028E-03
+56.80000E-06 +585.72866593E-03 -204.92462074E-03
+56.82500E-06 +765.22616012E-03 -506.43215512E-03
+56.85000E-06 -1.28482417017E+00 +494.57285926E-03
+56.87500E-06 +132.26131175E-03 +80.50251191E-03
+56.90000E-06 +1.06753772957E+00 -598.89446571E-03
+56.92500E-06 -982.51260072E-03 +361.90954412E-03
+56.95000E-06 -453.46735418E-03 +273.46733396E-03
+56.97500E-06 +1.13366838545E+00 -627.03516896E-03
+57.00000E-06 -595.17590242E-03 +132.76381796E-03
+57.02500E-06 -765.22616012E-03 +430.25125191E-03
+57.05000E-06 +1.13366838545E+00 -558.69346117E-03
+57.07500E-06 -75.57789236E-03 -64.22110453E-03
+57.10000E-06 -991.95983721E-03 +494.57285926E-03
+57.12500E-06 +897.48747187E-03 -337.58793587E-03
+57.15000E-06 +245.62815006E-03 -281.30652939E-03
+57.17500E-06 -1.19979904132E+00 +498.59295969E-03
+57.20000E-06 +519.59801005E-03 -176.78391750E-03
+57.22500E-06 +680.20103127E-03 -442.11054777E-03
+57.25000E-06 -1.05809049308E+00 +398.09044823E-03
+57.27500E-06 +141.70854824E-03 +44.32160780E-03
+57.30000E-06 +906.93470836E-03 -502.41205469E-03
+57.32500E-06 -831.35681599E-03 +293.56783633E-03
+57.35000E-06 -302.31156945E-03 +241.30653029E-03
+57.37500E-06 +982.51260072E-03 -530.55275793E-03
+57.40000E-06 -519.59801005E-03 +132.76381796E-03
+57.42500E-06 -680.20103127E-03 +369.94974499E-03
+57.45000E-06 +897.48747187E-03 -462.21105014E-03
+57.47500E-06 -75.57789236E-03 -60.20100410E-03
+57.50000E-06 -831.35681599E-03 +458.39195515E-03
+57.52500E-06 +680.20103127E-03 -301.40703177E-03
+57.55000E-06 +236.18091358E-03 -221.00502248E-03
+57.57500E-06 -916.38194484E-03 +402.11054866E-03
+57.60000E-06 +444.02011769E-03 -144.62311382E-03
+57.62500E-06 +462.91459066E-03 -349.64823718E-03
+57.65000E-06 -906.93470836E-03 +337.78894131E-03
+57.67500E-06 +75.57789236E-03 +12.16080412E-03
+57.70000E-06 +689.64826775E-03 -413.96984453E-03
+57.72500E-06 -746.33168714E-03 +265.42713309E-03
+57.75000E-06 -302.31156945E-03 +181.00502337E-03
+57.77500E-06 +765.22616012E-03 -466.23115058E-03
+57.80000E-06 -453.46735418E-03 +100.60301428E-03
+57.82500E-06 -538.49248303E-03 +301.60803720E-03
+57.85000E-06 +755.77892363E-03 -397.88944279E-03
+57.87500E-06 -75.57789236E-03 -56.18090366E-03
+57.90000E-06 -755.77892363E-03 +365.92964455E-03
+57.92500E-06 +604.62313890E-03 -277.28642896E-03
+57.95000E-06 +160.60302121E-03 -212.96482161E-03
+57.97500E-06 -821.90957951E-03 +365.92964455E-03
+58.00000E-06 +434.57288121E-03 -120.50251101E-03
+58.02500E-06 +387.33669830E-03 -313.46733307E-03
+58.05000E-06 -755.77892363E-03 +269.44723353E-03
+58.07500E-06 +0.0E+00 +12.16080412E-03
+58.10000E-06 +604.62313890E-03 -373.76883999E-03
+58.12500E-06 -595.17590242E-03 +201.10552574E-03
+58.15000E-06 -226.73367709E-03 +172.96482250E-03
+58.17500E-06 +680.20103127E-03 -373.76883999E-03
+58.20000E-06 -444.02011769E-03 +72.46231104E-03
+58.22500E-06 -453.46735418E-03 +241.30653029E-03
+58.25000E-06 +604.62313890E-03 -365.72863912E-03
+58.27500E-06 -207.83920412E-03 -88.34170734E-03
+58.30000E-06 -604.62313890E-03 +301.60803720E-03
+58.32500E-06 +529.04524654E-03 -212.96482161E-03
+58.35000E-06 +151.15578473E-03 -180.80401793E-03
+58.37500E-06 -680.20103127E-03 +297.58793677E-03
+58.40000E-06 +226.73367709E-03 -84.32160690E-03
+58.42500E-06 +302.31156945E-03 -277.28642896E-03
+58.45000E-06 -604.62313890E-03 +209.14572661E-03
+58.47500E-06 +66.13065588E-03 +16.18090456E-03
+58.50000E-06 +462.91459066E-03 -281.30652939E-03
+58.52500E-06 -519.59801006E-03 +172.96482250E-03
+58.55000E-06 -226.73367709E-03 +112.66331558E-03
+58.57500E-06 +529.04524654E-03 -305.42713220E-03
+58.60000E-06 -302.31156945E-03 +64.42211017E-03
+58.62500E-06 -387.33669830E-03 +205.12562618E-03
+58.65000E-06 +519.59801006E-03 -273.26632852E-03
+58.67500E-06 -75.57789236E-03 -28.04020042E-03
+58.70000E-06 -519.59801006E-03 +237.28642985E-03
+58.72500E-06 +377.88946182E-03 -204.92462074E-03
+58.75000E-06 +75.57789236E-03 -152.66331469E-03
+58.77500E-06 -529.04524654E-03 +237.28642985E-03
+58.80000E-06 +217.28644061E-03 -88.34170734E-03
+58.82500E-06 +236.18091357E-03 -212.96482161E-03
+58.85000E-06 -453.46735418E-03 +172.96482250E-03
+58.87500E-06 +0.0E+00 +12.16080412E-03
+58.90000E-06 +387.33669830E-03 -245.12562528E-03
+58.92500E-06 -387.33669830E-03 +136.78391839E-03
+58.95000E-06 -217.28644061E-03 +80.50251191E-03
+58.97500E-06 +377.88946182E-03 -245.12562528E-03
+59.00000E-06 -226.73367709E-03 +44.32160780E-03
+59.02500E-06 -311.75880594E-03 +172.96482250E-03
+59.05000E-06 +377.88946182E-03 -241.10552485E-03
+59.07500E-06 -75.57789236E-03 -28.04020042E-03
+59.10000E-06 -387.33669830E-03 +205.12562618E-03
+59.12500E-06 +217.28644061E-03 -144.62311382E-03
+59.15000E-06 +75.57789236E-03 -148.64321426E-03
+59.17500E-06 -453.46735418E-03 +201.10552574E-03
+59.20000E-06 +151.15578473E-03 -84.32160690E-03
+59.22500E-06 +160.60302121E-03 -180.80401793E-03
+59.25000E-06 -387.33669830E-03 +140.80401883E-03
+59.27500E-06 +0.0E+00 +8.14070369E-03
+59.30000E-06 +302.31156945E-03 -216.98492204E-03
+59.32500E-06 -302.31156945E-03 +76.48241147E-03
+59.35000E-06 -160.60302121E-03 +76.48241147E-03
+59.37500E-06 +368.44222533E-03 -208.94472117E-03
+59.40000E-06 -217.28644061E-03 +68.44221061E-03
+59.42500E-06 -236.18091357E-03 +112.66331558E-03
+59.45000E-06 +292.86433297E-03 -208.94472117E-03
+59.47500E-06 -66.13065588E-03 -24.02009999E-03
+59.50000E-06 -302.31156945E-03 +140.80401883E-03
+59.52500E-06 +226.73367709E-03 -148.64321426E-03
+59.55000E-06 +18.89447297E-03 -112.46231015E-03
+59.57500E-06 -377.88946182E-03 +140.80401883E-03
+59.60000E-06 +207.83920412E-03 -84.32160690E-03
+59.62500E-06 +151.15578473E-03 -172.76381707E-03
+59.65000E-06 -377.88946182E-03 +108.64321515E-03
+59.67500E-06 +75.57789236E-03 -15.97989912E-03
+59.70000E-06 +226.73367709E-03 -180.80401793E-03
+59.72500E-06 -226.73367709E-03 +48.34170823E-03
+59.75000E-06 -75.57789236E-03 +48.34170823E-03
+59.77500E-06 +292.86433297E-03 -208.94472117E-03
+59.80000E-06 -226.73367709E-03 +12.16080412E-03
+59.82500E-06 -226.73367709E-03 +112.66331558E-03
+59.85000E-06 +217.28644061E-03 -176.78391750E-03
+59.87500E-06 +0.0E+00 -28.04020042E-03
+59.90000E-06 -302.31156945E-03 +108.64321515E-03
+59.92500E-06 +151.15578473E-03 -144.62311382E-03
+59.95000E-06 +75.57789236E-03 -112.46231015E-03
+59.97500E-06 -292.86433297E-03 +108.64321515E-03
+60.00000E-06 +75.57789236E-03 -52.16080323E-03
+60.02500E-06 +75.57789236E-03 -116.48241058E-03
+60.05000E-06 -226.73367709E-03 +104.62311472E-03
+60.07500E-06 +66.13065588E-03 -19.99999955E-03
+60.10000E-06 +151.15578473E-03 -148.64321426E-03
+60.12500E-06 -226.73367709E-03 +76.48241147E-03
+60.15000E-06 -75.57789236E-03 +44.32160780E-03
+60.17500E-06 +160.60302121E-03 -176.78391750E-03
+60.20000E-06 -141.70854825E-03 +36.28140693E-03
+60.22500E-06 -160.60302121E-03 +80.50251191E-03
+60.25000E-06 +151.15578473E-03 -144.62311382E-03
+60.27500E-06 +0.0E+00 -24.02009999E-03
+60.30000E-06 -226.73367709E-03 +76.48241147E-03
+60.32500E-06 +151.15578473E-03 -84.32160690E-03
+60.35000E-06 +75.57789236E-03 -84.32160690E-03
+60.37500E-06 -226.73367709E-03 +80.50251191E-03
+60.40000E-06 +66.13065588E-03 -52.16080323E-03
+60.42500E-06 +9.44723648E-03 -116.48241058E-03
+60.45000E-06 -151.15578473E-03 +76.48241147E-03
+60.47500E-06 -9.44723648E-03 -19.99999955E-03
+60.50000E-06 +151.15578473E-03 -116.48241058E-03
+60.52500E-06 -151.15578473E-03 +44.32160780E-03
+60.55000E-06 -151.15578473E-03 +44.32160780E-03
+60.57500E-06 +85.02512884E-03 -88.34170734E-03
+60.60000E-06 -85.02512884E-03 +12.16080412E-03
+60.62500E-06 -151.15578473E-03 +44.32160780E-03
+60.65000E-06 +75.57789236E-03 -144.62311382E-03
+60.67500E-06 +0.0E+00 -28.04020042E-03
+60.70000E-06 -217.28644061E-03 +72.46231104E-03
+60.72500E-06 +66.13065588E-03 -52.16080323E-03
+60.75000E-06 +0.0E+00 -52.16080323E-03
+60.77500E-06 -160.60302121E-03 +72.46231104E-03
+60.80000E-06 +66.13065588E-03 -24.02009998E-03
+60.82500E-06 +85.02512884E-03 -56.18090366E-03
+60.85000E-06 -217.28644061E-03 +16.18090455E-03
+60.87500E-06 +0.0E+00 -52.16080323E-03
+60.90000E-06 +85.02512884E-03 -88.34170734E-03
+60.92500E-06 -160.60302121E-03 +40.30150737E-03
+60.95000E-06 -75.57789236E-03 +12.16080412E-03
+60.97500E-06 +141.70854825E-03 -84.32160690E-03
+61.00000E-06 -75.57789236E-03 +12.16080412E-03
+61.02500E-06 -141.70854825E-03 +44.32160780E-03
+61.05000E-06 +141.70854825E-03 -84.32160690E-03
+61.07500E-06 -75.57789236E-03 -24.02009998E-03
+61.10000E-06 -85.02512884E-03 +72.46231104E-03
+61.12500E-06 +66.13065588E-03 -52.16080323E-03
+61.15000E-06 +0.0E+00 -52.16080323E-03
+61.17500E-06 -85.02512884E-03 +44.32160780E-03
+61.20000E-06 -66.13065588E-03 -52.16080323E-03
+61.22500E-06 +0.0E+00 -52.16080323E-03
+61.25000E-06 -151.15578473E-03 -15.97989912E-03
+61.27500E-06 +0.0E+00 -19.99999955E-03
+61.30000E-06 +9.44723648E-03 -84.32160690E-03
+61.32500E-06 -141.70854825E-03 +8.14070369E-03
+61.35000E-06 -75.57789236E-03 +12.16080412E-03
+61.37500E-06 +66.13065588E-03 -84.32160690E-03
+61.40000E-06 -75.57789236E-03 -19.99999955E-03
+61.42500E-06 -75.57789236E-03 +12.16080412E-03
+61.45000E-06 +0.0E+00 -84.32160690E-03
+61.47500E-06 +0.0E+00 -24.02009998E-03
+61.50000E-06 -75.57789236E-03 +12.16080412E-03
+61.52500E-06 +9.44723648E-03 -52.16080323E-03
+61.55000E-06 -66.13065588E-03 -52.16080323E-03
+61.57500E-06 -85.02512884E-03 +44.32160780E-03
+61.60000E-06 +75.57789236E-03 -48.14070280E-03
+61.62500E-06 +0.0E+00 -52.16080323E-03
+61.65000E-06 -75.57789236E-03 +16.18090455E-03
+61.67500E-06 -9.44723648E-03 -19.99999955E-03
+61.70000E-06 +66.13065588E-03 -24.02009998E-03
+61.72500E-06 -141.70854825E-03 +12.16080412E-03
+61.75000E-06 -141.70854825E-03 +12.16080412E-03
+61.77500E-06 +66.13065588E-03 -80.30150647E-03
+61.80000E-06 -75.57789236E-03 -19.99999955E-03
+61.82500E-06 -75.57789236E-03 +12.16080412E-03
+61.85000E-06 +66.13065588E-03 -52.16080323E-03
+61.87500E-06 +0.0E+00 -24.02009998E-03
+61.90000E-06 -151.15578473E-03 +44.32160780E-03
+61.92500E-06 +0.0E+00 -19.99999955E-03
+61.95000E-06 -9.44723648E-03 -24.02009998E-03
+61.97500E-06 -141.70854825E-03 +44.32160780E-03
+62.00000E-06 +0.0E+00 -19.99999955E-03
+62.02500E-06 -66.13065588E-03 -48.14070280E-03
+62.05000E-06 -85.02512884E-03 -19.99999955E-03
+62.07500E-06 +0.0E+00 -24.02009998E-03
+62.10000E-06 +0.0E+00 -84.32160690E-03
+62.12500E-06 -66.13065588E-03 +8.14070369E-03
+62.15000E-06 -75.57789236E-03 +12.16080412E-03
+62.17500E-06 +75.57789236E-03 -52.16080323E-03
+62.20000E-06 -75.57789236E-03 +8.14070369E-03
+62.22500E-06 -132.26131177E-03 -15.97989912E-03
+62.25000E-06 +66.13065589E-03 -80.30150647E-03
+62.27500E-06 +0.0E+00 -24.02009998E-03
+62.30000E-06 +0.0E+00 +8.14070369E-03
+62.32500E-06 +0.0E+00 -52.16080323E-03
+62.35000E-06 +0.0E+00 -52.16080323E-03
+62.37500E-06 -85.02512884E-03 +16.18090455E-03
+62.40000E-06 +0.0E+00 -24.02009998E-03
+62.42500E-06 -66.13065589E-03 -76.28140604E-03
+62.45000E-06 -9.44723648E-03 -19.99999955E-03
+62.47500E-06 -9.44723648E-03 -24.02009998E-03
+62.50000E-06 +0.0E+00 -52.16080323E-03
+62.52500E-06 -66.13065589E-03 -19.99999955E-03
+62.55000E-06 -75.57789236E-03 +8.14070369E-03
+62.57500E-06 +0.0E+00 -52.16080323E-03
+62.60000E-06 -75.57789236E-03 -19.99999955E-03
+62.62500E-06 -75.57789236E-03 -19.99999955E-03
+62.65000E-06 +0.0E+00 -80.30150647E-03
+62.67500E-06 -9.44723648E-03 -28.04020041E-03
+62.70000E-06 -75.57789236E-03 -19.99999955E-03
+62.72500E-06 +0.0E+00 -19.99999955E-03
+62.75000E-06 -141.70854825E-03 -24.02009998E-03
+62.77500E-06 +0.0E+00 -15.97989912E-03
+62.80000E-06 +0.0E+00 +8.14070369E-03
+62.82500E-06 +0.0E+00 -52.16080323E-03
+62.85000E-06 -75.57789236E-03 -19.99999955E-03
+62.87500E-06 +0.0E+00 -24.02009998E-03
+62.90000E-06 +0.0E+00 -52.16080323E-03
+62.92500E-06 +0.0E+00 +8.14070369E-03
+62.95000E-06 -141.70854825E-03 -19.99999955E-03
+62.97500E-06 -9.44723648E-03 -24.02009998E-03
+63.00000E-06 -75.57789236E-03 -24.02009998E-03
+63.02500E-06 -75.57789236E-03 -19.99999955E-03
+63.05000E-06 -66.13065589E-03 -24.02009998E-03
+63.07500E-06 -66.13065589E-03 +4.12060326E-03
+63.10000E-06 -75.57789236E-03 +12.16080412E-03
+63.12500E-06 -56.68341941E-03 -52.16080323E-03
+63.15000E-06 -9.44723648E-03 -19.99999955E-03
+63.17500E-06 -9.44723648E-03 -15.97989912E-03
+63.20000E-06 +0.0E+00 -48.14070280E-03
+63.22500E-06 -75.57789236E-03 -48.14070280E-03
+63.25000E-06 -75.57789236E-03 -48.14070280E-03
+63.27500E-06 +0.0E+00 +4.12060326E-03
+63.30000E-06 +0.0E+00 -24.02009998E-03
+63.32500E-06 -75.57789236E-03 +8.14070369E-03
+63.35000E-06 -9.44723648E-03 -19.99999955E-03
+63.37500E-06 +0.0E+00 -19.99999955E-03
+63.40000E-06 -75.57789236E-03 -24.02009998E-03
+63.42500E-06 -75.57789236E-03 -19.99999955E-03
+63.45000E-06 -9.44723648E-03 -52.16080323E-03
+63.47500E-06 +0.0E+00 -19.99999955E-03
+63.50000E-06 -66.13065589E-03 +12.16080412E-03
+63.52500E-06 -66.13065589E-03 -19.99999955E-03
+63.55000E-06 -66.13065589E-03 -19.99999955E-03
+63.57500E-06 -75.57789236E-03 -19.99999955E-03
+63.60000E-06 +0.0E+00 -19.99999955E-03
+63.62500E-06 -66.13065589E-03 -48.14070280E-03
+63.65000E-06 -75.57789236E-03 -15.97989912E-03
+63.67500E-06 -66.13065589E-03 -52.16080323E-03
+63.70000E-06 +66.13065589E-03 -19.99999955E-03
+63.72500E-06 -75.57789236E-03 -19.99999955E-03
+63.75000E-06 -75.57789236E-03 +12.16080412E-03
+63.77500E-06 -75.57789236E-03 -19.99999955E-03
+63.80000E-06 +0.0E+00 -19.99999955E-03
+63.82500E-06 -75.57789236E-03 -15.97989912E-03
+63.85000E-06 -9.44723647E-03 -48.14070280E-03
+63.87500E-06 -75.57789236E-03 -56.18090366E-03
+63.90000E-06 +0.0E+00 -19.99999955E-03
+63.92500E-06 -66.13065589E-03 -19.99999955E-03
+63.95000E-06 -75.57789236E-03 -48.14070280E-03
+63.97500E-06 -66.13065589E-03 -19.99999955E-03
+64.00000E-06 -9.44723647E-03 -19.99999955E-03
+64.02500E-06 -9.44723647E-03 -19.99999955E-03
+64.05000E-06 -141.70854825E-03 -19.99999955E-03
+64.07500E-06 +0.0E+00 -24.02009998E-03
+64.10000E-06 +0.0E+00 -52.16080323E-03
+64.12500E-06 +9.44723647E-03 -19.99999955E-03
+64.15000E-06 -75.57789236E-03 -19.99999955E-03
+64.17500E-06 +0.0E+00 -48.14070280E-03
+64.20000E-06 +0.0E+00 +8.14070369E-03
+64.22500E-06 +0.0E+00 +8.14070369E-03
+64.25000E-06 +0.0E+00 -48.14070280E-03
+64.27500E-06 -66.13065589E-03 -24.02009998E-03
+64.30000E-06 -66.13065589E-03 -19.99999955E-03
+64.32500E-06 -75.57789236E-03 -19.99999955E-03
+64.35000E-06 -9.44723647E-03 -48.14070280E-03
+64.37500E-06 -9.44723647E-03 -15.97989912E-03
+64.40000E-06 -66.13065589E-03 -19.99999955E-03
+64.42500E-06 -75.57789236E-03 -19.99999955E-03
+64.45000E-06 -75.57789236E-03 -24.02009998E-03
+64.47500E-06 +0.0E+00 -19.99999955E-03
+64.50000E-06 +0.0E+00 -19.99999955E-03
+64.52500E-06 -66.13065589E-03 -19.99999955E-03
+64.55000E-06 -75.57789236E-03 -19.99999955E-03
+64.57500E-06 -9.44723647E-03 -52.16080323E-03
+64.60000E-06 -75.57789236E-03 -24.02009998E-03
+64.62500E-06 -75.57789236E-03 -19.99999955E-03
+64.65000E-06 +0.0E+00 -48.14070280E-03
+64.67500E-06 +0.0E+00 -52.16080323E-03
+64.70000E-06 -66.13065589E-03 -19.99999955E-03
+64.72500E-06 -9.44723647E-03 -19.99999955E-03
+64.75000E-06 -9.44723647E-03 -19.99999955E-03
+64.77500E-06 -75.57789236E-03 -19.99999955E-03
+64.80000E-06 +0.0E+00 -19.99999955E-03
+64.82500E-06 -75.57789236E-03 -19.99999955E-03
+64.85000E-06 -9.44723647E-03 -48.14070280E-03
+64.87500E-06 -9.44723647E-03 -24.02009998E-03
+64.90000E-06 +0.0E+00 -19.99999955E-03
+64.92500E-06 -75.57789236E-03 -19.99999955E-03
+64.95000E-06 -141.70854825E-03 -24.02009998E-03
+64.97500E-06 -9.44723647E-03 -19.99999955E-03
+65.00000E-06 -66.13065589E-03 -19.99999955E-03
+65.02500E-06 -75.57789236E-03 -15.97989912E-03
+65.05000E-06 -75.57789236E-03 -19.99999955E-03
+65.07500E-06 -66.13065589E-03 +4.12060327E-03
+65.10000E-06 -132.26131178E-03 +12.16080412E-03
+65.12500E-06 +0.0E+00 -19.99999955E-03
+65.15000E-06 -66.13065589E-03 -19.99999955E-03
+65.17500E-06 -9.44723647E-03 -15.97989912E-03
+65.20000E-06 +0.0E+00 -19.99999955E-03
+65.22500E-06 -75.57789236E-03 -19.99999955E-03
+65.25000E-06 -85.02512884E-03 -19.99999955E-03
+65.27500E-06 -9.44723647E-03 +8.14070369E-03
+65.30000E-06 +0.0E+00 -15.97989912E-03
+65.32500E-06 -75.57789236E-03 -19.99999955E-03
+65.35000E-06 -75.57789236E-03 -19.99999955E-03
+65.37500E-06 -66.13065589E-03 -15.97989912E-03
+65.40000E-06 -9.44723647E-03 -19.99999955E-03
+65.42500E-06 -75.57789236E-03 -19.99999955E-03
+65.45000E-06 -9.44723647E-03 -48.14070280E-03
+65.47500E-06 +0.0E+00 +8.14070369E-03
+65.50000E-06 -66.13065589E-03 -24.02009998E-03
+65.52500E-06 -66.13065589E-03 +8.14070369E-03
+65.55000E-06 -66.13065589E-03 +12.16080412E-03
+65.57500E-06 -75.57789236E-03 +8.14070369E-03
+65.60000E-06 +0.0E+00 -19.99999955E-03
+65.62500E-06 -66.13065589E-03 -19.99999955E-03
+65.65000E-06 -75.57789236E-03 -44.12060237E-03
+65.67500E-06 +0.0E+00 -52.16080323E-03
+65.70000E-06 +0.0E+00 +8.14070369E-03
+65.72500E-06 -66.13065589E-03 -19.99999955E-03
+65.75000E-06 -9.44723647E-03 +8.14070369E-03
+65.77500E-06 -75.57789236E-03 -19.99999955E-03
+65.80000E-06 -66.13065589E-03 -15.97989912E-03
+65.82500E-06 -66.13065589E-03 -19.99999955E-03
+65.85000E-06 -9.44723647E-03 -48.14070280E-03
+65.87500E-06 +0.0E+00 -19.99999955E-03
+65.90000E-06 +0.0E+00 -19.99999955E-03
+65.92500E-06 -75.57789236E-03 -19.99999955E-03
+65.95000E-06 -9.44723647E-03 -19.99999955E-03
+65.97500E-06 -9.44723647E-03 -19.99999955E-03
+66.00000E-06 +0.0E+00 -19.99999955E-03
+66.02500E-06 -66.13065589E-03 -19.99999955E-03
+66.05000E-06 -75.57789236E-03 -19.99999955E-03
+66.07500E-06 +0.0E+00 +4.12060327E-03
+66.10000E-06 +0.0E+00 -19.99999955E-03
+66.12500E-06 +0.0E+00 -52.16080323E-03
+66.15000E-06 -75.57789236E-03 +12.16080412E-03
+66.17500E-06 +0.0E+00 -19.99999955E-03
+66.20000E-06 -75.57789236E-03 -52.16080323E-03
+66.22500E-06 -75.57789236E-03 +8.14070370E-03
+66.25000E-06 -9.44723647E-03 -48.14070280E-03
+66.27500E-06 -9.44723647E-03 -24.02009998E-03
+66.30000E-06 +0.0E+00 -19.99999955E-03
+66.32500E-06 -66.13065589E-03 -52.16080323E-03
+66.35000E-06 -9.44723647E-03 -48.14070280E-03
+66.37500E-06 -9.44723647E-03 -48.14070280E-03
+66.40000E-06 +0.0E+00 -19.99999955E-03
+66.42500E-06 -9.44723647E-03 -15.97989913E-03
+66.45000E-06 -75.57789236E-03 -48.14070280E-03
+66.47500E-06 -9.44723647E-03 -19.99999955E-03
+66.50000E-06 -66.13065589E-03 -24.02009998E-03
+66.52500E-06 -75.57789236E-03 -19.99999955E-03
+66.55000E-06 -66.13065589E-03 -19.99999955E-03
+66.57500E-06 +0.0E+00 -52.16080323E-03
+66.60000E-06 -66.13065589E-03 -28.04020041E-03
+66.62500E-06 -9.44723647E-03 -19.99999955E-03
+66.65000E-06 -9.44723647E-03 -48.14070280E-03
+66.67500E-06 -9.44723647E-03 -24.02009998E-03
+66.70000E-06 +0.0E+00 -19.99999955E-03
+66.72500E-06 -9.44723647E-03 -19.99999955E-03
+66.75000E-06 +0.0E+00 -19.99999955E-03
+66.77500E-06 -9.44723647E-03 -19.99999955E-03
+66.80000E-06 -75.57789236E-03 -19.99999955E-03
+66.82500E-06 -75.57789236E-03 -48.14070280E-03
+66.85000E-06 -9.44723647E-03 -48.14070280E-03
+66.87500E-06 -9.44723647E-03 -19.99999955E-03
+66.90000E-06 +0.0E+00 -19.99999955E-03
+66.92500E-06 +0.0E+00 -19.99999955E-03
+66.95000E-06 +0.0E+00 +8.14070370E-03
+66.97500E-06 -75.57789236E-03 -19.99999955E-03
+67.00000E-06 +0.0E+00 +8.14070370E-03
+67.02500E-06 -66.13065589E-03 -19.99999955E-03
+67.05000E-06 +0.0E+00 -19.99999955E-03
+67.07500E-06 +0.0E+00 -19.99999955E-03
+67.10000E-06 +0.0E+00 +8.14070370E-03
+67.12500E-06 +0.0E+00 -19.99999955E-03
+67.15000E-06 -66.13065589E-03 -48.14070280E-03
+67.17500E-06 -66.13065589E-03 -19.99999955E-03
+67.20000E-06 +0.0E+00 -19.99999955E-03
+67.22500E-06 -9.44723647E-03 -19.99999955E-03
+67.25000E-06 -9.44723647E-03 -19.99999955E-03
+67.27500E-06 -75.57789236E-03 -52.16080323E-03
+67.30000E-06 +0.0E+00 -19.99999955E-03
+67.32500E-06 -66.13065589E-03 -19.99999955E-03
+67.35000E-06 -9.44723647E-03 -19.99999955E-03
+67.37500E-06 +0.0E+00 -48.14070280E-03
+67.40000E-06 -66.13065589E-03 -19.99999955E-03
+67.42500E-06 -75.57789236E-03 -19.99999955E-03
+67.45000E-06 -75.57789236E-03 -48.14070280E-03
+67.47500E-06 +0.0E+00 -28.04020041E-03
+67.50000E-06 +0.0E+00 -19.99999955E-03
+67.52500E-06 -66.13065589E-03 -15.97989913E-03
+67.55000E-06 -75.57789236E-03 -19.99999955E-03
+67.57500E-06 +0.0E+00 -19.99999955E-03
+67.60000E-06 -66.13065589E-03 -19.99999955E-03
+67.62500E-06 -75.57789236E-03 -19.99999955E-03
+67.65000E-06 -9.44723647E-03 -19.99999955E-03
+67.67500E-06 -75.57789236E-03 -24.02009998E-03
+67.70000E-06 -75.57789236E-03 -24.02009998E-03
+67.72500E-06 -66.13065590E-03 -19.99999955E-03
+67.75000E-06 +0.0E+00 -19.99999955E-03
+67.77500E-06 -9.44723647E-03 -19.99999955E-03
+67.80000E-06 -75.57789236E-03 -19.99999955E-03
+67.82500E-06 -66.13065590E-03 -19.99999955E-03
+67.85000E-06 -9.44723647E-03 -48.14070280E-03
+67.87500E-06 +0.0E+00 -52.16080323E-03
+67.90000E-06 +0.0E+00 -24.02009998E-03
+67.92500E-06 -9.44723647E-03 -19.99999955E-03
+67.95000E-06 -75.57789236E-03 -19.99999955E-03
+67.97500E-06 +0.0E+00 -15.97989913E-03
+68.00000E-06 +0.0E+00 -19.99999955E-03
+68.02500E-06 -75.57789236E-03 -19.99999955E-03
+68.05000E-06 -9.44723647E-03 -48.14070280E-03
+68.07500E-06 +0.0E+00 -24.02009998E-03
+68.10000E-06 -75.57789236E-03 -15.97989913E-03
+68.12500E-06 -66.13065590E-03 -19.99999955E-03
+68.15000E-06 -75.57789236E-03 -19.99999955E-03
+68.17500E-06 +0.0E+00 -19.99999955E-03
+68.20000E-06 +0.0E+00 -24.02009998E-03
+68.22500E-06 -9.44723647E-03 -19.99999955E-03
+68.25000E-06 +0.0E+00 -76.28140605E-03
+68.27500E-06 +0.0E+00 -52.16080323E-03
+68.30000E-06 -66.13065590E-03 -19.99999955E-03
+68.32500E-06 -75.57789236E-03 -19.99999955E-03
+68.35000E-06 -66.13065590E-03 -52.16080323E-03
+68.37500E-06 -9.44723647E-03 -19.99999955E-03
+68.40000E-06 +0.0E+00 -19.99999955E-03
+68.42500E-06 +0.0E+00 -19.99999955E-03
+68.45000E-06 -9.44723647E-03 -48.14070280E-03
+68.47500E-06 +0.0E+00 -24.02009998E-03
+68.50000E-06 -9.44723647E-03 -19.99999955E-03
+68.52500E-06 -66.13065590E-03 -19.99999955E-03
+68.55000E-06 -66.13065590E-03 -19.99999955E-03
+68.57500E-06 -66.13065590E-03 -52.16080323E-03
+68.60000E-06 +0.0E+00 -24.02009998E-03
+68.62500E-06 -66.13065590E-03 -19.99999955E-03
+68.65000E-06 -75.57789236E-03 -48.14070280E-03
+68.67500E-06 -9.44723647E-03 +8.14070370E-03
+68.70000E-06 +0.0E+00 -19.99999955E-03
+68.72500E-06 -66.13065590E-03 -19.99999955E-03
+68.75000E-06 -9.44723647E-03 -19.99999955E-03
+68.77500E-06 -9.44723647E-03 -48.14070280E-03
+68.80000E-06 +0.0E+00 -19.99999955E-03
+68.82500E-06 +0.0E+00 -15.97989913E-03
+68.85000E-06 -9.44723647E-03 -76.28140605E-03
+68.87500E-06 -66.13065590E-03 -24.02009998E-03
+68.90000E-06 -66.13065590E-03 -19.99999955E-03
+68.92500E-06 -75.57789236E-03 -19.99999955E-03
+68.95000E-06 -9.44723647E-03 -24.02009998E-03
+68.97500E-06 -9.44723647E-03 -52.16080323E-03
+69.00000E-06 -66.13065590E-03 -19.99999955E-03
+69.02500E-06 -9.44723647E-03 -19.99999955E-03
+69.05000E-06 -85.02512883E-03 -48.14070280E-03
+69.07500E-06 -66.13065590E-03 -24.02009998E-03
+69.10000E-06 -66.13065590E-03 +8.14070370E-03
+69.12500E-06 -66.13065590E-03 -19.99999955E-03
+69.15000E-06 -9.44723647E-03 -19.99999955E-03
+69.17500E-06 +0.0E+00 -48.14070280E-03
+69.20000E-06 +0.0E+00 -24.02009998E-03
+69.22500E-06 -75.57789236E-03 -15.97989913E-03
+69.25000E-06 +0.0E+00 -48.14070280E-03
+69.27500E-06 -66.13065590E-03 -24.02009998E-03
+69.30000E-06 -75.57789236E-03 -19.99999955E-03
+69.32500E-06 -66.13065590E-03 -15.97989913E-03
+69.35000E-06 -66.13065590E-03 -48.14070280E-03
+69.37500E-06 +0.0E+00 -19.99999955E-03
+69.40000E-06 -75.57789236E-03 -19.99999955E-03
+69.42500E-06 -66.13065590E-03 -19.99999955E-03
+69.45000E-06 -9.44723646E-03 -19.99999955E-03
+69.47500E-06 +0.0E+00 -52.16080323E-03
+69.50000E-06 +0.0E+00 -24.02009998E-03
+69.52500E-06 +0.0E+00 -19.99999955E-03
+69.55000E-06 +0.0E+00 -19.99999955E-03
+69.57500E-06 -9.44723646E-03 -19.99999955E-03
+69.60000E-06 -66.13065590E-03 -19.99999955E-03
+69.62500E-06 -66.13065590E-03 -19.99999955E-03
+69.65000E-06 +0.0E+00 -48.14070280E-03
+69.67500E-06 -75.57789236E-03 -24.02009998E-03
+69.70000E-06 +0.0E+00 -19.99999955E-03
+69.72500E-06 -75.57789236E-03 -19.99999955E-03
+69.75000E-06 -75.57789236E-03 -19.99999955E-03
+69.77500E-06 -9.44723646E-03 -24.02009998E-03
+69.80000E-06 -75.57789236E-03 -19.99999955E-03
+69.82500E-06 -75.57789236E-03 -19.99999955E-03
+69.85000E-06 -75.57789236E-03 -44.12060238E-03
+69.87500E-06 -66.13065590E-03 -24.02009998E-03
+69.90000E-06 -66.13065590E-03 -19.99999955E-03
+69.92500E-06 -66.13065590E-03 -15.97989913E-03
+69.95000E-06 -75.57789236E-03 -15.97989913E-03
+69.97500E-06 -9.44723646E-03 -19.99999955E-03
+70.00000E-06 -75.57789236E-03 -19.99999955E-03
+70.02500E-06 -9.44723646E-03 -19.99999955E-03
+70.05000E-06 -9.44723646E-03 -48.14070280E-03
+70.07500E-06 +0.0E+00 -15.97989913E-03
+70.10000E-06 -75.57789236E-03 +8.14070370E-03
+70.12500E-06 -9.44723646E-03 -19.99999955E-03
+70.15000E-06 -9.44723646E-03 -19.99999955E-03
+70.17500E-06 -66.13065590E-03 -48.14070280E-03
+70.20000E-06 -75.57789236E-03 -19.99999955E-03
+70.22500E-06 -66.13065590E-03 -44.12060238E-03
+70.25000E-06 +0.0E+00 -48.14070280E-03
+70.27500E-06 +0.0E+00 -24.02009998E-03
+70.30000E-06 +56.68341944E-03 +12.16080412E-03
+70.32500E-06 -66.13065590E-03 +8.14070370E-03
+70.35000E-06 -75.57789236E-03 -24.02009998E-03
+70.37500E-06 +0.0E+00 -48.14070280E-03
+70.40000E-06 -75.57789236E-03 -19.99999955E-03
+70.42500E-06 -9.44723646E-03 -19.99999955E-03
+70.45000E-06 +0.0E+00 -76.28140606E-03
+70.47500E-06 +0.0E+00 +8.14070370E-03
+70.50000E-06 +0.0E+00 +8.14070370E-03
+70.52500E-06 -75.57789236E-03 -19.99999955E-03
+70.55000E-06 -75.57789236E-03 -19.99999955E-03
+70.57500E-06 -9.44723646E-03 -24.02009998E-03
+70.60000E-06 -66.13065590E-03 +8.14070370E-03
+70.62500E-06 -9.44723646E-03 -19.99999955E-03
+70.65000E-06 -9.44723646E-03 -48.14070280E-03
+70.67500E-06 -75.57789236E-03 -24.02009998E-03
+70.70000E-06 +0.0E+00 -19.99999955E-03
+70.72500E-06 -75.57789236E-03 -48.14070280E-03
+70.75000E-06 -9.44723646E-03 -15.97989913E-03
+70.77500E-06 -75.57789236E-03 -19.99999955E-03
+70.80000E-06 +0.0E+00 -19.99999955E-03
+70.82500E-06 -66.13065590E-03 -19.99999955E-03
+70.85000E-06 -75.57789236E-03 -48.14070280E-03
+70.87500E-06 -66.13065590E-03 -24.02009998E-03
+70.90000E-06 -75.57789236E-03 -19.99999955E-03
+70.92500E-06 -9.44723646E-03 -19.99999955E-03
+70.95000E-06 -66.13065590E-03 -48.14070280E-03
+70.97500E-06 +0.0E+00 -19.99999955E-03
+71.00000E-06 +0.0E+00 +8.14070370E-03
+71.02500E-06 -75.57789236E-03 -19.99999955E-03
+71.05000E-06 -9.44723646E-03 -48.14070280E-03
+71.07500E-06 +0.0E+00 -24.02009998E-03
+71.10000E-06 -66.13065590E-03 -15.97989913E-03
+71.12500E-06 -66.13065590E-03 -19.99999955E-03
+71.15000E-06 -66.13065590E-03 +8.14070370E-03
+71.17500E-06 -66.13065590E-03 -19.99999955E-03
+71.20000E-06 -9.44723646E-03 -24.02009998E-03
+71.22500E-06 -66.13065590E-03 -48.14070280E-03
+71.25000E-06 -75.57789236E-03 -19.99999955E-03
+71.27500E-06 +0.0E+00 -24.02009998E-03
+71.30000E-06 +0.0E+00 -19.99999955E-03
+71.32500E-06 -9.44723646E-03 -19.99999955E-03
+71.35000E-06 -75.57789236E-03 -19.99999955E-03
+71.37500E-06 -9.44723646E-03 -44.12060238E-03
+71.40000E-06 +0.0E+00 -19.99999955E-03
+71.42500E-06 -9.44723646E-03 -19.99999955E-03
+71.45000E-06 -9.44723646E-03 -19.99999955E-03
+71.47500E-06 +0.0E+00 -19.99999955E-03
+71.50000E-06 +66.13065590E-03 -19.99999955E-03
+71.52500E-06 +0.0E+00 -48.14070281E-03
+71.55000E-06 -75.57789236E-03 -19.99999955E-03
+71.57500E-06 -75.57789236E-03 -24.02009998E-03
+71.60000E-06 +0.0E+00 -19.99999955E-03
+71.62500E-06 +0.0E+00 -19.99999955E-03
+71.65000E-06 -9.44723646E-03 -48.14070281E-03
+71.67500E-06 -9.44723646E-03 -52.16080323E-03
+71.70000E-06 +0.0E+00 -19.99999955E-03
+71.72500E-06 -66.13065590E-03 -19.99999955E-03
+71.75000E-06 -75.57789236E-03 +12.16080412E-03
+71.77500E-06 +0.0E+00 -48.14070281E-03
+71.80000E-06 -66.13065590E-03 -24.02009998E-03
+71.82500E-06 -75.57789236E-03 -19.99999955E-03
+71.85000E-06 +0.0E+00 -52.16080323E-03
+71.87500E-06 +0.0E+00 -24.02009998E-03
+71.90000E-06 +0.0E+00 -52.16080323E-03
+71.92500E-06 -75.57789236E-03 -19.99999955E-03
+71.95000E-06 -141.70854827E-03 -19.99999955E-03
+71.97500E-06 -9.44723646E-03 -19.99999955E-03
+72.00000E-06 -75.57789236E-03 -24.02009998E-03
+72.02500E-06 -75.57789236E-03 -19.99999955E-03
+72.05000E-06 -9.44723646E-03 -48.14070281E-03
+72.07500E-06 -9.44723646E-03 -24.02009998E-03
+72.10000E-06 -9.44723646E-03 -19.99999955E-03
+72.12500E-06 -66.13065590E-03 -19.99999955E-03
+72.15000E-06 -75.57789236E-03 -19.99999955E-03
+72.17500E-06 -9.44723646E-03 -19.99999955E-03
+72.20000E-06 -66.13065590E-03 -19.99999955E-03
+72.22500E-06 -75.57789236E-03 -24.02009998E-03
+72.25000E-06 -9.44723646E-03 -19.99999955E-03
+72.27500E-06 -9.44723646E-03 -24.02009998E-03
+72.30000E-06 -75.57789236E-03 -19.99999955E-03
+72.32500E-06 -75.57789236E-03 -19.99999955E-03
+72.35000E-06 -75.57789236E-03 -19.99999955E-03
+72.37500E-06 -9.44723646E-03 -19.99999955E-03
+72.40000E-06 -75.57789236E-03 -19.99999955E-03
+72.42500E-06 -75.57789236E-03 -48.14070281E-03
+72.45000E-06 -75.57789236E-03 -52.16080323E-03
+72.47500E-06 +0.0E+00 -24.02009998E-03
+72.50000E-06 -75.57789236E-03 +8.14070370E-03
+72.52500E-06 -66.13065590E-03 -19.99999955E-03
+72.55000E-06 +0.0E+00 -19.99999955E-03
+72.57500E-06 -9.44723646E-03 -19.99999955E-03
+72.60000E-06 -66.13065590E-03 -52.16080323E-03
+72.62500E-06 -75.57789236E-03 -19.99999955E-03
+72.65000E-06 -75.57789236E-03 -76.28140606E-03
+72.67500E-06 -66.13065590E-03 -19.99999955E-03
+72.70000E-06 +0.0E+00 -19.99999955E-03
+72.72500E-06 -66.13065590E-03 -19.99999955E-03
+72.75000E-06 -75.57789236E-03 -24.02009998E-03
+72.77500E-06 -9.44723646E-03 -19.99999955E-03
+72.80000E-06 -75.57789236E-03 -24.02009998E-03
+72.82500E-06 -9.44723646E-03 -48.14070281E-03
+72.85000E-06 -75.57789236E-03 -48.14070281E-03
+72.87500E-06 -66.13065590E-03 -52.16080323E-03
+72.90000E-06 +0.0E+00 -19.99999955E-03
+72.92500E-06 -75.57789236E-03 -19.99999955E-03
+72.95000E-06 -75.57789236E-03 -19.99999955E-03
+72.97500E-06 -66.13065590E-03 -15.97989913E-03
+73.00000E-06 -75.57789236E-03 -52.16080323E-03
+73.02500E-06 -75.57789236E-03 -19.99999955E-03
+73.05000E-06 +0.0E+00 -19.99999955E-03
+73.07500E-06 +0.0E+00 -24.02009998E-03
+73.10000E-06 -66.13065591E-03 -19.99999955E-03
+73.12500E-06 -75.57789236E-03 +8.14070370E-03
+73.15000E-06 -75.57789236E-03 -19.99999955E-03
+73.17500E-06 -75.57789236E-03 -48.14070281E-03
+73.20000E-06 +0.0E+00 -19.99999955E-03
+73.22500E-06 -9.44723646E-03 -19.99999955E-03
+73.25000E-06 -75.57789236E-03 -48.14070281E-03
+73.27500E-06 +0.0E+00 -24.02009997E-03
+73.30000E-06 +0.0E+00 -19.99999955E-03
+73.32500E-06 -9.44723646E-03 -48.14070281E-03
+73.35000E-06 -75.57789236E-03 -24.02009997E-03
+73.37500E-06 +0.0E+00 -19.99999955E-03
+73.40000E-06 +0.0E+00 -19.99999955E-03
+73.42500E-06 -75.57789236E-03 -19.99999955E-03
+73.45000E-06 -75.57789236E-03 -48.14070281E-03
+73.47500E-06 -9.44723646E-03 -52.16080323E-03
+73.50000E-06 -66.13065591E-03 -19.99999955E-03
+73.52500E-06 -66.13065591E-03 -15.97989913E-03
+73.55000E-06 -75.57789236E-03 -19.99999955E-03
+73.57500E-06 -9.44723646E-03 -19.99999955E-03
+73.60000E-06 -66.13065591E-03 -19.99999955E-03
+73.62500E-06 -9.44723646E-03 -19.99999955E-03
+73.65000E-06 -9.44723646E-03 -48.14070281E-03
+73.67500E-06 +0.0E+00 -19.99999955E-03
+73.70000E-06 +0.0E+00 -19.99999955E-03
+73.72500E-06 -66.13065591E-03 -19.99999955E-03
+73.75000E-06 -75.57789236E-03 -19.99999955E-03
+73.77500E-06 +0.0E+00 -48.14070281E-03
+73.80000E-06 -66.13065591E-03 -24.02009997E-03
+73.82500E-06 -9.44723646E-03 -48.14070281E-03
+73.85000E-06 -9.44723646E-03 -48.14070281E-03
+73.87500E-06 -9.44723646E-03 -24.02009997E-03
+73.90000E-06 -66.13065591E-03 -19.99999955E-03
+73.92500E-06 +0.0E+00 -19.99999955E-03
+73.95000E-06 -75.57789236E-03 -19.99999955E-03
+73.97500E-06 -9.44723646E-03 -19.99999955E-03
+74.00000E-06 +0.0E+00 -24.02009997E-03
+74.02500E-06 -9.44723646E-03 -48.14070281E-03
+74.05000E-06 -9.44723646E-03 -19.99999955E-03
+74.07500E-06 +0.0E+00 -19.99999955E-03
+74.10000E-06 +66.13065591E-03 -19.99999955E-03
+74.12500E-06 -75.57789236E-03 -19.99999955E-03
+74.15000E-06 -9.44723646E-03 -19.99999955E-03
+74.17500E-06 -75.57789236E-03 -19.99999955E-03
+74.20000E-06 +0.0E+00 -19.99999955E-03
+74.22500E-06 +0.0E+00 -19.99999955E-03
+74.25000E-06 +0.0E+00 -48.14070281E-03
+74.27500E-06 +0.0E+00 -24.02009997E-03
+74.30000E-06 +0.0E+00 -19.99999955E-03
+74.32500E-06 -66.13065591E-03 -19.99999955E-03
+74.35000E-06 -9.44723646E-03 -19.99999955E-03
+74.37500E-06 -66.13065591E-03 -44.12060239E-03
+74.40000E-06 -66.13065591E-03 -24.02009997E-03
+74.42500E-06 -9.44723646E-03 -19.99999955E-03
+74.45000E-06 +0.0E+00 -48.14070281E-03
+74.47500E-06 -66.13065591E-03 +4.12060328E-03
+74.50000E-06 -66.13065591E-03 -24.02009997E-03
+74.52500E-06 +0.0E+00 -19.99999955E-03
+74.55000E-06 -66.13065591E-03 -15.97989913E-03
+74.57500E-06 -9.44723646E-03 -48.14070281E-03
+74.60000E-06 -75.57789236E-03 -24.02009997E-03
+74.62500E-06 -9.44723646E-03 -19.99999955E-03
+74.65000E-06 -9.44723646E-03 -48.14070281E-03
+74.67500E-06 -75.57789236E-03 -24.02009997E-03
+74.70000E-06 -75.57789236E-03 -19.99999955E-03
+74.72500E-06 -66.13065591E-03 -19.99999955E-03
+74.75000E-06 -75.57789236E-03 -15.97989913E-03
+74.77500E-06 -9.44723646E-03 -19.99999955E-03
+74.80000E-06 +0.0E+00 -19.99999955E-03
+74.82500E-06 +0.0E+00 -19.99999955E-03
+74.85000E-06 -9.44723645E-03 -48.14070281E-03
+74.87500E-06 -66.13065591E-03 -24.02009997E-03
+74.90000E-06 -66.13065591E-03 -24.02009997E-03
+74.92500E-06 -66.13065591E-03 -19.99999955E-03
+74.95000E-06 -75.57789236E-03 -15.97989913E-03
+74.97500E-06 -75.57789236E-03 -15.97989913E-03
+75.00000E-06 +0.0E+00 -19.99999955E-03
+75.02500E-06 +0.0E+00 -19.99999955E-03
+75.05000E-06 -9.44723645E-03 -19.99999955E-03
+75.07500E-06 -66.13065591E-03 -24.02009997E-03
