x-axis SCL1 SDA1
second Volt Volt
+34.50000E-06 +0.0E+00 +0.0E+00
+34.51500E-06 -80.40200919E-03 +0.0E+00
+34.53000E-06 -80.40200919E-03 -0.0E+00
+34.54500E-06 -80.40200919E-03 -0.0E+00
+34.56000E-06 +0.0E+00 -6.27135672E-03
+34.57500E-06 -80.40200919E-03 +6.27135672E-03
+34.59000E-06 -80.40200919E-03 +0.0E+00
+34.60500E-06 -80.40200919E-03 +6.27135672E-03
+34.62000E-06 +80.40200919E-03 +0.0E+00
+34.63500E-06 +0.0E+00 +0.0E+00
+34.65000E-06 -80.40200919E-03 -6.27135672E-03
+34.66500E-06 -80.40200919E-03 +0.0E+00
+34.68000E-06 +0.0E+00 -6.27135672E-03
+34.69500E-06 -0.0E+00 +0.0E+00
+34.71000E-06 -80.40200919E-03 +0.0E+00
+34.72500E-06 -80.40200919E-03 +0.0E+00
+34.74000E-06 -80.40200919E-03 +0.0E+00
+34.75500E-06 +0.0E+00 +0.0E+00
+34.77000E-06 -80.40200919E-03 +0.0E+00
+34.78500E-06 -0.0E+00 -0.0E+00
+34.80000E-06 +0.0E+00 -6.27135672E-03
+34.81500E-06 -0.0E+00 +0.0E+00
+34.83000E-06 -80.40200919E-03 +0.0E+00
+34.84500E-06 -80.40200919E-03 -6.27135672E-03
+34.86000E-06 -80.40200919E-03 -6.27135672E-03
+34.87500E-06 -80.40200919E-03 +0.0E+00
+34.89000E-06 -80.40200919E-03 +0.0E+00
+34.90500E-06 +0.0E+00 -6.27135672E-03
+34.92000E-06 -80.40200919E-03 -6.27135672E-03
+34.93500E-06 -0.0E+00 +0.0E+00
+34.95000E-06 -80.40200919E-03 -0.0E+00
+34.96500E-06 -80.40200919E-03 +0.0E+00
+34.98000E-06 -80.40200919E-03 -0.0E+00
+34.99500E-06 -80.40200919E-03 +0.0E+00
+35.01000E-06 -80.40200919E-03 +0.0E+00
+35.02500E-06 -80.40200919E-03 -0.0E+00
+35.04000E-06 -160.80401838E-03 -6.27135672E-03
+35.05500E-06 -0.0E+00 +0.0E+00
+35.07000E-06 -0.0E+00 -0.0E+00
+35.08500E-06 -80.40200919E-03 +0.0E+00
+35.10000E-06 -0.0E+00 -6.27135672E-03
+35.11500E-06 -0.0E+00 +0.0E+00
+35.13000E-06 +0.0E+00 +0.0E+00
+35.14500E-06 -80.40200919E-03 -0.0E+00
+35.16000E-06 +0.0E+00 -6.27135672E-03
+35.17500E-06 -0.0E+00 +0.0E+00
+35.19000E-06 -80.40200919E-03 -0.0E+00
+35.20500E-06 -80.40200919E-03 -6.27135672E-03
+35.22000E-06 -0.0E+00 +0.0E+00
+35.23500E-06 -80.40200919E-03 +0.0E+00
+35.25000E-06 -80.40200919E-03 +0.0E+00
+35.26500E-06 -80.40200919E-03 -0.0E+00
+35.28000E-06 +0.0E+00 -6.27135672E-03
+35.29500E-06 -80.40200918E-03 +0.0E+00
+35.31000E-06 -80.40200918E-03 +0.0E+00
+35.32500E-06 -80.40200918E-03 +0.0E+00
+35.34000E-06 +0.0E+00 -6.27135672E-03
+35.35500E-06 -0.0E+00 +0.0E+00
+35.37000E-06 -80.40200919E-03 -0.0E+00
+35.38500E-06 -80.40200918E-03 -0.0E+00
+35.40000E-06 +0.0E+00 -6.27135672E-03
+35.41500E-06 -80.40200918E-03 +0.0E+00
+35.43000E-06 -80.40200919E-03 +0.0E+00
+35.44500E-06 -80.40200918E-03 -6.27135672E-03
+35.46000E-06 -80.40200919E-03 -6.27135672E-03
+35.47500E-06 -80.40200919E-03 +0.0E+00
+35.49000E-06 -80.40200919E-03 -6.27135672E-03
+35.50500E-06 -80.40200918E-03 -0.0E+00
+35.52000E-06 -80.40200918E-03 -6.27135672E-03
+35.53500E-06 -80.40200918E-03 +0.0E+00
+35.55000E-06 +0.0E+00 -0.0E+00
+35.56500E-06 +0.0E+00 -6.27135672E-03
+35.58000E-06 -10E-12 -6.27135672E-03
+35.59500E-06 -10E-12 +0.0E+00
+35.61000E-06 -80.40200918E-03 +0.0E+00
+35.62500E-06 -80.40200919E-03 +6.27135672E-03
+35.64000E-06 +0.0E+00 -6.27135672E-03
+35.65500E-06 -10E-12 -6.27135672E-03
+35.67000E-06 -80.40200918E-03 -0.0E+00
+35.68500E-06 -80.40200919E-03 -6.27135672E-03
+35.70000E-06 -10E-12 +0.0E+00
+35.71500E-06 -80.40200918E-03 +0.0E+00
+35.73000E-06 -80.40200918E-03 +0.0E+00
+35.74500E-06 +0.0E+00 -0.0E+00
+35.76000E-06 +0.0E+00 -6.27135672E-03
+35.77500E-06 -10E-12 +0.0E+00
+35.79000E-06 -160.80401836E-03 +0.0E+00
+35.80500E-06 +0.0E+00 +0.0E+00
+35.82000E-06 -10E-12 +0.0E+00
+35.83500E-06 -80.40200919E-03 +0.0E+00
+35.85000E-06 -80.40200919E-03 -0.0E+00
+35.86500E-06 -10E-12 -0.0E+00
+35.88000E-06 +0.0E+00 -6.27135672E-03
+35.89500E-06 -10E-12 +0.0E+00
+35.91000E-06 -160.80401837E-03 -0.0E+00
+35.92500E-06 -80.40200918E-03 -6.27135672E-03
+35.94000E-06 -10E-12 +0.0E+00
+35.95500E-06 -10E-12 -6.27135672E-03
+35.97000E-06 -10E-12 +0.0E+00
+35.98500E-06 -80.40200918E-03 -0.0E+00
+36.00000E-06 -80.40200918E-03 -6.27135672E-03
+36.01500E-06 -10E-12 +0.0E+00
+36.03000E-06 -80.40200918E-03 -0.0E+00
+36.04500E-06 +0.0E+00 -6.27135672E-03
+36.06000E-06 +0.0E+00 +0.0E+00
+36.07500E-06 -80.40200919E-03 +0.0E+00
+36.09000E-06 -80.40200919E-03 -0.0E+00
+36.10500E-06 -10E-12 -6.27135672E-03
+36.12000E-06 +0.0E+00 -6.27135672E-03
+36.13500E-06 -10E-12 -6.27135672E-03
+36.15000E-06 -80.40200918E-03 +0.0E+00
+36.16500E-06 -80.40200919E-03 -6.27135672E-03
+36.18000E-06 -80.40200919E-03 +0.0E+00
+36.19500E-06 -10E-12 +0.0E+00
+36.21000E-06 +0.0E+00 +0.0E+00
+36.22500E-06 +0.0E+00 -0.0E+00
+36.24000E-06 -10E-12 -6.27135672E-03
+36.25500E-06 -10E-12 +0.0E+00
+36.27000E-06 -80.40200918E-03 +0.0E+00
+36.28500E-06 -80.40200918E-03 -0.0E+00
+36.30000E-06 +0.0E+00 +0.0E+00
+36.31500E-06 -80.40200918E-03 +0.0E+00
+36.33000E-06 +0.0E+00 -0.0E+00
+36.34500E-06 +0.0E+00 -0.0E+00
+36.36000E-06 -80.40200918E-03 -6.27135672E-03
+36.37500E-06 -10E-12 +0.0E+00
+36.39000E-06 -10E-12 -6.27135672E-03
+36.40500E-06 +0.0E+00 -6.27135672E-03
+36.42000E-06 +0.0E+00 +0.0E+00
+36.43500E-06 -160.80401837E-03 +6.27135672E-03
+36.45000E-06 -80.40200918E-03 -0.0E+00
+36.46500E-06 -80.40200918E-03 -6.27135672E-03
+36.48000E-06 -80.40200919E-03 -6.27135672E-03
+36.49500E-06 +0.0E+00 -6.27135672E-03
+36.51000E-06 +0.0E+00 +0.0E+00
+36.52500E-06 -80.40200917E-03 +0.0E+00
+36.54000E-06 -80.40200919E-03 +0.0E+00
+36.55500E-06 -80.40200919E-03 +0.0E+00
+36.57000E-06 -80.40200918E-03 +0.0E+00
+36.58500E-06 +0.0E+00 -6.27135672E-03
+36.60000E-06 +0.0E+00 -6.27135672E-03
+36.61500E-06 -10E-12 +0.0E+00
+36.63000E-06 -10E-12 -0.0E+00
+36.64500E-06 -80.40200919E-03 -6.27135672E-03
+36.66000E-06 -80.40200919E-03 +0.0E+00
+36.67500E-06 -80.40200918E-03 +0.0E+00
+36.69000E-06 -80.40200919E-03 +6.27135672E-03
+36.70500E-06 +0.0E+00 -0.0E+00
+36.72000E-06 -10E-12 -6.27135672E-03
+36.73500E-06 -80.40200919E-03 -6.27135672E-03
+36.75000E-06 -80.40200919E-03 -6.27135672E-03
+36.76500E-06 +0.0E+00 -6.27135672E-03
+36.78000E-06 +0.0E+00 +0.0E+00
+36.79500E-06 +0.0E+00 +0.0E+00
+36.81000E-06 -160.80401837E-03 -0.0E+00
+36.82500E-06 -80.40200918E-03 -0.0E+00
+36.84000E-06 -80.40200918E-03 -6.27135672E-03
+36.85500E-06 -10E-12 -6.27135672E-03
+36.87000E-06 +0.0E+00 +0.0E+00
+36.88500E-06 +0.0E+00 +0.0E+00
+36.90000E-06 -10E-12 +6.27135672E-03
+36.91500E-06 -80.40200919E-03 +0.0E+00
+36.93000E-06 -80.40200919E-03 +0.0E+00
+36.94500E-06 -10E-12 -0.0E+00
+36.96000E-06 -80.40200918E-03 -6.27135672E-03
+36.97500E-06 +0.0E+00 +0.0E+00
+36.99000E-06 -80.40200919E-03 +0.0E+00
+37.00500E-06 -160.80401836E-03 +0.0E+00
+37.02000E-06 -80.40200919E-03 -6.27135672E-03
+37.03500E-06 -80.40200919E-03 -6.27135672E-03
+37.05000E-06 -80.40200918E-03 +0.0E+00
+37.06500E-06 +0.0E+00 -0.0E+00
+37.08000E-06 -80.40200919E-03 -12.54271343E-03
+37.09500E-06 -80.40200919E-03 +0.0E+00
+37.11000E-06 -80.40200919E-03 -0.0E+00
+37.12500E-06 +0.0E+00 -6.27135672E-03
+37.14000E-06 +0.0E+00 +0.0E+00
+37.15500E-06 +0.0E+00 -0.0E+00
+37.17000E-06 +0.0E+00 +0.0E+00
+37.18500E-06 -80.40200919E-03 +0.0E+00
+37.20000E-06 -80.40200919E-03 -6.27135672E-03
+37.21500E-06 -10E-12 +0.0E+00
+37.23000E-06 -80.40200919E-03 -0.0E+00
+37.24500E-06 +0.0E+00 +0.0E+00
+37.26000E-06 -10E-12 +0.0E+00
+37.27500E-06 -160.80401836E-03 +0.0E+00
+37.29000E-06 -80.40200919E-03 +0.0E+00
+37.30500E-06 -80.40200919E-03 -0.0E+00
+37.32000E-06 -20E-12 -6.27135672E-03
+37.33500E-06 +0.0E+00 -6.27135672E-03
+37.35000E-06 +0.0E+00 -0.0E+00
+37.36500E-06 -80.40200917E-03 +0.0E+00
+37.38000E-06 -80.40200919E-03 +0.0E+00
+37.39500E-06 -80.40200917E-03 +0.0E+00
+37.41000E-06 -80.40200917E-03 -6.27135672E-03
+37.42500E-06 -80.40200917E-03 -6.27135672E-03
+37.44000E-06 +0.0E+00 -6.27135672E-03
+37.45500E-06 -80.40200919E-03 +0.0E+00
+37.47000E-06 -80.40200919E-03 -0.0E+00
+37.48500E-06 -80.40200919E-03 -6.27135672E-03
+37.50000E-06 +0.0E+00 +0.0E+00
+37.51500E-06 +0.0E+00 +0.0E+00
+37.53000E-06 +0.0E+00 +0.0E+00
+37.54500E-06 -80.40200917E-03 -0.0E+00
+37.56000E-06 -80.40200919E-03 -6.27135672E-03
+37.57500E-06 -20E-12 +0.0E+00
+37.59000E-06 -80.40200917E-03 -0.0E+00
+37.60500E-06 +0.0E+00 -6.27135672E-03
+37.62000E-06 +80.40200917E-03 +0.0E+00
+37.63500E-06 -80.40200917E-03 +0.0E+00
+37.65000E-06 -80.40200919E-03 +0.0E+00
+37.66500E-06 -160.80401836E-03 -0.0E+00
+37.68000E-06 -80.40200917E-03 -12.54271343E-03
+37.69500E-06 +0.0E+00 -0.0E+00
+37.71000E-06 +0.0E+00 +0.0E+00
+37.72500E-06 -80.40200915E-03 +0.0E+00
+37.74000E-06 -80.40200919E-03 +0.0E+00
+37.75500E-06 -160.80401836E-03 -0.0E+00
+37.77000E-06 -80.40200917E-03 -0.0E+00
+37.78500E-06 +0.0E+00 -0.0E+00
+37.80000E-06 +20E-12 -6.27135672E-03
+37.81500E-06 +0.0E+00 +0.0E+00
+37.83000E-06 -80.40200917E-03 +0.0E+00
+37.84500E-06 -80.40200919E-03 +0.0E+00
+37.86000E-06 -80.40200921E-03 -6.27135672E-03
+37.87500E-06 +0.0E+00 -6.27135672E-03
+37.89000E-06 +80.40200917E-03 -6.27135672E-03
+37.90500E-06 +20E-12 -0.0E+00
+37.92000E-06 -20E-12 -6.27135671E-03
+37.93500E-06 -80.40200919E-03 +0.0E+00
+37.95000E-06 -160.80401836E-03 -0.0E+00
+37.96500E-06 +0.0E+00 -6.27135672E-03
+37.98000E-06 +80.40200919E-03 -6.27135672E-03
+37.99500E-06 +80.40200917E-03 +0.0E+00
+38.01000E-06 -80.40200919E-03 +0.0E+00
+38.02500E-06 -160.80401836E-03 -0.0E+00
+38.04000E-06 -160.80401836E-03 -6.27135672E-03
+38.05500E-06 -20E-12 -6.27135672E-03
+38.07000E-06 +20E-12 -6.27135672E-03
+38.08500E-06 +20E-12 +0.0E+00
+38.10000E-06 +0.0E+00 +0.0E+00
+38.11500E-06 -241.20602753E-03 +0.0E+00
+38.13000E-06 -160.80401838E-03 -0.0E+00
+38.14500E-06 +0.0E+00 -6.27135672E-03
+38.16000E-06 +0.0E+00 -6.27135672E-03
+38.17500E-06 +80.40200919E-03 +0.0E+00
+38.19000E-06 +0.0E+00 +0.0E+00
+38.20500E-06 -80.40200919E-03 +0.0E+00
+38.22000E-06 -80.40200921E-03 +0.0E+00
+38.23500E-06 -80.40200919E-03 -0.0E+00
+38.25000E-06 +80.40200917E-03 +0.0E+00
+38.26500E-06 +80.40200919E-03 -0.0E+00
+38.28000E-06 +0.0E+00 +0.0E+00
+38.29500E-06 -80.40200919E-03 +6.27135672E-03
+38.31000E-06 -160.80401840E-03 +0.0E+00
+38.32500E-06 -80.40200919E-03 -6.27135672E-03
+38.34000E-06 +80.40200915E-03 -0.0E+00
+38.35500E-06 +80.40200917E-03 -0.0E+00
+38.37000E-06 +0.0E+00 +0.0E+00
+38.38500E-06 -80.40200919E-03 +0.0E+00
+38.40000E-06 -80.40200919E-03 -6.27135672E-03
+38.41500E-06 -160.80401836E-03 -6.27135672E-03
+38.43000E-06 +20E-12 -0.0E+00
+38.44500E-06 +80.40200919E-03 -6.27135672E-03
+38.46000E-06 +80.40200919E-03 +6.27135672E-03
+38.47500E-06 -160.80401836E-03 +0.0E+00
+38.49000E-06 -80.40200919E-03 +0.0E+00
+38.50500E-06 -80.40200921E-03 -6.27135672E-03
+38.52000E-06 -20E-12 -12.54271343E-03
+38.53500E-06 +80.40200917E-03 -6.27135672E-03
+38.55000E-06 +80.40200919E-03 +0.0E+00
+38.56500E-06 -20E-12 +0.0E+00
+38.58000E-06 -80.40200921E-03 +0.0E+00
+38.59500E-06 -160.80401838E-03 +0.0E+00
+38.61000E-06 -80.40200919E-03 -6.27135672E-03
+38.62500E-06 +20E-12 -6.27135672E-03
+38.64000E-06 +80.40200919E-03 -6.27135672E-03
+38.65500E-06 +0.0E+00 +6.27135672E-03
+38.67000E-06 -160.80401836E-03 +0.0E+00
+38.68500E-06 -160.80401838E-03 -6.27135672E-03
+38.70000E-06 -40E-12 -6.27135672E-03
+38.71500E-06 +0.0E+00 -0.0E+00
+38.73000E-06 +80.40200917E-03 +0.0E+00
+38.74500E-06 +0.0E+00 +6.27135671E-03
+38.76000E-06 -160.80401838E-03 +0.0E+00
+38.77500E-06 -241.20602754E-03 +0.0E+00
+38.79000E-06 -80.40200919E-03 -0.0E+00
+38.80500E-06 +80.40200919E-03 -6.27135672E-03
+38.82000E-06 +160.80401836E-03 +0.0E+00
+38.83500E-06 +0.0E+00 +6.27135672E-03
+38.85000E-06 -160.80401838E-03 +6.27135672E-03
+38.86500E-06 -241.20602757E-03 -6.27135672E-03
+38.88000E-06 -80.40200921E-03 -12.54271343E-03
+38.89500E-06 +80.40200917E-03 -12.54271343E-03
+38.91000E-06 +50E-12 -6.27135672E-03
+38.92500E-06 +20E-12 +6.27135671E-03
+38.94000E-06 -80.40200921E-03 +6.27135672E-03
+38.95500E-06 -160.80401840E-03 +0.0E+00
+38.97000E-06 -80.40200921E-03 +0.0E+00
+38.98500E-06 +0.0E+00 -6.27135672E-03
+39.00000E-06 +80.40200921E-03 -6.27135672E-03
+39.01500E-06 +80.40200917E-03 +6.27135671E-03
+39.03000E-06 -50E-12 +6.27135671E-03
+39.04500E-06 -241.20602752E-03 +0.0E+00
+39.06000E-06 -80.40200924E-03 -6.27135672E-03
+39.07500E-06 +0.0E+00 -6.27135672E-03
+39.09000E-06 +160.80401835E-03 -12.54271343E-03
+39.10500E-06 +80.40200919E-03 -0.0E+00
+39.12000E-06 -80.40200916E-03 +0.0E+00
+39.13500E-06 -160.80401838E-03 +6.27135672E-03
+39.15000E-06 -160.80401840E-03 -0.0E+00
+39.16500E-06 -80.40200916E-03 -12.54271343E-03
+39.18000E-06 +80.40200919E-03 -6.27135672E-03
+39.19500E-06 +80.40200919E-03 +0.0E+00
+39.21000E-06 +0.0E+00 +6.27135672E-03
+39.22500E-06 -241.20602757E-03 +6.27135671E-03
+39.24000E-06 -241.20602757E-03 -6.27135671E-03
+39.25500E-06 -80.40200919E-03 -6.27135672E-03
+39.27000E-06 +80.40200919E-03 -6.27135672E-03
+39.28500E-06 +241.20602754E-03 -6.27135671E-03
+39.30000E-06 +80.40200916E-03 +6.27135672E-03
+39.31500E-06 -160.80401838E-03 +6.27135671E-03
+39.33000E-06 -241.20602757E-03 +0.0E+00
+39.34500E-06 -80.40200919E-03 -6.27135672E-03
+39.36000E-06 +160.80401838E-03 -12.54271343E-03
+39.37500E-06 +241.20602754E-03 -6.27135671E-03
+39.39000E-06 +0.0E+00 +6.27135671E-03
+39.40500E-06 -160.80401835E-03 +6.27135672E-03
+39.42000E-06 -241.20602757E-03 +0.0E+00
+39.43500E-06 -160.80401838E-03 -0.0E+00
+39.45000E-06 +0.0E+00 -12.54271343E-03
+39.46500E-06 +160.80401838E-03 -6.27135672E-03
+39.48000E-06 +80.40200919E-03 +0.0E+00
+39.49500E-06 -160.80401838E-03 +6.27135672E-03
+39.51000E-06 -321.60803673E-03 +6.27135671E-03
+39.52500E-06 -241.20602757E-03 -6.27135671E-03
+39.54000E-06 +80.40200916E-03 -18.81407015E-03
+39.55500E-06 +160.80401838E-03 -6.27135672E-03
+39.57000E-06 +80.40200922E-03 +0.0E+00
+39.58500E-06 -80.40200919E-03 +6.27135672E-03
+39.60000E-06 -241.20602759E-03 +0.0E+00
+39.61500E-06 -160.80401838E-03 +0.0E+00
+39.63000E-06 +0.0E+00 -12.54271343E-03
+39.64500E-06 +160.80401838E-03 -12.54271343E-03
+39.66000E-06 +160.80401838E-03 +0.0E+00
+39.67500E-06 -80.40200919E-03 +6.27135672E-03
+39.69000E-06 -321.60803673E-03 +6.27135672E-03
+39.70500E-06 -321.60803673E-03 -6.27135672E-03
+39.72000E-06 -30E-12 -12.54271343E-03
+39.73500E-06 +160.80401838E-03 -6.27135672E-03
+39.75000E-06 +160.80401838E-03 +0.0E+00
+39.76500E-06 +30E-12 +12.54271343E-03
+39.78000E-06 -241.20602757E-03 +12.54271343E-03
+39.79500E-06 -241.20602757E-03 +0.0E+00
+39.81000E-06 -80.40200919E-03 -6.27135672E-03
+39.82500E-06 +160.80401838E-03 -12.54271343E-03
+39.84000E-06 +160.80401838E-03 -6.27135671E-03
+39.85500E-06 +0.0E+00 +6.27135672E-03
+39.87000E-06 -241.20602757E-03 +6.27135672E-03
+39.88500E-06 -241.20602760E-03 +0.0E+00
+39.90000E-06 -160.80401838E-03 -6.27135672E-03
+39.91500E-06 +80.40200916E-03 -12.54271343E-03
+39.93000E-06 +241.20602757E-03 -0.0E+00
+39.94500E-06 +80.40200919E-03 +6.27135671E-03
+39.96000E-06 -241.20602754E-03 +6.27135672E-03
+39.97500E-06 -321.60803676E-03 +0.0E+00
+39.99000E-06 -241.20602757E-03 -6.27135672E-03
+40.00500E-06 +80.40200919E-03 -12.54271344E-03
+40.02000E-06 +241.20602757E-03 -6.27135672E-03
+40.03500E-06 +80.40200922E-03 +6.27135672E-03
+40.05000E-06 -160.80401835E-03 +12.54271343E-03
+40.06500E-06 -402.01004595E-03 +0.0E+00
+40.08000E-06 -241.20602754E-03 -6.27135672E-03
+40.09500E-06 +80.40200916E-03 -12.54271344E-03
+40.11000E-06 +241.20602760E-03 -6.27135672E-03
+40.12500E-06 +241.20602757E-03 +6.27135671E-03
+40.14000E-06 -80.40200916E-03 +12.54271343E-03
+40.15500E-06 -402.01004592E-03 +6.27135672E-03
+40.17000E-06 -321.60803676E-03 -12.54271343E-03
+40.18500E-06 +0.0E+00 -18.81407015E-03
+40.20000E-06 +241.20602757E-03 -12.54271343E-03
+40.21500E-06 +241.20602760E-03 +0.0E+00
+40.23000E-06 -80.40200919E-03 +12.54271343E-03
+40.24500E-06 -321.60803676E-03 +6.27135672E-03
+40.26000E-06 -321.60803679E-03 -6.27135672E-03
+40.27500E-06 -160.80401835E-03 -12.54271343E-03
+40.29000E-06 +241.20602754E-03 -12.54271343E-03
+40.30500E-06 +321.60803676E-03 -0.0E+00
+40.32000E-06 +30E-12 +6.27135672E-03
+40.33500E-06 -321.60803676E-03 +12.54271343E-03
+40.35000E-06 -402.01004595E-03 +0.0E+00
+40.36500E-06 -80.40200922E-03 -18.81407015E-03
+40.38000E-06 +241.20602757E-03 -18.81407015E-03
+40.39500E-06 +321.60803676E-03 -0.0E+00
+40.41000E-06 +160.80401838E-03 +18.81407015E-03
+40.42500E-06 -321.60803676E-03 +12.54271343E-03
+40.44000E-06 -482.41205510E-03 -6.27135671E-03
+40.45500E-06 -160.80401841E-03 -12.54271343E-03
+40.47000E-06 +160.80401838E-03 -12.54271344E-03
+40.48500E-06 +321.60803679E-03 -6.27135672E-03
+40.50000E-06 +160.80401838E-03 +12.54271343E-03
+40.51500E-06 -321.60803672E-03 +18.81407015E-03
+40.53000E-06 -482.41205510E-03 +0.0E+00
+40.54500E-06 -321.60803676E-03 -12.54271343E-03
+40.56000E-06 +160.80401835E-03 -25.08542686E-03
+40.57500E-06 +482.41205507E-03 -6.27135672E-03
+40.59000E-06 +241.20602757E-03 +6.27135672E-03
+40.60500E-06 -160.80401838E-03 +12.54271343E-03
+40.62000E-06 -482.41205513E-03 +12.54271343E-03
+40.63500E-06 -402.01004595E-03 -6.27135672E-03
+40.65000E-06 +80.40200916E-03 -18.81407015E-03
+40.66500E-06 +402.01004595E-03 -12.54271343E-03
+40.68000E-06 +321.60803676E-03 +6.27135672E-03
+40.69500E-06 -160.80401835E-03 +18.81407015E-03
+40.71000E-06 -482.41205510E-03 +6.27135672E-03
+40.72500E-06 -402.01004595E-03 -12.54271343E-03
+40.74000E-06 -30E-12 -25.08542686E-03
+40.75500E-06 +321.60803679E-03 -18.81407015E-03
+40.77000E-06 +402.01004595E-03 +0.0E+00
+40.78500E-06 +0.0E+00 +12.54271343E-03
+40.80000E-06 -482.41205513E-03 +6.27135672E-03
+40.81500E-06 -482.41205517E-03 -6.27135671E-03
+40.83000E-06 -80.40200922E-03 -18.81407015E-03
+40.84500E-06 +321.60803672E-03 -18.81407015E-03
+40.86000E-06 +402.01004595E-03 +0.0E+00
+40.87500E-06 +80.40200919E-03 +18.81407015E-03
+40.89000E-06 -402.01004598E-03 +18.81407015E-03
+40.90500E-06 -562.81406432E-03 +0.0E+00
+40.92000E-06 -241.20602753E-03 -25.08542686E-03
+40.93500E-06 +321.60803672E-03 -18.81407015E-03
+40.95000E-06 +482.41205517E-03 -0.0E+00
+40.96500E-06 +160.80401841E-03 +12.54271343E-03
+40.98000E-06 -321.60803676E-03 +12.54271344E-03
+40.99500E-06 -643.21607351E-03 +10E-12
+41.01000E-06 -241.20602757E-03 -18.81407015E-03
+41.02500E-06 +241.20602757E-03 -25.08542687E-03
+41.04000E-06 +482.41205513E-03 -12.54271343E-03
+41.05500E-06 +241.20602757E-03 +18.81407015E-03
+41.07000E-06 -402.01004588E-03 +31.35678358E-03
+41.08500E-06 -643.21607348E-03 +6.27135672E-03
+41.10000E-06 -321.60803679E-03 -18.81407015E-03
+41.11500E-06 +160.80401834E-03 -25.08542687E-03
+41.13000E-06 +562.81406429E-03 -12.54271343E-03
+41.14500E-06 +321.60803679E-03 +18.81407014E-03
+41.16000E-06 -241.20602753E-03 +18.81407015E-03
+41.17500E-06 -643.21607348E-03 +18.81407015E-03
+41.19000E-06 -482.41205513E-03 -12.54271343E-03
+41.20500E-06 +80.40200919E-03 -31.35678358E-03
+41.22000E-06 +562.81406432E-03 -18.81407015E-03
+41.23500E-06 +402.01004598E-03 +6.27135672E-03
+41.25000E-06 -160.80401834E-03 +25.08542687E-03
+41.26500E-06 -643.21607351E-03 +18.81407015E-03
+41.28000E-06 -562.81406432E-03 -12.54271343E-03
+41.29500E-06 -40E-12 -25.08542687E-03
+41.31000E-06 +482.41205517E-03 -18.81407015E-03
+41.32500E-06 +643.21607348E-03 +0.0E+00
+41.34000E-06 +80.40200919E-03 +31.35678358E-03
+41.35500E-06 -643.21607344E-03 +18.81407015E-03
+41.37000E-06 -643.21607351E-03 -6.27135671E-03
+41.38500E-06 -80.40200923E-03 -25.08542687E-03
+41.40000E-06 +482.41205513E-03 -31.35678358E-03
+41.41500E-06 +643.21607348E-03 +0.0E+00
+41.43000E-06 +160.80401838E-03 +25.08542686E-03
+41.44500E-06 -562.81406432E-03 +25.08542687E-03
+41.46000E-06 -723.61808270E-03 +0.0E+00
+41.47500E-06 -241.20602757E-03 -25.08542687E-03
+41.49000E-06 +402.01004598E-03 -31.35678358E-03
+41.50500E-06 +643.21607351E-03 -6.27135672E-03
+41.52000E-06 +241.20602760E-03 +18.81407015E-03
+41.53500E-06 -562.81406425E-03 +31.35678358E-03
+41.55000E-06 -804.02009189E-03 +6.27135671E-03
+41.56500E-06 -402.01004598E-03 -25.08542686E-03
+41.58000E-06 +321.60803672E-03 -31.35678358E-03
+41.59500E-06 +723.61808270E-03 -12.54271343E-03
+41.61000E-06 +482.41205513E-03 +25.08542686E-03
+41.62500E-06 -402.01004591E-03 +31.35678358E-03
+41.64000E-06 -804.02009189E-03 +6.27135672E-03
+41.65500E-06 -562.81406436E-03 -25.08542686E-03
+41.67000E-06 +241.20602753E-03 -37.62814030E-03
+41.68500E-06 +723.61808270E-03 -18.81407015E-03
+41.70000E-06 +562.81406429E-03 +18.81407015E-03
+41.71500E-06 -241.20602753E-03 +37.62814030E-03
+41.73000E-06 -723.61808278E-03 +18.81407015E-03
+41.74500E-06 -643.21607355E-03 -18.81407015E-03
+41.76000E-06 +80.40200919E-03 -37.62814030E-03
+41.77500E-06 +723.61808270E-03 -18.81407015E-03
+41.79000E-06 +643.21607355E-03 +12.54271343E-03
+41.80500E-06 -80.40200915E-03 +31.35678358E-03
+41.82000E-06 -804.02009189E-03 +25.08542687E-03
+41.83500E-06 -804.02009189E-03 -12.54271343E-03
+41.85000E-06 -80.40200919E-03 -37.62814030E-03
+41.86500E-06 +643.21607355E-03 -31.35678358E-03
+41.88000E-06 +804.02009189E-03 +0.0E+00
+41.89500E-06 +80.40200919E-03 +31.35678359E-03
+41.91000E-06 -723.61808270E-03 +31.35678358E-03
+41.92500E-06 -884.42210108E-03 -6.27135671E-03
+41.94000E-06 -160.80401846E-03 -37.62814030E-03
+41.95500E-06 +643.21607347E-03 -37.62814030E-03
+41.97000E-06 +804.02009193E-03 -0.0E+00
+41.98500E-06 +160.80401846E-03 +31.35678358E-03
+42.00000E-06 -723.61808266E-03 +31.35678359E-03
+42.01500E-06 -964.82411027E-03 +0.0E+00
+42.03000E-06 -402.01004595E-03 -37.62814030E-03
+42.04500E-06 +562.81406428E-03 -43.89949701E-03
+42.06000E-06 +1.04522611938E+00 -6.27135672E-03
+42.07500E-06 +402.01004599E-03 +31.35678358E-03
+42.09000E-06 -643.21607343E-03 +43.89949701E-03
+42.10500E-06 -1.04522611946E+00 +6.27135672E-03
+42.12000E-06 -482.41205518E-03 -37.62814030E-03
+42.13500E-06 +482.41205509E-03 -43.89949702E-03
+42.15000E-06 +964.82411027E-03 -12.54271344E-03
+42.16500E-06 +562.81406432E-03 +31.35678358E-03
+42.18000E-06 -402.01004599E-03 +43.89949702E-03
+42.19500E-06 -1.12562812865E+00 +18.81407015E-03
+42.21000E-06 -723.61808270E-03 -25.08542687E-03
+42.22500E-06 +321.60803672E-03 -50.17085373E-03
+42.24000E-06 +1.04522611946E+00 -31.35678358E-03
+42.25500E-06 +723.61808270E-03 +25.08542687E-03
+42.27000E-06 -402.01004586E-03 +43.89949702E-03
+42.28500E-06 -1.04522611950E+00 +25.08542687E-03
+42.30000E-06 -884.42210116E-03 -25.08542686E-03
+42.31500E-06 +80.40200915E-03 -50.17085373E-03
+42.33000E-06 +964.82411027E-03 -37.62814030E-03
+42.34500E-06 +884.42210112E-03 +12.54271343E-03
+42.36000E-06 -80.40200915E-03 +43.89949702E-03
+42.37500E-06 -1.04522611942E+00 +31.35678359E-03
+42.39000E-06 -1.04522611946E+00 -12.54271343E-03
+42.40500E-06 -80.40200923E-03 -50.17085373E-03
+42.42000E-06 +964.82411023E-03 -37.62814030E-03
+42.43500E-06 +1.04522611950E+00 +6.27135671E-03
+42.45000E-06 +80.40200923E-03 +50.17085373E-03
+42.46500E-06 -1.04522611942E+00 +37.62814030E-03
+42.48000E-06 -1.20603013788E+00 -12.54271343E-03
+42.49500E-06 -321.60803680E-03 -50.17085373E-03
+42.51000E-06 +804.02009189E-03 -43.89949702E-03
+42.52500E-06 +1.12562812869E+00 -0.0E+00
+42.54000E-06 +402.01004590E-03 +43.89949702E-03
+42.55500E-06 -884.42210104E-03 +43.89949702E-03
+42.57000E-06 -1.28643214703E+00 +0.0E+00
+42.58500E-06 -482.41205522E-03 -50.17085373E-03
+42.60000E-06 +723.61808262E-03 -56.44221045E-03
+42.61500E-06 +1.20603013784E+00 -6.27135672E-03
+42.63000E-06 +482.41205522E-03 +43.89949701E-03
+42.64500E-06 -723.61808266E-03 +50.17085373E-03
+42.66000E-06 -1.28643214707E+00 +12.54271343E-03
+42.67500E-06 -804.02009189E-03 -43.89949701E-03
+42.69000E-06 +562.81406424E-03 -50.17085374E-03
+42.70500E-06 +1.20603013788E+00 -18.81407015E-03
+42.72000E-06 +723.61808270E-03 +37.62814030E-03
+42.73500E-06 -562.81406428E-03 +56.44221045E-03
+42.75000E-06 -1.36683415622E+00 +25.08542687E-03
+42.76500E-06 -964.82411027E-03 -43.89949701E-03
+42.78000E-06 +321.60803671E-03 -56.44221045E-03
+42.79500E-06 +1.28643214703E+00 -31.35678359E-03
+42.81000E-06 +964.82411031E-03 +37.62814029E-03
+42.82500E-06 -321.60803671E-03 +62.71356716E-03
+42.84000E-06 -1.36683415622E+00 +25.08542687E-03
+42.85500E-06 -1.20603013784E+00 -25.08542687E-03
+42.87000E-06 +80.40200910E-03 -62.71356717E-03
+42.88500E-06 +1.20603013784E+00 -43.89949702E-03
+42.90000E-06 +1.20603013784E+00 +18.81407015E-03
+42.91500E-06 -80.40200910E-03 +62.71356717E-03
+42.93000E-06 -1.36683415617E+00 +43.89949702E-03
+42.94500E-06 -1.36683415626E+00 -12.54271344E-03
+42.96000E-06 -160.80401847E-03 -68.98492388E-03
+42.97500E-06 +1.12562812865E+00 -50.17085373E-03
+42.99000E-06 +1.36683415622E+00 +12.54271343E-03
+43.00500E-06 +241.20602757E-03 +62.71356717E-03
+43.02000E-06 -1.20603013784E+00 +56.44221045E-03
+43.03500E-06 -1.60804018374E+00 -12.54271343E-03
+43.05000E-06 -402.01004604E-03 -62.71356717E-03
+43.06500E-06 +1.04522611941E+00 -56.44221046E-03
+43.08000E-06 +1.52763817464E+00 -6.27135672E-03
+43.09500E-06 +482.41205518E-03 +62.71356716E-03
+43.11000E-06 -1.04522611946E+00 +62.71356717E-03
+43.12500E-06 -1.60804018378E+00 +0.0E+00
+43.14000E-06 -723.61808275E-03 -56.44221045E-03
+43.15500E-06 +884.42210103E-03 -68.98492388E-03
+43.17000E-06 +1.60804018378E+00 -12.54271344E-03
+43.18500E-06 +723.61808279E-03 +56.44221044E-03
+43.20000E-06 -884.42210099E-03 +68.98492389E-03
+43.21500E-06 -1.76884420211E+00 +18.81407015E-03
+43.23000E-06 -1.04522611946E+00 -50.17085373E-03
+43.24500E-06 +643.21607347E-03 -75.25628060E-03
+43.26000E-06 +1.68844219293E+00 -25.08542687E-03
+43.27500E-06 +1.04522611951E+00 +50.17085373E-03
+43.29000E-06 -562.81406428E-03 +68.98492389E-03
+43.30500E-06 -1.76884420216E+00 +31.35678359E-03
+43.32000E-06 -1.28643214707E+00 -50.17085372E-03
+43.33500E-06 +321.60803666E-03 -81.52763731E-03
+43.35000E-06 +1.60804018378E+00 -43.89949702E-03
+43.36500E-06 +1.28643214707E+00 +37.62814030E-03
+43.38000E-06 -321.60803671E-03 +81.52763732E-03
+43.39500E-06 -1.68844219297E+00 +43.89949702E-03
+43.41000E-06 -1.44723616545E+00 -37.62814030E-03
+43.42500E-06 +80.40200909E-03 -87.79899404E-03
+43.44000E-06 +1.60804018374E+00 -56.44221045E-03
+43.45500E-06 +1.60804018383E+00 +25.08542687E-03
+43.47000E-06 +50E-12 +81.52763731E-03
+43.48500E-06 -1.60804018373E+00 +56.44221045E-03
+43.50000E-06 -1.76884420221E+00 -18.81407015E-03
+43.51500E-06 -241.20602766E-03 -81.52763731E-03
+43.53000E-06 +1.44723616536E+00 -68.98492389E-03
+43.54500E-06 +1.76884420221E+00 +12.54271343E-03
+43.56000E-06 +321.60803685E-03 +75.25628060E-03
+43.57500E-06 -1.44723616540E+00 +68.98492389E-03
+43.59000E-06 -1.92964822054E+00 -6.27135672E-03
+43.60500E-06 -643.21607351E-03 -75.25628060E-03
+43.62000E-06 +1.28643214693E+00 -75.25628060E-03
+43.63500E-06 +1.92964822054E+00 -10E-12
+43.65000E-06 +643.21607361E-03 +81.52763731E-03
+43.66500E-06 -1.20603013779E+00 +81.52763732E-03
+43.68000E-06 -2.09045223892E+00 +6.27135672E-03
+43.69500E-06 -964.82411037E-03 -68.98492388E-03
+43.71000E-06 +1.04522611941E+00 -81.52763733E-03
+43.72500E-06 +2.01005022978E+00 -18.81407015E-03
+43.74000E-06 +1.04522611956E+00 +75.25628060E-03
+43.75500E-06 -1.04522611931E+00 +87.79899404E-03
+43.77000E-06 -2.09045223892E+00 +25.08542687E-03
+43.78500E-06 -1.28643214708E+00 -68.98492388E-03
+43.80000E-06 +723.61808270E-03 -100.34170747E-03
+43.81500E-06 +2.01005022973E+00 -31.35678359E-03
+43.83000E-06 +1.36683415631E+00 +56.44221045E-03
+43.84500E-06 -643.21607341E-03 +100.34170746E-03
+43.86000E-06 -2.09045223892E+00 +43.89949702E-03
+43.87500E-06 -1.68844219297E+00 -56.44221045E-03
+43.89000E-06 +402.01004585E-03 -100.34170747E-03
+43.90500E-06 +2.09045223882E+00 -50.17085374E-03
+43.92000E-06 +1.76884420221E+00 +37.62814030E-03
+43.93500E-06 -321.60803666E-03 +100.34170747E-03
+43.95000E-06 -2.09045223882E+00 +62.71356717E-03
+43.96500E-06 -1.92964822059E+00 -43.89949701E-03
+43.98000E-06 -100E-12 -106.61306418E-03
+43.99500E-06 +1.92964822049E+00 -68.98492389E-03
+44.01000E-06 +1.92964822059E+00 +37.62814029E-03
+44.02500E-06 +80.40200934E-03 +106.61306418E-03
+44.04000E-06 -2.01005022963E+00 +68.98492389E-03
+44.05500E-06 -2.17085424816E+00 -25.08542686E-03
+44.07000E-06 -402.01004605E-03 -100.34170747E-03
+44.08500E-06 +1.76884420211E+00 -87.79899403E-03
+44.10000E-06 +2.25125625730E+00 +12.54271343E-03
+44.11500E-06 +482.41205529E-03 +94.07035075E-03
+44.13000E-06 -1.68844219292E+00 +87.79899404E-03
+44.14500E-06 -2.49246228481E+00 -6.27135672E-03
+44.16000E-06 -884.42210118E-03 -106.61306418E-03
+44.17500E-06 +1.52763817449E+00 -100.34170747E-03
+44.19000E-06 +2.41206027562E+00 -6.27135672E-03
+44.20500E-06 +964.82411037E-03 +94.07035075E-03
+44.22000E-06 -1.36683415622E+00 +106.61306418E-03
+44.23500E-06 -2.57286429405E+00 +12.54271344E-03
+44.25000E-06 -1.28643214708E+00 -94.07035075E-03
+44.26500E-06 +1.20603013773E+00 -112.88442091E-03
+44.28000E-06 +2.49246228486E+00 -25.08542687E-03
+44.29500E-06 +1.36683415627E+00 +94.07035074E-03
+44.31000E-06 -1.12562812854E+00 +112.88442090E-03
+44.32500E-06 -2.57286429405E+00 +31.35678359E-03
+44.34000E-06 -1.68844219308E+00 -81.52763731E-03
+44.35500E-06 +804.02009179E-03 -119.15577762E-03
+44.37000E-06 +2.57286429400E+00 -43.89949702E-03
+44.38500E-06 +1.76884420227E+00 +68.98492388E-03
+44.40000E-06 -643.21607346E-03 +112.88442091E-03
+44.41500E-06 -2.57286429405E+00 +50.17085374E-03
+44.43000E-06 -2.09045223897E+00 -68.98492388E-03
+44.44500E-06 +402.01004584E-03 -125.42713434E-03
+44.46000E-06 +2.49246228476E+00 -68.98492389E-03
+44.47500E-06 +2.17085424816E+00 +56.44221045E-03
+44.49000E-06 -241.20602746E-03 +119.15577762E-03
+44.50500E-06 -2.49246228481E+00 +68.98492389E-03
+44.52000E-06 -2.41206027573E+00 -50.17085373E-03
+44.53500E-06 -80.40200935E-03 -125.42713434E-03
+44.55000E-06 +2.33165826638E+00 -87.79899404E-03
+44.56500E-06 +2.49246228492E+00 +37.62814029E-03
+44.58000E-06 +241.20602767E-03 +125.42713434E-03
+44.59500E-06 -2.33165826638E+00 +87.79899404E-03
+44.61000E-06 -2.73366831248E+00 -31.35678358E-03
+44.62500E-06 -562.81406443E-03 -125.42713434E-03
+44.64000E-06 +2.09045223886E+00 -106.61306418E-03
+44.65500E-06 +2.73366831243E+00 +18.81407014E-03
+44.67000E-06 +723.61808281E-03 +125.42713433E-03
+44.68500E-06 -2.01005022962E+00 +112.88442091E-03
+44.70000E-06 -2.97487434005E+00 -6.27135671E-03
+44.71500E-06 -1.04522611962E+00 -119.15577761E-03
+44.73000E-06 +1.76884420205E+00 -119.15577763E-03
+44.74500E-06 +2.89447233086E+00 -6.27135673E-03
+44.76000E-06 +1.20603013800E+00 +106.61306418E-03
+44.77500E-06 -1.68844219286E+00 +125.42713434E-03
+44.79000E-06 -3.13567835832E+00 +25.08542686E-03
+44.80500E-06 -1.52763817476E+00 -112.88442090E-03
+44.82000E-06 +1.36683415605E+00 -137.96984777E-03
+44.83500E-06 +2.97487434005E+00 -31.35678359E-03
+44.85000E-06 +1.76884420227E+00 +100.34170747E-03
+44.86500E-06 -1.28643214686E+00 +137.96984777E-03
+44.88000E-06 -3.13567835832E+00 +43.89949702E-03
+44.89500E-06 -2.17085424816E+00 -94.07035075E-03
+44.91000E-06 +884.42210097E-03 -144.24120449E-03
+44.92500E-06 +3.05527634913E+00 -56.44221046E-03
+44.94000E-06 +2.25125625741E+00 +87.79899403E-03
+44.95500E-06 -723.61808254E-03 +150.51256120E-03
+44.97000E-06 -3.13567835832E+00 +68.98492388E-03
+44.98500E-06 -2.57286429411E+00 -81.52763731E-03
+45.00000E-06 +321.60803665E-03 -156.78391791E-03
+45.01500E-06 +2.89447233070E+00 -81.52763733E-03
+45.03000E-06 +2.65326630335E+00 +68.98492388E-03
+45.04500E-06 -241.20602734E-03 +156.78391791E-03
+45.06000E-06 -2.89447233075E+00 +94.07035076E-03
+45.07500E-06 -2.97487434005E+00 -56.44221044E-03
+45.09000E-06 -160.80401860E-03 -150.51256121E-03
+45.10500E-06 +2.73366831232E+00 -112.88442091E-03
+45.12000E-06 +2.97487434017E+00 +37.62814030E-03
+45.13500E-06 +402.01004617E-03 +156.78391791E-03
+45.15000E-06 -2.65326630313E+00 +119.15577762E-03
+45.16500E-06 -3.29648237681E+00 -37.62814029E-03
+45.18000E-06 -723.61808293E-03 -150.51256120E-03
+45.19500E-06 +2.41206027556E+00 -125.42713434E-03
+45.21000E-06 +3.37688438594E+00 +12.54271342E-03
+45.22500E-06 +1.04522611963E+00 +144.24120448E-03
+45.24000E-06 -2.25125625718E+00 +131.69849106E-03
+45.25500E-06 -3.61809041345E+00 -6.27135670E-03
+45.27000E-06 -1.44723616552E+00 -144.24120448E-03
+45.28500E-06 +1.92964822042E+00 -156.78391792E-03
+45.30000E-06 +3.53768840432E+00 -18.81407015E-03
+45.31500E-06 +1.68844219309E+00 +131.69849105E-03
+45.33000E-06 -1.84924621118E+00 +150.51256120E-03
+45.34500E-06 -3.69849242264E+00 +25.08542687E-03
+45.36000E-06 -2.01005022984E+00 -137.96984776E-03
+45.37500E-06 +1.44723616529E+00 -163.05527464E-03
+45.39000E-06 +3.61809041345E+00 -37.62814031E-03
+45.40500E-06 +2.25125625747E+00 +119.15577761E-03
+45.42000E-06 -1.28643214685E+00 +169.32663135E-03
+45.43500E-06 -3.61809041351E+00 +50.17085375E-03
+45.45000E-06 -2.57286429423E+00 -112.88442090E-03
+45.46500E-06 +884.42210096E-03 -175.59798807E-03
+45.48000E-06 +3.53768840426E+00 -75.25628061E-03
+45.49500E-06 +2.73366831255E+00 +100.34170746E-03
+45.51000E-06 -723.61808247E-03 +181.86934478E-03
+45.52500E-06 -3.53768840432E+00 +87.79899404E-03
+45.54000E-06 -3.13567835843E+00 -94.07035074E-03
+45.55500E-06 +241.20602739E-03 -181.86934479E-03
+45.57000E-06 +3.45728639496E+00 -100.34170748E-03
+45.58500E-06 +3.21608036774E+00 +75.25628059E-03
+45.60000E-06 -80.40200895E-03 +181.86934479E-03
+45.61500E-06 -3.37688438583E+00 +112.88442091E-03
+45.63000E-06 -3.53768840438E+00 -62.71356716E-03
+45.64500E-06 -402.01004612E-03 -188.14070150E-03
+45.66000E-06 +3.13567835826E+00 -131.69849106E-03
+45.67500E-06 +3.69849242276E+00 +50.17085372E-03
+45.69000E-06 +562.81406456E-03 +175.59798807E-03
+45.70500E-06 -3.05527634901E+00 +137.96984777E-03
+45.72000E-06 -3.85929644120E+00 -43.89949700E-03
+45.73500E-06 -1.04522611970E+00 -181.86934478E-03
+45.75000E-06 +2.73366831225E+00 -156.78391792E-03
+45.76500E-06 +3.93969845033E+00 +12.54271342E-03
+45.78000E-06 +1.36683415639E+00 +169.32663135E-03
+45.79500E-06 -2.57286429387E+00 +169.32663135E-03
+45.81000E-06 -4.10050246871E+00 -6.27135670E-03
+45.82500E-06 -1.76884420234E+00 -169.32663135E-03
+45.84000E-06 +2.17085424793E+00 -181.86934479E-03
+45.85500E-06 +4.10050246865E+00 -18.81407016E-03
+45.87000E-06 +2.01005022991E+00 +163.05527463E-03
+45.88500E-06 -2.01005022955E+00 +181.86934479E-03
+45.90000E-06 -4.26130648702E+00 +31.35678360E-03
+45.91500E-06 -2.41206027586E+00 -150.51256119E-03
+45.93000E-06 +1.60804018354E+00 -194.41205822E-03
+45.94500E-06 +4.10050246865E+00 -50.17085375E-03
+45.96000E-06 +2.73366831261E+00 +137.96984776E-03
+45.97500E-06 -1.36683415603E+00 +200.68341494E-03
+45.99000E-06 -4.26130648690E+00 +68.98492389E-03
+46.00500E-06 -3.13567835850E+00 -131.69849104E-03
+46.02000E-06 +884.42210090E-03 -206.95477166E-03
+46.03500E-06 +4.02010045940E+00 -87.79899404E-03
+46.05000E-06 +3.29648237694E+00 +112.88442089E-03
+46.06500E-06 -643.21607327E-03 +200.68341494E-03
+46.08000E-06 -4.10050246858E+00 +100.34170748E-03
+46.09500E-06 -3.61809041370E+00 -100.34170746E-03
+46.11000E-06 +160.80401813E-03 -213.22612837E-03
+46.12500E-06 +3.85929644102E+00 -125.42713434E-03
+46.14000E-06 +3.93969845027E+00 +81.52763731E-03
+46.15500E-06 +80.40200944E-03 +213.22612836E-03
+46.17000E-06 -3.77889443177E+00 +131.69849106E-03
+46.18500E-06 -4.18090447796E+00 -68.98492388E-03
+46.20000E-06 -643.21607370E-03 -219.49748508E-03
+46.21500E-06 +3.53768840414E+00 -150.51256122E-03
+46.23000E-06 +4.26130648715E+00 +50.17085372E-03
+46.24500E-06 +884.42210139E-03 +206.95477165E-03
+46.26000E-06 -3.29648237663E+00 +163.05527465E-03
+46.27500E-06 -4.58291452378E+00 -31.35678357E-03
+46.29000E-06 -1.36683415647E+00 -206.95477165E-03
+46.30500E-06 +3.05527634894E+00 -188.14070151E-03
+46.32000E-06 +4.50251251465E+00 +6.27135671E-03
+46.33500E-06 +1.68844219322E+00 +200.68341493E-03
+46.35000E-06 -2.89447233049E+00 +200.68341494E-03
+46.36500E-06 -4.74371854222E+00 +10E-12
+46.38000E-06 -2.25125625755E+00 -188.14070150E-03
+46.39500E-06 +2.33165826630E+00 -213.22612837E-03
+46.41000E-06 +4.66331653303E+00 -18.81407017E-03
+46.42500E-06 +2.49246228505E+00 +181.86934478E-03
+46.44000E-06 -2.17085424779E+00 +213.22612837E-03
+46.45500E-06 -4.82412055128E+00 +43.89949703E-03
+46.47000E-06 -2.97487434019E+00 -175.59798806E-03
+46.48500E-06 +1.60804018353E+00 -232.04019852E-03
+46.50000E-06 +4.74371854209E+00 -68.98492389E-03
+46.51500E-06 +3.29648237695E+00 +156.78391791E-03
+46.53000E-06 -1.36683415602E+00 +232.04019852E-03
+46.54500E-06 -4.74371854209E+00 +81.52763733E-03
+46.56000E-06 -3.61809041370E+00 -150.51256119E-03
+46.57500E-06 +884.42210082E-03 -238.31155524E-03
+46.59000E-06 +4.58291452365E+00 -100.34170748E-03
+46.60500E-06 +3.85929644127E+00 +125.42713433E-03
+46.62000E-06 -482.41205494E-03 +244.58291195E-03
+46.63500E-06 -4.58291452359E+00 +119.15577763E-03
+46.65000E-06 -4.34170849628E+00 -112.88442089E-03
+46.66500E-06 -260E-12 -244.58291196E-03
+46.68000E-06 +4.26130648689E+00 -150.51256121E-03
+46.69500E-06 +4.42211050553E+00 +94.07035074E-03
+46.71000E-06 +321.60803702E-03 +250.85426866E-03
+46.72500E-06 -4.10050246852E+00 +163.05527465E-03
+46.74000E-06 -4.74371854229E+00 -75.25628059E-03
+46.75500E-06 -884.42210134E-03 -250.85426867E-03
+46.77000E-06 +3.77889443169E+00 -181.86934480E-03
+46.78500E-06 +4.82412055148E+00 +50.17085371E-03
+46.80000E-06 +1.20603013816E+00 +238.31155523E-03
+46.81500E-06 -3.61809041332E+00 +200.68341494E-03
+46.83000E-06 -5.14572858817E+00 -37.62814029E-03
+46.84500E-06 -1.76884420236E+00 -238.31155523E-03
+46.86000E-06 +3.21608036730E+00 -219.49748509E-03
+46.87500E-06 +5.14572858817E+00 +12.54271342E-03
+46.89000E-06 +2.17085424837E+00 +225.76884180E-03
+46.90500E-06 -2.97487433973E+00 +219.49748509E-03
+46.92000E-06 -5.38693461561E+00 +6.27135673E-03
+46.93500E-06 -2.65326630351E+00 -219.49748508E-03
+46.95000E-06 +2.49246228466E+00 -238.31155525E-03
+46.96500E-06 +5.22613059729E+00 -37.62814031E-03
+46.98000E-06 +2.97487434026E+00 +206.95477164E-03
+46.99500E-06 -2.25125625696E+00 +250.85426868E-03
+47.01000E-06 -5.38693461554E+00 +50.17085375E-03
+47.02500E-06 -3.53768840452E+00 -194.41205821E-03
+47.04000E-06 +1.60804018352E+00 -269.66833882E-03
+47.05500E-06 +5.22613059723E+00 -75.25628062E-03
+47.07000E-06 +3.77889443216E+00 +175.59798806E-03
+47.08500E-06 -1.28643214676E+00 +263.39698210E-03
+47.10000E-06 -5.22613059716E+00 +100.34170748E-03
+47.11500E-06 -4.26130648716E+00 -163.05527463E-03
+47.13000E-06 +723.61808243E-03 -275.93969554E-03
+47.14500E-06 +5.06532657878E+00 -125.42713435E-03
+47.16000E-06 +4.50251251473E+00 +137.96984776E-03
+47.17500E-06 -402.01004561E-03 +275.93969554E-03
+47.19000E-06 -4.90452256040E+00 +144.24120450E-03
+47.20500E-06 -4.82412055155E+00 -125.42713431E-03
+47.22000E-06 -160.80401872E-03 -282.21105225E-03
+47.23500E-06 +4.66331653277E+00 -169.32663136E-03
+47.25000E-06 +5.06532657905E+00 +100.34170745E-03
+47.26500E-06 +562.81406466E-03 +269.66833882E-03
+47.28000E-06 -4.42211050527E+00 +181.86934480E-03
+47.29500E-06 -5.38693461574E+00 -75.25628059E-03
+47.31000E-06 -1.12562812899E+00 -275.93969553E-03
+47.32500E-06 +4.02010045932E+00 -206.95477166E-03
+47.34000E-06 +5.46733662486E+00 +56.44221043E-03
+47.35500E-06 +1.52763817493E+00 +263.39698210E-03
+47.37000E-06 -3.85929644080E+00 +219.49748510E-03
+47.38500E-06 -5.78894466162E+00 -37.62814028E-03
+47.40000E-06 -2.17085424845E+00 -269.66833881E-03
+47.41500E-06 +3.37688438567E+00 -244.58291196E-03
+47.43000E-06 +5.70854265250E+00 +6.27135670E-03
+47.44500E-06 +2.49246228521E+00 +257.12562538E-03
+47.46000E-06 -3.05527634891E+00 +257.12562539E-03
+47.47500E-06 -5.94974867993E+00 +12.54271345E-03
+47.49000E-06 -3.05527634953E+00 -244.58291194E-03
+47.50500E-06 +2.57286429378E+00 -269.66833884E-03
+47.52000E-06 +5.78894466162E+00 -50.17085374E-03
+47.53500E-06 +3.45728639534E+00 +225.76884179E-03
+47.55000E-06 -2.25125625688E+00 +288.48240897E-03
+47.56500E-06 -5.78894466162E+00 +62.71356719E-03
+47.58000E-06 -4.02010045973E+00 -206.95477164E-03
+47.59500E-06 +1.60804018344E+00 -294.75376569E-03
+47.61000E-06 +5.78894466141E+00 -94.07035076E-03
+47.62500E-06 +4.26130648730E+00 +194.41205820E-03
+47.64000E-06 -1.28643214661E+00 +294.75376569E-03
+47.65500E-06 -5.62814064317E+00 +119.15577763E-03
+47.67000E-06 -4.74371854237E+00 -175.59798806E-03
+47.68500E-06 +643.21607316E-03 -307.29647912E-03
+47.70000E-06 +5.46733662465E+00 -144.24120450E-03
+47.71500E-06 +4.98492456994E+00 +150.51256119E-03
+47.73000E-06 -160.80401810E-03 +313.56783583E-03
+47.74500E-06 -5.30653260634E+00 +163.05527465E-03
+47.76000E-06 -5.46733662500E+00 -137.96984775E-03
+47.77500E-06 -402.01004630E-03 -307.29647912E-03
+47.79000E-06 +4.90452256033E+00 -188.14070152E-03
+47.80500E-06 +5.62814064338E+00 +100.34170746E-03
+47.82000E-06 +884.42210143E-03 +307.29647911E-03
+47.83500E-06 -4.74371854188E+00 +206.95477166E-03
+47.85000E-06 -5.86934667095E+00 -81.52763730E-03
+47.86500E-06 -1.44723616576E+00 -307.29647912E-03
+47.88000E-06 +4.26130648674E+00 -238.31155525E-03
+47.89500E-06 +6.03015068926E+00 +56.44221043E-03
+47.91000E-06 +1.92964822082E+00 +294.75376568E-03
+47.92500E-06 -3.93969845005E+00 +250.85426868E-03
+47.94000E-06 -6.27135671675E+00 -31.35678357E-03
+47.95500E-06 -2.57286429434E+00 -288.48240896E-03
+47.97000E-06 +3.45728639478E+00 -275.93969554E-03
+47.98500E-06 +6.27135671668E+00 -20E-12
+48.00000E-06 +2.97487434036E+00 +263.39698210E-03
+48.01500E-06 -3.13567835809E+00 +288.48240898E-03
+48.03000E-06 -6.35175872594E+00 +18.81407017E-03
+48.04500E-06 -3.61809041380E+00 -269.66833880E-03
+48.06000E-06 +2.57286429369E+00 -301.02512241E-03
+48.07500E-06 +6.19095470756E+00 -50.17085376E-03
+48.09000E-06 +3.93969845056E+00 +244.58291194E-03
+48.10500E-06 -2.17085424775E+00 +313.56783583E-03
+48.12000E-06 -6.27135671661E+00 +68.98492391E-03
+48.13500E-06 -4.42211050569E+00 -232.04019850E-03
+48.15000E-06 +1.52763817423E+00 -319.83919257E-03
+48.16500E-06 +6.11055269823E+00 -106.61306421E-03
+48.18000E-06 +4.82412055157E+00 +206.95477164E-03
+48.19500E-06 -1.12562812828E+00 +326.11054928E-03
+48.21000E-06 -5.94974867985E+00 +131.69849107E-03
+48.22500E-06 -5.22613059751E+00 -188.14070149E-03
+48.24000E-06 +402.01004565E-03 -344.92461941E-03
+48.25500E-06 +5.70854265221E+00 -163.05527466E-03
+48.27000E-06 +5.54773863427E+00 +163.05527461E-03
+48.28500E-06 +80.40200955E-03 +332.38190599E-03
+48.30000E-06 -5.54773863376E+00 +181.86934480E-03
+48.31500E-06 -5.94974868022E+00 -137.96984775E-03
+48.33000E-06 -643.21607395E-03 -332.38190599E-03
+48.34500E-06 +5.06532657877E+00 -213.22612839E-03
+48.36000E-06 +6.11055269852E+00 +106.61306417E-03
+48.37500E-06 +1.12562812909E+00 +332.38190598E-03
+48.39000E-06 -4.90452256017E+00 +238.31155525E-03
+48.40500E-06 -6.43216073520E+00 -87.79899401E-03
+48.42000E-06 -1.84924621172E+00 -326.11054926E-03
+48.43500E-06 +4.42211050503E+00 -257.12562540E-03
+48.45000E-06 +6.43216073520E+00 +50.17085372E-03
+48.46500E-06 +2.25125625774E+00 +313.56783583E-03
+48.48000E-06 -4.10050246820E+00 +269.66833884E-03
+48.49500E-06 -6.67336676270E+00 -25.08542685E-03
+48.51000E-06 -2.97487434029E+00 -307.29647912E-03
+48.52500E-06 +3.53768840402E+00 -301.02512241E-03
+48.54000E-06 +6.59296475351E+00 -6.27135674E-03
+48.55500E-06 +3.45728639536E+00 +294.75376567E-03
+48.57000E-06 -3.13567835800E+00 +313.56783584E-03
+48.58500E-06 -6.75376877181E+00 +25.08542689E-03
+48.60000E-06 -3.93969845072E+00 -288.48240895E-03
+48.61500E-06 +2.41206027530E+00 -332.38190599E-03
+48.63000E-06 +6.67336676262E+00 -62.71356720E-03
+48.64500E-06 +4.34170849666E+00 +257.12562538E-03
+48.66000E-06 -2.01005022935E+00 +338.65326271E-03
+48.67500E-06 -6.59296475336E+00 +87.79899405E-03
+48.69000E-06 -4.90452256084E+00 -244.58291194E-03
+48.70500E-06 +1.36683415584E+00 -344.92461943E-03
+48.72000E-06 +6.35175872579E+00 -119.15577764E-03
+48.73500E-06 +5.22613059760E+00 +213.22612835E-03
+48.75000E-06 -804.02009151E-03 +351.19597614E-03
+48.76500E-06 -6.19095470734E+00 +144.24120451E-03
+48.78000E-06 -5.70854265273E+00 -194.41205820E-03
+48.79500E-06 +241.20602711E-03 -357.46733285E-03
+48.81000E-06 +5.94974867969E+00 -175.59798809E-03
+48.82500E-06 +5.94974868015E+00 +163.05527461E-03
+48.84000E-06 +321.60803714E-03 +351.19597614E-03
+48.85500E-06 -5.62814064301E+00 +200.68341495E-03
+48.87000E-06 -6.35175872609E+00 -137.96984775E-03
+48.88500E-06 -964.82411065E-03 -357.46733285E-03
+48.90000E-06 +5.22613059699E+00 -232.04019854E-03
+48.91500E-06 +6.43216073528E+00 +112.88442088E-03
+48.93000E-06 +1.44723616586E+00 +344.92461942E-03
+48.94500E-06 -4.90452256031E+00 +250.85426869E-03
+48.96000E-06 -6.75376877196E+00 -87.79899400E-03
+48.97500E-06 -2.17085424849E+00 -344.92461942E-03
+48.99000E-06 +4.42211050502E+00 -275.93969556E-03
+49.00500E-06 +6.83417078115E+00 +50.17085372E-03
+49.02000E-06 +2.73366831274E+00 +332.38190598E-03
+49.03500E-06 -4.02010045907E+00 +294.75376571E-03
+49.05000E-06 -6.99497479945E+00 -18.81407013E-03
+49.06500E-06 -3.29648237714E+00 -319.83919255E-03
+49.08000E-06 +3.45728639467E+00 -326.11054928E-03
+49.09500E-06 +6.91457279027E+00 -6.27135674E-03
+49.11000E-06 +3.77889443228E+00 +307.29647910E-03
+49.12500E-06 -2.97487433961E+00 +332.38190599E-03
+49.14000E-06 -6.91457279027E+00 +37.62814032E-03
+49.15500E-06 -4.42211050571E+00 -288.48240896E-03
+49.17000E-06 +2.33165826610E+00 -338.65326272E-03
+49.18500E-06 +6.75376877181E+00 -75.25628063E-03
+49.20000E-06 +4.66331653336E+00 +263.39698209E-03
+49.21500E-06 -1.84924621088E+00 +357.46733286E-03
+49.23000E-06 -6.67336676262E+00 +100.34170749E-03
+49.24500E-06 -5.30653260672E+00 -257.12562536E-03
+49.26000E-06 +1.20603013729E+00 -363.73868958E-03
+49.27500E-06 +6.35175872578E+00 -131.69849107E-03
+49.29000E-06 +5.70854265258E+00 +219.49748507E-03
+49.30500E-06 -643.21607296E-03 +370.01004629E-03
+49.32000E-06 -6.27135671652E+00 +156.78391794E-03
+49.33500E-06 -6.03015068942E+00 -200.68341492E-03
+49.35000E-06 -80.40200966E-03 -370.01004629E-03
+49.36500E-06 +5.94974867976E+00 -194.41205824E-03
+49.38000E-06 +6.27135671683E+00 +163.05527461E-03
+49.39500E-06 +562.81406480E-03 +376.28140300E-03
+49.41000E-06 -5.70854265211E+00 +213.22612839E-03
+49.42500E-06 -6.59296475367E+00 -144.24120447E-03
+49.44000E-06 -1.28643214750E+00 -376.28140300E-03
+49.45500E-06 +5.14572858779E+00 -244.58291197E-03
+49.47000E-06 +6.75376877197E+00 +106.61306416E-03
+49.48500E-06 +1.76884420256E+00 +363.73868957E-03
+49.50000E-06 -4.90452256014E+00 +269.66833884E-03
+49.51500E-06 -6.99497479953E+00 -75.25628058E-03
+49.53000E-06 -2.49246228526E+00 -351.19597613E-03
+49.54500E-06 +4.34170849581E+00 -294.75376571E-03
+49.56000E-06 +7.07537680872E+00 +43.89949699E-03
+49.57500E-06 +2.97487434032E+00 +344.92461941E-03
+49.59000E-06 -3.93969844987E+00 +313.56783585E-03
+49.60500E-06 -7.15577881783E+00 -18.81407013E-03
+49.62000E-06 -3.61809041399E+00 -332.38190598E-03
+49.63500E-06 +3.21608036724E+00 -332.38190600E-03
+49.65000E-06 +7.07537680856E+00 -18.81407017E-03
+49.66500E-06 +4.02010045986E+00 +313.56783581E-03
+49.68000E-06 -2.81407032114E+00 +338.65326272E-03
+49.69500E-06 -7.07537680848E+00 +50.17085375E-03
+49.71000E-06 -4.66331653329E+00 -301.02512239E-03
+49.72500E-06 +2.09045223843E+00 -370.01004629E-03
+49.74000E-06 +6.91457279002E+00 -81.52763734E-03
+49.75500E-06 +5.06532657916E+00 +269.66833881E-03
+49.77000E-06 -1.60804018330E+00 +370.01004629E-03
+49.78500E-06 -6.75376877172E+00 +112.88442092E-03
+49.80000E-06 -5.54773863437E+00 -257.12562536E-03
+49.81500E-06 +884.42210059E-03 -382.55275972E-03
+49.83000E-06 +6.43216073497E+00 -144.24120451E-03
+49.84500E-06 +5.86934667113E+00 +225.76884178E-03
+49.86000E-06 -321.60803643E-03 +382.55275972E-03
+49.87500E-06 -6.27135671659E+00 +169.32663138E-03
+49.89000E-06 -6.27135671692E+00 -194.41205820E-03
+49.90500E-06 -321.60803725E-03 -382.55275973E-03
+49.92000E-06 +5.86934667048E+00 -213.22612838E-03
+49.93500E-06 +6.43216073538E+00 +169.32663133E-03
+49.95000E-06 +804.02009238E-03 +382.55275972E-03
+49.96500E-06 -5.54773863380E+00 +232.04019855E-03
+49.98000E-06 -6.83417078124E+00 -137.96984775E-03
+49.99500E-06 -1.52763817509E+00 -382.55275972E-03
+50.01000E-06 +5.06532657859E+00 -263.39698212E-03
+50.02500E-06 +6.91457279043E+00 +106.61306415E-03
+50.04000E-06 +2.17085424852E+00 +363.73868957E-03
+50.05500E-06 -4.66331653264E+00 +282.21105227E-03
+50.07000E-06 -7.15577881792E+00 -81.52763729E-03
+50.08500E-06 -2.73366831293E+00 -370.01004628E-03
+50.10000E-06 +4.18090447734E+00 -307.29647914E-03
+50.11500E-06 +6.99497479954E+00 +43.89949699E-03
+50.13000E-06 +3.21608036806E+00 +344.92461941E-03
+50.14500E-06 -3.69849242220E+00 +326.11054927E-03
+50.16000E-06 -7.15577881783E+00 -18.81407012E-03
+50.17500E-06 -3.85929644149E+00 -338.65326269E-03
+50.19000E-06 +3.05527634869E+00 -344.92461943E-03
+50.20500E-06 +7.07537680856E+00 -25.08542689E-03
+50.22000E-06 +4.34170849646E+00 +313.56783582E-03
+50.23500E-06 -2.57286429355E+00 +357.46733287E-03
+50.25000E-06 -7.07537680848E+00 +56.44221047E-03
+50.26500E-06 -4.90452256087E+00 -301.02512239E-03
+50.28000E-06 +1.84924621085E+00 -376.28140301E-03
+50.29500E-06 +6.75376877180E+00 -87.79899407E-03
+50.31000E-06 +5.22613059763E+00 +275.93969551E-03
+50.32500E-06 -1.36683415571E+00 +376.28140301E-03
+50.34000E-06 -6.67336676253E+00 +112.88442093E-03
+50.35500E-06 -5.70854265268E+00 -250.85426864E-03
+50.37000E-06 +643.21607309E-03 -388.82411645E-03
+50.38500E-06 +6.27135671658E+00 -156.78391795E-03
+50.40000E-06 +5.94974868025E+00 +219.49748507E-03
+50.41500E-06 -160.80401787E-03 +395.09547315E-03
+50.43000E-06 -6.11055269804E+00 +175.59798810E-03
+50.44500E-06 -6.35175872619E+00 -194.41205820E-03
+50.46000E-06 -643.21607394E-03 -388.82411644E-03
+50.47500E-06 +5.62814064298E+00 -213.22612839E-03
+50.49000E-06 +6.51256274457E+00 +163.05527461E-03
+50.50500E-06 +1.04522611997E+00 +388.82411643E-03
+50.52000E-06 -5.38693461533E+00 +225.76884184E-03
+50.53500E-06 -6.83417078116E+00 -137.96984774E-03
+50.55000E-06 -1.76884420267E+00 -376.28140301E-03
+50.56500E-06 +4.90452256011E+00 -263.39698212E-03
+50.58000E-06 +6.91457279035E+00 +94.07035073E-03
+50.59500E-06 +2.33165826700E+00 +376.28140299E-03
+50.61000E-06 -4.42211050506E+00 +288.48240898E-03
+50.62500E-06 -7.07537680873E+00 -68.98492386E-03
+50.64000E-06 -2.89447233124E+00 -370.01004627E-03
+50.65500E-06 +3.77889443155E+00 -313.56783586E-03
+50.67000E-06 +6.99497479945E+00 +37.62814027E-03
+50.68500E-06 +3.45728639548E+00 +344.92461941E-03
+50.70000E-06 -3.37688438551E+00 +332.38190601E-03
+50.71500E-06 -7.07537680864E+00 -6.27135669E-03
+50.73000E-06 -4.02010045989E+00 -332.38190598E-03
+50.74500E-06 +2.65326630281E+00 -351.19597615E-03
+50.76000E-06 +6.91457279018E+00 -37.62814032E-03
+50.77500E-06 +4.50251251485E+00 +313.56783582E-03
+50.79000E-06 -2.25125625678E+00 +357.46733287E-03
+50.80500E-06 -6.83417078099E+00 +56.44221048E-03
+50.82000E-06 -4.98492457007E+00 -288.48240895E-03
+50.83500E-06 +1.52763817416E+00 -370.01004630E-03
+50.85000E-06 +6.67336676244E+00 -94.07035078E-03
+50.86500E-06 +5.30653260683E+00 +263.39698208E-03
+50.88000E-06 -1.04522611894E+00 +370.01004630E-03
+50.89500E-06 -6.43216073496E+00 +125.42713436E-03
+50.91000E-06 -5.86934667098E+00 -244.58291193E-03
+50.92500E-06 +402.01004542E-03 -388.82411644E-03
+50.94000E-06 +6.11055269803E+00 -156.78391795E-03
+50.95500E-06 +5.94974868034E+00 +213.22612835E-03
+50.97000E-06 +160.80401890E-03 +382.55275973E-03
+50.98500E-06 -5.86934667046E+00 +181.86934481E-03
+51.00000E-06 -6.27135671701E+00 -188.14070148E-03
+51.01500E-06 -804.02009242E-03 -388.82411643E-03
+51.03000E-06 +5.46733662442E+00 -213.22612840E-03
+51.04500E-06 +6.43216073531E+00 +156.78391789E-03
+51.06000E-06 +1.28643214764E+00 +382.55275972E-03
+51.07500E-06 -5.06532657856E+00 +238.31155526E-03
+51.09000E-06 -6.75376877197E+00 -125.42713431E-03
+51.10500E-06 -2.01005023017E+00 -382.55275971E-03
+51.12000E-06 +4.50251251415E+00 -275.93969555E-03
+51.13500E-06 +6.75376877198E+00 +100.34170743E-03
+51.15000E-06 +2.49246228530E+00 +370.01004627E-03
+51.16500E-06 -4.10050246829E+00 +288.48240899E-03
+51.18000E-06 -6.91457279035E+00 -68.98492385E-03
+51.19500E-06 -3.21608036792E+00 -351.19597613E-03
+51.21000E-06 +3.45728639478E+00 -313.56783585E-03
+51.22500E-06 +6.75376877189E+00 +31.35678354E-03
+51.24000E-06 +3.61809041387E+00 +332.38190598E-03
+51.25500E-06 -3.05527634874E+00 +332.38190599E-03
+51.27000E-06 -6.83417078099E+00 +20E-12
+51.28500E-06 -4.02010045990E+00 -319.83919254E-03
+51.30000E-06 +2.49246228433E+00 -344.92461944E-03
+51.31500E-06 +6.59296475351E+00 -37.62814033E-03
+51.33000E-06 +4.50251251495E+00 +301.02512238E-03
+51.34500E-06 -1.92964822000E+00 +357.46733285E-03
+51.36000E-06 -6.59296475333E+00 +56.44221049E-03
+51.37500E-06 -4.90452256098E+00 -282.21105223E-03
+51.39000E-06 +1.28643214649E+00 -370.01004629E-03
+51.40500E-06 +6.27135671657E+00 -100.34170750E-03
+51.42000E-06 +5.30653260675E+00 +250.85426865E-03
+51.43500E-06 -723.61808225E-03 +363.73868959E-03
+51.45000E-06 -6.03015068901E+00 +125.42713436E-03
+51.46500E-06 -5.62814064360E+00 -232.04019850E-03
+51.48000E-06 +160.80401793E-03 -382.55275972E-03
+51.49500E-06 +5.70854265216E+00 -156.78391794E-03
+51.51000E-06 +5.86934667099E+00 +194.41205821E-03
+51.52500E-06 +402.01004640E-03 +370.01004630E-03
+51.54000E-06 -5.46733662450E+00 +181.86934481E-03
+51.55500E-06 -6.19095470765E+00 -175.59798805E-03
+51.57000E-06 -1.04522611991E+00 -376.28140300E-03
+51.58500E-06 +4.90452256026E+00 -213.22612840E-03
+51.60000E-06 +6.27135671684E+00 +144.24120446E-03
+51.61500E-06 +1.52763817505E+00 +370.01004628E-03
+51.63000E-06 -4.66331653252E+00 +244.58291197E-03
+51.64500E-06 -6.43216073531E+00 -119.15577759E-03
+51.66000E-06 -2.09045223946E+00 -363.73868956E-03
+51.67500E-06 +4.10050246828E+00 -263.39698212E-03
+51.69000E-06 +6.43216073513E+00 +87.79899401E-03
+51.70500E-06 +2.65326630361E+00 +351.19597612E-03
+51.72000E-06 -3.77889443143E+00 +275.93969557E-03
+51.73500E-06 -6.51256274441E+00 -56.44221042E-03
+51.75000E-06 -3.21608036793E+00 -338.65326270E-03
+51.76500E-06 +3.13567835792E+00 -307.29647914E-03
+51.78000E-06 +6.43216073504E+00 +18.81407013E-03
+51.79500E-06 +3.53768840478E+00 +326.11054925E-03
+51.81000E-06 -2.73366831188E+00 +319.83919256E-03
+51.82500E-06 -6.43216073504E+00 +12.54271345E-03
+51.84000E-06 -4.10050246901E+00 -313.56783582E-03
+51.85500E-06 +2.09045223846E+00 -332.38190600E-03
+51.87000E-06 +6.19095470756E+00 -37.62814033E-03
+51.88500E-06 +4.50251251478E+00 +282.21105224E-03
+51.90000E-06 -1.60804018332E+00 +338.65326272E-03
+51.91500E-06 -6.11055269819E+00 +62.71356720E-03
+51.93000E-06 -4.90452256072E+00 -263.39698208E-03
+51.94500E-06 +964.82410981E-03 -351.19597615E-03
+51.96000E-06 +5.78894466152E+00 -106.61306421E-03
+51.97500E-06 +5.06532657919E+00 +238.31155521E-03
+51.99000E-06 -482.41205467E-03 +357.46733286E-03
+52.00500E-06 -5.62814064305E+00 +125.42713436E-03
+52.02000E-06 -5.46733662514E+00 -213.22612835E-03
+52.03500E-06 -241.20602794E-03 -363.73868956E-03
+52.05000E-06 +5.22613059692E+00 -156.78391795E-03
+52.06500E-06 +5.54773863442E+00 +188.14070147E-03
+52.08000E-06 +643.21607398E-03 +351.19597615E-03
+52.09500E-06 -4.90452256035E+00 +181.86934481E-03
+52.11000E-06 -5.86934667099E+00 -163.05527461E-03
+52.12500E-06 -1.28643214740E+00 -357.46733285E-03
+52.14000E-06 +4.42211050503E+00 -213.22612839E-03
+52.15500E-06 +5.94974868018E+00 +137.96984773E-03
+52.17000E-06 +1.68844219344E+00 +351.19597613E-03
+52.18500E-06 -4.18090447746E+00 +232.04019853E-03
+52.20000E-06 -6.11055269837E+00 -112.88442086E-03
+52.21500E-06 -2.33165826677E+00 -344.92461941E-03
+52.23000E-06 +3.61809041314E+00 -250.85426869E-03
+52.24500E-06 +6.11055269837E+00 +75.25628057E-03
+52.26000E-06 +2.65326630362E+00 +332.38190598E-03
+52.27500E-06 -3.29648237628E+00 +269.66833884E-03
+52.29000E-06 -6.19095470756E+00 -43.89949700E-03
+52.30500E-06 -3.21608036794E+00 -319.83919255E-03
+52.32000E-06 +2.73366831186E+00 -294.75376570E-03
+52.33500E-06 +5.94974868000E+00 +18.81407012E-03
+52.35000E-06 +3.45728639551E+00 +301.02512238E-03
+52.36500E-06 -2.25125625682E+00 +301.02512242E-03
+52.38000E-06 -5.94974867990E+00 +12.54271346E-03
+52.39500E-06 -4.02010045984E+00 -288.48240896E-03
+52.41000E-06 +1.68844219250E+00 -319.83919256E-03
+52.42500E-06 +5.70854265233E+00 -43.89949705E-03
+52.44000E-06 +4.26130648731E+00 +263.39698210E-03
+52.45500E-06 -1.28643214645E+00 +326.11054928E-03
+52.47000E-06 -5.62814064305E+00 +68.98492391E-03
+52.48500E-06 -4.66331653326E+00 -250.85426865E-03
+52.50000E-06 +643.21607304E-03 -338.65326270E-03
+52.51500E-06 +5.22613059710E+00 -94.07035079E-03
+52.53000E-06 +4.82412055154E+00 +219.49748507E-03
+52.54500E-06 -241.20602709E-03 +332.38190599E-03
+52.56000E-06 -5.14572858782E+00 +119.15577766E-03
+52.57500E-06 -5.22613059749E+00 -200.68341491E-03
+52.59000E-06 -402.01004633E-03 -338.65326270E-03
+52.60500E-06 +4.74371854177E+00 -156.78391794E-03
+52.62000E-06 +5.30653260667E+00 +169.32663134E-03
+52.63500E-06 +723.61808318E-03 +338.65326270E-03
+52.65000E-06 -4.50251251411E+00 +175.59798809E-03
+52.66500E-06 -5.46733662505E+00 -150.51256119E-03
+52.68000E-06 -1.36683415670E+00 -338.65326270E-03
+52.69500E-06 +4.02010045907E+00 -200.68341496E-03
+52.71000E-06 +5.46733662505E+00 +125.42713430E-03
+52.72500E-06 +1.76884420264E+00 +326.11054926E-03
+52.74000E-06 -3.69849242241E+00 +219.49748510E-03
+52.75500E-06 -5.70854265243E+00 -94.07035073E-03
+52.77000E-06 -2.33165826687E+00 -319.83919255E-03
+52.78500E-06 +3.21608036718E+00 -244.58291198E-03
+52.80000E-06 +5.62814064314E+00 +62.71356714E-03
+52.81500E-06 +2.65326630353E+00 +301.02512240E-03
+52.83000E-06 -2.81407032123E+00 +257.12562539E-03
+52.84500E-06 -5.54773863415E+00 -43.89949699E-03
+52.86000E-06 -3.05527634958E+00 -294.75376568E-03
+52.87500E-06 +2.25125625691E+00 -275.93969554E-03
+52.89000E-06 +5.46733662476E+00 +12.54271340E-03
+52.90500E-06 +3.37688438633E+00 +275.93969552E-03
+52.92000E-06 -1.92964822005E+00 +275.93969556E-03
+52.93500E-06 -5.38693461557E+00 +18.81407017E-03
+52.95000E-06 -3.77889443228E+00 -257.12562538E-03
+52.96500E-06 +1.36683415573E+00 -301.02512240E-03
+52.98000E-06 +5.14572858801E+00 -43.89949704E-03
+52.99500E-06 +4.02010045975E+00 +244.58291193E-03
+53.01000E-06 -964.82410978E-03 +301.02512241E-03
+53.02500E-06 -4.98492456963E+00 +68.98492390E-03
+53.04000E-06 -4.34170849651E+00 -232.04019849E-03
+53.05500E-06 +482.41205455E-03 -307.29647913E-03
+53.07000E-06 +4.74371854186E+00 -100.34170750E-03
+53.08500E-06 +4.58291452398E+00 +200.68341491E-03
+53.10000E-06 +300E-12 +313.56783584E-03
+53.11500E-06 -4.58291452348E+00 +119.15577764E-03
+53.13000E-06 -4.82412055145E+00 -181.86934476E-03
+53.14500E-06 -482.41205563E-03 -313.56783585E-03
+53.16000E-06 +4.10050246845E+00 -150.51256122E-03
+53.17500E-06 +4.82412055155E+00 +156.78391789E-03
+53.19000E-06 +884.42210158E-03 +313.56783583E-03
+53.20500E-06 -3.93969844997E+00 +169.32663137E-03
+53.22000E-06 -4.98492457002E+00 -131.69849103E-03
+53.23500E-06 -1.44723616580E+00 -301.02512240E-03
+53.25000E-06 +3.53768840392E+00 -194.41205823E-03
+53.26500E-06 +5.06532657892E+00 +100.34170744E-03
+53.28000E-06 +1.76884420256E+00 +288.48240898E-03
+53.29500E-06 -3.13567835798E+00 +206.95477167E-03
+53.31000E-06 -5.14572858810E+00 -81.52763729E-03
+53.32500E-06 -2.25125625769E+00 -288.48240897E-03
+53.34000E-06 +2.73366831203E+00 -225.76884182E-03
+53.35500E-06 +5.06532657882E+00 +56.44221043E-03
+53.37000E-06 +2.49246228516E+00 +275.93969553E-03
+53.38500E-06 -2.33165826608E+00 +238.31155524E-03
+53.40000E-06 -4.98492456963E+00 -37.62814027E-03
+53.41500E-06 -2.97487434030E+00 -269.66833880E-03
+53.43000E-06 +1.84924621095E+00 -250.85426869E-03
+53.44500E-06 +4.90452256044E+00 -20E-12
+53.46000E-06 +3.21608036787E+00 +244.58291195E-03
+53.47500E-06 -1.60804018328E+00 +257.12562540E-03
+53.49000E-06 -4.82412055125E+00 +18.81407017E-03
+53.50500E-06 -3.61809041371E+00 -238.31155523E-03
+53.52000E-06 +964.82410997E-03 -275.93969554E-03
+53.53500E-06 +4.50251251449E+00 -43.89949704E-03
+53.55000E-06 +3.69849242300E+00 +213.22612835E-03
+53.56500E-06 -643.21607311E-03 +269.66833884E-03
+53.58000E-06 -4.42211050530E+00 +68.98492391E-03
+53.59500E-06 -4.02010045956E+00 -200.68341492E-03
+53.61000E-06 +160.80401787E-03 -288.48240897E-03
+53.62500E-06 +4.10050246844E+00 -94.07035078E-03
+53.64000E-06 +4.10050246885E+00 +175.59798805E-03
+53.65500E-06 +80.40200970E-03 +282.21105225E-03
+53.67000E-06 -3.93969845006E+00 +112.88442092E-03
+53.68500E-06 -4.34170849642E+00 -156.78391790E-03
+53.70000E-06 -643.21607392E-03 -282.21105225E-03
+53.71500E-06 +3.53768840412E+00 -131.69849108E-03
+53.73000E-06 +4.42211050550E+00 +137.96984774E-03
+53.74500E-06 +964.82411068E-03 +275.93969553E-03
+53.76000E-06 -3.29648237645E+00 +150.51256123E-03
+53.77500E-06 -4.50251251469E+00 -112.88442088E-03
+53.79000E-06 -1.44723616581E+00 -282.21105225E-03
+53.80500E-06 +2.97487433969E+00 -175.59798809E-03
+53.82000E-06 +4.50251251459E+00 +87.79899402E-03
+53.83500E-06 +1.68844219328E+00 +263.39698210E-03
+53.85000E-06 -2.73366831202E+00 +181.86934481E-03
+53.86500E-06 -4.50251251469E+00 -68.98492386E-03
+53.88000E-06 -2.09045223933E+00 -263.39698209E-03
+53.89500E-06 +2.25125625688E+00 -200.68341496E-03
+53.91000E-06 +4.42211050530E+00 +43.89949699E-03
+53.92500E-06 +2.33165826690E+00 +238.31155523E-03
+53.94000E-06 -1.84924621114E+00 +213.22612838E-03
+53.95500E-06 -4.42211050540E+00 -25.08542684E-03
+53.97000E-06 -2.73366831274E+00 -244.58291193E-03
+53.98500E-06 +1.44723616509E+00 -232.04019853E-03
+54.00000E-06 +4.18090447783E+00 -6.27135673E-03
+54.01500E-06 +2.89447233112E+00 +219.49748508E-03
+54.03000E-06 -1.20603013742E+00 +232.04019853E-03
+54.04500E-06 -4.18090447783E+00 +18.81407017E-03
+54.06000E-06 -3.29648237696E+00 -213.22612835E-03
+54.07500E-06 +723.61808229E-03 -238.31155525E-03
+54.09000E-06 +3.93969845006E+00 -43.89949704E-03
+54.10500E-06 +3.29648237707E+00 +188.14070148E-03
+54.12000E-06 -402.01004553E-03 +238.31155525E-03
+54.13500E-06 -3.85929644087E+00 +62.71356718E-03
+54.15000E-06 -3.53768840463E+00 -175.59798805E-03
+54.16500E-06 -310E-12 -250.85426868E-03
+54.18000E-06 +3.53768840411E+00 -87.79899405E-03
+54.19500E-06 +3.61809041372E+00 +150.51256119E-03
+54.21000E-06 +321.60803707E-03 +250.85426867E-03
+54.22500E-06 -3.37688438573E+00 +106.61306419E-03
+54.24000E-06 -3.85929644108E+00 -144.24120446E-03
+54.25500E-06 -723.61808312E-03 -250.85426867E-03
+54.27000E-06 +2.97487433979E+00 -125.42713435E-03
+54.28500E-06 +3.85929644118E+00 +112.88442089E-03
+54.30000E-06 +1.04522611967E+00 +244.58291195E-03
+54.31500E-06 -2.89447233039E+00 +131.69849108E-03
+54.33000E-06 -3.93969845037E+00 -100.34170745E-03
+54.34500E-06 -1.36683415664E+00 -244.58291195E-03
+54.36000E-06 +2.49246228444E+00 -163.05527464E-03
+54.37500E-06 +3.85929644118E+00 +75.25628058E-03
+54.39000E-06 +1.60804018410E+00 +232.04019852E-03
+54.40500E-06 -2.25125625687E+00 +163.05527465E-03
+54.42000E-06 -4.02010045946E+00 -56.44221043E-03
+54.43500E-06 -2.01005023005E+00 -232.04019850E-03
+54.45000E-06 +1.76884420195E+00 -181.86934480E-03
+54.46500E-06 +3.77889443199E+00 +37.62814028E-03
+54.48000E-06 +2.17085424832E+00 +206.95477165E-03
+54.49500E-06 -1.52763817428E+00 +188.14070151E-03
+54.51000E-06 -3.77889443200E+00 -12.54271343E-03
+54.52500E-06 -2.41206027610E+00 -206.95477165E-03
+54.54000E-06 +1.12562812833E+00 -200.68341494E-03
+54.55500E-06 +3.53768840432E+00 -20E-12
+54.57000E-06 +2.57286429437E+00 +188.14070149E-03
+54.58500E-06 -804.02009168E-03 +200.68341494E-03
+54.60000E-06 -3.53768840422E+00 +12.54271347E-03
+54.61500E-06 -2.81407032183E+00 -175.59798807E-03
+54.63000E-06 +482.41205471E-03 -213.22612838E-03
+54.64500E-06 +3.37688438573E+00 -43.89949703E-03
+54.66000E-06 +2.97487434021E+00 +163.05527462E-03
+54.67500E-06 -241.20602735E-03 +213.22612838E-03
+54.69000E-06 -3.13567835827E+00 +56.44221047E-03
+54.70500E-06 -3.13567835859E+00 -156.78391790E-03
+54.72000E-06 -160.80401859E-03 -225.76884179E-03
+54.73500E-06 +2.97487433968E+00 -75.25628062E-03
+54.75000E-06 +3.13567835859E+00 +131.69849104E-03
+54.76500E-06 +402.01004627E-03 +213.22612838E-03
+54.78000E-06 -2.81407032140E+00 +87.79899406E-03
+54.79500E-06 -3.37688438594E+00 -112.88442089E-03
+54.81000E-06 -804.02009221E-03 -213.22612837E-03
+54.82500E-06 +2.49246228454E+00 -106.61306421E-03
+54.84000E-06 +3.37688438594E+00 +94.07035073E-03
+54.85500E-06 +964.82411059E-03 +206.95477165E-03
+54.87000E-06 -2.33165826616E+00 +119.15577764E-03
+54.88500E-06 -3.45728639513E+00 -87.79899401E-03
+54.90000E-06 -1.28643214735E+00 -206.95477165E-03
+54.91500E-06 +1.92964822032E+00 -137.96984779E-03
+54.93000E-06 +3.29648237675E+00 +62.71356715E-03
+54.94500E-06 +1.52763817481E+00 +200.68341492E-03
+54.96000E-06 -1.76884420184E+00 +131.69849109E-03
+54.97500E-06 -3.37688438594E+00 -50.17085371E-03
+54.99000E-06 -1.84924621157E+00 -194.41205822E-03
+55.00500E-06 +1.36683415589E+00 -163.05527464E-03
+55.02000E-06 +3.21608036746E+00 +25.08542685E-03
+55.03500E-06 +1.92964822076E+00 +188.14070149E-03
+55.05000E-06 -1.20603013762E+00 +163.05527464E-03
+55.06500E-06 -3.29648237665E+00 -6.27135671E-03
+55.08000E-06 -2.25125625751E+00 -181.86934477E-03
+55.09500E-06 +804.02009167E-03 -169.32663136E-03
+55.11000E-06 +2.97487434000E+00 -6.27135674E-03
+55.12500E-06 +2.25125625762E+00 +156.78391792E-03
+55.14000E-06 -562.81406411E-03 +175.59798808E-03
+55.15500E-06 -2.97487433989E+00 +18.81407018E-03
+55.17000E-06 -2.57286429416E+00 -150.51256119E-03
+55.18500E-06 +241.20602724E-03 -181.86934480E-03
+55.20000E-06 +2.73366831232E+00 -50.17085373E-03
+55.21500E-06 +2.57286429416E+00 +137.96984775E-03
+55.23000E-06 -160.80401794E-03 +181.86934479E-03
+55.24500E-06 -2.65326630313E+00 +50.17085375E-03
+55.26000E-06 -2.81407032162E+00 -125.42713433E-03
+55.27500E-06 -321.60803698E-03 -181.86934479E-03
+55.29000E-06 +2.33165826637E+00 -68.98492390E-03
+55.30500E-06 +2.73366831254E+00 +106.61306417E-03
+55.32000E-06 +402.01004628E-03 +181.86934479E-03
+55.33500E-06 -2.25125625707E+00 +81.52763734E-03
+55.35000E-06 -2.89447233092E+00 -100.34170744E-03
+55.36500E-06 -723.61808303E-03 -181.86934479E-03
+55.38000E-06 +1.92964822032E+00 -94.07035077E-03
+55.39500E-06 +2.73366831254E+00 +81.52763731E-03
+55.41000E-06 +884.42210130E-03 +175.59798807E-03
+55.42500E-06 -1.84924621113E+00 +106.61306418E-03
+55.44000E-06 -2.89447233070E+00 -68.98492387E-03
+55.45500E-06 -1.20603013806E+00 -175.59798807E-03
+55.47000E-06 +1.52763817437E+00 -119.15577764E-03
+55.48500E-06 +2.81407032162E+00 +50.17085372E-03
+55.50000E-06 +1.36683415633E+00 +169.32663134E-03
+55.51500E-06 -1.44723616518E+00 +125.42713434E-03
+55.53000E-06 -2.89447233070E+00 -37.62814028E-03
+55.54500E-06 -1.52763817482E+00 -163.05527463E-03
+55.56000E-06 +1.04522611912E+00 -144.24120449E-03
+55.57500E-06 +2.65326630313E+00 +18.81407013E-03
+55.59000E-06 +1.60804018412E+00 +150.51256120E-03
+55.60500E-06 -884.42210086E-03 +137.96984778E-03
+55.62000E-06 -2.65326630335E+00 -6.27135670E-03
+55.63500E-06 -1.92964822065E+00 -144.24120448E-03
+55.65000E-06 +562.81406410E-03 -144.24120449E-03
+55.66500E-06 +2.49246228475E+00 -6.27135674E-03
+55.68000E-06 +1.92964822065E+00 +125.42713434E-03
+55.69500E-06 -482.41205480E-03 +156.78391791E-03
+55.71000E-06 -2.49246228464E+00 +25.08542688E-03
+55.72500E-06 -2.09045223914E+00 -125.42713433E-03
+55.74000E-06 +80.40200896E-03 -156.78391792E-03
+55.75500E-06 +2.17085424811E+00 -37.62814032E-03
+55.77000E-06 +2.17085424822E+00 +106.61306418E-03
+55.78500E-06 +340E-12 +156.78391791E-03
+55.80000E-06 -2.17085424788E+00 +43.89949703E-03
+55.81500E-06 -2.33165826660E+00 -100.34170746E-03
+55.83000E-06 -321.60803698E-03 -150.51256122E-03
+55.84500E-06 +1.92964822043E+00 -62.71356718E-03
+55.86000E-06 +2.25125625741E+00 +94.07035073E-03
+55.87500E-06 +402.01004617E-03 +156.78391792E-03
+55.89000E-06 -1.84924621112E+00 +68.98492390E-03
+55.90500E-06 -2.33165826660E+00 -81.52763731E-03
+55.92000E-06 -804.02009200E-03 -156.78391791E-03
+55.93500E-06 +1.52763817437E+00 -81.52763734E-03
+55.95000E-06 +2.33165826648E+00 +62.71356715E-03
+55.96500E-06 +884.42210119E-03 +144.24120449E-03
+55.98000E-06 -1.44723616518E+00 +87.79899405E-03
+55.99500E-06 -2.41206027567E+00 -56.44221043E-03
+56.01000E-06 -1.04522611969E+00 -144.24120449E-03
+56.02500E-06 +1.20603013761E+00 -100.34170749E-03
+56.04000E-06 +2.25125625730E+00 +37.62814029E-03
+56.05500E-06 +1.12562812888E+00 +137.96984776E-03
+56.07000E-06 -1.04522611923E+00 +106.61306418E-03
+56.08500E-06 -2.33165826637E+00 -31.35678356E-03
+56.10000E-06 -1.36683415644E+00 -131.69849105E-03
+56.11500E-06 +723.61808247E-03 -112.88442091E-03
+56.13000E-06 +2.17085424811E+00 +12.54271342E-03
+56.14500E-06 +1.36683415633E+00 +125.42713433E-03
+56.16000E-06 -723.61808236E-03 +106.61306420E-03
+56.17500E-06 -2.17085424799E+00 -6.27135670E-03
+56.19000E-06 -1.68844219297E+00 -119.15577762E-03
+56.20500E-06 +402.01004560E-03 -119.15577763E-03
+56.22000E-06 +1.92964822054E+00 -6.27135673E-03
+56.23500E-06 +1.60804018390E+00 +106.61306418E-03
+56.25000E-06 -241.20602745E-03 +125.42713434E-03
+56.26500E-06 -2.01005022961E+00 +18.81407015E-03
+56.28000E-06 -1.76884420228E+00 -106.61306417E-03
+56.29500E-06 +80.40200896E-03 -131.69849105E-03
+56.31000E-06 +1.76884420193E+00 -31.35678359E-03
+56.32500E-06 +1.76884420228E+00 +87.79899403E-03
+56.34000E-06 +80.40200942E-03 +131.69849104E-03
+56.35500E-06 -1.76884420193E+00 +43.89949703E-03
+56.37000E-06 -1.92964822054E+00 -81.52763731E-03
+56.38500E-06 -321.60803699E-03 -125.42713434E-03
+56.40000E-06 +1.44723616540E+00 -56.44221045E-03
+56.41500E-06 +1.76884420228E+00 +75.25628058E-03
+56.43000E-06 +402.01004618E-03 +125.42713434E-03
+56.44500E-06 -1.44723616529E+00 +56.44221046E-03
+56.46000E-06 -1.92964822066E+00 -62.71356716E-03
+56.47500E-06 -643.21607375E-03 -125.42713434E-03
+56.49000E-06 +1.20603013760E+00 -68.98492389E-03
+56.50500E-06 +1.92964822042E+00 +50.17085372E-03
+56.52000E-06 +723.61808282E-03 +112.88442092E-03
+56.53500E-06 -1.04522611934E+00 +75.25628061E-03
+56.55000E-06 -1.92964822054E+00 -43.89949701E-03
+56.56500E-06 -884.42210131E-03 -119.15577762E-03
+56.58000E-06 +884.42210096E-03 -81.52763733E-03
+56.59500E-06 +1.76884420216E+00 +31.35678357E-03
+56.61000E-06 +964.82411039E-03 +112.88442090E-03
+56.62500E-06 -804.02009177E-03 +87.79899403E-03
+56.64000E-06 -1.84924621135E+00 -31.35678356E-03
+56.65500E-06 -1.12562812888E+00 -106.61306418E-03
+56.67000E-06 +562.81406421E-03 -94.07035075E-03
+56.68500E-06 +1.76884420204E+00 +12.54271342E-03
+56.70000E-06 +1.20603013795E+00 +100.34170747E-03
+56.71500E-06 -482.41205502E-03 +100.34170747E-03
+56.73000E-06 -1.68844219285E+00 +20E-12
+56.74500E-06 -1.36683415622E+00 -94.07035075E-03
+56.76000E-06 +321.60803652E-03 -106.61306418E-03
+56.77500E-06 +1.60804018366E+00 -6.27135674E-03
+56.79000E-06 +1.28643214726E+00 +87.79899402E-03
+56.80500E-06 -160.80401814E-03 +100.34170747E-03
+56.82000E-06 -1.52763817459E+00 +18.81407015E-03
+56.83500E-06 -1.52763817459E+00 -81.52763731E-03
+56.85000E-06 -240E-12 -100.34170747E-03
+56.86500E-06 +1.28643214703E+00 -31.35678360E-03
+56.88000E-06 +1.44723616552E+00 +68.98492388E-03
+56.89500E-06 +160.80401850E-03 +106.61306418E-03
+56.91000E-06 -1.36683415610E+00 +31.35678359E-03
+56.92500E-06 -1.52763817483E+00 -68.98492388E-03
+56.94000E-06 -321.60803688E-03 -100.34170747E-03
+56.95500E-06 +1.04522611946E+00 -43.89949703E-03
+56.97000E-06 +1.44723616552E+00 +50.17085373E-03
+56.98500E-06 +402.01004606E-03 +100.34170746E-03
+57.00000E-06 -1.04522611946E+00 +43.89949703E-03
+57.01500E-06 -1.52763817471E+00 -50.17085372E-03
+57.03000E-06 -643.21607351E-03 -100.34170747E-03
+57.04500E-06 +884.42210096E-03 -62.71356717E-03
+57.06000E-06 +1.52763817447E+00 +37.62814029E-03
+57.07500E-06 +643.21607363E-03 +94.07035076E-03
+57.09000E-06 -804.02009189E-03 +62.71356717E-03
+57.10500E-06 -1.60804018366E+00 -31.35678358E-03
+57.12000E-06 -804.02009201E-03 -100.34170745E-03
+57.13500E-06 +643.21607339E-03 -62.71356719E-03
+57.15000E-06 +1.36683415634E+00 +25.08542685E-03
+57.16500E-06 +804.02009201E-03 +87.79899403E-03
+57.18000E-06 -643.21607327E-03 +68.98492389E-03
+57.19500E-06 -1.52763817447E+00 -12.54271342E-03
+57.21000E-06 -964.82411039E-03 -81.52763732E-03
+57.22500E-06 +402.01004570E-03 -68.98492390E-03
+57.24000E-06 +1.36683415609E+00 +6.27135672E-03
+57.25500E-06 +964.82411039E-03 +81.52763730E-03
+57.27000E-06 -402.01004570E-03 +75.25628061E-03
+57.28500E-06 -1.36683415609E+00 -6.27135670E-03
+57.30000E-06 -1.12562812865E+00 -75.25628060E-03
+57.31500E-06 +80.40200907E-03 -81.52763733E-03
+57.33000E-06 +1.12562812865E+00 -12.54271345E-03
+57.34500E-06 +1.04522611970E+00 +68.98492387E-03
+57.36000E-06 -80.40200907E-03 +81.52763732E-03
+57.37500E-06 -1.28643214678E+00 +18.81407015E-03
+57.39000E-06 -1.20603013784E+00 -62.71356717E-03
+57.40500E-06 -80.40200931E-03 -87.79899403E-03
+57.42000E-06 +964.82411027E-03 -18.81407017E-03
+57.43500E-06 +1.12562812865E+00 +50.17085373E-03
+57.45000E-06 +80.40200943E-03 +81.52763732E-03
+57.46500E-06 -1.04522611934E+00 +25.08542687E-03
+57.48000E-06 -1.20603013808E+00 -56.44221043E-03
+57.49500E-06 -321.60803688E-03 -87.79899403E-03
+57.51000E-06 +884.42210096E-03 -37.62814031E-03
+57.52500E-06 +1.12562812877E+00 +37.62814030E-03
+57.54000E-06 +402.01004595E-03 +81.52763731E-03
+57.55500E-06 -884.42210084E-03 +37.62814032E-03
+57.57000E-06 -1.20603013796E+00 -37.62814030E-03
+57.58500E-06 -482.41205526E-03 -81.52763732E-03
+57.60000E-06 +643.21607339E-03 -50.17085373E-03
+57.61500E-06 +1.12562812865E+00 +25.08542687E-03
+57.63000E-06 +482.41205538E-03 +75.25628059E-03
+57.64500E-06 -643.21607327E-03 +50.17085373E-03
+57.66000E-06 -1.20603013784E+00 -25.08542687E-03
+57.67500E-06 -723.61808270E-03 -75.25628060E-03
+57.69000E-06 +402.01004582E-03 -50.17085374E-03
+57.70500E-06 +1.12562812852E+00 +12.54271342E-03
+57.72000E-06 +723.61808270E-03 +62.71356718E-03
+57.73500E-06 -402.01004595E-03 +50.17085374E-03
+57.75000E-06 -1.04522611946E+00 -6.27135672E-03
+57.76500E-06 -804.02009189E-03 -68.98492388E-03
+57.78000E-06 +241.20602757E-03 -56.44221046E-03
+57.79500E-06 +964.82411027E-03 +0.0E+00
+57.81000E-06 +723.61808283E-03 +62.71356717E-03
+57.82500E-06 -241.20602744E-03 +62.71356716E-03
+57.84000E-06 -1.04522611933E+00 +10E-12
+57.85500E-06 -884.42210108E-03 -56.44221045E-03
+57.87000E-06 -120E-12 -62.71356718E-03
+57.88500E-06 +884.42210096E-03 -12.54271343E-03
+57.90000E-06 +804.02009202E-03 +56.44221044E-03
+57.91500E-06 -80.40200907E-03 +62.71356718E-03
+57.93000E-06 -884.42210108E-03 +12.54271343E-03
+57.94500E-06 -964.82411027E-03 -50.17085374E-03
+57.96000E-06 -160.80401838E-03 -75.25628059E-03
+57.97500E-06 +723.61808270E-03 -18.81407015E-03
+57.99000E-06 +804.02009189E-03 +43.89949702E-03
+58.00500E-06 +160.80401850E-03 +62.71356717E-03
+58.02000E-06 -804.02009177E-03 +18.81407016E-03
+58.03500E-06 -964.82411027E-03 -37.62814030E-03
+58.05000E-06 -321.60803688E-03 -62.71356718E-03
+58.06500E-06 +562.81406432E-03 -25.08542689E-03
+58.08000E-06 +884.42210108E-03 +25.08542687E-03
+58.09500E-06 +241.20602769E-03 +62.71356717E-03
+58.11000E-06 -562.81406432E-03 +31.35678358E-03
+58.12500E-06 -884.42210121E-03 -31.35678357E-03
+58.14000E-06 -402.01004607E-03 -62.71356717E-03
+58.15500E-06 +402.01004595E-03 -37.62814030E-03
+58.17000E-06 +884.42210108E-03 +25.08542686E-03
+58.18500E-06 +402.01004607E-03 +56.44221044E-03
+58.20000E-06 -402.01004595E-03 +31.35678359E-03
+58.21500E-06 -964.82411027E-03 -18.81407014E-03
+58.23000E-06 -562.81406432E-03 -56.44221046E-03
+58.24500E-06 +241.20602757E-03 -43.89949701E-03
+58.26000E-06 +804.02009177E-03 +12.54271343E-03
+58.27500E-06 +482.41205513E-03 +50.17085373E-03
+58.29000E-06 -321.60803676E-03 +43.89949702E-03
+58.30500E-06 -884.42210095E-03 -12.54271343E-03
+58.32000E-06 -643.21607351E-03 -56.44221045E-03
+58.33500E-06 +160.80401825E-03 -43.89949703E-03
+58.35000E-06 +804.02009189E-03 +6.27135670E-03
+58.36500E-06 +562.81406445E-03 +43.89949702E-03
+58.38000E-06 -160.80401838E-03 +43.89949703E-03
+58.39500E-06 -723.61808258E-03 +0.0E+00
+58.41000E-06 -723.61808270E-03 -43.89949702E-03
+58.42500E-06 -80.40200919E-03 -43.89949704E-03
+58.44000E-06 +723.61808258E-03 -12.54271343E-03
+58.45500E-06 +643.21607351E-03 +43.89949702E-03
+58.47000E-06 +130E-12 +43.89949703E-03
+58.48500E-06 -643.21607351E-03 +6.27135673E-03
+58.50000E-06 -643.21607377E-03 -37.62814030E-03
+58.51500E-06 -160.80401838E-03 -50.17085373E-03
+58.53000E-06 +562.81406420E-03 -18.81407015E-03
+58.54500E-06 +643.21607351E-03 +31.35678357E-03
+58.56000E-06 +160.80401838E-03 +50.17085373E-03
+58.57500E-06 -562.81406432E-03 +18.81407015E-03
+58.59000E-06 -723.61808270E-03 -31.35678357E-03
+58.60500E-06 -160.80401851E-03 -50.17085372E-03
+58.62000E-06 +482.41205501E-03 -25.08542687E-03
+58.63500E-06 +562.81406445E-03 +25.08542686E-03
+58.65000E-06 +241.20602770E-03 +43.89949702E-03
+58.66500E-06 -402.01004595E-03 +25.08542687E-03
+58.68000E-06 -804.02009176E-03 -25.08542686E-03
+58.69500E-06 -402.01004595E-03 -50.17085372E-03
+58.71000E-06 +321.60803663E-03 -25.08542688E-03
+58.72500E-06 +643.21607351E-03 +12.54271343E-03
+58.74000E-06 +321.60803663E-03 +37.62814030E-03
+58.75500E-06 -321.60803663E-03 +31.35678357E-03
+58.77000E-06 -643.21607351E-03 -18.81407014E-03
+58.78500E-06 -402.01004607E-03 -43.89949702E-03
+58.80000E-06 +160.80401838E-03 -43.89949701E-03
+58.81500E-06 +562.81406432E-03 +12.54271342E-03
+58.83000E-06 +321.60803701E-03 +37.62814030E-03
+58.84500E-06 -241.20602757E-03 +31.35678358E-03
+58.86000E-06 -643.21607351E-03 +0.0E+00
+58.87500E-06 -482.41205513E-03 -37.62814030E-03
+58.89000E-06 +130E-12 -37.62814030E-03
+58.90500E-06 +562.81406419E-03 -10E-12
+58.92000E-06 +482.41205513E-03 +31.35678359E-03
+58.93500E-06 +0.0E+00 +37.62814030E-03
+58.95000E-06 -562.81406432E-03 +6.27135672E-03
+58.96500E-06 -482.41205526E-03 -37.62814029E-03
+58.98000E-06 +0.0E+00 -43.89949701E-03
+58.99500E-06 +402.01004608E-03 -6.27135673E-03
+59.01000E-06 +482.41205513E-03 +25.08542688E-03
+59.02500E-06 +80.40200919E-03 +31.35678357E-03
+59.04000E-06 -562.81406419E-03 +6.27135673E-03
+59.05500E-06 -562.81406432E-03 -31.35678357E-03
+59.07000E-06 -241.20602757E-03 -37.62814030E-03
+59.08500E-06 +402.01004582E-03 -12.54271344E-03
+59.10000E-06 +482.41205513E-03 +18.81407015E-03
+59.11500E-06 +80.40200919E-03 +31.35678359E-03
+59.13000E-06 -402.01004595E-03 +18.81407014E-03
+59.14500E-06 -562.81406432E-03 -18.81407016E-03
+59.16000E-06 -241.20602770E-03 -37.62814030E-03
+59.17500E-06 +241.20602757E-03 -18.81407015E-03
+59.19000E-06 +482.41205513E-03 +12.54271343E-03
+59.20500E-06 +160.80401851E-03 +31.35678358E-03
+59.22000E-06 -241.20602770E-03 +18.81407016E-03
+59.23500E-06 -562.81406432E-03 -18.81407014E-03
+59.25000E-06 -241.20602770E-03 -37.62814029E-03
+59.26500E-06 +241.20602744E-03 -25.08542688E-03
+59.28000E-06 +482.41205513E-03 +6.27135672E-03
+59.29500E-06 +241.20602757E-03 +31.35678358E-03
+59.31000E-06 -241.20602757E-03 +18.81407015E-03
+59.32500E-06 -482.41205513E-03 -12.54271342E-03
+59.34000E-06 -321.60803676E-03 -31.35678358E-03
+59.35500E-06 +80.40200906E-03 -25.08542687E-03
+59.37000E-06 +402.01004595E-03 +12.54271342E-03
+59.38500E-06 +321.60803676E-03 +31.35678357E-03
+59.40000E-06 -241.20602744E-03 +18.81407015E-03
+59.41500E-06 -482.41205500E-03 +0.0E+00
+59.43000E-06 -402.01004595E-03 -25.08542687E-03
+59.44500E-06 +80.40200906E-03 -31.35678357E-03
+59.46000E-06 +402.01004581E-03 +0.0E+00
+59.47500E-06 +241.20602770E-03 +25.08542687E-03
+59.49000E-06 -80.40200919E-03 +25.08542687E-03
+59.50500E-06 -402.01004595E-03 +0.0E+00
+59.52000E-06 -402.01004595E-03 -31.35678357E-03
+59.53500E-06 -80.40200919E-03 -25.08542687E-03
+59.55000E-06 +321.60803676E-03 -10E-12
+59.56500E-06 +321.60803676E-03 +18.81407015E-03
+59.58000E-06 +130E-12 +25.08542687E-03
+59.59500E-06 -321.60803676E-03 +6.27135672E-03
+59.61000E-06 -402.01004608E-03 -18.81407015E-03
+59.62500E-06 -80.40200932E-03 -25.08542689E-03
+59.64000E-06 +241.20602743E-03 -12.54271343E-03
+59.65500E-06 +321.60803676E-03 +18.81407015E-03
+59.67000E-06 +130E-12 +31.35678357E-03
+59.68500E-06 -241.20602757E-03 +10E-12
+59.70000E-06 -402.01004595E-03 -18.81407014E-03
+59.71500E-06 -241.20602757E-03 -25.08542687E-03
+59.73000E-06 +241.20602730E-03 -12.54271343E-03
+59.74500E-06 +321.60803689E-03 +12.54271342E-03
+59.76000E-06 +80.40200932E-03 +18.81407016E-03
+59.77500E-06 -160.80401838E-03 +12.54271343E-03
+59.79000E-06 -402.01004595E-03 -12.54271343E-03
+59.80500E-06 -241.20602757E-03 -25.08542688E-03
+59.82000E-06 +80.40200919E-03 -18.81407015E-03
+59.83500E-06 +321.60803689E-03 +6.27135672E-03
+59.85000E-06 +160.80401851E-03 +25.08542687E-03
+59.86500E-06 -160.80401824E-03 +12.54271343E-03
+59.88000E-06 -321.60803676E-03 -6.27135673E-03
+59.89500E-06 -241.20602770E-03 -18.81407016E-03
+59.91000E-06 +130E-12 -12.54271344E-03
+59.92500E-06 +321.60803662E-03 +0.0E+00
+59.94000E-06 +241.20602757E-03 +18.81407015E-03
+59.95500E-06 -80.40200919E-03 +18.81407015E-03
+59.97000E-06 -321.60803676E-03 -6.27135672E-03
+59.98500E-06 -321.60803676E-03 -18.81407015E-03
+60.00000E-06 -140E-12 -25.08542686E-03
+60.01500E-06 +321.60803662E-03 +0.0E+00
+60.03000E-06 +160.80401851E-03 +18.81407015E-03
+60.04500E-06 -80.40200905E-03 +18.81407015E-03
+60.06000E-06 -321.60803676E-03 -6.27135671E-03
+60.07500E-06 -321.60803676E-03 -18.81407015E-03
+60.09000E-06 -80.40200919E-03 -18.81407016E-03
+60.10500E-06 +241.20602743E-03 -20E-12
+60.12000E-06 +241.20602757E-03 +12.54271343E-03
+60.13500E-06 +0.0E+00 +18.81407015E-03
+60.15000E-06 -241.20602757E-03 +0.0E+00
+60.16500E-06 -241.20602770E-03 -18.81407015E-03
+60.18000E-06 -80.40200933E-03 -18.81407016E-03
+60.19500E-06 +160.80401824E-03 -6.27135673E-03
+60.21000E-06 +241.20602757E-03 +12.54271342E-03
+60.22500E-06 +140E-12 +18.81407014E-03
+60.24000E-06 -241.20602757E-03 +6.27135672E-03
+60.25500E-06 -321.60803676E-03 -12.54271343E-03
+60.27000E-06 -160.80401838E-03 -18.81407015E-03
+60.28500E-06 +160.80401838E-03 -12.54271343E-03
+60.30000E-06 +241.20602757E-03 +12.54271342E-03
+60.31500E-06 +0.0E+00 +18.81407015E-03
+60.33000E-06 -160.80401838E-03 +12.54271343E-03
+60.34500E-06 -321.60803676E-03 -12.54271343E-03
+60.36000E-06 -160.80401838E-03 -25.08542686E-03
+60.37500E-06 +80.40200905E-03 -6.27135674E-03
+60.39000E-06 +160.80401852E-03 +6.27135671E-03
+60.40500E-06 +80.40200933E-03 +12.54271343E-03
+60.42000E-06 -80.40200933E-03 +12.54271342E-03
+60.43500E-06 -241.20602757E-03 -12.54271341E-03
+60.45000E-06 -160.80401852E-03 -18.81407014E-03
+60.46500E-06 +140E-12 -12.54271344E-03
+60.48000E-06 +160.80401852E-03 -6.27135671E-03
+60.49500E-06 +80.40200919E-03 +18.81407014E-03
+60.51000E-06 -80.40200919E-03 +6.27135673E-03
+60.52500E-06 -241.20602743E-03 +0.0E+00
+60.54000E-06 -241.20602757E-03 -18.81407014E-03
+60.55500E-06 -80.40200919E-03 -12.54271344E-03
+60.57000E-06 +160.80401838E-03 +0.0E+00
+60.58500E-06 +160.80401838E-03 +12.54271342E-03
+60.60000E-06 +0.0E+00 +6.27135673E-03
+60.61500E-06 -241.20602757E-03 +10E-12
+60.63000E-06 -241.20602757E-03 -6.27135674E-03
+60.64500E-06 -80.40200905E-03 -25.08542685E-03
+60.66000E-06 +160.80401824E-03 +0.0E+00
+60.67500E-06 +160.80401824E-03 +12.54271343E-03
+60.69000E-06 -80.40200891E-03 +12.54271343E-03
+60.70500E-06 -160.80401852E-03 +6.27135671E-03
+60.72000E-06 -241.20602757E-03 -12.54271343E-03
+60.73500E-06 -80.40200933E-03 -12.54271343E-03
+60.75000E-06 +140E-12 -6.27135672E-03
+60.76500E-06 +160.80401838E-03 +6.27135672E-03
+60.78000E-06 +80.40200919E-03 +12.54271343E-03
+60.79500E-06 -160.80401838E-03 +20E-12
+60.81000E-06 -241.20602757E-03 -12.54271343E-03
+60.82500E-06 -80.40200919E-03 -12.54271344E-03
+60.84000E-06 +80.40200905E-03 -12.54271343E-03
+60.85500E-06 +80.40200919E-03 +0.0E+00
+60.87000E-06 +0.0E+00 +6.27135673E-03
+60.88500E-06 -80.40200919E-03 +6.27135672E-03
+60.90000E-06 -241.20602743E-03 -6.27135672E-03
+60.91500E-06 -160.80401824E-03 -12.54271343E-03
+60.93000E-06 -140E-12 -6.27135672E-03
+60.94500E-06 +80.40200919E-03 -10E-12
+60.96000E-06 +80.40200919E-03 +6.27135673E-03
+60.97500E-06 -80.40200919E-03 +6.27135672E-03
+60.99000E-06 -160.80401852E-03 -10E-12
+61.00500E-06 -160.80401824E-03 -12.54271344E-03
+61.02000E-06 -140E-12 -6.27135672E-03
+61.03500E-06 +160.80401824E-03 +0.0E+00
+61.05000E-06 +80.40200919E-03 +12.54271342E-03
+61.06500E-06 +0.0E+00 +6.27135671E-03
+61.08000E-06 -160.80401824E-03 -6.27135669E-03
+61.09500E-06 -80.40200947E-03 -6.27135671E-03
+61.11000E-06 -80.40200905E-03 -6.27135673E-03
+61.12500E-06 +140E-12 +0.0E+00
+61.14000E-06 +80.40200919E-03 +12.54271342E-03
+61.15500E-06 +0.0E+00 +12.54271343E-03
+61.17000E-06 -160.80401838E-03 +0.0E+00
+61.18500E-06 -241.20602743E-03 -12.54271343E-03
+61.20000E-06 -80.40200919E-03 -12.54271343E-03
+61.21500E-06 +80.40200905E-03 +0.0E+00
+61.23000E-06 +80.40200932E-03 +6.27135672E-03
+61.24500E-06 +0.0E+00 +6.27135673E-03
+61.26000E-06 -80.40200919E-03 +6.27135671E-03
+61.27500E-06 -160.80401838E-03 -6.27135672E-03
+61.29000E-06 -80.40200919E-03 -12.54271342E-03
+61.30500E-06 +80.40200919E-03 -10E-12
+61.32000E-06 +80.40200919E-03 +20E-12
+61.33500E-06 +0.0E+00 +12.54271343E-03
+61.35000E-06 -160.80401825E-03 +6.27135671E-03
+61.36500E-06 -160.80401825E-03 -6.27135672E-03
+61.38000E-06 -260E-12 -12.54271343E-03
+61.39500E-06 +0.0E+00 -20E-12
+61.41000E-06 +130E-12 +0.0E+00
+61.42500E-06 +80.40200919E-03 +6.27135671E-03
+61.44000E-06 -80.40200919E-03 +0.0E+00
+61.45500E-06 -80.40200932E-03 -6.27135672E-03
+61.47000E-06 -160.80401825E-03 -6.27135673E-03
+61.48500E-06 +130E-12 -6.27135672E-03
+61.50000E-06 +80.40200919E-03 +0.0E+00
+61.51500E-06 +0.0E+00 +6.27135672E-03
+61.53000E-06 -80.40200919E-03 +6.27135671E-03
+61.54500E-06 -160.80401838E-03 -6.27135672E-03
+61.56000E-06 -160.80401838E-03 -12.54271342E-03
+61.57500E-06 -120E-12 -6.27135672E-03
+61.59000E-06 +80.40200919E-03 +0.0E+00
+61.60500E-06 +120E-12 +6.27135673E-03
+61.62000E-06 -120E-12 +6.27135673E-03
+61.63500E-06 -160.80401826E-03 +10E-12
+61.65000E-06 -160.80401826E-03 -6.27135672E-03
+61.66500E-06 -80.40200907E-03 -6.27135672E-03
+61.68000E-06 +120E-12 -6.27135671E-03
+61.69500E-06 +0.0E+00 +6.27135672E-03
+61.71000E-06 -80.40200907E-03 +6.27135671E-03
+61.72500E-06 -80.40200919E-03 +0.0E+00
+61.74000E-06 -80.40200931E-03 -6.27135672E-03
+61.75500E-06 -120E-12 -6.27135672E-03
+61.77000E-06 -80.40200907E-03 +0.0E+00
+61.78500E-06 +0.0E+00 +6.27135671E-03
+61.80000E-06 +0.0E+00 +0.0E+00
+61.81500E-06 -80.40200931E-03 +0.0E+00
+61.83000E-06 -160.80401826E-03 -6.27135672E-03
+61.84500E-06 -80.40200907E-03 -12.54271343E-03
+61.86000E-06 +0.0E+00 -10E-12
+61.87500E-06 +80.40200907E-03 +6.27135671E-03
+61.89000E-06 -80.40200907E-03 +6.27135672E-03
+61.90500E-06 -80.40200919E-03 +0.0E+00
+61.92000E-06 -80.40200919E-03 -12.54271342E-03
+61.93500E-06 -80.40200919E-03 -10E-12
+61.95000E-06 +0.0E+00 -6.27135672E-03
+61.96500E-06 +80.40200919E-03 +0.0E+00
+61.98000E-06 +110E-12 +10E-12
+61.99500E-06 -80.40200919E-03 +10E-12
+62.01000E-06 -80.40200919E-03 -10E-12
+62.02500E-06 -80.40200919E-03 -6.27135673E-03
+62.04000E-06 +0.0E+00 -6.27135672E-03
+62.05500E-06 +0.0E+00 +0.0E+00
+62.07000E-06 -80.40200908E-03 +6.27135672E-03
+62.08500E-06 -110E-12 +0.0E+00
+62.10000E-06 -80.40200930E-03 +0.0E+00
+62.11500E-06 -160.80401827E-03 -6.27135673E-03
+62.13000E-06 -80.40200908E-03 -10E-12
+62.14500E-06 +80.40200908E-03 -10E-12
+62.16000E-06 +0.0E+00 +0.0E+00
+62.17500E-06 +0.0E+00 +10E-12
+62.19000E-06 -80.40200929E-03 +0.0E+00
+62.20500E-06 -80.40200919E-03 -6.27135672E-03
+62.22000E-06 -80.40200919E-03 -6.27135671E-03
+62.23500E-06 -80.40200919E-03 +0.0E+00
+62.25000E-06 +0.0E+00 +6.27135672E-03
+62.26500E-06 +0.0E+00 -10E-12
+62.28000E-06 -160.80401828E-03 +0.0E+00
+62.29500E-06 -80.40200929E-03 -6.27135671E-03
+62.31000E-06 -80.40200919E-03 -10E-12
+62.32500E-06 +100E-12 -10E-12
+62.34000E-06 +80.40200909E-03 +6.27135671E-03
+62.35500E-06 -80.40200919E-03 +0.0E+00
+62.37000E-06 -80.40200919E-03 +10E-12
+62.38500E-06 -160.80401838E-03 -6.27135672E-03
+62.40000E-06 -100E-12 -12.54271343E-03
+62.41500E-06 +0.0E+00 +0.0E+00
+62.43000E-06 +100E-12 +6.27135671E-03
+62.44500E-06 +0.0E+00 +10E-12
+62.46000E-06 +80.40200890E-03 +0.0E+00
+62.47500E-06 -80.40200919E-03 +0.0E+00
+62.49000E-06 -80.40200919E-03 +0.0E+00
+62.50500E-06 -100E-12 -10E-12
+62.52000E-06 +0.0E+00 +10E-12
+62.53500E-06 +0.0E+00 +6.27135671E-03
+62.55000E-06 -90E-12 +6.27135671E-03
+62.56500E-06 -80.40200928E-03 -6.27135671E-03
+62.58000E-06 -80.40200928E-03 -6.27135672E-03
+62.59500E-06 +0.0E+00 +0.0E+00
+62.61000E-06 +0.0E+00 +0.0E+00
+62.62500E-06 +0.0E+00 +0.0E+00
+62.64000E-06 -80.40200919E-03 +0.0E+00
+62.65500E-06 -160.80401829E-03 -6.27135671E-03
+62.67000E-06 -80.40200919E-03 -10E-12
+62.68500E-06 -80.40200910E-03 -6.27135672E-03
+62.70000E-06 +0.0E+00 +0.0E+00
+62.71500E-06 +0.0E+00 +0.0E+00
+62.73000E-06 -80.40200910E-03 +0.0E+00
+62.74500E-06 -80.40200919E-03 -10E-12
+62.76000E-06 -80.40200919E-03 -6.27135672E-03
+62.77500E-06 -80.40200919E-03 -10E-12
+62.79000E-06 +0.0E+00 +0.0E+00
+62.80500E-06 +90E-12 +0.0E+00
+62.82000E-06 +0.0E+00 +0.0E+00
+62.83500E-06 -80.40200919E-03 +0.0E+00
+62.85000E-06 -80.40200919E-03 -6.27135672E-03
+62.86500E-06 -80.40200910E-03 -6.27135672E-03
+62.88000E-06 +0.0E+00 -6.27135672E-03
+62.89500E-06 -80E-12 +0.0E+00
+62.91000E-06 -80.40200919E-03 +0.0E+00
+62.92500E-06 -80.40200919E-03 -10E-12
+62.94000E-06 -80E-12 -6.27135671E-03
+62.95500E-06 -80.40200919E-03 -6.27135672E-03
+62.97000E-06 +0.0E+00 -6.27135671E-03
+62.98500E-06 +0.0E+00 +6.27135671E-03
+63.00000E-06 +0.0E+00 -6.27135671E-03
+63.01500E-06 -80E-12 +0.0E+00
+63.03000E-06 -80.40200919E-03 -6.27135672E-03
+63.04500E-06 -80.40200919E-03 +0.0E+00
+63.06000E-06 -80E-12 -10E-12
+63.07500E-06 -80E-12 +0.0E+00
+63.09000E-06 +0.0E+00 +6.27135672E-03
+63.10500E-06 -80E-12 -10E-12
+63.12000E-06 -160.80401830E-03 +0.0E+00
+63.13500E-06 -80.40200919E-03 -10E-12
+63.15000E-06 -80.40200919E-03 +0.0E+00
+63.16500E-06 +0.0E+00 +0.0E+00
+63.18000E-06 -70E-12 +0.0E+00
+63.19500E-06 -70E-12 +0.0E+00
+63.21000E-06 -80.40200919E-03 +0.0E+00
+63.22500E-06 -70E-12 -10E-12
+63.24000E-06 -70E-12 -6.27135671E-03
+63.25500E-06 +0.0E+00 +0.0E+00
+63.27000E-06 +0.0E+00 +0.0E+00
+63.28500E-06 -80.40200912E-03 +0.0E+00
+63.30000E-06 -80.40200912E-03 -10E-12
+63.31500E-06 -80.40200919E-03 -6.27135671E-03
+63.33000E-06 -80.40200919E-03 -10E-12
+63.34500E-06 -80.40200912E-03 -10E-12
+63.36000E-06 -80.40200912E-03 +0.0E+00
+63.37500E-06 -70E-12 +6.27135671E-03
+63.39000E-06 -80.40200919E-03 +0.0E+00
+63.40500E-06 -80.40200919E-03 +0.0E+00
+63.42000E-06 -70E-12 +0.0E+00
+63.43500E-06 -80.40200919E-03 +0.0E+00
+63.45000E-06 -80.40200912E-03 +0.0E+00
+63.46500E-06 +0.0E+00 -10E-12
+63.48000E-06 -80.40200912E-03 -12.54271342E-03
+63.49500E-06 -60E-12 -10E-12
+63.51000E-06 -60E-12 -10E-12
+63.52500E-06 -80.40200913E-03 -6.27135671E-03
+63.54000E-06 +0.0E+00 +0.0E+00
+63.55500E-06 -60E-12 +0.0E+00
+63.57000E-06 -80.40200913E-03 -0.0E+00
+63.58500E-06 -80.40200919E-03 -6.27135672E-03
+63.60000E-06 -80.40200913E-03 -6.27135671E-03
+63.61500E-06 +0.0E+00 +0.0E+00
+63.63000E-06 +0.0E+00 -6.27135671E-03
+63.64500E-06 +0.0E+00 -6.27135671E-03
+63.66000E-06 -80.40200919E-03 +0.0E+00
+63.67500E-06 -160.80401832E-03 +0.0E+00
+63.69000E-06 -80.40200919E-03 -0.0E+00
+63.70500E-06 -80.40200919E-03 -0.0E+00
+63.72000E-06 +0.0E+00 -6.27135671E-03
+63.73500E-06 -80.40200919E-03 +0.0E+00
+63.75000E-06 -80.40200919E-03 +0.0E+00
+63.76500E-06 -80.40200919E-03 -6.27135671E-03
+63.78000E-06 -110E-12 +0.0E+00
+63.79500E-06 -80.40200919E-03 -6.27135671E-03
+63.81000E-06 +0.0E+00 +0.0E+00
+63.82500E-06 +0.0E+00 -0.0E+00
+63.84000E-06 +0.0E+00 +0.0E+00
+63.85500E-06 -80.40200919E-03 +0.0E+00
+63.87000E-06 -80.40200914E-03 +0.0E+00
+63.88500E-06 -80.40200914E-03 -6.27135672E-03
+63.90000E-06 -50E-12 -6.27135671E-03
+63.91500E-06 +0.0E+00 +0.0E+00
+63.93000E-06 -80.40200914E-03 +0.0E+00
+63.94500E-06 -80.40200919E-03 -0.0E+00
+63.96000E-06 -80.40200919E-03 -6.27135672E-03
+63.97500E-06 -50E-12 +0.0E+00
+63.99000E-06 -80.40200914E-03 -0.0E+00
+64.00500E-06 +0.0E+00 -6.27135671E-03
+64.02000E-06 +0.0E+00 +6.27135671E-03
+64.03500E-06 -50E-12 +0.0E+00
+64.05000E-06 -80.40200919E-03 -6.27135672E-03
+64.06500E-06 -80.40200914E-03 -0.0E+00
+64.08000E-06 +0.0E+00 -6.27135672E-03
+64.09500E-06 +0.0E+00 +0.0E+00
+64.11000E-06 +0.0E+00 +0.0E+00
+64.12500E-06 -80.40200914E-03 +0.0E+00
+64.14000E-06 -50E-12 +0.0E+00
+64.15500E-06 -80.40200919E-03 +0.0E+00
+64.17000E-06 -80.40200915E-03 -0.0E+00
+64.18500E-06 +0.0E+00 +0.0E+00
+64.20000E-06 +0.0E+00 -6.27135671E-03
+64.21500E-06 -40E-12 -6.27135671E-03
+64.23000E-06 -80.40200919E-03 -0.0E+00
+64.24500E-06 -80.40200919E-03 -6.27135671E-03
+64.26000E-06 -80.40200919E-03 +0.0E+00
+64.27500E-06 -80.40200919E-03 +0.0E+00
+64.29000E-06 -80.40200915E-03 +6.27135671E-03
+64.30500E-06 -80.40200915E-03 +6.27135671E-03
+64.32000E-06 -80.40200919E-03 -6.27135672E-03
+64.33500E-06 -80.40200915E-03 +0.0E+00
+64.35000E-06 -40E-12 -0.0E+00
+64.36500E-06 -80.40200915E-03 -6.27135672E-03
+64.38000E-06 -40E-12 +0.0E+00
+64.39500E-06 -40E-12 -0.0E+00
+64.41000E-06 -80.40200915E-03 +0.0E+00
+64.42500E-06 -80.40200919E-03 -6.27135672E-03
+64.44000E-06 +0.0E+00 -6.27135671E-03
+64.45500E-06 -40E-12 -6.27135671E-03
+64.47000E-06 -80.40200919E-03 +0.0E+00
+64.48500E-06 -80.40200915E-03 -6.27135671E-03
