x-axis 1 2
second Volt Volt
+25.60000E-06  
+25.62500E-06 +0.0E+00 -36.41708475E-03
+25.65000E-06 +0.0E+00 -14.70854226E-03
+25.67500E-06 -67.53768772E-03 -14.70854226E-03
+25.70000E-06 -67.53768772E-03 +7.00000022E-03
+25.72500E-06 -67.53768772E-03 +7.00000022E-03
+25.75000E-06 +0.0E+00 -36.41708475E-03
+25.77500E-06 -0.0E+00 -36.41708475E-03
+25.80000E-06 -67.53768772E-03 +7.00000022E-03
+25.82500E-06 +0.0E+00 -14.70854226E-03
+25.85000E-06 -0.0E+00 -14.70854226E-03
+25.87500E-06 -67.53768772E-03 +7.00000022E-03
+25.90000E-06 -67.53768772E-03 -14.70854226E-03
+25.92500E-06 -67.53768772E-03 -14.70854226E-03
+25.95000E-06 +0.0E+00 +7.00000022E-03
+25.97500E-06 -67.53768772E-03 +7.00000022E-03
+26.00000E-06 -67.53768772E-03 +7.00000022E-03
+26.02500E-06 +0.0E+00 -36.41708475E-03
+26.05000E-06 +0.0E+00 -14.70854226E-03
+26.07500E-06 -0.0E+00 -14.70854226E-03
+26.10000E-06 -67.53768772E-03 +7.00000022E-03
+26.12500E-06 -67.53768772E-03 -14.70854226E-03
+26.15000E-06 -67.53768772E-03 -14.70854226E-03
+26.17500E-06 -0.0E+00 +7.00000022E-03
+26.20000E-06 -67.53768772E-03 +7.00000022E-03
+26.22500E-06 +0.0E+00 -36.41708475E-03
+26.25000E-06 -67.53768772E-03 -14.70854226E-03
+26.27500E-06 +0.0E+00 +7.00000022E-03
+26.30000E-06 -67.53768772E-03 -14.70854226E-03
+26.32500E-06 -67.53768772E-03 +7.00000022E-03
+26.35000E-06 -67.53768772E-03 -14.70854226E-03
+26.37500E-06 -67.53768772E-03 -14.70854226E-03
+26.40000E-06 +0.0E+00 -14.70854226E-03
+26.42500E-06 -67.53768772E-03 -14.70854226E-03
+26.45000E-06 +0.0E+00 -14.70854226E-03
+26.47500E-06 -0.0E+00 -14.70854226E-03
+26.50000E-06 +0.0E+00 +7.00000022E-03
+26.52500E-06 -67.53768772E-03 -14.70854226E-03
+26.55000E-06 -67.53768772E-03 -14.70854226E-03
+26.57500E-06 -67.53768772E-03 +7.00000022E-03
+26.60000E-06 -67.53768772E-03 -14.70854226E-03
+26.62500E-06 -0.0E+00 -14.70854226E-03
+26.65000E-06 +0.0E+00 +7.00000022E-03
+26.67500E-06 -67.53768772E-03 +7.00000022E-03
+26.70000E-06 -67.53768772E-03 +7.00000022E-03
+26.72500E-06 -0.0E+00 +7.00000022E-03
+26.75000E-06 -67.53768772E-03 -14.70854226E-03
+26.77500E-06 -0.0E+00 -14.70854226E-03
+26.80000E-06 +0.0E+00 +7.00000022E-03
+26.82500E-06 -0.0E+00 -14.70854226E-03
+26.85000E-06 -67.53768772E-03 +7.00000022E-03
+26.87500E-06 -0.0E+00 +7.00000022E-03
+26.90000E-06 -67.53768772E-03 +7.00000022E-03
+26.92500E-06 -135.07537544E-03 -14.70854226E-03
+26.95000E-06 -67.53768772E-03 -14.70854226E-03
+26.97500E-06 -67.53768772E-03 +7.00000022E-03
+27.00000E-06 -67.53768772E-03 +7.00000022E-03
+27.02500E-06 +0.0E+00 -36.41708475E-03
+27.05000E-06 -67.53768772E-03 -14.70854226E-03
+27.07500E-06 -67.53768772E-03 -14.70854226E-03
+27.10000E-06 -67.53768772E-03 -14.70854226E-03
+27.12500E-06 -67.53768772E-03 +7.00000022E-03
+27.15000E-06 +67.53768772E-03 -14.70854226E-03
+27.17500E-06 -67.53768772E-03 +7.00000022E-03
+27.20000E-06 -67.53768772E-03 +7.00000021E-03
+27.22500E-06 -67.53768772E-03 -36.41708475E-03
+27.25000E-06 +0.0E+00 -14.70854226E-03
+27.27500E-06 -0.0E+00 +7.00000022E-03
+27.30000E-06 -67.53768772E-03 +7.00000022E-03
+27.32500E-06 -67.53768772E-03 +7.00000022E-03
+27.35000E-06 -67.53768772E-03 -14.70854226E-03
+27.37500E-06 -0.0E+00 +7.00000022E-03
+27.40000E-06 -67.53768772E-03 -14.70854227E-03
+27.42500E-06 +0.0E+00 -14.70854226E-03
+27.45000E-06 +0.0E+00 -14.70854226E-03
+27.47500E-06 +0.0E+00 +7.00000022E-03
+27.50000E-06 -67.53768772E-03 -14.70854226E-03
+27.52500E-06 -67.53768772E-03 -14.70854226E-03
+27.55000E-06 -0.0E+00 -14.70854226E-03
+27.57500E-06 -67.53768772E-03 +7.00000022E-03
+27.60000E-06 +0.0E+00 +7.00000021E-03
+27.62500E-06 +0.0E+00 -36.41708474E-03
+27.65000E-06 +0.0E+00 -14.70854226E-03
+27.67500E-06 -0.0E+00 +7.00000022E-03
+27.70000E-06 -67.53768772E-03 +7.00000021E-03
+27.72500E-06 +0.0E+00 +7.00000021E-03
+27.75000E-06 -67.53768772E-03 -14.70854226E-03
+27.77500E-06 +0.0E+00 -14.70854226E-03
+27.80000E-06 +0.0E+00 -14.70854226E-03
+27.82500E-06 +0.0E+00 -14.70854226E-03
+27.85000E-06 -0.0E+00 -14.70854226E-03
+27.87500E-06 -67.53768772E-03 +7.00000021E-03
+27.90000E-06 +0.0E+00 +7.00000021E-03
+27.92500E-06 +0.0E+00 -14.70854226E-03
+27.95000E-06 +0.0E+00 -14.70854226E-03
+27.97500E-06 -67.53768772E-03 -14.70854226E-03
+28.00000E-06 -67.53768771E-03 +7.00000022E-03
+28.02500E-06 +0.0E+00 -14.70854226E-03
+28.05000E-06 -0.0E+00 -14.70854226E-03
+28.07500E-06 -67.53768771E-03 +7.00000022E-03
+28.10000E-06 -67.53768772E-03 -14.70854226E-03
+28.12500E-06 -135.07537543E-03 -14.70854226E-03
+28.15000E-06 -0.0E+00 -14.70854226E-03
+28.17500E-06 +0.0E+00 +7.00000022E-03
+28.20000E-06 +0.0E+00 -14.70854226E-03
+28.22500E-06 -0.0E+00 -14.70854226E-03
+28.25000E-06 -0.0E+00 +7.00000022E-03
+28.27500E-06 -0.0E+00 +7.00000021E-03
+28.30000E-06 -67.53768772E-03 +7.00000021E-03
+28.32500E-06 -67.53768771E-03 -14.70854226E-03
+28.35000E-06 -0.0E+00 -14.70854226E-03
+28.37500E-06 -0.0E+00 +7.00000021E-03
+28.40000E-06 +0.0E+00 +7.00000021E-03
+28.42500E-06 -0.0E+00 -36.41708474E-03
+28.45000E-06 -67.53768771E-03 -14.70854226E-03
+28.47500E-06 -0.0E+00 +7.00000021E-03
+28.50000E-06 -67.53768771E-03 -14.70854226E-03
+28.52500E-06 +0.0E+00 -14.70854226E-03
+28.55000E-06 -0.0E+00 -14.70854226E-03
+28.57500E-06 -0.0E+00 +7.00000021E-03
+28.60000E-06 -67.53768771E-03 -14.70854226E-03
+28.62500E-06 +0.0E+00 -36.41708474E-03
+28.65000E-06 -0.0E+00 -14.70854226E-03
+28.67500E-06 -67.53768772E-03 -14.70854226E-03
+28.70000E-06 -67.53768772E-03 +7.00000022E-03
+28.72500E-06 +0.0E+00 -14.70854226E-03
+28.75000E-06 +0.0E+00 -14.70854226E-03
+28.77500E-06 +0.0E+00 -14.70854226E-03
+28.80000E-06 -67.53768772E-03 +7.00000021E-03
+28.82500E-06 -67.53768771E-03 -14.70854226E-03
+28.85000E-06 +0.0E+00 -14.70854226E-03
+28.87500E-06 -67.53768772E-03 -14.70854226E-03
+28.90000E-06 -67.53768771E-03 -14.70854227E-03
+28.92500E-06 +0.0E+00 -14.70854226E-03
+28.95000E-06 +0.0E+00 -14.70854226E-03
+28.97500E-06 -67.53768771E-03 -14.70854226E-03
+29.00000E-06 -67.53768772E-03 -14.70854226E-03
+29.02500E-06 +0.0E+00 -14.70854226E-03
+29.05000E-06 -67.53768772E-03 -14.70854226E-03
+29.07500E-06 +0.0E+00 +7.00000021E-03
+29.10000E-06 -67.53768772E-03 +7.00000021E-03
+29.12500E-06 -67.53768772E-03 -14.70854226E-03
+29.15000E-06 +0.0E+00 +7.00000021E-03
+29.17500E-06 -10E-12 +7.00000021E-03
+29.20000E-06 -67.53768772E-03 +7.00000021E-03
+29.22500E-06 -67.53768771E-03 -36.41708474E-03
+29.25000E-06 -67.53768772E-03 -14.70854226E-03
+29.27500E-06 -10E-12 -14.70854226E-03
+29.30000E-06 -67.53768771E-03 -14.70854226E-03
+29.32500E-06 +0.0E+00 +7.00000021E-03
+29.35000E-06 -67.53768771E-03 -14.70854226E-03
+29.37500E-06 +0.0E+00 -14.70854226E-03
+29.40000E-06 -10E-12 -14.70854227E-03
+29.42500E-06 -67.53768772E-03 -14.70854226E-03
+29.45000E-06 -67.53768771E-03 -14.70854226E-03
+29.47500E-06 -67.53768772E-03 +7.00000022E-03
+29.50000E-06 -67.53768772E-03 +7.00000022E-03
+29.52500E-06 -67.53768771E-03 +7.00000021E-03
+29.55000E-06 -10E-12 -14.70854226E-03
+29.57500E-06 -67.53768771E-03 +7.00000022E-03
+29.60000E-06 +0.0E+00 -14.70854226E-03
+29.62500E-06 +0.0E+00 -36.41708474E-03
+29.65000E-06 -10E-12 -14.70854226E-03
+29.67500E-06 -10E-12 +7.00000021E-03
+29.70000E-06 -67.53768772E-03 -14.70854226E-03
+29.72500E-06 -67.53768772E-03 +7.00000022E-03
+29.75000E-06 -67.53768771E-03 -14.70854226E-03
+29.77500E-06 -10E-12 +7.00000021E-03
+29.80000E-06 -67.53768771E-03 -14.70854226E-03
+29.82500E-06 -67.53768771E-03 -14.70854226E-03
+29.85000E-06 +0.0E+00 +7.00000021E-03
+29.87500E-06 -67.53768772E-03 +7.00000021E-03
+29.90000E-06 -67.53768772E-03 +7.00000021E-03
+29.92500E-06 -135.07537543E-03 -14.70854226E-03
+29.95000E-06 -67.53768771E-03 -36.41708474E-03
+29.97500E-06 -67.53768771E-03 -14.70854226E-03
+30.00000E-06 -67.53768772E-03 -14.70854226E-03
+30.02500E-06 +0.0E+00 -14.70854226E-03
+30.05000E-06 -67.53768772E-03 -14.70854226E-03
+30.07500E-06 -67.53768772E-03 -14.70854226E-03
+30.10000E-06 -67.53768772E-03 -14.70854226E-03
+30.12500E-06 -67.53768772E-03 -14.70854226E-03
+30.15000E-06 -67.53768772E-03 -36.41708474E-03
+30.17500E-06 -67.53768772E-03 +7.00000022E-03
+30.20000E-06 +0.0E+00 -14.70854226E-03
+30.22500E-06 -67.53768771E-03 -14.70854226E-03
+30.25000E-06 -67.53768772E-03 +7.00000021E-03
+30.27500E-06 -67.53768772E-03 +7.00000021E-03
+30.30000E-06 -10E-12 -14.70854226E-03
+30.32500E-06 -67.53768771E-03 +7.00000021E-03
+30.35000E-06 -67.53768771E-03 +7.00000022E-03
+30.37500E-06 +0.0E+00 -14.70854226E-03
+30.40000E-06 -67.53768771E-03 +7.00000021E-03
+30.42500E-06 +0.0E+00 -14.70854226E-03
+30.45000E-06 -10E-12 -14.70854226E-03
+30.47500E-06 -67.53768772E-03 +7.00000021E-03
+30.50000E-06 -10E-12 +7.00000021E-03
+30.52500E-06 -67.53768772E-03 +7.00000021E-03
+30.55000E-06 -10E-12 -36.41708474E-03
+30.57500E-06 -67.53768772E-03 -14.70854226E-03
+30.60000E-06 -67.53768771E-03 -14.70854226E-03
+30.62500E-06 -67.53768771E-03 -14.70854226E-03
+30.65000E-06 +0.0E+00 -14.70854226E-03
+30.67500E-06 -67.53768771E-03 +7.00000022E-03
+30.70000E-06 -67.53768773E-03 -14.70854226E-03
+30.72500E-06 +0.0E+00 -14.70854226E-03
+30.75000E-06 -67.53768772E-03 -14.70854226E-03
+30.77500E-06 -67.53768772E-03 -14.70854226E-03
+30.80000E-06 -67.53768773E-03 +7.00000021E-03
+30.82500E-06 +0.0E+00 -36.41708474E-03
+30.85000E-06 +0.0E+00 -14.70854226E-03
+30.87500E-06 -67.53768772E-03 +7.00000021E-03
+30.90000E-06 -67.53768772E-03 -14.70854226E-03
+30.92500E-06 -10E-12 -14.70854226E-03
+30.95000E-06 -67.53768773E-03 +7.00000022E-03
+30.97500E-06 -67.53768771E-03 -14.70854226E-03
+31.00000E-06 +0.0E+00 -14.70854227E-03
+31.02500E-06 -10E-12 -36.41708474E-03
+31.05000E-06 +0.0E+00 -14.70854226E-03
+31.07500E-06 -67.53768772E-03 -14.70854226E-03
+31.10000E-06 -67.53768772E-03 +7.00000021E-03
+31.12500E-06 +0.0E+00 -14.70854226E-03
+31.15000E-06 -10E-12 +7.00000022E-03
+31.17500E-06 -10E-12 -14.70854226E-03
+31.20000E-06 -67.53768771E-03 -14.70854226E-03
+31.22500E-06 -10E-12 -14.70854226E-03
+31.25000E-06 -10E-12 +7.00000022E-03
+31.27500E-06 -10E-12 -14.70854226E-03
+31.30000E-06 -67.53768772E-03 -14.70854226E-03
+31.32500E-06 -10E-12 -14.70854226E-03
+31.35000E-06 -67.53768772E-03 -14.70854226E-03
+31.37500E-06 -10E-12 +7.00000021E-03
+31.40000E-06 -67.53768771E-03 -14.70854226E-03
+31.42500E-06 -67.53768771E-03 -14.70854226E-03
+31.45000E-06 -67.53768772E-03 -14.70854226E-03
+31.47500E-06 -67.53768772E-03 +7.00000022E-03
+31.50000E-06 -10E-12 -14.70854226E-03
+31.52500E-06 -67.53768771E-03 -14.70854226E-03
+31.55000E-06 +0.0E+00 -14.70854226E-03
+31.57500E-06 -10E-12 -14.70854226E-03
+31.60000E-06 -67.53768771E-03 -36.41708475E-03
+31.62500E-06 -67.53768771E-03 -36.41708474E-03
+31.65000E-06 -67.53768772E-03 -14.70854226E-03
+31.67500E-06 -67.53768772E-03 +7.00000021E-03
+31.70000E-06 -10E-12 +7.00000021E-03
+31.72500E-06 -67.53768771E-03 +7.00000021E-03
+31.75000E-06 +0.0E+00 -14.70854226E-03
+31.77500E-06 -67.53768772E-03 +7.00000021E-03
+31.80000E-06 -67.53768772E-03 +7.00000021E-03
+31.82500E-06 -10E-12 -14.70854226E-03
+31.85000E-06 +0.0E+00 +7.00000021E-03
+31.87500E-06 -67.53768772E-03 -14.70854226E-03
+31.90000E-06 -67.53768772E-03 -14.70854226E-03
+31.92500E-06 -67.53768771E-03 -14.70854226E-03
+31.95000E-06 +0.0E+00 -36.41708474E-03
+31.97500E-06 -67.53768772E-03 +7.00000021E-03
+32.00000E-06 +0.0E+00 +7.00000021E-03
+32.02500E-06 -67.53768772E-03 -36.41708474E-03
+32.05000E-06 -67.53768772E-03 +7.00000022E-03
+32.07500E-06 -67.53768772E-03 +7.00000022E-03
+32.10000E-06 -67.53768772E-03 +7.00000022E-03
+32.12500E-06 -67.53768771E-03 -14.70854227E-03
+32.15000E-06 +0.0E+00 +7.00000021E-03
+32.17500E-06 -67.53768772E-03 -14.70854226E-03
+32.20000E-06 +0.0E+00 -14.70854227E-03
+32.22500E-06 -10E-12 -36.41708474E-03
+32.25000E-06 +0.0E+00 -14.70854226E-03
+32.27500E-06 -67.53768772E-03 +7.00000022E-03
+32.30000E-06 -67.53768772E-03 -14.70854226E-03
+32.32500E-06 -67.53768772E-03 -14.70854226E-03
+32.35000E-06 -10E-12 -14.70854226E-03
+32.37500E-06 -67.53768771E-03 +7.00000021E-03
+32.40000E-06 -67.53768771E-03 +7.00000021E-03
+32.42500E-06 +0.0E+00 -14.70854226E-03
+32.45000E-06 +0.0E+00 +7.00000022E-03
+32.47500E-06 -67.53768772E-03 +7.00000021E-03
+32.50000E-06 +0.0E+00 -14.70854226E-03
+32.52500E-06 -67.53768771E-03 -14.70854226E-03
+32.55000E-06 -10E-12 -14.70854226E-03
+32.57500E-06 -67.53768771E-03 -14.70854226E-03
+32.60000E-06 +0.0E+00 -14.70854227E-03
+32.62500E-06 -10E-12 -14.70854226E-03
+32.65000E-06 +0.0E+00 -14.70854226E-03
+32.67500E-06 -10E-12 -14.70854226E-03
+32.70000E-06 -67.53768771E-03 -14.70854226E-03
+32.72500E-06 -67.53768771E-03 -14.70854226E-03
+32.75000E-06 -10E-12 -14.70854226E-03
+32.77500E-06 -10E-12 -14.70854226E-03
+32.80000E-06 -67.53768772E-03 -14.70854227E-03
+32.82500E-06 -10E-12 -14.70854226E-03
+32.85000E-06 -10E-12 -14.70854226E-03
+32.87500E-06 -67.53768772E-03 -14.70854226E-03
+32.90000E-06 -67.53768772E-03 -14.70854226E-03
+32.92500E-06 -135.07537543E-03 -14.70854226E-03
+32.95000E-06 -67.53768771E-03 -14.70854226E-03
+32.97500E-06 -67.53768772E-03 +7.00000021E-03
+33.00000E-06 -67.53768771E-03 -14.70854226E-03
+33.02500E-06 +0.0E+00 -14.70854226E-03
+33.05000E-06 -10E-12 -14.70854226E-03
+33.07500E-06 -10E-12 -14.70854226E-03
+33.10000E-06 -67.53768772E-03 +7.00000021E-03
+33.12500E-06 -67.53768772E-03 -14.70854226E-03
+33.15000E-06 +0.0E+00 -14.70854226E-03
+33.17500E-06 -67.53768771E-03 +7.00000021E-03
+33.20000E-06 +0.0E+00 -14.70854226E-03
+33.22500E-06 +0.0E+00 -36.41708474E-03
+33.25000E-06 -67.53768772E-03 -14.70854226E-03
+33.27500E-06 -67.53768771E-03 -14.70854226E-03
+33.30000E-06 -67.53768772E-03 +7.00000022E-03
+33.32500E-06 -67.53768771E-03 +7.00000021E-03
+33.35000E-06 -67.53768772E-03 -14.70854226E-03
+33.37500E-06 -67.53768771E-03 +7.00000021E-03
+33.40000E-06 -67.53768771E-03 -14.70854227E-03
+33.42500E-06 -10E-12 -36.41708474E-03
+33.45000E-06 -10E-12 +7.00000022E-03
+33.47500E-06 -10E-12 -14.70854226E-03
+33.50000E-06 -67.53768772E-03 +7.00000021E-03
+33.52500E-06 -67.53768772E-03 +7.00000022E-03
+33.55000E-06 +0.0E+00 -14.70854226E-03
+33.57500E-06 -67.53768771E-03 -14.70854226E-03
+33.60000E-06 +0.0E+00 +7.00000021E-03
+33.62500E-06 -10E-12 -14.70854226E-03
+33.65000E-06 -10E-12 +7.00000022E-03
+33.67500E-06 -67.53768772E-03 +7.00000021E-03
+33.70000E-06 -67.53768772E-03 -14.70854226E-03
+33.72500E-06 +10E-12 +7.00000021E-03
+33.75000E-06 -10E-12 -14.70854226E-03
+33.77500E-06 -67.53768771E-03 +7.00000021E-03
+33.80000E-06 +0.0E+00 -14.70854227E-03
+33.82500E-06 -67.53768772E-03 -14.70854226E-03
+33.85000E-06 +0.0E+00 -14.70854226E-03
+33.87500E-06 -67.53768772E-03 -14.70854226E-03
+33.90000E-06 -67.53768772E-03 -14.70854226E-03
+33.92500E-06 -67.53768772E-03 -14.70854226E-03
+33.95000E-06 -10E-12 -36.41708474E-03
+33.97500E-06 -67.53768772E-03 -14.70854226E-03
+34.00000E-06 -67.53768771E-03 +7.00000021E-03
+34.02500E-06 -67.53768771E-03 -36.41708474E-03
+34.05000E-06 -67.53768771E-03 -14.70854226E-03
+34.07500E-06 -67.53768772E-03 +7.00000022E-03
+34.10000E-06 -67.53768772E-03 -14.70854226E-03
+34.12500E-06 +0.0E+00 +7.00000021E-03
+34.15000E-06 +0.0E+00 +7.00000022E-03
+34.17500E-06 +0.0E+00 -14.70854226E-03
+34.20000E-06 -67.53768770E-03 -14.70854227E-03
+34.22500E-06 -67.53768772E-03 -36.41708474E-03
+34.25000E-06 +0.0E+00 -14.70854226E-03
+34.27500E-06 -67.53768772E-03 +7.00000021E-03
+34.30000E-06 -67.53768772E-03 -14.70854226E-03
+34.32500E-06 -67.53768770E-03 -14.70854226E-03
+34.35000E-06 -67.53768772E-03 +7.00000021E-03
+34.37500E-06 -67.53768770E-03 -14.70854226E-03
+34.40000E-06 -10E-12 -14.70854226E-03
+34.42500E-06 -67.53768770E-03 -36.41708474E-03
+34.45000E-06 -67.53768772E-03 -14.70854226E-03
+34.47500E-06 -67.53768772E-03 -14.70854226E-03
+34.50000E-06 -67.53768772E-03 +7.00000021E-03
+34.52500E-06 -67.53768770E-03 -14.70854227E-03
+34.55000E-06 -10E-12 +7.00000021E-03
+34.57500E-06 -67.53768772E-03 +7.00000022E-03
+34.60000E-06 -67.53768770E-03 -14.70854226E-03
+34.62500E-06 -10E-12 -36.41708474E-03
+34.65000E-06 -67.53768772E-03 -14.70854226E-03
+34.67500E-06 +0.0E+00 +7.00000022E-03
+34.70000E-06 -67.53768772E-03 +7.00000022E-03
+34.72500E-06 -67.53768770E-03 +7.00000021E-03
+34.75000E-06 +0.0E+00 -14.70854226E-03
+34.77500E-06 +0.0E+00 +7.00000021E-03
+34.80000E-06 +0.0E+00 -14.70854226E-03
+34.82500E-06 -20E-12 -36.41708474E-03
+34.85000E-06 +0.0E+00 -14.70854226E-03
+34.87500E-06 -67.53768772E-03 +7.00000021E-03
+34.90000E-06 -67.53768770E-03 +7.00000021E-03
+34.92500E-06 +0.0E+00 -14.70854226E-03
+34.95000E-06 -20E-12 -14.70854226E-03
+34.97500E-06 -20E-12 +7.00000021E-03
+35.00000E-06 -67.53768772E-03 -14.70854227E-03
+35.02500E-06 -67.53768772E-03 -14.70854226E-03
+35.05000E-06 -20E-12 -14.70854226E-03
+35.07500E-06 -20E-12 +7.00000021E-03
+35.10000E-06 -20E-12 +7.00000022E-03
+35.12500E-06 -67.53768772E-03 -14.70854226E-03
+35.15000E-06 -20E-12 -14.70854226E-03
+35.17500E-06 -67.53768772E-03 -14.70854226E-03
+35.20000E-06 -67.53768770E-03 -14.70854227E-03
+35.22500E-06 -67.53768770E-03 -14.70854226E-03
+35.25000E-06 -67.53768772E-03 -14.70854226E-03
+35.27500E-06 -67.53768772E-03 +7.00000022E-03
+35.30000E-06 -67.53768772E-03 -14.70854226E-03
+35.32500E-06 -67.53768770E-03 -14.70854227E-03
+35.35000E-06 -67.53768772E-03 -14.70854226E-03
+35.37500E-06 -67.53768770E-03 -14.70854226E-03
+35.40000E-06 +0.0E+00 +7.00000021E-03
+35.42500E-06 -67.53768770E-03 -14.70854226E-03
+35.45000E-06 -67.53768772E-03 -14.70854226E-03
+35.47500E-06 -20E-12 +7.00000021E-03
+35.50000E-06 -67.53768772E-03 -14.70854226E-03
+35.52500E-06 -20E-12 +7.00000022E-03
+35.55000E-06 -20E-12 +7.00000022E-03
+35.57500E-06 -67.53768772E-03 -14.70854226E-03
+35.60000E-06 -67.53768772E-03 -14.70854227E-03
+35.62500E-06 -67.53768772E-03 -36.41708474E-03
+35.65000E-06 -20E-12 -14.70854226E-03
+35.67500E-06 -67.53768772E-03 +7.00000022E-03
+35.70000E-06 -67.53768772E-03 -14.70854227E-03
+35.72500E-06 -67.53768772E-03 -14.70854226E-03
+35.75000E-06 -67.53768770E-03 -14.70854226E-03
+35.77500E-06 -67.53768772E-03 -14.70854226E-03
+35.80000E-06 -67.53768772E-03 -14.70854226E-03
+35.82500E-06 -67.53768770E-03 -14.70854226E-03
+35.85000E-06 +0.0E+00 -14.70854226E-03
+35.87500E-06 -67.53768772E-03 +7.00000021E-03
+35.90000E-06 -67.53768772E-03 -14.70854226E-03
+35.92500E-06 -67.53768770E-03 -14.70854226E-03
+35.95000E-06 -20E-12 -14.70854226E-03
+35.97500E-06 -67.53768772E-03 -14.70854226E-03
+36.00000E-06 -67.53768770E-03 +7.00000021E-03
+36.02500E-06 +0.0E+00 -14.70854226E-03
+36.05000E-06 -67.53768770E-03 -14.70854226E-03
+36.07500E-06 -20E-12 +7.00000021E-03
+36.10000E-06 -67.53768770E-03 +7.00000022E-03
+36.12500E-06 -67.53768770E-03 -14.70854227E-03
+36.15000E-06 -20E-12 -14.70854226E-03
+36.17500E-06 -67.53768770E-03 +7.00000021E-03
+36.20000E-06 +0.0E+00 -14.70854226E-03
+36.22500E-06 -20E-12 -14.70854226E-03
+36.25000E-06 -20E-12 -14.70854226E-03
+36.27500E-06 +0.0E+00 +7.00000022E-03
+36.30000E-06 -67.53768770E-03 -14.70854226E-03
+36.32500E-06 -67.53768770E-03 +7.00000021E-03
+36.35000E-06 -67.53768772E-03 -14.70854226E-03
+36.37500E-06 -67.53768770E-03 -14.70854226E-03
+36.40000E-06 -20E-12 +7.00000020E-03
+36.42500E-06 +0.0E+00 -36.41708474E-03
+36.45000E-06 -67.53768772E-03 +7.00000022E-03
+36.47500E-06 -20E-12 -36.41708474E-03
+36.50000E-06 -67.53768772E-03 +7.00000021E-03
+36.52500E-06 -67.53768770E-03 +7.00000021E-03
+36.55000E-06 +0.0E+00 -14.70854226E-03
+36.57500E-06 -67.53768772E-03 -14.70854226E-03
+36.60000E-06 -67.53768772E-03 -14.70854227E-03
+36.62500E-06 +0.0E+00 -14.70854225E-03
+36.65000E-06 +0.0E+00 -14.70854226E-03
+36.67500E-06 -67.53768772E-03 -14.70854226E-03
+36.70000E-06 -67.53768772E-03 +7.00000021E-03
+36.72500E-06 -67.53768770E-03 +7.00000021E-03
+36.75000E-06 -20E-12 -14.70854226E-03
+36.77500E-06 -67.53768772E-03 +7.00000022E-03
+36.80000E-06 +0.0E+00 +7.00000021E-03
+36.82500E-06 +0.0E+00 -36.41708474E-03
+36.85000E-06 -67.53768772E-03 -14.70854226E-03
+36.87500E-06 -67.53768770E-03 -14.70854226E-03
+36.90000E-06 +0.0E+00 -14.70854226E-03
+36.92500E-06 -67.53768772E-03 -14.70854226E-03
+36.95000E-06 -20E-12 -14.70854226E-03
+36.97500E-06 -67.53768770E-03 +7.00000020E-03
+37.00000E-06 +0.0E+00 -14.70854226E-03
+37.02500E-06 -67.53768772E-03 -14.70854226E-03
+37.05000E-06 -67.53768770E-03 +7.00000022E-03
+37.07500E-06 -67.53768772E-03 +7.00000021E-03
+37.10000E-06 -67.53768772E-03 +7.00000022E-03
+37.12500E-06 -67.53768770E-03 +7.00000022E-03
+37.15000E-06 +0.0E+00 -14.70854226E-03
+37.17500E-06 -20E-12 -14.70854226E-03
+37.20000E-06 +0.0E+00 +7.00000020E-03
+37.22500E-06 -67.53768770E-03 -14.70854226E-03
+37.25000E-06 +0.0E+00 -14.70854226E-03
+37.27500E-06 -67.53768772E-03 +7.00000022E-03
+37.30000E-06 +0.0E+00 +7.00000021E-03
+37.32500E-06 -67.53768770E-03 +7.00000021E-03
+37.35000E-06 -67.53768772E-03 -14.70854226E-03
+37.37500E-06 -67.53768772E-03 -14.70854226E-03
+37.40000E-06 -67.53768770E-03 -14.70854226E-03
+37.42500E-06 +0.0E+00 -14.70854226E-03
+37.45000E-06 -67.53768772E-03 -14.70854226E-03
+37.47500E-06 -20E-12 +7.00000022E-03
+37.50000E-06 +0.0E+00 +7.00000021E-03
+37.52500E-06 +0.0E+00 -14.70854226E-03
+37.55000E-06 -67.53768772E-03 +7.00000022E-03
+37.57500E-06 +67.53768770E-03 +7.00000021E-03
+37.60000E-06 -67.53768770E-03 -14.70854226E-03
+37.62500E-06 -67.53768772E-03 -36.41708475E-03
+37.65000E-06 -20E-12 -14.70854226E-03
+37.67500E-06 +0.0E+00 +7.00000022E-03
+37.70000E-06 -135.07537540E-03 -14.70854226E-03
+37.72500E-06 -135.07537542E-03 +7.00000021E-03
+37.75000E-06 +0.0E+00 -14.70854226E-03
+37.77500E-06 +67.53768770E-03 +7.00000021E-03
+37.80000E-06 -135.07537542E-03 -14.70854227E-03
+37.82500E-06 +0.0E+00 -36.41708474E-03
+37.85000E-06 +0.0E+00 -14.70854226E-03
+37.87500E-06 -135.07537542E-03 -14.70854226E-03
+37.90000E-06 -67.53768772E-03 -14.70854226E-03
+37.92500E-06 +0.0E+00 +7.00000022E-03
+37.95000E-06 +67.53768770E-03 -14.70854226E-03
+37.97500E-06 -135.07537544E-03 +7.00000021E-03
+38.00000E-06 +0.0E+00 +7.00000021E-03
+38.02500E-06 +0.0E+00 -14.70854226E-03
+38.05000E-06 -67.53768772E-03 -14.70854226E-03
+38.07500E-06 -67.53768772E-03 +7.00000021E-03
+38.10000E-06 +0.0E+00 +7.00000022E-03
+38.12500E-06 -67.53768770E-03 -14.70854227E-03
+38.15000E-06 -67.53768772E-03 -14.70854226E-03
+38.17500E-06 +0.0E+00 +7.00000022E-03
+38.20000E-06 +0.0E+00 -14.70854227E-03
+38.22500E-06 -67.53768774E-03 -36.41708475E-03
+38.25000E-06 -67.53768772E-03 +7.00000022E-03
+38.27500E-06 +20E-12 +28.70854269E-03
+38.30000E-06 -67.53768772E-03 -14.70854226E-03
+38.32500E-06 -135.07537544E-03 -14.70854226E-03
+38.35000E-06 +0.0E+00 +7.00000022E-03
+38.37500E-06 +0.0E+00 +7.00000022E-03
+38.40000E-06 -135.07537542E-03 -14.70854227E-03
+38.42500E-06 -67.53768772E-03 -14.70854226E-03
+38.45000E-06 +67.53768772E-03 -14.70854226E-03
+38.47500E-06 -67.53768770E-03 -14.70854226E-03
+38.50000E-06 -135.07537544E-03 +7.00000022E-03
+38.52500E-06 -67.53768770E-03 +7.00000022E-03
+38.55000E-06 +67.53768772E-03 -14.70854226E-03
+38.57500E-06 -135.07537544E-03 -14.70854226E-03
+38.60000E-06 -67.53768772E-03 +7.00000021E-03
+38.62500E-06 +67.53768772E-03 -14.70854226E-03
+38.65000E-06 -20E-12 -36.41708473E-03
+38.67500E-06 -135.07537544E-03 +7.00000022E-03
+38.70000E-06 +0.0E+00 +28.70854269E-03
+38.72500E-06 +20E-12 -14.70854226E-03
+38.75000E-06 -67.53768772E-03 -36.41708474E-03
+38.77500E-06 -67.53768772E-03 -14.70854226E-03
+38.80000E-06 +67.53768772E-03 -14.70854226E-03
+38.82500E-06 -67.53768772E-03 -36.41708474E-03
+38.85000E-06 -202.61306316E-03 -14.70854226E-03
+38.87500E-06 +0.0E+00 +7.00000022E-03
+38.90000E-06 +20E-12 -14.70854226E-03
+38.92500E-06 -135.07537544E-03 -14.70854227E-03
+38.95000E-06 -67.53768772E-03 +7.00000022E-03
+38.97500E-06 +135.07537542E-03 +7.00000021E-03
+39.00000E-06 -67.53768772E-03 -36.41708475E-03
+39.02500E-06 -202.61306313E-03 -14.70854226E-03
+39.05000E-06 +67.53768770E-03 +7.00000022E-03
+39.07500E-06 +20E-12 -14.70854226E-03
+39.10000E-06 -202.61306318E-03 -36.41708474E-03
+39.12500E-06 -135.07537542E-03 +7.00000022E-03
+39.15000E-06 +135.07537542E-03 +7.00000022E-03
+39.17500E-06 -67.53768772E-03 -14.70854227E-03
+39.20000E-06 -135.07537544E-03 -14.70854226E-03
+39.22500E-06 +67.53768772E-03 +7.00000022E-03
+39.25000E-06 +20E-12 -14.70854227E-03
+39.27500E-06 -202.61306313E-03 -36.41708475E-03
+39.30000E-06 -67.53768774E-03 +28.70854269E-03
+39.32500E-06 +135.07537544E-03 +7.00000021E-03
+39.35000E-06 -67.53768774E-03 -36.41708474E-03
+39.37500E-06 -135.07537544E-03 +7.00000022E-03
+39.40000E-06 +67.53768772E-03 +28.70854268E-03
+39.42500E-06 +67.53768772E-03 -36.41708475E-03
+39.45000E-06 -135.07537546E-03 -14.70854226E-03
+39.47500E-06 -67.53768772E-03 +7.00000022E-03
+39.50000E-06 +135.07537544E-03 +7.00000022E-03
+39.52500E-06 -67.53768774E-03 -36.41708475E-03
+39.55000E-06 -135.07537546E-03 +7.00000022E-03
+39.57500E-06 +135.07537544E-03 +7.00000022E-03
+39.60000E-06 +67.53768770E-03 -36.41708475E-03
+39.62500E-06 -270.15075085E-03 -36.41708474E-03
+39.65000E-06 -67.53768772E-03 +28.70854270E-03
+39.67500E-06 +202.61306313E-03 +7.00000022E-03
+39.70000E-06 -135.07537544E-03 -36.41708475E-03
+39.72500E-06 -202.61306316E-03 +7.00000022E-03
+39.75000E-06 +135.07537546E-03 +7.00000022E-03
+39.77500E-06 +0.0E+00 -36.41708475E-03
+39.80000E-06 -270.15075088E-03 -36.41708475E-03
+39.82500E-06 +0.0E+00 +7.00000022E-03
+39.85000E-06 +202.61306313E-03 -14.70854226E-03
+39.87500E-06 -202.61306316E-03 -36.41708475E-03
+39.90000E-06 -202.61306318E-03 +7.00000022E-03
+39.92500E-06 +135.07537544E-03 +28.70854269E-03
+39.95000E-06 +0.0E+00 -58.12562721E-03
+39.97500E-06 -270.15075088E-03 -36.41708474E-03
+40.00000E-06 -67.53768767E-03 +28.70854269E-03
+40.02500E-06 +202.61306316E-03 -36.41708475E-03
+40.05000E-06 -202.61306318E-03 -36.41708475E-03
+40.07500E-06 -202.61306316E-03 +28.70854269E-03
+40.10000E-06 +135.07537546E-03 +28.70854270E-03
+40.12500E-06 +0.0E+00 -36.41708475E-03
+40.15000E-06 -270.15075090E-03 -14.70854226E-03
+40.17500E-06 +0.0E+00 +50.41708518E-03
+40.20000E-06 +202.61306318E-03 -14.70854227E-03
+40.22500E-06 -135.07537546E-03 -58.12562722E-03
+40.25000E-06 -202.61306316E-03 +7.00000022E-03
+40.27500E-06 +270.15075088E-03 +28.70854270E-03
+40.30000E-06 -67.53768772E-03 -58.12562723E-03
+40.32500E-06 -405.22612626E-03 -14.70854227E-03
+40.35000E-06 +135.07537541E-03 +28.70854270E-03
+40.37500E-06 +202.61306316E-03 -14.70854227E-03
+40.40000E-06 -270.15075088E-03 -58.12562723E-03
+40.42500E-06 -135.07537546E-03 +7.00000022E-03
+40.45000E-06 +202.61306318E-03 +7.00000023E-03
+40.47500E-06 -20E-12 -58.12562723E-03
+40.50000E-06 -337.68843859E-03 -14.70854226E-03
+40.52500E-06 +67.53768774E-03 +50.41708517E-03
+40.55000E-06 +270.15075085E-03 -36.41708475E-03
+40.57500E-06 -337.68843859E-03 -79.83416970E-03
+40.60000E-06 -135.07537544E-03 +28.70854269E-03
+40.62500E-06 +337.68843859E-03 +28.70854270E-03
+40.65000E-06 -67.53768772E-03 -58.12562723E-03
+40.67500E-06 -405.22612631E-03 -36.41708474E-03
+40.70000E-06 +135.07537544E-03 +50.41708518E-03
+40.72500E-06 +202.61306316E-03 -36.41708475E-03
+40.75000E-06 -337.68843859E-03 -79.83416970E-03
+40.77500E-06 -202.61306313E-03 +50.41708517E-03
+40.80000E-06 +337.68843859E-03 +7.00000022E-03
+40.82500E-06 -67.53768774E-03 -79.83416971E-03
+40.85000E-06 -405.22612631E-03 +7.00000022E-03
+40.87500E-06 +202.61306316E-03 +72.12562766E-03
+40.90000E-06 +202.61306316E-03 -36.41708475E-03
+40.92500E-06 -405.22612631E-03 -58.12562724E-03
+40.95000E-06 -202.61306316E-03 +50.41708518E-03
+40.97500E-06 +405.22612631E-03 +28.70854269E-03
+41.00000E-06 -67.53768772E-03 -79.83416972E-03
+41.02500E-06 -405.22612634E-03 -14.70854225E-03
+41.05000E-06 +270.15075088E-03 +50.41708519E-03
+41.07500E-06 +270.15075088E-03 -58.12562723E-03
+41.10000E-06 -405.22612634E-03 -79.83416970E-03
+41.12500E-06 -135.07537541E-03 +50.41708518E-03
+41.15000E-06 +472.76381401E-03 +7.00000022E-03
+41.17500E-06 -135.07537546E-03 -79.83416971E-03
+41.20000E-06 -472.76381403E-03 +7.00000022E-03
+41.22500E-06 +337.68843859E-03 +72.12562766E-03
+41.25000E-06 +202.61306318E-03 -79.83416970E-03
+41.27500E-06 -540.30150175E-03 -58.12562723E-03
+41.30000E-06 -135.07537544E-03 +72.12562766E-03
+41.32500E-06 +540.30150175E-03 +7.00000021E-03
+41.35000E-06 -202.61306318E-03 -101.54271219E-03
+41.37500E-06 -540.30150173E-03 +7.00000022E-03
+41.40000E-06 +337.68843862E-03 +72.12562765E-03
+41.42500E-06 +202.61306313E-03 -79.83416971E-03
+41.45000E-06 -607.83918944E-03 -58.12562723E-03
+41.47500E-06 +0.0E+00 +93.83417014E-03
+41.50000E-06 +540.30150175E-03 +7.00000021E-03
+41.52500E-06 -270.15075088E-03 -101.54271220E-03
+41.55000E-06 -472.76381403E-03 +28.70854270E-03
+41.57500E-06 +472.76381401E-03 +93.83417014E-03
+41.60000E-06 +270.15075082E-03 -101.54271219E-03
+41.62500E-06 -742.91456491E-03 -79.83416970E-03
+41.65000E-06 +0.0E+00 +93.83417014E-03
+41.67500E-06 +607.83918944E-03 -14.70854226E-03
+41.70000E-06 -337.68843865E-03 -123.25125466E-03
+41.72500E-06 -540.30150175E-03 +28.70854271E-03
+41.75000E-06 +540.30150175E-03 +72.12562767E-03
+41.77500E-06 +270.15075082E-03 -123.25125465E-03
+41.80000E-06 -742.91456491E-03 -79.83416970E-03
+41.82500E-06 +67.53768772E-03 +93.83417015E-03
+41.85000E-06 +675.37687716E-03 -14.70854226E-03
+41.87500E-06 -472.76381406E-03 -123.25125467E-03
+41.90000E-06 -540.30150172E-03 +50.41708518E-03
+41.92500E-06 +540.30150178E-03 +72.12562766E-03
+41.95000E-06 +202.61306313E-03 -123.25125467E-03
+41.97500E-06 -742.91456493E-03 -58.12562723E-03
+42.00000E-06 +135.07537544E-03 +137.25125509E-03
+42.02500E-06 +675.37687719E-03 -14.70854227E-03
+42.05000E-06 -472.76381406E-03 -144.95979715E-03
+42.07500E-06 -540.30150172E-03 +93.83417013E-03
+42.10000E-06 +607.83918950E-03 +72.12562767E-03
+42.12500E-06 +135.07537541E-03 -123.25125469E-03
+42.15000E-06 -877.98994035E-03 -58.12562722E-03
+42.17500E-06 +202.61306316E-03 +137.25125510E-03
+42.20000E-06 +742.91456488E-03 -36.41708475E-03
+42.22500E-06 -607.83918950E-03 -166.66833962E-03
+42.25000E-06 -472.76381403E-03 +72.12562767E-03
+42.27500E-06 +810.45225263E-03 +93.83417014E-03
+42.30000E-06 +67.53768769E-03 -144.95979715E-03
+42.32500E-06 -877.98994035E-03 -36.41708475E-03
+42.35000E-06 +270.15075093E-03 +137.25125511E-03
+42.37500E-06 +742.91456488E-03 -58.12562723E-03
+42.40000E-06 -742.91456491E-03 -144.95979716E-03
+42.42500E-06 -472.76381403E-03 +93.83417015E-03
+42.45000E-06 +877.98994035E-03 +93.83417014E-03
+42.47500E-06 -30E-12 -166.66833964E-03
+42.50000E-06 -1.01306531578E+00 -36.41708474E-03
+42.52500E-06 +337.68843862E-03 +180.66834006E-03
+42.55000E-06 +742.91456488E-03 -79.83416971E-03
+42.57500E-06 -810.45225265E-03 -166.66833962E-03
+42.60000E-06 -405.22612629E-03 +115.54271262E-03
+42.62500E-06 +945.52762809E-03 +50.41708519E-03
+42.65000E-06 -67.53768775E-03 -210.08542459E-03
+42.67500E-06 -1.08060300347E+00 -14.70854226E-03
+42.70000E-06 +472.76381406E-03 +180.66834006E-03
+42.72500E-06 +742.91456488E-03 -79.83416972E-03
+42.75000E-06 -945.52762806E-03 -166.66833962E-03
+42.77500E-06 -405.22612628E-03 +137.25125511E-03
+42.80000E-06 +1.08060300350E+00 +93.83417012E-03
+42.82500E-06 -135.07537547E-03 -253.50250955E-03
+42.85000E-06 -1.14814069119E+00 -14.70854226E-03
+42.87500E-06 +675.37687719E-03 +224.08542501E-03
+42.90000E-06 +742.91456485E-03 -101.54271220E-03
+42.92500E-06 -1.08060300350E+00 -166.66833963E-03
+42.95000E-06 -337.68843857E-03 +158.95979760E-03
+42.97500E-06 +1.14814069122E+00 +50.41708518E-03
+43.00000E-06 -270.15075090E-03 -231.79396708E-03
+43.02500E-06 -1.14814069122E+00 +7.00000023E-03
+43.05000E-06 +742.91456494E-03 +224.08542502E-03
+43.07500E-06 +742.91456488E-03 -144.95979715E-03
+43.10000E-06 -1.14814069128E+00 -166.66833963E-03
+43.12500E-06 -337.68843854E-03 +202.37688255E-03
+43.15000E-06 +1.28321606663E+00 +50.41708518E-03
+43.17500E-06 -405.22612634E-03 -275.21105203E-03
+43.20000E-06 -1.14814069122E+00 +50.41708518E-03
+43.22500E-06 +877.98994037E-03 +224.08542503E-03
+43.25000E-06 +742.91456488E-03 -166.66833963E-03
+43.27500E-06 -1.28321606669E+00 -166.66833963E-03
+43.30000E-06 -202.61306313E-03 +224.08542503E-03
+43.32500E-06 +1.35075375441E+00 +50.41708516E-03
+43.35000E-06 -472.76381412E-03 -296.91959450E-03
+43.37500E-06 -1.21567837891E+00 +72.12562766E-03
+43.40000E-06 +1.01306531581E+00 +245.79396749E-03
+43.42500E-06 +675.37687713E-03 -210.08542460E-03
+43.45000E-06 -1.41829144213E+00 -166.66833962E-03
+43.47500E-06 -67.53768769E-03 +267.50250999E-03
+43.50000E-06 +1.41829144210E+00 +28.70854269E-03
+43.52500E-06 -675.37687722E-03 -296.91959452E-03
+43.55000E-06 -1.21567837888E+00 +93.83417015E-03
+43.57500E-06 +1.14814069128E+00 +245.79396750E-03
+43.60000E-06 +675.37687710E-03 -231.79396709E-03
+43.62500E-06 -1.62090450525E+00 -166.66833962E-03
+43.65000E-06 +67.53768775E-03 +289.21105247E-03
+43.67500E-06 +1.55336681750E+00 +7.00000020E-03
+43.70000E-06 -810.45225272E-03 -318.62813699E-03
+43.72500E-06 -1.28321606657E+00 +137.25125511E-03
+43.75000E-06 +1.41829144210E+00 +245.79396751E-03
+43.77500E-06 +540.30150172E-03 -253.50250956E-03
+43.80000E-06 -1.75597988072E+00 -144.95979715E-03
+43.82500E-06 +135.07537550E-03 +310.91959496E-03
+43.85000E-06 +1.62090450519E+00 -36.41708476E-03
+43.87500E-06 -1.01306531581E+00 -318.62813700E-03
+43.90000E-06 -1.28321606660E+00 +180.66834006E-03
+43.92500E-06 +1.48582912988E+00 +245.79396750E-03
+43.95000E-06 +405.22612628E-03 -318.62813701E-03
+43.97500E-06 -1.82351756844E+00 -123.25125466E-03
+44.00000E-06 +337.68843862E-03 +354.33667991E-03
+44.02500E-06 +1.68844219294E+00 -79.83416971E-03
+44.05000E-06 -1.14814069128E+00 -340.33667948E-03
+44.07500E-06 -1.21567837891E+00 +224.08542503E-03
+44.10000E-06 +1.68844219300E+00 +245.79396750E-03
+44.12500E-06 +337.68843853E-03 -362.04522196E-03
+44.15000E-06 -1.95859294385E+00 -101.54271217E-03
+44.17500E-06 +472.76381412E-03 +376.04522239E-03
+44.20000E-06 +1.68844219294E+00 -101.54271221E-03
+44.22500E-06 -1.41829144213E+00 -383.75376443E-03
+44.25000E-06 -1.14814069116E+00 +245.79396753E-03
+44.27500E-06 +1.89105525613E+00 +245.79396750E-03
+44.30000E-06 +270.15075078E-03 -383.75376445E-03
+44.32500E-06 -2.16120600694E+00 -58.12562722E-03
+44.35000E-06 +675.37687725E-03 +419.46230735E-03
+44.37500E-06 +1.68844219294E+00 -123.25125470E-03
+44.40000E-06 -1.62090450525E+00 -405.46230691E-03
+44.42500E-06 -1.08060300344E+00 +267.50251000E-03
+44.45000E-06 +2.02613063160E+00 +224.08542501E-03
+44.47500E-06 -30E-12 -427.17084942E-03
+44.50000E-06 -2.22874369472E+00 -36.41708475E-03
+44.52500E-06 +810.45225272E-03 +441.17084984E-03
+44.55000E-06 +1.75597988060E+00 -166.66833964E-03
+44.57500E-06 -1.75597988075E+00 -383.75376443E-03
+44.60000E-06 -945.52762800E-03 +332.62813743E-03
+44.62500E-06 +2.22874369472E+00 +180.66834006E-03
+44.65000E-06 -135.07537550E-03 -470.58793437E-03
+44.67500E-06 -2.29628138244E+00 +7.00000023E-03
+44.70000E-06 +1.14814069125E+00 +462.87939232E-03
+44.72500E-06 +1.68844219294E+00 -210.08542461E-03
+44.75000E-06 -2.02613063160E+00 -405.46230689E-03
+44.77500E-06 -877.98994028E-03 +397.75376488E-03
+44.80000E-06 +2.43135675788E+00 +180.66834005E-03
+44.82500E-06 -337.68843866E-03 -535.71356180E-03
+44.85000E-06 -2.36381907013E+00 +7.00000024E-03
+44.87500E-06 +1.35075375444E+00 +484.58793479E-03
+44.90000E-06 +1.62090450519E+00 -275.21105206E-03
+44.92500E-06 -2.29628138244E+00 -383.75376443E-03
+44.95000E-06 -742.91456481E-03 +441.17084985E-03
+44.97500E-06 +2.56643213329E+00 +158.95979756E-03
+45.00000E-06 -607.83918953E-03 -535.71356183E-03
+45.02500E-06 -2.43135675782E+00 +50.41708520E-03
+45.05000E-06 +1.62090450532E+00 +506.29647727E-03
+45.07500E-06 +1.62090450519E+00 -318.62813702E-03
+45.10000E-06 -2.49889444563E+00 -362.04522195E-03
+45.12500E-06 -540.30150165E-03 +506.29647728E-03
+45.15000E-06 +2.70150750872E+00 +115.54271261E-03
+45.17500E-06 -742.91456500E-03 -579.13064677E-03
+45.20000E-06 -2.49889444550E+00 +115.54271264E-03
+45.22500E-06 +1.82351756851E+00 +506.29647728E-03
+45.25000E-06 +1.55336681744E+00 -383.75376446E-03
+45.27500E-06 -2.70150750875E+00 -340.33667947E-03
+45.30000E-06 -337.68843853E-03 +528.00501978E-03
+45.32500E-06 +2.83658288416E+00 +93.83417012E-03
+45.35000E-06 -1.01306531588E+00 -622.54773172E-03
+45.37500E-06 -2.43135675785E+00 +180.66834008E-03
+45.40000E-06 +2.02613063170E+00 +549.71356220E-03
+45.42500E-06 +1.35075375428E+00 -470.58793437E-03
+45.45000E-06 -2.83658288423E+00 -318.62813699E-03
+45.47500E-06 -202.61306303E-03 +593.13064722E-03
+45.50000E-06 +2.90412057188E+00 +50.41708515E-03
+45.52500E-06 -1.28321606676E+00 -644.25627422E-03
+45.55000E-06 -2.43135675781E+00 +245.79396753E-03
+45.57500E-06 +2.36381907023E+00 +506.29647727E-03
+45.60000E-06 +1.21567837884E+00 -514.00501935E-03
+45.62500E-06 -3.10673363507E+00 -318.62813698E-03
+45.65000E-06 +135.07537554E-03 +658.25627465E-03
+45.67500E-06 +2.97165825960E+00 +7.00000019E-03
+45.70000E-06 -1.62090450535E+00 -665.96481669E-03
+45.72500E-06 -2.43135675778E+00 +310.91959496E-03
+45.75000E-06 +2.63396982110E+00 +506.29647727E-03
+45.77500E-06 +1.01306531572E+00 -579.13064678E-03
+45.80000E-06 -3.30934669822E+00 -296.91959450E-03
+45.82500E-06 +337.68843873E-03 +679.96481714E-03
+45.85000E-06 +3.03919594732E+00 -58.12562726E-03
+45.87500E-06 -1.89105525623E+00 -687.67335917E-03
+45.90000E-06 -2.29628138237E+00 +376.04522243E-03
+45.92500E-06 +2.83658288429E+00 +506.29647726E-03
+45.95000E-06 +810.45225253E-03 -644.25627423E-03
+45.97500E-06 -3.44442207370E+00 -210.08542458E-03
+46.00000E-06 +675.37687729E-03 +723.38190209E-03
+46.02500E-06 +3.10673363500E+00 -144.95979717E-03
+46.05000E-06 -2.16120600710E+00 -709.38190164E-03
+46.07500E-06 -2.16120600694E+00 +441.17084986E-03
+46.10000E-06 +3.10673363510E+00 +484.58793478E-03
+46.12500E-06 +675.37687705E-03 -709.38190167E-03
+46.15000E-06 -3.57949744910E+00 -188.37688208E-03
+46.17500E-06 +945.52762817E-03 +788.50752953E-03
+46.20000E-06 +3.03919594728E+00 -188.37688215E-03
+46.22500E-06 -2.56643213338E+00 -731.09044412E-03
+46.25000E-06 -2.02613063146E+00 +528.00501978E-03
+46.27500E-06 +3.30934669829E+00 +462.87939230E-03
+46.30000E-06 +337.68843846E-03 -752.79898664E-03
+46.32500E-06 -3.71457282450E+00 -123.25125464E-03
+46.35000E-06 +1.28321606676E+00 +810.21607202E-03
+46.37500E-06 +3.10673363497E+00 -275.21105207E-03
+46.40000E-06 -2.83658288426E+00 -709.38190166E-03
+46.42500E-06 -1.82351756831E+00 +593.13064723E-03
+46.45000E-06 +3.64703513685E+00 +419.46230733E-03
+46.47500E-06 +67.53768758E-03 -839.63315655E-03
+46.50000E-06 -3.78211051226E+00 -58.12562721E-03
+46.52500E-06 +1.55336681767E+00 +853.63315697E-03
+46.55000E-06 +2.97165825953E+00 -362.04522200E-03
+46.57500E-06 -3.10673363517E+00 -709.38190163E-03
+46.60000E-06 -1.68844219283E+00 +679.96481714E-03
+46.62500E-06 +3.84964820001E+00 +376.04522237E-03
+46.65000E-06 -202.61306330E-03 -904.75878399E-03
+46.67500E-06 -3.91718588766E+00 +7.00000025E-03
+46.70000E-06 +1.89105525627E+00 +875.34169945E-03
+46.72500E-06 +2.90412057184E+00 -427.17084944E-03
+46.75000E-06 -3.44442207373E+00 -709.38190163E-03
+46.77500E-06 -1.41829144196E+00 +766.79898706E-03
+46.80000E-06 +4.05226126313E+00 +332.62813739E-03
+46.82500E-06 -540.30150189E-03 -948.17586894E-03
+46.85000E-06 -3.91718588766E+00 +72.12562770E-03
+46.87500E-06 +2.22874369490E+00 +897.05024193E-03
+46.90000E-06 +2.76904519633E+00 -535.71356183E-03
+46.92500E-06 -3.78211051229E+00 -644.25627419E-03
+46.95000E-06 -1.14814069108E+00 +810.21607205E-03
+46.97500E-06 +4.18733663857E+00 +267.50250995E-03
+47.00000E-06 -877.98994049E-03 -991.59295391E-03
+47.02500E-06 -3.98472357527E+00 +158.95979763E-03
+47.05000E-06 +2.63396982114E+00 +897.05024192E-03
+47.07500E-06 +2.63396982089E+00 -600.83918927E-03
+47.10000E-06 -3.98472357548E+00 -622.54773171E-03
+47.12500E-06 -877.98994013E-03 +897.05024195E-03
+47.15000E-06 +4.32241201401E+00 +202.37688250E-03
+47.17500E-06 -1.21567837912E+00 -1.01330149641E+00
+47.20000E-06 -3.91718588759E+00 +267.50251001E-03
+47.22500E-06 +2.97165825974E+00 +897.05024192E-03
+47.25000E-06 +2.36381907002E+00 -687.67335921E-03
+47.27500E-06 -4.25487432632E+00 -600.83918922E-03
+47.30000E-06 -540.30150161E-03 +962.17586941E-03
+47.32500E-06 +4.38994970169E+00 +115.54271259E-03
+47.35000E-06 -1.62090450543E+00 -1.05671858136E+00
+47.37500E-06 -3.78211051218E+00 +332.62813748E-03
+47.40000E-06 +3.30934669833E+00 +875.34169942E-03
+47.42500E-06 +2.16120600686E+00 -796.21607161E-03
+47.45000E-06 -4.38994970180E+00 -557.42210425E-03
+47.47500E-06 -135.07537529E-03 +1.02730149684E+00
+47.50000E-06 +4.52502507709E+00 +28.70854267E-03
+47.52500E-06 -2.09366831939E+00 -1.07842712384E+00
+47.55000E-06 -3.64703513671E+00 +441.17084987E-03
+47.57500E-06 +3.64703513693E+00 +875.34169944E-03
+47.60000E-06 +1.82351756826E+00 -861.34169907E-03
+47.62500E-06 -4.59256276492E+00 -492.29647681E-03
+47.65000E-06 +202.61306334E-03 +1.07071858181E+00
+47.67500E-06 +4.52502507709E+00 -36.41708479E-03
+47.70000E-06 -2.43135675806E+00 -1.07842712383E+00
+47.72500E-06 -3.51195976127E+00 +528.00501980E-03
+47.75000E-06 +3.91718588777E+00 +810.21607200E-03
+47.77500E-06 +1.55336681735E+00 -969.88441144E-03
+47.80000E-06 -4.79517582808E+00 -405.46230690E-03
+47.82500E-06 +540.30150197E-03 +1.13584420924E+00
+47.85000E-06 +4.52502507705E+00 -123.25125472E-03
+47.87500E-06 -2.76904519662E+00 -1.10013566631E+00
+47.90000E-06 -3.30934669808E+00 +636.54773221E-03
+47.92500E-06 +4.18733663872E+00 +810.21607197E-03
+47.95000E-06 +1.28321606647E+00 -1.05671858137E+00
+47.97500E-06 -4.93025120351E+00 -340.33667943E-03
+48.00000E-06 +945.52762825E-03 +1.17926129419E+00
+48.02500E-06 +4.45748738937E+00 -253.50250959E-03
+48.05000E-06 -3.17427132293E+00 -1.10013566629E+00
+48.07500E-06 -3.10673363488E+00 +745.09044461E-03
+48.10000E-06 +4.52502507720E+00 +745.09044454E-03
+48.12500E-06 +810.45225244E-03 -1.12184420882E+00
+48.15000E-06 -5.13286426660E+00 -275.21105198E-03
+48.17500E-06 +1.35075375460E+00 +1.22267837914E+00
+48.20000E-06 +4.38994970162E+00 -340.33667953E-03
+48.22500E-06 -3.51195976149E+00 -1.10013566628E+00
+48.25000E-06 -2.83658288401E+00 +831.92461454E-03
+48.27500E-06 +4.72763814040E+00 +701.67335955E-03
+48.30000E-06 +472.76381381E-03 -1.18696983625E+00
+48.32500E-06 -5.13286426660E+00 -166.66833958E-03
+48.35000E-06 +1.82351756856E+00 +1.24438692164E+00
+48.37500E-06 +4.25487432614E+00 -427.17084945E-03
+48.40000E-06 -3.84964820009E+00 -1.07842712381E+00
+48.42500E-06 -2.49889444545E+00 +918.75878446E-03
+48.45000E-06 +4.93025120351E+00 +614.83918964E-03
+48.47500E-06 +67.53768753E-03 -1.23038692123E+00
+48.50000E-06 -5.13286426660E+00 -58.12562717E-03
+48.52500E-06 +2.22874369491E+00 +1.26609546411E+00
+48.55000E-06 +4.05226126298E+00 -557.42210434E-03
+48.57500E-06 -4.18733663872E+00 -1.03501003884E+00
+48.60000E-06 -2.22874369450E+00 +1.02730149684E+00
+48.62500E-06 +5.20040195432E+00 +528.00501971E-03
+48.65000E-06 -270.15075114E-03 -1.29551254865E+00
+48.67500E-06 -5.20040195424E+00 +50.41708523E-03
+48.70000E-06 +2.56643213351E+00 +1.26609546411E+00
+48.72500E-06 +3.78211051214E+00 -665.96481675E-03
+48.75000E-06 -4.52502507724E+00 -991.59295386E-03
+48.77500E-06 -1.75597988054E+00 +1.11413566677E+00
+48.80000E-06 +5.26793964211E+00 +462.87939226E-03
+48.82500E-06 -675.37687742E-03 -1.36063817610E+00
+48.85000E-06 -5.06532657884E+00 +137.25125518E-03
+48.87500E-06 +2.97165825982E+00 +1.24438692161E+00
+48.90000E-06 +3.57949744895E+00 -752.79898667E-03
+48.92500E-06 -4.79517582812E+00 -904.75878395E-03
+48.95000E-06 -1.41829144187E+00 +1.20096983670E+00
+48.97500E-06 +5.33547732979E+00 +354.33667985E-03
+49.00000E-06 -1.14814069141E+00 -1.38234671857E+00
+49.02500E-06 -4.99778889108E+00 +245.79396757E-03
+49.05000E-06 +3.37688438610E+00 +1.24438692161E+00
+49.07500E-06 +3.24180901035E+00 -861.34169908E-03
+49.10000E-06 -4.99778889127E+00 -839.63315651E-03
+49.12500E-06 -1.01306531555E+00 +1.26609546414E+00
+49.15000E-06 +5.47055270519E+00 +267.50250993E-03
+49.17500E-06 -1.55336681777E+00 -1.42576380351E+00
+49.20000E-06 -4.79517582792E+00 +376.04522246E-03
+49.22500E-06 +3.71457282469E+00 +1.17926129418E+00
+49.25000E-06 +2.97165825940E+00 -969.88441147E-03
+49.27500E-06 -5.20040195443E+00 -774.50752905E-03
+49.30000E-06 -540.30150159E-03 +1.30951254911E+00
+49.32500E-06 +5.40301501751E+00 +137.25125504E-03
+49.35000E-06 -1.95859294408E+00 -1.44747234599E+00
+49.37500E-06 -4.59256276473E+00 +506.29647733E-03
+49.40000E-06 +4.05226126325E+00 +1.17926129414E+00
+49.42500E-06 +2.56643213312E+00 -1.10013566634E+00
+49.45000E-06 -5.33547732987E+00 -709.38190160E-03
+49.47500E-06 -202.61306296E-03 +1.39634671902E+00
+49.50000E-06 +5.33547732975E+00 +50.41708512E-03
+49.52500E-06 -2.43135675804E+00 -1.40405526104E+00
+49.55000E-06 -4.38994970153E+00 +593.13064728E-03
+49.57500E-06 +4.32241201417E+00 +1.11413566671E+00
+49.60000E-06 +2.22874369452E+00 -1.16526129381E+00
+49.62500E-06 -5.47055270527E+00 -600.83918919E-03
+49.65000E-06 +202.61306343E-03 +1.43976380397E+00
+49.67500E-06 +5.26793964203E+00 -79.83416977E-03
+49.70000E-06 -2.83658288443E+00 -1.40405526104E+00
+49.72500E-06 -4.11979895069E+00 +723.38190216E-03
+49.75000E-06 +4.59256276500E+00 +1.04901003927E+00
+49.77500E-06 +1.82351756817E+00 -1.23038692126E+00
+49.80000E-06 -5.60562808067E+00 -492.29647678E-03
+49.82500E-06 +607.83918971E-03 +1.43976380398E+00
+49.85000E-06 +5.20040195423E+00 -210.08542465E-03
+49.87500E-06 -3.17427132303E+00 -1.38234671855E+00
+49.90000E-06 -3.84964819974E+00 +853.63315702E-03
+49.92500E-06 +4.79517582816E+00 +983.88441181E-03
+49.95000E-06 +1.41829144186E+00 -1.31722109114E+00
+49.97500E-06 -5.60562808067E+00 -362.04522191E-03
+50.00000E-06 +1.14814069142E+00 +1.46147234643E+00
+50.02500E-06 +4.99778889112E+00 -340.33667953E-03
+50.05000E-06 -3.51195976154E+00 -1.33892963358E+00
+50.07500E-06 -3.51195976114E+00 +940.46732695E-03
+50.10000E-06 +5.06532657900E+00 +897.05024189E-03
+50.12500E-06 +945.52762782E-03 -1.38234671860E+00
+50.15000E-06 -5.67316576834E+00 -275.21105196E-03
+50.17500E-06 +1.48582913006E+00 +1.50488943141E+00
+50.20000E-06 +4.79517582792E+00 -448.87939196E-03
+50.22500E-06 -3.91718588786E+00 -1.31722109109E+00
+50.25000E-06 -3.03919594715E+00 +1.02730149688E+00
+50.27500E-06 +5.13286426672E+00 +810.21607195E-03
+50.30000E-06 +540.30150147E-03 -1.42576380355E+00
+50.32500E-06 -5.53809039291E+00 -144.95979709E-03
+50.35000E-06 +1.95859294405E+00 +1.46147234646E+00
+50.37500E-06 +4.59256276468E+00 -557.42210437E-03
+50.40000E-06 -4.11979895101E+00 -1.23038692118E+00
+50.42500E-06 -2.63396982083E+00 +1.09242712433E+00
+50.45000E-06 +5.33547732979E+00 +701.67335954E-03
+50.47500E-06 +135.07537515E-03 -1.46918088851E+00
+50.50000E-06 -5.47055270515E+00 -14.70854220E-03
+50.52500E-06 +2.22874369497E+00 +1.46147234643E+00
+50.55000E-06 +4.32241201384E+00 -665.96481676E-03
+50.57500E-06 -4.38994970185E+00 -1.16526129372E+00
+50.60000E-06 -2.29628138224E+00 +1.20096983670E+00
+50.62500E-06 +5.33547732983E+00 +571.42210466E-03
+50.65000E-06 -337.68843884E-03 -1.51259797346E+00
+50.67500E-06 -5.33547732971E+00 +93.83417021E-03
+50.70000E-06 +2.63396982124E+00 +1.43976380394E+00
+50.72500E-06 +3.84964819989E+00 -774.50752916E-03
+50.75000E-06 -4.59256276497E+00 -1.10013566627E+00
+50.77500E-06 -1.89105525588E+00 +1.28780400663E+00
+50.80000E-06 +5.33547732983E+00 +484.58793472E-03
+50.82500E-06 -675.37687748E-03 -1.53430651594E+00
+50.85000E-06 -5.06532657887E+00 +224.08542509E-03
+50.87500E-06 +2.97165825980E+00 +1.39634671898E+00
+50.90000E-06 +3.64703513657E+00 -883.05024156E-03
+50.92500E-06 -4.86271351580E+00 -991.59295385E-03
+50.95000E-06 -1.41829144185E+00 +1.33122109160E+00
+50.97500E-06 +5.33547732979E+00 +354.33667985E-03
+51.00000E-06 -1.14814069147E+00 -1.51259797347E+00
+51.02500E-06 -4.86271351567E+00 +310.91959502E-03
+51.05000E-06 +3.30934669839E+00 +1.33122109153E+00
+51.07500E-06 +3.17427132266E+00 -991.59295395E-03
+51.10000E-06 -4.93025120360E+00 -904.75878393E-03
+51.12500E-06 -1.01306531549E+00 +1.37463817655E+00
+51.15000E-06 +5.33547732971E+00 +245.79396744E-03
+51.17500E-06 -1.55336681774E+00 -1.51259797344E+00
+51.20000E-06 -4.66010045248E+00 +441.17084989E-03
+51.22500E-06 +3.64703513695E+00 +1.26609546408E+00
+51.25000E-06 +2.83658288398E+00 -1.07842712386E+00
+51.27500E-06 -4.99778889124E+00 -774.50752906E-03
+51.30000E-06 -540.30150154E-03 +1.41805526150E+00
+51.32500E-06 +5.06532657892E+00 +115.54271254E-03
+51.35000E-06 -1.89105525634E+00 -1.49088943095E+00
+51.37500E-06 -4.32241201388E+00 +571.42210479E-03
+51.40000E-06 +3.84964820010E+00 +1.20096983662E+00
+51.42500E-06 +2.43135675767E+00 -1.16526129379E+00
+51.45000E-06 -5.06532657896E+00 -687.67335910E-03
+51.47500E-06 -202.61306286E-03 +1.43976380399E+00
+51.50000E-06 +5.06532657883E+00 -14.70854232E-03
+51.52500E-06 -2.29628138261E+00 -1.44747234600E+00
+51.55000E-06 -4.11979895064E+00 +679.96481720E-03
+51.57500E-06 +3.98472357554E+00 +1.13584420918E+00
+51.60000E-06 +2.02613063135E+00 -1.20867837876E+00
+51.62500E-06 -5.06532657896E+00 -600.83918917E-03
+51.65000E-06 +202.61306337E-03 +1.43976380397E+00
+51.67500E-06 +4.79517582800E+00 -101.54271226E-03
+51.70000E-06 -2.56643213353E+00 -1.40405526103E+00
+51.72500E-06 -3.71457282432E+00 +766.79898711E-03
+51.75000E-06 +4.18733663866E+00 +1.02730149678E+00
+51.77500E-06 +1.55336681736E+00 -1.25209546373E+00
+51.80000E-06 -5.06532657887E+00 -448.87939183E-03
+51.82500E-06 +607.83918973E-03 +1.43976380398E+00
+51.85000E-06 +4.66010045247E+00 -231.79396715E-03
+51.87500E-06 -2.83658288437E+00 -1.36063817605E+00
+51.90000E-06 -3.30934669805E+00 +853.63315702E-03
+51.92500E-06 +4.25487432638E+00 +940.46732683E-03
+51.95000E-06 +1.21567837872E+00 -1.31722109114E+00
+51.97500E-06 -4.86271351580E+00 -340.33667941E-03
+52.00000E-06 +1.01306531596E+00 +1.43976380394E+00
+52.02500E-06 +4.38994970160E+00 -362.04522202E-03
+52.05000E-06 -3.10673363524E+00 -1.29551254859E+00
+52.07500E-06 -3.03919594713E+00 +940.46732694E-03
+52.10000E-06 +4.32241201410E+00 +831.92461444E-03
+52.12500E-06 +810.45225245E-03 -1.33892963362E+00
+52.15000E-06 -4.79517582804E+00 -210.08542454E-03
+52.17500E-06 +1.28321606683E+00 +1.41805526147E+00
+52.20000E-06 +3.98472357537E+00 -427.17084949E-03
+52.22500E-06 -3.24180901068E+00 -1.20867837870E+00
+52.25000E-06 -2.63396982082E+00 +983.88441192E-03
+52.27500E-06 +4.38994970177E+00 +723.38190203E-03
+52.30000E-06 +472.76381377E-03 -1.33892963362E+00
+52.32500E-06 -4.72763814023E+00 -101.54271212E-03
+52.35000E-06 +1.62090450543E+00 +1.37463817651E+00
+52.37500E-06 +3.78211051212E+00 -557.42210433E-03
+52.40000E-06 -3.44442207384E+00 -1.12184420877E+00
+52.42500E-06 -2.22874369450E+00 +1.04901003936E+00
+52.45000E-06 +4.38994970177E+00 +593.13064715E-03
+52.47500E-06 +67.53768754E-03 -1.36063817611E+00
+52.50000E-06 -4.45748738940E+00 +7.00000029E-03
+52.52500E-06 +1.89105525631E+00 +1.33122109153E+00
+52.55000E-06 +3.51195976120E+00 -665.96481674E-03
+52.57500E-06 -3.57949744923E+00 -1.03501003885E+00
+52.60000E-06 -1.89105525591E+00 +1.09242712428E+00
+52.62500E-06 +4.25487432633E+00 +462.87939228E-03
+52.65000E-06 -270.15075105E-03 -1.33892963361E+00
+52.67500E-06 -4.25487432624E+00 +137.25125515E-03
+52.70000E-06 +2.09366831946E+00 +1.26609546409E+00
+52.72500E-06 +3.10673363498E+00 -731.09044418E-03
+52.75000E-06 -3.71457282458E+00 -948.17586889E-03
+52.77500E-06 -1.41829144192E+00 +1.13584420926E+00
+52.80000E-06 +4.18733663857E+00 +397.75376480E-03
+52.82500E-06 -607.83918965E-03 -1.36063817608E+00
+52.85000E-06 -4.05226126304E+00 +224.08542508E-03
+52.87500E-06 +2.43135675797E+00 +1.20096983665E+00
+52.90000E-06 +2.76904519629E+00 -796.21607163E-03
+52.92500E-06 -3.78211051230E+00 -839.63315649E-03
+52.95000E-06 -1.08060300332E+00 +1.15755275176E+00
+52.97500E-06 +4.11979895085E+00 +267.50250993E-03
+53.00000E-06 -877.98994053E-03 -1.29551254865E+00
+53.02500E-06 -3.78211051217E+00 +310.91959501E-03
+53.05000E-06 +2.56643213341E+00 +1.13584420919E+00
+53.07500E-06 +2.43135675774E+00 -861.34169907E-03
+53.10000E-06 -3.78211051235E+00 -731.09044408E-03
+53.12500E-06 -810.45225245E-03 +1.17926129421E+00
+53.15000E-06 +3.98472357541E+00 +158.95979753E-03
+53.17500E-06 -1.14814069145E+00 -1.27380400615E+00
+53.20000E-06 -3.51195976129E+00 +419.46230739E-03
+53.22500E-06 +2.63396982122E+00 +1.02730149680E+00
+53.25000E-06 +2.16120600682E+00 -926.46732650E-03
+53.27500E-06 -3.78211051230E+00 -622.54773168E-03
+53.30000E-06 -405.22612613E-03 +1.17926129421E+00
+53.32500E-06 +3.78211051226E+00 +72.12562759E-03
+53.35000E-06 -1.35075375461E+00 -1.23038692118E+00
+53.37500E-06 -3.24180901041E+00 +484.58793486E-03
+53.40000E-06 +2.76904519661E+00 +962.17586932E-03
+53.42500E-06 +1.75597988051E+00 -948.17586899E-03
+53.45000E-06 -3.71457282454E+00 -535.71356174E-03
+53.47500E-06 -135.07537525E-03 +1.17926129419E+00
+53.50000E-06 +3.64703513673E+00 -36.41708481E-03
+53.52500E-06 -1.68844219311E+00 -1.16526129375E+00
+53.55000E-06 -2.90412057182E+00 +549.71356230E-03
+53.57500E-06 +2.83658288428E+00 +875.34169941E-03
+53.60000E-06 +1.41829144191E+00 -991.59295394E-03
+53.62500E-06 -3.64703513687E+00 -448.87939181E-03
+53.65000E-06 +135.07537562E-03 +1.13584420923E+00
+53.67500E-06 +3.37688438590E+00 -123.25125473E-03
+53.70000E-06 -1.82351756855E+00 -1.07842712382E+00
+53.72500E-06 -2.63396982090E+00 +636.54773221E-03
+53.75000E-06 +2.97165825968E+00 +766.79898701E-03
+53.77500E-06 +1.21567837871E+00 -1.01330149642E+00
+53.80000E-06 -3.51195976143E+00 -340.33667942E-03
+53.82500E-06 +405.22612650E-03 +1.09242712427E+00
+53.85000E-06 +3.17427132274E+00 -210.08542465E-03
+53.87500E-06 -1.95859294399E+00 -1.03501003885E+00
+53.90000E-06 -2.36381907002E+00 +679.96481716E-03
+53.92500E-06 +2.90412057200E+00 +679.96481708E-03
+53.95000E-06 +877.98994016E-03 -1.03501003888E+00
+53.97500E-06 -3.37688438599E+00 -231.79396702E-03
+54.00000E-06 +675.37687733E-03 +1.07071858179E+00
+54.02500E-06 +2.97165825958E+00 -318.62813703E-03
+54.05000E-06 -2.09366831938E+00 -948.17586892E-03
+54.07500E-06 -2.02613063143E+00 +723.38190212E-03
+54.10000E-06 +2.90412057196E+00 +593.13064716E-03
+54.12500E-06 +540.30150166E-03 -1.01330149641E+00
+54.15000E-06 -3.24180901051E+00 -144.95979709E-03
+54.17500E-06 +810.45225282E-03 +1.02730149684E+00
+54.20000E-06 +2.70150750871E+00 -383.75376449E-03
+54.22500E-06 -2.22874369482E+00 -861.34169900E-03
+54.25000E-06 -1.68844219288E+00 +766.79898708E-03
+54.27500E-06 +2.83658288424E+00 +506.29647724E-03
+54.30000E-06 +337.68843841E-03 -991.59295393E-03
+54.32500E-06 -3.03919594735E+00 -58.12562717E-03
+54.35000E-06 +1.08060300360E+00 +983.88441186E-03
+54.37500E-06 +2.49889444546E+00 -405.46230699E-03
+54.40000E-06 -2.36381907021E+00 -796.21607155E-03
+54.42500E-06 -1.41829144195E+00 +766.79898708E-03
+54.45000E-06 +2.83658288424E+00 +419.46230731E-03
+54.47500E-06 -100E-12 -969.88441145E-03
+54.50000E-06 -2.90412057186E+00 +28.70854274E-03
+54.52500E-06 +1.14814069141E+00 +897.05024194E-03
+54.55000E-06 +2.22874369458E+00 -470.58793441E-03
+54.57500E-06 -2.29628138254E+00 -709.38190163E-03
+54.60000E-06 -1.14814069113E+00 +788.50752955E-03
+54.62500E-06 +2.70150750885E+00 +289.21105244E-03
+54.65000E-06 -202.61306325E-03 -948.17586895E-03
+54.67500E-06 -2.70150750871E+00 +93.83417020E-03
+54.70000E-06 +1.28321606680E+00 +875.34169944E-03
+54.72500E-06 +1.95859294375E+00 -535.71356184E-03
+54.75000E-06 -2.29628138254E+00 -644.25627417E-03
+54.77500E-06 -877.98994030E-03 +788.50752955E-03
+54.80000E-06 +2.56643213332E+00 +224.08542498E-03
+54.82500E-06 -337.68843874E-03 -926.46732645E-03
+54.85000E-06 -2.49889444555E+00 +158.95979765E-03
+54.87500E-06 +1.48582912986E+00 +810.21607198E-03
+54.90000E-06 +1.68844219283E+00 -557.42210432E-03
+54.92500E-06 -2.29628138244E+00 -535.71356178E-03
+54.95000E-06 -675.37687709E-03 +788.50752955E-03
+54.97500E-06 +2.43135675788E+00 +158.95979754E-03
+55.00000E-06 -472.76381418E-03 -839.63315658E-03
+55.02500E-06 -2.29628138234E+00 +202.37688259E-03
+55.05000E-06 +1.55336681758E+00 +723.38190208E-03
+55.07500E-06 +1.41829144200E+00 -579.13064680E-03
+55.10000E-06 -2.22874369482E+00 -492.29647679E-03
+55.12500E-06 -540.30150156E-03 +766.79898707E-03
+55.15000E-06 +2.36381907016E+00 +72.12562763E-03
+55.17500E-06 -675.37687729E-03 -817.92461406E-03
+55.20000E-06 -2.09366831924E+00 +289.21105250E-03
+55.22500E-06 +1.55336681763E+00 +636.54773215E-03
+55.25000E-06 +1.21567837884E+00 -579.13064680E-03
+55.27500E-06 -2.16120600705E+00 -383.75376441E-03
+55.30000E-06 -270.15075083E-03 +745.09044460E-03
+55.32500E-06 +2.22874369472E+00 +28.70854265E-03
+55.35000E-06 -810.45225272E-03 -774.50752907E-03
+55.37500E-06 -1.82351756836E+00 +332.62813745E-03
+55.40000E-06 +1.55336681763E+00 +593.13064716E-03
+55.42500E-06 +945.52762797E-03 -622.54773177E-03
+55.45000E-06 -2.09366831928E+00 -318.62813697E-03
+55.47500E-06 -67.53768762E-03 +723.38190209E-03
+55.50000E-06 +2.02613063152E+00 -36.41708479E-03
+55.52500E-06 -945.52762811E-03 -709.38190166E-03
+55.55000E-06 -1.68844219287E+00 +354.33667994E-03
+55.57500E-06 +1.55336681763E+00 +549.71356220E-03
+55.60000E-06 +742.91456481E-03 -600.83918929E-03
+55.62500E-06 -2.02613063157E+00 -275.21105197E-03
+55.65000E-06 +150E-12 +701.67335961E-03
+55.67500E-06 +1.82351756841E+00 -79.83416976E-03
+55.70000E-06 -1.01306531588E+00 -644.25627422E-03
+55.72500E-06 -1.48582912967E+00 +397.75376489E-03
+55.75000E-06 +1.62090450530E+00 +462.87939229E-03
+55.77500E-06 +675.37687704E-03 -600.83918927E-03
+55.80000E-06 -1.89105525618E+00 -166.66833963E-03
+55.82500E-06 +202.61306331E-03 +636.54773218E-03
+55.85000E-06 +1.68844219297E+00 -144.95979718E-03
+55.87500E-06 -1.08060300355E+00 -579.13064677E-03
+55.90000E-06 -1.21567837894E+00 +397.75376491E-03
+55.92500E-06 +1.48582912991E+00 +376.04522238E-03
+55.95000E-06 +405.22612621E-03 -579.13064679E-03
+55.97500E-06 -1.75597988074E+00 -123.25125464E-03
+56.00000E-06 +270.15075098E-03 +614.83918969E-03
+56.02500E-06 +1.55336681753E+00 -210.08542461E-03
+56.05000E-06 -1.08060300360E+00 -557.42210426E-03
+56.07500E-06 -1.08060300340E+00 +419.46230739E-03
+56.10000E-06 +1.55336681753E+00 +310.91959493E-03
+56.12500E-06 +202.61306311E-03 -579.13064680E-03
+56.15000E-06 -1.75597988064E+00 -101.54271214E-03
+56.17500E-06 +405.22612641E-03 +593.13064719E-03
+56.20000E-06 +1.35075375438E+00 -231.79396711E-03
+56.22500E-06 -1.14814069127E+00 -514.00501931E-03
+56.25000E-06 -877.98994029E-03 +441.17084985E-03
+56.27500E-06 +1.41829144220E+00 +267.50250997E-03
+56.30000E-06 +135.07537534E-03 -579.13064676E-03
+56.32500E-06 -1.62090450520E+00 -14.70854223E-03
+56.35000E-06 +472.76381413E-03 +528.00501975E-03
+56.37500E-06 +1.21567837889E+00 -253.50250957E-03
+56.40000E-06 -1.14814069122E+00 -448.87939187E-03
+56.42500E-06 -742.91456481E-03 +419.46230739E-03
+56.45000E-06 +1.35075375438E+00 +202.37688253E-03
+56.47500E-06 -50E-12 -535.71356183E-03
+56.50000E-06 -1.48582912982E+00 +28.70854271E-03
+56.52500E-06 +472.76381418E-03 +506.29647726E-03
+56.55000E-06 +1.01306531578E+00 -275.21105205E-03
+56.57500E-06 -1.14814069122E+00 -383.75376441E-03
+56.60000E-06 -607.83918942E-03 +441.17084984E-03
+56.62500E-06 +1.28321606671E+00 +137.25125509E-03
+56.65000E-06 -67.53768782E-03 -535.71356178E-03
+56.67500E-06 -1.28321606666E+00 +72.12562768E-03
+56.70000E-06 +607.83918952E-03 +462.87939232E-03
+56.72500E-06 +877.98994029E-03 -275.21105207E-03
+56.75000E-06 -1.08060300355E+00 -340.33667946E-03
+56.77500E-06 -405.22612626E-03 +419.46230739E-03
+56.80000E-06 +1.28321606661E+00 +115.54271257E-03
+56.82500E-06 -202.61306321E-03 -514.00501931E-03
+56.85000E-06 -1.21567837894E+00 +93.83417017E-03
+56.87500E-06 +607.83918952E-03 +397.75376488E-03
+56.90000E-06 +742.91456486E-03 -296.91959454E-03
+56.92500E-06 -1.08060300350E+00 -275.21105202E-03
+56.95000E-06 -337.68843854E-03 +419.46230736E-03
+56.97500E-06 +1.08060300355E+00 +93.83417009E-03
+57.00000E-06 -270.15075088E-03 -448.87939189E-03
+57.02500E-06 -1.08060300350E+00 +115.54271265E-03
+57.05000E-06 +675.37687724E-03 +354.33667991E-03
+57.07500E-06 +675.37687714E-03 -296.91959455E-03
+57.10000E-06 -1.01306531583E+00 -231.79396704E-03
+57.12500E-06 -270.15075077E-03 +397.75376488E-03
+57.15000E-06 +1.08060300345E+00 +28.70854266E-03
+57.17500E-06 -337.68843865E-03 -405.46230692E-03
+57.20000E-06 -1.01306531573E+00 +158.95979758E-03
+57.22500E-06 +675.37687724E-03 +332.62813740E-03
+57.25000E-06 +540.30150170E-03 -318.62813702E-03
+57.27500E-06 -1.01306531578E+00 -188.37688208E-03
+57.30000E-06 -135.07537539E-03 +376.04522241E-03
+57.32500E-06 +945.52762812E-03 -14.70854228E-03
+57.35000E-06 -405.22612631E-03 -405.46230689E-03
+57.37500E-06 -877.98994029E-03 +158.95979762E-03
+57.40000E-06 +675.37687724E-03 +289.21105244E-03
+57.42500E-06 +405.22612626E-03 -318.62813700E-03
+57.45000E-06 -945.52762806E-03 -123.25125467E-03
+57.47500E-06 -67.53768767E-03 +354.33667991E-03
+57.50000E-06 +877.98994029E-03 -36.41708476E-03
+57.52500E-06 -405.22612637E-03 -340.33667948E-03
+57.55000E-06 -742.91456491E-03 +158.95979762E-03
+57.57500E-06 +675.37687719E-03 +224.08542504E-03
+57.60000E-06 +337.68843854E-03 -296.91959455E-03
+57.62500E-06 -877.98994035E-03 -123.25125465E-03
+57.65000E-06 +50E-12 +332.62813743E-03
+57.67500E-06 +810.45225263E-03 -58.12562726E-03
+57.70000E-06 -405.22612642E-03 -318.62813700E-03
+57.72500E-06 -675.37687714E-03 +180.66834008E-03
+57.75000E-06 +675.37687719E-03 +202.37688253E-03
+57.77500E-06 +202.61306316E-03 -275.21105205E-03
+57.80000E-06 -810.45225268E-03 -79.83416973E-03
+57.82500E-06 +67.53768777E-03 +289.21105247E-03
+57.85000E-06 +675.37687719E-03 -101.54271217E-03
+57.87500E-06 -472.76381403E-03 -275.21105202E-03
+57.90000E-06 -540.30150170E-03 +180.66834008E-03
+57.92500E-06 +607.83918952E-03 +158.95979757E-03
+57.95000E-06 +202.61306310E-03 -296.91959452E-03
+57.97500E-06 -742.91456496E-03 -36.41708473E-03
+58.00000E-06 +135.07537544E-03 +289.21105245E-03
+58.02500E-06 +607.83918952E-03 -101.54271221E-03
+58.05000E-06 -472.76381403E-03 -253.50250954E-03
+58.07500E-06 -405.22612631E-03 +202.37688256E-03
+58.10000E-06 +540.30150175E-03 +137.25125509E-03
+58.12500E-06 +67.53768772E-03 -275.21105204E-03
+58.15000E-06 -675.37687719E-03 -14.70854225E-03
+58.17500E-06 +135.07537544E-03 +267.50250997E-03
+58.20000E-06 +540.30150170E-03 -101.54271222E-03
+58.22500E-06 -472.76381409E-03 -210.08542458E-03
+58.25000E-06 -405.22612626E-03 +158.95979764E-03
+58.27500E-06 +472.76381409E-03 +93.83417014E-03
+58.30000E-06 +0.0E+00 -253.50250956E-03
+58.32500E-06 -607.83918947E-03 +7.00000022E-03
+58.35000E-06 +202.61306316E-03 +224.08542504E-03
+58.37500E-06 +472.76381398E-03 -123.25125469E-03
+58.40000E-06 -472.76381409E-03 -188.37688213E-03
+58.42500E-06 -337.68843854E-03 +180.66834006E-03
+58.45000E-06 +540.30150170E-03 +72.12562766E-03
+58.47500E-06 +67.53768766E-03 -231.79396708E-03
+58.50000E-06 -540.30150175E-03 +7.00000023E-03
+58.52500E-06 +202.61306321E-03 +202.37688255E-03
+58.55000E-06 +405.22612631E-03 -123.25125469E-03
+58.57500E-06 -472.76381403E-03 -166.66833962E-03
+58.60000E-06 -270.15075082E-03 +180.66834006E-03
+58.62500E-06 +472.76381403E-03 +50.41708518E-03
+58.65000E-06 -67.53768772E-03 -210.08542461E-03
+58.67500E-06 -540.30150175E-03 +50.41708518E-03
+58.70000E-06 +202.61306316E-03 +202.37688255E-03
+58.72500E-06 +270.15075093E-03 -123.25125469E-03
+58.75000E-06 -405.22612631E-03 -123.25125467E-03
+58.77500E-06 -202.61306316E-03 +180.66834006E-03
+58.80000E-06 +405.22612637E-03 +28.70854268E-03
+58.82500E-06 -67.53768772E-03 -231.79396706E-03
+58.85000E-06 -472.76381403E-03 +50.41708520E-03
+58.87500E-06 +202.61306316E-03 +158.95979760E-03
+58.90000E-06 +270.15075082E-03 -144.95979715E-03
+58.92500E-06 -472.76381398E-03 -101.54271221E-03
+58.95000E-06 -135.07537544E-03 +158.95979760E-03
+58.97500E-06 +405.22612626E-03 +7.00000022E-03
+59.00000E-06 -135.07537544E-03 -188.37688211E-03
+59.02500E-06 -472.76381398E-03 +50.41708520E-03
+59.05000E-06 +202.61306316E-03 +137.25125510E-03
+59.07500E-06 +202.61306316E-03 -144.95979715E-03
+59.10000E-06 -405.22612637E-03 -79.83416969E-03
+59.12500E-06 -135.07537538E-03 +137.25125510E-03
+59.15000E-06 +337.68843859E-03 -14.70854226E-03
+59.17500E-06 -135.07537549E-03 -166.66833963E-03
+59.20000E-06 -337.68843859E-03 +50.41708518E-03
+59.22500E-06 +202.61306316E-03 +93.83417016E-03
+59.25000E-06 +202.61306310E-03 -144.95979713E-03
+59.27500E-06 -405.22612626E-03 -79.83416971E-03
+59.30000E-06 -67.53768772E-03 +137.25125510E-03
+59.32500E-06 +270.15075093E-03 -14.70854228E-03
+59.35000E-06 -67.53768783E-03 -144.95979717E-03
+59.37500E-06 -337.68843854E-03 +72.12562766E-03
+59.40000E-06 +202.61306316E-03 +115.54271259E-03
+59.42500E-06 +135.07537544E-03 -144.95979713E-03
+59.45000E-06 -405.22612626E-03 -58.12562723E-03
+59.47500E-06 -67.53768772E-03 +158.95979757E-03
+59.50000E-06 +270.15075088E-03 -14.70854226E-03
+59.52500E-06 -202.61306310E-03 -144.95979715E-03
+59.55000E-06 -270.15075088E-03 +50.41708520E-03
+59.57500E-06 +202.61306316E-03 +72.12562766E-03
+59.60000E-06 +67.53768772E-03 -101.54271221E-03
+59.62500E-06 -337.68843859E-03 -58.12562721E-03
+59.65000E-06 -67.53768766E-03 +115.54271262E-03
+59.67500E-06 +202.61306316E-03 -36.41708475E-03
+59.70000E-06 -135.07537544E-03 -123.25125465E-03
+59.72500E-06 -202.61306316E-03 +50.41708518E-03
+59.75000E-06 +135.07537549E-03 +72.12562764E-03
+59.77500E-06 +67.53768766E-03 -123.25125465E-03
+59.80000E-06 -337.68843859E-03 -36.41708475E-03
+59.82500E-06 +60E-12 +93.83417016E-03
+59.85000E-06 +135.07537549E-03 -36.41708476E-03
+59.87500E-06 -202.61306310E-03 -101.54271219E-03
+59.90000E-06 -202.61306321E-03 +72.12562766E-03
+59.92500E-06 +135.07537549E-03 +50.41708516E-03
+59.95000E-06 +67.53768766E-03 -101.54271219E-03
+59.97500E-06 -270.15075093E-03 -14.70854226E-03
+60.00000E-06 +0.0E+00 +93.83417014E-03
+60.02500E-06 +270.15075082E-03 -36.41708476E-03
+60.05000E-06 -202.61306316E-03 -79.83416971E-03
+60.07500E-06 -135.07537544E-03 +72.12562764E-03
+60.10000E-06 +135.07537544E-03 +28.70854272E-03
+60.12500E-06 -67.53768766E-03 -79.83416973E-03
+60.15000E-06 -270.15075088E-03 -14.70854225E-03
+60.17500E-06 +0.0E+00 +93.83417014E-03
+60.20000E-06 +135.07537538E-03 -58.12562725E-03
+60.22500E-06 -135.07537549E-03 -101.54271217E-03
+60.25000E-06 -135.07537549E-03 +50.41708518E-03
+60.27500E-06 +135.07537544E-03 +50.41708516E-03
+60.30000E-06 -60E-12 -79.83416973E-03
+60.32500E-06 -270.15075082E-03 +7.00000022E-03
+60.35000E-06 +67.53768772E-03 +72.12562766E-03
+60.37500E-06 +67.53768772E-03 -36.41708475E-03
+60.40000E-06 -135.07537544E-03 -79.83416971E-03
+60.42500E-06 -135.07537544E-03 +50.41708518E-03
+60.45000E-06 +135.07537544E-03 +7.00000022E-03
+60.47500E-06 +0.0E+00 -58.12562725E-03
+60.50000E-06 -202.61306316E-03 +7.00000022E-03
+60.52500E-06 +60E-12 +50.41708518E-03
+60.55000E-06 +135.07537544E-03 -58.12562723E-03
+60.57500E-06 -202.61306316E-03 -36.41708476E-03
+60.60000E-06 -135.07537544E-03 +50.41708516E-03
+60.62500E-06 +135.07537544E-03 +7.00000022E-03
+60.65000E-06 -60E-12 -79.83416969E-03
+60.67500E-06 -202.61306316E-03 +7.00000022E-03
+60.70000E-06 +0.0E+00 +50.41708518E-03
+60.72500E-06 +67.53768772E-03 -58.12562723E-03
+60.75000E-06 -67.53768783E-03 -58.12562721E-03
+60.77500E-06 -67.53768772E-03 +50.41708518E-03
+60.80000E-06 +135.07537538E-03 +7.00000018E-03
+60.82500E-06 -67.53768766E-03 -79.83416971E-03
+60.85000E-06 -202.61306310E-03 +7.00000023E-03
+60.87500E-06 +0.0E+00 +50.41708518E-03
+60.90000E-06 +0.0E+00 -36.41708476E-03
+60.92500E-06 -202.61306310E-03 -36.41708476E-03
+60.95000E-06 -67.53768772E-03 +50.41708518E-03
+60.97500E-06 +135.07537538E-03 +7.00000020E-03
+61.00000E-06 -67.53768772E-03 -58.12562725E-03
+61.02500E-06 -135.07537544E-03 +7.00000023E-03
+61.05000E-06 +67.53768772E-03 +28.70854272E-03
+61.07500E-06 +67.53768766E-03 -36.41708475E-03
+61.10000E-06 -135.07537550E-03 -36.41708473E-03
+61.12500E-06 -67.53768766E-03 +50.41708518E-03
+61.15000E-06 +135.07537538E-03 -14.70854226E-03
+61.17500E-06 -60E-12 -58.12562723E-03
+61.20000E-06 -135.07537544E-03 +7.00000022E-03
+61.22500E-06 +67.53768772E-03 +7.00000024E-03
+61.25000E-06 +67.53768766E-03 -36.41708475E-03
+61.27500E-06 -135.07537544E-03 -14.70854226E-03
+61.30000E-06 +0.0E+00 +50.41708516E-03
+61.32500E-06 +67.53768772E-03 +7.00000020E-03
+61.35000E-06 -67.53768772E-03 -58.12562721E-03
+61.37500E-06 -67.53768778E-03 +28.70854270E-03
+61.40000E-06 +60E-12 +7.00000022E-03
+61.42500E-06 +0.0E+00 -36.41708477E-03
+61.45000E-06 -67.53768778E-03 -36.41708475E-03
+61.47500E-06 -67.53768772E-03 +7.00000022E-03
+61.50000E-06 +0.0E+00 -14.70854226E-03
+61.52500E-06 -135.07537538E-03 -36.41708475E-03
+61.55000E-06 -67.53768772E-03 +7.00000024E-03
+61.57500E-06 +0.0E+00 +7.00000022E-03
+61.60000E-06 +0.0E+00 -58.12562723E-03
+61.62500E-06 -67.53768772E-03 -58.12562719E-03
+61.65000E-06 +0.0E+00 +28.70854270E-03
+61.67500E-06 +0.0E+00 -14.70854226E-03
+61.70000E-06 -67.53768772E-03 -36.41708475E-03
+61.72500E-06 -135.07537538E-03 +7.00000022E-03
+61.75000E-06 +0.0E+00 +7.00000022E-03
+61.77500E-06 -67.53768766E-03 -36.41708477E-03
+61.80000E-06 -135.07537538E-03 -14.70854228E-03
+61.82500E-06 -67.53768766E-03 +28.70854270E-03
+61.85000E-06 +0.0E+00 -14.70854226E-03
+61.87500E-06 -67.53768772E-03 -36.41708475E-03
+61.90000E-06 -67.53768778E-03 +7.00000022E-03
+61.92500E-06 +67.53768766E-03 +28.70854268E-03
+61.95000E-06 +0.0E+00 -36.41708475E-03
+61.97500E-06 -67.53768778E-03 -14.70854226E-03
+62.00000E-06 -60E-12 +28.70854268E-03
+62.02500E-06 +67.53768760E-03 -14.70854226E-03
+62.05000E-06 -60E-12 -36.41708473E-03
+62.07500E-06 -135.07537538E-03 +7.00000022E-03
+62.10000E-06 +0.0E+00 +7.00000022E-03
+62.12500E-06 -135.07537532E-03 -14.70854228E-03
+62.15000E-06 -67.53768772E-03 -14.70854226E-03
+62.17500E-06 -67.53768766E-03 +7.00000022E-03
+62.20000E-06 +0.0E+00 -14.70854226E-03
+62.22500E-06 -67.53768772E-03 -36.41708473E-03
+62.25000E-06 -67.53768772E-03 +7.00000022E-03
+62.27500E-06 +0.0E+00 +7.00000022E-03
+62.30000E-06 -60E-12 -36.41708473E-03
+62.32500E-06 -67.53768772E-03 -14.70854226E-03
+62.35000E-06 +0.0E+00 +7.00000022E-03
+62.37500E-06 +0.0E+00 -14.70854226E-03
+62.40000E-06 -135.07537538E-03 -14.70854228E-03
+62.42500E-06 -135.07537538E-03 +7.00000022E-03
+62.45000E-06 -60E-12 +7.00000022E-03
+62.47500E-06 -60E-12 -36.41708473E-03
+62.50000E-06 -67.53768778E-03 +7.00000022E-03
+62.52500E-06 +60E-12 +7.00000020E-03
+62.55000E-06 +67.53768766E-03 -36.41708471E-03
+62.57500E-06 -67.53768772E-03 -14.70854228E-03
+62.60000E-06 -67.53768772E-03 +7.00000022E-03
+62.62500E-06 +0.0E+00 -36.41708473E-03
+62.65000E-06 -67.53768772E-03 -14.70854226E-03
+62.67500E-06 -67.53768772E-03 +7.00000022E-03
+62.70000E-06 -67.53768766E-03 +7.00000020E-03
+62.72500E-06 -67.53768766E-03 -14.70854226E-03
+62.75000E-06 -67.53768772E-03 -14.70854226E-03
+62.77500E-06 +0.0E+00 +7.00000022E-03
+62.80000E-06 +0.0E+00 +7.00000020E-03
+62.82500E-06 -67.53768772E-03 -36.41708473E-03
+62.85000E-06 -67.53768766E-03 -14.70854225E-03
+62.87500E-06 -60E-12 +7.00000022E-03
+62.90000E-06 -67.53768772E-03 -14.70854228E-03
+62.92500E-06 -67.53768766E-03 -14.70854228E-03
+62.95000E-06 -67.53768772E-03 +7.00000022E-03
+62.97500E-06 +0.0E+00 +7.00000020E-03
+63.00000E-06 -67.53768772E-03 -14.70854228E-03
+63.02500E-06 -67.53768772E-03 -36.41708473E-03
+63.05000E-06 -60E-12 +7.00000022E-03
+63.07500E-06 -67.53768766E-03 -14.70854226E-03
+63.10000E-06 -67.53768772E-03 -14.70854226E-03
+63.12500E-06 -67.53768772E-03 +7.00000022E-03
+63.15000E-06 -60E-12 -14.70854226E-03
+63.17500E-06 -67.53768766E-03 -14.70854226E-03
+63.20000E-06 -60E-12 -14.70854226E-03
+63.22500E-06 -67.53768766E-03 -14.70854225E-03
+63.25000E-06 -67.53768766E-03 -14.70854225E-03
+63.27500E-06 +0.0E+00 +7.00000020E-03
+63.30000E-06 +0.0E+00 +7.00000022E-03
+63.32500E-06 -67.53768766E-03 -14.70854226E-03
+63.35000E-06 +0.0E+00 -36.41708473E-03
+63.37500E-06 -67.53768772E-03 +7.00000020E-03
+63.40000E-06 +0.0E+00 +7.00000020E-03
+63.42500E-06 -60E-12 -36.41708473E-03
+63.45000E-06 +0.0E+00 +7.00000022E-03
+63.47500E-06 -67.53768772E-03 +7.00000022E-03
+63.50000E-06 -67.53768772E-03 -14.70854226E-03
+63.52500E-06 -67.53768766E-03 -14.70854229E-03
+63.55000E-06 -60E-12 -14.70854224E-03
+63.57500E-06 -67.53768772E-03 -14.70854224E-03
+63.60000E-06 -67.53768772E-03 -14.70854229E-03
+63.62500E-06 -67.53768772E-03 -14.70854226E-03
+63.65000E-06 +0.0E+00 -14.70854224E-03
+63.67500E-06 +0.0E+00 +7.00000020E-03
+63.70000E-06 -60E-12 -14.70854226E-03
+63.72500E-06 -67.53768772E-03 +7.00000020E-03
+63.75000E-06 -60E-12 -14.70854224E-03
+63.77500E-06 -67.53768772E-03 -14.70854226E-03
+63.80000E-06 -67.53768772E-03 -14.70854229E-03
+63.82500E-06 -67.53768778E-03 -14.70854224E-03
+63.85000E-06 +0.0E+00 -14.70854224E-03
+63.87500E-06 -60E-12 +7.00000020E-03
+63.90000E-06 -67.53768772E-03 -14.70854226E-03
+63.92500E-06 +0.0E+00 +7.00000022E-03
+63.95000E-06 +0.0E+00 -36.41708473E-03
+63.97500E-06 -67.53768772E-03 +7.00000022E-03
+64.00000E-06 +0.0E+00 +7.00000022E-03
+64.02500E-06 -67.53768766E-03 -14.70854226E-03
+64.05000E-06 +0.0E+00 -14.70854226E-03
+64.07500E-06 -67.53768772E-03 +7.00000022E-03
+64.10000E-06 -67.53768772E-03 +7.00000022E-03
+64.12500E-06 -67.53768766E-03 -14.70854226E-03
+64.15000E-06 -60E-12 -14.70854226E-03
+64.17500E-06 -60E-12 -14.70854224E-03
+64.20000E-06 -67.53768765E-03 -14.70854226E-03
+64.22500E-06 -67.53768765E-03 -36.41708475E-03
+64.25000E-06 -60E-12 +7.00000022E-03
+64.27500E-06 -60E-12 +7.00000022E-03
+64.30000E-06 -67.53768772E-03 +7.00000020E-03
+64.32500E-06 -67.53768772E-03 -14.70854226E-03
+64.35000E-06 -60E-12 -14.70854224E-03
+64.37500E-06 +0.0E+00 +7.00000020E-03
+64.40000E-06 +0.0E+00 +7.00000017E-03
+64.42500E-06 +0.0E+00 -14.70854224E-03
+64.45000E-06 -67.53768765E-03 -14.70854224E-03
+64.47500E-06 -60E-12 +7.00000020E-03
+64.50000E-06 -67.53768772E-03 -14.70854226E-03
+64.52500E-06 +60E-12 -14.70854226E-03
+64.55000E-06 +67.53768765E-03 -36.41708470E-03
+64.57500E-06 -67.53768772E-03 -14.70854224E-03
+64.60000E-06 -60E-12 +7.00000017E-03
+64.62500E-06 +0.0E+00 -36.41708473E-03
+64.65000E-06 -60E-12 -14.70854226E-03
+64.67500E-06 -67.53768772E-03 +7.00000022E-03
+64.70000E-06 -67.53768772E-03 +7.00000022E-03
+64.72500E-06 -67.53768765E-03 +7.00000022E-03
+64.75000E-06 -60E-12 -14.70854226E-03
+64.77500E-06 +0.0E+00 -14.70854224E-03
+64.80000E-06 -67.53768765E-03 -14.70854229E-03
+64.82500E-06 -67.53768765E-03 -36.41708473E-03
+64.85000E-06 -60E-12 -14.70854226E-03
+64.87500E-06 -67.53768772E-03 +7.00000020E-03
+64.90000E-06 -67.53768772E-03 +7.00000020E-03
+64.92500E-06 -67.53768772E-03 -14.70854226E-03
+64.95000E-06 +0.0E+00 -36.41708473E-03
+64.97500E-06 +0.0E+00 -14.70854226E-03
+65.00000E-06 +0.0E+00 -36.41708475E-03
+65.02500E-06 -67.53768772E-03 -14.70854226E-03
+65.05000E-06 -60E-12 -14.70854224E-03
+65.07500E-06 +0.0E+00 +7.00000020E-03
+65.10000E-06 -67.53768772E-03 +7.00000020E-03
+65.12500E-06 +0.0E+00 -14.70854226E-03
+65.15000E-06 -70E-12 -36.41708473E-03
+65.17500E-06 -67.53768772E-03 -14.70854226E-03
+65.20000E-06 -67.53768765E-03 +7.00000017E-03
+65.22500E-06 -67.53768772E-03 -14.70854224E-03
+65.25000E-06 -70E-12 -14.70854226E-03
+65.27500E-06 -67.53768772E-03 -14.70854226E-03
+65.30000E-06 -67.53768772E-03 -14.70854226E-03
+65.32500E-06 -67.53768765E-03 -14.70854226E-03
+65.35000E-06 -70E-12 -36.41708473E-03
+65.37500E-06 -67.53768772E-03 -14.70854226E-03
+65.40000E-06 -67.53768765E-03 -14.70854229E-03
+65.42500E-06 -70E-12 -36.41708472E-03
+65.45000E-06 -70E-12 -14.70854224E-03
+65.47500E-06 -67.53768765E-03 +7.00000019E-03
+65.50000E-06 -67.53768772E-03 +7.00000022E-03
+65.52500E-06 +0.0E+00 -14.70854226E-03
+65.55000E-06 -67.53768765E-03 -14.70854224E-03
+65.57500E-06 -70E-12 +7.00000019E-03
+65.60000E-06 +0.0E+00 -14.70854226E-03
+65.62500E-06 -67.53768765E-03 -14.70854226E-03
+65.65000E-06 -70E-12 +7.00000022E-03
+65.67500E-06 -67.53768772E-03 -14.70854224E-03
+65.70000E-06 +0.0E+00 +7.00000019E-03
+65.72500E-06 +0.0E+00 -14.70854226E-03
+65.75000E-06 -67.53768772E-03 -36.41708472E-03
+65.77500E-06 -67.53768772E-03 -14.70854226E-03
+65.80000E-06 -67.53768772E-03 -14.70854229E-03
+65.82500E-06 +0.0E+00 -14.70854226E-03
+65.85000E-06 -67.53768765E-03 -14.70854224E-03
+65.87500E-06 -70E-12 +7.00000022E-03
+65.90000E-06 -67.53768772E-03 +7.00000022E-03
+65.92500E-06 -67.53768765E-03 -14.70854226E-03
+65.95000E-06 -70E-12 +7.00000022E-03
+65.97500E-06 -67.53768772E-03 +7.00000022E-03
+66.00000E-06 -67.53768765E-03 +7.00000019E-03
+66.02500E-06 +0.0E+00 -14.70854224E-03
+66.05000E-06 -67.53768772E-03 +7.00000022E-03
+66.07500E-06 -67.53768772E-03 +7.00000022E-03
+66.10000E-06 +0.0E+00 +7.00000019E-03
+66.12500E-06 -67.53768765E-03 -14.70854226E-03
+66.15000E-06 -70E-12 -36.41708472E-03
+66.17500E-06 -67.53768772E-03 -14.70854226E-03
+66.20000E-06 +0.0E+00 -14.70854229E-03
+66.22500E-06 -67.53768772E-03 -14.70854224E-03
+66.25000E-06 +0.0E+00 +7.00000022E-03
+66.27500E-06 -70E-12 -14.70854224E-03
+66.30000E-06 +0.0E+00 -14.70854226E-03
+66.32500E-06 -67.53768759E-03 -14.70854226E-03
+66.35000E-06 -67.53768772E-03 -14.70854224E-03
+66.37500E-06 -67.53768772E-03 -14.70854226E-03
+66.40000E-06 -67.53768765E-03 -14.70854229E-03
+66.42500E-06 -67.53768772E-03 -14.70854224E-03
+66.45000E-06 -70E-12 -14.70854226E-03
+66.47500E-06 -67.53768772E-03 +7.00000022E-03
+66.50000E-06 +0.0E+00 -14.70854226E-03
+66.52500E-06 -67.53768772E-03 -14.70854229E-03
+66.55000E-06 -70E-12 -14.70854226E-03
+66.57500E-06 -67.53768765E-03 +7.00000019E-03
+66.60000E-06 -67.53768765E-03 -14.70854226E-03
+66.62500E-06 -67.53768765E-03 -14.70854226E-03
+66.65000E-06 -67.53768772E-03 -14.70854226E-03
+66.67500E-06 -70E-12 +7.00000022E-03
+66.70000E-06 -67.53768772E-03 -14.70854224E-03
+66.72500E-06 +0.0E+00 +7.00000019E-03
+66.75000E-06 -70E-12 -36.41708470E-03
+66.77500E-06 -67.53768772E-03 -14.70854226E-03
+66.80000E-06 -67.53768772E-03 +7.00000017E-03
+66.82500E-06 -70E-12 -14.70854224E-03
+66.85000E-06 -67.53768765E-03 -14.70854224E-03
+66.87500E-06 -67.53768772E-03 +7.00000019E-03
+66.90000E-06 -67.53768772E-03 +7.00000022E-03
+66.92500E-06 -67.53768765E-03 -14.70854226E-03
+66.95000E-06 -70E-12 -14.70854224E-03
+66.97500E-06 -70E-12 +7.00000022E-03
+67.00000E-06 -67.53768765E-03 -14.70854226E-03
+67.02500E-06 -67.53768765E-03 -14.70854224E-03
+67.05000E-06 +0.0E+00 -14.70854224E-03
+67.07500E-06 +0.0E+00 +7.00000022E-03
+67.10000E-06 -67.53768765E-03 +7.00000019E-03
+67.12500E-06 -67.53768765E-03 -14.70854226E-03
+67.15000E-06 -70E-12 -14.70854224E-03
+67.17500E-06 -67.53768772E-03 -14.70854224E-03
+67.20000E-06 -67.53768765E-03 -14.70854229E-03
+67.22500E-06 +0.0E+00 -14.70854226E-03
+67.25000E-06 -67.53768772E-03 -14.70854226E-03
+67.27500E-06 -67.53768765E-03 -14.70854226E-03
+67.30000E-06 -70E-12 -14.70854226E-03
+67.32500E-06 -67.53768765E-03 +7.00000019E-03
+67.35000E-06 -70E-12 -14.70854224E-03
+67.37500E-06 -67.53768772E-03 +7.00000019E-03
+67.40000E-06 -67.53768772E-03 +7.00000019E-03
+67.42500E-06 +0.0E+00 -14.70854224E-03
+67.45000E-06 -67.53768765E-03 -14.70854229E-03
+67.47500E-06 -70E-12 +7.00000022E-03
+67.50000E-06 -67.53768779E-03 -14.70854224E-03
+67.52500E-06 -67.53768765E-03 -14.70854226E-03
+67.55000E-06 -67.53768765E-03 -14.70854224E-03
+67.57500E-06 -70E-12 +7.00000019E-03
+67.60000E-06 -70E-12 +7.00000019E-03
+67.62500E-06 +0.0E+00 -14.70854226E-03
+67.65000E-06 +0.0E+00 +7.00000019E-03
+67.67500E-06 -67.53768772E-03 -14.70854226E-03
+67.70000E-06 -67.53768772E-03 +7.00000022E-03
+67.72500E-06 -67.53768765E-03 -14.70854226E-03
+67.75000E-06 +0.0E+00 +7.00000022E-03
+67.77500E-06 -67.53768772E-03 +7.00000019E-03
+67.80000E-06 -67.53768765E-03 -14.70854226E-03
+67.82500E-06 -70E-12 -14.70854226E-03
+67.85000E-06 -67.53768765E-03 -14.70854229E-03
+67.87500E-06 -70E-12 +7.00000019E-03
+67.90000E-06 +0.0E+00 -14.70854224E-03
+67.92500E-06 -67.53768765E-03 -14.70854224E-03
+67.95000E-06 -67.53768772E-03 -14.70854226E-03
+67.97500E-06 -67.53768765E-03 -14.70854226E-03
+68.00000E-06 -67.53768765E-03 -14.70854226E-03
+68.02500E-06 -67.53768765E-03 -14.70854224E-03
+68.05000E-06 -67.53768765E-03 -14.70854226E-03
+68.07500E-06 -67.53768772E-03 -14.70854226E-03
+68.10000E-06 -67.53768765E-03 -14.70854226E-03
+68.12500E-06 -135.07537537E-03 -14.70854224E-03
+68.15000E-06 -70E-12 -14.70854224E-03
+68.17500E-06 -67.53768772E-03 +7.00000019E-03
+68.20000E-06 -67.53768765E-03 +7.00000019E-03
+68.22500E-06 -70E-12 -36.41708472E-03
+68.25000E-06 -67.53768772E-03 -14.70854224E-03
+68.27500E-06 -67.53768772E-03 -14.70854224E-03
+68.30000E-06 -67.53768772E-03 +7.00000022E-03
+68.32500E-06 -135.07537537E-03 +7.00000019E-03
+68.35000E-06 +0.0E+00 -14.70854224E-03
+68.37500E-06 -70E-12 +7.00000022E-03
+68.40000E-06 -67.53768772E-03 -14.70854229E-03
+68.42500E-06 +0.0E+00 -36.41708472E-03
+68.45000E-06 -70E-12 -14.70854224E-03
+68.47500E-06 -67.53768772E-03 +7.00000022E-03
+68.50000E-06 -67.53768779E-03 -14.70854226E-03
+68.52500E-06 -67.53768765E-03 -14.70854226E-03
+68.55000E-06 -67.53768765E-03 -14.70854224E-03
+68.57500E-06 -67.53768772E-03 +7.00000022E-03
+68.60000E-06 +0.0E+00 +7.00000019E-03
+68.62500E-06 +0.0E+00 -14.70854224E-03
+68.65000E-06 -67.53768772E-03 -14.70854224E-03
+68.67500E-06 -67.53768772E-03 +7.00000022E-03
+68.70000E-06 -67.53768772E-03 +7.00000019E-03
+68.72500E-06 -67.53768765E-03 -14.70854226E-03
+68.75000E-06 -70E-12 +7.00000022E-03
+68.77500E-06 -67.53768779E-03 +7.00000019E-03
+68.80000E-06 -67.53768772E-03 -14.70854226E-03
+68.82500E-06 +0.0E+00 -14.70854226E-03
+68.85000E-06 -67.53768765E-03 -14.70854226E-03
+68.87500E-06 -67.53768772E-03 -14.70854226E-03
+68.90000E-06 -67.53768765E-03 +7.00000019E-03
+68.92500E-06 -67.53768765E-03 +7.00000022E-03
+68.95000E-06 -70E-12 -14.70854226E-03
+68.97500E-06 -67.53768765E-03 +7.00000019E-03
+69.00000E-06 -67.53768772E-03 -14.70854226E-03
+69.02500E-06 -70E-12 -14.70854226E-03
+69.05000E-06 -67.53768765E-03 -14.70854224E-03
+69.07500E-06 -67.53768772E-03 +7.00000019E-03
+69.10000E-06 -67.53768772E-03 -14.70854226E-03
+69.12500E-06 -135.07537529E-03 +7.00000019E-03
+69.15000E-06 +0.0E+00 +7.00000022E-03
+69.17500E-06 -67.53768772E-03 -14.70854226E-03
+69.20000E-06 +0.0E+00 -14.70854229E-03
+69.22500E-06 -70E-12 -36.41708472E-03
+69.25000E-06 -67.53768765E-03 +7.00000022E-03
+69.27500E-06 -67.53768772E-03 -14.70854226E-03
+69.30000E-06 -70E-12 +7.00000022E-03
+69.32500E-06 -67.53768772E-03 -14.70854226E-03
+69.35000E-06 -67.53768772E-03 -14.70854224E-03
+69.37500E-06 -70E-12 -14.70854224E-03
+69.40000E-06 -70E-12 -14.70854229E-03
+69.42500E-06 +70E-12 -36.41708472E-03
+69.45000E-06 -70E-12 -14.70854226E-03
+69.47500E-06 -67.53768765E-03 -14.70854226E-03
+69.50000E-06 -150E-12 -14.70854224E-03
+69.52500E-06 -67.53768772E-03 +7.00000017E-03
+69.55000E-06 +0.0E+00 +7.00000022E-03
+69.57500E-06 -67.53768772E-03 +7.00000017E-03
+69.60000E-06 -67.53768772E-03 +7.00000019E-03
+69.62500E-06 -67.53768765E-03 -36.41708472E-03
+69.65000E-06 -70E-12 -14.70854229E-03
+69.67500E-06 -70E-12 +7.00000019E-03
+69.70000E-06 -67.53768772E-03 -14.70854226E-03
+69.72500E-06 +0.0E+00 -14.70854226E-03
+69.75000E-06 -67.53768772E-03 -14.70854226E-03
+69.77500E-06 -67.53768772E-03 +7.00000019E-03
+69.80000E-06 -67.53768765E-03 +7.00000019E-03
+69.82500E-06 -70E-12 -36.41708472E-03
+69.85000E-06 -70E-12 -14.70854226E-03
+69.87500E-06 -67.53768772E-03 +7.00000019E-03
+69.90000E-06 -67.53768772E-03 -14.70854224E-03
+69.92500E-06 +0.0E+00 +7.00000019E-03
+69.95000E-06 +0.0E+00 -14.70854224E-03
+69.97500E-06 -67.53768765E-03 +7.00000019E-03
+70.00000E-06 -67.53768765E-03 -14.70854229E-03
+70.02500E-06 -67.53768772E-03 -14.70854226E-03
+70.05000E-06 -70E-12 -14.70854226E-03
+70.07500E-06 -67.53768772E-03 +7.00000019E-03
+70.10000E-06 -67.53768772E-03 +7.00000019E-03
+70.12500E-06 -67.53768765E-03 +7.00000019E-03
+70.15000E-06 -67.53768772E-03 -14.70854226E-03
+70.17500E-06 -67.53768765E-03 +28.70854265E-03
+70.20000E-06 -67.53768765E-03 -14.70854226E-03
+70.22500E-06 -67.53768772E-03 -14.70854226E-03
+70.25000E-06 -67.53768765E-03 -36.41708470E-03
+70.27500E-06 -67.53768772E-03 -14.70854224E-03
+70.30000E-06 -67.53768772E-03 -14.70854226E-03
+70.32500E-06 -67.53768765E-03 +7.00000019E-03
+70.35000E-06 -70E-12 -14.70854226E-03
+70.37500E-06 +0.0E+00 -14.70854226E-03
+70.40000E-06 -67.53768765E-03 +7.00000019E-03
+70.42500E-06 +0.0E+00 -14.70854224E-03
+70.45000E-06 +0.0E+00 -14.70854226E-03
+70.47500E-06 -70E-12 +7.00000019E-03
+70.50000E-06 -67.53768772E-03 +7.00000019E-03
+70.52500E-06 -67.53768765E-03 -14.70854226E-03
+70.55000E-06 +0.0E+00 -14.70854224E-03
+70.57500E-06 -70E-12 +7.00000022E-03
+70.60000E-06 -67.53768764E-03 -14.70854229E-03
+70.62500E-06 -67.53768764E-03 -14.70854226E-03
+70.65000E-06 -70E-12 +7.00000019E-03
+70.67500E-06 -70E-12 +7.00000022E-03
+70.70000E-06 -70E-12 +7.00000019E-03
+70.72500E-06 +0.0E+00 -14.70854229E-03
+70.75000E-06 -70E-12 -14.70854226E-03
+70.77500E-06 -67.53768772E-03 +7.00000019E-03
+70.80000E-06 -67.53768772E-03 -14.70854226E-03
+70.82500E-06 +0.0E+00 -36.41708472E-03
+70.85000E-06 +0.0E+00 -14.70854224E-03
+70.87500E-06 -67.53768764E-03 -14.70854224E-03
+70.90000E-06 -67.53768772E-03 +7.00000022E-03
+70.92500E-06 -67.53768772E-03 +7.00000017E-03
+70.95000E-06 +0.0E+00 -14.70854224E-03
+70.97500E-06 -67.53768764E-03 +7.00000019E-03
+71.00000E-06 -67.53768764E-03 -14.70854226E-03
+71.02500E-06 -67.53768772E-03 -36.41708470E-03
+71.05000E-06 -70E-12 -14.70854224E-03
+71.07500E-06 -67.53768772E-03 +7.00000022E-03
+71.10000E-06 -67.53768779E-03 +7.00000019E-03
+71.12500E-06 -67.53768772E-03 -14.70854229E-03
+71.15000E-06 -80E-12 -14.70854226E-03
+71.17500E-06 -67.53768772E-03 +7.00000019E-03
+71.20000E-06 -67.53768772E-03 -14.70854226E-03
+71.22500E-06 +0.0E+00 -14.70854224E-03
+71.25000E-06 -67.53768764E-03 +7.00000022E-03
+71.27500E-06 +0.0E+00 -14.70854226E-03
+71.30000E-06 -80E-12 +7.00000019E-03
+71.32500E-06 +0.0E+00 -14.70854226E-03
+71.35000E-06 +0.0E+00 -14.70854224E-03
+71.37500E-06 -67.53768772E-03 +7.00000022E-03
+71.40000E-06 -67.53768764E-03 +7.00000019E-03
+71.42500E-06 +0.0E+00 -36.41708472E-03
+71.45000E-06 -67.53768772E-03 -14.70854224E-03
+71.47500E-06 -67.53768772E-03 +7.00000022E-03
+71.50000E-06 -67.53768772E-03 -14.70854224E-03
+71.52500E-06 +0.0E+00 -14.70854226E-03
+71.55000E-06 -67.53768772E-03 -14.70854224E-03
+71.57500E-06 -80E-12 +7.00000019E-03
+71.60000E-06 -67.53768764E-03 -14.70854226E-03
+71.62500E-06 -67.53768764E-03 -14.70854226E-03
+71.65000E-06 -80E-12 +7.00000022E-03
+71.67500E-06 -67.53768772E-03 +7.00000019E-03
+71.70000E-06 -67.53768764E-03 +7.00000019E-03
+71.72500E-06 +0.0E+00 +7.00000019E-03
+71.75000E-06 -67.53768772E-03 -36.41708470E-03
+71.77500E-06 -80E-12 +7.00000022E-03
+71.80000E-06 -67.53768772E-03 +7.00000019E-03
+71.82500E-06 -67.53768772E-03 -14.70854226E-03
+71.85000E-06 -67.53768772E-03 -14.70854224E-03
+71.87500E-06 +0.0E+00 +7.00000019E-03
+71.90000E-06 -67.53768772E-03 -14.70854226E-03
+71.92500E-06 -67.53768764E-03 -14.70854226E-03
+71.95000E-06 -80E-12 -14.70854226E-03
+71.97500E-06 -67.53768764E-03 +7.00000019E-03
+72.00000E-06 -67.53768772E-03 -14.70854226E-03
+72.02500E-06 -67.53768772E-03 -14.70854226E-03
+72.05000E-06 -80E-12 -14.70854226E-03
+72.07500E-06 +0.0E+00 +7.00000019E-03
+72.10000E-06 -67.53768772E-03 +7.00000019E-03
+72.12500E-06 -67.53768764E-03 -14.70854229E-03
+72.15000E-06 +0.0E+00 +7.00000022E-03
+72.17500E-06 -80E-12 +7.00000022E-03
+72.20000E-06 -67.53768764E-03 -14.70854226E-03
+72.22500E-06 -67.53768764E-03 -36.41708472E-03
+72.25000E-06 -67.53768764E-03 -14.70854224E-03
+72.27500E-06 -80E-12 +7.00000022E-03
+72.30000E-06 -80E-12 +7.00000019E-03
+72.32500E-06 +0.0E+00 -14.70854226E-03
+72.35000E-06 -80E-12 +7.00000022E-03
+72.37500E-06 +0.0E+00 +7.00000019E-03
+72.40000E-06 -67.53768764E-03 -14.70854226E-03
+72.42500E-06 +0.0E+00 -14.70854226E-03
+72.45000E-06 -80E-12 -14.70854224E-03
+72.47500E-06 -67.53768772E-03 +7.00000022E-03
+72.50000E-06 -67.53768772E-03 -14.70854226E-03
+72.52500E-06 -67.53768764E-03 -14.70854229E-03
+72.55000E-06 -80E-12 -14.70854224E-03
+72.57500E-06 -67.53768772E-03 -14.70854226E-03
+72.60000E-06 +0.0E+00 -14.70854226E-03
+72.62500E-06 +0.0E+00 -36.41708472E-03
+72.65000E-06 -80E-12 -14.70854224E-03
+72.67500E-06 +0.0E+00 +7.00000019E-03
+72.70000E-06 +0.0E+00 -14.70854226E-03
+72.72500E-06 +0.0E+00 +7.00000019E-03
+72.75000E-06 +0.0E+00 +7.00000022E-03
+72.77500E-06 -67.53768772E-03 -14.70854229E-03
+72.80000E-06 -67.53768764E-03 -14.70854226E-03
+72.82500E-06 +0.0E+00 -14.70854226E-03
+72.85000E-06 -80E-12 -14.70854224E-03
+72.87500E-06 -67.53768772E-03 +7.00000019E-03
+72.90000E-06 -67.53768772E-03 +7.00000019E-03
+72.92500E-06 +80E-12 +7.00000019E-03
+72.95000E-06 -80E-12 -14.70854224E-03
+72.97500E-06 +0.0E+00 +7.00000019E-03
+73.00000E-06 +0.0E+00 -14.70854224E-03
+73.02500E-06 -67.53768764E-03 -14.70854226E-03
+73.05000E-06 -67.53768772E-03 -14.70854224E-03
+73.07500E-06 -80E-12 -14.70854226E-03
+73.10000E-06 -67.53768772E-03 -14.70854226E-03
+73.12500E-06 +0.0E+00 -14.70854226E-03
+73.15000E-06 +0.0E+00 -14.70854226E-03
+73.17500E-06 +67.53768764E-03 -14.70854226E-03
+73.20000E-06 +0.0E+00 +7.00000019E-03
+73.22500E-06 +0.0E+00 -14.70854226E-03
+73.25000E-06 -67.53768772E-03 -14.70854224E-03
+73.27500E-06 -80E-12 +7.00000022E-03
+73.30000E-06 -67.53768772E-03 -14.70854224E-03
+73.32500E-06 -135.07537536E-03 -14.70854224E-03
+73.35000E-06 -80E-12 +7.00000019E-03
+73.37500E-06 -67.53768772E-03 +7.00000019E-03
+73.40000E-06 -67.53768772E-03 -14.70854226E-03
+73.42500E-06 -67.53768772E-03 -14.70854226E-03
+73.45000E-06 +0.0E+00 -14.70854224E-03
+73.47500E-06 -80E-12 +7.00000022E-03
+73.50000E-06 -67.53768780E-03 -14.70854226E-03
+73.52500E-06 -80E-12 +7.00000019E-03
+73.55000E-06 +0.0E+00 -14.70854224E-03
+73.57500E-06 -67.53768772E-03 -14.70854226E-03
+73.60000E-06 +0.0E+00 +7.00000019E-03
+73.62500E-06 +0.0E+00 -36.41708472E-03
+73.65000E-06 -80E-12 -14.70854226E-03
+73.67500E-06 +0.0E+00 +7.00000022E-03
+73.70000E-06 -67.53768772E-03 -14.70854224E-03
+73.72500E-06 -135.07537536E-03 -14.70854226E-03
+73.75000E-06 +0.0E+00 -36.41708472E-03
+73.77500E-06 -67.53768772E-03 +7.00000022E-03
+73.80000E-06 -67.53768764E-03 -14.70854226E-03
+73.82500E-06 -67.53768772E-03 -14.70854226E-03
+73.85000E-06 -67.53768764E-03 -14.70854226E-03
+73.87500E-06 +0.0E+00 -14.70854224E-03
+73.90000E-06 -67.53768772E-03 +7.00000022E-03
+73.92500E-06 -135.07537536E-03 -14.70854226E-03
+73.95000E-06 +0.0E+00 -14.70854224E-03
+73.97500E-06 -67.53768772E-03 +7.00000019E-03
+74.00000E-06 -67.53768764E-03 -14.70854226E-03
+74.02500E-06 -67.53768764E-03 -36.41708472E-03
+74.05000E-06 +0.0E+00 -14.70854226E-03
+74.07500E-06 -67.53768764E-03 -36.41708472E-03
+74.10000E-06 -67.53768780E-03 +7.00000022E-03
+74.12500E-06 -67.53768764E-03 -14.70854226E-03
+74.15000E-06 +0.0E+00 -14.70854226E-03
+74.17500E-06 -160E-12 -14.70854226E-03
+74.20000E-06 -67.53768764E-03 -14.70854226E-03
+74.22500E-06 -67.53768764E-03 -14.70854229E-03
+74.25000E-06 -67.53768772E-03 -14.70854224E-03
+74.27500E-06 -67.53768772E-03 +7.00000022E-03
+74.30000E-06 -67.53768780E-03 -14.70854226E-03
+74.32500E-06 -67.53768764E-03 -14.70854229E-03
+74.35000E-06 -80E-12 +7.00000019E-03
+74.37500E-06 +0.0E+00 -14.70854224E-03
+74.40000E-06 +0.0E+00 -14.70854229E-03
+74.42500E-06 -80E-12 -14.70854226E-03
+74.45000E-06 -80E-12 -14.70854226E-03
+74.47500E-06 +0.0E+00 -14.70854224E-03
+74.50000E-06 +0.0E+00 +7.00000022E-03
+74.52500E-06 +0.0E+00 -14.70854224E-03
+74.55000E-06 -80E-12 -14.70854224E-03
+74.57500E-06 -67.53768764E-03 +7.00000022E-03
+74.60000E-06 -67.53768764E-03 -14.70854226E-03
+74.62500E-06 +0.0E+00 -14.70854226E-03
+74.65000E-06 -80E-12 -14.70854224E-03
+74.67500E-06 -67.53768764E-03 +7.00000022E-03
+74.70000E-06 -67.53768764E-03 +7.00000019E-03
+74.72500E-06 -67.53768764E-03 -14.70854226E-03
+74.75000E-06 -67.53768772E-03 +7.00000019E-03
+74.77500E-06 +0.0E+00 +7.00000019E-03
+74.80000E-06 -67.53768764E-03 -14.70854229E-03
+74.82500E-06 -67.53768764E-03 -14.70854226E-03
+74.85000E-06 -67.53768772E-03 -14.70854224E-03
+74.87500E-06 -80E-12 +7.00000022E-03
+74.90000E-06 +0.0E+00 -14.70854226E-03
+74.92500E-06 -67.53768764E-03 -14.70854229E-03
+74.95000E-06 +0.0E+00 -36.41708472E-03
+74.97500E-06 -80E-12 -14.70854226E-03
+75.00000E-06 -67.53768764E-03 -14.70854226E-03
+75.02500E-06 -67.53768772E-03 -14.70854224E-03
+75.05000E-06 -67.53768764E-03 -14.70854226E-03
+75.07500E-06 -67.53768772E-03 -14.70854224E-03
+75.10000E-06 -67.53768764E-03 -14.70854226E-03
+75.12500E-06 -135.07537527E-03 -14.70854226E-03
+75.15000E-06 +0.0E+00 -14.70854224E-03
+75.17500E-06 -67.53768764E-03 +7.00000019E-03
+75.20000E-06 -67.53768764E-03 -14.70854229E-03
+75.22500E-06 +0.0E+00 -14.70854226E-03
+75.25000E-06 -80E-12 -14.70854224E-03
+75.27500E-06 -67.53768764E-03 +7.00000022E-03
+75.30000E-06 -67.53768772E-03 -14.70854226E-03
+75.32500E-06 -67.53768772E-03 -14.70854226E-03
+75.35000E-06 -80E-12 -14.70854226E-03
+75.37500E-06 +0.0E+00 +7.00000022E-03
+75.40000E-06 -67.53768764E-03 -14.70854226E-03
+75.42500E-06 +0.0E+00 -36.41708472E-03
+75.45000E-06 +0.0E+00 +7.00000022E-03
+75.47500E-06 -80E-12 +7.00000022E-03
+75.50000E-06 -67.53768780E-03 +7.00000019E-03
+75.52500E-06 -67.53768764E-03 -14.70854224E-03
+75.55000E-06 -80E-12 +7.00000022E-03
+75.57500E-06 -67.53768764E-03 -14.70854224E-03
