x-axis SCL1 SDA1
second Volt Volt
+34.50000E-06 -116.58291519E-03 +0.0E+00
+34.51500E-06 -0.0E+00 -14.87437170E-03
+34.53000E-06 -116.58291519E-03 -14.87437170E-03
+34.54500E-06 +0.0E+00 +0.0E+00
+34.56000E-06 -0.0E+00 -0.0E+00
+34.57500E-06 -0.0E+00 -0.0E+00
+34.59000E-06 +0.0E+00 -14.87437170E-03
+34.60500E-06 -0.0E+00 -14.87437170E-03
+34.62000E-06 +0.0E+00 -0.0E+00
+34.63500E-06 -116.58291519E-03 -14.87437170E-03
+34.65000E-06 -116.58291519E-03 -14.87437170E-03
+34.66500E-06 -0.0E+00 +0.0E+00
+34.68000E-06 +0.0E+00 -29.74874340E-03
+34.69500E-06 +0.0E+00 -14.87437170E-03
+34.71000E-06 +0.0E+00 -14.87437170E-03
+34.72500E-06 -116.58291518E-03 -14.87437170E-03
+34.74000E-06 -116.58291519E-03 -14.87437170E-03
+34.75500E-06 -0.0E+00 +0.0E+00
+34.77000E-06 -116.58291519E-03 -14.87437170E-03
+34.78500E-06 +0.0E+00 +0.0E+00
+34.80000E-06 +0.0E+00 -14.87437170E-03
+34.81500E-06 +0.0E+00 -14.87437170E-03
+34.83000E-06 -116.58291518E-03 -14.87437170E-03
+34.84500E-06 -116.58291519E-03 -14.87437170E-03
+34.86000E-06 -116.58291518E-03 -0.0E+00
+34.87500E-06 -0.0E+00 -14.87437170E-03
+34.89000E-06 -116.58291519E-03 -14.87437170E-03
+34.90500E-06 -116.58291518E-03 +0.0E+00
+34.92000E-06 -116.58291518E-03 +0.0E+00
+34.93500E-06 +116.58291518E-03 -14.87437170E-03
+34.95000E-06 +0.0E+00 -14.87437170E-03
+34.96500E-06 -116.58291519E-03 -14.87437170E-03
+34.98000E-06 -116.58291518E-03 -14.87437170E-03
+34.99500E-06 -116.58291519E-03 -14.87437170E-03
+35.01000E-06 -116.58291519E-03 -14.87437170E-03
+35.02500E-06 -116.58291518E-03 -0.0E+00
+35.04000E-06 -116.58291519E-03 -14.87437170E-03
+35.05500E-06 +0.0E+00 +0.0E+00
+35.07000E-06 -0.0E+00 -29.74874340E-03
+35.08500E-06 -0.0E+00 -14.87437170E-03
+35.10000E-06 -116.58291519E-03 -0.0E+00
+35.11500E-06 -0.0E+00 -14.87437170E-03
+35.13000E-06 -116.58291519E-03 -14.87437170E-03
+35.14500E-06 +0.0E+00 -0.0E+00
+35.16000E-06 +116.58291518E-03 -14.87437170E-03
+35.17500E-06 +0.0E+00 -0.0E+00
+35.19000E-06 +0.0E+00 -14.87437170E-03
+35.20500E-06 -116.58291518E-03 -14.87437170E-03
+35.22000E-06 -116.58291519E-03 -0.0E+00
+35.23500E-06 +0.0E+00 -14.87437170E-03
+35.25000E-06 -116.58291519E-03 -0.0E+00
+35.26500E-06 -116.58291518E-03 -0.0E+00
+35.28000E-06 -116.58291518E-03 -14.87437170E-03
+35.29500E-06 -116.58291518E-03 -14.87437170E-03
+35.31000E-06 -10E-12 -14.87437170E-03
+35.32500E-06 -10E-12 -14.87437170E-03
+35.34000E-06 +0.0E+00 -14.87437170E-03
+35.35500E-06 -116.58291518E-03 -29.74874340E-03
+35.37000E-06 -116.58291519E-03 -14.87437170E-03
+35.38500E-06 -116.58291518E-03 -0.0E+00
+35.40000E-06 -116.58291518E-03 -0.0E+00
+35.41500E-06 -116.58291518E-03 -0.0E+00
+35.43000E-06 -10E-12 -29.74874340E-03
+35.44500E-06 -10E-12 -14.87437170E-03
+35.46000E-06 -116.58291518E-03 -14.87437170E-03
+35.47500E-06 +0.0E+00 +0.0E+00
+35.49000E-06 -116.58291518E-03 -0.0E+00
+35.50500E-06 -116.58291519E-03 -14.87437170E-03
+35.52000E-06 +0.0E+00 +0.0E+00
+35.53500E-06 +0.0E+00 -14.87437170E-03
+35.55000E-06 -116.58291519E-03 -14.87437170E-03
+35.56500E-06 -116.58291519E-03 +0.0E+00
+35.58000E-06 +0.0E+00 -14.87437170E-03
+35.59500E-06 -10E-12 -29.74874340E-03
+35.61000E-06 +0.0E+00 -14.87437170E-03
+35.62500E-06 +0.0E+00 -14.87437170E-03
+35.64000E-06 +0.0E+00 -14.87437170E-03
+35.65500E-06 +0.0E+00 -14.87437170E-03
+35.67000E-06 -10E-12 -14.87437170E-03
+35.68500E-06 -116.58291519E-03 +0.0E+00
+35.70000E-06 +0.0E+00 -0.0E+00
+35.71500E-06 -116.58291518E-03 -14.87437170E-03
+35.73000E-06 -10E-12 -0.0E+00
+35.74500E-06 +0.0E+00 -14.87437170E-03
+35.76000E-06 +0.0E+00 -29.74874340E-03
+35.77500E-06 +0.0E+00 -0.0E+00
+35.79000E-06 -10E-12 +0.0E+00
+35.80500E-06 -10E-12 -14.87437170E-03
+35.82000E-06 -116.58291518E-03 -14.87437170E-03
+35.83500E-06 -116.58291519E-03 -14.87437170E-03
+35.85000E-06 +0.0E+00 -14.87437170E-03
+35.86500E-06 -116.58291518E-03 +0.0E+00
+35.88000E-06 -10E-12 -14.87437170E-03
+35.89500E-06 -116.58291518E-03 -29.74874340E-03
+35.91000E-06 +0.0E+00 -14.87437170E-03
+35.92500E-06 -10E-12 +0.0E+00
+35.94000E-06 -116.58291518E-03 -14.87437170E-03
+35.95500E-06 -116.58291518E-03 -14.87437170E-03
+35.97000E-06 -116.58291519E-03 -14.87437170E-03
+35.98500E-06 -116.58291516E-03 -0.0E+00
+36.00000E-06 -116.58291518E-03 -0.0E+00
+36.01500E-06 +0.0E+00 -0.0E+00
+36.03000E-06 -10E-12 -14.87437170E-03
+36.04500E-06 +0.0E+00 -14.87437170E-03
+36.06000E-06 -116.58291519E-03 -0.0E+00
+36.07500E-06 -116.58291517E-03 -14.87437170E-03
+36.09000E-06 -116.58291517E-03 -14.87437170E-03
+36.10500E-06 +0.0E+00 -14.87437170E-03
+36.12000E-06 -116.58291517E-03 -14.87437170E-03
+36.13500E-06 -116.58291517E-03 -14.87437170E-03
+36.15000E-06 +0.0E+00 -14.87437170E-03
+36.16500E-06 -10E-12 -14.87437170E-03
+36.18000E-06 +0.0E+00 -0.0E+00
+36.19500E-06 +116.58291516E-03 -29.74874340E-03
+36.21000E-06 -116.58291519E-03 -14.87437170E-03
+36.22500E-06 -10E-12 +0.0E+00
+36.24000E-06 -10E-12 +0.0E+00
+36.25500E-06 +0.0E+00 -0.0E+00
+36.27000E-06 -116.58291519E-03 -14.87437170E-03
+36.28500E-06 +0.0E+00 -14.87437170E-03
+36.30000E-06 +0.0E+00 -14.87437170E-03
+36.31500E-06 +0.0E+00 -14.87437170E-03
+36.33000E-06 +0.0E+00 +0.0E+00
+36.34500E-06 -10E-12 -14.87437170E-03
+36.36000E-06 -116.58291519E-03 -14.87437170E-03
+36.37500E-06 +0.0E+00 -14.87437170E-03
+36.39000E-06 -10E-12 -14.87437170E-03
+36.40500E-06 -116.58291517E-03 -14.87437170E-03
+36.42000E-06 +0.0E+00 -14.87437170E-03
+36.43500E-06 -20E-12 -29.74874340E-03
+36.45000E-06 -20E-12 -14.87437170E-03
+36.46500E-06 -20E-12 -0.0E+00
+36.48000E-06 -116.58291517E-03 -0.0E+00
+36.49500E-06 +0.0E+00 -14.87437170E-03
+36.51000E-06 -20E-12 -0.0E+00
+36.52500E-06 +0.0E+00 -14.87437170E-03
+36.54000E-06 +0.0E+00 -14.87437170E-03
+36.55500E-06 +0.0E+00 -14.87437170E-03
+36.57000E-06 -116.58291517E-03 -14.87437170E-03
+36.58500E-06 -116.58291517E-03 -14.87437170E-03
+36.60000E-06 -20E-12 +0.0E+00
+36.61500E-06 -116.58291517E-03 -14.87437170E-03
+36.63000E-06 +0.0E+00 -29.74874340E-03
+36.64500E-06 -20E-12 -14.87437170E-03
+36.66000E-06 +0.0E+00 -14.87437170E-03
+36.67500E-06 -20E-12 +0.0E+00
+36.69000E-06 -116.58291517E-03 -14.87437170E-03
+36.70500E-06 -116.58291517E-03 +0.0E+00
+36.72000E-06 -116.58291517E-03 +0.0E+00
+36.73500E-06 +0.0E+00 -0.0E+00
+36.75000E-06 -20E-12 -14.87437170E-03
+36.76500E-06 -20E-12 -14.87437170E-03
+36.78000E-06 +0.0E+00 -14.87437170E-03
+36.79500E-06 -20E-12 -29.74874340E-03
+36.81000E-06 -116.58291519E-03 +0.0E+00
+36.82500E-06 -116.58291519E-03 +14.87437170E-03
+36.84000E-06 -116.58291517E-03 -0.0E+00
+36.85500E-06 +0.0E+00 -0.0E+00
+36.87000E-06 -20E-12 -29.74874340E-03
+36.88500E-06 -116.58291517E-03 -14.87437170E-03
+36.90000E-06 +20E-12 -29.74874340E-03
+36.91500E-06 -116.58291517E-03 -29.74874340E-03
+36.93000E-06 -116.58291519E-03 -14.87437170E-03
+36.94500E-06 -116.58291519E-03 +0.0E+00
+36.96000E-06 -20E-12 -14.87437170E-03
+36.97500E-06 -20E-12 -0.0E+00
+36.99000E-06 +0.0E+00 -29.74874340E-03
+37.00500E-06 +0.0E+00 -14.87437170E-03
+37.02000E-06 +0.0E+00 -29.74874340E-03
+37.03500E-06 +0.0E+00 -14.87437170E-03
+37.05000E-06 -233.16583035E-03 -14.87437170E-03
+37.06500E-06 -116.58291517E-03 +0.0E+00
+37.08000E-06 +0.0E+00 +0.0E+00
+37.09500E-06 +0.0E+00 +0.0E+00
+37.11000E-06 +0.0E+00 -14.87437170E-03
+37.12500E-06 +0.0E+00 -14.87437170E-03
+37.14000E-06 -116.58291519E-03 -14.87437170E-03
+37.15500E-06 -40E-12 -29.74874340E-03
+37.17000E-06 -116.58291519E-03 -0.0E+00
+37.18500E-06 +0.0E+00 +0.0E+00
+37.20000E-06 -116.58291519E-03 +0.0E+00
+37.21500E-06 +0.0E+00 -14.87437170E-03
+37.23000E-06 +0.0E+00 -29.74874340E-03
+37.24500E-06 +0.0E+00 -14.87437170E-03
+37.26000E-06 -116.58291517E-03 +0.0E+00
+37.27500E-06 -20E-12 -14.87437170E-03
+37.29000E-06 -233.16583035E-03 -14.87437170E-03
+37.30500E-06 -20E-12 +0.0E+00
+37.32000E-06 -116.58291517E-03 -0.0E+00
+37.33500E-06 +20E-12 -14.87437170E-03
+37.35000E-06 -20E-12 -29.74874340E-03
+37.36500E-06 +0.0E+00 -0.0E+00
+37.38000E-06 -116.58291519E-03 -10E-12
+37.39500E-06 -20E-12 -0.0E+00
+37.41000E-06 -116.58291519E-03 -14.87437170E-03
+37.42500E-06 -116.58291519E-03 +0.0E+00
+37.44000E-06 -116.58291516E-03 -0.0E+00
+37.45500E-06 -20E-12 -10E-12
+37.47000E-06 +0.0E+00 -29.74874340E-03
+37.48500E-06 +0.0E+00 -29.74874340E-03
+37.50000E-06 +0.0E+00 -0.0E+00
+37.51500E-06 -116.58291521E-03 -29.74874340E-03
+37.53000E-06 -20E-12 -14.87437170E-03
+37.54500E-06 -116.58291519E-03 +0.0E+00
+37.56000E-06 +0.0E+00 -0.0E+00
+37.57500E-06 +0.0E+00 -14.87437170E-03
+37.59000E-06 -20E-12 -14.87437170E-03
+37.60500E-06 -20E-12 -14.87437170E-03
+37.62000E-06 -116.58291516E-03 -14.87437170E-03
+37.63500E-06 -116.58291521E-03 -14.87437170E-03
+37.65000E-06 -233.16583035E-03 -14.87437170E-03
+37.66500E-06 -116.58291519E-03 +0.0E+00
+37.68000E-06 +20E-12 -14.87437170E-03
+37.69500E-06 +116.58291516E-03 -14.87437170E-03
+37.71000E-06 -116.58291516E-03 -29.74874340E-03
+37.72500E-06 -116.58291519E-03 -14.87437170E-03
+37.74000E-06 -116.58291519E-03 -0.0E+00
+37.75500E-06 -116.58291519E-03 -14.87437170E-03
+37.77000E-06 -116.58291519E-03 -14.87437170E-03
+37.78500E-06 -30E-12 +0.0E+00
+37.80000E-06 +30E-12 -0.0E+00
+37.81500E-06 +30E-12 -29.74874340E-03
+37.83000E-06 +0.0E+00 -29.74874340E-03
+37.84500E-06 -233.16583035E-03 -14.87437170E-03
+37.86000E-06 -116.58291516E-03 -14.87437170E-03
+37.87500E-06 -116.58291521E-03 -14.87437170E-03
+37.89000E-06 -116.58291519E-03 +0.0E+00
+37.90500E-06 +0.0E+00 +0.0E+00
+37.92000E-06 +0.0E+00 -0.0E+00
+37.93500E-06 +0.0E+00 -14.87437170E-03
+37.95000E-06 -30E-12 -29.74874340E-03
+37.96500E-06 -116.58291519E-03 -14.87437170E-03
+37.98000E-06 -116.58291519E-03 -0.0E+00
+37.99500E-06 -116.58291521E-03 +0.0E+00
+38.01000E-06 -30E-12 +0.0E+00
+38.02500E-06 -116.58291516E-03 -0.0E+00
+38.04000E-06 +30E-12 +0.0E+00
+38.05500E-06 +30E-12 -14.87437170E-03
+38.07000E-06 +0.0E+00 -29.74874340E-03
+38.08500E-06 -116.58291519E-03 -14.87437170E-03
+38.10000E-06 -116.58291519E-03 -14.87437170E-03
+38.11500E-06 -116.58291519E-03 -14.87437170E-03
+38.13000E-06 -116.58291516E-03 -14.87437170E-03
+38.14500E-06 +0.0E+00 -14.87437170E-03
+38.16000E-06 +30E-12 -0.0E+00
+38.17500E-06 +30E-12 -14.87437170E-03
+38.19000E-06 -30E-12 -29.74874340E-03
+38.20500E-06 -233.16583035E-03 -14.87437170E-03
+38.22000E-06 -116.58291519E-03 -0.0E+00
+38.23500E-06 -116.58291519E-03 -14.87437170E-03
+38.25000E-06 +0.0E+00 -14.87437170E-03
+38.26500E-06 +0.0E+00 -14.87437170E-03
+38.28000E-06 +0.0E+00 -14.87437170E-03
+38.29500E-06 +0.0E+00 -14.87437170E-03
+38.31000E-06 -116.58291519E-03 -29.74874340E-03
+38.32500E-06 -116.58291519E-03 +14.87437170E-03
+38.34000E-06 -233.16583034E-03 -0.0E+00
+38.35500E-06 -30E-12 -14.87437170E-03
+38.37000E-06 -116.58291513E-03 -0.0E+00
+38.38500E-06 +30E-12 +0.0E+00
+38.40000E-06 +116.58291519E-03 -0.0E+00
+38.41500E-06 +0.0E+00 -14.87437170E-03
+38.43000E-06 -116.58291519E-03 -29.74874340E-03
+38.44500E-06 -116.58291519E-03 -14.87437170E-03
+38.46000E-06 -116.58291519E-03 -0.0E+00
+38.47500E-06 -60E-12 +0.0E+00
+38.49000E-06 +0.0E+00 -14.87437170E-03
+38.50500E-06 +30E-12 -14.87437170E-03
+38.52000E-06 +0.0E+00 -14.87437170E-03
+38.53500E-06 +0.0E+00 -29.74874340E-03
+38.55000E-06 -233.16583034E-03 -14.87437170E-03
+38.56500E-06 -116.58291522E-03 -0.0E+00
+38.58000E-06 -116.58291519E-03 -0.0E+00
+38.59500E-06 -30E-12 -29.74874339E-03
+38.61000E-06 -30E-12 -14.87437170E-03
+38.62500E-06 +116.58291519E-03 -14.87437170E-03
+38.64000E-06 +30E-12 -14.87437170E-03
+38.65500E-06 +0.0E+00 -29.74874340E-03
+38.67000E-06 -116.58291522E-03 -29.74874340E-03
+38.68500E-06 -233.16583037E-03 +0.0E+00
+38.70000E-06 -116.58291519E-03 +0.0E+00
+38.71500E-06 -30E-12 -14.87437170E-03
+38.73000E-06 +116.58291519E-03 +0.0E+00
+38.74500E-06 +0.0E+00 -14.87437170E-03
+38.76000E-06 +0.0E+00 -29.74874340E-03
+38.77500E-06 -116.58291519E-03 -0.0E+00
+38.79000E-06 -116.58291522E-03 -29.74874340E-03
+38.80500E-06 -233.16583037E-03 +0.0E+00
+38.82000E-06 -233.16583031E-03 +0.0E+00
+38.83500E-06 +116.58291515E-03 +0.0E+00
+38.85000E-06 +30E-12 +0.0E+00
+38.86500E-06 +116.58291519E-03 -14.87437170E-03
+38.88000E-06 -116.58291515E-03 -14.87437170E-03
+38.89500E-06 -233.16583034E-03 -14.87437170E-03
+38.91000E-06 -233.16583037E-03 -14.87437170E-03
+38.92500E-06 -233.16583034E-03 -0.0E+00
+38.94000E-06 -116.58291519E-03 -0.0E+00
+38.95500E-06 +116.58291515E-03 -14.87437170E-03
+38.97000E-06 +116.58291519E-03 -14.87437170E-03
+38.98500E-06 +116.58291519E-03 -29.74874340E-03
+39.00000E-06 +0.0E+00 -29.74874340E-03
+39.01500E-06 -233.16583037E-03 -0.0E+00
+39.03000E-06 -233.16583037E-03 -29.74874339E-03
+39.04500E-06 -116.58291522E-03 +0.0E+00
+39.06000E-06 -116.58291515E-03 +0.0E+00
+39.07500E-06 +116.58291515E-03 -14.87437170E-03
+39.09000E-06 +233.16583034E-03 -29.74874340E-03
+39.10500E-06 +40E-12 -14.87437170E-03
+39.12000E-06 +0.0E+00 -14.87437170E-03
+39.13500E-06 -116.58291522E-03 -10E-12
+39.15000E-06 -233.16583037E-03 -14.87437170E-03
+39.16500E-06 -233.16583037E-03 +0.0E+00
+39.18000E-06 +116.58291515E-03 +14.87437169E-03
+39.19500E-06 +116.58291519E-03 +0.0E+00
+39.21000E-06 +116.58291519E-03 -0.0E+00
+39.22500E-06 +0.0E+00 -29.74874340E-03
+39.24000E-06 -233.16583034E-03 -14.87437170E-03
+39.25500E-06 -233.16583034E-03 -14.87437170E-03
+39.27000E-06 -233.16583037E-03 -14.87437170E-03
+39.28500E-06 -116.58291519E-03 +14.87437170E-03
+39.30000E-06 +116.58291515E-03 +0.0E+00
+39.31500E-06 +116.58291519E-03 -29.74874339E-03
+39.33000E-06 +116.58291519E-03 -14.87437170E-03
+39.34500E-06 -116.58291515E-03 -14.87437170E-03
+39.36000E-06 -233.16583034E-03 -14.87437170E-03
+39.37500E-06 -349.74874552E-03 -14.87437170E-03
+39.39000E-06 -233.16583041E-03 -29.74874339E-03
+39.40500E-06 -116.58291519E-03 +0.0E+00
+39.42000E-06 +116.58291519E-03 -0.0E+00
+39.43500E-06 +116.58291519E-03 -14.87437170E-03
+39.45000E-06 +116.58291515E-03 -14.87437170E-03
+39.46500E-06 -116.58291515E-03 -29.74874340E-03
+39.48000E-06 -233.16583037E-03 -14.87437170E-03
+39.49500E-06 -349.74874552E-03 -14.87437170E-03
+39.51000E-06 -116.58291519E-03 -29.74874339E-03
+39.52500E-06 +0.0E+00 +0.0E+00
+39.54000E-06 +233.16583033E-03 +0.0E+00
+39.55500E-06 +349.74874552E-03 -14.87437170E-03
+39.57000E-06 +116.58291519E-03 -14.87437170E-03
+39.58500E-06 -116.58291519E-03 -14.87437170E-03
+39.60000E-06 -233.16583041E-03 -10E-12
+39.61500E-06 -349.74874552E-03 -10E-12
+39.63000E-06 -116.58291523E-03 -14.87437169E-03
+39.64500E-06 +0.0E+00 +0.0E+00
+39.66000E-06 +233.16583033E-03 -14.87437169E-03
+39.67500E-06 +233.16583033E-03 -29.74874339E-03
+39.69000E-06 -116.58291515E-03 -29.74874340E-03
+39.70500E-06 -116.58291523E-03 -29.74874339E-03
+39.72000E-06 -349.74874556E-03 -14.87437169E-03
+39.73500E-06 -349.74874556E-03 +14.87437169E-03
+39.75000E-06 -40E-12 -14.87437169E-03
+39.76500E-06 +116.58291519E-03 +0.0E+00
+39.78000E-06 +233.16583037E-03 -10E-12
+39.79500E-06 +233.16583033E-03 -14.87437170E-03
+39.81000E-06 +0.0E+00 -14.87437170E-03
+39.82500E-06 -233.16583033E-03 -14.87437171E-03
+39.84000E-06 -349.74874556E-03 +0.0E+00
+39.85500E-06 -349.74874552E-03 +14.87437169E-03
+39.87000E-06 -40E-12 +10E-12
+39.88500E-06 +233.16583033E-03 +14.87437169E-03
+39.90000E-06 +233.16583042E-03 -10E-12
+39.91500E-06 +233.16583033E-03 -29.74874339E-03
+39.93000E-06 -116.58291515E-03 -29.74874339E-03
+39.94500E-06 -233.16583042E-03 -14.87437170E-03
+39.96000E-06 -466.33166071E-03 -10E-12
+39.97500E-06 -116.58291523E-03 -10E-12
+39.99000E-06 -40E-12 +10E-12
+40.00500E-06 +233.16583037E-03 +0.0E+00
+40.02000E-06 +349.74874552E-03 -29.74874339E-03
+40.03500E-06 +116.58291519E-03 -29.74874340E-03
+40.05000E-06 -116.58291519E-03 -14.87437171E-03
+40.06500E-06 -349.74874556E-03 -14.87437171E-03
+40.08000E-06 -349.74874556E-03 +10E-12
+40.09500E-06 -233.16583037E-03 +0.0E+00
+40.11000E-06 +116.58291514E-03 -10E-12
+40.12500E-06 +233.16583042E-03 +0.0E+00
+40.14000E-06 +233.16583042E-03 -29.74874340E-03
+40.15500E-06 +116.58291519E-03 -44.62311510E-03
+40.17000E-06 -349.74874552E-03 -44.62311509E-03
+40.18500E-06 -466.33166075E-03 -10E-12
+40.20000E-06 -349.74874560E-03 +0.0E+00
+40.21500E-06 -116.58291519E-03 +14.87437169E-03
+40.23000E-06 +116.58291519E-03 +10E-12
+40.24500E-06 +349.74874556E-03 -14.87437169E-03
+40.26000E-06 +233.16583037E-03 -14.87437171E-03
+40.27500E-06 +0.0E+00 -29.74874339E-03
+40.29000E-06 -349.74874552E-03 -14.87437170E-03
+40.30500E-06 -466.33166075E-03 -14.87437169E-03
+40.32000E-06 -349.74874556E-03 +29.74874339E-03
+40.33500E-06 -40E-12 +14.87437169E-03
+40.35000E-06 +233.16583037E-03 -14.87437169E-03
+40.36500E-06 +349.74874556E-03 -29.74874339E-03
+40.38000E-06 +233.16583037E-03 -29.74874341E-03
+40.39500E-06 -116.58291514E-03 -44.62311510E-03
+40.41000E-06 -466.33166070E-03 -14.87437171E-03
+40.42500E-06 -466.33166079E-03 +0.0E+00
+40.44000E-06 -349.74874556E-03 +29.74874339E-03
+40.45500E-06 -50E-12 +14.87437169E-03
+40.47000E-06 +233.16583037E-03 -14.87437170E-03
+40.48500E-06 +349.74874561E-03 -14.87437170E-03
+40.50000E-06 +233.16583037E-03 -44.62311510E-03
+40.51500E-06 -116.58291523E-03 -44.62311510E-03
+40.53000E-06 -582.91457589E-03 -29.74874339E-03
+40.54500E-06 -466.33166079E-03 +0.0E+00
+40.56000E-06 -233.16583042E-03 +14.87437170E-03
+40.57500E-06 +116.58291519E-03 +14.87437169E-03
+40.59000E-06 +466.33166070E-03 -14.87437170E-03
+40.60500E-06 +466.33166075E-03 -44.62311509E-03
+40.62000E-06 +233.16583037E-03 -44.62311510E-03
+40.63500E-06 -116.58291523E-03 -29.74874341E-03
+40.65000E-06 -582.91457589E-03 -14.87437170E-03
+40.66500E-06 -466.33166080E-03 +14.87437169E-03
+40.68000E-06 -233.16583037E-03 +14.87437170E-03
+40.69500E-06 +233.16583033E-03 +14.87437170E-03
+40.71000E-06 +582.91457589E-03 -14.87437169E-03
+40.72500E-06 +349.74874561E-03 -29.74874340E-03
+40.74000E-06 +50E-12 -44.62311510E-03
+40.75500E-06 -349.74874561E-03 -44.62311509E-03
+40.77000E-06 -582.91457593E-03 -10E-12
+40.78500E-06 -466.33166080E-03 +29.74874339E-03
+40.80000E-06 -116.58291519E-03 +14.87437170E-03
+40.81500E-06 +349.74874561E-03 +14.87437169E-03
+40.83000E-06 +582.91457589E-03 -29.74874339E-03
+40.84500E-06 +349.74874556E-03 -29.74874340E-03
+40.86000E-06 -116.58291514E-03 -44.62311511E-03
+40.87500E-06 -466.33166075E-03 -14.87437170E-03
+40.89000E-06 -699.49749112E-03 +10E-12
+40.90500E-06 -466.33166080E-03 +29.74874339E-03
+40.92000E-06 +0.0E+00 +14.87437170E-03
+40.93500E-06 +466.33166075E-03 +0.0E+00
+40.95000E-06 +582.91457588E-03 -29.74874339E-03
+40.96500E-06 +233.16583042E-03 -29.74874340E-03
+40.98000E-06 -233.16583032E-03 -29.74874341E-03
+40.99500E-06 -699.49749107E-03 -29.74874340E-03
+41.01000E-06 -816.08040631E-03 +14.87437170E-03
+41.02500E-06 -466.33166075E-03 +29.74874340E-03
+41.04000E-06 +50E-12 +29.74874340E-03
+41.05500E-06 +582.91457593E-03 -14.87437170E-03
+41.07000E-06 +582.91457593E-03 -29.74874340E-03
+41.08500E-06 +233.16583037E-03 -44.62311511E-03
+41.10000E-06 -466.33166070E-03 -44.62311511E-03
+41.11500E-06 -699.49749117E-03 -14.87437170E-03
+41.13000E-06 -816.08040621E-03 +14.87437170E-03
+41.14500E-06 -233.16583042E-03 +14.87437170E-03
+41.16000E-06 +349.74874551E-03 +14.87437170E-03
+41.17500E-06 +582.91457599E-03 +14.87437169E-03
+41.19000E-06 +582.91457593E-03 -59.49748679E-03
+41.20500E-06 +50E-12 -44.62311510E-03
+41.22000E-06 -466.33166075E-03 -29.74874341E-03
+41.23500E-06 -816.08040631E-03 -10E-12
+41.25000E-06 -699.49749112E-03 +29.74874340E-03
+41.26500E-06 -116.58291524E-03 +29.74874340E-03
+41.28000E-06 +349.74874561E-03 +29.74874339E-03
+41.29500E-06 +816.08040626E-03 -14.87437171E-03
+41.31000E-06 +582.91457588E-03 -74.37185849E-03
+41.32500E-06 -116.58291508E-03 -44.62311511E-03
+41.34000E-06 -466.33166080E-03 -29.74874340E-03
+41.35500E-06 -816.08040631E-03 +0.0E+00
+41.37000E-06 -582.91457593E-03 +29.74874340E-03
+41.38500E-06 +116.58291508E-03 +29.74874341E-03
+41.40000E-06 +466.33166080E-03 +10E-12
+41.41500E-06 +816.08040631E-03 -29.74874340E-03
+41.43000E-06 +349.74874556E-03 -74.37185849E-03
+41.44500E-06 -233.16583037E-03 -44.62311510E-03
+41.46000E-06 -699.49749112E-03 -29.74874340E-03
+41.47500E-06 -816.08040636E-03 +10E-12
+41.49000E-06 -466.33166075E-03 +44.62311509E-03
+41.50500E-06 +233.16583037E-03 +29.74874340E-03
+41.52000E-06 +816.08040631E-03 +0.0E+00
+41.53500E-06 +816.08040625E-03 -44.62311510E-03
+41.55000E-06 +349.74874556E-03 -89.24623019E-03
+41.56500E-06 -349.74874556E-03 -59.49748680E-03
+41.58000E-06 -816.08040631E-03 -10E-12
+41.59500E-06 -816.08040636E-03 +14.87437170E-03
+41.61000E-06 -466.33166069E-03 +44.62311510E-03
+41.62500E-06 +349.74874556E-03 +14.87437171E-03
+41.64000E-06 +816.08040636E-03 -14.87437169E-03
+41.65500E-06 +816.08040625E-03 -44.62311511E-03
+41.67000E-06 +116.58291519E-03 -74.37185849E-03
+41.68500E-06 -582.91457593E-03 -44.62311510E-03
+41.70000E-06 -932.66332150E-03 -10E-12
+41.71500E-06 -816.08040625E-03 +29.74874340E-03
+41.73000E-06 -233.16583032E-03 +29.74874341E-03
+41.74500E-06 +582.91457588E-03 +14.87437171E-03
+41.76000E-06 +816.08040636E-03 -14.87437170E-03
+41.77500E-06 +582.91457599E-03 -59.49748680E-03
+41.79000E-06 -60E-12 -89.24623019E-03
+41.80500E-06 -816.08040625E-03 -29.74874341E-03
+41.82000E-06 -1.04924623668E+00 +0.0E+00
+41.83500E-06 -816.08040631E-03 +44.62311509E-03
+41.85000E-06 -116.58291519E-03 +44.62311510E-03
+41.86500E-06 +699.49749112E-03 +14.87437169E-03
+41.88000E-06 +932.66332155E-03 -29.74874340E-03
+41.89500E-06 +582.91457593E-03 -59.49748681E-03
+41.91000E-06 -233.16583032E-03 -74.37185849E-03
+41.92500E-06 -932.66332144E-03 -29.74874341E-03
+41.94000E-06 -1.04924623668E+00 +29.74874339E-03
+41.95500E-06 -582.91457593E-03 +44.62311510E-03
+41.97000E-06 +116.58291519E-03 +44.62311510E-03
+41.98500E-06 +932.66332150E-03 +0.0E+00
+42.00000E-06 +932.66332155E-03 -44.62311510E-03
+42.01500E-06 +466.33166075E-03 -74.37185851E-03
+42.03000E-06 -466.33166069E-03 -74.37185849E-03
+42.04500E-06 -1.04924623674E+00 -14.87437171E-03
+42.06000E-06 -1.04924623668E+00 +29.74874340E-03
+42.07500E-06 -466.33166075E-03 +59.49748680E-03
+42.09000E-06 +349.74874562E-03 +44.62311509E-03
+42.10500E-06 +1.04924623662E+00 -14.87437169E-03
+42.12000E-06 +816.08040643E-03 -44.62311511E-03
+42.13500E-06 +233.16583037E-03 -74.37185851E-03
+42.15000E-06 -816.08040625E-03 -74.37185849E-03
+42.16500E-06 -1.28241206700E+00 -10E-12
+42.18000E-06 -1.04924623668E+00 +59.49748678E-03
+42.19500E-06 -116.58291525E-03 +59.49748680E-03
+42.21000E-06 +699.49749118E-03 +44.62311510E-03
+42.22500E-06 +1.16582915187E+00 -14.87437170E-03
+42.24000E-06 +816.08040637E-03 -74.37185850E-03
+42.25500E-06 +60E-12 -89.24623021E-03
+42.27000E-06 -932.66332150E-03 -59.49748680E-03
+42.28500E-06 -1.28241206706E+00 +14.87437169E-03
+42.30000E-06 -932.66332150E-03 +74.37185848E-03
+42.31500E-06 +116.58291507E-03 +59.49748680E-03
+42.33000E-06 +816.08040637E-03 +14.87437170E-03
+42.34500E-06 +1.28241206706E+00 -29.74874340E-03
+42.36000E-06 +699.49749118E-03 -89.24623018E-03
+42.37500E-06 -349.74874550E-03 -89.24623021E-03
+42.39000E-06 -1.16582915187E+00 -44.62311510E-03
+42.40500E-06 -1.39899498224E+00 +44.62311509E-03
+42.42000E-06 -699.49749112E-03 +74.37185849E-03
+42.43500E-06 +466.33166069E-03 +44.62311509E-03
+42.45000E-06 +1.16582915187E+00 +20E-12
+42.46500E-06 +1.16582915193E+00 -59.49748679E-03
+42.48000E-06 +466.33166081E-03 -89.24623021E-03
+42.49500E-06 -582.91457587E-03 -74.37185851E-03
+42.51000E-06 -1.39899498224E+00 -29.74874340E-03
+42.52500E-06 -1.28241206712E+00 +44.62311510E-03
+42.54000E-06 -466.33166081E-03 +74.37185849E-03
+42.55500E-06 +699.49749106E-03 +44.62311510E-03
+42.57000E-06 +1.28241206706E+00 -14.87437169E-03
+42.58500E-06 +1.16582915193E+00 -74.37185850E-03
+42.60000E-06 +233.16583050E-03 -104.12060189E-03
+42.61500E-06 -932.66332143E-03 -59.49748681E-03
+42.63000E-06 -1.39899498224E+00 -29.74874339E-03
+42.64500E-06 -1.16582915193E+00 +59.49748680E-03
+42.66000E-06 -116.58291525E-03 +89.24623019E-03
+42.67500E-06 +932.66332150E-03 +44.62311510E-03
+42.69000E-06 +1.39899498231E+00 -29.74874339E-03
+42.70500E-06 +1.04924623675E+00 -74.37185851E-03
+42.72000E-06 +0.0E+00 -89.24623020E-03
+42.73500E-06 -1.16582915187E+00 -59.49748680E-03
+42.75000E-06 -1.51557789743E+00 +0.0E+00
+42.76500E-06 -1.04924623675E+00 +74.37185850E-03
+42.78000E-06 +116.58291512E-03 +89.24623019E-03
+42.79500E-06 +1.16582915180E+00 +29.74874340E-03
+42.81000E-06 +1.51557789743E+00 -44.62311509E-03
+42.82500E-06 +816.08040637E-03 -104.12060190E-03
+42.84000E-06 -466.33166068E-03 -104.12060190E-03
+42.85500E-06 -1.51557789730E+00 -44.62311510E-03
+42.87000E-06 -1.63216081262E+00 +14.87437170E-03
+42.88500E-06 -932.66332150E-03 +89.24623020E-03
+42.90000E-06 +466.33166068E-03 +89.24623020E-03
+42.91500E-06 +1.39899498231E+00 +14.87437171E-03
+42.93000E-06 +1.39899498237E+00 -74.37185849E-03
+42.94500E-06 +582.91457600E-03 -118.99497360E-03
+42.96000E-06 -816.08040624E-03 -89.24623021E-03
+42.97500E-06 -1.63216081262E+00 -14.87437172E-03
+42.99000E-06 -1.63216081262E+00 +44.62311510E-03
+43.00500E-06 -582.91457600E-03 +89.24623020E-03
+43.02000E-06 +816.08040624E-03 +89.24623018E-03
+43.03500E-06 +1.74874372774E+00 +0.0E+00
+43.05000E-06 +1.39899498237E+00 -74.37185851E-03
+43.06500E-06 +349.74874556E-03 -133.86934529E-03
+43.08000E-06 -1.16582915180E+00 -89.24623020E-03
+43.09500E-06 -1.86532664299E+00 -14.87437171E-03
+43.11000E-06 -1.39899498231E+00 +59.49748680E-03
+43.12500E-06 -349.74874549E-03 +89.24623021E-03
+43.14000E-06 +1.16582915180E+00 +74.37185849E-03
+43.15500E-06 +1.86532664299E+00 -29.74874340E-03
+43.17000E-06 +1.28241206712E+00 -104.12060190E-03
+43.18500E-06 +70E-12 -104.12060191E-03
+43.20000E-06 -1.51557789730E+00 -59.49748681E-03
+43.21500E-06 -1.86532664306E+00 +29.74874339E-03
+43.23000E-06 -1.28241206712E+00 +89.24623020E-03
+43.24500E-06 +233.16583031E-03 +104.12060191E-03
+43.26000E-06 +1.51557789736E+00 +44.62311510E-03
+43.27500E-06 +1.86532664306E+00 -59.49748679E-03
+43.29000E-06 +1.04924623675E+00 -118.99497359E-03
+43.30500E-06 -349.74874556E-03 -118.99497360E-03
+43.32000E-06 -1.86532664292E+00 -59.49748680E-03
+43.33500E-06 -1.98190955818E+00 +44.62311509E-03
+43.35000E-06 -1.04924623675E+00 +104.12060190E-03
+43.36500E-06 +466.33166075E-03 +104.12060190E-03
+43.38000E-06 +1.86532664292E+00 +29.74874340E-03
+43.39500E-06 +1.86532664299E+00 -89.24623019E-03
+43.41000E-06 +699.49749119E-03 -148.74371700E-03
+43.42500E-06 -932.66332143E-03 -133.86934529E-03
+43.44000E-06 -2.09849247330E+00 -44.62311509E-03
+43.45500E-06 -1.98190955818E+00 +74.37185849E-03
+43.47000E-06 -582.91457607E-03 +118.99497361E-03
+43.48500E-06 +1.04924623668E+00 +89.24623021E-03
+43.50000E-06 +1.98190955825E+00 +14.87437169E-03
+43.51500E-06 +1.86532664292E+00 -104.12060189E-03
+43.53000E-06 +349.74874570E-03 -133.86934531E-03
+43.54500E-06 -1.16582915194E+00 -104.12060190E-03
+43.56000E-06 -2.21507538855E+00 -14.87437170E-03
+43.57500E-06 -1.74874372787E+00 +89.24623019E-03
+43.59000E-06 -233.16583044E-03 +118.99497360E-03
+43.60500E-06 +1.28241206713E+00 +74.37185851E-03
+43.62000E-06 +2.33165830374E+00 -29.74874340E-03
+43.63500E-06 +1.74874372773E+00 -133.86934529E-03
+43.65000E-06 +70E-12 -163.61808869E-03
+43.66500E-06 -1.74874372773E+00 -89.24623020E-03
+43.68000E-06 -2.44824121892E+00 +14.87437169E-03
+43.69500E-06 -1.63216081269E+00 +118.99497358E-03
+43.71000E-06 +116.58291512E-03 +118.99497362E-03
+43.72500E-06 +1.74874372773E+00 +74.37185851E-03
+43.74000E-06 +2.33165830374E+00 -74.37185850E-03
+43.75500E-06 +1.39899498217E+00 -148.74371700E-03
+43.77000E-06 -582.91457579E-03 -163.61808870E-03
+43.78500E-06 -2.09849247336E+00 -74.37185851E-03
+43.80000E-06 -2.33165830381E+00 +44.62311511E-03
+43.81500E-06 -1.16582915201E+00 +133.86934529E-03
+43.83000E-06 +699.49749105E-03 +118.99497361E-03
+43.84500E-06 +2.21507538848E+00 +44.62311510E-03
+43.86000E-06 +2.33165830381E+00 -89.24623020E-03
+43.87500E-06 +1.04924623668E+00 -178.49246040E-03
+43.89000E-06 -1.16582915172E+00 -148.74371700E-03
+43.90500E-06 -2.44824121892E+00 -29.74874341E-03
+43.92000E-06 -2.33165830381E+00 +89.24623019E-03
+43.93500E-06 -932.66332150E-03 +148.74371699E-03
+43.95000E-06 +1.16582915180E+00 +118.99497360E-03
+43.96500E-06 +2.44824121892E+00 +14.87437170E-03
+43.98000E-06 +2.21507538862E+00 -133.86934529E-03
+43.99500E-06 +466.33166089E-03 -178.49246040E-03
+44.01000E-06 -1.63216081247E+00 -148.74371699E-03
+44.02500E-06 -2.68140704937E+00 -10E-12
+44.04000E-06 -2.21507538862E+00 +118.99497359E-03
+44.05500E-06 -466.33166075E-03 +163.61808869E-03
+44.07000E-06 +1.74874372766E+00 +104.12060191E-03
+44.08500E-06 +2.68140704930E+00 -29.74874339E-03
+44.10000E-06 +1.98190955825E+00 -133.86934531E-03
+44.11500E-06 +0.0E+00 -178.49246041E-03
+44.13000E-06 -2.09849247322E+00 -118.99497359E-03
+44.14500E-06 -2.79798996449E+00 +29.74874340E-03
+44.16000E-06 -1.98190955818E+00 +163.61808869E-03
+44.17500E-06 +349.74874541E-03 +163.61808870E-03
+44.19000E-06 +2.21507538848E+00 +59.49748682E-03
+44.20500E-06 +2.79798996449E+00 -59.49748679E-03
+44.22000E-06 +1.63216081269E+00 -178.49246040E-03
+44.23500E-06 -582.91457586E-03 -193.36683210E-03
+44.25000E-06 -2.68140704915E+00 -89.24623020E-03
+44.26500E-06 -2.91457287967E+00 +74.37185849E-03
+44.28000E-06 -1.51557789750E+00 +163.61808869E-03
+44.29500E-06 +816.08040623E-03 +163.61808870E-03
+44.31000E-06 +2.56482413411E+00 +29.74874342E-03
+44.32500E-06 +2.68140704937E+00 -118.99497358E-03
+44.34000E-06 +1.16582915194E+00 -193.36683211E-03
+44.35500E-06 -1.28241206698E+00 -178.49246040E-03
+44.37000E-06 -2.91457287960E+00 -59.49748680E-03
+44.38500E-06 -2.79798996456E+00 +89.24623020E-03
+44.40000E-06 -932.66332165E-03 +163.61808870E-03
+44.41500E-06 +1.39899498209E+00 +148.74371701E-03
+44.43000E-06 +2.91457287967E+00 +20E-12
+44.44500E-06 +2.56482413411E+00 -133.86934530E-03
+44.46000E-06 +699.49749120E-03 -208.24120380E-03
+44.47500E-06 -1.86532664299E+00 -163.61808870E-03
+44.49000E-06 -3.26432162516E+00 -29.74874340E-03
+44.50500E-06 -2.56482413419E+00 +133.86934530E-03
+44.52000E-06 -349.74874564E-03 +208.24120379E-03
+44.53500E-06 +1.98190955818E+00 +133.86934530E-03
+44.55000E-06 +3.14773871005E+00 -29.74874339E-03
+44.56500E-06 +2.33165830382E+00 -163.61808870E-03
+44.58000E-06 -116.58291503E-03 -223.11557551E-03
+44.59500E-06 -2.44824121885E+00 -148.74371700E-03
+44.61000E-06 -3.49748745561E+00 +29.74874339E-03
+44.62500E-06 -2.21507538863E+00 +163.61808870E-03
+44.64000E-06 +233.16583030E-03 +208.24120379E-03
+44.65500E-06 +2.68140704914E+00 +104.12060190E-03
+44.67000E-06 +3.26432162531E+00 -74.37185849E-03
+44.68500E-06 +1.86532664307E+00 -193.36683210E-03
+44.70000E-06 -699.49749096E-03 -223.11557551E-03
+44.71500E-06 -2.91457287967E+00 -118.99497359E-03
+44.73000E-06 -3.49748745561E+00 +74.37185849E-03
+44.74500E-06 -1.74874372796E+00 +208.24120379E-03
+44.76000E-06 +932.66332134E-03 +193.36683210E-03
+44.77500E-06 +3.14773870997E+00 +74.37185849E-03
+44.79000E-06 +3.38090454034E+00 -118.99497359E-03
+44.80500E-06 +1.28241206721E+00 -237.98994720E-03
+44.82000E-06 -1.39899498216E+00 -223.11557550E-03
+44.83500E-06 -3.49748745545E+00 -59.49748681E-03
+44.85000E-06 -3.38090454042E+00 +104.12060190E-03
+44.86500E-06 -1.16582915195E+00 +223.11557550E-03
+44.88000E-06 +1.74874372764E+00 +193.36683211E-03
+44.89500E-06 +3.49748745553E+00 +29.74874340E-03
+44.91000E-06 +3.03115579494E+00 -178.49246038E-03
+44.92500E-06 +699.49749128E-03 -252.86431889E-03
+44.94000E-06 -2.09849247328E+00 -178.49246042E-03
+44.95500E-06 -3.84723620109E+00 -29.74874340E-03
+44.97000E-06 -3.03115579494E+00 +163.61808870E-03
+44.98500E-06 -466.33166091E-03 +237.98994720E-03
+45.00000E-06 +2.44824121876E+00 +163.61808870E-03
+45.01500E-06 +3.73065328598E+00 -29.74874339E-03
+45.03000E-06 +2.79798996449E+00 -223.11557547E-03
+45.04500E-06 +160E-12 -267.73869060E-03
+45.06000E-06 -2.79798996440E+00 -178.49246040E-03
+45.07500E-06 -3.84723620125E+00 +14.87437169E-03
+45.09000E-06 -2.68140704938E+00 +193.36683210E-03
+45.10500E-06 +233.16583021E-03 +252.86431889E-03
+45.12000E-06 +3.03115579478E+00 +118.99497362E-03
+45.13500E-06 +3.84723620117E+00 -74.37185850E-03
+45.15000E-06 +2.33165830382E+00 -252.86431888E-03
+45.16500E-06 -816.08040614E-03 -252.86431890E-03
+45.18000E-06 -3.49748745552E+00 -133.86934531E-03
+45.19500E-06 -3.96381911644E+00 +74.37185849E-03
+45.21000E-06 -2.09849247345E+00 +223.11557551E-03
+45.22500E-06 +1.04924623660E+00 +237.98994720E-03
+45.24000E-06 +3.61407037071E+00 +74.37185852E-03
+45.25500E-06 +3.84723620125E+00 -133.86934530E-03
+45.27000E-06 +1.63216081270E+00 -282.61306228E-03
+45.28500E-06 -1.63216081253E+00 -252.86431890E-03
+45.30000E-06 -3.96381911627E+00 -74.37185852E-03
+45.31500E-06 -3.84723620125E+00 +118.99497358E-03
+45.33000E-06 -1.39899498233E+00 +252.86431889E-03
+45.34500E-06 +1.98190955801E+00 +223.11557550E-03
+45.36000E-06 +4.08040203146E+00 +44.62311511E-03
+45.37500E-06 +3.73065328598E+00 -178.49246040E-03
+45.39000E-06 +816.08040648E-03 -282.61306229E-03
+45.40500E-06 -2.44824121876E+00 -223.11557550E-03
+45.42000E-06 -4.31356786191E+00 -29.74874341E-03
+45.43500E-06 -3.49748745577E+00 +178.49246040E-03
+45.45000E-06 -582.91457610E-03 +267.73869060E-03
+45.46500E-06 +2.79798996432E+00 +193.36683211E-03
+45.48000E-06 +4.31356786191E+00 -14.87437169E-03
+45.49500E-06 +3.14773871013E+00 -223.11557551E-03
+45.51000E-06 +116.58291527E-03 -312.36180570E-03
+45.52500E-06 -3.14773870996E+00 -193.36683210E-03
+45.54000E-06 -4.43015077719E+00 +29.74874338E-03
+45.55500E-06 -3.03115579494E+00 +208.24120381E-03
+45.57000E-06 +349.74874539E-03 +282.61306230E-03
+45.58500E-06 +3.49748745552E+00 +163.61808870E-03
+45.60000E-06 +4.43015077710E+00 -74.37185849E-03
+45.61500E-06 +2.68140704938E+00 -282.61306230E-03
+45.63000E-06 -932.66332132E-03 -312.36180570E-03
+45.64500E-06 -3.96381911618E+00 -163.61808870E-03
+45.66000E-06 -4.54673369237E+00 +104.12060188E-03
+45.67500E-06 -2.33165830400E+00 +267.73869060E-03
+45.69000E-06 +1.28241206688E+00 +282.61306229E-03
+45.70500E-06 +4.08040203154E+00 +104.12060190E-03
+45.72000E-06 +4.43015077710E+00 -163.61808868E-03
+45.73500E-06 +1.86532664308E+00 -312.36180570E-03
+45.75000E-06 -1.86532664282E+00 -282.61306230E-03
+45.76500E-06 -4.54673369220E+00 -89.24623021E-03
+45.78000E-06 -4.43015077710E+00 +148.74371699E-03
+45.79500E-06 -1.63216081279E+00 +297.48743400E-03
+45.81000E-06 +2.21507538838E+00 +267.73869060E-03
+45.82500E-06 +4.54673369220E+00 +44.62311511E-03
+45.84000E-06 +4.08040203163E+00 -208.24120379E-03
+45.85500E-06 +1.04924623677E+00 -342.11054910E-03
+45.87000E-06 -2.79798996431E+00 -267.73869060E-03
+45.88500E-06 -4.89648243776E+00 -29.74874341E-03
+45.90000E-06 -4.08040203154E+00 +208.24120378E-03
+45.91500E-06 -582.91457620E-03 +312.36180571E-03
+45.93000E-06 +2.91457287967E+00 +223.11557551E-03
+45.94500E-06 +4.89648243776E+00 -14.87437169E-03
+45.96000E-06 +3.61407037088E+00 -267.73869059E-03
+45.97500E-06 +116.58291536E-03 -356.98492080E-03
+45.99000E-06 -3.73065328580E+00 -223.11557551E-03
+46.00500E-06 -5.12964826822E+00 +29.74874339E-03
+46.02000E-06 -3.49748745570E+00 +267.73869058E-03
+46.03500E-06 +466.33166048E-03 +327.23617740E-03
+46.05000E-06 +3.84723620108E+00 +193.36683210E-03
+46.06500E-06 +5.01306535304E+00 -89.24623019E-03
+46.08000E-06 +3.03115579504E+00 -297.48743399E-03
+46.09500E-06 -1.16582915151E+00 -356.98492080E-03
+46.11000E-06 -4.43015077692E+00 -178.49246042E-03
+46.12500E-06 -5.12964826831E+00 +104.12060189E-03
+46.14000E-06 -2.56482413438E+00 +297.48743400E-03
+46.15500E-06 +1.39899498206E+00 +312.36180570E-03
+46.17000E-06 +4.66331660739E+00 +133.86934531E-03
+46.18500E-06 +4.89648243794E+00 -163.61808869E-03
+46.20000E-06 +2.09849247354E+00 -342.11054910E-03
+46.21500E-06 -2.09849247318E+00 -342.11054910E-03
+46.23000E-06 -5.01306535295E+00 -118.99497361E-03
+46.24500E-06 -4.89648243803E+00 +163.61808869E-03
+46.26000E-06 -1.74874372798E+00 +342.11054910E-03
+46.27500E-06 +2.56482413384E+00 +297.48743401E-03
+46.29000E-06 +5.12964826822E+00 +44.62311512E-03
+46.30500E-06 +4.54673369238E+00 -223.11557549E-03
+46.32000E-06 +1.04924623695E+00 -386.73366419E-03
+46.33500E-06 -3.14773870986E+00 -312.36180571E-03
+46.35000E-06 -5.47939701378E+00 -44.62311512E-03
+46.36500E-06 -4.43015077719E+00 +223.11557549E-03
+46.38000E-06 -699.49749130E-03 +371.85929249E-03
+46.39500E-06 +3.61407037043E+00 +267.73869061E-03
+46.41000E-06 +5.47939701369E+00 -14.87437169E-03
+46.42500E-06 +4.08040203172E+00 -282.61306229E-03
+46.44000E-06 +280E-12 -386.73366420E-03
+46.45500E-06 -4.08040203136E+00 -267.73869062E-03
+46.47000E-06 -5.82914575925E+00 +14.87437169E-03
+46.48500E-06 -3.73065328616E+00 +297.48743399E-03
+46.50000E-06 +466.33166047E-03 +371.85929250E-03
+46.51500E-06 +4.43015077692E+00 +208.24120381E-03
+46.53000E-06 +5.59597992906E+00 -89.24623019E-03
+46.54500E-06 +3.26432162542E+00 -356.98492078E-03
+46.56000E-06 -1.16582915159E+00 -386.73366421E-03
+46.57500E-06 -5.01306535276E+00 -208.24120382E-03
+46.59000E-06 -5.71256284416E+00 +89.24623019E-03
+46.60500E-06 -2.91457287995E+00 +356.98492079E-03
+46.62000E-06 +1.63216081234E+00 +356.98492081E-03
+46.63500E-06 +5.12964826813E+00 +148.74371701E-03
+46.65000E-06 +5.36281409869E+00 -163.61808869E-03
+46.66500E-06 +2.33165830392E+00 -401.60803589E-03
+46.68000E-06 -2.33165830355E+00 -386.73366421E-03
+46.69500E-06 -5.59597992888E+00 -133.86934534E-03
+46.71000E-06 -5.47939701388E+00 +178.49246039E-03
+46.72500E-06 -1.98190955836E+00 +401.60803589E-03
+46.74000E-06 +2.79798996420E+00 +356.98492079E-03
+46.75500E-06 +5.82914575906E+00 +59.49748682E-03
+46.77000E-06 +5.01306535322E+00 -237.98994719E-03
+46.78500E-06 +1.28241206724E+00 -431.35677929E-03
+46.80000E-06 -3.49748745532E+00 -356.98492080E-03
+46.81500E-06 -6.06231158962E+00 -59.49748682E-03
+46.83000E-06 -4.89648243804E+00 +252.86431890E-03
+46.84500E-06 -699.49749141E-03 +416.48240760E-03
+46.86000E-06 +3.96381911607E+00 +297.48743401E-03
+46.87500E-06 +6.17889450471E+00 -14.87437168E-03
+46.89000E-06 +4.43015077739E+00 -327.23617738E-03
+46.90500E-06 -116.58291471E-03 -446.23115099E-03
+46.92000E-06 -4.54673369200E+00 -282.61306232E-03
+46.93500E-06 -6.29547742009E+00 +14.87437168E-03
+46.95000E-06 -4.19698494692E+00 +312.36180570E-03
+46.96500E-06 +582.91457555E-03 +416.48240761E-03
+46.98000E-06 +4.89648243766E+00 +237.98994721E-03
+46.99500E-06 +6.17889450490E+00 -89.24623018E-03
+47.01000E-06 +3.61407037108E+00 -386.73366418E-03
+47.02500E-06 -1.16582915158E+00 -446.23115100E-03
+47.04000E-06 -5.47939701359E+00 -237.98994722E-03
+47.05500E-06 -6.17889450500E+00 +118.99497356E-03
+47.07000E-06 -3.26432162543E+00 +356.98492081E-03
+47.08500E-06 +1.74874372751E+00 +416.48240760E-03
+47.10000E-06 +5.59597992887E+00 +178.49246040E-03
+47.11500E-06 +5.94572867463E+00 -178.49246039E-03
+47.13000E-06 +2.56482413440E+00 -431.35677929E-03
+47.14500E-06 -2.56482413382E+00 -416.48240762E-03
+47.16000E-06 -6.06231158962E+00 -163.61808872E-03
+47.17500E-06 -5.94572867463E+00 +178.49246039E-03
+47.19000E-06 -2.21507538884E+00 +431.35677929E-03
+47.20500E-06 +3.14773870975E+00 +386.73366421E-03
+47.22000E-06 +6.17889450490E+00 +104.12060190E-03
+47.23500E-06 +5.59597992907E+00 -267.73869059E-03
+47.25000E-06 +1.28241206745E+00 -461.10552270E-03
+47.26500E-06 -3.84723620087E+00 -386.73366421E-03
+47.28000E-06 -6.64522616555E+00 -59.49748683E-03
+47.29500E-06 -5.36281409879E+00 +282.61306225E-03
+47.31000E-06 -816.08040660E-03 +446.23115100E-03
+47.32500E-06 +4.19698494653E+00 +342.11054911E-03
+47.34000E-06 +6.64522616565E+00 +30E-12
+47.35500E-06 +4.89648243805E+00 -342.11054909E-03
+47.37000E-06 +300E-12 -490.85426610E-03
+47.38500E-06 -4.77989952256E+00 -327.23617743E-03
+47.40000E-06 -6.76180908084E+00 +14.87437169E-03
+47.41500E-06 -4.66331660767E+00 +356.98492076E-03
+47.43000E-06 +582.91457554E-03 +461.10552271E-03
+47.44500E-06 +5.24623118321E+00 +282.61306231E-03
+47.46000E-06 +6.76180908094E+00 -89.24623019E-03
+47.47500E-06 +3.96381911655E+00 -416.48240760E-03
+47.49000E-06 -1.39899498184E+00 -490.85426610E-03
+47.50500E-06 -5.82914575914E+00 -252.86431894E-03
+47.52000E-06 -6.64522616585E+00 +118.99497356E-03
+47.53500E-06 -3.49748745591E+00 +431.35677927E-03
+47.55000E-06 +1.86532664269E+00 +461.10552271E-03
+47.56500E-06 +6.17889450470E+00 +208.24120383E-03
+47.58000E-06 +6.52864325057E+00 -178.49246039E-03
+47.59500E-06 +2.79798996479E+00 -461.10552269E-03
+47.61000E-06 -2.79798996418E+00 -475.97989441E-03
+47.62500E-06 -6.52864325036E+00 -193.36683213E-03
+47.64000E-06 -6.52864325057E+00 +193.36683210E-03
+47.65500E-06 -2.21507538896E+00 +461.10552267E-03
+47.67000E-06 +3.26432162493E+00 +431.35677931E-03
+47.68500E-06 +6.76180908074E+00 +118.99497361E-03
+47.70000E-06 +6.06231158992E+00 -267.73869060E-03
+47.71500E-06 +1.51557789773E+00 -505.72863780E-03
+47.73000E-06 -3.96381911615E+00 -431.35677931E-03
+47.74500E-06 -6.99497491121E+00 -89.24623023E-03
+47.76000E-06 -5.82914575945E+00 +297.48743397E-03
+47.77500E-06 -932.66332180E-03 +505.72863779E-03
+47.79000E-06 +4.54673369198E+00 +371.85929253E-03
+47.80500E-06 +7.11155782640E+00 +29.74874343E-03
+47.82000E-06 +5.24623118372E+00 -356.98492080E-03
+47.83500E-06 +116.58291539E-03 -520.60300950E-03
+47.85000E-06 -5.24623118320E+00 -356.98492083E-03
+47.86500E-06 -7.34472365677E+00 +14.87437166E-03
+47.88000E-06 -4.77989952307E+00 +401.60803587E-03
+47.89500E-06 +582.91457552E-03 +520.60300949E-03
+47.91000E-06 +5.71256284385E+00 +312.36180573E-03
+47.92500E-06 +7.22814074169E+00 -89.24623019E-03
+47.94000E-06 +4.19698494714E+00 -446.23115099E-03
+47.95500E-06 -1.39899498193E+00 -535.47738120E-03
+47.97000E-06 -6.41206033497E+00 -297.48743401E-03
+47.98500E-06 -7.22814074159E+00 +118.99497356E-03
+48.00000E-06 -3.73065328629E+00 +446.23115097E-03
+48.01500E-06 +1.98190955787E+00 +520.60300949E-03
+48.03000E-06 +6.64522616534E+00 +223.11557554E-03
+48.04500E-06 +6.99497491132E+00 -178.49246039E-03
+48.06000E-06 +2.91457288009E+00 -505.72863779E-03
+48.07500E-06 -2.79798996428E+00 -520.60300950E-03
+48.09000E-06 -7.11155782619E+00 -223.11557551E-03
+48.10500E-06 -6.87839199613E+00 +208.24120379E-03
+48.12000E-06 -2.44824121924E+00 +520.60300947E-03
+48.13500E-06 +3.49748745529E+00 +475.97989441E-03
+48.15000E-06 +7.22814074138E+00 +133.86934534E-03
+48.16500E-06 +6.52864325057E+00 -297.48743397E-03
+48.18000E-06 +1.51557789785E+00 -535.47738120E-03
+48.19500E-06 -4.19698494652E+00 -475.97989441E-03
+48.21000E-06 -7.57788948704E+00 -104.12060193E-03
+48.22500E-06 -6.17889450501E+00 +312.36180567E-03
+48.24000E-06 -932.66332181E-03 +535.47738120E-03
+48.25500E-06 +4.89648243753E+00 +416.48240761E-03
+48.27000E-06 +7.46130657196E+00 +14.87437175E-03
+48.28500E-06 +5.71256284437E+00 -386.73366417E-03
+48.30000E-06 +116.58291550E-03 -580.10049629E-03
+48.31500E-06 -5.47939701357E+00 -416.48240761E-03
+48.33000E-06 -7.81105531741E+00 -30E-12
+48.34500E-06 -5.24623118362E+00 +401.60803589E-03
+48.36000E-06 +582.91457551E-03 +550.35175290E-03
+48.37500E-06 +5.94572867432E+00 +342.11054911E-03
+48.39000E-06 +7.57788948715E+00 -89.24623016E-03
+48.40500E-06 +4.54673369250E+00 -461.10552269E-03
+48.42000E-06 -1.51557789700E+00 -565.22612461E-03
+48.43500E-06 -6.64522616544E+00 -342.11054911E-03
+48.45000E-06 -7.69447240233E+00 +104.12060187E-03
+48.46500E-06 -3.96381911668E+00 +475.97989437E-03
+48.48000E-06 +2.09849247304E+00 +535.47738121E-03
+48.49500E-06 +6.87839199592E+00 +252.86431891E-03
+48.51000E-06 +7.34472365688E+00 -208.24120376E-03
+48.52500E-06 +3.14773871037E+00 -550.35175287E-03
+48.54000E-06 -3.03115579443E+00 -535.47738121E-03
+48.55500E-06 -7.46130657174E+00 -223.11557553E-03
+48.57000E-06 -7.34472365677E+00 +208.24120379E-03
+48.58500E-06 -2.56482413454E+00 +535.47738119E-03
+48.60000E-06 +3.73065328566E+00 +505.72863783E-03
+48.61500E-06 +7.69447240201E+00 +163.61808871E-03
+48.63000E-06 +6.76180908095E+00 -297.48743397E-03
+48.64500E-06 +1.74874372813E+00 -565.22612459E-03
+48.66000E-06 -4.43015077667E+00 -505.72863781E-03
+48.67500E-06 -7.92763823271E+00 -118.99497363E-03
+48.69000E-06 -6.52864325068E+00 +327.23617737E-03
+48.70500E-06 -932.66332204E-03 +565.22612460E-03
+48.72000E-06 +5.01306535282E+00 +461.10552271E-03
+48.73500E-06 +7.92763823271E+00 +59.49748681E-03
+48.75000E-06 +5.82914575967E+00 -416.48240756E-03
+48.76500E-06 +116.58291563E-03 -609.84923969E-03
+48.78000E-06 -5.71256284394E+00 -446.23115103E-03
+48.79500E-06 -8.04422114789E+00 -40E-12
+48.81000E-06 -5.47939701400E+00 +416.48240757E-03
+48.82500E-06 +582.91457549E-03 +580.10049630E-03
+48.84000E-06 +6.17889450468E+00 +386.73366421E-03
+48.85500E-06 +8.04422114789E+00 -74.37185847E-03
+48.87000E-06 +4.66331660781E+00 -490.85426607E-03
+48.88500E-06 -1.51557789699E+00 -594.97486801E-03
+48.90000E-06 -6.76180908073E+00 -342.11054914E-03
+48.91500E-06 -8.04422114801E+00 +89.24623017E-03
+48.93000E-06 -4.19698494706E+00 +490.85426609E-03
+48.94500E-06 +2.21507538811E+00 +580.10049631E-03
+48.96000E-06 +7.11155782629E+00 +282.61306231E-03
+48.97500E-06 +7.69447240245E+00 -178.49246039E-03
+48.99000E-06 +3.26432162557E+00 -565.22612459E-03
+49.00500E-06 -3.14773870971E+00 -580.10049633E-03
+49.02000E-06 -7.69447240211E+00 -252.86431894E-03
+49.03500E-06 -7.46130657207E+00 +193.36683210E-03
+49.05000E-06 -2.68140704963E+00 +550.35175290E-03
+49.06500E-06 +3.84723620072E+00 +550.35175290E-03
+49.08000E-06 +7.81105531741E+00 +193.36683213E-03
+49.09500E-06 +6.99497491144E+00 -297.48743397E-03
+49.11000E-06 +1.74874372825E+00 -624.72361139E-03
+49.12500E-06 -4.66331660703E+00 -550.35175291E-03
+49.14000E-06 -8.16080406308E+00 -148.74371703E-03
+49.15500E-06 -6.76180908118E+00 +327.23617737E-03
+49.17000E-06 -1.04924623713E+00 +609.84923969E-03
+49.18500E-06 +5.24623118296E+00 +490.85426613E-03
+49.20000E-06 +8.16080406308E+00 +59.49748686E-03
+49.21500E-06 +6.06231159006E+00 -401.60803587E-03
+49.23000E-06 +116.58291564E-03 -624.72361141E-03
+49.24500E-06 -5.94572867430E+00 -461.10552273E-03
+49.26000E-06 -8.27738697838E+00 -14.87437174E-03
+49.27500E-06 -5.59597992931E+00 +416.48240759E-03
+49.29000E-06 +582.91457548E-03 +609.84923970E-03
+49.30500E-06 +6.41206033494E+00 +401.60803593E-03
+49.32000E-06 +8.16080406320E+00 -44.62311509E-03
+49.33500E-06 +4.89648243819E+00 -490.85426609E-03
+49.35000E-06 -1.51557789709E+00 -654.47235478E-03
+49.36500E-06 -6.99497491098E+00 -371.85929254E-03
+49.38000E-06 -8.04422114812E+00 +104.12060184E-03
+49.39500E-06 -4.43015077733E+00 +490.85426610E-03
+49.41000E-06 +2.21507538821E+00 +594.97486800E-03
+49.42500E-06 +7.34472365654E+00 +312.36180573E-03
+49.44000E-06 +7.81105531775E+00 -178.49246037E-03
+49.45500E-06 +3.38090454088E+00 -580.10049628E-03
+49.47000E-06 -3.14773870970E+00 -609.84923971E-03
+49.48500E-06 -7.92763823236E+00 -282.61306233E-03
+49.50000E-06 -7.57788948749E+00 +193.36683209E-03
+49.51500E-06 -2.68140704988E+00 +565.22612460E-03
+49.53000E-06 +3.84723620082E+00 +580.10049630E-03
+49.54500E-06 +8.04422114778E+00 +193.36683214E-03
+49.56000E-06 +7.22814074182E+00 -297.48743397E-03
+49.57500E-06 +1.74874372827E+00 -624.72361140E-03
+49.59000E-06 -4.66331660713E+00 -565.22612461E-03
+49.60500E-06 -8.27738697827E+00 -163.61808873E-03
+49.62000E-06 -6.87839199626E+00 +327.23617737E-03
+49.63500E-06 -1.16582915233E+00 +609.84923968E-03
+49.65000E-06 +5.24623118306E+00 +490.85426614E-03
+49.66500E-06 +8.27738697827E+00 +74.37185851E-03
+49.68000E-06 +6.17889450525E+00 -401.60803588E-03
+49.69500E-06 +233.16583061E-03 -654.47235480E-03
+49.71000E-06 -5.94572867418E+00 -505.72863781E-03
+49.72500E-06 -8.51055280864E+00 -29.74874344E-03
+49.74000E-06 -5.82914575946E+00 +431.35677927E-03
+49.75500E-06 +582.91457547E-03 +624.72361141E-03
+49.77000E-06 +6.41206033516E+00 +446.23115101E-03
+49.78500E-06 +8.27738697827E+00 -29.74874337E-03
+49.80000E-06 +5.01306535339E+00 -505.72863777E-03
+49.81500E-06 -1.51557789696E+00 -654.47235480E-03
+49.83000E-06 -6.99497491110E+00 -416.48240761E-03
+49.84500E-06 -8.27738697827E+00 +89.24623015E-03
+49.86000E-06 -4.43015077746E+00 +505.72863778E-03
+49.87500E-06 +2.33165830327E+00 +609.84923971E-03
+49.89000E-06 +7.34472365666E+00 +327.23617743E-03
+49.90500E-06 +7.92763823283E+00 -178.49246035E-03
+49.92000E-06 +3.49748745608E+00 -565.22612460E-03
+49.93500E-06 -3.26432162476E+00 -639.59798313E-03
+49.95000E-06 -7.81105531752E+00 -297.48743405E-03
+49.96500E-06 -7.81105531764E+00 +208.24120375E-03
+49.98000E-06 -2.79798996496E+00 +580.10049628E-03
+49.99500E-06 +3.84723620081E+00 +594.97486801E-03
+50.01000E-06 +7.92763823271E+00 +223.11557553E-03
+50.02500E-06 +7.34472365701E+00 -282.61306227E-03
+50.04000E-06 +1.86532664347E+00 -624.72361138E-03
+50.05500E-06 -4.77989952218E+00 -580.10049635E-03
+50.07000E-06 -8.27738697827E+00 -178.49246043E-03
+50.08500E-06 -6.87839199627E+00 +327.23617737E-03
+50.10000E-06 -1.16582915235E+00 +639.59798308E-03
+50.11500E-06 +5.36281409824E+00 +520.60300953E-03
+50.13000E-06 +8.27738697827E+00 +89.24623025E-03
+50.14500E-06 +6.29547742033E+00 -401.60803587E-03
+50.16000E-06 +116.58291567E-03 -669.34672648E-03
+50.17500E-06 -5.94572867441E+00 -520.60300953E-03
+50.19000E-06 -8.51055280864E+00 -74.37185852E-03
+50.20500E-06 -5.71256284452E+00 +431.35677927E-03
+50.22000E-06 +582.91457545E-03 +639.59798308E-03
+50.23500E-06 +6.41206033492E+00 +461.10552272E-03
+50.25000E-06 +8.27738697839E+00 -29.74874337E-03
+50.26500E-06 +5.01306535340E+00 -490.85426607E-03
+50.28000E-06 -1.63216081201E+00 -669.34672650E-03
+50.29500E-06 -7.11155782616E+00 -431.35677935E-03
+50.31000E-06 -8.27738697839E+00 +59.49748678E-03
+50.32500E-06 -4.31356786240E+00 +505.72863780E-03
+50.34000E-06 +2.33165830325E+00 +639.59798310E-03
+50.35500E-06 +7.46130657172E+00 +342.11054913E-03
+50.37000E-06 +7.92763823295E+00 -163.61808867E-03
+50.38500E-06 +3.49748745610E+00 -580.10049628E-03
+50.40000E-06 -3.26432162474E+00 -654.47235480E-03
+50.41500E-06 -7.92763823246E+00 -312.36180575E-03
+50.43000E-06 -7.57788948752E+00 +178.49246037E-03
+50.44500E-06 -2.79798996510E+00 +594.97486797E-03
+50.46000E-06 +3.96381911574E+00 +594.97486802E-03
+50.47500E-06 +8.04422114765E+00 +223.11557555E-03
+50.49000E-06 +7.11155782665E+00 -282.61306227E-03
+50.50500E-06 +1.86532664336E+00 -624.72361140E-03
+50.52000E-06 -4.66331660711E+00 -594.97486803E-03
+50.53500E-06 -8.27738697827E+00 -193.36683215E-03
+50.55000E-06 -6.87839199627E+00 +282.61306228E-03
+50.56500E-06 -1.04924623718E+00 +624.72361140E-03
+50.58000E-06 +5.24623118304E+00 +550.35175292E-03
+50.59500E-06 +8.27738697827E+00 +104.12060193E-03
+50.61000E-06 +6.06231159021E+00 -401.60803587E-03
+50.62500E-06 +233.16583075E-03 -669.34672648E-03
+50.64000E-06 -6.06231158935E+00 -520.60300953E-03
+50.65500E-06 -8.39396989358E+00 -74.37185855E-03
+50.67000E-06 -5.71256284465E+00 +416.48240758E-03
+50.68500E-06 +582.91457544E-03 +654.47235480E-03
+50.70000E-06 +6.41206033491E+00 +461.10552273E-03
+50.71500E-06 +8.16080406308E+00 -29.74874335E-03
+50.73000E-06 +4.89648243810E+00 -490.85426605E-03
+50.74500E-06 -1.63216081212E+00 -669.34672650E-03
+50.76000E-06 -7.11155782602E+00 -431.35677933E-03
+50.77500E-06 -8.16080406321E+00 +59.49748675E-03
+50.79000E-06 -4.31356786229E+00 +490.85426608E-03
+50.80500E-06 +2.21507538817E+00 +639.59798310E-03
+50.82000E-06 +7.34472365652E+00 +342.11054915E-03
+50.83500E-06 +7.81105531765E+00 -148.74371697E-03
+50.85000E-06 +3.38090454092E+00 -565.22612458E-03
+50.86500E-06 -3.14773870954E+00 -654.47235480E-03
+50.88000E-06 -7.81105531727E+00 -327.23617743E-03
+50.89500E-06 -7.57788948740E+00 +163.61808867E-03
+50.91000E-06 -2.79798996474E+00 +565.22612460E-03
+50.92500E-06 +3.84723620066E+00 +609.84923972E-03
+50.94000E-06 +7.81105531752E+00 +252.86431892E-03
+50.95500E-06 +7.11155782653E+00 -267.73869055E-03
+50.97000E-06 +1.74874372844E+00 -639.59798308E-03
+50.98500E-06 -4.66331660697E+00 -609.84923972E-03
+51.00000E-06 -8.16080406295E+00 -223.11557552E-03
+51.01500E-06 -6.76180908109E+00 +297.48743395E-03
+51.03000E-06 -1.16582915225E+00 +594.97486802E-03
+51.04500E-06 +5.12964826784E+00 +550.35175292E-03
+51.06000E-06 +8.04422114802E+00 +133.86934533E-03
+51.07500E-06 +6.06231158985E+00 -371.85929245E-03
+51.09000E-06 +116.58291570E-03 -669.34672648E-03
+51.10500E-06 -5.82914575896E+00 -520.60300952E-03
+51.12000E-06 -8.16080406308E+00 -74.37185855E-03
+51.13500E-06 -5.59597992935E+00 +416.48240755E-03
+51.15000E-06 +582.91457542E-03 +624.72361142E-03
+51.16500E-06 +6.29547741971E+00 +475.97989442E-03
+51.18000E-06 +8.04422114789E+00 +30E-12
+51.19500E-06 +4.77989952305E+00 -490.85426607E-03
+51.21000E-06 -1.51557789692E+00 -654.47235480E-03
+51.22500E-06 -6.76180908071E+00 -431.35677933E-03
+51.24000E-06 -7.92763823284E+00 +44.62311507E-03
+51.25500E-06 -4.08040203206E+00 +490.85426607E-03
+51.27000E-06 +2.09849247298E+00 +624.72361142E-03
+51.28500E-06 +7.11155782614E+00 +371.85929252E-03
+51.30000E-06 +7.57788948728E+00 -133.86934525E-03
+51.31500E-06 +3.26432162562E+00 -565.22612457E-03
+51.33000E-06 -3.03115579434E+00 -639.59798310E-03
+51.34500E-06 -7.57788948689E+00 -327.23617743E-03
+51.36000E-06 -7.46130657196E+00 +163.61808865E-03
+51.37500E-06 -2.68140704982E+00 +565.22612457E-03
+51.39000E-06 +3.73065328546E+00 +594.97486802E-03
+51.40500E-06 +7.57788948715E+00 +252.86431893E-03
+51.42000E-06 +6.99497491121E+00 -252.86431887E-03
+51.43500E-06 +1.86532664338E+00 -594.97486798E-03
+51.45000E-06 -4.43015077671E+00 -594.97486802E-03
+51.46500E-06 -7.92763823258E+00 -208.24120385E-03
+51.48000E-06 -6.52864325073E+00 +282.61306227E-03
+51.49500E-06 -1.16582915213E+00 +609.84923967E-03
+51.51000E-06 +4.89648243746E+00 +535.47738123E-03
+51.52500E-06 +7.92763823258E+00 +133.86934535E-03
+51.54000E-06 +5.82914575974E+00 -356.98492077E-03
+51.55500E-06 +233.16583077E-03 -639.59798310E-03
+51.57000E-06 -5.71256284376E+00 -520.60300953E-03
+51.58500E-06 -7.92763823271E+00 -89.24623025E-03
+51.60000E-06 -5.36281409886E+00 +386.73366415E-03
+51.61500E-06 +466.33166035E-03 +639.59798307E-03
+51.63000E-06 +6.06231158932E+00 +461.10552273E-03
+51.64500E-06 +7.69447240233E+00 +14.87437173E-03
+51.66000E-06 +4.54673369282E+00 -446.23115098E-03
+51.67500E-06 -1.39899498185E+00 -654.47235478E-03
+51.69000E-06 -6.64522616539E+00 -446.23115102E-03
+51.70500E-06 -7.69447240233E+00 +29.74874337E-03
+51.72000E-06 -4.08040203194E+00 +475.97989437E-03
+51.73500E-06 +2.09849247283E+00 +609.84923970E-03
+51.75000E-06 +6.87839199563E+00 +356.98492083E-03
+51.76500E-06 +7.34472365691E+00 -118.99497357E-03
+51.78000E-06 +3.26432162563E+00 -520.60300948E-03
+51.79500E-06 -2.91457287927E+00 -609.84923972E-03
+51.81000E-06 -7.34472365651E+00 -342.11054913E-03
+51.82500E-06 -7.11155782653E+00 +148.74371697E-03
+51.84000E-06 -2.56482413451E+00 +535.47738118E-03
+51.85500E-06 +3.49748745507E+00 +580.10049628E-03
+51.87000E-06 +7.34472365664E+00 +252.86431893E-03
+51.88500E-06 +6.52864325073E+00 -237.98994715E-03
+51.90000E-06 +1.63216081328E+00 -580.10049628E-03
+51.91500E-06 -4.19698494646E+00 -580.10049632E-03
+51.93000E-06 -7.57788948701E+00 -223.11557553E-03
+51.94500E-06 -6.29547742023E+00 +267.73869057E-03
+51.96000E-06 -1.04924623722E+00 +580.10049628E-03
+51.97500E-06 +4.66331660721E+00 +535.47738120E-03
+51.99000E-06 +7.57788948715E+00 +148.74371703E-03
+52.00500E-06 +5.59597992937E+00 -327.23617737E-03
+52.02000E-06 +233.16583078E-03 -609.84923970E-03
+52.03500E-06 -5.36281409833E+00 -520.60300952E-03
+52.05000E-06 -7.57788948715E+00 -104.12060193E-03
+52.06500E-06 -5.12964826849E+00 +356.98492077E-03
+52.08000E-06 +466.33166021E-03 +624.72361137E-03
+52.09500E-06 +5.71256284389E+00 +446.23115102E-03
+52.11000E-06 +7.34472365691E+00 +14.87437173E-03
+52.12500E-06 +4.43015077751E+00 -416.48240758E-03
+52.14000E-06 -1.28241206665E+00 -609.84923970E-03
+52.15500E-06 -6.29547741982E+00 -431.35677933E-03
+52.17000E-06 -7.34472365677E+00 +14.87437167E-03
+52.18500E-06 -3.96381911663E+00 +446.23115096E-03
+52.20000E-06 +1.98190955763E+00 +594.97486798E-03
+52.21500E-06 +6.52864325006E+00 +371.85929252E-03
+52.23000E-06 +6.76180908111E+00 -104.12060185E-03
+52.24500E-06 +3.03115579527E+00 -490.85426608E-03
+52.26000E-06 -2.79798996408E+00 -594.97486802E-03
+52.27500E-06 -6.76180908084E+00 -342.11054913E-03
+52.29000E-06 -6.64522616579E+00 +118.99497358E-03
+52.30500E-06 -2.44824121947E+00 +520.60300946E-03
+52.32000E-06 +3.26432162482E+00 +565.22612460E-03
+52.33500E-06 +6.87839199589E+00 +267.73869062E-03
+52.35000E-06 +6.29547742023E+00 -208.24120376E-03
+52.36500E-06 +1.63216081303E+00 -550.35175288E-03
+52.38000E-06 -4.08040203099E+00 -565.22612460E-03
+52.39500E-06 -7.11155782640E+00 -237.98994722E-03
+52.41000E-06 -5.82914575962E+00 +252.86431883E-03
+52.42500E-06 -1.04924623723E+00 +550.35175288E-03
+52.44000E-06 +4.43015077669E+00 +520.60300952E-03
+52.45500E-06 +6.99497491121E+00 +148.74371702E-03
+52.47000E-06 +5.24623118355E+00 -312.36180566E-03
+52.48500E-06 +116.58291574E-03 -580.10049630E-03
+52.50000E-06 -4.89648243757E+00 -490.85426612E-03
+52.51500E-06 -7.11155782640E+00 -118.99497364E-03
+52.53000E-06 -4.89648243799E+00 +327.23617738E-03
+52.54500E-06 +582.91457524E-03 +580.10049626E-03
+52.56000E-06 +5.36281409832E+00 +446.23115102E-03
+52.57500E-06 +6.87839199603E+00 +44.62311512E-03
+52.59000E-06 +4.08040203196E+00 -401.60803586E-03
+52.60500E-06 -1.16582915145E+00 -580.10049632E-03
+52.62000E-06 -5.71256284402E+00 -416.48240762E-03
+52.63500E-06 -6.76180908098E+00 -50E-12
+52.65000E-06 -3.73065328612E+00 +401.60803586E-03
+52.66500E-06 +1.86532664243E+00 +565.22612460E-03
+52.68000E-06 +6.06231158944E+00 +342.11054915E-03
+52.69500E-06 +6.41206033556E+00 -74.37185848E-03
+52.71000E-06 +2.79798996491E+00 -475.97989436E-03
+52.72500E-06 -2.56482413369E+00 -565.22612462E-03
+52.74000E-06 -6.29547741995E+00 -342.11054912E-03
+52.75500E-06 -6.29547742023E+00 +104.12060186E-03
+52.77000E-06 -2.33165830416E+00 +461.10552270E-03
+52.78500E-06 +3.14773870934E+00 +550.35175292E-03
+52.80000E-06 +6.41206033528E+00 +252.86431894E-03
+52.81500E-06 +5.71256284430E+00 -178.49246040E-03
+52.83000E-06 +1.51557789771E+00 -520.60300946E-03
+52.84500E-06 -3.73065328556E+00 -550.35175290E-03
+52.86000E-06 -6.64522616551E+00 -237.98994724E-03
+52.87500E-06 -5.47939701421E+00 +193.36683210E-03
+52.89000E-06 -1.04924623682E+00 +505.72863780E-03
+52.90500E-06 +4.08040203126E+00 +490.85426610E-03
+52.92000E-06 +6.52864325047E+00 +163.61808874E-03
+52.93500E-06 +4.89648243799E+00 -267.73869060E-03
+52.95000E-06 +116.58291575E-03 -550.35175288E-03
+52.96500E-06 -4.66331660705E+00 -490.85426612E-03
+52.98000E-06 -6.52864325061E+00 -118.99497364E-03
+52.99500E-06 -4.43015077753E+00 +297.48743396E-03
+53.01000E-06 +349.74874528E-03 +520.60300950E-03
+53.02500E-06 +5.01306535275E+00 +401.60803594E-03
+53.04000E-06 +6.41206033528E+00 +44.62311515E-03
+53.05500E-06 +3.84723620145E+00 -356.98492078E-03
+53.07000E-06 -1.16582915144E+00 -565.22612458E-03
+53.08500E-06 -5.36281409845E+00 -401.60803592E-03
+53.10000E-06 -6.17889450519E+00 -14.87437175E-03
+53.11500E-06 -3.38090454085E+00 +356.98492078E-03
+53.13000E-06 +1.63216081219E+00 +520.60300950E-03
+53.14500E-06 +5.47939701364E+00 +342.11054912E-03
+53.16000E-06 +5.94572867482E+00 -44.62311506E-03
+53.17500E-06 +2.56482413454E+00 -431.35677928E-03
+53.19000E-06 -2.33165830331E+00 -550.35175290E-03
+53.20500E-06 -5.71256284416E+00 -312.36180572E-03
+53.22000E-06 -5.71256284444E+00 +89.24623014E-03
+53.23500E-06 -2.09849247394E+00 +431.35677926E-03
+53.25000E-06 +2.79798996405E+00 +490.85426610E-03
+53.26500E-06 +5.94572867424E+00 +252.86431894E-03
+53.28000E-06 +5.24623118370E+00 -133.86934528E-03
+53.29500E-06 +1.39899498253E+00 -461.10552270E-03
+53.31000E-06 -3.49748745517E+00 -505.72863780E-03
+53.32500E-06 -6.06231158957E+00 -223.11557552E-03
+53.34000E-06 -5.01306535318E+00 +193.36683204E-03
+53.35500E-06 -932.66332193E-03 +461.10552270E-03
+53.37000E-06 +3.73065328555E+00 +461.10552272E-03
+53.38500E-06 +5.94572867453E+00 +163.61808870E-03
+53.40000E-06 +4.43015077754E+00 -252.86431884E-03
+53.41500E-06 +116.58291562E-03 -505.72863780E-03
+53.43000E-06 -4.19698494658E+00 -461.10552270E-03
+53.44500E-06 -6.06231158957E+00 -133.86934532E-03
+53.46000E-06 -4.08040203183E+00 +267.73869056E-03
+53.47500E-06 +349.74874512E-03 +490.85426610E-03
+53.49000E-06 +4.43015077696E+00 +401.60803590E-03
+53.50500E-06 +5.71256284430E+00 +44.62311516E-03
+53.52000E-06 +3.49748745590E+00 -312.36180568E-03
+53.53500E-06 -932.66332120E-03 -520.60300948E-03
+53.55000E-06 -4.89648243756E+00 -416.48240758E-03
+53.56500E-06 -5.71256284430E+00 -29.74874344E-03
+53.58000E-06 -2.91457288011E+00 +327.23617738E-03
+53.59500E-06 +1.39899498195E+00 +475.97989440E-03
+53.61000E-06 +5.01306535289E+00 +327.23617742E-03
+53.62500E-06 +5.47939701378E+00 -29.74874340E-03
+53.64000E-06 +2.33165830418E+00 -386.73366416E-03
+53.65500E-06 -2.09849247307E+00 -490.85426612E-03
+53.67000E-06 -5.24623118326E+00 -297.48743402E-03
+53.68500E-06 -5.12964826852E+00 +74.37185848E-03
+53.70000E-06 -1.74874372839E+00 +401.60803586E-03
+53.71500E-06 +2.56482413367E+00 +431.35677934E-03
+53.73000E-06 +5.24623118341E+00 +237.98994722E-03
+53.74500E-06 +4.77989952281E+00 -133.86934524E-03
+53.76000E-06 +1.28241206735E+00 -431.35677928E-03
+53.77500E-06 -3.03115579456E+00 -461.10552272E-03
+53.79000E-06 -5.47939701364E+00 -223.11557552E-03
+53.80500E-06 -4.54673369244E+00 +163.61808866E-03
+53.82000E-06 -816.08040661E-03 +431.35677926E-03
+53.83500E-06 +3.38090454012E+00 +401.60803594E-03
+53.85000E-06 +5.24623118356E+00 +148.74371704E-03
+53.86500E-06 +4.08040203169E+00 -193.36683210E-03
+53.88000E-06 +116.58291563E-03 -446.23115102E-03
+53.89500E-06 -3.73065328583E+00 -416.48240762E-03
+53.91000E-06 -5.47939701378E+00 -133.86934532E-03
+53.92500E-06 -3.73065328628E+00 +223.11557550E-03
+53.94000E-06 +233.16583008E-03 +446.23115098E-03
+53.95500E-06 +4.08040203124E+00 +356.98492084E-03
+53.97000E-06 +5.12964826852E+00 +59.49748684E-03
+53.98500E-06 +3.14773871035E+00 -297.48743396E-03
+54.00000E-06 -932.66332119E-03 -461.10552270E-03
+54.01500E-06 -4.31356786191E+00 -371.85929252E-03
+54.03000E-06 -5.12964826822E+00 -44.62311512E-03
+54.04500E-06 -2.68140704960E+00 +297.48743398E-03
+54.06000E-06 +1.28241206691E+00 +446.23115100E-03
+54.07500E-06 +4.54673369199E+00 +297.48743400E-03
+54.09000E-06 +4.77989952281E+00 -44.62311506E-03
+54.10500E-06 +2.09849247367E+00 -327.23617740E-03
+54.12000E-06 -1.98190955772E+00 -461.10552270E-03
+54.13500E-06 -4.77989952251E+00 -267.73869066E-03
+54.15000E-06 -4.77989952266E+00 +29.74874340E-03
+54.16500E-06 -1.63216081307E+00 +371.85929244E-03
+54.18000E-06 +2.21507538825E+00 +416.48240760E-03
+54.19500E-06 +4.66331660748E+00 +223.11557554E-03
+54.21000E-06 +4.19698494703E+00 -118.99497354E-03
+54.22500E-06 +1.04924623714E+00 -386.73366418E-03
+54.24000E-06 -2.68140704899E+00 -416.48240762E-03
+54.25500E-06 -4.89648243785E+00 -208.24120382E-03
+54.27000E-06 -3.96381911666E+00 +118.99497358E-03
+54.28500E-06 -699.49749142E-03 +386.73366418E-03
+54.30000E-06 +2.91457287952E+00 +386.73366420E-03
+54.31500E-06 +4.77989952266E+00 +148.74371702E-03
+54.33000E-06 +3.49748745591E+00 -193.36683206E-03
+54.34500E-06 +116.58291549E-03 -401.60803592E-03
+54.36000E-06 -3.38090454011E+00 -371.85929252E-03
+54.37500E-06 -4.77989952266E+00 -118.99497366E-03
+54.39000E-06 -3.26432162554E+00 +193.36683208E-03
+54.40500E-06 +233.16582991E-03 +401.60803588E-03
+54.42000E-06 +3.49748745545E+00 +327.23617742E-03
+54.43500E-06 +4.66331660732E+00 +59.49748684E-03
+54.45000E-06 +2.68140704961E+00 -237.98994720E-03
+54.46500E-06 -816.08040600E-03 -431.35677928E-03
+54.48000E-06 -3.84723620101E+00 -312.36180574E-03
+54.49500E-06 -4.66331660732E+00 -44.62311514E-03
+54.51000E-06 -2.56482413427E+00 +252.86431890E-03
+54.52500E-06 +1.16582915156E+00 +386.73366420E-03
+54.54000E-06 +3.96381911620E+00 +267.73869062E-03
+54.55500E-06 +4.31356786191E+00 -14.87437168E-03
+54.57000E-06 +1.86532664330E+00 -297.48743400E-03
+54.58500E-06 -1.74874372749E+00 -401.60803590E-03
+54.60000E-06 -4.19698494673E+00 -267.73869062E-03
+54.61500E-06 -4.08040203185E+00 +29.74874338E-03
+54.63000E-06 -1.51557789774E+00 +297.48743398E-03
+54.64500E-06 +1.98190955787E+00 +371.85929252E-03
+54.66000E-06 +4.19698494657E+00 +208.24120382E-03
+54.67500E-06 +3.84723620117E+00 -89.24623018E-03
+54.69000E-06 +932.66332181E-03 -342.11054910E-03
+54.70500E-06 -2.44824121861E+00 -386.73366420E-03
+54.72000E-06 -4.31356786191E+00 -193.36683214E-03
+54.73500E-06 -3.61407037095E+00 +104.12060186E-03
+54.75000E-06 -582.91457640E-03 +312.36180572E-03
+54.76500E-06 +2.56482413396E+00 +342.11054912E-03
+54.78000E-06 +4.19698494673E+00 +148.74371700E-03
+54.79500E-06 +3.14773871005E+00 -163.61808868E-03
+54.81000E-06 +310E-12 -356.98492080E-03
+54.82500E-06 -2.91457287967E+00 -356.98492080E-03
+54.84000E-06 -4.31356786176E+00 -118.99497364E-03
+54.85500E-06 -2.91457287967E+00 +163.61808868E-03
+54.87000E-06 +233.16583006E-03 +342.11054912E-03
+54.88500E-06 +3.14773870973E+00 +297.48743402E-03
+54.90000E-06 +3.96381911651E+00 +74.37185852E-03
+54.91500E-06 +2.44824121908E+00 -208.24120378E-03
+54.93000E-06 -699.49749081E-03 -371.85929248E-03
+54.94500E-06 -3.38090454026E+00 -297.48743400E-03
+54.96000E-06 -4.08040203154E+00 -44.62311512E-03
+54.97500E-06 -2.09849247352E+00 +223.11557546E-03
+54.99000E-06 +932.66332118E-03 +342.11054914E-03
+55.00500E-06 +3.38090454042E+00 +237.98994724E-03
+55.02000E-06 +3.73065328598E+00 -14.87437168E-03
+55.03500E-06 +1.63216081277E+00 -267.73869056E-03
+55.05000E-06 -1.51557789696E+00 -356.98492082E-03
+55.06500E-06 -3.61407037079E+00 -237.98994722E-03
+55.08000E-06 -3.61407037095E+00 +29.74874338E-03
+55.09500E-06 -1.39899498256E+00 +267.73869056E-03
+55.11000E-06 +1.63216081246E+00 +312.36180574E-03
+55.12500E-06 +3.61407037079E+00 +193.36683212E-03
+55.14000E-06 +3.14773871020E+00 -59.49748680E-03
+55.15500E-06 +816.08040663E-03 -297.48743400E-03
+55.17000E-06 -2.21507538807E+00 -342.11054912E-03
+55.18500E-06 -3.73065328598E+00 -163.61808872E-03
+55.20000E-06 -3.03115579502E+00 +89.24623018E-03
+55.21500E-06 -582.91457625E-03 +282.61306226E-03
+55.23000E-06 +2.33165830326E+00 +297.48743402E-03
+55.24500E-06 +3.61407037095E+00 +133.86934532E-03
+55.26000E-06 +2.79798996449E+00 -133.86934528E-03
+55.27500E-06 +480E-12 -327.23617738E-03
+55.29000E-06 -2.56482413395E+00 -312.36180572E-03
+55.30500E-06 -3.73065328582E+00 -118.99497360E-03
+55.32000E-06 -2.56482413411E+00 +133.86934530E-03
+55.33500E-06 +233.16583005E-03 +297.48743398E-03
+55.35000E-06 +2.79798996416E+00 +252.86431894E-03
+55.36500E-06 +3.49748745561E+00 +74.37185850E-03
+55.38000E-06 +1.98190955850E+00 -193.36683208E-03
+55.39500E-06 -699.49749096E-03 -327.23617740E-03
+55.41000E-06 -2.91457287951E+00 -267.73869062E-03
+55.42500E-06 -3.49748745561E+00 -44.62311512E-03
+55.44000E-06 -1.98190955818E+00 +208.24120374E-03
+55.45500E-06 +816.08040615E-03 +297.48743398E-03
+55.47000E-06 +2.91457287967E+00 +208.24120384E-03
+55.48500E-06 +3.14773871021E+00 +20E-12
+55.50000E-06 +1.39899498257E+00 -223.11557548E-03
+55.51500E-06 -1.28241206673E+00 -312.36180570E-03
+55.53000E-06 -3.26432162507E+00 -208.24120382E-03
+55.54500E-06 -3.14773871021E+00 +14.87437168E-03
+55.56000E-06 -1.16582915203E+00 +208.24120380E-03
+55.57500E-06 +1.39899498208E+00 +282.61306230E-03
+55.59000E-06 +3.14773870988E+00 +163.61808874E-03
+55.60500E-06 +2.79798996465E+00 -59.49748676E-03
+55.62000E-06 +699.49749128E-03 -252.86431890E-03
+55.63500E-06 -1.74874372764E+00 -297.48743400E-03
+55.65000E-06 -3.26432162523E+00 -148.74371704E-03
+55.66500E-06 -2.68140704930E+00 +59.49748678E-03
+55.68000E-06 -466.33166107E-03 +252.86431890E-03
+55.69500E-06 +1.98190955785E+00 +267.73869058E-03
+55.71000E-06 +3.14773870988E+00 +104.12060194E-03
+55.72500E-06 +2.33165830390E+00 -104.12060190E-03
+55.74000E-06 +330E-12 -267.73869062E-03
+55.75500E-06 -2.21507538855E+00 -282.61306230E-03
+55.77000E-06 -3.14773871005E+00 -104.12060192E-03
+55.78500E-06 -2.21507538855E+00 +118.99497356E-03
+55.80000E-06 +233.16583005E-03 +252.86431890E-03
+55.81500E-06 +2.33165830357E+00 +223.11557550E-03
+55.83000E-06 +2.91457287984E+00 +44.62311512E-03
+55.84500E-06 +1.74874372797E+00 -148.74371700E-03
+55.86000E-06 -582.91457577E-03 -282.61306230E-03
+55.87500E-06 -2.56482413395E+00 -237.98994720E-03
+55.89000E-06 -3.03115579469E+00 -44.62311512E-03
+55.90500E-06 -1.63216081278E+00 +163.61808868E-03
+55.92000E-06 +816.08040614E-03 +252.86431890E-03
+55.93500E-06 +2.56482413395E+00 +208.24120380E-03
+55.95000E-06 +2.79798996449E+00 +20E-12
+55.96500E-06 +1.16582915203E+00 -193.36683208E-03
+55.98000E-06 -1.04924623652E+00 -267.73869062E-03
+55.99500E-06 -2.68140704930E+00 -193.36683212E-03
+56.01000E-06 -2.68140704946E+00 -20E-12
+56.02500E-06 -1.04924623685E+00 +193.36683208E-03
+56.04000E-06 +1.16582915170E+00 +237.98994722E-03
+56.05500E-06 +2.79798996432E+00 +148.74371702E-03
+56.07000E-06 +2.33165830390E+00 -59.49748676E-03
+56.08500E-06 +466.33166108E-03 -223.11557550E-03
+56.10000E-06 -1.51557789726E+00 -252.86431892E-03
+56.11500E-06 -2.68140704930E+00 -148.74371702E-03
+56.13000E-06 -2.33165830374E+00 +44.62311508E-03
+56.14500E-06 -349.74874606E-03 +208.24120378E-03
+56.16000E-06 +1.74874372747E+00 +237.98994720E-03
+56.17500E-06 +2.56482413428E+00 +104.12060190E-03
+56.19000E-06 +1.86532664316E+00 -104.12060188E-03
+56.20500E-06 +116.58291519E-03 -223.11557550E-03
+56.22000E-06 -1.86532664282E+00 -237.98994720E-03
+56.23500E-06 -2.68140704930E+00 -104.12060192E-03
+56.25000E-06 -1.86532664299E+00 +74.37185850E-03
+56.26500E-06 +116.58291485E-03 +223.11557550E-03
+56.28000E-06 +1.86532664299E+00 +208.24120380E-03
+56.29500E-06 +2.56482413394E+00 +59.49748680E-03
+56.31000E-06 +1.51557789760E+00 -148.74371696E-03
+56.32500E-06 -466.33166058E-03 -223.11557550E-03
+56.34000E-06 -2.09849247320E+00 -208.24120382E-03
+56.35500E-06 -2.56482413411E+00 -59.49748682E-03
+56.37000E-06 -1.39899498241E+00 +118.99497358E-03
+56.38500E-06 +582.91457577E-03 +208.24120380E-03
+56.40000E-06 +2.09849247320E+00 +193.36683206E-03
+56.41500E-06 +2.21507538872E+00 +14.87437170E-03
+56.43000E-06 +932.66332183E-03 -163.61808868E-03
+56.44500E-06 -932.66332133E-03 -237.98994718E-03
+56.46000E-06 -2.09849247353E+00 -148.74371706E-03
+56.47500E-06 -2.21507538872E+00 -20E-12
+56.49000E-06 -932.66332150E-03 +148.74371698E-03
+56.50500E-06 +932.66332150E-03 +208.24120380E-03
+56.52000E-06 +2.09849247353E+00 +133.86934530E-03
+56.53500E-06 +1.98190955818E+00 -44.62311508E-03
+56.55000E-06 +466.33166109E-03 -178.49246038E-03
+56.56500E-06 -1.39899498190E+00 -223.11557550E-03
+56.58000E-06 -2.21507538855E+00 -133.86934532E-03
+56.59500E-06 -1.86532664333E+00 +14.87437172E-03
+56.61000E-06 -466.33166092E-03 +163.61808870E-03
+56.62500E-06 +1.28241206706E+00 +193.36683210E-03
+56.64000E-06 +2.09849247336E+00 +89.24623024E-03
+56.65500E-06 +1.63216081279E+00 -74.37185850E-03
+56.67000E-06 +340E-12 -193.36683210E-03
+56.68500E-06 -1.51557789726E+00 -208.24120380E-03
+56.70000E-06 -2.21507538855E+00 -89.24623020E-03
+56.71500E-06 -1.51557789760E+00 +59.49748678E-03
+56.73000E-06 +116.58291485E-03 +178.49246040E-03
+56.74500E-06 +1.51557789743E+00 +178.49246038E-03
+56.76000E-06 +1.98190955835E+00 +44.62311510E-03
+56.77500E-06 +1.16582915204E+00 -104.12060192E-03
+56.79000E-06 -349.74874539E-03 -208.24120378E-03
+56.80500E-06 -1.74874372763E+00 -163.61808872E-03
+56.82000E-06 -1.98190955818E+00 -44.62311512E-03
+56.83500E-06 -1.04924623703E+00 +89.24623018E-03
+56.85000E-06 +349.74874556E-03 +178.49246038E-03
+56.86500E-06 +1.74874372780E+00 +133.86934532E-03
+56.88000E-06 +1.86532664316E+00 +14.87437170E-03
+56.89500E-06 +816.08040665E-03 -118.99497362E-03
+56.91000E-06 -816.08040631E-03 -208.24120378E-03
+56.92500E-06 -1.86532664299E+00 -148.74371700E-03
+56.94000E-06 -1.86532664299E+00 -40E-12
+56.95500E-06 -699.49749129E-03 +118.99497360E-03
+56.97000E-06 +816.08040614E-03 +178.49246038E-03
+56.98500E-06 +1.86532664282E+00 +118.99497360E-03
+57.00000E-06 +1.51557789778E+00 -14.87437170E-03
+57.01500E-06 +466.33166092E-03 -148.74371700E-03
+57.03000E-06 -1.04924623651E+00 -178.49246040E-03
+57.04500E-06 -1.98190955783E+00 -118.99497360E-03
+57.06000E-06 -1.63216081262E+00 +29.74874336E-03
+57.07500E-06 -349.74874573E-03 +148.74371698E-03
+57.09000E-06 +1.04924623651E+00 +148.74371702E-03
+57.10500E-06 +1.74874372780E+00 +74.37185852E-03
+57.12000E-06 +1.28241206723E+00 -59.49748678E-03
+57.13500E-06 +350E-12 -163.61808872E-03
+57.15000E-06 -1.28241206688E+00 -178.49246040E-03
+57.16500E-06 -1.86532664299E+00 -89.24623020E-03
+57.18000E-06 -1.28241206706E+00 +59.49748678E-03
+57.19500E-06 +116.58291484E-03 +133.86934532E-03
+57.21000E-06 +1.28241206688E+00 +133.86934528E-03
+57.22500E-06 +1.63216081262E+00 +44.62311510E-03
+57.24000E-06 +932.66332184E-03 -89.24623020E-03
+57.25500E-06 -349.74874521E-03 -163.61808870E-03
+57.27000E-06 -1.39899498224E+00 -148.74371700E-03
+57.28500E-06 -1.63216081279E+00 -59.49748680E-03
+57.30000E-06 -932.66332150E-03 +74.37185850E-03
+57.31500E-06 +349.74874539E-03 +148.74371698E-03
+57.33000E-06 +1.28241206723E+00 +118.99497362E-03
+57.34500E-06 +1.39899498242E+00 +20E-12
+57.36000E-06 +699.49749095E-03 -104.12060190E-03
+57.37500E-06 -699.49749077E-03 -163.61808872E-03
+57.39000E-06 -1.51557789743E+00 -133.86934530E-03
+57.40500E-06 -1.51557789743E+00 -14.87437170E-03
+57.42000E-06 -699.49749094E-03 +104.12060188E-03
+57.43500E-06 +699.49749094E-03 +133.86934530E-03
+57.45000E-06 +1.39899498224E+00 +89.24623022E-03
+57.46500E-06 +1.16582915205E+00 -14.87437168E-03
+57.48000E-06 +349.74874574E-03 -118.99497358E-03
+57.49500E-06 -932.66332132E-03 -148.74371700E-03
+57.51000E-06 -1.51557789743E+00 -118.99497358E-03
+57.52500E-06 -1.28241206723E+00 +14.87437170E-03
+57.54000E-06 -233.16583055E-03 +104.12060188E-03
+57.55500E-06 +816.08040631E-03 +118.99497360E-03
+57.57000E-06 +1.39899498224E+00 +59.49748682E-03
+57.58500E-06 +1.04924623686E+00 -44.62311510E-03
+57.60000E-06 +180E-12 -118.99497360E-03
+57.61500E-06 -1.04924623650E+00 -133.86934532E-03
+57.63000E-06 -1.39899498242E+00 -74.37185848E-03
+57.64500E-06 -1.04924623668E+00 +14.87437172E-03
+57.66000E-06 +0.0E+00 +118.99497358E-03
+57.67500E-06 +932.66332150E-03 +104.12060192E-03
+57.69000E-06 +1.28241206723E+00 +29.74874342E-03
+57.70500E-06 +816.08040649E-03 -59.49748680E-03
+57.72000E-06 -233.16583037E-03 -118.99497362E-03
+57.73500E-06 -1.16582915187E+00 -133.86934530E-03
+57.75000E-06 -1.28241206723E+00 -74.37185848E-03
+57.76500E-06 -699.49749130E-03 +59.49748680E-03
+57.78000E-06 +349.74874538E-03 +133.86934528E-03
+57.79500E-06 +1.04924623668E+00 +89.24623022E-03
+57.81000E-06 +1.16582915187E+00 +14.87437170E-03
+57.82500E-06 +582.91457593E-03 -89.24623018E-03
+57.84000E-06 -582.91457576E-03 -133.86934530E-03
+57.85500E-06 -1.28241206706E+00 -104.12060190E-03
+57.87000E-06 -1.28241206706E+00 -29.74874342E-03
+57.88500E-06 -582.91457593E-03 +74.37185850E-03
+57.90000E-06 +466.33166057E-03 +104.12060190E-03
+57.91500E-06 +1.16582915169E+00 +59.49748685E-03
+57.93000E-06 +1.04924623668E+00 -14.87437170E-03
+57.94500E-06 +233.16583055E-03 -89.24623020E-03
+57.96000E-06 -699.49749112E-03 -133.86934528E-03
+57.97500E-06 -1.16582915205E+00 -89.24623025E-03
+57.99000E-06 -932.66332168E-03 +0.0E+00
+58.00500E-06 -233.16583037E-03 +74.37185852E-03
+58.02000E-06 +699.49749094E-03 +104.12060190E-03
+58.03500E-06 +1.04924623668E+00 +44.62311512E-03
+58.05000E-06 +816.08040631E-03 -14.87437170E-03
+58.06500E-06 +180E-12 -104.12060192E-03
+58.08000E-06 -816.08040631E-03 -118.99497360E-03
+58.09500E-06 -1.16582915187E+00 -59.49748682E-03
+58.11000E-06 -816.08040649E-03 +14.87437170E-03
+58.12500E-06 +0.0E+00 +89.24623020E-03
+58.14000E-06 +816.08040631E-03 +89.24623020E-03
+58.15500E-06 +1.04924623668E+00 +29.74874340E-03
+58.17000E-06 +582.91457612E-03 -59.49748678E-03
+58.18500E-06 -233.16583037E-03 -104.12060190E-03
+58.20000E-06 -932.66332131E-03 -89.24623022E-03
+58.21500E-06 -1.04924623686E+00 -29.74874342E-03
+58.23000E-06 -582.91457612E-03 +29.74874342E-03
+58.24500E-06 +233.16583019E-03 +89.24623020E-03
+58.26000E-06 +932.66332131E-03 +74.37185850E-03
+58.27500E-06 +932.66332150E-03 -14.87437165E-03
+58.29000E-06 +349.74874574E-03 -74.37185848E-03
+58.30500E-06 -349.74874574E-03 -118.99497360E-03
+58.32000E-06 -932.66332168E-03 -89.24623020E-03
+58.33500E-06 -932.66332150E-03 -29.74874340E-03
+58.35000E-06 -466.33166093E-03 +29.74874342E-03
+58.36500E-06 +349.74874556E-03 +89.24623020E-03
+58.38000E-06 +932.66332150E-03 +59.49748678E-03
+58.39500E-06 +816.08040631E-03 -14.87437168E-03
+58.41000E-06 +116.58291537E-03 -74.37185850E-03
+58.42500E-06 -582.91457575E-03 -104.12060190E-03
+58.44000E-06 -1.04924623650E+00 -74.37185850E-03
+58.45500E-06 -816.08040631E-03 +14.87437168E-03
+58.47000E-06 -233.16583037E-03 +59.49748680E-03
+58.48500E-06 +582.91457575E-03 +89.24623020E-03
+58.50000E-06 +932.66332150E-03 +44.62311508E-03
+58.51500E-06 +699.49749112E-03 -29.74874338E-03
+58.53000E-06 +180E-12 -89.24623020E-03
+58.54500E-06 -699.49749112E-03 -89.24623020E-03
+58.56000E-06 -1.04924623650E+00 -44.62311512E-03
+58.57500E-06 -699.49749112E-03 +29.74874338E-03
+58.59000E-06 +0.0E+00 +59.49748682E-03
+58.60500E-06 +582.91457593E-03 +59.49748680E-03
+58.62000E-06 +816.08040631E-03 +14.87437170E-03
+58.63500E-06 +466.33166056E-03 -44.62311508E-03
+58.65000E-06 -233.16583019E-03 -89.24623022E-03
+58.66500E-06 -699.49749112E-03 -89.24623020E-03
+58.68000E-06 -816.08040631E-03 -44.62311510E-03
+58.69500E-06 -582.91457575E-03 +29.74874335E-03
+58.71000E-06 +0.0E+00 +44.62311512E-03
+58.72500E-06 +699.49749112E-03 +59.49748680E-03
+58.74000E-06 +816.08040612E-03 +0.0E+00
+58.75500E-06 +466.33166056E-03 -59.49748678E-03
+58.77000E-06 -349.74874519E-03 -89.24623018E-03
+58.78500E-06 -699.49749112E-03 -74.37185850E-03
+58.80000E-06 -699.49749131E-03 -14.87437170E-03
+58.81500E-06 -349.74874556E-03 +44.62311505E-03
+58.83000E-06 +349.74874537E-03 +74.37185848E-03
+58.84500E-06 +699.49749112E-03 +44.62311512E-03
+58.86000E-06 +582.91457593E-03 -50E-12
+58.87500E-06 +116.58291537E-03 -59.49748680E-03
+58.89000E-06 -466.33166075E-03 -89.24623020E-03
+58.90500E-06 -699.49749131E-03 -59.49748680E-03
+58.92000E-06 -699.49749112E-03 +20E-12
+58.93500E-06 -116.58291519E-03 +44.62311510E-03
+58.95000E-06 +349.74874556E-03 +44.62311510E-03
+58.96500E-06 +582.91457593E-03 +29.74874342E-03
+58.98000E-06 +466.33166094E-03 -14.87437172E-03
+58.99500E-06 +0.0E+00 -89.24623018E-03
+59.01000E-06 -582.91457575E-03 -74.37185850E-03
+59.02500E-06 -816.08040631E-03 -29.74874342E-03
+59.04000E-06 -466.33166075E-03 +29.74874338E-03
+59.05500E-06 +0.0E+00 +59.49748678E-03
+59.07000E-06 +466.33166075E-03 +44.62311510E-03
+59.08500E-06 +582.91457593E-03 +14.87437172E-03
+59.10000E-06 +349.74874556E-03 -29.74874342E-03
+59.11500E-06 -116.58291519E-03 -74.37185850E-03
+59.13000E-06 -582.91457593E-03 -74.37185848E-03
+59.14500E-06 -699.49749093E-03 -29.74874340E-03
+59.16000E-06 -466.33166075E-03 +29.74874338E-03
+59.17500E-06 +116.58291500E-03 +59.49748675E-03
+59.19000E-06 +466.33166075E-03 +29.74874342E-03
+59.20500E-06 +466.33166094E-03 +14.87437170E-03
+59.22000E-06 +233.16583037E-03 -44.62311510E-03
+59.23500E-06 -233.16583037E-03 -74.37185850E-03
+59.25000E-06 -582.91457593E-03 -59.49748680E-03
+59.26500E-06 -582.91457612E-03 -14.87437172E-03
+59.28000E-06 -233.16583037E-03 +44.62311508E-03
+59.29500E-06 +233.16583037E-03 +59.49748678E-03
+59.31000E-06 +466.33166075E-03 +14.87437172E-03
+59.32500E-06 +466.33166075E-03 -14.87437168E-03
+59.34000E-06 +116.58291519E-03 -59.49748680E-03
+59.35500E-06 -349.74874575E-03 -74.37185848E-03
+59.37000E-06 -699.49749093E-03 -44.62311510E-03
+59.38500E-06 -466.33166075E-03 +0.0E+00
+59.40000E-06 -116.58291519E-03 +44.62311508E-03
+59.41500E-06 +233.16583057E-03 +59.49748675E-03
+59.43000E-06 +466.33166094E-03 +14.87437172E-03
+59.44500E-06 +349.74874575E-03 -14.87437170E-03
+59.46000E-06 +0.0E+00 -44.62311512E-03
+59.47500E-06 -466.33166094E-03 -59.49748680E-03
+59.49000E-06 -699.49749093E-03 -44.62311508E-03
+59.50500E-06 -349.74874575E-03 +0.0E+00
+59.52000E-06 -116.58291499E-03 +44.62311510E-03
+59.53500E-06 +349.74874556E-03 +44.62311505E-03
+59.55000E-06 +466.33166055E-03 +14.87437172E-03
+59.56500E-06 +349.74874537E-03 -14.87437172E-03
+59.58000E-06 -116.58291519E-03 -44.62311512E-03
+59.59500E-06 -466.33166075E-03 -74.37185848E-03
+59.61000E-06 -582.91457574E-03 -29.74874340E-03
+59.62500E-06 -349.74874556E-03 +0.0E+00
+59.64000E-06 +0.0E+00 +44.62311508E-03
+59.65500E-06 +466.33166055E-03 +29.74874340E-03
+59.67000E-06 +466.33166055E-03 +20E-12
+59.68500E-06 +233.16583037E-03 -44.62311508E-03
+59.70000E-06 -233.16583037E-03 -59.49748680E-03
+59.71500E-06 -466.33166075E-03 -44.62311510E-03
+59.73000E-06 -582.91457574E-03 -14.87437170E-03
+59.74500E-06 -233.16583018E-03 +14.87437172E-03
+59.76000E-06 +116.58291519E-03 +44.62311510E-03
+59.77500E-06 +349.74874556E-03 +29.74874338E-03
+59.79000E-06 +349.74874556E-03 -14.87437168E-03
+59.80500E-06 +116.58291519E-03 -44.62311510E-03
+59.82000E-06 -466.33166036E-03 -59.49748680E-03
+59.83500E-06 -466.33166075E-03 -44.62311510E-03
+59.85000E-06 -466.33166055E-03 -14.87437170E-03
+59.86500E-06 -116.58291538E-03 +29.74874340E-03
+59.88000E-06 +233.16583037E-03 +29.74874340E-03
+59.89500E-06 +349.74874556E-03 +14.87437170E-03
+59.91000E-06 +349.74874556E-03 -14.87437168E-03
+59.92500E-06 +0.0E+00 -44.62311510E-03
+59.94000E-06 -349.74874537E-03 -44.62311512E-03
+59.95500E-06 -466.33166094E-03 -44.62311510E-03
+59.97000E-06 -466.33166055E-03 +30E-12
+59.98500E-06 -200E-12 +29.74874340E-03
+60.00000E-06 +233.16583037E-03 +29.74874340E-03
+60.01500E-06 +349.74874556E-03 +0.0E+00
+60.03000E-06 +233.16583018E-03 -29.74874337E-03
+60.04500E-06 -233.16583018E-03 -44.62311510E-03
+60.06000E-06 -466.33166055E-03 -44.62311513E-03
+60.07500E-06 -349.74874595E-03 -44.62311505E-03
+60.09000E-06 -233.16583037E-03 +30E-12
+60.10500E-06 +0.0E+00 +29.74874340E-03
+60.12000E-06 +233.16583037E-03 +29.74874337E-03
+60.13500E-06 +349.74874556E-03 +0.0E+00
+60.15000E-06 +233.16583018E-03 -29.74874340E-03
+60.16500E-06 -116.58291538E-03 -59.49748677E-03
+60.18000E-06 -349.74874556E-03 -29.74874340E-03
+60.19500E-06 -349.74874576E-03 -14.87437170E-03
+60.21000E-06 -233.16583037E-03 +30E-12
+60.22500E-06 +116.58291499E-03 +29.74874343E-03
+60.24000E-06 +233.16583037E-03 +14.87437173E-03
+60.25500E-06 +349.74874536E-03 -30E-12
+60.27000E-06 +0.0E+00 -44.62311507E-03
+60.28500E-06 -233.16583018E-03 -29.74874343E-03
+60.30000E-06 -349.74874556E-03 -29.74874340E-03
+60.31500E-06 -349.74874556E-03 -14.87437173E-03
+60.33000E-06 -116.58291519E-03 +29.74874337E-03
+60.34500E-06 +116.58291519E-03 +29.74874340E-03
+60.36000E-06 +233.16583037E-03 +30E-12
+60.37500E-06 +233.16583017E-03 -14.87437173E-03
+60.39000E-06 +0.0E+00 -29.74874340E-03
+60.40500E-06 -233.16583037E-03 -44.62311510E-03
+60.42000E-06 -349.74874556E-03 -29.74874340E-03
+60.43500E-06 -233.16583057E-03 -14.87437167E-03
+60.45000E-06 -200E-12 +30E-12
+60.46500E-06 +116.58291519E-03 +14.87437173E-03
+60.48000E-06 +233.16583037E-03 +14.87437170E-03
+60.49500E-06 +233.16583017E-03 -14.87437173E-03
+60.51000E-06 -116.58291519E-03 -44.62311507E-03
+60.52500E-06 -233.16583037E-03 -44.62311507E-03
+60.54000E-06 -349.74874556E-03 -29.74874340E-03
+60.55500E-06 -116.58291539E-03 -30E-12
+60.57000E-06 +0.0E+00 +14.87437170E-03
+60.58500E-06 +116.58291539E-03 +30E-12
+60.60000E-06 +233.16583037E-03 +0.0E+00
+60.61500E-06 +233.16583017E-03 -14.87437173E-03
+60.63000E-06 -116.58291519E-03 -44.62311510E-03
+60.64500E-06 -233.16583057E-03 -44.62311507E-03
+60.66000E-06 -349.74874556E-03 -14.87437170E-03
+60.67500E-06 -116.58291519E-03 +0.0E+00
+60.69000E-06 +0.0E+00 +14.87437170E-03
+60.70500E-06 +116.58291499E-03 +14.87437170E-03
+60.72000E-06 +116.58291539E-03 -14.87437170E-03
+60.73500E-06 +200E-12 -14.87437175E-03
+60.75000E-06 -116.58291519E-03 -44.62311510E-03
+60.76500E-06 -349.74874536E-03 -29.74874337E-03
+60.78000E-06 -233.16583058E-03 -14.87437170E-03
+60.79500E-06 -200E-12 +0.0E+00
+60.81000E-06 +200E-12 +14.87437170E-03
+60.82500E-06 +116.58291519E-03 +0.0E+00
+60.84000E-06 +116.58291519E-03 -14.87437170E-03
+60.85500E-06 +0.0E+00 -29.74874340E-03
+60.87000E-06 -116.58291539E-03 -29.74874343E-03
+60.88500E-06 -233.16583037E-03 -14.87437170E-03
+60.90000E-06 -233.16583037E-03 -14.87437170E-03
+60.91500E-06 -116.58291519E-03 +30E-12
+60.93000E-06 +116.58291519E-03 +29.74874337E-03
+60.94500E-06 +116.58291539E-03 +0.0E+00
+60.96000E-06 +116.58291539E-03 -30E-12
+60.97500E-06 +0.0E+00 -29.74874340E-03
+60.99000E-06 -116.58291539E-03 -29.74874340E-03
+61.00500E-06 -233.16583037E-03 -14.87437167E-03
+61.02000E-06 -233.16583017E-03 -30E-12
+61.03500E-06 +0.0E+00 +14.87437170E-03
+61.05000E-06 +116.58291498E-03 +29.74874337E-03
+61.06500E-06 +233.16583017E-03 +0.0E+00
+61.08000E-06 +200E-12 -14.87437173E-03
+61.09500E-06 -200E-12 -14.87437175E-03
+61.11000E-06 -233.16583037E-03 -29.74874340E-03
+61.12500E-06 -233.16583037E-03 -14.87437170E-03
+61.14000E-06 -116.58291519E-03 -30E-12
+61.15500E-06 +0.0E+00 +30E-12
+61.17000E-06 +200E-12 +0.0E+00
+61.18500E-06 +200E-12 -14.87437167E-03
+61.20000E-06 +116.58291499E-03 -29.74874340E-03
+61.21500E-06 -116.58291519E-03 -14.87437175E-03
+61.23000E-06 -233.16583037E-03 -44.62311507E-03
+61.24500E-06 -233.16583057E-03 -14.87437170E-03
+61.26000E-06 +0.0E+00 +0.0E+00
+61.27500E-06 +116.58291499E-03 -14.87437165E-03
+61.29000E-06 +0.0E+00 +0.0E+00
+61.30500E-06 +190E-12 -14.87437168E-03
+61.32000E-06 -116.58291500E-03 -20E-12
+61.33500E-06 -116.58291519E-03 -29.74874342E-03
+61.35000E-06 -233.16583018E-03 -29.74874338E-03
+61.36500E-06 -233.16583018E-03 +0.0E+00
+61.38000E-06 -116.58291500E-03 -20E-12
+61.39500E-06 +116.58291500E-03 +0.0E+00
+61.41000E-06 +116.58291500E-03 +0.0E+00
+61.42500E-06 +0.0E+00 -14.87437170E-03
+61.44000E-06 -116.58291500E-03 -29.74874338E-03
+61.45500E-06 -233.16583019E-03 -29.74874340E-03
+61.47000E-06 -116.58291537E-03 -29.74874338E-03
+61.48500E-06 -116.58291537E-03 -14.87437168E-03
+61.50000E-06 -116.58291500E-03 -20E-12
+61.51500E-06 +116.58291500E-03 -14.87437170E-03
+61.53000E-06 +116.58291500E-03 -14.87437168E-03
+61.54500E-06 +0.0E+00 +0.0E+00
+61.56000E-06 -116.58291501E-03 -14.87437170E-03
+61.57500E-06 -116.58291519E-03 -14.87437175E-03
+61.59000E-06 -233.16583037E-03 -29.74874338E-03
+61.60500E-06 -116.58291519E-03 +0.0E+00
+61.62000E-06 +0.0E+00 +0.0E+00
+61.63500E-06 +0.0E+00 +0.0E+00
+61.65000E-06 +0.0E+00 -14.87437170E-03
+61.66500E-06 +0.0E+00 -14.87437170E-03
+61.68000E-06 -116.58291519E-03 -29.74874338E-03
+61.69500E-06 -116.58291519E-03 -14.87437170E-03
+61.71000E-06 -116.58291519E-03 -14.87437168E-03
+61.72500E-06 -116.58291519E-03 +0.0E+00
+61.74000E-06 +0.0E+00 +14.87437168E-03
+61.75500E-06 +116.58291501E-03 -14.87437168E-03
+61.77000E-06 +0.0E+00 -14.87437170E-03
+61.78500E-06 -116.58291502E-03 -29.74874338E-03
+61.80000E-06 -233.16583020E-03 -29.74874340E-03
+61.81500E-06 -116.58291502E-03 -14.87437172E-03
+61.83000E-06 -116.58291519E-03 -14.87437168E-03
+61.84500E-06 -170E-12 +0.0E+00
+61.86000E-06 +170E-12 +14.87437170E-03
+61.87500E-06 +116.58291502E-03 +20E-12
+61.89000E-06 +0.0E+00 -14.87437168E-03
+61.90500E-06 -170E-12 -29.74874340E-03
+61.92000E-06 -116.58291502E-03 -29.74874338E-03
+61.93500E-06 -116.58291519E-03 -14.87437172E-03
+61.95000E-06 -160E-12 -14.87437170E-03
+61.96500E-06 -160E-12 +0.0E+00
+61.98000E-06 +116.58291519E-03 +0.0E+00
+61.99500E-06 +160E-12 -14.87437170E-03
+62.01000E-06 +116.58291503E-03 -14.87437170E-03
+62.02500E-06 -116.58291503E-03 -14.87437170E-03
+62.04000E-06 -116.58291519E-03 -29.74874340E-03
+62.05500E-06 -116.58291519E-03 -14.87437172E-03
+62.07000E-06 -160E-12 +0.0E+00
+62.08500E-06 +0.0E+00 +0.0E+00
+62.10000E-06 +160E-12 -20E-12
+62.11500E-06 +0.0E+00 -29.74874338E-03
+62.13000E-06 +0.0E+00 -14.87437168E-03
+62.14500E-06 -116.58291503E-03 -20E-12
+62.16000E-06 -116.58291519E-03 -29.74874340E-03
+62.17500E-06 -150E-12 -14.87437170E-03
+62.19000E-06 -116.58291519E-03 +0.0E+00
+62.20500E-06 +0.0E+00 +0.0E+00
+62.22000E-06 +116.58291519E-03 -14.87437170E-03
+62.23500E-06 +116.58291504E-03 -14.87437170E-03
+62.25000E-06 +0.0E+00 -29.74874338E-03
+62.26500E-06 -116.58291519E-03 -14.87437172E-03
+62.28000E-06 -116.58291519E-03 -14.87437170E-03
+62.29500E-06 -116.58291519E-03 -20E-12
+62.31000E-06 +0.0E+00 -29.74874338E-03
+62.32500E-06 +0.0E+00 +0.0E+00
+62.34000E-06 +0.0E+00 -14.87437170E-03
+62.35500E-06 +0.0E+00 -29.74874338E-03
+62.37000E-06 -116.58291504E-03 -14.87437170E-03
+62.38500E-06 -116.58291519E-03 -14.87437170E-03
+62.40000E-06 -116.58291519E-03 -14.87437170E-03
+62.41500E-06 -116.58291504E-03 -20E-12
+62.43000E-06 -140E-12 +0.0E+00
+62.44500E-06 +116.58291505E-03 +0.0E+00
+62.46000E-06 +0.0E+00 -20E-12
+62.47500E-06 +0.0E+00 -20E-12
+62.49000E-06 -140E-12 -14.87437168E-03
+62.50500E-06 -116.58291519E-03 -14.87437170E-03
+62.52000E-06 -140E-12 -14.87437170E-03
+62.53500E-06 -140E-12 -20E-12
+62.55000E-06 +0.0E+00 -14.87437168E-03
+62.56500E-06 +140E-12 -14.87437168E-03
+62.58000E-06 +0.0E+00 +0.0E+00
+62.59500E-06 +0.0E+00 -14.87437168E-03
+62.61000E-06 -116.58291519E-03 -14.87437170E-03
+62.62500E-06 -116.58291519E-03 -14.87437172E-03
+62.64000E-06 -116.58291505E-03 -14.87437170E-03
+62.65500E-06 +0.0E+00 -20E-12
+62.67000E-06 +116.58291506E-03 -20E-12
+62.68500E-06 +0.0E+00 -14.87437170E-03
+62.70000E-06 +116.58291506E-03 -14.87437170E-03
+62.71500E-06 -116.58291519E-03 -29.74874338E-03
+62.73000E-06 -116.58291519E-03 -20E-12
+62.74500E-06 -116.58291506E-03 -14.87437170E-03
+62.76000E-06 -116.58291506E-03 -14.87437170E-03
+62.77500E-06 +0.0E+00 +14.87437167E-03
+62.79000E-06 +0.0E+00 -14.87437170E-03
+62.80500E-06 +0.0E+00 -20E-12
+62.82000E-06 -116.58291506E-03 -14.87437170E-03
+62.83500E-06 +0.0E+00 -29.74874338E-03
+62.85000E-06 -116.58291506E-03 -14.87437170E-03
+62.86500E-06 -116.58291519E-03 -14.87437170E-03
+62.88000E-06 -116.58291519E-03 -14.87437170E-03
+62.89500E-06 -120E-12 -20E-12
+62.91000E-06 +116.58291507E-03 +20E-12
+62.92500E-06 +0.0E+00 -14.87437170E-03
+62.94000E-06 -120E-12 -14.87437172E-03
+62.95500E-06 -116.58291507E-03 -14.87437170E-03
+62.97000E-06 -120E-12 -14.87437170E-03
+62.98500E-06 -116.58291519E-03 -14.87437169E-03
+63.00000E-06 +0.0E+00 +0.0E+00
+63.01500E-06 +0.0E+00 -10E-12
+63.03000E-06 +0.0E+00 -14.87437170E-03
+63.04500E-06 +110E-12 -14.87437169E-03
+63.06000E-06 +0.0E+00 -14.87437171E-03
+63.07500E-06 -116.58291507E-03 -14.87437171E-03
+63.09000E-06 -116.58291519E-03 -14.87437170E-03
+63.10500E-06 -116.58291519E-03 +0.0E+00
+63.12000E-06 -116.58291508E-03 -14.87437169E-03
+63.13500E-06 -116.58291508E-03 -30E-12
+63.15000E-06 +0.0E+00 -14.87437169E-03
+63.16500E-06 +110E-12 -14.87437169E-03
+63.18000E-06 -116.58291508E-03 -10E-12
+63.19500E-06 +116.58291486E-03 -14.87437170E-03
+63.21000E-06 -116.58291508E-03 -14.87437170E-03
+63.22500E-06 -116.58291519E-03 -14.87437169E-03
+63.24000E-06 +0.0E+00 +0.0E+00
+63.25500E-06 +0.0E+00 -14.87437170E-03
+63.27000E-06 -100E-12 -29.74874337E-03
+63.28500E-06 -116.58291508E-03 -10E-12
+63.30000E-06 +0.0E+00 +0.0E+00
+63.31500E-06 -116.58291519E-03 -10E-12
+63.33000E-06 -116.58291509E-03 -14.87437170E-03
+63.34500E-06 -116.58291519E-03 -14.87437170E-03
+63.36000E-06 -116.58291509E-03 -10E-12
+63.37500E-06 +0.0E+00 -14.87437170E-03
+63.39000E-06 -100E-12 -14.87437170E-03
+63.40500E-06 +0.0E+00 +0.0E+00
+63.42000E-06 +0.0E+00 -14.87437170E-03
+63.43500E-06 -100E-12 -14.87437170E-03
+63.45000E-06 -116.58291519E-03 -14.87437170E-03
+63.46500E-06 -116.58291519E-03 +0.0E+00
+63.48000E-06 +0.0E+00 +0.0E+00
+63.49500E-06 +0.0E+00 -14.87437170E-03
+63.51000E-06 +0.0E+00 -29.74874339E-03
+63.52500E-06 -90E-12 -14.87437169E-03
+63.54000E-06 -116.58291519E-03 -14.87437171E-03
+63.55500E-06 -116.58291528E-03 -29.74874339E-03
+63.57000E-06 -116.58291519E-03 -14.87437169E-03
+63.58500E-06 -116.58291519E-03 +14.87437169E-03
+63.60000E-06 +0.0E+00 +0.0E+00
+63.61500E-06 +116.58291519E-03 -10E-12
+63.63000E-06 -90E-12 -14.87437170E-03
+63.64500E-06 -116.58291519E-03 +0.0E+00
+63.66000E-06 -90E-12 -14.87437171E-03
+63.67500E-06 -116.58291527E-03 -14.87437170E-03
+63.69000E-06 -233.16583029E-03 -10E-12
+63.70500E-06 -80E-12 +0.0E+00
+63.72000E-06 +0.0E+00 +0.0E+00
+63.73500E-06 +0.0E+00 -14.87437170E-03
+63.75000E-06 +0.0E+00 -14.87437170E-03
+63.76500E-06 -116.58291519E-03 -14.87437170E-03
+63.78000E-06 -80E-12 -20E-12
+63.79500E-06 -80E-12 -14.87437170E-03
+63.81000E-06 -116.58291511E-03 -14.87437169E-03
+63.82500E-06 -116.58291511E-03 -14.87437169E-03
+63.84000E-06 +0.0E+00 -14.87437170E-03
+63.85500E-06 +0.0E+00 -10E-12
+63.87000E-06 -80E-12 -29.74874339E-03
+63.88500E-06 -80E-12 -14.87437170E-03
+63.90000E-06 -80E-12 -20E-12
+63.91500E-06 -80E-12 -14.87437170E-03
+63.93000E-06 -70E-12 -14.87437170E-03
+63.94500E-06 -116.58291519E-03 +0.0E+00
+63.96000E-06 +0.0E+00 -14.87437170E-03
+63.97500E-06 -70E-12 -20E-12
+63.99000E-06 -70E-12 -29.74874338E-03
+64.00500E-06 -116.58291519E-03 -14.87437170E-03
+64.02000E-06 -116.58291519E-03 -14.87437171E-03
+64.03500E-06 -70E-12 -14.87437170E-03
+64.05000E-06 -70E-12 -14.87437169E-03
+64.06500E-06 -116.58291512E-03 -14.87437169E-03
+64.08000E-06 +0.0E+00 -10E-12
+64.09500E-06 +0.0E+00 -14.87437170E-03
+64.11000E-06 -70E-12 -29.74874338E-03
+64.12500E-06 -116.58291512E-03 -14.87437170E-03
+64.14000E-06 -116.58291512E-03 -10E-12
+64.15500E-06 -116.58291519E-03 -14.87437170E-03
+64.17000E-06 -233.16583025E-03 -14.87437170E-03
+64.18500E-06 -60E-12 -20E-12
+64.20000E-06 -116.58291512E-03 -14.87437169E-03
+64.21500E-06 -116.58291512E-03 -14.87437171E-03
+64.23000E-06 +0.0E+00 -14.87437170E-03
+64.24500E-06 -116.58291519E-03 -10E-12
+64.26000E-06 +0.0E+00 -10E-12
+64.27500E-06 -60E-12 -14.87437169E-03
+64.29000E-06 -60E-12 -14.87437169E-03
+64.30500E-06 -116.58291513E-03 -14.87437169E-03
+64.32000E-06 +0.0E+00 -10E-12
+64.33500E-06 +0.0E+00 +14.87437169E-03
+64.35000E-06 -116.58291513E-03 -29.74874339E-03
+64.36500E-06 -116.58291513E-03 -14.87437170E-03
+64.38000E-06 +0.0E+00 -14.87437170E-03
+64.39500E-06 -50E-12 -14.87437170E-03
+64.41000E-06 -116.58291519E-03 +0.0E+00
+64.42500E-06 -116.58291513E-03 -14.87437170E-03
+64.44000E-06 +0.0E+00 -10E-12
+64.45500E-06 -116.58291519E-03 -14.87437171E-03
+64.47000E-06 -116.58291519E-03 -29.74874339E-03
+64.48500E-06 +0.0E+00 -14.87437169E-03
