x-axis SCL1 SDA1
second Volt Volt
+34.50000E-06 +0.0E+00 +0.0E+00
+34.51500E-06 -0.0E+00 -7.39698485E-03
+34.53000E-06 -116.58291519E-03 -7.39698485E-03
+34.54500E-06 -116.58291519E-03 -7.39698485E-03
+34.56000E-06 -116.58291519E-03 +0.0E+00
+34.57500E-06 -116.58291519E-03 +0.0E+00
+34.59000E-06 +0.0E+00 -0.0E+00
+34.60500E-06 -0.0E+00 -7.39698485E-03
+34.62000E-06 -116.58291519E-03 +0.0E+00
+34.63500E-06 -116.58291519E-03 +0.0E+00
+34.65000E-06 +0.0E+00 +0.0E+00
+34.66500E-06 +0.0E+00 +0.0E+00
+34.68000E-06 +0.0E+00 +0.0E+00
+34.69500E-06 -0.0E+00 +0.0E+00
+34.71000E-06 -116.58291519E-03 -0.0E+00
+34.72500E-06 -0.0E+00 -7.39698485E-03
+34.74000E-06 -116.58291519E-03 -7.39698485E-03
+34.75500E-06 +0.0E+00 -0.0E+00
+34.77000E-06 +0.0E+00 -7.39698485E-03
+34.78500E-06 -116.58291518E-03 +0.0E+00
+34.80000E-06 -0.0E+00 +0.0E+00
+34.81500E-06 +0.0E+00 -7.39698485E-03
+34.83000E-06 -116.58291519E-03 -7.39698485E-03
+34.84500E-06 +0.0E+00 +0.0E+00
+34.86000E-06 -116.58291519E-03 +0.0E+00
+34.87500E-06 +0.0E+00 +0.0E+00
+34.89000E-06 -0.0E+00 -7.39698485E-03
+34.90500E-06 -116.58291518E-03 +0.0E+00
+34.92000E-06 -116.58291518E-03 +0.0E+00
+34.93500E-06 +0.0E+00 -7.39698485E-03
+34.95000E-06 -116.58291519E-03 -0.0E+00
+34.96500E-06 +0.0E+00 -7.39698485E-03
+34.98000E-06 -116.58291518E-03 +0.0E+00
+34.99500E-06 +0.0E+00 +0.0E+00
+35.01000E-06 -0.0E+00 +0.0E+00
+35.02500E-06 -116.58291519E-03 +0.0E+00
+35.04000E-06 -116.58291518E-03 -0.0E+00
+35.05500E-06 +0.0E+00 -0.0E+00
+35.07000E-06 +0.0E+00 -0.0E+00
+35.08500E-06 -0.0E+00 +0.0E+00
+35.10000E-06 -116.58291518E-03 +0.0E+00
+35.11500E-06 -116.58291518E-03 -0.0E+00
+35.13000E-06 -0.0E+00 +0.0E+00
+35.14500E-06 -116.58291518E-03 +0.0E+00
+35.16000E-06 -116.58291518E-03 +0.0E+00
+35.17500E-06 -10E-12 +0.0E+00
+35.19000E-06 -10E-12 -0.0E+00
+35.20500E-06 +0.0E+00 -7.39698485E-03
+35.22000E-06 -10E-12 -7.39698485E-03
+35.23500E-06 -116.58291519E-03 +0.0E+00
+35.25000E-06 -10E-12 +0.0E+00
+35.26500E-06 -116.58291519E-03 +0.0E+00
+35.28000E-06 -116.58291519E-03 -0.0E+00
+35.29500E-06 -116.58291518E-03 -0.0E+00
+35.31000E-06 -10E-12 -0.0E+00
+35.32500E-06 -10E-12 -7.39698484E-03
+35.34000E-06 -116.58291518E-03 +0.0E+00
+35.35500E-06 +0.0E+00 -0.0E+00
+35.37000E-06 -10E-12 +0.0E+00
+35.38500E-06 -116.58291519E-03 -7.39698484E-03
+35.40000E-06 -116.58291519E-03 -7.39698485E-03
+35.41500E-06 -116.58291519E-03 -0.0E+00
+35.43000E-06 -10E-12 -0.0E+00
+35.44500E-06 -116.58291519E-03 +0.0E+00
+35.46000E-06 +0.0E+00 +0.0E+00
+35.47500E-06 -116.58291518E-03 -0.0E+00
+35.49000E-06 +0.0E+00 +0.0E+00
+35.50500E-06 -116.58291519E-03 +0.0E+00
+35.52000E-06 -116.58291519E-03 +0.0E+00
+35.53500E-06 -116.58291519E-03 +0.0E+00
+35.55000E-06 +0.0E+00 -0.0E+00
+35.56500E-06 +0.0E+00 -7.39698485E-03
+35.58000E-06 +0.0E+00 +0.0E+00
+35.59500E-06 +0.0E+00 -0.0E+00
+35.61000E-06 -10E-12 -7.39698485E-03
+35.62500E-06 -116.58291519E-03 +0.0E+00
+35.64000E-06 -116.58291519E-03 +0.0E+00
+35.65500E-06 -116.58291519E-03 +0.0E+00
+35.67000E-06 +0.0E+00 -7.39698485E-03
+35.68500E-06 -10E-12 -7.39698484E-03
+35.70000E-06 +0.0E+00 +0.0E+00
+35.71500E-06 -116.58291518E-03 -0.0E+00
+35.73000E-06 -10E-12 -7.39698484E-03
+35.74500E-06 -116.58291518E-03 +0.0E+00
+35.76000E-06 -10E-12 +0.0E+00
+35.77500E-06 -116.58291518E-03 -0.0E+00
+35.79000E-06 +0.0E+00 -7.39698485E-03
+35.80500E-06 -10E-12 +0.0E+00
+35.82000E-06 -10E-12 +0.0E+00
+35.83500E-06 +0.0E+00 -0.0E+00
+35.85000E-06 -10E-12 +0.0E+00
+35.86500E-06 -116.58291519E-03 -0.0E+00
+35.88000E-06 -116.58291519E-03 +0.0E+00
+35.89500E-06 -116.58291518E-03 +0.0E+00
+35.91000E-06 -116.58291518E-03 -0.0E+00
+35.92500E-06 +0.0E+00 -7.39698484E-03
+35.94000E-06 +0.0E+00 -7.39698484E-03
+35.95500E-06 -10E-12 -0.0E+00
+35.97000E-06 -116.58291519E-03 -7.39698484E-03
+35.98500E-06 -116.58291519E-03 +0.0E+00
+36.00000E-06 +0.0E+00 +0.0E+00
+36.01500E-06 -116.58291518E-03 +0.0E+00
+36.03000E-06 -10E-12 -7.39698485E-03
+36.04500E-06 +0.0E+00 -7.39698484E-03
+36.06000E-06 +0.0E+00 +0.0E+00
+36.07500E-06 -116.58291517E-03 +0.0E+00
+36.09000E-06 +0.0E+00 +0.0E+00
+36.10500E-06 -116.58291519E-03 -0.0E+00
+36.12000E-06 -116.58291517E-03 +0.0E+00
+36.13500E-06 +0.0E+00 +0.0E+00
+36.15000E-06 +10E-12 -7.39698485E-03
+36.16500E-06 +0.0E+00 -7.39698484E-03
+36.18000E-06 -116.58291519E-03 -7.39698484E-03
+36.19500E-06 -116.58291519E-03 +0.0E+00
+36.21000E-06 -10E-12 -7.39698484E-03
+36.22500E-06 -116.58291519E-03 +7.39698484E-03
+36.24000E-06 +0.0E+00 +0.0E+00
+36.25500E-06 -10E-12 +0.0E+00
+36.27000E-06 +0.0E+00 -0.0E+00
+36.28500E-06 -116.58291517E-03 -7.39698484E-03
+36.30000E-06 +0.0E+00 +0.0E+00
+36.31500E-06 -116.58291519E-03 -0.0E+00
+36.33000E-06 -10E-12 -7.39698485E-03
+36.34500E-06 -116.58291519E-03 -7.39698484E-03
+36.36000E-06 +0.0E+00 +0.0E+00
+36.37500E-06 +0.0E+00 +0.0E+00
+36.39000E-06 +0.0E+00 -0.0E+00
+36.40500E-06 +0.0E+00 -7.39698484E-03
+36.42000E-06 -10E-12 +0.0E+00
+36.43500E-06 -116.58291517E-03 -0.0E+00
+36.45000E-06 -20E-12 +0.0E+00
+36.46500E-06 -116.58291519E-03 +0.0E+00
+36.48000E-06 -116.58291519E-03 +0.0E+00
+36.49500E-06 +0.0E+00 +0.0E+00
+36.51000E-06 +0.0E+00 +0.0E+00
+36.52500E-06 -20E-12 -0.0E+00
+36.54000E-06 -116.58291519E-03 +0.0E+00
+36.55500E-06 -116.58291519E-03 -0.0E+00
+36.57000E-06 -116.58291520E-03 +0.0E+00
+36.58500E-06 -116.58291519E-03 +0.0E+00
+36.60000E-06 +20E-12 +0.0E+00
+36.61500E-06 -116.58291517E-03 -7.39698485E-03
+36.63000E-06 +0.0E+00 -7.39698485E-03
+36.64500E-06 -20E-12 -7.39698485E-03
+36.66000E-06 -116.58291519E-03 +0.0E+00
+36.67500E-06 -116.58291517E-03 -0.0E+00
+36.69000E-06 +0.0E+00 +0.0E+00
+36.70500E-06 -116.58291519E-03 +0.0E+00
+36.72000E-06 -116.58291517E-03 -0.0E+00
+36.73500E-06 -20E-12 -0.0E+00
+36.75000E-06 -20E-12 -7.39698485E-03
+36.76500E-06 -20E-12 -7.39698484E-03
+36.78000E-06 -116.58291519E-03 +0.0E+00
+36.79500E-06 -116.58291517E-03 -0.0E+00
+36.81000E-06 -116.58291517E-03 -7.39698485E-03
+36.82500E-06 -20E-12 +0.0E+00
+36.84000E-06 -116.58291517E-03 +0.0E+00
+36.85500E-06 +0.0E+00 +0.0E+00
+36.87000E-06 +0.0E+00 -7.39698485E-03
+36.88500E-06 -20E-12 -14.79396969E-03
+36.90000E-06 -116.58291519E-03 +0.0E+00
+36.91500E-06 -116.58291517E-03 +0.0E+00
+36.93000E-06 -20E-12 +0.0E+00
+36.94500E-06 -20E-12 +0.0E+00
+36.96000E-06 -116.58291517E-03 -7.39698485E-03
+36.97500E-06 +0.0E+00 +0.0E+00
+36.99000E-06 +0.0E+00 -7.39698485E-03
+37.00500E-06 -116.58291519E-03 -7.39698485E-03
+37.02000E-06 -116.58291519E-03 -7.39698484E-03
+37.03500E-06 -116.58291517E-03 -0.0E+00
+37.05000E-06 -116.58291515E-03 -7.39698484E-03
+37.06500E-06 -116.58291519E-03 +0.0E+00
+37.08000E-06 -116.58291519E-03 +0.0E+00
+37.09500E-06 -116.58291517E-03 +0.0E+00
+37.11000E-06 -116.58291519E-03 -7.39698484E-03
+37.12500E-06 -116.58291517E-03 -7.39698484E-03
+37.14000E-06 -116.58291519E-03 +0.0E+00
+37.15500E-06 -116.58291519E-03 -0.0E+00
+37.17000E-06 +0.0E+00 -7.39698484E-03
+37.18500E-06 -20E-12 +0.0E+00
+37.20000E-06 -116.58291519E-03 -7.39698484E-03
+37.21500E-06 -116.58291519E-03 +0.0E+00
+37.23000E-06 -116.58291519E-03 -0.0E+00
+37.24500E-06 -116.58291519E-03 -7.39698485E-03
+37.26000E-06 -116.58291519E-03 +0.0E+00
+37.27500E-06 -20E-12 +0.0E+00
+37.29000E-06 +0.0E+00 -7.39698484E-03
+37.30500E-06 +0.0E+00 -7.39698485E-03
+37.32000E-06 -116.58291517E-03 +0.0E+00
+37.33500E-06 -116.58291519E-03 +0.0E+00
+37.35000E-06 -116.58291516E-03 -0.0E+00
+37.36500E-06 -116.58291519E-03 -7.39698484E-03
+37.38000E-06 -116.58291516E-03 +0.0E+00
+37.39500E-06 +0.0E+00 -0.0E+00
+37.41000E-06 +0.0E+00 -7.39698484E-03
+37.42500E-06 +0.0E+00 -7.39698485E-03
+37.44000E-06 -116.58291519E-03 -0.0E+00
+37.45500E-06 -116.58291519E-03 -0.0E+00
+37.47000E-06 +0.0E+00 -0.0E+00
+37.48500E-06 -20E-12 -7.39698484E-03
+37.50000E-06 -20E-12 +0.0E+00
+37.51500E-06 +0.0E+00 -0.0E+00
+37.53000E-06 +116.58291516E-03 -7.39698485E-03
+37.54500E-06 -20E-12 -7.39698485E-03
+37.56000E-06 -233.16583033E-03 -7.39698484E-03
+37.57500E-06 -116.58291519E-03 -7.39698485E-03
+37.59000E-06 +0.0E+00 +0.0E+00
+37.60500E-06 -20E-12 +0.0E+00
+37.62000E-06 +0.0E+00 +0.0E+00
+37.63500E-06 +0.0E+00 +0.0E+00
+37.65000E-06 +0.0E+00 -7.39698484E-03
+37.66500E-06 -116.58291519E-03 -7.39698485E-03
+37.68000E-06 -116.58291519E-03 -7.39698485E-03
+37.69500E-06 -116.58291519E-03 +0.0E+00
+37.71000E-06 +0.0E+00 +7.39698484E-03
+37.72500E-06 +116.58291516E-03 -7.39698484E-03
+37.74000E-06 +0.0E+00 +0.0E+00
+37.75500E-06 +30E-12 +0.0E+00
+37.77000E-06 -30E-12 -7.39698485E-03
+37.78500E-06 -233.16583035E-03 +0.0E+00
+37.80000E-06 -116.58291519E-03 +0.0E+00
+37.81500E-06 -116.58291519E-03 +0.0E+00
+37.83000E-06 +0.0E+00 -0.0E+00
+37.84500E-06 +0.0E+00 -7.39698484E-03
+37.86000E-06 -30E-12 +0.0E+00
+37.87500E-06 +30E-12 -7.39698485E-03
+37.89000E-06 -116.58291519E-03 -7.39698484E-03
+37.90500E-06 -116.58291516E-03 +0.0E+00
+37.92000E-06 -116.58291519E-03 +0.0E+00
+37.93500E-06 -116.58291519E-03 +0.0E+00
+37.95000E-06 -30E-12 -0.0E+00
+37.96500E-06 +116.58291516E-03 -7.39698484E-03
+37.98000E-06 -116.58291516E-03 -7.39698484E-03
+37.99500E-06 -116.58291516E-03 -7.39698485E-03
+38.01000E-06 -50E-12 -7.39698485E-03
+38.02500E-06 -233.16583035E-03 +0.0E+00
+38.04000E-06 -116.58291519E-03 +0.0E+00
+38.05500E-06 -30E-12 +0.0E+00
+38.07000E-06 +30E-12 +0.0E+00
+38.08500E-06 +116.58291516E-03 -7.39698484E-03
+38.10000E-06 +0.0E+00 +0.0E+00
+38.11500E-06 -116.58291516E-03 -0.0E+00
+38.13000E-06 -116.58291519E-03 -7.39698485E-03
+38.14500E-06 -233.16583037E-03 +0.0E+00
+38.16000E-06 -116.58291519E-03 +0.0E+00
+38.17500E-06 +0.0E+00 -0.0E+00
+38.19000E-06 +30E-12 -0.0E+00
+38.20500E-06 +0.0E+00 -7.39698484E-03
+38.22000E-06 +0.0E+00 -7.39698484E-03
+38.23500E-06 +0.0E+00 -0.0E+00
+38.25000E-06 -116.58291522E-03 -7.39698484E-03
+38.26500E-06 -233.16583034E-03 +0.0E+00
+38.28000E-06 -116.58291519E-03 +7.39698484E-03
+38.29500E-06 +0.0E+00 +7.39698484E-03
+38.31000E-06 +116.58291516E-03 -0.0E+00
+38.32500E-06 +116.58291516E-03 -7.39698485E-03
+38.34000E-06 +0.0E+00 -0.0E+00
+38.35500E-06 -116.58291519E-03 -7.39698485E-03
+38.37000E-06 -233.16583037E-03 +0.0E+00
+38.38500E-06 -233.16583034E-03 +0.0E+00
+38.40000E-06 +0.0E+00 +0.0E+00
+38.41500E-06 +0.0E+00 +0.0E+00
+38.43000E-06 +116.58291519E-03 -0.0E+00
+38.44500E-06 +0.0E+00 -7.39698485E-03
+38.46000E-06 -116.58291519E-03 -7.39698484E-03
+38.47500E-06 -116.58291519E-03 -0.0E+00
+38.49000E-06 -116.58291519E-03 -7.39698484E-03
+38.50500E-06 -116.58291519E-03 +0.0E+00
+38.52000E-06 +0.0E+00 +0.0E+00
+38.53500E-06 +30E-12 +0.0E+00
+38.55000E-06 +30E-12 -0.0E+00
+38.56500E-06 +0.0E+00 -14.79396969E-03
+38.58000E-06 -116.58291519E-03 -7.39698485E-03
+38.59500E-06 -233.16583034E-03 -0.0E+00
+38.61000E-06 -116.58291522E-03 +0.0E+00
+38.62500E-06 -30E-12 +0.0E+00
+38.64000E-06 +0.0E+00 +0.0E+00
+38.65500E-06 +116.58291519E-03 -0.0E+00
+38.67000E-06 +116.58291519E-03 -7.39698485E-03
+38.68500E-06 +0.0E+00 -14.79396969E-03
+38.70000E-06 -233.16583037E-03 -7.39698485E-03
+38.71500E-06 -233.16583034E-03 -0.0E+00
+38.73000E-06 -116.58291519E-03 +0.0E+00
+38.74500E-06 -30E-12 +7.39698484E-03
+38.76000E-06 +116.58291519E-03 +0.0E+00
+38.77500E-06 +116.58291519E-03 -7.39698485E-03
+38.79000E-06 +0.0E+00 -14.79396969E-03
+38.80500E-06 -116.58291519E-03 -14.79396969E-03
+38.82000E-06 -116.58291522E-03 -7.39698484E-03
+38.83500E-06 -233.16583034E-03 +0.0E+00
+38.85000E-06 -30E-12 -7.39698484E-03
+38.86500E-06 +0.0E+00 +0.0E+00
+38.88000E-06 +116.58291519E-03 +0.0E+00
+38.89500E-06 +30E-12 -0.0E+00
+38.91000E-06 +0.0E+00 -7.39698485E-03
+38.92500E-06 -233.16583037E-03 -7.39698485E-03
+38.94000E-06 -233.16583041E-03 -7.39698485E-03
+38.95500E-06 -233.16583034E-03 +0.0E+00
+38.97000E-06 +0.0E+00 +0.0E+00
+38.98500E-06 +30E-12 +7.39698485E-03
+39.00000E-06 +116.58291519E-03 +0.0E+00
+39.01500E-06 +0.0E+00 -14.79396969E-03
+39.03000E-06 -30E-12 -7.39698485E-03
+39.04500E-06 -233.16583037E-03 -7.39698484E-03
+39.06000E-06 -233.16583041E-03 +0.0E+00
+39.07500E-06 -116.58291515E-03 +7.39698484E-03
+39.09000E-06 +116.58291515E-03 +0.0E+00
+39.10500E-06 +116.58291519E-03 +7.39698484E-03
+39.12000E-06 +40E-12 -7.39698485E-03
+39.13500E-06 +0.0E+00 -14.79396969E-03
+39.15000E-06 -233.16583037E-03 -14.79396969E-03
+39.16500E-06 -233.16583037E-03 -7.39698485E-03
+39.18000E-06 -233.16583037E-03 +0.0E+00
+39.19500E-06 +0.0E+00 +7.39698484E-03
+39.21000E-06 +116.58291519E-03 +0.0E+00
+39.22500E-06 +116.58291522E-03 +0.0E+00
+39.24000E-06 +70E-12 -0.0E+00
+39.25500E-06 -116.58291515E-03 -14.79396969E-03
+39.27000E-06 -233.16583037E-03 -7.39698485E-03
+39.28500E-06 -233.16583041E-03 -7.39698484E-03
+39.30000E-06 -116.58291522E-03 +0.0E+00
+39.31500E-06 +116.58291519E-03 +7.39698485E-03
+39.33000E-06 +116.58291519E-03 -7.39698484E-03
+39.34500E-06 +116.58291519E-03 -7.39698484E-03
+39.36000E-06 +0.0E+00 -7.39698484E-03
+39.37500E-06 -116.58291522E-03 -14.79396969E-03
+39.39000E-06 -349.74874552E-03 -7.39698485E-03
+39.40500E-06 -116.58291526E-03 -7.39698484E-03
+39.42000E-06 -116.58291519E-03 +7.39698484E-03
+39.43500E-06 +233.16583034E-03 +7.39698484E-03
+39.45000E-06 +233.16583034E-03 -7.39698484E-03
+39.46500E-06 +0.0E+00 -0.0E+00
+39.48000E-06 -116.58291519E-03 -7.39698485E-03
+39.49500E-06 -349.74874560E-03 -14.79396969E-03
+39.51000E-06 -349.74874552E-03 -0.0E+00
+39.52500E-06 -233.16583037E-03 +0.0E+00
+39.54000E-06 +40E-12 +0.0E+00
+39.55500E-06 +116.58291523E-03 +0.0E+00
+39.57000E-06 +233.16583033E-03 -7.39698485E-03
+39.58500E-06 +116.58291515E-03 -7.39698485E-03
+39.60000E-06 -116.58291519E-03 -7.39698485E-03
+39.61500E-06 -349.74874556E-03 -7.39698485E-03
+39.63000E-06 -349.74874556E-03 +7.39698484E-03
+39.64500E-06 -116.58291519E-03 +7.39698485E-03
+39.66000E-06 +116.58291519E-03 +14.79396969E-03
+39.67500E-06 +233.16583037E-03 +0.0E+00
+39.69000E-06 +233.16583037E-03 -7.39698485E-03
+39.70500E-06 -40E-12 -14.79396969E-03
+39.72000E-06 -233.16583037E-03 -14.79396969E-03
+39.73500E-06 -349.74874556E-03 -0.0E+00
+39.75000E-06 -349.74874552E-03 +7.39698484E-03
+39.76500E-06 +0.0E+00 +7.39698485E-03
+39.78000E-06 +233.16583037E-03 +7.39698484E-03
+39.79500E-06 +233.16583041E-03 -0.0E+00
+39.81000E-06 +116.58291519E-03 -14.79396969E-03
+39.82500E-06 -233.16583033E-03 -7.39698485E-03
+39.84000E-06 -349.74874556E-03 -14.79396969E-03
+39.85500E-06 -466.33166071E-03 +7.39698484E-03
+39.87000E-06 -116.58291519E-03 +7.39698484E-03
+39.88500E-06 +116.58291519E-03 +7.39698485E-03
+39.90000E-06 +233.16583037E-03 +0.0E+00
+39.91500E-06 +233.16583037E-03 -10E-12
+39.93000E-06 +0.0E+00 -14.79396969E-03
+39.94500E-06 -349.74874552E-03 -14.79396969E-03
+39.96000E-06 -349.74874560E-03 +0.0E+00
+39.97500E-06 -349.74874556E-03 +0.0E+00
+39.99000E-06 +0.0E+00 +7.39698484E-03
+40.00500E-06 +233.16583037E-03 +0.0E+00
+40.02000E-06 +349.74874556E-03 +0.0E+00
+40.03500E-06 +116.58291523E-03 -7.39698485E-03
+40.05000E-06 -116.58291523E-03 -22.19095453E-03
+40.06500E-06 -466.33166075E-03 -7.39698485E-03
+40.08000E-06 -349.74874560E-03 +7.39698484E-03
+40.09500E-06 -233.16583037E-03 +7.39698485E-03
+40.11000E-06 +116.58291519E-03 +14.79396969E-03
+40.12500E-06 +349.74874556E-03 +7.39698485E-03
+40.14000E-06 +233.16583037E-03 +0.0E+00
+40.15500E-06 +40E-12 -14.79396969E-03
+40.17000E-06 -233.16583042E-03 -14.79396969E-03
+40.18500E-06 -582.91457593E-03 -7.39698485E-03
+40.20000E-06 -349.74874556E-03 +7.39698485E-03
+40.21500E-06 -116.58291514E-03 +14.79396969E-03
+40.23000E-06 +233.16583037E-03 +7.39698485E-03
+40.24500E-06 +349.74874556E-03 +0.0E+00
+40.26000E-06 +233.16583042E-03 -7.39698485E-03
+40.27500E-06 -116.58291514E-03 -14.79396969E-03
+40.29000E-06 -466.33166075E-03 -22.19095453E-03
+40.30500E-06 -582.91457593E-03 +0.0E+00
+40.32000E-06 -233.16583033E-03 +7.39698485E-03
+40.33500E-06 +40E-12 +14.79396969E-03
+40.35000E-06 +349.74874556E-03 +7.39698485E-03
+40.36500E-06 +349.74874561E-03 -7.39698484E-03
+40.38000E-06 +116.58291519E-03 -14.79396969E-03
+40.39500E-06 -349.74874547E-03 -14.79396969E-03
+40.41000E-06 -466.33166079E-03 -14.79396969E-03
+40.42500E-06 -582.91457589E-03 +0.0E+00
+40.44000E-06 -233.16583033E-03 +7.39698485E-03
+40.45500E-06 +233.16583037E-03 +14.79396969E-03
+40.47000E-06 +466.33166075E-03 +7.39698484E-03
+40.48500E-06 +349.74874556E-03 -14.79396969E-03
+40.50000E-06 -116.58291514E-03 -22.19095453E-03
+40.51500E-06 -466.33166070E-03 -14.79396969E-03
+40.53000E-06 -582.91457593E-03 -7.39698485E-03
+40.54500E-06 -466.33166070E-03 +7.39698485E-03
+40.56000E-06 -116.58291514E-03 +14.79396969E-03
+40.57500E-06 +466.33166070E-03 +14.79396969E-03
+40.59000E-06 +466.33166075E-03 -0.0E+00
+40.60500E-06 +233.16583037E-03 -22.19095453E-03
+40.62000E-06 -233.16583033E-03 -22.19095453E-03
+40.63500E-06 -582.91457589E-03 -7.39698485E-03
+40.65000E-06 -582.91457593E-03 -0.0E+00
+40.66500E-06 -233.16583037E-03 +14.79396969E-03
+40.68000E-06 +233.16583037E-03 +14.79396969E-03
+40.69500E-06 +466.33166075E-03 +7.39698484E-03
+40.71000E-06 +466.33166075E-03 -7.39698485E-03
+40.72500E-06 +50E-12 -22.19095454E-03
+40.74000E-06 -466.33166070E-03 -22.19095453E-03
+40.75500E-06 -699.49749112E-03 -10E-12
+40.77000E-06 -466.33166080E-03 +7.39698485E-03
+40.78500E-06 -116.58291519E-03 +7.39698485E-03
+40.80000E-06 +466.33166075E-03 +14.79396969E-03
+40.81500E-06 +466.33166080E-03 +7.39698484E-03
+40.83000E-06 +349.74874556E-03 -14.79396969E-03
+40.84500E-06 -116.58291524E-03 -22.19095454E-03
+40.86000E-06 -582.91457593E-03 -14.79396969E-03
+40.87500E-06 -699.49749107E-03 -0.0E+00
+40.89000E-06 -349.74874556E-03 +14.79396969E-03
+40.90500E-06 +116.58291519E-03 +14.79396969E-03
+40.92000E-06 +582.91457588E-03 +7.39698485E-03
+40.93500E-06 +582.91457593E-03 -7.39698484E-03
+40.95000E-06 +116.58291519E-03 -14.79396969E-03
+40.96500E-06 -349.74874556E-03 -22.19095454E-03
+40.98000E-06 -699.49749112E-03 -14.79396969E-03
+40.99500E-06 -582.91457598E-03 +7.39698485E-03
+41.01000E-06 -116.58291524E-03 +14.79396969E-03
+41.02500E-06 +349.74874556E-03 +22.19095453E-03
+41.04000E-06 +816.08040626E-03 +7.39698484E-03
+41.05500E-06 +466.33166075E-03 -14.79396969E-03
+41.07000E-06 -116.58291514E-03 -14.79396969E-03
+41.08500E-06 -582.91457599E-03 -22.19095454E-03
+41.10000E-06 -816.08040631E-03 -0.0E+00
+41.11500E-06 -466.33166075E-03 +14.79396969E-03
+41.13000E-06 +116.58291514E-03 +22.19095454E-03
+41.14500E-06 +582.91457593E-03 +14.79396969E-03
+41.16000E-06 +699.49749112E-03 +0.0E+00
+41.17500E-06 +349.74874556E-03 -14.79396969E-03
+41.19000E-06 -349.74874551E-03 -22.19095454E-03
+41.20500E-06 -816.08040631E-03 -14.79396969E-03
+41.22000E-06 -699.49749117E-03 -7.39698484E-03
+41.23500E-06 -233.16583037E-03 +14.79396969E-03
+41.25000E-06 +349.74874556E-03 +22.19095454E-03
+41.26500E-06 +816.08040631E-03 +14.79396969E-03
+41.28000E-06 +582.91457593E-03 -7.39698485E-03
+41.29500E-06 +116.58291519E-03 -22.19095454E-03
+41.31000E-06 -582.91457593E-03 -29.58793938E-03
+41.32500E-06 -932.66332150E-03 -14.79396969E-03
+41.34000E-06 -582.91457599E-03 +14.79396969E-03
+41.35500E-06 +0.0E+00 +22.19095454E-03
+41.37000E-06 +582.91457593E-03 +22.19095454E-03
+41.38500E-06 +699.49749117E-03 +0.0E+00
+41.40000E-06 +349.74874561E-03 -14.79396969E-03
+41.41500E-06 -349.74874551E-03 -29.58793938E-03
+41.43000E-06 -816.08040631E-03 -22.19095454E-03
+41.44500E-06 -932.66332150E-03 -7.39698485E-03
+41.46000E-06 -233.16583048E-03 +14.79396969E-03
+41.47500E-06 +349.74874556E-03 +29.58793938E-03
+41.49000E-06 +816.08040631E-03 +14.79396969E-03
+41.50500E-06 +699.49749118E-03 -7.39698485E-03
+41.52000E-06 +116.58291519E-03 -22.19095454E-03
+41.53500E-06 -582.91457588E-03 -29.58793938E-03
+41.55000E-06 -1.04924623663E+00 -7.39698485E-03
+41.56500E-06 -699.49749118E-03 +7.39698485E-03
+41.58000E-06 -116.58291519E-03 +22.19095454E-03
+41.59500E-06 +699.49749107E-03 +29.58793938E-03
+41.61000E-06 +932.66332144E-03 +0.0E+00
+41.62500E-06 +582.91457593E-03 -14.79396969E-03
+41.64000E-06 -233.16583032E-03 -29.58793938E-03
+41.65500E-06 -816.08040636E-03 -22.19095454E-03
+41.67000E-06 -1.04924623663E+00 -10E-12
+41.68500E-06 -466.33166080E-03 +14.79396969E-03
+41.70000E-06 +233.16583037E-03 +29.58793938E-03
+41.71500E-06 +932.66332150E-03 +22.19095453E-03
+41.73000E-06 +932.66332150E-03 -7.39698484E-03
+41.74500E-06 +349.74874556E-03 -22.19095454E-03
+41.76000E-06 -466.33166075E-03 -29.58793938E-03
+41.77500E-06 -1.04924623668E+00 -22.19095454E-03
+41.79000E-06 -932.66332150E-03 +7.39698484E-03
+41.80500E-06 -233.16583037E-03 +29.58793938E-03
+41.82000E-06 +699.49749106E-03 +29.58793938E-03
+41.83500E-06 +1.04924623668E+00 +14.79396969E-03
+41.85000E-06 +699.49749112E-03 -14.79396969E-03
+41.86500E-06 -233.16583026E-03 -29.58793939E-03
+41.88000E-06 -816.08040631E-03 -29.58793938E-03
+41.89500E-06 -1.28241206706E+00 -7.39698485E-03
+41.91000E-06 -699.49749118E-03 +14.79396969E-03
+41.92500E-06 +116.58291519E-03 +29.58793938E-03
+41.94000E-06 +1.04924623662E+00 +29.58793938E-03
+41.95500E-06 +1.16582915181E+00 +0.0E+00
+41.97000E-06 +466.33166075E-03 -29.58793938E-03
+41.98500E-06 -582.91457588E-03 -36.98492423E-03
+42.00000E-06 -1.16582915187E+00 -22.19095454E-03
+42.01500E-06 -1.16582915187E+00 +7.39698484E-03
+42.03000E-06 -349.74874556E-03 +29.58793938E-03
+42.04500E-06 +466.33166075E-03 +29.58793938E-03
+42.06000E-06 +1.16582915187E+00 +14.79396969E-03
+42.07500E-06 +932.66332150E-03 -14.79396969E-03
+42.09000E-06 +116.58291519E-03 -36.98492423E-03
+42.10500E-06 -932.66332150E-03 -36.98492423E-03
+42.12000E-06 -1.39899498224E+00 -14.79396969E-03
+42.13500E-06 -932.66332150E-03 +22.19095454E-03
+42.15000E-06 +0.0E+00 +36.98492422E-03
+42.16500E-06 +932.66332150E-03 +29.58793938E-03
+42.18000E-06 +1.16582915187E+00 +0.0E+00
+42.19500E-06 +582.91457605E-03 -22.19095454E-03
+42.21000E-06 -466.33166069E-03 -44.38190907E-03
+42.22500E-06 -1.28241206706E+00 -29.58793938E-03
+42.24000E-06 -1.28241206706E+00 -0.0E+00
+42.25500E-06 -582.91457593E-03 +29.58793938E-03
+42.27000E-06 +582.91457587E-03 +36.98492423E-03
+42.28500E-06 +1.28241206700E+00 +22.19095454E-03
+42.30000E-06 +1.16582915187E+00 -14.79396968E-03
+42.31500E-06 +233.16583043E-03 -44.38190907E-03
+42.33000E-06 -816.08040631E-03 -44.38190907E-03
+42.34500E-06 -1.51557789737E+00 -22.19095453E-03
+42.36000E-06 -1.16582915187E+00 +14.79396969E-03
+42.37500E-06 -233.16583037E-03 +36.98492423E-03
+42.39000E-06 +932.66332156E-03 +44.38190906E-03
+42.40500E-06 +1.39899498224E+00 +7.39698485E-03
+42.42000E-06 +816.08040637E-03 -22.19095454E-03
+42.43500E-06 -233.16583031E-03 -51.77889391E-03
+42.45000E-06 -1.28241206706E+00 -36.98492423E-03
+42.46500E-06 -1.63216081256E+00 -7.39698485E-03
+42.48000E-06 -816.08040637E-03 +22.19095454E-03
+42.49500E-06 +349.74874562E-03 +44.38190907E-03
+42.51000E-06 +1.39899498224E+00 +29.58793938E-03
+42.52500E-06 +1.39899498224E+00 -7.39698485E-03
+42.54000E-06 +466.33166081E-03 -36.98492423E-03
+42.55500E-06 -699.49749106E-03 -44.38190908E-03
+42.57000E-06 -1.39899498237E+00 -22.19095454E-03
+42.58500E-06 -1.51557789743E+00 +14.79396969E-03
+42.60000E-06 -349.74874562E-03 +44.38190907E-03
+42.61500E-06 +932.66332150E-03 +44.38190907E-03
+42.63000E-06 +1.51557789743E+00 +22.19095453E-03
+42.64500E-06 +1.16582915187E+00 -22.19095453E-03
+42.66000E-06 -116.58291512E-03 -44.38190908E-03
+42.67500E-06 -1.28241206699E+00 -44.38190908E-03
+42.69000E-06 -1.74874372780E+00 -14.79396969E-03
+42.70500E-06 -1.04924623668E+00 +22.19095454E-03
+42.72000E-06 +349.74874550E-03 +51.77889392E-03
+42.73500E-06 +1.39899498224E+00 +36.98492423E-03
+42.75000E-06 +1.63216081262E+00 +0.0E+00
+42.76500E-06 +699.49749118E-03 -51.77889391E-03
+42.78000E-06 -699.49749106E-03 -59.17587876E-03
+42.79500E-06 -1.63216081262E+00 -36.98492423E-03
+42.81000E-06 -1.63216081268E+00 +0.0E+00
+42.82500E-06 -582.91457600E-03 +44.38190907E-03
+42.84000E-06 +816.08040624E-03 +51.77889392E-03
+42.85500E-06 +1.63216081268E+00 +29.58793938E-03
+42.87000E-06 +1.39899498224E+00 -14.79396969E-03
+42.88500E-06 +116.58291525E-03 -59.17587876E-03
+42.90000E-06 -1.28241206699E+00 -59.17587876E-03
+42.91500E-06 -1.86532664299E+00 -14.79396970E-03
+42.93000E-06 -1.28241206719E+00 +22.19095454E-03
+42.94500E-06 +0.0E+00 +51.77889392E-03
+42.96000E-06 +1.51557789736E+00 +51.77889392E-03
+42.97500E-06 +1.74874372787E+00 +14.79396969E-03
+42.99000E-06 +1.04924623675E+00 -36.98492423E-03
+43.00500E-06 -466.33166075E-03 -66.57286360E-03
+43.02000E-06 -1.74874372774E+00 -44.38190907E-03
+43.03500E-06 -1.86532664306E+00 -0.0E+00
+43.05000E-06 -816.08040637E-03 +36.98492423E-03
+43.06500E-06 +699.49749106E-03 +59.17587876E-03
+43.08000E-06 +1.86532664292E+00 +36.98492423E-03
+43.09500E-06 +1.63216081268E+00 -14.79396969E-03
+43.11000E-06 +466.33166075E-03 -51.77889392E-03
+43.12500E-06 -1.16582915180E+00 -59.17587876E-03
+43.14000E-06 -2.21507538842E+00 -29.58793938E-03
+43.15500E-06 -1.51557789750E+00 +22.19095454E-03
+43.17000E-06 -116.58291525E-03 +59.17587876E-03
+43.18500E-06 +1.39899498218E+00 +51.77889392E-03
+43.20000E-06 +1.98190955818E+00 +22.19095454E-03
+43.21500E-06 +1.28241206712E+00 -29.58793938E-03
+43.23000E-06 -233.16583031E-03 -66.57286361E-03
+43.24500E-06 -1.86532664292E+00 -59.17587876E-03
+43.26000E-06 -2.21507538848E+00 -14.79396969E-03
+43.27500E-06 -1.04924623682E+00 +44.38190906E-03
+43.29000E-06 +582.91457580E-03 +66.57286360E-03
+43.30500E-06 +1.86532664306E+00 +44.38190908E-03
+43.32000E-06 +1.98190955824E+00 -7.39698484E-03
+43.33500E-06 +816.08040631E-03 -51.77889392E-03
+43.35000E-06 -1.04924623661E+00 -73.96984845E-03
+43.36500E-06 -2.21507538855E+00 -51.77889392E-03
+43.38000E-06 -1.86532664306E+00 +14.79396969E-03
+43.39500E-06 -349.74874570E-03 +66.57286360E-03
+43.41000E-06 +1.39899498211E+00 +59.17587877E-03
+43.42500E-06 +2.21507538855E+00 +29.58793938E-03
+43.44000E-06 +1.63216081269E+00 -29.58793938E-03
+43.45500E-06 -116.58291505E-03 -66.57286361E-03
+43.47000E-06 -1.74874372773E+00 -66.57286361E-03
+43.48500E-06 -2.44824121886E+00 -22.19095454E-03
+43.50000E-06 -1.51557789750E+00 +36.98492423E-03
+43.51500E-06 +349.74874549E-03 +73.96984845E-03
+43.53000E-06 +1.98190955811E+00 +59.17587876E-03
+43.54500E-06 +2.21507538862E+00 +7.39698485E-03
+43.56000E-06 +1.04924623675E+00 -51.77889392E-03
+43.57500E-06 -932.66332143E-03 -81.36683330E-03
+43.59000E-06 -2.44824121878E+00 -51.77889392E-03
+43.60500E-06 -2.21507538869E+00 +0.0E+00
+43.62000E-06 -816.08040638E-03 +59.17587876E-03
+43.63500E-06 +1.28241206691E+00 +73.96984845E-03
+43.65000E-06 +2.44824121885E+00 +36.98492423E-03
+43.66500E-06 +1.98190955825E+00 -22.19095453E-03
+43.68000E-06 +233.16583044E-03 -66.57286361E-03
+43.69500E-06 -1.74874372773E+00 -73.96984846E-03
+43.71000E-06 -2.68140704930E+00 -36.98492423E-03
+43.72500E-06 -1.86532664299E+00 +29.58793938E-03
+43.74000E-06 -70E-12 +73.96984845E-03
+43.75500E-06 +2.09849247315E+00 +73.96984845E-03
+43.77000E-06 +2.68140704923E+00 +7.39698485E-03
+43.78500E-06 +1.39899498231E+00 -44.38190907E-03
+43.80000E-06 -699.49749105E-03 -88.76381814E-03
+43.81500E-06 -2.33165830374E+00 -66.57286361E-03
+43.83000E-06 -2.68140704930E+00 -10E-12
+43.84500E-06 -1.16582915201E+00 +59.17587876E-03
+43.86000E-06 +1.04924623661E+00 +81.36683330E-03
+43.87500E-06 +2.56482413411E+00 +59.17587876E-03
+43.89000E-06 +2.44824121892E+00 -14.79396969E-03
+43.90500E-06 +582.91457601E-03 -73.96984845E-03
+43.92000E-06 -1.51557789736E+00 -81.36683330E-03
+43.93500E-06 -2.91457287960E+00 -44.38190907E-03
+43.95000E-06 -2.21507538855E+00 +29.58793937E-03
+43.96500E-06 -233.16583059E-03 +73.96984846E-03
+43.98000E-06 +1.98190955803E+00 +81.36683330E-03
+43.99500E-06 +2.79798996449E+00 +36.98492422E-03
+44.01000E-06 +1.86532664306E+00 -51.77889391E-03
+44.02500E-06 -349.74874549E-03 -81.36683330E-03
+44.04000E-06 -2.44824121885E+00 -73.96984846E-03
+44.05500E-06 -3.03115579486E+00 -14.79396970E-03
+44.07000E-06 -1.63216081269E+00 +51.77889392E-03
+44.08500E-06 +699.49749097E-03 +81.36683330E-03
+44.10000E-06 +2.56482413404E+00 +73.96984845E-03
+44.11500E-06 +2.68140704937E+00 +0.0E+00
+44.13000E-06 +1.16582915187E+00 -73.96984845E-03
+44.14500E-06 -1.39899498209E+00 -103.55778783E-03
+44.16000E-06 -3.03115579486E+00 -59.17587876E-03
+44.17500E-06 -2.79798996456E+00 +14.79396969E-03
+44.19000E-06 -699.49749127E-03 +81.36683329E-03
+44.20500E-06 +1.74874372773E+00 +88.76381815E-03
+44.22000E-06 +3.03115579486E+00 +44.38190908E-03
+44.23500E-06 +2.33165830381E+00 -36.98492423E-03
+44.25000E-06 +116.58291519E-03 -96.16080299E-03
+44.26500E-06 -2.44824121877E+00 -96.16080299E-03
+44.28000E-06 -3.26432162531E+00 -29.58793939E-03
+44.29500E-06 -2.09849247344E+00 +51.77889391E-03
+44.31000E-06 +466.33166060E-03 +96.16080299E-03
+44.32500E-06 +2.68140704915E+00 +81.36683330E-03
+44.34000E-06 +3.03115579493E+00 +7.39698486E-03
+44.35500E-06 +1.51557789758E+00 -73.96984845E-03
+44.37000E-06 -1.04924623661E+00 -103.55778784E-03
+44.38500E-06 -3.14773870997E+00 -81.36683330E-03
+44.40000E-06 -3.14773871005E+00 +7.39698484E-03
+44.41500E-06 -1.04924623683E+00 +81.36683329E-03
+44.43000E-06 +1.51557789743E+00 +110.95477268E-03
+44.44500E-06 +3.26432162516E+00 +59.17587877E-03
+44.46000E-06 +2.68140704945E+00 -22.19095453E-03
+44.47500E-06 +466.33166082E-03 -103.55778783E-03
+44.49000E-06 -2.21507538847E+00 -110.95477268E-03
+44.50500E-06 -3.61407037079E+00 -36.98492424E-03
+44.52000E-06 -2.56482413427E+00 +36.98492423E-03
+44.53500E-06 -80E-12 +103.55778784E-03
+44.55000E-06 +2.68140704914E+00 +96.16080299E-03
+44.56500E-06 +3.49748745561E+00 +29.58793939E-03
+44.58000E-06 +1.98190955833E+00 -66.57286360E-03
+44.59500E-06 -816.08040615E-03 -118.35175753E-03
+44.61000E-06 -3.03115579486E+00 -96.16080299E-03
+44.62500E-06 -3.61407037079E+00 -7.39698485E-03
+44.64000E-06 -1.63216081277E+00 +81.36683329E-03
+44.65500E-06 +1.28241206698E+00 +118.35175753E-03
+44.67000E-06 +3.49748745545E+00 +81.36683330E-03
+44.68500E-06 +3.26432162531E+00 -14.79396969E-03
+44.70000E-06 +1.04924623676E+00 -96.16080299E-03
+44.71500E-06 -1.98190955810E+00 -110.95477269E-03
+44.73000E-06 -3.73065328598E+00 -66.57286361E-03
+44.74500E-06 -3.14773871005E+00 +29.58793938E-03
+44.76000E-06 -349.74874572E-03 +103.55778784E-03
+44.77500E-06 +2.56482413395E+00 +110.95477269E-03
+44.79000E-06 +3.73065328606E+00 +51.77889391E-03
+44.80500E-06 +2.56482413419E+00 -66.57286360E-03
+44.82000E-06 -349.74874540E-03 -118.35175753E-03
+44.83500E-06 -3.14773870989E+00 -110.95477269E-03
+44.85000E-06 -3.96381911635E+00 -36.98492422E-03
+44.86500E-06 -2.33165830382E+00 +66.57286360E-03
+44.88000E-06 +932.66332134E-03 +125.74874237E-03
+44.89500E-06 +3.49748745553E+00 +103.55778784E-03
+44.91000E-06 +3.73065328606E+00 +7.39698485E-03
+44.92500E-06 +1.51557789759E+00 -96.16080299E-03
+44.94000E-06 -1.63216081254E+00 -133.14572722E-03
+44.95500E-06 -3.84723620117E+00 -81.36683330E-03
+44.97000E-06 -3.61407037087E+00 +14.79396969E-03
+44.98500E-06 -1.04924623676E+00 +103.55778784E-03
+45.00000E-06 +2.33165830358E+00 +125.74874237E-03
+45.01500E-06 +4.08040203146E+00 +66.57286361E-03
+45.03000E-06 +3.14773871021E+00 -36.98492423E-03
+45.04500E-06 +116.58291535E-03 -125.74874237E-03
+45.06000E-06 -3.03115579470E+00 -118.35175754E-03
+45.07500E-06 -4.31356786191E+00 -44.38190908E-03
+45.09000E-06 -2.79798996457E+00 +59.17587876E-03
+45.10500E-06 +466.33166058E-03 +133.14572722E-03
+45.12000E-06 +3.38090454034E+00 +118.35175753E-03
+45.13500E-06 +3.96381911652E+00 +22.19095454E-03
+45.15000E-06 +2.09849247353E+00 -88.76381814E-03
+45.16500E-06 -1.28241206697E+00 -140.54271206E-03
+45.18000E-06 -3.96381911635E+00 -103.55778785E-03
+45.19500E-06 -4.08040203162E+00 -10E-12
+45.21000E-06 -1.63216081278E+00 +103.55778784E-03
+45.22500E-06 +1.86532664283E+00 +140.54271206E-03
+45.24000E-06 +4.19698494673E+00 +88.76381815E-03
+45.25500E-06 +3.73065328598E+00 -22.19095454E-03
+45.27000E-06 +699.49749129E-03 -118.35175753E-03
+45.28500E-06 -2.79798996432E+00 -147.93969691E-03
+45.30000E-06 -4.54673369229E+00 -66.57286361E-03
+45.31500E-06 -3.38090454059E+00 +51.77889391E-03
+45.33000E-06 -170E-12 +133.14572722E-03
+45.34500E-06 +3.26432162515E+00 +140.54271206E-03
+45.36000E-06 +4.54673369229E+00 +44.38190908E-03
+45.37500E-06 +2.79798996465E+00 -81.36683329E-03
+45.39000E-06 -932.66332124E-03 -147.93969691E-03
+45.40500E-06 -4.08040203146E+00 -133.14572722E-03
+45.42000E-06 -4.66331660748E+00 -22.19095454E-03
+45.43500E-06 -2.21507538872E+00 +96.16080298E-03
+45.45000E-06 +1.51557789726E+00 +147.93969691E-03
+45.46500E-06 +4.19698494681E+00 +110.95477268E-03
+45.48000E-06 +4.19698494681E+00 -7.39698484E-03
+45.49500E-06 +1.39899498241E+00 -118.35175753E-03
+45.51000E-06 -2.44824121876E+00 -155.33668176E-03
+45.52500E-06 -4.77989952266E+00 -96.16080299E-03
+45.54000E-06 -3.96381911652E+00 +36.98492422E-03
+45.55500E-06 -699.49749129E-03 +133.14572721E-03
+45.57000E-06 +3.14773870988E+00 +147.93969691E-03
+45.58500E-06 +4.77989952266E+00 +66.57286361E-03
+45.60000E-06 +3.38090454059E+00 -66.57286360E-03
+45.61500E-06 -349.74874539E-03 -155.33668175E-03
+45.63000E-06 -3.84723620108E+00 -147.93969691E-03
+45.64500E-06 -5.01306535304E+00 -51.77889392E-03
+45.66000E-06 -2.91457287976E+00 +88.76381814E-03
+45.67500E-06 +1.04924623651E+00 +155.33668175E-03
+45.69000E-06 +4.43015077693E+00 +133.14572722E-03
+45.70500E-06 +4.77989952275E+00 +14.79396969E-03
+45.72000E-06 +1.98190955835E+00 -110.95477268E-03
+45.73500E-06 -2.09849247310E+00 -162.73366660E-03
+45.75000E-06 -4.89648243776E+00 -110.95477269E-03
+45.76500E-06 -4.54673369237E+00 +7.39698484E-03
+45.78000E-06 -1.28241206723E+00 +133.14572721E-03
+45.79500E-06 +2.79798996440E+00 +170.13065144E-03
+45.81000E-06 +5.12964826814E+00 +88.76381815E-03
+45.82500E-06 +3.96381911653E+00 -36.98492423E-03
+45.84000E-06 +233.16583055E-03 -147.93969691E-03
+45.85500E-06 -3.73065328581E+00 -162.73366660E-03
+45.87000E-06 -5.36281409860E+00 -73.96984846E-03
+45.88500E-06 -3.61407037088E+00 +66.57286361E-03
+45.90000E-06 +582.91457576E-03 +162.73366659E-03
+45.91500E-06 +4.31356786174E+00 +147.93969691E-03
+45.93000E-06 +5.24623118341E+00 +36.98492423E-03
+45.94500E-06 +2.68140704947E+00 -103.55778783E-03
+45.96000E-06 -1.51557789716E+00 -177.52763629E-03
+45.97500E-06 -5.01306535286E+00 -133.14572723E-03
+45.99000E-06 -5.12964826831E+00 -7.39698486E-03
+46.00500E-06 -2.09849247354E+00 +118.35175753E-03
+46.02000E-06 +2.44824121866E+00 +177.52763629E-03
+46.03500E-06 +5.24623118332E+00 +118.35175753E-03
+46.05000E-06 +4.66331660765E+00 -22.19095453E-03
+46.06500E-06 +932.66332176E-03 -147.93969690E-03
+46.08000E-06 -3.38090454024E+00 -177.52763630E-03
+46.09500E-06 -5.71256284407E+00 -88.76381816E-03
+46.11000E-06 -4.31356786209E+00 +51.77889391E-03
+46.12500E-06 -360E-12 +162.73366660E-03
+46.14000E-06 +3.96381911618E+00 +177.52763628E-03
+46.15500E-06 +5.59597992897E+00 +59.17587877E-03
+46.17000E-06 +3.61407037079E+00 -88.76381814E-03
+46.18500E-06 -1.04924623632E+00 -177.52763629E-03
+46.20000E-06 -4.89648243776E+00 -155.33668176E-03
+46.21500E-06 -5.59597992915E+00 -36.98492424E-03
+46.23000E-06 -2.79798996476E+00 +118.35175751E-03
+46.24500E-06 +1.86532664272E+00 +184.92462113E-03
+46.26000E-06 +5.36281409851E+00 +147.93969691E-03
+46.27500E-06 +5.24623118359E+00 -7.39698483E-03
+46.29000E-06 +1.74874372798E+00 -147.93969690E-03
+46.30500E-06 -3.03115579459E+00 -192.32160598E-03
+46.32000E-06 -5.82914575934E+00 -118.35175754E-03
+46.33500E-06 -4.89648243803E+00 +36.98492422E-03
+46.35000E-06 -816.08040667E-03 +155.33668175E-03
+46.36500E-06 +3.73065328580E+00 +192.32160598E-03
+46.38000E-06 +5.94572867453E+00 +88.76381815E-03
+46.39500E-06 +4.19698494700E+00 -66.57286360E-03
+46.41000E-06 -233.16583019E-03 -192.32160597E-03
+46.42500E-06 -4.66331660738E+00 -177.52763630E-03
+46.44000E-06 -6.06231158972E+00 -59.17587877E-03
+46.45500E-06 -3.61407037098E+00 +103.55778783E-03
+46.47000E-06 +1.28241206678E+00 +199.71859082E-03
+46.48500E-06 +5.24623118323E+00 +162.73366660E-03
+46.50000E-06 +5.82914575944E+00 +22.19095455E-03
+46.51500E-06 +2.56482413439E+00 -125.74874237E-03
+46.53000E-06 -2.33165830365E+00 -207.11557567E-03
+46.54500E-06 -5.82914575934E+00 -140.54271207E-03
+46.56000E-06 -5.71256284425E+00 +7.39698484E-03
+46.57500E-06 -1.74874372790E+00 +155.33668174E-03
+46.59000E-06 +3.38090454014E+00 +207.11557567E-03
+46.60500E-06 +6.17889450490E+00 +110.95477270E-03
+46.62000E-06 +5.01306535322E+00 -51.77889391E-03
+46.63500E-06 +582.91457621E-03 -184.92462113E-03
+46.65000E-06 -4.31356786182E+00 -207.11557567E-03
+46.66500E-06 -6.41206033537E+00 -96.16080300E-03
+46.68000E-06 -4.43015077729E+00 +81.36683329E-03
+46.69500E-06 +466.33166056E-03 +199.71859082E-03
+46.71000E-06 +5.01306535285E+00 +192.32160598E-03
+46.72500E-06 +6.29547742009E+00 +44.38190909E-03
+46.74000E-06 +3.38090454070E+00 -118.35175752E-03
+46.75500E-06 -1.74874372752E+00 -221.90954535E-03
+46.77000E-06 -5.94572867444E+00 -170.13065145E-03
+46.78500E-06 -6.17889450509E+00 -22.19095454E-03
+46.80000E-06 -2.56482413440E+00 +147.93969690E-03
+46.81500E-06 +2.68140704911E+00 +214.51256052E-03
+46.83000E-06 +6.29547741990E+00 +147.93969691E-03
+46.84500E-06 +5.71256284435E+00 -22.19095453E-03
+46.86000E-06 +1.28241206744E+00 -177.52763628E-03
+46.87500E-06 -3.96381911616E+00 -221.90954537E-03
+46.89000E-06 -6.76180908074E+00 -125.74874238E-03
+46.90500E-06 -5.24623118351E+00 +51.77889391E-03
+46.92000E-06 -233.16583076E-03 +199.71859082E-03
+46.93500E-06 +4.66331660728E+00 +207.11557568E-03
+46.95000E-06 +6.76180908084E+00 +88.76381815E-03
+46.96500E-06 +4.31356786211E+00 -103.55778782E-03
+46.98000E-06 -1.04924623630E+00 -214.51256052E-03
+46.99500E-06 -5.71256284397E+00 -207.11557567E-03
+47.01000E-06 -6.76180908094E+00 -51.77889393E-03
+47.02500E-06 -3.49748745580E+00 +133.14572720E-03
+47.04000E-06 +2.09849247307E+00 +229.30653020E-03
+47.05500E-06 +6.17889450481E+00 +177.52763630E-03
+47.07000E-06 +6.41206033538E+00 +7.39698485E-03
+47.08500E-06 +2.33165830393E+00 -177.52763627E-03
+47.10000E-06 -3.38090454013E+00 -244.10049990E-03
+47.11500E-06 -6.76180908084E+00 -155.33668176E-03
+47.13000E-06 -5.94572867473E+00 +29.58793937E-03
+47.14500E-06 -1.16582915216E+00 +192.32160597E-03
+47.16000E-06 +4.43015077671E+00 +229.30653021E-03
+47.17500E-06 +6.99497491121E+00 +110.95477270E-03
+47.19000E-06 +5.12964826842E+00 -81.36683329E-03
+47.20500E-06 -116.58291499E-03 -221.90954535E-03
+47.22000E-06 -5.36281409840E+00 -221.90954537E-03
+47.23500E-06 -6.99497491141E+00 -81.36683331E-03
+47.25000E-06 -4.31356786221E+00 +103.55778784E-03
+47.26500E-06 +1.28241206676E+00 +229.30653021E-03
+47.28000E-06 +6.06231158952E+00 +207.11557567E-03
+47.29500E-06 +6.87839199612E+00 +36.98492424E-03
+47.31000E-06 +3.26432162543E+00 -155.33668175E-03
+47.32500E-06 -2.68140704890E+00 -251.49748474E-03
+47.34000E-06 -6.87839199583E+00 -177.52763630E-03
+47.35500E-06 -6.64522616575E+00 -7.39698485E-03
+47.37000E-06 -2.09849247376E+00 +177.52763628E-03
+47.38500E-06 +3.84723620077E+00 +251.49748474E-03
+47.40000E-06 +7.11155782640E+00 +155.33668176E-03
+47.41500E-06 +5.94572867463E+00 -44.38190907E-03
+47.43000E-06 +699.49749152E-03 -214.51256051E-03
+47.44500E-06 -4.89648243765E+00 -251.49748474E-03
+47.46000E-06 -7.46130657196E+00 -110.95477269E-03
+47.47500E-06 -5.12964826852E+00 +88.76381813E-03
+47.49000E-06 +466.33166035E-03 +229.30653021E-03
+47.50500E-06 +5.82914575904E+00 +229.30653021E-03
+47.52000E-06 +7.34472365677E+00 +73.96984846E-03
+47.53500E-06 +4.19698494693E+00 -133.14572720E-03
+47.55000E-06 -1.86532664259E+00 -258.89446958E-03
+47.56500E-06 -6.76180908064E+00 -214.51256052E-03
+47.58000E-06 -7.22814074159E+00 -29.58793939E-03
+47.59500E-06 -3.14773871035E+00 +162.73366659E-03
+47.61000E-06 +3.14773870954E+00 +251.49748474E-03
+47.62500E-06 +7.11155782640E+00 +184.92462114E-03
+47.64000E-06 +6.64522616575E+00 -14.79396968E-03
+47.65500E-06 +1.74874372811E+00 -199.71859082E-03
+47.67000E-06 -4.43015077670E+00 -266.29145443E-03
+47.68500E-06 -7.57788948715E+00 -155.33668176E-03
+47.70000E-06 -6.06231158992E+00 +51.77889391E-03
+47.71500E-06 -466.33166115E-03 +221.90954535E-03
+47.73000E-06 +5.36281409839E+00 +244.10049990E-03
+47.74500E-06 +7.57788948725E+00 +110.95477269E-03
+47.76000E-06 +5.01306535334E+00 -103.55778782E-03
+47.77500E-06 -932.66332119E-03 -251.49748474E-03
+47.79000E-06 -6.41206033497E+00 -244.10049990E-03
+47.80500E-06 -7.69447240244E+00 -73.96984846E-03
+47.82000E-06 -4.08040203185E+00 +140.54271206E-03
+47.83500E-06 +2.21507538824E+00 +266.29145443E-03
+47.85000E-06 +7.11155782609E+00 +214.51256052E-03
+47.86500E-06 +7.22814074179E+00 +22.19095454E-03
+47.88000E-06 +2.68140704971E+00 -184.92462112E-03
+47.89500E-06 -3.73065328557E+00 -273.68843928E-03
+47.91000E-06 -7.57788948715E+00 -184.92462115E-03
+47.92500E-06 -6.87839199623E+00 +14.79396968E-03
+47.94000E-06 -1.51557789774E+00 +214.51256051E-03
+47.95500E-06 +4.77989952235E+00 +266.29145443E-03
+47.97000E-06 +7.92763823260E+00 +140.54271208E-03
+47.98500E-06 +5.82914575976E+00 -73.96984843E-03
+48.00000E-06 +310E-12 -244.10049990E-03
+48.01500E-06 -5.94572867422E+00 -266.29145443E-03
+48.03000E-06 -8.16080406298E+00 -103.55778786E-03
+48.04500E-06 -4.89648243827E+00 +110.95477268E-03
+48.06000E-06 +1.28241206674E+00 +258.89446958E-03
+48.07500E-06 +6.87839199571E+00 +244.10049990E-03
+48.09000E-06 +7.92763823260E+00 +59.17587878E-03
+48.10500E-06 +3.73065328640E+00 -162.73366659E-03
+48.12000E-06 -2.79798996407E+00 -281.08542412E-03
+48.13500E-06 -7.57788948704E+00 -214.51256052E-03
+48.15000E-06 -7.46130657207E+00 -14.79396971E-03
+48.16500E-06 -2.44824121935E+00 +192.32160597E-03
+48.18000E-06 +4.08040203123E+00 +281.08542413E-03
+48.19500E-06 +7.92763823271E+00 +184.92462114E-03
+48.21000E-06 +6.76180908094E+00 -36.98492421E-03
+48.22500E-06 +932.66332192E-03 -229.30653020E-03
+48.24000E-06 -5.36281409828E+00 -288.48240897E-03
+48.25500E-06 -8.27738697827E+00 -140.54271208E-03
+48.27000E-06 -5.94572867474E+00 +81.36683329E-03
+48.28500E-06 +349.74874514E-03 +251.49748474E-03
+48.30000E-06 +6.41206033496E+00 +258.89446960E-03
+48.31500E-06 +8.16080406319E+00 +96.16080300E-03
+48.33000E-06 +4.77989952288E+00 -140.54271204E-03
+48.34500E-06 -1.98190955775E+00 -273.68843928E-03
+48.36000E-06 -7.34472365656E+00 -244.10049990E-03
+48.37500E-06 -8.04422114800E+00 -51.77889393E-03
+48.39000E-06 -3.61407037111E+00 +170.13065143E-03
+48.40500E-06 +3.14773870973E+00 +281.08542413E-03
+48.42000E-06 +7.92763823260E+00 +214.51256052E-03
+48.43500E-06 +7.34472365709E+00 +10E-12
+48.45000E-06 +1.98190955861E+00 -214.51256050E-03
+48.46500E-06 -4.66331660715E+00 -288.48240897E-03
+48.48000E-06 -8.39396989346E+00 -184.92462115E-03
+48.49500E-06 -6.76180908105E+00 +44.38190907E-03
+48.51000E-06 -699.49749166E-03 +244.10049988E-03
+48.52500E-06 +5.82914575891E+00 +281.08542413E-03
+48.54000E-06 +8.39396989356E+00 +133.14572723E-03
+48.55500E-06 +5.71256284448E+00 -103.55778783E-03
+48.57000E-06 -932.66332117E-03 -273.68843927E-03
+48.58500E-06 -6.99497491100E+00 -273.68843928E-03
+48.60000E-06 -8.51055280864E+00 -88.76381816E-03
+48.61500E-06 -4.66331660780E+00 +140.54271206E-03
+48.63000E-06 +2.21507538823E+00 +288.48240896E-03
+48.64500E-06 +7.69447240212E+00 +236.70351507E-03
+48.66000E-06 +8.16080406308E+00 +29.58793941E-03
+48.67500E-06 +3.03115579540E+00 -192.32160597E-03
+48.69000E-06 -3.84723620084E+00 -303.27637865E-03
+48.70500E-06 -8.39396989335E+00 -214.51256052E-03
+48.72000E-06 -7.57788948737E+00 +14.79396967E-03
+48.73500E-06 -1.74874372835E+00 +221.90954535E-03
+48.75000E-06 +5.12964826778E+00 +295.87939382E-03
+48.76500E-06 +8.62713572372E+00 +170.13065146E-03
+48.78000E-06 +6.52864325079E+00 -66.57286359E-03
+48.79500E-06 +116.58291563E-03 -266.29145442E-03
+48.81000E-06 -6.41206033495E+00 -288.48240898E-03
+48.82500E-06 -8.86030155420E+00 -125.74874239E-03
+48.84000E-06 -5.59597992941E+00 +118.35175751E-03
+48.85500E-06 +1.28241206661E+00 +288.48240896E-03
+48.87000E-06 +7.34472365633E+00 +273.68843928E-03
+48.88500E-06 +8.51055280875E+00 +66.57286363E-03
+48.90000E-06 +4.31356786225E+00 -162.73366659E-03
+48.91500E-06 -2.79798996415E+00 -303.27637866E-03
+48.93000E-06 -8.16080406286E+00 -244.10049991E-03
+48.94500E-06 -8.27738697838E+00 -22.19095456E-03
+48.96000E-06 -2.79798996493E+00 +199.71859081E-03
+48.97500E-06 +4.19698494628E+00 +303.27637866E-03
+48.99000E-06 +8.62713572372E+00 +207.11557568E-03
+49.00500E-06 +7.34472365700E+00 -36.98492420E-03
+49.02000E-06 +1.16582915243E+00 -244.10049989E-03
+49.03500E-06 -5.59597992864E+00 -310.67336351E-03
+49.05000E-06 -8.97688446928E+00 -170.13065146E-03
+49.06500E-06 -6.52864325080E+00 +73.96984844E-03
+49.08000E-06 +116.58291474E-03 +273.68843927E-03
+49.09500E-06 +6.76180908050E+00 +288.48240898E-03
+49.11000E-06 +8.74371863924E+00 +118.35175753E-03
+49.12500E-06 +5.24623118375E+00 -133.14572720E-03
+49.14000E-06 -1.74874372735E+00 -303.27637865E-03
+49.15500E-06 -7.69447240211E+00 -273.68843929E-03
+49.17000E-06 -8.62713572394E+00 -73.96984846E-03
+49.18500E-06 -3.96381911681E+00 +170.13065143E-03
+49.20000E-06 +3.26432162478E+00 +303.27637866E-03
+49.21500E-06 +8.27738697827E+00 +236.70351507E-03
+49.23000E-06 +8.04422114812E+00 +7.39698487E-03
+49.24500E-06 +2.33165830419E+00 -229.30653019E-03
+49.26000E-06 -4.89648243740E+00 -318.07034835E-03
+49.27500E-06 -8.97688446928E+00 -207.11557569E-03
+49.29000E-06 -7.22814074193E+00 +36.98492421E-03
+49.30500E-06 -932.66332195E-03 +251.49748474E-03
+49.32000E-06 +6.06231158926E+00 +303.27637867E-03
+49.33500E-06 +8.97688446939E+00 +147.93969693E-03
+49.35000E-06 +6.17889450513E+00 -96.16080298E-03
+49.36500E-06 -816.08040574E-03 -288.48240896E-03
+49.38000E-06 -7.22814074124E+00 -295.87939382E-03
+49.39500E-06 -8.97688446950E+00 -110.95477270E-03
+49.41000E-06 -5.01306535361E+00 +140.54271205E-03
+49.42500E-06 +2.21507538809E+00 +303.27637865E-03
+49.44000E-06 +7.92763823248E+00 +273.68843929E-03
+49.45500E-06 +8.39396989369E+00 +51.77889393E-03
+49.47000E-06 +3.38090454100E+00 -192.32160597E-03
+49.48500E-06 -3.84723620082E+00 -325.46733319E-03
+49.50000E-06 -8.74371863879E+00 -244.10049991E-03
+49.51500E-06 -7.92763823294E+00 -7.39698485E-03
+49.53000E-06 -1.98190955875E+00 +229.30653020E-03
+49.54500E-06 +5.24623118295E+00 +318.07034835E-03
+49.56000E-06 +9.09346738435E+00 +192.32160600E-03
+49.57500E-06 +6.99497491144E+00 -59.17587874E-03
+49.59000E-06 +349.74874602E-03 -273.68843927E-03
+49.60500E-06 -6.52864325012E+00 -318.07034836E-03
+49.62000E-06 -9.32663321483E+00 -155.33668177E-03
+49.63500E-06 -5.94572867488E+00 +103.55778781E-03
+49.65000E-06 +1.16582915140E+00 +288.48240897E-03
+49.66500E-06 +7.46130657173E+00 +288.48240899E-03
+49.68000E-06 +8.86030155432E+00 +96.16080301E-03
+49.69500E-06 +4.54673369264E+00 -162.73366658E-03
+49.71000E-06 -2.91457287909E+00 -318.07034836E-03
+49.72500E-06 -8.39396989322E+00 -273.68843929E-03
+49.74000E-06 -8.51055280888E+00 -44.38190909E-03
+49.75500E-06 -3.26432162558E+00 +207.11557565E-03
+49.77000E-06 +4.31356786133E+00 +318.07034835E-03
+49.78500E-06 +8.74371863902E+00 +229.30653022E-03
+49.80000E-06 +7.81105531752E+00 -14.79396968E-03
+49.81500E-06 +1.39899498283E+00 -251.49748473E-03
+49.83000E-06 -5.82914575875E+00 -325.46733321E-03
+49.84500E-06 -9.21005029965E+00 -192.32160598E-03
+49.86000E-06 -6.87839199626E+00 +66.57286359E-03
+49.87500E-06 -470E-12 +266.29145443E-03
+49.89000E-06 +6.76180908048E+00 +310.67336351E-03
+49.90500E-06 +8.97688446963E+00 +140.54271208E-03
+49.92000E-06 +5.36281409907E+00 -118.35175752E-03
+49.93500E-06 -1.74874372733E+00 -310.67336350E-03
+49.95000E-06 -7.92763823223E+00 -295.87939382E-03
+49.96500E-06 -8.97688446951E+00 -88.76381816E-03
+49.98000E-06 -4.19698494720E+00 +177.52763627E-03
+49.99500E-06 +3.14773870957E+00 +318.07034834E-03
+50.01000E-06 +8.51055280828E+00 +266.29145444E-03
+50.02500E-06 +8.27738697851E+00 +29.58793940E-03
+50.04000E-06 +2.56482413471E+00 -221.90954535E-03
+50.05500E-06 -4.77989952218E+00 -332.86431804E-03
+50.07000E-06 -8.97688446927E+00 -229.30653022E-03
+50.08500E-06 -7.57788948739E+00 +22.19095452E-03
+50.10000E-06 -1.16582915235E+00 +258.89446957E-03
+50.11500E-06 +5.94572867417E+00 +318.07034835E-03
+50.13000E-06 +9.09346738446E+00 +177.52763630E-03
+50.14500E-06 +6.29547742057E+00 -81.36683328E-03
+50.16000E-06 -582.91457545E-03 -288.48240896E-03
+50.17500E-06 -7.22814074123E+00 -310.67336351E-03
+50.19000E-06 -9.09346738458E+00 -125.74874239E-03
+50.20500E-06 -5.24623118389E+00 +125.74874236E-03
+50.22000E-06 +2.09849247288E+00 +318.07034833E-03
+50.23500E-06 +7.92763823259E+00 +288.48240897E-03
+50.25000E-06 +8.74371863902E+00 +59.17587879E-03
+50.26500E-06 +3.61407037140E+00 -184.92462112E-03
+50.28000E-06 -3.73065328550E+00 -325.46733320E-03
+50.29500E-06 -8.74371863877E+00 -251.49748477E-03
+50.31000E-06 -8.16080406320E+00 -14.79396971E-03
+50.32500E-06 -2.21507538916E+00 +214.51256051E-03
+50.34000E-06 +5.01306535267E+00 +325.46733320E-03
+50.35500E-06 +8.97688446939E+00 +207.11557569E-03
+50.37000E-06 +7.11155782677E+00 -36.98492421E-03
+50.38500E-06 +466.33166124E-03 -266.29145442E-03
+50.40000E-06 -6.41206033503E+00 -325.46733320E-03
+50.41500E-06 -9.21005029964E+00 -162.73366662E-03
+50.43000E-06 -6.06231159009E+00 +96.16080297E-03
+50.44500E-06 +932.66332100E-03 +288.48240896E-03
+50.46000E-06 +7.22814074134E+00 +303.27637867E-03
+50.47500E-06 +8.97688446939E+00 +110.95477270E-03
+50.49000E-06 +4.66331660797E+00 -155.33668173E-03
+50.50500E-06 -2.68140704868E+00 -318.07034834E-03
+50.52000E-06 -8.39396989309E+00 -281.08542413E-03
+50.53500E-06 -8.51055280889E+00 -59.17587878E-03
+50.55000E-06 -3.38090454091E+00 +192.32160596E-03
+50.56500E-06 +4.08040203092E+00 +318.07034835E-03
+50.58000E-06 +8.74371863889E+00 +244.10049991E-03
+50.59500E-06 +7.81105531777E+00 +20E-12
+50.61000E-06 +1.63216081324E+00 -236.70351504E-03
+50.62500E-06 -5.59597992847E+00 -325.46733320E-03
+50.64000E-06 -9.21005029964E+00 -199.71859085E-03
+50.65500E-06 -6.87839199640E+00 +59.17587874E-03
+50.67000E-06 -233.16583087E-03 +273.68843926E-03
+50.68500E-06 +6.64522616515E+00 +310.67336351E-03
+50.70000E-06 +8.97688446951E+00 +147.93969692E-03
+50.71500E-06 +5.59597992947E+00 -110.95477267E-03
+50.73000E-06 -1.51557789693E+00 -303.27637865E-03
+50.74500E-06 -7.69447240208E+00 -295.87939383E-03
+50.76000E-06 -8.86030155433E+00 -96.16080301E-03
+50.77500E-06 -4.31356786242E+00 +155.33668174E-03
+50.79000E-06 +2.91457287917E+00 +310.67336350E-03
+50.80500E-06 +8.27738697789E+00 +266.29145445E-03
+50.82000E-06 +8.16080406333E+00 +36.98492425E-03
+50.83500E-06 +2.79798996499E+00 -207.11557566E-03
+50.85000E-06 -4.54673369179E+00 -325.46733320E-03
+50.86500E-06 -8.86030155420E+00 -236.70351507E-03
+50.88000E-06 -7.46130657234E+00 +14.79396967E-03
+50.89500E-06 -1.28241206756E+00 +236.70351504E-03
+50.91000E-06 +5.82914575884E+00 +318.07034835E-03
+50.92500E-06 +8.97688446939E+00 +177.52763632E-03
+50.94000E-06 +6.29547742060E+00 -73.96984843E-03
+50.95500E-06 -349.74874506E-03 -281.08542412E-03
+50.97000E-06 -6.99497491083E+00 -310.67336351E-03
+50.98500E-06 -9.09346738445E+00 -133.14572724E-03
+51.00000E-06 -5.24623118379E+00 +118.35175750E-03
+51.01500E-06 +1.86532664248E+00 +295.87939380E-03
+51.03000E-06 +7.69447240208E+00 +288.48240897E-03
+51.04500E-06 +8.51055280877E+00 +81.36683332E-03
+51.06000E-06 +3.73065328649E+00 -177.52763627E-03
+51.07500E-06 -3.49748745510E+00 -318.07034835E-03
+51.09000E-06 -8.39396989333E+00 -258.89446961E-03
+51.10500E-06 -7.92763823296E+00 -29.58793940E-03
+51.12000E-06 -2.33165830425E+00 +207.11557565E-03
+51.13500E-06 +4.66331660709E+00 +310.67336351E-03
+51.15000E-06 +8.74371863889E+00 +214.51256053E-03
+51.16500E-06 +6.99497491147E+00 -29.58793936E-03
+51.18000E-06 +582.91457657E-03 -244.10049989E-03
+51.19500E-06 -5.94572867427E+00 -318.07034835E-03
+51.21000E-06 -8.97688446926E+00 -177.52763631E-03
+51.22500E-06 -6.06231159010E+00 +73.96984845E-03
+51.24000E-06 +699.49749074E-03 +281.08542411E-03
+51.25500E-06 +6.99497491083E+00 +303.27637866E-03
+51.27000E-06 +8.62713572383E+00 +118.35175753E-03
+51.28500E-06 +4.66331660786E+00 -140.54271204E-03
+51.30000E-06 -2.44824121828E+00 -303.27637865E-03
+51.31500E-06 -7.81105531739E+00 -281.08542413E-03
+51.33000E-06 -8.39396989358E+00 -73.96984846E-03
+51.34500E-06 -3.38090454094E+00 +177.52763627E-03
+51.36000E-06 +3.73065328546E+00 +310.67336350E-03
+51.37500E-06 +8.27738697814E+00 +244.10049991E-03
+51.39000E-06 +7.57788948728E+00 +14.79396970E-03
+51.40500E-06 +1.74874372832E+00 -221.90954535E-03
+51.42000E-06 -5.24623118289E+00 -318.07034835E-03
+51.43500E-06 -8.74371863889E+00 -207.11557569E-03
+51.45000E-06 -6.76180908110E+00 +36.98492421E-03
+51.46500E-06 -466.33166114E-03 +251.49748474E-03
+51.48000E-06 +6.06231158946E+00 +303.27637867E-03
+51.49500E-06 +8.62713572383E+00 +155.33668178E-03
+51.51000E-06 +5.47939701418E+00 -96.16080297E-03
+51.52500E-06 -1.28241206653E+00 -288.48240895E-03
+51.54000E-06 -7.22814074119E+00 -295.87939382E-03
+51.55500E-06 -8.39396989359E+00 -110.95477271E-03
+51.57000E-06 -4.31356786231E+00 +133.14572721E-03
+51.58500E-06 +2.68140704877E+00 +295.87939381E-03
+51.60000E-06 +7.81105531726E+00 +273.68843928E-03
+51.61500E-06 +7.81105531778E+00 +51.77889394E-03
+51.63000E-06 +2.79798996488E+00 -192.32160596E-03
+51.64500E-06 -4.08040203115E+00 -318.07034834E-03
+51.66000E-06 -8.27738697814E+00 -236.70351506E-03
+51.67500E-06 -7.11155782666E+00 -7.39698486E-03
+51.69000E-06 -1.39899498277E+00 +221.90954535E-03
+51.70500E-06 +5.12964826783E+00 +310.67336350E-03
+51.72000E-06 +8.39396989332E+00 +184.92462115E-03
+51.73500E-06 +6.06231159011E+00 -51.77889390E-03
+51.75000E-06 -116.58291479E-03 -258.89446958E-03
+51.76500E-06 -6.41206033488E+00 -310.67336351E-03
+51.78000E-06 -8.39396989346E+00 -140.54271210E-03
+51.79500E-06 -4.89648243838E+00 +96.16080297E-03
+51.81000E-06 +1.63216081195E+00 +281.08542412E-03
+51.82500E-06 +7.11155782613E+00 +281.08542413E-03
+51.84000E-06 +8.04422114789E+00 +88.76381816E-03
+51.85500E-06 +3.73065328638E+00 -147.93969690E-03
+51.87000E-06 -3.14773870938E+00 -303.27637866E-03
+51.88500E-06 -7.81105531739E+00 -258.89446959E-03
+51.90000E-06 -7.46130657223E+00 -44.38190909E-03
+51.91500E-06 -2.33165830427E+00 +192.32160596E-03
+51.93000E-06 +4.31356786138E+00 +295.87939382E-03
+51.94500E-06 +7.92763823271E+00 +214.51256053E-03
+51.96000E-06 +6.64522616579E+00 -7.39698484E-03
+51.97500E-06 +699.49749179E-03 -221.90954535E-03
+51.99000E-06 -5.59597992843E+00 -295.87939383E-03
+52.00500E-06 -8.16080406322E+00 -177.52763630E-03
+52.02000E-06 -5.71256284443E+00 +66.57286358E-03
+52.03500E-06 +466.33166034E-03 +251.49748474E-03
+52.05000E-06 +6.41206033474E+00 +288.48240897E-03
+52.06500E-06 +8.04422114789E+00 +125.74874239E-03
+52.08000E-06 +4.43015077751E+00 -110.95477266E-03
+52.09500E-06 -1.98190955764E+00 -288.48240896E-03
+52.11000E-06 -7.22814074132E+00 -266.29145445E-03
+52.12500E-06 -7.57788948742E+00 -88.76381815E-03
+52.14000E-06 -3.26432162564E+00 +155.33668173E-03
+52.15500E-06 +3.26432162483E+00 +288.48240896E-03
+52.17000E-06 +7.57788948701E+00 +236.70351507E-03
+52.18500E-06 +6.87839199643E+00 +22.19095456E-03
+52.20000E-06 +1.63216081316E+00 -192.32160597E-03
+52.21500E-06 -4.66331660707E+00 -295.87939382E-03
+52.23000E-06 -7.92763823271E+00 -207.11557568E-03
+52.24500E-06 -6.17889450518E+00 +14.79396967E-03
+52.26000E-06 -466.33166116E-03 +221.90954535E-03
+52.27500E-06 +5.47939701337E+00 +288.48240896E-03
+52.29000E-06 +7.81105531752E+00 +155.33668178E-03
+52.30500E-06 +5.01306535358E+00 -66.57286360E-03
+52.32000E-06 -1.04924623613E+00 -251.49748474E-03
+52.33500E-06 -6.41206033514E+00 -281.08542413E-03
+52.35000E-06 -7.81105531752E+00 -118.35175754E-03
+52.36500E-06 -3.96381911677E+00 +110.95477267E-03
+52.38000E-06 +2.21507538800E+00 +273.68843927E-03
+52.39500E-06 +6.99497491094E+00 +251.49748474E-03
+52.41000E-06 +7.11155782668E+00 +59.17587878E-03
+52.42500E-06 +2.56482413466E+00 -155.33668174E-03
+52.44000E-06 -3.61407037038E+00 -288.48240897E-03
+52.45500E-06 -7.46130657196E+00 -221.90954538E-03
+52.47000E-06 -6.64522616593E+00 -22.19095455E-03
+52.48500E-06 -1.39899498280E+00 +192.32160597E-03
+52.50000E-06 +4.66331660706E+00 +281.08542413E-03
+52.51500E-06 +7.57788948701E+00 +184.92462114E-03
+52.53000E-06 +5.71256284443E+00 -36.98492421E-03
+52.54500E-06 +550E-12 -221.90954535E-03
+52.56000E-06 -5.71256284360E+00 -281.08542413E-03
+52.57500E-06 -7.69447240220E+00 -140.54271208E-03
+52.59000E-06 -4.66331660789E+00 +81.36683327E-03
+52.60500E-06 +1.28241206650E+00 +236.70351505E-03
+52.62000E-06 +6.17889450477E+00 +266.29145443E-03
+52.63500E-06 +7.22814074173E+00 +96.16080301E-03
+52.65000E-06 +3.38090454084E+00 -133.14572719E-03
+52.66500E-06 -2.68140704874E+00 -266.29145443E-03
+52.68000E-06 -6.99497491107E+00 -236.70351506E-03
+52.69500E-06 -6.76180908112E+00 -51.77889394E-03
+52.71000E-06 -2.44824121920E+00 +162.73366657E-03
+52.72500E-06 +3.73065328556E+00 +266.29145443E-03
+52.74000E-06 +7.22814074145E+00 +199.71859084E-03
+52.75500E-06 +5.94572867481E+00 +20E-12
+52.77000E-06 +816.08040687E-03 -199.71859081E-03
+52.78500E-06 -4.89648243743E+00 -273.68843928E-03
+52.80000E-06 -7.34472365663E+00 -162.73366662E-03
+52.81500E-06 -5.24623118369E+00 +36.98492421E-03
+52.83000E-06 +233.16583009E-03 +221.90954534E-03
+52.84500E-06 +5.47939701350E+00 +258.89446960E-03
+52.86000E-06 +7.11155782654E+00 +125.74874239E-03
+52.87500E-06 +4.08040203196E+00 -88.76381814E-03
+52.89000E-06 -1.74874372738E+00 -251.49748473E-03
+52.90500E-06 -6.41206033485E+00 -244.10049991E-03
+52.92000E-06 -6.87839199617E+00 -81.36683332E-03
+52.93500E-06 -3.03115579528E+00 +125.74874235E-03
+52.95000E-06 +2.79798996392E+00 +251.49748473E-03
+52.96500E-06 +6.64522616551E+00 +214.51256053E-03
+52.98000E-06 +6.17889450519E+00 +36.98492425E-03
+52.99500E-06 +1.74874372823E+00 -162.73366660E-03
+53.01000E-06 -3.96381911607E+00 -266.29145443E-03
+53.02500E-06 -6.99497491107E+00 -184.92462115E-03
+53.04000E-06 -5.59597992926E+00 +7.39698484E-03
+53.05500E-06 -582.91457636E-03 +192.32160596E-03
+53.07000E-06 +4.77989952223E+00 +258.89446958E-03
+53.08500E-06 +6.99497491107E+00 +147.93969693E-03
+53.10000E-06 +4.54673369257E+00 -59.17587874E-03
+53.11500E-06 -816.08040574E-03 -229.30653020E-03
+53.13000E-06 -5.59597992883E+00 -258.89446958E-03
+53.14500E-06 -6.87839199603E+00 -110.95477270E-03
+53.16000E-06 -3.61407037122E+00 +88.76381813E-03
+53.17500E-06 +1.74874372752E+00 +236.70351503E-03
+53.19000E-06 +5.94572867453E+00 +221.90954537E-03
+53.20500E-06 +6.29547742024E+00 +59.17587879E-03
+53.22000E-06 +2.33165830431E+00 -133.14572720E-03
+53.23500E-06 -3.03115579457E+00 -251.49748474E-03
+53.25000E-06 -6.64522616551E+00 -207.11557568E-03
+53.26500E-06 -5.82914575963E+00 -22.19095455E-03
+53.28000E-06 -1.39899498268E+00 +162.73366659E-03
+53.29500E-06 +3.96381911592E+00 +244.10049990E-03
+53.31000E-06 +6.64522616551E+00 +170.13065144E-03
+53.32500E-06 +4.89648243814E+00 -29.58793936E-03
+53.34000E-06 +580E-12 -192.32160597E-03
+53.35500E-06 -4.77989952252E+00 -244.10049991E-03
+53.37000E-06 -6.64522616565E+00 -147.93969691E-03
+53.38500E-06 -4.19698494702E+00 +59.17587874E-03
+53.40000E-06 +932.66332106E-03 +207.11557567E-03
+53.41500E-06 +5.36281409845E+00 +229.30653021E-03
+53.43000E-06 +6.29547742009E+00 +88.76381815E-03
+53.44500E-06 +3.03115579515E+00 -110.95477265E-03
+53.46000E-06 -2.21507538797E+00 -236.70351504E-03
+53.47500E-06 -5.94572867453E+00 -221.90954536E-03
+53.49000E-06 -5.94572867468E+00 -59.17587877E-03
+53.50500E-06 -2.09849247380E+00 +133.14572721E-03
+53.52000E-06 +3.03115579457E+00 +236.70351504E-03
+53.53500E-06 +6.17889450461E+00 +184.92462114E-03
+53.55000E-06 +5.24623118370E+00 +7.39698485E-03
+53.56500E-06 +816.08040690E-03 -170.13065143E-03
+53.58000E-06 -4.08040203125E+00 -236.70351505E-03
+53.59500E-06 -6.29547742009E+00 -155.33668177E-03
+53.61000E-06 -4.54673369258E+00 +22.19095453E-03
+53.62500E-06 +116.58291489E-03 +184.92462113E-03
+53.64000E-06 +4.66331660703E+00 +236.70351504E-03
+53.65500E-06 +6.06231158972E+00 +118.35175754E-03
+53.67000E-06 +3.61407037109E+00 -66.57286360E-03
+53.68500E-06 -1.28241206661E+00 -214.51256050E-03
+53.70000E-06 -5.36281409830E+00 -221.90954537E-03
+53.71500E-06 -5.82914575964E+00 -88.76381815E-03
+53.73000E-06 -2.68140704974E+00 +96.16080298E-03
+53.74500E-06 +2.21507538811E+00 +214.51256052E-03
+53.76000E-06 +5.59597992882E+00 +199.71859083E-03
+53.77500E-06 +5.36281409875E+00 +44.38190908E-03
+53.79000E-06 +1.51557789787E+00 -133.14572722E-03
+53.80500E-06 -3.26432162479E+00 -229.30653020E-03
+53.82000E-06 -5.94572867438E+00 -162.73366661E-03
+53.83500E-06 -4.77989952281E+00 -7.39698486E-03
+53.85000E-06 -582.91457638E-03 +155.33668174E-03
+53.86500E-06 +3.84723620102E+00 +221.90954536E-03
+53.88000E-06 +5.82914575920E+00 +133.14572723E-03
+53.89500E-06 +3.96381911665E+00 -44.38190904E-03
+53.91000E-06 -582.91457534E-03 -184.92462113E-03
+53.92500E-06 -4.54673369214E+00 -221.90954535E-03
+53.94000E-06 -5.82914575934E+00 -103.55778785E-03
+53.95500E-06 -3.14773871035E+00 +66.57286359E-03
+53.97000E-06 +1.39899498194E+00 +192.32160598E-03
+53.98500E-06 +5.01306535289E+00 +199.71859083E-03
+54.00000E-06 +5.36281409875E+00 +66.57286362E-03
+54.01500E-06 +2.09849247366E+00 -103.55778783E-03
+54.03000E-06 -2.44824121847E+00 -214.51256052E-03
+54.04500E-06 -5.47939701363E+00 -184.92462113E-03
+54.06000E-06 -5.01306535319E+00 -22.19095456E-03
+54.07500E-06 -1.39899498254E+00 +125.74874236E-03
+54.09000E-06 +3.14773870959E+00 +207.11557567E-03
+54.10500E-06 +5.36281409860E+00 +147.93969692E-03
+54.12000E-06 +4.31356786207E+00 -7.39698483E-03
+54.13500E-06 +233.16583068E-03 -162.73366659E-03
+54.15000E-06 -3.96381911605E+00 -207.11557568E-03
+54.16500E-06 -5.59597992897E+00 -125.74874238E-03
+54.18000E-06 -3.61407037110E+00 +36.98492422E-03
+54.19500E-06 +699.49749067E-03 +170.13065143E-03
+54.21000E-06 +4.43015077680E+00 +192.32160599E-03
+54.22500E-06 +5.12964826837E+00 +88.76381815E-03
+54.24000E-06 +2.56482413457E+00 -66.57286360E-03
+54.25500E-06 -1.63216081231E+00 -184.92462114E-03
+54.27000E-06 -4.89648243755E+00 -184.92462113E-03
+54.28500E-06 -4.89648243815E+00 -59.17587877E-03
+54.30000E-06 -1.74874372826E+00 +103.55778782E-03
+54.31500E-06 +2.44824121847E+00 +192.32160597E-03
+54.33000E-06 +5.01306535288E+00 +155.33668176E-03
+54.34500E-06 +4.19698494703E+00 +22.19095455E-03
+54.36000E-06 +816.08040677E-03 -133.14572721E-03
+54.37500E-06 -3.26432162477E+00 -199.71859083E-03
+54.39000E-06 -5.24623118341E+00 -140.54271207E-03
+54.40500E-06 -3.73065328644E+00 +7.39698484E-03
+54.42000E-06 -460E-12 +147.93969690E-03
+54.43500E-06 +3.73065328567E+00 +192.32160598E-03
+54.45000E-06 +5.01306535304E+00 +103.55778785E-03
+54.46500E-06 +2.91457287998E+00 -51.77889390E-03
+54.48000E-06 -932.66332119E-03 -170.13065143E-03
+54.49500E-06 -4.31356786176E+00 -177.52763630E-03
+54.51000E-06 -4.89648243770E+00 -73.96984847E-03
+54.52500E-06 -2.21507538901E+00 +66.57286361E-03
+54.54000E-06 +1.74874372750E+00 +177.52763629E-03
+54.55500E-06 +4.54673369213E+00 +170.13065143E-03
+54.57000E-06 +4.43015077710E+00 +36.98492425E-03
+54.58500E-06 +1.28241206752E+00 -110.95477266E-03
+54.60000E-06 -2.56482413380E+00 -184.92462113E-03
+54.61500E-06 -4.77989952266E+00 -147.93969692E-03
+54.63000E-06 -3.96381911651E+00 -7.39698487E-03
+54.64500E-06 -582.91457640E-03 +125.74874236E-03
+54.66000E-06 +3.03115579470E+00 +184.92462113E-03
+54.67500E-06 +4.66331660763E+00 +118.35175754E-03
+54.69000E-06 +3.26432162539E+00 -22.19095453E-03
+54.70500E-06 -349.74874525E-03 -140.54271206E-03
+54.72000E-06 -3.73065328567E+00 -177.52763630E-03
+54.73500E-06 -4.77989952251E+00 -103.55778784E-03
+54.75000E-06 -2.56482413442E+00 +44.38190906E-03
+54.76500E-06 +1.04924623621E+00 +155.33668175E-03
+54.78000E-06 +3.96381911620E+00 +162.73366661E-03
+54.79500E-06 +4.31356786207E+00 +66.57286361E-03
+54.81000E-06 +1.86532664315E+00 -81.36683329E-03
+54.82500E-06 -1.86532664268E+00 -170.13065143E-03
+54.84000E-06 -4.43015077695E+00 -147.93969692E-03
+54.85500E-06 -4.08040203154E+00 -36.98492424E-03
+54.87000E-06 -1.16582915218E+00 +96.16080298E-03
+54.88500E-06 +2.44824121877E+00 +162.73366662E-03
+54.90000E-06 +4.31356786191E+00 +125.74874238E-03
+54.91500E-06 +3.38090454073E+00 +10E-12
+54.93000E-06 +116.58291566E-03 -125.74874236E-03
+54.94500E-06 -3.14773870973E+00 -170.13065145E-03
+54.96000E-06 -4.54673369213E+00 -103.55778785E-03
+54.97500E-06 -2.91457287999E+00 +22.19095452E-03
+54.99000E-06 +349.74874540E-03 +140.54271204E-03
+55.00500E-06 +3.38090454042E+00 +147.93969694E-03
+55.02000E-06 +4.08040203154E+00 +81.36683330E-03
+55.03500E-06 +2.21507538887E+00 -51.77889391E-03
+55.05000E-06 -1.28241206674E+00 -147.93969691E-03
+55.06500E-06 -3.96381911620E+00 -155.33668174E-03
+55.08000E-06 -4.08040203154E+00 -51.77889393E-03
+55.09500E-06 -1.51557789775E+00 +81.36683328E-03
+55.11000E-06 +1.86532664267E+00 +155.33668174E-03
+55.12500E-06 +3.96381911620E+00 +125.74874238E-03
+55.14000E-06 +3.49748745577E+00 +22.19095455E-03
+55.15500E-06 +699.49749144E-03 -103.55778783E-03
+55.17000E-06 -2.56482413395E+00 -162.73366658E-03
+55.18500E-06 -4.19698494673E+00 -118.35175754E-03
+55.20000E-06 -3.14773871020E+00 -10E-12
+55.21500E-06 -116.58291551E-03 +118.35175751E-03
+55.23000E-06 +2.91457287951E+00 +147.93969691E-03
+55.24500E-06 +3.84723620133E+00 +81.36683332E-03
+55.26000E-06 +2.44824121908E+00 -29.58793937E-03
+55.27500E-06 -699.49749080E-03 -133.14572721E-03
+55.29000E-06 -3.38090454026E+00 -147.93969691E-03
+55.30500E-06 -3.96381911635E+00 -66.57286363E-03
+55.32000E-06 -1.86532664331E+00 +51.77889391E-03
+55.33500E-06 +1.28241206674E+00 +133.14572723E-03
+55.35000E-06 +3.61407037063E+00 +133.14572722E-03
+55.36500E-06 +3.49748745561E+00 +29.58793940E-03
+55.38000E-06 +1.16582915203E+00 -81.36683328E-03
+55.39500E-06 -1.86532664283E+00 -147.93969690E-03
+55.41000E-06 -3.84723620101E+00 -125.74874237E-03
+55.42500E-06 -3.14773871021E+00 -22.19095454E-03
+55.44000E-06 -582.91457610E-03 +96.16080298E-03
+55.45500E-06 +2.33165830358E+00 +140.54271206E-03
+55.47000E-06 +3.73065328598E+00 +96.16080299E-03
+55.48500E-06 +2.56482413427E+00 -14.79396967E-03
+55.50000E-06 -233.16583005E-03 -110.95477267E-03
+55.51500E-06 -2.91457287935E+00 -147.93969691E-03
+55.53000E-06 -3.73065328598E+00 -81.36683330E-03
+55.54500E-06 -2.21507538855E+00 +29.58793937E-03
+55.56000E-06 +699.49749080E-03 +118.35175752E-03
+55.57500E-06 +3.14773870972E+00 +125.74874238E-03
+55.59000E-06 +3.38090454042E+00 +59.17587876E-03
+55.60500E-06 +1.39899498273E+00 -66.57286359E-03
+55.62000E-06 -1.39899498208E+00 -133.14572722E-03
+55.63500E-06 -3.38090454042E+00 -125.74874238E-03
+55.65000E-06 -3.14773871037E+00 -36.98492424E-03
+55.66500E-06 -1.04924623684E+00 +73.96984844E-03
+55.68000E-06 +1.74874372764E+00 +133.14572721E-03
+55.69500E-06 +3.26432162540E+00 +103.55778784E-03
+55.71000E-06 +2.68140704946E+00 +7.39698485E-03
+55.72500E-06 +116.58291551E-03 -96.16080298E-03
+55.74000E-06 -2.44824121860E+00 -133.14572722E-03
+55.75500E-06 -3.38090454042E+00 -88.76381816E-03
+55.77000E-06 -2.33165830407E+00 +14.79396968E-03
+55.78500E-06 +233.16583005E-03 +96.16080299E-03
+55.80000E-06 +2.56482413395E+00 +125.74874238E-03
+55.81500E-06 +3.14773871005E+00 +66.57286362E-03
+55.83000E-06 +1.74874372797E+00 -36.98492423E-03
+55.84500E-06 -932.66332117E-03 -118.35175752E-03
+55.86000E-06 -3.03115579469E+00 -118.35175754E-03
+55.87500E-06 -3.03115579486E+00 -44.38190908E-03
+55.89000E-06 -1.16582915236E+00 +51.77889392E-03
+55.90500E-06 +1.28241206689E+00 +118.35175753E-03
+55.92000E-06 +3.03115579486E+00 +96.16080301E-03
+55.93500E-06 +2.56482413444E+00 +22.19095455E-03
+55.95000E-06 +582.91457610E-03 -73.96984845E-03
+55.96500E-06 -1.86532664283E+00 -125.74874236E-03
+55.98000E-06 -3.14773871005E+00 -88.76381816E-03
+55.99500E-06 -2.33165830390E+00 -7.39698485E-03
+56.01000E-06 -116.58291552E-03 +81.36683330E-03
+56.02500E-06 +2.09849247320E+00 +118.35175753E-03
+56.04000E-06 +3.03115579486E+00 +73.96984846E-03
+56.05500E-06 +1.86532664316E+00 -14.79396969E-03
+56.07000E-06 -466.33166058E-03 -103.55778784E-03
+56.08500E-06 -2.44824121892E+00 -125.74874236E-03
+56.10000E-06 -2.91457287967E+00 -59.17587876E-03
+56.11500E-06 -1.51557789760E+00 +36.98492421E-03
+56.13000E-06 +816.08040614E-03 +96.16080299E-03
+56.14500E-06 +2.56482413411E+00 +103.55778784E-03
+56.16000E-06 +2.68140704913E+00 +29.58793940E-03
+56.17500E-06 +932.66332166E-03 -59.17587875E-03
+56.19000E-06 -1.51557789710E+00 -110.95477269E-03
+56.20500E-06 -2.79798996465E+00 -103.55778784E-03
+56.22000E-06 -2.44824121892E+00 -14.79396970E-03
+56.23500E-06 -466.33166108E-03 +66.57286360E-03
+56.25000E-06 +1.74874372747E+00 +96.16080300E-03
+56.26500E-06 +2.79798996432E+00 +81.36683330E-03
+56.28000E-06 +1.98190955818E+00 +10E-12
+56.29500E-06 -116.58291502E-03 -81.36683330E-03
+56.31000E-06 -2.09849247320E+00 -103.55778785E-03
+56.32500E-06 -2.79798996449E+00 -66.57286361E-03
+56.34000E-06 -1.63216081278E+00 +22.19095451E-03
+56.35500E-06 +466.33166058E-03 +88.76381813E-03
+56.37000E-06 +2.21507538855E+00 +96.16080301E-03
+56.38500E-06 +2.44824121892E+00 +44.38190908E-03
+56.40000E-06 +1.16582915187E+00 -36.98492422E-03
+56.41500E-06 -1.04924623651E+00 -96.16080299E-03
+56.43000E-06 -2.44824121892E+00 -96.16080300E-03
+56.44500E-06 -2.33165830391E+00 -29.58793939E-03
+56.46000E-06 -816.08040631E-03 +44.38190908E-03
+56.47500E-06 +1.28241206689E+00 +96.16080299E-03
+56.49000E-06 +2.56482413394E+00 +81.36683330E-03
+56.50500E-06 +1.98190955818E+00 +14.79396969E-03
+56.52000E-06 +233.16583054E-03 -66.57286360E-03
+56.53500E-06 -1.74874372763E+00 -96.16080299E-03
+56.55000E-06 -2.56482413411E+00 -66.57286362E-03
+56.56500E-06 -1.63216081296E+00 +0.0E+00
+56.58000E-06 +116.58291502E-03 +66.57286362E-03
+56.59500E-06 +1.86532664299E+00 +96.16080299E-03
+56.61000E-06 +2.44824121875E+00 +51.77889392E-03
+56.62500E-06 +1.28241206706E+00 -22.19095453E-03
+56.64000E-06 -699.49749095E-03 -81.36683330E-03
+56.65500E-06 -2.21507538821E+00 -88.76381814E-03
+56.67000E-06 -2.33165830374E+00 -36.98492425E-03
+56.68500E-06 -932.66332184E-03 +29.58793938E-03
+56.70000E-06 +932.66332132E-03 +88.76381813E-03
+56.71500E-06 +2.09849247336E+00 +81.36683330E-03
+56.73000E-06 +1.86532664316E+00 +22.19095455E-03
+56.74500E-06 +349.74874590E-03 -44.38190907E-03
+56.76000E-06 -1.39899498190E+00 -88.76381814E-03
+56.77500E-06 -2.33165830357E+00 -66.57286363E-03
+56.79000E-06 -1.74874372797E+00 -7.39698486E-03
+56.80500E-06 -233.16583055E-03 +51.77889393E-03
+56.82000E-06 +1.51557789726E+00 +88.76381814E-03
+56.83500E-06 +2.21507538838E+00 +59.17587876E-03
+56.85000E-06 +1.39899498224E+00 -14.79396968E-03
+56.86500E-06 -349.74874522E-03 -73.96984844E-03
+56.88000E-06 -1.86532664282E+00 -88.76381814E-03
+56.89500E-06 -2.09849247354E+00 -44.38190908E-03
+56.91000E-06 -1.16582915187E+00 +22.19095451E-03
+56.92500E-06 +582.91457576E-03 +66.57286361E-03
+56.94000E-06 +1.74874372780E+00 +73.96984845E-03
+56.95500E-06 +1.86532664316E+00 +29.58793939E-03
+56.97000E-06 +699.49749112E-03 -44.38190906E-03
+56.98500E-06 -1.04924623651E+00 -81.36683330E-03
+57.00000E-06 -2.09849247319E+00 -66.57286363E-03
+57.01500E-06 -1.86532664299E+00 -14.79396970E-03
+57.03000E-06 -466.33166075E-03 +44.38190905E-03
+57.04500E-06 +1.28241206671E+00 +73.96984845E-03
+57.06000E-06 +1.86532664316E+00 +59.17587876E-03
+57.07500E-06 +1.39899498224E+00 +10E-12
+57.09000E-06 +0.0E+00 -59.17587875E-03
+57.10500E-06 -1.51557789726E+00 -81.36683329E-03
+57.12000E-06 -1.98190955818E+00 -44.38190908E-03
+57.13500E-06 -1.16582915204E+00 +7.39698485E-03
+57.15000E-06 +233.16583020E-03 +66.57286360E-03
+57.16500E-06 +1.63216081227E+00 +66.57286362E-03
+57.18000E-06 +1.63216081296E+00 +29.58793939E-03
+57.19500E-06 +816.08040648E-03 -29.58793937E-03
+57.21000E-06 -699.49749112E-03 -73.96984845E-03
+57.22500E-06 -1.74874372780E+00 -66.57286362E-03
+57.24000E-06 -1.74874372798E+00 -29.58793939E-03
+57.25500E-06 -582.91457611E-03 +36.98492422E-03
+57.27000E-06 +932.66332132E-03 +73.96984843E-03
+57.28500E-06 +1.63216081279E+00 +51.77889393E-03
+57.30000E-06 +1.39899498242E+00 +7.39698486E-03
+57.31500E-06 +233.16583037E-03 -51.77889391E-03
+57.33000E-06 -1.16582915187E+00 -66.57286361E-03
+57.34500E-06 -1.86532664299E+00 -51.77889393E-03
+57.36000E-06 -1.28241206723E+00 -10E-12
+57.37500E-06 +0.0E+00 +44.38190908E-03
+57.39000E-06 +1.39899498189E+00 +73.96984843E-03
+57.40500E-06 +1.63216081279E+00 +29.58793940E-03
+57.42000E-06 +816.08040666E-03 -14.79396968E-03
+57.43500E-06 -349.74874556E-03 -59.17587876E-03
+57.45000E-06 -1.39899498242E+00 -73.96984844E-03
+57.46500E-06 -1.63216081262E+00 -29.58793939E-03
+57.48000E-06 -816.08040631E-03 +22.19095453E-03
+57.49500E-06 +582.91457576E-03 +59.17587876E-03
+57.51000E-06 +1.63216081244E+00 +59.17587876E-03
+57.52500E-06 +1.39899498242E+00 +14.79396970E-03
+57.54000E-06 +349.74874574E-03 -36.98492422E-03
+57.55500E-06 -932.66332132E-03 -59.17587876E-03
+57.57000E-06 -1.63216081262E+00 -51.77889392E-03
+57.58500E-06 -1.28241206723E+00 -7.39698486E-03
+57.60000E-06 -233.16583037E-03 +36.98492422E-03
+57.61500E-06 +1.04924623668E+00 +59.17587877E-03
+57.63000E-06 +1.51557789761E+00 +44.38190907E-03
+57.64500E-06 +932.66332167E-03 -7.39698483E-03
+57.66000E-06 -233.16583020E-03 -44.38190907E-03
+57.67500E-06 -1.28241206688E+00 -66.57286361E-03
+57.69000E-06 -1.39899498242E+00 -36.98492423E-03
+57.70500E-06 -932.66332150E-03 +14.79396968E-03
+57.72000E-06 +466.33166057E-03 +51.77889391E-03
+57.73500E-06 +1.28241206688E+00 +59.17587876E-03
+57.75000E-06 +1.28241206723E+00 +22.19095452E-03
+57.76500E-06 +466.33166075E-03 -22.19095454E-03
+57.78000E-06 -699.49749094E-03 -59.17587875E-03
+57.79500E-06 -1.51557789707E+00 -51.77889393E-03
+57.81000E-06 -1.16582915223E+00 -22.19095454E-03
+57.82500E-06 -349.74874556E-03 +36.98492422E-03
+57.84000E-06 +699.49749112E-03 +59.17587875E-03
+57.85500E-06 +1.28241206706E+00 +36.98492424E-03
+57.87000E-06 +932.66332167E-03 +0.0E+00
+57.88500E-06 +0.0E+00 -44.38190907E-03
+57.90000E-06 -1.04924623668E+00 -59.17587876E-03
+57.91500E-06 -1.39899498224E+00 -29.58793939E-03
+57.93000E-06 -816.08040649E-03 +0.0E+00
+57.94500E-06 +116.58291501E-03 +36.98492424E-03
+57.96000E-06 +1.04924623650E+00 +51.77889392E-03
+57.97500E-06 +1.16582915205E+00 +22.19095455E-03
+57.99000E-06 +582.91457593E-03 -14.79396969E-03
+58.00500E-06 -466.33166057E-03 -51.77889391E-03
+58.02000E-06 -1.16582915205E+00 -51.77889392E-03
+58.03500E-06 -1.28241206688E+00 -22.19095455E-03
+58.05000E-06 -466.33166093E-03 +14.79396969E-03
+58.06500E-06 +582.91457575E-03 +44.38190907E-03
+58.08000E-06 +1.16582915187E+00 +44.38190906E-03
+58.09500E-06 +932.66332168E-03 +7.39698486E-03
+58.11000E-06 +116.58291519E-03 -29.58793938E-03
+58.12500E-06 -816.08040649E-03 -59.17587875E-03
+58.14000E-06 -1.28241206706E+00 -36.98492424E-03
+58.15500E-06 -932.66332150E-03 -10E-12
+58.17000E-06 -360E-12 +29.58793939E-03
+58.18500E-06 +816.08040631E-03 +44.38190908E-03
+58.20000E-06 +1.04924623668E+00 +22.19095455E-03
+58.21500E-06 +699.49749112E-03 -10E-12
+58.23000E-06 -233.16583037E-03 -44.38190907E-03
+58.24500E-06 -932.66332168E-03 -51.77889391E-03
+58.26000E-06 -1.04924623705E+00 -29.58793938E-03
+58.27500E-06 -582.91457593E-03 +14.79396968E-03
+58.29000E-06 +349.74874538E-03 +29.58793939E-03
+58.30500E-06 +1.04924623650E+00 +44.38190906E-03
+58.32000E-06 +932.66332150E-03 +14.79396969E-03
+58.33500E-06 +233.16583037E-03 -22.19095452E-03
+58.35000E-06 -582.91457593E-03 -44.38190908E-03
+58.36500E-06 -1.04924623668E+00 -44.38190906E-03
+58.38000E-06 -816.08040649E-03 -7.39698485E-03
+58.39500E-06 -116.58291519E-03 +29.58793936E-03
+58.41000E-06 +582.91457575E-03 +36.98492424E-03
+58.42500E-06 +1.04924623650E+00 +36.98492422E-03
+58.44000E-06 +582.91457612E-03 +10E-12
+58.45500E-06 -233.16583001E-03 -36.98492423E-03
+58.47000E-06 -816.08040631E-03 -44.38190908E-03
+58.48500E-06 -1.04924623668E+00 -36.98492422E-03
+58.50000E-06 -582.91457612E-03 +7.39698485E-03
+58.51500E-06 +116.58291519E-03 +29.58793938E-03
+58.53000E-06 +816.08040612E-03 +29.58793939E-03
+58.54500E-06 +816.08040649E-03 +22.19095454E-03
+58.56000E-06 +233.16583056E-03 -14.79396969E-03
+58.57500E-06 -466.33166075E-03 -36.98492423E-03
+58.59000E-06 -1.04924623650E+00 -36.98492423E-03
+58.60500E-06 -932.66332150E-03 -14.79396969E-03
+58.62000E-06 -233.16583037E-03 +14.79396969E-03
+58.63500E-06 +466.33166075E-03 +36.98492422E-03
+58.65000E-06 +816.08040649E-03 +29.58793938E-03
+58.66500E-06 +699.49749112E-03 +7.39698485E-03
+58.68000E-06 +190E-12 -22.19095454E-03
+58.69500E-06 -699.49749094E-03 -36.98492423E-03
+58.71000E-06 -932.66332150E-03 -29.58793938E-03
+58.72500E-06 -582.91457593E-03 -7.39698483E-03
+58.74000E-06 +0.0E+00 +29.58793938E-03
+58.75500E-06 +699.49749093E-03 +36.98492423E-03
+58.77000E-06 +932.66332112E-03 +14.79396969E-03
+58.78500E-06 +349.74874556E-03 -7.39698485E-03
+58.80000E-06 -233.16583037E-03 -29.58793938E-03
+58.81500E-06 -699.49749131E-03 -29.58793938E-03
+58.83000E-06 -932.66332131E-03 -14.79396970E-03
+58.84500E-06 -349.74874556E-03 +7.39698485E-03
+58.86000E-06 +233.16583056E-03 +29.58793938E-03
+58.87500E-06 +699.49749112E-03 +22.19095454E-03
+58.89000E-06 +582.91457593E-03 +7.39698486E-03
+58.90500E-06 +190E-12 -22.19095452E-03
+58.92000E-06 -466.33166075E-03 -29.58793939E-03
+58.93500E-06 -699.49749150E-03 -29.58793937E-03
+58.95000E-06 -699.49749112E-03 -20E-12
+58.96500E-06 -190E-12 +7.39698487E-03
+58.98000E-06 +466.33166075E-03 +29.58793938E-03
+58.99500E-06 +816.08040612E-03 +22.19095454E-03
+59.01000E-06 +349.74874575E-03 +0.0E+00
+59.02500E-06 -233.16583019E-03 -22.19095454E-03
+59.04000E-06 -582.91457612E-03 -29.58793939E-03
+59.05500E-06 -699.49749131E-03 -14.79396970E-03
+59.07000E-06 -466.33166075E-03 +7.39698483E-03
+59.08500E-06 +233.16583037E-03 +22.19095454E-03
+59.10000E-06 +699.49749093E-03 +29.58793938E-03
+59.11500E-06 +582.91457593E-03 +7.39698485E-03
+59.13000E-06 +233.16583037E-03 -14.79396969E-03
+59.14500E-06 -466.33166056E-03 -22.19095455E-03
+59.16000E-06 -699.49749112E-03 -22.19095454E-03
+59.17500E-06 -699.49749112E-03 -7.39698483E-03
+59.19000E-06 -116.58291519E-03 +14.79396968E-03
+59.20500E-06 +349.74874556E-03 +29.58793938E-03
+59.22000E-06 +582.91457593E-03 +22.19095454E-03
+59.23500E-06 +349.74874575E-03 -10E-12
+59.25000E-06 -116.58291500E-03 -22.19095452E-03
+59.26500E-06 -582.91457593E-03 -29.58793938E-03
+59.28000E-06 -699.49749112E-03 -22.19095454E-03
+59.29500E-06 -233.16583076E-03 +0.0E+00
+59.31000E-06 +116.58291500E-03 +22.19095451E-03
+59.32500E-06 +466.33166094E-03 +14.79396970E-03
+59.34000E-06 +466.33166094E-03 +7.39698485E-03
+59.35500E-06 +116.58291519E-03 -7.39698486E-03
+59.37000E-06 -116.58291557E-03 -29.58793937E-03
+59.38500E-06 -699.49749093E-03 -22.19095454E-03
+59.40000E-06 -582.91457593E-03 -7.39698486E-03
+59.41500E-06 -233.16583057E-03 +14.79396968E-03
+59.43000E-06 +233.16583037E-03 +14.79396969E-03
+59.44500E-06 +582.91457574E-03 +7.39698487E-03
+59.46000E-06 +349.74874575E-03 +7.39698485E-03
+59.47500E-06 +0.0E+00 -14.79396969E-03
+59.49000E-06 -466.33166075E-03 -29.58793937E-03
+59.50500E-06 -699.49749093E-03 -22.19095452E-03
+59.52000E-06 -349.74874575E-03 -10E-12
+59.53500E-06 -116.58291499E-03 +7.39698485E-03
+59.55000E-06 +349.74874556E-03 +22.19095452E-03
+59.56500E-06 +466.33166075E-03 +7.39698486E-03
+59.58000E-06 +233.16583057E-03 -7.39698485E-03
+59.59500E-06 -116.58291519E-03 -14.79396970E-03
+59.61000E-06 -466.33166094E-03 -22.19095454E-03
+59.62500E-06 -582.91457593E-03 -7.39698485E-03
+59.64000E-06 -233.16583037E-03 +7.39698485E-03
+59.65500E-06 +116.58291538E-03 +22.19095454E-03
+59.67000E-06 +466.33166075E-03 +14.79396968E-03
+59.68500E-06 +349.74874575E-03 +10E-12
+59.70000E-06 +190E-12 -14.79396969E-03
+59.71500E-06 -349.74874556E-03 -22.19095454E-03
+59.73000E-06 -466.33166114E-03 -14.79396970E-03
+59.74500E-06 -349.74874575E-03 -10E-12
+59.76000E-06 -190E-12 +7.39698485E-03
+59.77500E-06 +349.74874537E-03 +14.79396970E-03
+59.79000E-06 +466.33166055E-03 +7.39698485E-03
+59.80500E-06 +349.74874537E-03 +0.0E+00
+59.82000E-06 -233.16582998E-03 -14.79396969E-03
+59.83500E-06 -466.33166075E-03 -22.19095454E-03
+59.85000E-06 -466.33166094E-03 -14.79396968E-03
+59.86500E-06 -233.16583037E-03 +0.0E+00
+59.88000E-06 +0.0E+00 +14.79396969E-03
+59.89500E-06 +466.33166055E-03 +14.79396970E-03
+59.91000E-06 +466.33166075E-03 +7.39698483E-03
+59.92500E-06 +116.58291519E-03 -7.39698485E-03
+59.94000E-06 -349.74874556E-03 -22.19095452E-03
+59.95500E-06 -466.33166075E-03 -14.79396970E-03
+59.97000E-06 -466.33166075E-03 -10E-12
+59.98500E-06 -233.16583018E-03 +7.39698485E-03
+60.00000E-06 +233.16583037E-03 +14.79396969E-03
+60.01500E-06 +349.74874556E-03 +14.79396969E-03
+60.03000E-06 +233.16583037E-03 -10E-12
+60.04500E-06 -116.58291499E-03 -14.79396969E-03
+60.06000E-06 -349.74874536E-03 -22.19095452E-03
+60.07500E-06 -466.33166075E-03 -14.79396970E-03
+60.09000E-06 -233.16583077E-03 -7.39698483E-03
+60.10500E-06 +116.58291499E-03 +14.79396968E-03
+60.12000E-06 +349.74874536E-03 +14.79396969E-03
+60.13500E-06 +349.74874556E-03 +7.39698485E-03
+60.15000E-06 +116.58291519E-03 -10E-12
+60.16500E-06 -233.16583037E-03 -14.79396968E-03
+60.18000E-06 -466.33166055E-03 -14.79396969E-03
+60.19500E-06 -466.33166055E-03 -7.39698486E-03
+60.21000E-06 -116.58291538E-03 +7.39698485E-03
+60.22500E-06 +116.58291499E-03 +14.79396969E-03
+60.24000E-06 +233.16583057E-03 +14.79396969E-03
+60.25500E-06 +233.16583057E-03 +7.39698483E-03
+60.27000E-06 +0.0E+00 -7.39698486E-03
+60.28500E-06 -233.16583057E-03 -22.19095452E-03
+60.30000E-06 -466.33166075E-03 -7.39698486E-03
+60.31500E-06 -349.74874556E-03 -10E-12
+60.33000E-06 -200E-12 +7.39698485E-03
+60.34500E-06 +233.16583037E-03 +14.79396969E-03
+60.36000E-06 +233.16583037E-03 +7.39698485E-03
+60.37500E-06 +116.58291539E-03 +0.0E+00
+60.39000E-06 -116.58291519E-03 -14.79396969E-03
+60.40500E-06 -349.74874536E-03 -14.79396969E-03
+60.42000E-06 -349.74874576E-03 -7.39698485E-03
+60.43500E-06 -233.16583017E-03 -10E-12
+60.45000E-06 +116.58291499E-03 +7.39698485E-03
+60.46500E-06 +349.74874536E-03 +14.79396968E-03
+60.48000E-06 +116.58291539E-03 +7.39698483E-03
+60.49500E-06 +200E-12 -10E-12
+60.51000E-06 -233.16583037E-03 -14.79396970E-03
+60.52500E-06 -349.74874556E-03 -14.79396969E-03
+60.54000E-06 -233.16583037E-03 -7.39698485E-03
+60.55500E-06 -200E-12 +10E-12
+60.57000E-06 +233.16583017E-03 +7.39698485E-03
+60.58500E-06 +233.16583037E-03 +10E-12
+60.60000E-06 +400E-12 +0.0E+00
+60.61500E-06 -200E-12 -14.79396968E-03
+60.63000E-06 -233.16583057E-03 -14.79396969E-03
+60.64500E-06 -349.74874536E-03 -14.79396968E-03
+60.66000E-06 -233.16583037E-03 +0.0E+00
+60.67500E-06 +0.0E+00 +7.39698483E-03
+60.69000E-06 +233.16583017E-03 +7.39698486E-03
+60.70500E-06 +233.16583017E-03 +10E-12
+60.72000E-06 +200E-12 -10E-12
+60.73500E-06 -116.58291519E-03 -14.79396969E-03
+60.75000E-06 -349.74874556E-03 -14.79396969E-03
+60.76500E-06 -233.16583037E-03 -14.79396967E-03
+60.78000E-06 -116.58291519E-03 +0.0E+00
+60.79500E-06 +200E-12 +7.39698485E-03
+60.81000E-06 +116.58291519E-03 +7.39698485E-03
+60.82500E-06 +116.58291519E-03 +0.0E+00
+60.84000E-06 -116.58291498E-03 -7.39698485E-03
+60.85500E-06 -233.16583037E-03 -14.79396969E-03
+60.87000E-06 -349.74874536E-03 -7.39698486E-03
+60.88500E-06 -116.58291539E-03 -7.39698483E-03
+60.90000E-06 -116.58291519E-03 +7.39698485E-03
+60.91500E-06 +116.58291519E-03 +7.39698485E-03
+60.93000E-06 +233.16583017E-03 +10E-12
+60.94500E-06 +0.0E+00 +0.0E+00
+60.96000E-06 -116.58291519E-03 -7.39698486E-03
+60.97500E-06 -233.16583037E-03 -14.79396969E-03
+60.99000E-06 -349.74874515E-03 -7.39698486E-03
+61.00500E-06 -116.58291539E-03 -7.39698482E-03
+61.02000E-06 +0.0E+00 +7.39698485E-03
+61.03500E-06 +410E-12 +7.39698485E-03
+61.05000E-06 +116.58291519E-03 +0.0E+00
+61.06500E-06 -200E-12 +0.0E+00
+61.08000E-06 -233.16583017E-03 -7.39698485E-03
+61.09500E-06 -233.16583037E-03 -14.79396968E-03
+61.11000E-06 -233.16583037E-03 +7.39698482E-03
+61.12500E-06 -200E-12 -7.39698483E-03
+61.14000E-06 +0.0E+00 +7.39698485E-03
+61.15500E-06 +116.58291519E-03 +7.39698483E-03
+61.17000E-06 +116.58291499E-03 -14.79396967E-03
+61.18500E-06 -116.58291519E-03 -7.39698485E-03
+61.20000E-06 -233.16583037E-03 -7.39698485E-03
+61.21500E-06 -349.74874536E-03 -10E-12
+61.23000E-06 -116.58291519E-03 +0.0E+00
+61.24500E-06 +0.0E+00 +0.0E+00
+61.26000E-06 +190E-12 +7.39698485E-03
+61.27500E-06 +116.58291519E-03 +0.0E+00
+61.29000E-06 -190E-12 -7.39698485E-03
+61.30500E-06 -233.16583037E-03 -7.39698485E-03
+61.32000E-06 -233.16583037E-03 -10E-12
+61.33500E-06 -190E-12 -7.39698485E-03
+61.35000E-06 -190E-12 -10E-12
+61.36500E-06 +116.58291500E-03 +10E-12
+61.38000E-06 +116.58291519E-03 +7.39698485E-03
+61.39500E-06 +190E-12 +0.0E+00
+61.41000E-06 -190E-12 -7.39698483E-03
+61.42500E-06 -233.16583037E-03 -7.39698485E-03
+61.44000E-06 -233.16583037E-03 -7.39698485E-03
+61.45500E-06 -116.58291537E-03 -10E-12
+61.47000E-06 +180E-12 +7.39698483E-03
+61.48500E-06 +116.58291500E-03 +10E-12
+61.50000E-06 +116.58291519E-03 +10E-12
+61.51500E-06 +0.0E+00 +0.0E+00
+61.53000E-06 +0.0E+00 -7.39698485E-03
+61.54500E-06 -233.16583037E-03 -10E-12
+61.56000E-06 -116.58291555E-03 -7.39698483E-03
+61.57500E-06 -116.58291519E-03 +0.0E+00
+61.59000E-06 +116.58291501E-03 +7.39698482E-03
+61.60500E-06 +180E-12 +0.0E+00
+61.62000E-06 +0.0E+00 +7.39698483E-03
+61.63500E-06 +0.0E+00 -10E-12
+61.65000E-06 -116.58291519E-03 -7.39698485E-03
+61.66500E-06 -233.16583020E-03 -7.39698485E-03
+61.68000E-06 -116.58291519E-03 +0.0E+00
+61.69500E-06 -116.58291501E-03 +0.0E+00
+61.71000E-06 +116.58291501E-03 +0.0E+00
+61.72500E-06 +116.58291501E-03 +0.0E+00
+61.74000E-06 +0.0E+00 -7.39698483E-03
+61.75500E-06 -116.58291484E-03 -7.39698485E-03
+61.77000E-06 -116.58291536E-03 -7.39698485E-03
+61.78500E-06 -233.16583020E-03 +0.0E+00
+61.80000E-06 -116.58291502E-03 +0.0E+00
+61.81500E-06 +0.0E+00 +0.0E+00
+61.83000E-06 +0.0E+00 +7.39698483E-03
+61.84500E-06 +116.58291502E-03 -7.39698483E-03
+61.86000E-06 +0.0E+00 +0.0E+00
+61.87500E-06 -233.16583021E-03 -7.39698485E-03
+61.89000E-06 -233.16583037E-03 -14.79396968E-03
+61.90500E-06 -116.58291519E-03 +0.0E+00
+61.92000E-06 +0.0E+00 +0.0E+00
+61.93500E-06 +0.0E+00 +7.39698485E-03
+61.95000E-06 +0.0E+00 +7.39698484E-03
+61.96500E-06 +0.0E+00 -7.39698485E-03
+61.98000E-06 -116.58291502E-03 -7.39698484E-03
+61.99500E-06 -233.16583021E-03 -10E-12
+62.01000E-06 -116.58291535E-03 -7.39698484E-03
+62.02500E-06 -116.58291519E-03 +0.0E+00
+62.04000E-06 -160E-12 +0.0E+00
+62.05500E-06 +160E-12 +0.0E+00
+62.07000E-06 +160E-12 -10E-12
+62.08500E-06 -160E-12 -7.39698484E-03
+62.10000E-06 -116.58291519E-03 -7.39698485E-03
+62.11500E-06 -233.16583022E-03 -7.39698485E-03
+62.13000E-06 -116.58291519E-03 -7.39698485E-03
+62.14500E-06 -116.58291519E-03 +0.0E+00
+62.16000E-06 +0.0E+00 +7.39698484E-03
+62.17500E-06 +116.58291519E-03 +10E-12
+62.19000E-06 +0.0E+00 -10E-12
+62.20500E-06 -150E-12 -7.39698484E-03
+62.22000E-06 -116.58291519E-03 -7.39698484E-03
+62.23500E-06 -116.58291519E-03 -20E-12
+62.25000E-06 -116.58291534E-03 -7.39698483E-03
+62.26500E-06 +0.0E+00 +10E-12
+62.28000E-06 +0.0E+00 +7.39698484E-03
+62.29500E-06 +116.58291519E-03 +0.0E+00
+62.31000E-06 +0.0E+00 -10E-12
+62.32500E-06 +0.0E+00 -7.39698485E-03
+62.34000E-06 -116.58291519E-03 -7.39698484E-03
+62.35500E-06 -116.58291504E-03 +0.0E+00
+62.37000E-06 -140E-12 +0.0E+00
+62.38500E-06 +0.0E+00 +10E-12
+62.40000E-06 +116.58291504E-03 +7.39698484E-03
+62.41500E-06 +116.58291504E-03 +7.39698485E-03
+62.43000E-06 +0.0E+00 -7.39698485E-03
+62.44500E-06 -116.58291505E-03 -7.39698485E-03
+62.46000E-06 -116.58291519E-03 -7.39698484E-03
+62.47500E-06 +0.0E+00 -10E-12
+62.49000E-06 +116.58291505E-03 -7.39698485E-03
+62.50500E-06 +0.0E+00 +10E-12
+62.52000E-06 +0.0E+00 +0.0E+00
+62.53500E-06 +0.0E+00 +0.0E+00
+62.55000E-06 -116.58291519E-03 -7.39698485E-03
+62.56500E-06 -116.58291532E-03 -7.39698485E-03
+62.58000E-06 -116.58291519E-03 -7.39698485E-03
+62.59500E-06 -116.58291519E-03 -10E-12
+62.61000E-06 -130E-12 +0.0E+00
+62.62500E-06 -130E-12 +10E-12
+62.64000E-06 +0.0E+00 +0.0E+00
+62.65500E-06 +0.0E+00 +0.0E+00
+62.67000E-06 +0.0E+00 -7.39698485E-03
+62.68500E-06 -116.58291532E-03 -7.39698485E-03
+62.70000E-06 -116.58291519E-03 +0.0E+00
+62.71500E-06 -116.58291506E-03 -10E-12
+62.73000E-06 -130E-12 +0.0E+00
+62.74500E-06 +0.0E+00 +0.0E+00
+62.76000E-06 -116.58291506E-03 +0.0E+00
+62.77500E-06 -116.58291506E-03 +0.0E+00
+62.79000E-06 -116.58291519E-03 -10E-12
+62.80500E-06 -116.58291519E-03 -7.39698485E-03
+62.82000E-06 -116.58291531E-03 -10E-12
+62.83500E-06 +0.0E+00 +0.0E+00
+62.85000E-06 -120E-12 +0.0E+00
+62.86500E-06 -116.58291519E-03 +0.0E+00
+62.88000E-06 +0.0E+00 -10E-12
+62.89500E-06 +0.0E+00 +0.0E+00
+62.91000E-06 -116.58291519E-03 -7.39698485E-03
+62.92500E-06 -116.58291519E-03 -7.39698485E-03
+62.94000E-06 -116.58291519E-03 +0.0E+00
+62.95500E-06 +0.0E+00 +0.0E+00
+62.97000E-06 +0.0E+00 +10E-12
+62.98500E-06 -116.58291507E-03 +0.0E+00
+63.00000E-06 -120E-12 +0.0E+00
+63.01500E-06 -116.58291519E-03 -10E-12
+63.03000E-06 -116.58291507E-03 -7.39698485E-03
+63.04500E-06 -116.58291519E-03 -7.39698485E-03
+63.06000E-06 -110E-12 +0.0E+00
+63.07500E-06 +0.0E+00 +0.0E+00
+63.09000E-06 -110E-12 +0.0E+00
+63.10500E-06 -116.58291519E-03 -7.39698484E-03
+63.12000E-06 -116.58291519E-03 -10E-12
+63.13500E-06 -116.58291519E-03 +0.0E+00
+63.15000E-06 -116.58291519E-03 -10E-12
+63.16500E-06 +0.0E+00 -7.39698484E-03
+63.18000E-06 +0.0E+00 +10E-12
+63.19500E-06 +0.0E+00 +0.0E+00
+63.21000E-06 -110E-12 +0.0E+00
+63.22500E-06 -110E-12 +0.0E+00
+63.24000E-06 -110E-12 -10E-12
+63.25500E-06 -116.58291508E-03 +0.0E+00
+63.27000E-06 -116.58291519E-03 -7.39698485E-03
+63.28500E-06 -100E-12 -7.39698484E-03
+63.30000E-06 +0.0E+00 +0.0E+00
+63.31500E-06 +0.0E+00 +0.0E+00
+63.33000E-06 +0.0E+00 -10E-12
+63.34500E-06 -100E-12 +0.0E+00
+63.36000E-06 -100E-12 -7.39698485E-03
+63.37500E-06 -116.58291519E-03 +0.0E+00
+63.39000E-06 +0.0E+00 -10E-12
+63.40500E-06 +0.0E+00 -7.39698484E-03
+63.42000E-06 +0.0E+00 -7.39698484E-03
+63.43500E-06 +0.0E+00 +0.0E+00
+63.45000E-06 +0.0E+00 -7.39698484E-03
+63.46500E-06 -100E-12 +0.0E+00
+63.48000E-06 -116.58291519E-03 -7.39698484E-03
+63.49500E-06 -116.58291509E-03 +0.0E+00
+63.51000E-06 +90E-12 +0.0E+00
+63.52500E-06 -116.58291509E-03 +0.0E+00
+63.54000E-06 -90E-12 +0.0E+00
+63.55500E-06 -116.58291510E-03 +0.0E+00
+63.57000E-06 -116.58291510E-03 -7.39698484E-03
+63.58500E-06 -116.58291519E-03 -7.39698485E-03
+63.60000E-06 -116.58291519E-03 +0.0E+00
+63.61500E-06 -116.58291519E-03 +0.0E+00
+63.63000E-06 +0.0E+00 -10E-12
+63.64500E-06 +0.0E+00 -7.39698484E-03
+63.66000E-06 -116.58291510E-03 -10E-12
+63.67500E-06 -116.58291510E-03 -10E-12
+63.69000E-06 -116.58291519E-03 +0.0E+00
+63.70500E-06 -116.58291519E-03 +0.0E+00
+63.72000E-06 -116.58291519E-03 +0.0E+00
+63.73500E-06 -116.58291510E-03 +0.0E+00
+63.75000E-06 +0.0E+00 -10E-12
+63.76500E-06 +0.0E+00 +0.0E+00
+63.78000E-06 +0.0E+00 +0.0E+00
+63.79500E-06 -116.58291519E-03 -10E-12
+63.81000E-06 -80E-12 -7.39698484E-03
+63.82500E-06 -116.58291511E-03 +0.0E+00
+63.84000E-06 -116.58291519E-03 -10E-12
+63.85500E-06 -80E-12 +0.0E+00
+63.87000E-06 -116.58291511E-03 -0.0E+00
+63.88500E-06 -80E-12 -7.39698484E-03
+63.90000E-06 -116.58291511E-03 +0.0E+00
+63.91500E-06 -116.58291511E-03 -0.0E+00
+63.93000E-06 -116.58291511E-03 -14.79396969E-03
+63.94500E-06 -116.58291511E-03 +0.0E+00
+63.96000E-06 -116.58291519E-03 +0.0E+00
+63.97500E-06 -116.58291511E-03 +0.0E+00
+63.99000E-06 +0.0E+00 -7.39698485E-03
+64.00500E-06 +116.58291512E-03 -7.39698484E-03
+64.02000E-06 -70E-12 +0.0E+00
+64.03500E-06 +0.0E+00 +0.0E+00
+64.05000E-06 +0.0E+00 -0.0E+00
+64.06500E-06 -116.58291519E-03 -7.39698484E-03
+64.08000E-06 -116.58291512E-03 +0.0E+00
+64.09500E-06 -116.58291512E-03 +0.0E+00
+64.11000E-06 +0.0E+00 -0.0E+00
+64.12500E-06 +0.0E+00 -7.39698485E-03
+64.14000E-06 -116.58291519E-03 -7.39698484E-03
+64.15500E-06 +0.0E+00 -0.0E+00
+64.17000E-06 -60E-12 -7.39698484E-03
+64.18500E-06 -116.58291519E-03 +0.0E+00
+64.20000E-06 +0.0E+00 -7.39698485E-03
+64.21500E-06 -116.58291519E-03 -0.0E+00
+64.23000E-06 +0.0E+00 -7.39698485E-03
+64.24500E-06 -60E-12 -7.39698484E-03
+64.26000E-06 -116.58291519E-03 +0.0E+00
+64.27500E-06 -116.58291519E-03 -0.0E+00
+64.29000E-06 -116.58291519E-03 -7.39698484E-03
+64.30500E-06 -116.58291519E-03 +0.0E+00
+64.32000E-06 -60E-12 -0.0E+00
+64.33500E-06 +0.0E+00 +0.0E+00
+64.35000E-06 +0.0E+00 -0.0E+00
+64.36500E-06 -116.58291513E-03 -7.39698485E-03
+64.38000E-06 -116.58291513E-03 +0.0E+00
+64.39500E-06 +0.0E+00 -0.0E+00
+64.41000E-06 -50E-12 +0.0E+00
+64.42500E-06 +0.0E+00 +0.0E+00
+64.44000E-06 +0.0E+00 +0.0E+00
+64.45500E-06 -116.58291519E-03 +0.0E+00
+64.47000E-06 -116.58291514E-03 -0.0E+00
+64.48500E-06 -50E-12 -7.39698484E-03
