x-axis SCL1 SDA1
second Volt Volt
+34.50000E-06 -141.48366451E-03 -1.13517581E-03
+34.51500E-06 -57.06155300E-03 -170.35170E-06
+34.53000E-06 -141.48366451E-03 -2.09999993E-03
+34.54500E-06 -57.06155300E-03 -170.35170E-06
+34.56000E-06 -141.48366451E-03 -1.13517581E-03
+34.57500E-06 -141.48366451E-03 -170.35170E-06
+34.59000E-06 -141.48366451E-03 -1.13517581E-03
+34.60500E-06 -141.48366451E-03 -1.13517581E-03
+34.62000E-06 -57.06155300E-03 -1.13517581E-03
+34.63500E-06 -57.06155300E-03 -1.13517581E-03
+34.65000E-06 -141.48366451E-03 -1.13517581E-03
+34.66500E-06 -141.48366451E-03 -170.35170E-06
+34.68000E-06 -141.48366451E-03 -170.35170E-06
+34.69500E-06 -141.48366451E-03 -1.13517581E-03
+34.71000E-06 -141.48366451E-03 -170.35170E-06
+34.72500E-06 -141.48366451E-03 -1.13517581E-03
+34.74000E-06 -57.06155300E-03 -170.35170E-06
+34.75500E-06 -141.48366451E-03 -1.13517581E-03
+34.77000E-06 -141.48366451E-03 -1.13517581E-03
+34.78500E-06 -141.48366451E-03 -1.13517581E-03
+34.80000E-06 -225.90577602E-03 -1.13517581E-03
+34.81500E-06 -141.48366451E-03 -170.35170E-06
+34.83000E-06 -57.06155300E-03 -170.35170E-06
+34.84500E-06 -141.48366451E-03 -1.13517581E-03
+34.86000E-06 -141.48366451E-03 -170.35170E-06
+34.87500E-06 -57.06155300E-03 -170.35170E-06
+34.89000E-06 -141.48366451E-03 -170.35170E-06
+34.90500E-06 -141.48366451E-03 -170.35170E-06
+34.92000E-06 -141.48366451E-03 -1.13517581E-03
+34.93500E-06 -141.48366451E-03 -170.35170E-06
+34.95000E-06 -57.06155300E-03 -170.35170E-06
+34.96500E-06 -141.48366451E-03 -2.09999993E-03
+34.98000E-06 -141.48366452E-03 -1.13517581E-03
+34.99500E-06 -141.48366451E-03 -170.35170E-06
+35.01000E-06 -141.48366451E-03 -170.35170E-06
+35.02500E-06 -57.06155300E-03 -170.35170E-06
+35.04000E-06 -141.48366451E-03 -170.35170E-06
+35.05500E-06 -141.48366451E-03 -170.35170E-06
+35.07000E-06 -57.06155300E-03 -1.13517581E-03
+35.08500E-06 -141.48366451E-03 -1.13517581E-03
+35.10000E-06 -141.48366451E-03 -1.13517581E-03
+35.11500E-06 -57.06155300E-03 -1.13517581E-03
+35.13000E-06 -225.90577602E-03 -1.13517581E-03
+35.14500E-06 -57.06155301E-03 -1.13517581E-03
+35.16000E-06 -141.48366451E-03 -1.13517581E-03
+35.17500E-06 -141.48366451E-03 -1.13517581E-03
+35.19000E-06 -141.48366451E-03 -1.13517581E-03
+35.20500E-06 -141.48366451E-03 -1.13517581E-03
+35.22000E-06 -57.06155301E-03 -170.35170E-06
+35.23500E-06 -141.48366451E-03 -170.35170E-06
+35.25000E-06 -57.06155300E-03 -1.13517581E-03
+35.26500E-06 -141.48366451E-03 -170.35170E-06
+35.28000E-06 -141.48366451E-03 -170.35170E-06
+35.29500E-06 -225.90577602E-03 -170.35170E-06
+35.31000E-06 -141.48366451E-03 -1.13517581E-03
+35.32500E-06 -141.48366451E-03 -1.13517581E-03
+35.34000E-06 -141.48366451E-03 -170.35170E-06
+35.35500E-06 -141.48366451E-03 -1.13517581E-03
+35.37000E-06 -225.90577602E-03 -170.35170E-06
+35.38500E-06 -57.06155301E-03 -170.35170E-06
+35.40000E-06 -141.48366451E-03 -170.35170E-06
+35.41500E-06 -141.48366451E-03 -1.13517581E-03
+35.43000E-06 -141.48366451E-03 -170.35170E-06
+35.44500E-06 -141.48366451E-03 -1.13517581E-03
+35.46000E-06 -141.48366451E-03 -1.13517581E-03
+35.47500E-06 -141.48366451E-03 -170.35170E-06
+35.49000E-06 -141.48366451E-03 -170.35170E-06
+35.50500E-06 -141.48366451E-03 -170.35170E-06
+35.52000E-06 -141.48366451E-03 -170.35170E-06
+35.53500E-06 -225.90577602E-03 +794.47241E-06
+35.55000E-06 -141.48366451E-03 -1.13517581E-03
+35.56500E-06 -141.48366452E-03 -1.13517581E-03
+35.58000E-06 -141.48366452E-03 -1.13517581E-03
+35.59500E-06 -141.48366451E-03 -170.35170E-06
+35.61000E-06 -141.48366451E-03 -1.13517581E-03
+35.62500E-06 -57.06155301E-03 -170.35170E-06
+35.64000E-06 -141.48366451E-03 -170.35170E-06
+35.65500E-06 -141.48366451E-03 -170.35170E-06
+35.67000E-06 -141.48366451E-03 -170.35170E-06
+35.68500E-06 -141.48366451E-03 -1.13517581E-03
+35.70000E-06 -57.06155301E-03 -1.13517581E-03
+35.71500E-06 -141.48366451E-03 -1.13517581E-03
+35.73000E-06 -141.48366451E-03 -1.13517581E-03
+35.74500E-06 -141.48366451E-03 -170.35170E-06
+35.76000E-06 -141.48366451E-03 -170.35170E-06
+35.77500E-06 -141.48366451E-03 -170.35170E-06
+35.79000E-06 -141.48366452E-03 -1.13517581E-03
+35.80500E-06 -141.48366451E-03 -2.09999993E-03
+35.82000E-06 -141.48366451E-03 -170.35170E-06
+35.83500E-06 -57.06155301E-03 +794.47241E-06
+35.85000E-06 -141.48366451E-03 -1.13517581E-03
+35.86500E-06 -57.06155301E-03 -170.35170E-06
+35.88000E-06 -141.48366451E-03 -1.13517581E-03
+35.89500E-06 -225.90577602E-03 -170.35170E-06
+35.91000E-06 -141.48366451E-03 -170.35170E-06
+35.92500E-06 -141.48366451E-03 -1.13517581E-03
+35.94000E-06 -141.48366451E-03 -1.13517581E-03
+35.95500E-06 -225.90577602E-03 -1.13517581E-03
+35.97000E-06 -141.48366450E-03 -170.35170E-06
+35.98500E-06 -141.48366451E-03 +794.47241E-06
+36.00000E-06 -141.48366452E-03 +794.47241E-06
+36.01500E-06 -57.06155302E-03 +794.47241E-06
+36.03000E-06 -141.48366452E-03 -170.35170E-06
+36.04500E-06 -141.48366451E-03 -170.35170E-06
+36.06000E-06 -141.48366451E-03 -170.35170E-06
+36.07500E-06 -141.48366451E-03 -1.13517581E-03
+36.09000E-06 -141.48366451E-03 -170.35170E-06
+36.10500E-06 -225.90577602E-03 -170.35170E-06
+36.12000E-06 -141.48366451E-03 -2.09999993E-03
+36.13500E-06 -57.06155301E-03 -170.35170E-06
+36.15000E-06 -57.06155300E-03 -1.13517581E-03
+36.16500E-06 -141.48366451E-03 -1.13517581E-03
+36.18000E-06 -141.48366451E-03 -170.35170E-06
+36.19500E-06 -141.48366451E-03 -1.13517581E-03
+36.21000E-06 -141.48366451E-03 -170.35170E-06
+36.22500E-06 -57.06155301E-03 -170.35170E-06
+36.24000E-06 -141.48366450E-03 -1.13517581E-03
+36.25500E-06 -57.06155301E-03 -170.35170E-06
+36.27000E-06 -141.48366451E-03 -170.35170E-06
+36.28500E-06 -141.48366451E-03 -170.35170E-06
+36.30000E-06 -57.06155302E-03 -170.35170E-06
+36.31500E-06 -141.48366450E-03 -170.35170E-06
+36.33000E-06 -141.48366451E-03 -1.13517581E-03
+36.34500E-06 -225.90577601E-03 -170.35170E-06
+36.36000E-06 -141.48366451E-03 -170.35170E-06
+36.37500E-06 -225.90577601E-03 -170.35170E-06
+36.39000E-06 -141.48366450E-03 -170.35170E-06
+36.40500E-06 -141.48366451E-03 -1.13517581E-03
+36.42000E-06 -141.48366451E-03 +794.47241E-06
+36.43500E-06 -141.48366450E-03 -170.35170E-06
+36.45000E-06 -141.48366451E-03 -1.13517581E-03
+36.46500E-06 -57.06155301E-03 -170.35170E-06
+36.48000E-06 -225.90577601E-03 -170.35170E-06
+36.49500E-06 -141.48366451E-03 -170.35170E-06
+36.51000E-06 -141.48366451E-03 -170.35170E-06
+36.52500E-06 -57.06155301E-03 -1.13517581E-03
+36.54000E-06 -57.06155301E-03 -170.35170E-06
+36.55500E-06 -225.90577601E-03 -170.35170E-06
+36.57000E-06 -141.48366450E-03 -170.35170E-06
+36.58500E-06 -141.48366452E-03 +794.47241E-06
+36.60000E-06 -141.48366451E-03 -170.35170E-06
+36.61500E-06 -141.48366451E-03 -170.35170E-06
+36.63000E-06 -141.48366451E-03 -1.13517581E-03
+36.64500E-06 -57.06155300E-03 -2.09999992E-03
+36.66000E-06 -141.48366451E-03 -170.35170E-06
+36.67500E-06 -141.48366451E-03 -1.13517581E-03
+36.69000E-06 -141.48366452E-03 -1.13517581E-03
+36.70500E-06 -141.48366451E-03 -170.35170E-06
+36.72000E-06 -141.48366451E-03 -170.35170E-06
+36.73500E-06 -141.48366451E-03 -170.35170E-06
+36.75000E-06 -141.48366450E-03 -1.13517581E-03
+36.76500E-06 -141.48366450E-03 -1.13517581E-03
+36.78000E-06 -141.48366451E-03 -170.35170E-06
+36.79500E-06 -141.48366451E-03 -1.13517581E-03
+36.81000E-06 -141.48366450E-03 -170.35170E-06
+36.82500E-06 -141.48366453E-03 -170.35170E-06
+36.84000E-06 -141.48366451E-03 -170.35170E-06
+36.85500E-06 -57.06155301E-03 -170.35170E-06
+36.87000E-06 -141.48366451E-03 -170.35170E-06
+36.88500E-06 -141.48366450E-03 -1.13517581E-03
+36.90000E-06 -141.48366451E-03 -1.13517581E-03
+36.91500E-06 -141.48366450E-03 -170.35170E-06
+36.93000E-06 -141.48366453E-03 -170.35170E-06
+36.94500E-06 -141.48366451E-03 -170.35170E-06
+36.96000E-06 -141.48366451E-03 -170.35170E-06
+36.97500E-06 -141.48366450E-03 -170.35170E-06
+36.99000E-06 -57.06155302E-03 -170.35170E-06
+37.00500E-06 -141.48366450E-03 -1.13517581E-03
+37.02000E-06 -141.48366451E-03 -170.35170E-06
+37.03500E-06 -141.48366451E-03 -170.35170E-06
+37.05000E-06 -57.06155300E-03 -170.35170E-06
+37.06500E-06 -225.90577602E-03 +794.47241E-06
+37.08000E-06 -141.48366450E-03 -170.35170E-06
+37.09500E-06 -141.48366450E-03 -1.13517581E-03
+37.11000E-06 -141.48366451E-03 -170.35170E-06
+37.12500E-06 -57.06155300E-03 -1.13517581E-03
+37.14000E-06 -141.48366453E-03 -170.35170E-06
+37.15500E-06 -57.06155302E-03 -170.35170E-06
+37.17000E-06 -141.48366453E-03 -1.13517581E-03
+37.18500E-06 -141.48366451E-03 +794.47241E-06
+37.20000E-06 -141.48366450E-03 -170.35170E-06
+37.21500E-06 -141.48366451E-03 -170.35170E-06
+37.23000E-06 -57.06155300E-03 -170.35170E-06
+37.24500E-06 -57.06155302E-03 -1.13517581E-03
+37.26000E-06 -57.06155302E-03 -170.35170E-06
+37.27500E-06 -225.90577602E-03 -1.13517581E-03
+37.29000E-06 -141.48366451E-03 -170.35170E-06
+37.30500E-06 -141.48366451E-03 -170.35170E-06
+37.32000E-06 -141.48366451E-03 -1.13517581E-03
+37.33500E-06 -57.06155300E-03 -170.35170E-06
+37.35000E-06 -225.90577601E-03 -170.35170E-06
+37.36500E-06 -57.06155302E-03 -1.13517581E-03
+37.38000E-06 -141.48366453E-03 -1.13517581E-03
+37.39500E-06 -141.48366450E-03 -170.35170E-06
+37.41000E-06 -141.48366451E-03 -1.13517581E-03
+37.42500E-06 -141.48366451E-03 -170.35170E-06
+37.44000E-06 -141.48366451E-03 -1.13517581E-03
+37.45500E-06 -141.48366451E-03 -170.35170E-06
+37.47000E-06 -141.48366450E-03 -170.35170E-06
+37.48500E-06 -141.48366451E-03 -1.13517581E-03
+37.50000E-06 -141.48366451E-03 -170.35170E-06
+37.51500E-06 -57.06155300E-03 -1.13517581E-03
+37.53000E-06 -141.48366453E-03 -170.35170E-06
+37.54500E-06 -141.48366450E-03 -1.13517581E-03
+37.56000E-06 -225.90577599E-03 -1.13517581E-03
+37.57500E-06 -141.48366450E-03 -170.35170E-06
+37.59000E-06 -141.48366453E-03 -170.35170E-06
+37.60500E-06 -57.06155300E-03 -1.13517581E-03
+37.62000E-06 -141.48366451E-03 -1.13517581E-03
+37.63500E-06 -141.48366451E-03 -170.35170E-06
+37.65000E-06 -141.48366449E-03 -170.35170E-06
+37.66500E-06 -141.48366451E-03 -170.35170E-06
+37.68000E-06 -141.48366449E-03 -170.35170E-06
+37.69500E-06 -141.48366451E-03 -1.13517582E-03
+37.71000E-06 -141.48366449E-03 -170.35170E-06
+37.72500E-06 -141.48366451E-03 -1.13517581E-03
+37.74000E-06 -57.06155302E-03 +794.47241E-06
+37.75500E-06 -225.90577601E-03 -170.35170E-06
+37.77000E-06 -141.48366451E-03 -1.13517581E-03
+37.78500E-06 -57.06155300E-03 -1.13517581E-03
+37.80000E-06 -141.48366451E-03 -1.13517581E-03
+37.81500E-06 -57.06155300E-03 +794.47241E-06
+37.83000E-06 -225.90577601E-03 -1.13517581E-03
+37.84500E-06 -57.06155302E-03 -1.13517581E-03
+37.86000E-06 -141.48366451E-03 -1.13517581E-03
+37.87500E-06 -141.48366451E-03 -170.35170E-06
+37.89000E-06 -57.06155302E-03 -1.13517581E-03
+37.90500E-06 -225.90577602E-03 -170.35170E-06
+37.92000E-06 -141.48366449E-03 -170.35170E-06
+37.93500E-06 -225.90577600E-03 -1.13517581E-03
+37.95000E-06 -57.06155300E-03 -170.35170E-06
+37.96500E-06 -141.48366451E-03 -1.13517581E-03
+37.98000E-06 -141.48366451E-03 -170.35170E-06
+37.99500E-06 -141.48366449E-03 -170.35170E-06
+38.01000E-06 -225.90577602E-03 -1.13517581E-03
+38.02500E-06 -57.06155302E-03 -170.35170E-06
+38.04000E-06 -141.48366451E-03 -1.13517581E-03
+38.05500E-06 -57.06155300E-03 +794.47241E-06
+38.07000E-06 -225.90577598E-03 -1.13517581E-03
+38.08500E-06 -141.48366451E-03 -1.13517581E-03
+38.10000E-06 -57.06155300E-03 -1.13517581E-03
+38.11500E-06 -225.90577602E-03 -1.13517581E-03
+38.13000E-06 -141.48366449E-03 -170.35170E-06
+38.14500E-06 -141.48366453E-03 -170.35170E-06
+38.16000E-06 -57.06155300E-03 -170.35170E-06
+38.17500E-06 -141.48366451E-03 -1.13517581E-03
+38.19000E-06 -57.06155302E-03 +794.47241E-06
+38.20500E-06 -141.48366449E-03 -170.35170E-06
+38.22000E-06 -225.90577602E-03 -1.13517581E-03
+38.23500E-06 -57.06155300E-03 -170.35170E-06
+38.25000E-06 -141.48366453E-03 -170.35170E-06
+38.26500E-06 +27.36055849E-03 -170.35170E-06
+38.28000E-06 -141.48366449E-03 -2.09999992E-03
+38.29500E-06 -141.48366449E-03 +794.47241E-06
+38.31000E-06 -141.48366449E-03 -1.13517581E-03
+38.32500E-06 -225.90577600E-03 -1.13517581E-03
+38.34000E-06 +27.36055849E-03 -1.13517581E-03
+38.35500E-06 -141.48366453E-03 -1.13517581E-03
+38.37000E-06 +27.36055849E-03 -170.35170E-06
+38.38500E-06 -141.48366453E-03 -1.13517581E-03
+38.40000E-06 -141.48366451E-03 -170.35170E-06
+38.41500E-06 -57.06155300E-03 -1.13517581E-03
+38.43000E-06 -141.48366453E-03 -1.13517581E-03
+38.44500E-06 -57.06155300E-03 -170.35170E-06
+38.46000E-06 -225.90577605E-03 -1.13517581E-03
+38.47500E-06 -57.06155296E-03 +794.47241E-06
+38.49000E-06 -225.90577600E-03 -1.13517581E-03
+38.50500E-06 -57.06155300E-03 -170.35170E-06
+38.52000E-06 -141.48366449E-03 -170.35170E-06
+38.53500E-06 -141.48366454E-03 -170.35170E-06
+38.55000E-06 -57.06155300E-03 -1.13517581E-03
+38.56500E-06 -225.90577605E-03 -2.09999992E-03
+38.58000E-06 -57.06155300E-03 -170.35170E-06
+38.59500E-06 -310.32788751E-03 -170.35170E-06
+38.61000E-06 -57.06155302E-03 -170.35170E-06
+38.62500E-06 -141.48366451E-03 -1.13517581E-03
+38.64000E-06 -141.48366454E-03 -170.35170E-06
+38.65500E-06 -57.06155300E-03 -170.35170E-06
+38.67000E-06 -225.90577602E-03 -1.13517582E-03
+38.68500E-06 +27.36055851E-03 -170.35170E-06
+38.70000E-06 -225.90577605E-03 -2.09999992E-03
+38.71500E-06 -57.06155300E-03 +794.47241E-06
+38.73000E-06 -141.48366454E-03 -3.06482403E-03
+38.74500E-06 -141.48366451E-03 -170.35170E-06
+38.76000E-06 -57.06155300E-03 -170.35170E-06
+38.77500E-06 -225.90577602E-03 -170.35170E-06
+38.79000E-06 -57.06155298E-03 -170.35170E-06
+38.80500E-06 -225.90577602E-03 -2.09999992E-03
+38.82000E-06 -57.06155300E-03 -170.35170E-06
+38.83500E-06 -225.90577602E-03 -1.13517582E-03
+38.85000E-06 -141.48366451E-03 -170.35170E-06
+38.86500E-06 -57.06155300E-03 -1.13517581E-03
+38.88000E-06 -141.48366454E-03 -170.35170E-06
+38.89500E-06 +27.36055849E-03 -170.35170E-06
+38.91000E-06 -225.90577602E-03 -1.13517581E-03
+38.92500E-06 +27.36055849E-03 -170.35170E-06
+38.94000E-06 -310.32788751E-03 -1.13517581E-03
+38.95500E-06 -141.48366451E-03 +794.47241E-06
+38.97000E-06 -141.48366451E-03 -1.13517581E-03
+38.98500E-06 -225.90577605E-03 -170.35170E-06
+39.00000E-06 -57.06155298E-03 -1.13517581E-03
+39.01500E-06 -225.90577602E-03 -170.35170E-06
+39.03000E-06 +27.36055851E-03 +794.47241E-06
+39.04500E-06 -225.90577600E-03 -2.09999993E-03
+39.06000E-06 -57.06155303E-03 +794.47241E-06
+39.07500E-06 -141.48366449E-03 -1.13517581E-03
+39.09000E-06 -141.48366454E-03 -170.35170E-06
+39.10500E-06 +27.36055851E-03 -170.35170E-06
+39.12000E-06 -310.32788751E-03 -1.13517581E-03
+39.13500E-06 +27.36055854E-03 +794.47241E-06
+39.15000E-06 -225.90577602E-03 -1.13517582E-03
+39.16500E-06 +27.36055848E-03 +794.47241E-06
+39.18000E-06 -141.48366449E-03 -1.13517581E-03
+39.19500E-06 -141.48366454E-03 -170.35170E-06
+39.21000E-06 -57.06155300E-03 -1.13517581E-03
+39.22500E-06 -310.32788754E-03 -170.35170E-06
+39.24000E-06 +27.36055848E-03 -170.35170E-06
+39.25500E-06 -310.32788751E-03 -2.09999993E-03
+39.27000E-06 +27.36055848E-03 +794.47241E-06
+39.28500E-06 -225.90577600E-03 -3.06482403E-03
+39.30000E-06 -141.48366451E-03 +794.47241E-06
+39.31500E-06 +27.36055851E-03 -170.35170E-06
+39.33000E-06 -225.90577608E-03 -170.35170E-06
+39.34500E-06 +27.36055854E-03 +794.47241E-06
+39.36000E-06 -394.74999905E-03 -2.09999993E-03
+39.37500E-06 +111.78267002E-03 +794.47241E-06
+39.39000E-06 -225.90577602E-03 -2.09999992E-03
+39.40500E-06 -57.06155303E-03 -170.35170E-06
+39.42000E-06 -57.06155300E-03 -1.13517581E-03
+39.43500E-06 -310.32788754E-03 +794.47241E-06
+39.45000E-06 +27.36055854E-03 -170.35170E-06
+39.46500E-06 -394.74999907E-03 -1.13517582E-03
+39.48000E-06 +111.78267002E-03 +794.47241E-06
+39.49500E-06 -225.90577600E-03 -170.35170E-06
+39.51000E-06 -57.06155300E-03 -170.35170E-06
+39.52500E-06 -141.48366448E-03 -1.13517581E-03
+39.54000E-06 -310.32788756E-03 -170.35170E-06
+39.55500E-06 +27.36055854E-03 -170.35170E-06
+39.57000E-06 -394.74999902E-03 -2.09999993E-03
+39.58500E-06 +196.20478150E-03 +794.47241E-06
+39.60000E-06 -225.90577602E-03 -2.09999993E-03
+39.61500E-06 -57.06155303E-03 +794.47241E-06
+39.63000E-06 -141.48366448E-03 -1.13517581E-03
+39.64500E-06 -225.90577605E-03 -1.13517581E-03
+39.66000E-06 +111.78267002E-03 +794.47241E-06
+39.67500E-06 -394.74999905E-03 -1.13517581E-03
+39.69000E-06 +196.20478150E-03 +794.47241E-06
+39.70500E-06 -394.74999902E-03 -2.09999993E-03
+39.72000E-06 +27.36055848E-03 +794.47241E-06
+39.73500E-06 -225.90577599E-03 -1.13517581E-03
+39.75000E-06 -141.48366454E-03 -170.35170E-06
+39.76500E-06 +27.36055854E-03 -1.13517581E-03
+39.78000E-06 -394.74999905E-03 -1.13517581E-03
+39.79500E-06 +196.20478153E-03 +794.47241E-06
+39.81000E-06 -394.74999905E-03 -2.09999992E-03
+39.82500E-06 +27.36055848E-03 +1.75929652E-03
+39.84000E-06 -141.48366454E-03 -1.13517581E-03
+39.85500E-06 -141.48366454E-03 -170.35170E-06
+39.87000E-06 -57.06155297E-03 -1.13517581E-03
+39.88500E-06 -394.74999908E-03 -2.09999992E-03
+39.90000E-06 +111.78267005E-03 +794.47241E-06
+39.91500E-06 -394.74999902E-03 -1.13517582E-03
+39.93000E-06 +111.78266999E-03 +1.75929652E-03
+39.94500E-06 -225.90577599E-03 -1.13517582E-03
+39.96000E-06 -141.48366451E-03 -170.35170E-06
+39.97500E-06 +27.36055854E-03 -2.09999992E-03
+39.99000E-06 -394.74999905E-03 -1.13517581E-03
+40.00500E-06 +196.20478153E-03 -1.13517581E-03
+40.02000E-06 -394.74999908E-03 -2.09999993E-03
+40.03500E-06 +111.78267002E-03 +794.47241E-06
+40.05000E-06 -225.90577605E-03 -2.09999993E-03
+40.06500E-06 -57.06155306E-03 +794.47241E-06
+40.08000E-06 +27.36055854E-03 -1.13517581E-03
+40.09500E-06 -394.74999902E-03 -170.35170E-06
+40.11000E-06 +196.20478153E-03 -170.35170E-06
+40.12500E-06 -479.17211053E-03 -3.06482404E-03
+40.14000E-06 +196.20478150E-03 +794.47241E-06
+40.15500E-06 -310.32788750E-03 -2.09999993E-03
+40.17000E-06 -57.06155306E-03 +1.75929652E-03
+40.18500E-06 -57.06155300E-03 -1.13517581E-03
+40.20000E-06 -394.74999905E-03 -170.35170E-06
+40.21500E-06 +196.20478153E-03 +794.47241E-06
+40.23000E-06 -479.17211056E-03 -2.09999993E-03
+40.24500E-06 +280.62689301E-03 -170.35170E-06
+40.26000E-06 -310.32788757E-03 -3.06482404E-03
+40.27500E-06 +27.36055848E-03 +1.75929652E-03
+40.29000E-06 -141.48366448E-03 -1.13517581E-03
+40.30500E-06 -310.32788757E-03 -170.35170E-06
+40.32000E-06 +111.78267005E-03 -170.35170E-06
+40.33500E-06 -479.17211056E-03 -1.13517582E-03
+40.35000E-06 +280.62689301E-03 +1.75929652E-03
+40.36500E-06 -479.17211056E-03 -3.06482404E-03
+40.38000E-06 +111.78266996E-03 +1.75929652E-03
+40.39500E-06 -141.48366448E-03 -2.09999993E-03
+40.41000E-06 -225.90577606E-03 +794.47241E-06
+40.42500E-06 +111.78267005E-03 -1.13517581E-03
+40.44000E-06 -563.59422207E-03 -1.13517581E-03
+40.45500E-06 +280.62689304E-03 +1.75929652E-03
+40.47000E-06 -479.17211052E-03 -3.06482404E-03
+40.48500E-06 +196.20478147E-03 +794.47241E-06
+40.50000E-06 -310.32788747E-03 -3.06482404E-03
+40.51500E-06 -225.90577602E-03 +794.47241E-06
+40.53000E-06 +111.78267005E-03 -1.13517581E-03
+40.54500E-06 -479.17211062E-03 -170.35170E-06
+40.56000E-06 +196.20478157E-03 +794.47241E-06
+40.57500E-06 -563.59422207E-03 -2.09999993E-03
+40.59000E-06 +196.20478150E-03 +2.72412063E-03
+40.60500E-06 -310.32788750E-03 -3.06482404E-03
+40.62000E-06 -57.06155307E-03 +794.47241E-06
+40.63500E-06 +111.78267002E-03 -1.13517581E-03
+40.65000E-06 -479.17211056E-03 -1.13517581E-03
+40.66500E-06 +365.04900452E-03 +1.75929652E-03
+40.68000E-06 -648.01633355E-03 -3.06482404E-03
+40.69500E-06 +365.04900452E-03 +1.75929652E-03
+40.71000E-06 -310.32788754E-03 -3.06482404E-03
+40.72500E-06 -57.06155304E-03 +794.47241E-06
+40.74000E-06 +27.36055851E-03 -2.09999992E-03
+40.75500E-06 -479.17211056E-03 -170.35170E-06
+40.77000E-06 +365.04900452E-03 -170.35170E-06
+40.78500E-06 -563.59422214E-03 -2.09999993E-03
+40.80000E-06 +365.04900455E-03 +3.68894474E-03
+40.81500E-06 -479.17211052E-03 -2.09999993E-03
+40.83000E-06 +27.36055847E-03 +1.75929652E-03
+40.84500E-06 -57.06155297E-03 -3.06482403E-03
+40.86000E-06 -394.74999905E-03 -170.35170E-06
+40.87500E-06 +196.20478160E-03 +794.47241E-06
+40.89000E-06 -648.01633354E-03 -3.06482403E-03
+40.90500E-06 +365.04900452E-03 +2.72412063E-03
+40.92000E-06 -648.01633351E-03 -4.02964815E-03
+40.93500E-06 +111.78266999E-03 +2.72412063E-03
+40.95000E-06 -141.48366444E-03 -3.06482404E-03
+40.96500E-06 -310.32788757E-03 -1.13517581E-03
+40.98000E-06 +280.62689308E-03 -170.35170E-06
+40.99500E-06 -648.01633358E-03 -1.13517582E-03
+41.01000E-06 +449.47111603E-03 +1.75929652E-03
+41.02500E-06 -563.59422207E-03 -3.06482404E-03
+41.04000E-06 +280.62689297E-03 +3.68894474E-03
+41.05500E-06 -310.32788746E-03 -2.09999993E-03
+41.07000E-06 -225.90577610E-03 +1.75929652E-03
+41.08500E-06 +196.20478161E-03 -1.13517581E-03
+41.10000E-06 -648.01633362E-03 -1.13517582E-03
+41.11500E-06 +449.47111607E-03 +1.75929652E-03
+41.13000E-06 -732.43844505E-03 -4.02964815E-03
+41.14500E-06 +280.62689301E-03 +2.72412063E-03
+41.16000E-06 -394.74999897E-03 -3.06482404E-03
+41.17500E-06 -225.90577606E-03 +1.75929652E-03
+41.19000E-06 +111.78267006E-03 -1.13517581E-03
+41.20500E-06 -648.01633362E-03 -2.09999992E-03
+41.22000E-06 +449.47111607E-03 +1.75929652E-03
+41.23500E-06 -732.43844509E-03 -4.02964815E-03
+41.25000E-06 +365.04900452E-03 +2.72412063E-03
+41.26500E-06 -479.17211052E-03 -3.06482404E-03
+41.28000E-06 -141.48366455E-03 +2.72412063E-03
+41.29500E-06 +111.78267006E-03 -2.09999993E-03
+41.31000E-06 -648.01633358E-03 -1.13517582E-03
+41.32500E-06 +533.89322754E-03 +794.47241E-06
+41.34000E-06 -816.86055660E-03 -3.06482404E-03
+41.35500E-06 +533.89322754E-03 +3.68894474E-03
+41.37000E-06 -563.59422199E-03 -4.02964815E-03
+41.38500E-06 +27.36055843E-03 +2.72412063E-03
+41.40000E-06 -57.06155292E-03 -2.09999993E-03
+41.41500E-06 -563.59422211E-03 +794.47240E-06
+41.43000E-06 +449.47111614E-03 +794.47241E-06
+41.44500E-06 -816.86055660E-03 -4.02964815E-03
+41.46000E-06 +618.31533905E-03 +2.72412063E-03
+41.47500E-06 -732.43844501E-03 -4.02964815E-03
+41.49000E-06 +196.20478145E-03 +2.72412063E-03
+41.50500E-06 -141.48366447E-03 -3.06482403E-03
+41.52000E-06 -479.17211060E-03 -170.35170E-06
+41.53500E-06 +449.47111614E-03 +794.47241E-06
+41.55000E-06 -816.86055660E-03 -3.06482404E-03
+41.56500E-06 +618.31533909E-03 +2.72412063E-03
+41.58000E-06 -816.86055648E-03 -4.99447226E-03
+41.59500E-06 +196.20478149E-03 +4.65376885E-03
+41.61000E-06 -225.90577598E-03 -4.02964815E-03
+41.62500E-06 -310.32788765E-03 +1.75929652E-03
+41.64000E-06 +365.04900463E-03 -170.35170E-06
+41.65500E-06 -901.28266811E-03 -2.09999993E-03
+41.67000E-06 +618.31533909E-03 +2.72412063E-03
+41.68500E-06 -816.86055660E-03 -4.99447226E-03
+41.70000E-06 +365.04900451E-03 +3.68894474E-03
+41.71500E-06 -310.32788749E-03 -4.02964815E-03
+41.73000E-06 -310.32788762E-03 +794.47241E-06
+41.74500E-06 +280.62689312E-03 -170.35170E-06
+41.76000E-06 -985.70477962E-03 -2.09999993E-03
+41.77500E-06 +618.31533913E-03 +3.68894474E-03
+41.79000E-06 -901.28266811E-03 -4.99447226E-03
+41.80500E-06 +449.47111603E-03 +4.65376885E-03
+41.82000E-06 -479.17211052E-03 -4.99447226E-03
+41.83500E-06 -141.48366459E-03 +3.68894474E-03
+41.85000E-06 +196.20478161E-03 -2.09999992E-03
+41.86500E-06 -816.86055668E-03 -1.13517581E-03
+41.88000E-06 +702.73745060E-03 +1.75929652E-03
+41.89500E-06 -985.70477962E-03 -4.99447226E-03
+41.91000E-06 +618.31533905E-03 +4.65376885E-03
+41.92500E-06 -648.01633350E-03 -5.95929637E-03
+41.94000E-06 +27.36055843E-03 +4.65376885E-03
+41.95500E-06 +196.20478162E-03 -2.09999993E-03
+41.97000E-06 -732.43844513E-03 -1.13517581E-03
+41.98500E-06 +702.73745064E-03 +2.72412063E-03
+42.00000E-06 -1.15454900261E+00 -4.02964815E-03
+42.01500E-06 +702.73745056E-03 +3.68894474E-03
+42.03000E-06 -816.86055652E-03 -5.95929637E-03
+42.04500E-06 +111.78266994E-03 +3.68894474E-03
+42.06000E-06 +27.36055855E-03 -4.02964815E-03
+42.07500E-06 -732.43844513E-03 +794.47241E-06
+42.09000E-06 +787.15956211E-03 -170.35170E-06
+42.10500E-06 -1.15454900265E+00 -4.02964815E-03
+42.12000E-06 +871.58167354E-03 +4.65376885E-03
+42.13500E-06 -816.86055652E-03 -6.92412048E-03
+42.15000E-06 +280.62689296E-03 +4.65376885E-03
+42.16500E-06 -141.48366443E-03 -4.99447225E-03
+42.18000E-06 -479.17211069E-03 +1.75929652E-03
+42.19500E-06 +702.73745064E-03 +794.47241E-06
+42.21000E-06 -1.15454900265E+00 -4.99447226E-03
+42.22500E-06 +956.00378509E-03 +3.68894474E-03
+42.24000E-06 -1.07012689109E+00 -6.92412048E-03
+42.25500E-06 +449.47111598E-03 +5.61859296E-03
+42.27000E-06 -310.32788741E-03 -5.95929637E-03
+42.28500E-06 -394.74999913E-03 +1.75929652E-03
+42.30000E-06 +533.89322766E-03 -170.35170E-06
+42.31500E-06 -1.15454900269E+00 -2.09999993E-03
+42.33000E-06 +1.04042589660E+00 +4.65376885E-03
+42.34500E-06 -1.15454900260E+00 -6.92412048E-03
+42.36000E-06 +618.31533904E-03 +5.61859296E-03
+42.37500E-06 -563.59422194E-03 -5.95929637E-03
+42.39000E-06 -225.90577616E-03 +2.72412063E-03
+42.40500E-06 +533.89322762E-03 -2.09999992E-03
+42.42000E-06 -1.15454900269E+00 -3.06482404E-03
+42.43500E-06 +1.04042589664E+00 +3.68894474E-03
+42.45000E-06 -1.23897111411E+00 -5.95929637E-03
+42.46500E-06 +787.15956198E-03 +5.61859296E-03
+42.48000E-06 -732.43844496E-03 -6.92412048E-03
+42.49500E-06 -57.06155314E-03 +3.68894474E-03
+42.51000E-06 +280.62689313E-03 -2.09999993E-03
+42.52500E-06 -985.70477967E-03 -2.09999993E-03
+42.54000E-06 +1.04042589664E+00 +3.68894474E-03
+42.55500E-06 -1.40781533714E+00 -5.95929637E-03
+42.57000E-06 +956.00378504E-03 +6.58341707E-03
+42.58500E-06 -901.28266802E-03 -7.88894459E-03
+42.60000E-06 +111.78266989E-03 +4.65376885E-03
+42.61500E-06 +196.20478167E-03 -4.02964815E-03
+42.63000E-06 -901.28266820E-03 +794.47240E-06
+42.64500E-06 +956.00378522E-03 +1.75929652E-03
+42.66000E-06 -1.40781533718E+00 -5.95929637E-03
+42.67500E-06 +1.04042589660E+00 +7.54824118E-03
+42.69000E-06 -1.07012689104E+00 -9.81859281E-03
+42.70500E-06 +280.62689295E-03 +6.58341707E-03
+42.72000E-06 -57.06155286E-03 -4.99447226E-03
+42.73500E-06 -816.86055669E-03 +1.75929652E-03
+42.75000E-06 +1.04042589664E+00 +1.75929652E-03
+42.76500E-06 -1.57665956016E+00 -6.92412048E-03
+42.78000E-06 +1.29369223104E+00 +6.58341707E-03
+42.79500E-06 -1.32339322558E+00 -7.88894459E-03
+42.81000E-06 +449.47111597E-03 +6.58341707E-03
+42.82500E-06 -310.32788740E-03 -5.95929637E-03
+42.84000E-06 -732.43844514E-03 +2.72412063E-03
+42.85500E-06 +871.58167376E-03 +794.47241E-06
+42.87000E-06 -1.49223744874E+00 -4.99447226E-03
+42.88500E-06 +1.37811434264E+00 +4.65376885E-03
+42.90000E-06 -1.40781533709E+00 -8.85376870E-03
+42.91500E-06 +787.15956197E-03 +8.51306529E-03
+42.93000E-06 -479.17211037E-03 -7.88894459E-03
+42.94500E-06 -394.74999919E-03 +3.68894474E-03
+42.96000E-06 +787.15956221E-03 -1.13517581E-03
+42.97500E-06 -1.40781533728E+00 -3.06482404E-03
+42.99000E-06 +1.46253645415E+00 +5.61859296E-03
+43.00500E-06 -1.57665956011E+00 -8.85376870E-03
+43.02000E-06 +1.04042589650E+00 +7.54824118E-03
+43.03500E-06 -732.43844495E-03 -8.85376870E-03
+43.05000E-06 -225.90577617E-03 +5.61859296E-03
+43.06500E-06 +618.31533918E-03 -2.09999992E-03
+43.08000E-06 -1.40781533728E+00 -3.06482404E-03
+43.09500E-06 +1.37811434274E+00 +5.61859296E-03
+43.11000E-06 -1.66108167171E+00 -7.88894459E-03
+43.12500E-06 +1.12484800811E+00 +8.51306529E-03
+43.14000E-06 -985.70477943E-03 -8.85376870E-03
+43.15500E-06 -57.06155310E-03 +7.54824118E-03
+43.17000E-06 +365.04900470E-03 -4.02964814E-03
+43.18500E-06 -1.23897111430E+00 -170.35171E-06
+43.20000E-06 +1.37811434274E+00 +3.68894474E-03
+43.21500E-06 -1.82992589474E+00 -7.88894459E-03
+43.23000E-06 +1.37811434264E+00 +8.51306529E-03
+43.24500E-06 -1.23897111401E+00 -10.78341692E-03
+43.26000E-06 +280.62689290E-03 +7.54824118E-03
+43.27500E-06 +111.78267022E-03 -4.99447226E-03
+43.29000E-06 -1.07012689128E+00 +1.75929651E-03
+43.30500E-06 +1.37811434274E+00 +3.68894474E-03
+43.32000E-06 -1.99877011771E+00 -6.92412048E-03
+43.33500E-06 +1.63138067712E+00 +9.47788940E-03
+43.35000E-06 -1.40781533708E+00 -10.78341692E-03
+43.36500E-06 +618.31533889E-03 +8.51306529E-03
+43.38000E-06 -57.06155280E-03 -6.92412048E-03
+43.39500E-06 -901.28266826E-03 +1.75929652E-03
+43.41000E-06 +1.20927011982E+00 +1.75929652E-03
+43.42500E-06 -1.82992589484E+00 -5.95929637E-03
+43.44000E-06 +1.71580278868E+00 +8.51306529E-03
+43.45500E-06 -1.66108167157E+00 -10.78341692E-03
+43.47000E-06 +871.58167347E-03 +9.47788940E-03
+43.48500E-06 -310.32788733E-03 -9.81859281E-03
+43.50000E-06 -648.01633373E-03 +3.68894474E-03
+43.51500E-06 +1.12484800831E+00 -170.35170E-06
+43.53000E-06 -1.91434800630E+00 -5.95929637E-03
+43.54500E-06 +1.80022490020E+00 +8.51306529E-03
+43.56000E-06 -1.91434800615E+00 -10.78341692E-03
+43.57500E-06 +1.20927011946E+00 +10.44271351E-03
+43.59000E-06 -648.01633338E-03 -10.78341692E-03
+43.60500E-06 -394.74999920E-03 +4.65376885E-03
+43.62000E-06 +871.58167383E-03 -1.13517581E-03
+43.63500E-06 -1.82992589479E+00 -4.02964815E-03
+43.65000E-06 +1.80022490030E+00 +6.58341707E-03
+43.66500E-06 -1.99877011771E+00 -10.78341692E-03
+43.68000E-06 +1.46253645400E+00 +11.40753762E-03
+43.69500E-06 -901.28266791E-03 -10.78341692E-03
+43.71000E-06 -57.06155326E-03 +8.51306529E-03
+43.72500E-06 +787.15956232E-03 -4.02964814E-03
+43.74000E-06 -1.66108167187E+00 -2.09999993E-03
+43.75500E-06 +1.88464701176E+00 +5.61859296E-03
+43.77000E-06 -2.25203645224E+00 -11.74824103E-03
+43.78500E-06 +1.71580278858E+00 +11.40753762E-03
+43.80000E-06 -1.32339322546E+00 -12.71306514E-03
+43.81500E-06 +111.78266981E-03 +9.47788940E-03
+43.83000E-06 +449.47111633E-03 -5.95929637E-03
+43.84500E-06 -1.49223744885E+00 -1.13517582E-03
+43.86000E-06 +1.80022490035E+00 +4.65376885E-03
+43.87500E-06 -2.33645856375E+00 -10.78341692E-03
+43.89000E-06 +1.88464701165E+00 +11.40753762E-03
+43.90500E-06 -1.66108167151E+00 -13.67788925E-03
+43.92000E-06 +618.31533883E-03 +10.44271351E-03
+43.93500E-06 +196.20478179E-03 -6.92412048E-03
+43.95000E-06 -1.32339322588E+00 +1.75929651E-03
+43.96500E-06 +1.80022490035E+00 +2.72412063E-03
+43.98000E-06 -2.42088067532E+00 -8.85376870E-03
+43.99500E-06 +2.05349123473E+00 +11.40753762E-03
+44.01000E-06 -1.82992589463E+00 -13.67788925E-03
+44.02500E-06 +871.58167336E-03 +13.33718584E-03
+44.04000E-06 -225.90577581E-03 -8.85376870E-03
+44.05500E-06 -985.70477989E-03 +3.68894474E-03
+44.07000E-06 +1.63138067738E+00 +794.47241E-06
+44.08500E-06 -2.42088067537E+00 -8.85376870E-03
+44.10000E-06 +2.30675756921E+00 +10.44271351E-03
+44.11500E-06 -2.16761434062E+00 -13.67788925E-03
+44.13000E-06 +1.20927011945E+00 +12.37236173E-03
+44.14500E-06 -479.17211034E-03 -10.78341692E-03
+44.16000E-06 -648.01633385E-03 +5.61859296E-03
+44.17500E-06 +1.46253645436E+00 -1.13517581E-03
+44.19000E-06 -2.25203645240E+00 -5.95929637E-03
+44.20500E-06 +2.47560179228E+00 +10.44271351E-03
+44.22000E-06 -2.50530278666E+00 -13.67788925E-03
+44.23500E-06 +1.63138067701E+00 +15.26683406E-03
+44.25000E-06 -985.70477935E-03 -13.67788925E-03
+44.26500E-06 -310.32788786E-03 +9.47788940E-03
+44.28000E-06 +1.04042589692E+00 -3.06482403E-03
+44.29500E-06 -2.16761434100E+00 -4.02964815E-03
+44.31000E-06 +2.47560179239E+00 +9.47788940E-03
+44.32500E-06 -2.58972489828E+00 -14.64271336E-03
+44.34000E-06 +1.96906912305E+00 +14.30200995E-03
+44.35500E-06 -1.40781533691E+00 -14.64271336E-03
+44.37000E-06 +27.36055823E-03 +9.47788940E-03
+44.38500E-06 +787.15956239E-03 -5.95929636E-03
+44.40000E-06 -2.08319222944E+00 -2.09999993E-03
+44.41500E-06 +2.39117968093E+00 +7.54824118E-03
+44.43000E-06 -2.84299123282E+00 -13.67788925E-03
+44.44500E-06 +2.30675756909E+00 +14.30200995E-03
+44.46000E-06 -1.74550378295E+00 -15.60753747E-03
+44.47500E-06 +449.47111579E-03 +12.37236173E-03
+44.49000E-06 +449.47111640E-03 -8.85376869E-03
+44.50500E-06 -1.74550378350E+00 +794.47240E-06
+44.52000E-06 +2.39117968094E+00 +5.61859296E-03
+44.53500E-06 -2.92741334433E+00 -12.71306514E-03
+44.55000E-06 +2.47560179222E+00 +16.23165817E-03
+44.56500E-06 -2.16761434050E+00 -17.53718569E-03
+44.58000E-06 +956.00378480E-03 +14.30200995E-03
+44.59500E-06 -57.06155261E-03 -9.81859281E-03
+44.61000E-06 -1.49223744892E+00 +3.68894473E-03
+44.62500E-06 +2.13791334646E+00 +3.68894474E-03
+44.64000E-06 -3.09625756735E+00 -10.78341692E-03
+44.65500E-06 +2.72886812681E+00 +16.23165817E-03
+44.67000E-06 -2.50530278660E+00 -17.53718569E-03
+44.68500E-06 +1.37811434229E+00 +16.23165817E-03
+44.70000E-06 -394.74999871E-03 -12.71306514E-03
+44.71500E-06 -985.70478002E-03 +5.61859296E-03
+44.73000E-06 +1.96906912344E+00 +794.47241E-06
+44.74500E-06 -3.01183545595E+00 -7.88894459E-03
+44.76000E-06 +2.81329023838E+00 +14.30200995E-03
+44.77500E-06 -2.75856912119E+00 -17.53718569E-03
+44.79000E-06 +1.88464701135E+00 +17.19648228E-03
+44.80500E-06 -901.28266771E-03 -14.64271336E-03
+44.82000E-06 -732.43844544E-03 +8.51306529E-03
+44.83500E-06 +1.63138067751E+00 -2.09999992E-03
+44.85000E-06 -2.75856912153E+00 -6.92412048E-03
+44.86500E-06 +2.98213446140E+00 +13.33718584E-03
+44.88000E-06 -3.18067967869E+00 -17.53718569E-03
+44.89500E-06 +2.22233545751E+00 +19.12613050E-03
+44.91000E-06 -1.40781533677E+00 -16.57236158E-03
+44.92500E-06 -225.90577643E-03 +11.40753762E-03
+44.94000E-06 +1.29369223153E+00 -4.99447225E-03
+44.95500E-06 -2.67414701008E+00 -4.99447226E-03
+44.97000E-06 +2.98213446146E+00 +10.44271351E-03
+44.98500E-06 -3.26510179043E+00 -17.53718569E-03
+45.00000E-06 +2.56002390361E+00 +19.12613050E-03
+45.01500E-06 -1.82992589439E+00 -18.50200980E-03
+45.03000E-06 +365.04900414E-03 +13.33718584E-03
+45.04500E-06 +871.58167397E-03 -8.85376869E-03
+45.06000E-06 -2.25203645265E+00 -1.13517582E-03
+45.07500E-06 +2.89771235007E+00 +8.51306529E-03
+45.09000E-06 -3.43394601345E+00 -16.57236158E-03
+45.10500E-06 +2.98213446111E+00 +20.09095461E-03
+45.12000E-06 -2.33645856345E+00 -19.46683391E-03
+45.13500E-06 +702.73745024E-03 +16.23165817E-03
+45.15000E-06 +365.04900503E-03 -9.81859281E-03
+45.16500E-06 -1.99877011806E+00 +1.75929651E-03
+45.18000E-06 +2.81329023862E+00 +6.58341707E-03
+45.19500E-06 -3.51836812502E+00 -15.60753747E-03
+45.21000E-06 +3.15097868431E+00 +18.16130639E-03
+45.22500E-06 -2.84299123251E+00 -20.43165802E-03
+45.24000E-06 +1.29369223076E+00 +18.16130639E-03
+45.25500E-06 -225.90577554E-03 -12.71306514E-03
+45.27000E-06 -1.57665956062E+00 +4.65376884E-03
+45.28500E-06 +2.56002390415E+00 +1.75929652E-03
+45.30000E-06 -3.51836812514E+00 -12.71306514E-03
+45.31500E-06 +3.40424501884E+00 +18.16130639E-03
+45.33000E-06 -3.18067967868E+00 -21.39648213E-03
+45.34500E-06 +1.88464701133E+00 +20.09095461E-03
+45.36000E-06 -732.43844461E-03 -15.60753747E-03
+45.37500E-06 -1.07012689162E+00 +8.51306529E-03
+45.39000E-06 +2.30675756962E+00 +794.47241E-06
+45.40500E-06 -3.51836812508E+00 -10.78341692E-03
+45.42000E-06 +3.48866713053E+00 +17.19648228E-03
+45.43500E-06 -3.51836812478E+00 -21.39648213E-03
+45.45000E-06 +2.39117968046E+00 +22.02060283E-03
+45.46500E-06 -1.23897111367E+00 -17.53718569E-03
+45.48000E-06 -563.59422256E-03 +11.40753762E-03
+45.49500E-06 +1.88464701219E+00 -2.09999992E-03
+45.51000E-06 -3.34952390212E+00 -7.88894459E-03
+45.52500E-06 +3.65751135349E+00 +14.30200995E-03
+45.54000E-06 -3.85605657082E+00 -22.36130624E-03
+45.55500E-06 +2.81329023801E+00 +22.98542694E-03
+45.57000E-06 -1.82992589424E+00 -20.43165802E-03
+45.58500E-06 +27.36055795E-03 +15.26683406E-03
+45.60000E-06 +1.37811434312E+00 -5.95929636E-03
+45.61500E-06 -3.01183545620E+00 -4.02964815E-03
+45.63000E-06 +3.65751135362E+00 +12.37236173E-03
+45.64500E-06 -4.02490079397E+00 -20.43165802E-03
+45.66000E-06 +3.23540079563E+00 +23.95025105E-03
+45.67500E-06 -2.42088067482E+00 -23.32613035E-03
+45.69000E-06 +702.73745004E-03 +17.19648228E-03
+45.70500E-06 +871.58167406E-03 -8.85376869E-03
+45.72000E-06 -2.67414701022E+00 -170.35171E-06
+45.73500E-06 +3.40424501915E+00 +9.47788940E-03
+45.75000E-06 -4.10932290554E+00 -19.46683391E-03
+45.76500E-06 +3.74193346469E+00 +22.98542694E-03
+45.78000E-06 -3.01183545539E+00 -24.29095446E-03
+45.79500E-06 +1.20927011916E+00 +20.09095461E-03
+45.81000E-06 +280.62689355E-03 -12.71306514E-03
+45.82500E-06 -2.16761434129E+00 +3.68894473E-03
+45.84000E-06 +3.23540079619E+00 +5.61859296E-03
+45.85500E-06 -4.19374501705E+00 -15.60753747E-03
+45.87000E-06 +3.99519979935E+00 +22.98542694E-03
+45.88500E-06 -3.43394601307E+00 -26.22060268E-03
+45.90000E-06 +1.88464701118E+00 +22.02060283E-03
+45.91500E-06 -394.74999847E-03 -16.57236158E-03
+45.93000E-06 -1.66108167222E+00 +7.54824117E-03
+45.94500E-06 +2.98213446172E+00 +2.72412063E-03
+45.96000E-06 -4.19374501718E+00 -13.67788925E-03
+45.97500E-06 +4.24846613394E+00 +21.05577872E-03
+45.99000E-06 -3.85605657075E+00 -26.22060268E-03
+46.00500E-06 +2.47560179182E+00 +23.95025105E-03
+46.02000E-06 -985.70477905E-03 -19.46683391E-03
+46.03500E-06 -985.70478027E-03 +11.40753761E-03
+46.05000E-06 +2.56002390423E+00 -1.13517581E-03
+46.06500E-06 -4.02490079435E+00 -10.78341692E-03
+46.08000E-06 +4.24846613414E+00 +19.12613050E-03
+46.09500E-06 -4.27816712830E+00 -26.22060268E-03
+46.11000E-06 +3.06655657246E+00 +25.87989927E-03
+46.12500E-06 -1.74550378258E+00 -24.29095446E-03
+46.14000E-06 -394.74999963E-03 +14.30200995E-03
+46.15500E-06 +1.96906912379E+00 -4.99447225E-03
+46.17000E-06 -3.68721234837E+00 -6.92412048E-03
+46.18500E-06 +4.24846613414E+00 +17.19648228E-03
+46.20000E-06 -4.61585557441E+00 -26.22060268E-03
+46.21500E-06 +3.57308924152E+00 +27.80954749E-03
+46.23000E-06 -2.42088067473E+00 -25.25577857E-03
+46.24500E-06 +365.04900390E-03 +17.19648228E-03
+46.26000E-06 +1.37811434328E+00 -8.85376869E-03
+46.27500E-06 -3.34952390233E+00 -2.09999993E-03
+46.29000E-06 +4.16404402282E+00 +13.33718584E-03
+46.30500E-06 -4.78469979750E+00 -23.32613035E-03
+46.32000E-06 +3.99519979921E+00 +28.77437160E-03
+46.33500E-06 -3.09625756681E+00 -27.18542679E-03
+46.35000E-06 +956.00378447E-03 +21.05577872E-03
+46.36500E-06 +787.15956271E-03 -13.67788924E-03
+46.38000E-06 -2.92741334485E+00 +1.75929651E-03
+46.39500E-06 +3.99519979980E+00 +9.47788940E-03
+46.41000E-06 -4.95354402059E+00 -21.39648213E-03
+46.42500E-06 +4.41731035676E+00 +28.77437160E-03
+46.44000E-06 -3.68721234739E+00 -29.11507501E-03
+46.45500E-06 +1.71580278813E+00 +24.91507516E-03
+46.47000E-06 +27.36055931E-03 -16.57236158E-03
+46.48500E-06 -2.25203645289E+00 +5.61859295E-03
+46.50000E-06 +3.57308924245E+00 +6.58341707E-03
+46.51500E-06 -4.86912190928E+00 -17.53718569E-03
+46.53000E-06 +4.75499880287E+00 +26.84472339E-03
+46.54500E-06 -4.19374501665E+00 -31.04472323E-03
+46.56000E-06 +2.39117968022E+00 +26.84472338E-03
+46.57500E-06 -648.01633297E-03 -20.43165802E-03
+46.59000E-06 -1.66108167239E+00 +9.47788939E-03
+46.60500E-06 +3.23540079641E+00 +794.47241E-06
+46.62000E-06 -4.78469979783E+00 -14.64271336E-03
+46.63500E-06 +4.83942091458E+00 +24.91507516E-03
+46.65000E-06 -4.70027768571E+00 -32.00954734E-03
+46.66500E-06 +3.15097868382E+00 +30.70401982E-03
+46.68000E-06 -1.49223744801E+00 -24.29095446E-03
+46.69500E-06 -816.86055735E-03 +14.30200995E-03
+46.71000E-06 +2.72886812741E+00 -3.06482403E-03
+46.72500E-06 -4.44701135193E+00 -9.81859281E-03
+46.74000E-06 +4.92384302616E+00 +22.02060283E-03
+46.75500E-06 -5.03796613182E+00 -30.07989912E-03
+46.77000E-06 +3.74193346453E+00 +32.63366804E-03
+46.78500E-06 -2.25203645161E+00 -27.18542679E-03
+46.80000E-06 -141.48366527E-03 +18.16130639E-03
+46.81500E-06 +2.05349123546E+00 -6.92412047E-03
+46.83000E-06 -4.10932290602E+00 -5.95929637E-03
+46.84500E-06 +4.83942091479E+00 +18.16130639E-03
+46.86000E-06 -5.29123246656E+00 -29.11507502E-03
+46.87500E-06 +4.33288824510E+00 +32.63366804E-03
+46.89000E-06 -2.92741334376E+00 -30.07989912E-03
+46.90500E-06 +618.31533833E-03 +22.98542694E-03
+46.92000E-06 +1.29369223194E+00 -11.74824102E-03
+46.93500E-06 -3.60279023703E+00 -1.13517582E-03
+46.95000E-06 +4.67057669191E+00 +14.30200995E-03
+46.96500E-06 -5.46007668965E+00 -27.18542679E-03
+46.98000E-06 +4.83942091423E+00 +31.66884394E-03
+46.99500E-06 -3.68721234743E+00 -32.97437145E-03
+47.01000E-06 +1.46253645329E+00 +25.87989927E-03
+47.02500E-06 +533.89322834E-03 -16.57236157E-03
+47.04000E-06 -3.01183545652E+00 +3.68894473E-03
+47.05500E-06 +4.41731035751E+00 +9.47788940E-03
+47.07000E-06 -5.46007668979E+00 -23.32613036E-03
+47.08500E-06 +5.17710936041E+00 +31.66884394E-03
+47.10000E-06 -4.36258923951E+00 -33.93919556E-03
+47.11500E-06 +2.22233545710E+00 +29.73919571E-03
+47.13000E-06 -310.32788662E-03 -20.43165802E-03
+47.14500E-06 -2.33645856458E+00 +8.51306528E-03
+47.16000E-06 +3.91077768859E+00 +5.61859296E-03
+47.17500E-06 -5.46007668986E+00 -19.46683391E-03
+47.19000E-06 +5.51479780646E+00 +29.73919572E-03
+47.20500E-06 -4.86912190865E+00 -35.86884378E-03
+47.22000E-06 +3.06655657214E+00 +32.63366804E-03
+47.23500E-06 -1.15454900173E+00 -24.29095446E-03
+47.25000E-06 -1.49223744954E+00 +12.37236172E-03
+47.26500E-06 +3.40424501960E+00 +794.47241E-06
+47.28000E-06 -5.20681035554E+00 -14.64271336E-03
+47.29500E-06 +5.59921991818E+00 +27.80954750E-03
+47.31000E-06 -5.37565457785E+00 -34.90401968E-03
+47.32500E-06 +3.74193346436E+00 +33.59849215E-03
+47.34000E-06 -1.99877011690E+00 -28.15025090E-03
+47.35500E-06 -648.01633444E-03 +19.12613050E-03
+47.37000E-06 +2.72886812766E+00 -4.99447225E-03
+47.38500E-06 -4.86912190964E+00 -8.85376870E-03
+47.40000E-06 +5.51479780688E+00 +23.95025106E-03
+47.41500E-06 -5.71334302404E+00 -32.97437146E-03
+47.43000E-06 +4.50173246796E+00 +37.45778859E-03
+47.44500E-06 -2.84299123208E+00 -31.04472323E-03
+47.46000E-06 +196.20478067E-03 +22.02060283E-03
+47.47500E-06 +2.05349123550E+00 -9.81859280E-03
+47.49000E-06 -4.36258924065E+00 -4.99447226E-03
+47.50500E-06 +5.43037569545E+00 +20.09095461E-03
+47.52000E-06 -6.05103147008E+00 -31.04472324E-03
+47.53500E-06 +5.09268724860E+00 +37.45778860E-03
+47.55000E-06 -3.60279023567E+00 -34.90401967E-03
+47.56500E-06 +1.12484800721E+00 +26.84472338E-03
+47.58000E-06 +1.12484800903E+00 -13.67788924E-03
+47.59500E-06 -3.77163446015E+00 +794.47240E-06
+47.61000E-06 +5.09268724962E+00 +13.33718585E-03
+47.62500E-06 -6.05103147037E+00 -28.15025091E-03
+47.64000E-06 +5.43037569494E+00 +36.49296449E-03
+47.65500E-06 -4.36258923934E+00 -36.83366789E-03
+47.67000E-06 +2.05349123390E+00 +30.70401982E-03
+47.68500E-06 +280.62689392E-03 -20.43165801E-03
+47.70000E-06 -3.01183545670E+00 +5.61859295E-03
+47.71500E-06 +4.75499880365E+00 +9.47788940E-03
+47.73000E-06 -6.05103147045E+00 -24.29095447E-03
+47.74500E-06 +5.85248625242E+00 +35.52814038E-03
+47.76000E-06 -5.03796613150E+00 -37.79849200E-03
+47.77500E-06 +2.89771234901E+00 +34.56331626E-03
+47.79000E-06 -648.01633262E-03 -23.32613035E-03
+47.80500E-06 -2.16761434174E+00 +10.44271350E-03
+47.82000E-06 +4.16404402315E+00 +3.68894474E-03
+47.83500E-06 -5.96660935901E+00 -20.43165803E-03
+47.85000E-06 +6.02133047566E+00 +32.63366805E-03
+47.86500E-06 -5.62892091222E+00 -38.76331611E-03
+47.88000E-06 +3.65751135275E+00 +37.45778859E-03
+47.89500E-06 -1.66108167060E+00 -28.15025090E-03
+47.91000E-06 -1.23897111513E+00 +16.23165816E-03
+47.92500E-06 +3.48866713129E+00 -2.09999992E-03
+47.94000E-06 -5.54449880175E+00 -14.64271336E-03
+47.95500E-06 +6.02133047588E+00 +29.73919572E-03
+47.97000E-06 -6.05103146992E+00 -38.76331612E-03
+47.98500E-06 +4.41731035634E+00 +39.38743681E-03
+48.00000E-06 -2.50530278585E+00 -32.00954734E-03
+48.01500E-06 -394.75000002E-03 +21.05577872E-03
+48.03000E-06 +2.72886812777E+00 -6.92412047E-03
+48.04500E-06 -5.03796613277E+00 -9.81859281E-03
+48.06000E-06 +6.10575258747E+00 +24.91507517E-03
+48.07500E-06 -6.38871991604E+00 -35.86884379E-03
+48.09000E-06 +5.09268724850E+00 +40.35226093E-03
+48.10500E-06 -3.43394601254E+00 -35.86884378E-03
+48.12000E-06 +618.31533803E-03 +25.87989927E-03
+48.13500E-06 +1.80022490123E+00 -12.71306513E-03
+48.15000E-06 -4.53143346378E+00 -3.06482404E-03
+48.16500E-06 +5.93690836452E+00 +18.16130640E-03
+48.18000E-06 -6.55756413921E+00 -33.93919557E-03
+48.19500E-06 +5.68364202923E+00 +42.28190915E-03
+48.21000E-06 -4.19374501621E+00 -38.76331611E-03
+48.22500E-06 +1.63138067615E+00 +30.70401982E-03
+48.24000E-06 +956.00378613E-03 -16.57236157E-03
+48.25500E-06 -3.68721234898E+00 +2.72412062E-03
+48.27000E-06 +5.43037569569E+00 +14.30200995E-03
+48.28500E-06 -6.55756413944E+00 -31.04472324E-03
+48.30000E-06 +6.02133047550E+00 +40.35226093E-03
+48.31500E-06 -5.03796613139E+00 -40.69296433E-03
+48.33000E-06 +2.47560179141E+00 +34.56331626E-03
+48.34500E-06 -57.06155200E-03 -22.36130624E-03
+48.36000E-06 -2.92741334531E+00 +8.51306528E-03
+48.37500E-06 +4.83942091535E+00 +8.51306529E-03
+48.39000E-06 -6.55756413952E+00 -25.25577858E-03
+48.40500E-06 +6.35901892162E+00 +36.49296449E-03
+48.42000E-06 -5.79776513499E+00 -42.62261256E-03
+48.43500E-06 +3.40424501795E+00 +38.42261270E-03
+48.45000E-06 -1.07012689013E+00 -27.18542679E-03
+48.46500E-06 -1.99877011885E+00 +14.30200994E-03
+48.48000E-06 +4.24846613493E+00 +2.72412063E-03
+48.49500E-06 -6.21987569363E+00 -19.46683392E-03
+48.51000E-06 +6.52786314480E+00 +34.56331627E-03
+48.52500E-06 -6.21987569277E+00 -42.62261256E-03
+48.54000E-06 +4.33288824464E+00 +41.31708503E-03
+48.55500E-06 -2.08319222817E+00 -32.00954734E-03
+48.57000E-06 -985.70478072E-03 +19.12613050E-03
+48.58500E-06 +3.48866713133E+00 -3.06482403E-03
+48.60000E-06 -5.88218724775E+00 -13.67788925E-03
+48.61500E-06 +6.61228525639E+00 +29.73919572E-03
+48.63000E-06 -6.64198625048E+00 -41.65778845E-03
+48.64500E-06 +5.00826513688E+00 +42.28190915E-03
+48.66000E-06 -3.01183545487E+00 -35.86884378E-03
+48.67500E-06 +27.36055740E-03 +25.87989927E-03
+48.69000E-06 +2.56002390487E+00 -8.85376869E-03
+48.70500E-06 -5.29123246733E+00 -6.92412048E-03
+48.72000E-06 +6.35901892217E+00 +23.95025106E-03
+48.73500E-06 -6.89525258509E+00 -36.83366790E-03
+48.75000E-06 +5.76806414048E+00 +45.17638148E-03
+48.76500E-06 -3.94047868149E+00 -40.69296433E-03
+48.78000E-06 +1.04042589553E+00 +28.77437160E-03
+48.79500E-06 +1.54695856683E+00 -13.67788924E-03
+48.81000E-06 -4.44701135262E+00 -2.09999993E-03
+48.82500E-06 +6.10575258764E+00 +20.09095462E-03
+48.84000E-06 -7.06409680827E+00 -34.90401968E-03
+48.85500E-06 +6.27459680970E+00 +43.24673326E-03
+48.87000E-06 -4.70027768524E+00 -42.62261255E-03
+48.88500E-06 +2.05349123366E+00 +33.59849215E-03
+48.90000E-06 +533.89322878E-03 -20.43165801E-03
+48.91500E-06 -3.60279023744E+00 +4.65376884E-03
+48.93000E-06 +5.51479780738E+00 +13.33718585E-03
+48.94500E-06 -6.97967469692E+00 -30.07989913E-03
+48.96000E-06 +6.52786314455E+00 +42.28190915E-03
+48.97500E-06 -5.54449880043E+00 -43.58743667E-03
+48.99000E-06 +3.06655657179E+00 +38.42261270E-03
+49.00500E-06 -479.17210935E-03 -27.18542678E-03
+49.02000E-06 -2.67414701098E+00 +10.44271350E-03
+49.03500E-06 +4.92384302697E+00 +6.58341708E-03
+49.05000E-06 -6.64198625120E+00 -24.29095447E-03
+49.06500E-06 +6.78112947917E+00 +39.38743682E-03
+49.08000E-06 -6.21987569259E+00 -44.55226078E-03
+49.09500E-06 +3.99519979848E+00 +42.28190914E-03
+49.11000E-06 -1.49223744747E+00 -31.04472323E-03
+49.12500E-06 -1.57665956151E+00 +16.23165816E-03
+49.14000E-06 +4.07962191203E+00 +794.47241E-06
+49.15500E-06 -6.38871991675E+00 -19.46683392E-03
+49.17000E-06 +6.86555159084E+00 +34.56331627E-03
+49.18500E-06 -6.64198625039E+00 -43.58743667E-03
+49.20000E-06 +4.75499880224E+00 +44.21155737E-03
+49.21500E-06 -2.50530278568E+00 -33.93919556E-03
+49.23000E-06 -648.01633473E-03 +22.98542693E-03
+49.24500E-06 +3.31982290843E+00 -5.95929636E-03
+49.26000E-06 -5.79776513642E+00 -11.74824104E-03
+49.27500E-06 +6.78112947957E+00 +29.73919572E-03
+49.29000E-06 -6.97967469659E+00 -42.62261256E-03
+49.30500E-06 +5.51479780592E+00 +46.14120559E-03
+49.32000E-06 -3.51836812381E+00 -38.76331611E-03
+49.33500E-06 +449.47111483E-03 +27.80954749E-03
+49.35000E-06 +2.30675757055E+00 -11.74824102E-03
+49.36500E-06 -5.12238824450E+00 -6.92412048E-03
+49.38000E-06 +6.52786314521E+00 +23.95025106E-03
+49.39500E-06 -7.23294103129E+00 -40.69296434E-03
+49.41000E-06 +6.10575258665E+00 +46.14120559E-03
+49.42500E-06 -4.44701135051E+00 -41.65778844E-03
+49.44000E-06 +1.46253645295E+00 +32.63366804E-03
+49.45500E-06 +1.20927012100E+00 -16.57236157E-03
+49.47000E-06 -4.36258924107E+00 +794.47240E-06
+49.48500E-06 +6.10575258782E+00 +17.19648229E-03
+49.50000E-06 -7.14851891994E+00 -33.93919557E-03
+49.51500E-06 +6.52786314446E+00 +46.14120559E-03
+49.53000E-06 -5.29123246578E+00 -44.55226077E-03
+49.54500E-06 +2.47560179116E+00 +37.45778859E-03
+49.56000E-06 +196.20478279E-03 -22.36130623E-03
+49.57500E-06 -3.43394601454E+00 +8.51306528E-03
+49.59000E-06 +5.51479780741E+00 +11.40753763E-03
+49.60500E-06 -6.97967469717E+00 -30.07989913E-03
+49.62000E-06 +6.86555159050E+00 +43.24673326E-03
+49.63500E-06 -5.96660935786E+00 -46.48190900E-03
+49.65000E-06 +3.40424501786E+00 +39.38743681E-03
+49.66500E-06 -816.86055542E-03 -27.18542679E-03
+49.68000E-06 -2.42088067650E+00 +13.33718583E-03
+49.69500E-06 +4.75499880398E+00 +5.61859296E-03
+49.71000E-06 -6.72640836281E+00 -23.32613036E-03
+49.72500E-06 +7.03439581377E+00 +39.38743682E-03
+49.74000E-06 -6.47314202718E+00 -46.48190900E-03
+49.75500E-06 +4.33288824456E+00 +44.21155736E-03
+49.77000E-06 -1.91434800497E+00 -32.00954734E-03
+49.78500E-06 -1.32339322695E+00 +20.09095460E-03
+49.80000E-06 +3.91077768905E+00 -170.35170E-06
+49.81500E-06 -6.38871991668E+00 -15.60753748E-03
+49.83000E-06 +6.94997370252E+00 +35.52814038E-03
+49.84500E-06 -6.89525258490E+00 -46.48190900E-03
+49.86000E-06 +5.17710935975E+00 +47.10602970E-03
+49.87500E-06 -2.92741334310E+00 -37.79849200E-03
+49.89000E-06 -225.90577739E-03 +24.91507516E-03
+49.90500E-06 +2.98213446252E+00 -7.88894458E-03
+49.92000E-06 -5.71334302503E+00 -10.78341692E-03
+49.93500E-06 +6.86555159101E+00 +28.77437161E-03
+49.95000E-06 -7.14851891960E+00 -42.62261256E-03
+49.96500E-06 +5.85248625192E+00 +47.10602970E-03
+49.98000E-06 -3.85605656989E+00 -40.69296433E-03
+49.99500E-06 +871.58167224E-03 +30.70401982E-03
+50.01000E-06 +1.80022490163E+00 -12.71306513E-03
+50.02500E-06 -4.95354402152E+00 -3.06482404E-03
+50.04000E-06 +6.35901892237E+00 +22.02060284E-03
+50.05500E-06 -7.31736314279E+00 -38.76331612E-03
+50.07000E-06 +6.35901892116E+00 +47.10602970E-03
+50.08500E-06 -4.78469979659E+00 -44.55226077E-03
+50.10000E-06 +1.88464701045E+00 +35.52814037E-03
+50.11500E-06 +871.58167493E-03 -18.50200979E-03
+50.13000E-06 -3.94047868365E+00 +2.72412062E-03
+50.14500E-06 +6.02133047624E+00 +16.23165818E-03
+50.16000E-06 -7.23294103154E+00 -32.97437146E-03
+50.17500E-06 +6.69670736746E+00 +47.10602970E-03
+50.19000E-06 -5.46007668893E+00 -46.48190900E-03
+50.20500E-06 +2.89771234867E+00 +38.42261270E-03
+50.22000E-06 -225.90577471E-03 -23.32613035E-03
+50.23500E-06 -3.01183545712E+00 +9.47788939E-03
+50.25000E-06 +5.26153147300E+00 +10.44271352E-03
+50.26500E-06 -7.06409680861E+00 -27.18542680E-03
+50.28000E-06 +6.94997370217E+00 +43.24673326E-03
+50.29500E-06 -6.13545358111E+00 -47.44673311E-03
+50.31000E-06 +3.82635557537E+00 +42.28190914E-03
+50.32500E-06 -1.32339322426E+00 -30.07989912E-03
+50.34000E-06 -1.99877011908E+00 +15.26683405E-03
+50.35500E-06 +4.41731035815E+00 +3.68894474E-03
+50.37000E-06 -6.55756413990E+00 -21.39648214E-03
+50.38500E-06 +7.03439581368E+00 +38.42261271E-03
+50.40000E-06 -6.72640836168E+00 -46.48190900E-03
+50.41500E-06 +4.67057669056E+00 +46.14120558E-03
+50.43000E-06 -2.33645856247E+00 -33.93919556E-03
+50.44500E-06 -816.86055802E-03 +20.09095460E-03
+50.46000E-06 +3.57308924305E+00 -3.06482403E-03
+50.47500E-06 -6.05103147101E+00 -15.60753748E-03
+50.49000E-06 +6.94997370243E+00 +32.63366805E-03
+50.50500E-06 -7.06409680790E+00 -44.55226078E-03
+50.52000E-06 +5.26153147140E+00 +48.07085381E-03
+50.53500E-06 -3.26510178927E+00 -38.76331611E-03
+50.55000E-06 +196.20478019E-03 +25.87989927E-03
+50.56500E-06 +2.56002390519E+00 -10.78341691E-03
+50.58000E-06 -5.37565457901E+00 -6.92412048E-03
+50.59500E-06 +6.61228525674E+00 +26.84472339E-03
+50.61000E-06 -7.14851891968E+00 -41.65778845E-03
+50.62500E-06 +6.02133047500E+00 +48.07085381E-03
+50.64000E-06 -4.19374501588E+00 -41.65778844E-03
+50.65500E-06 +1.29369222974E+00 +31.66884393E-03
+50.67000E-06 +1.46253645555E+00 -14.64271335E-03
+50.68500E-06 -4.53143346400E+00 -2.09999993E-03
+50.70000E-06 +6.19017469937E+00 +21.05577873E-03
+50.71500E-06 -7.23294103137E+00 -36.83366790E-03
+50.73000E-06 +6.35901892131E+00 +47.10602970E-03
+50.74500E-06 -4.95354401975E+00 -44.55226077E-03
+50.76000E-06 +2.22233545653E+00 +36.49296448E-03
+50.77500E-06 +365.04900600E-03 -20.43165801E-03
+50.79000E-06 -3.51836812614E+00 +4.65376884E-03
+50.80500E-06 +5.59921991898E+00 +13.33718585E-03
+50.82000E-06 -7.06409680852E+00 -31.04472324E-03
+50.83500E-06 +6.69670736753E+00 +45.17638148E-03
+50.85000E-06 -5.71334302334E+00 -46.48190899E-03
+50.86500E-06 +3.23540079466E+00 +40.35226092E-03
+50.88000E-06 -648.01633212E-03 -25.25577857E-03
+50.89500E-06 -2.58972489962E+00 +11.40753761E-03
+50.91000E-06 +4.92384302698E+00 +6.58341708E-03
+50.92500E-06 -6.72640836266E+00 -25.25577858E-03
+50.94000E-06 +6.78112947932E+00 +41.31708504E-03
+50.95500E-06 -6.21987569259E+00 -46.48190900E-03
+50.97000E-06 +3.99519979844E+00 +42.28190914E-03
+50.98500E-06 -1.66108167034E+00 -30.07989912E-03
+51.00000E-06 -1.49223745007E+00 +17.19648227E-03
+51.01500E-06 +3.99519980055E+00 +1.75929652E-03
+51.03000E-06 -6.30429780539E+00 -19.46683392E-03
+51.04500E-06 +6.78112947950E+00 +35.52814038E-03
+51.06000E-06 -6.64198625014E+00 -46.48190900E-03
+51.07500E-06 +4.83942091364E+00 +45.17638147E-03
+51.09000E-06 -2.58972489704E+00 -34.90401967E-03
+51.10500E-06 -479.17211194E-03 +22.98542693E-03
+51.12000E-06 +3.06655657412E+00 -4.99447225E-03
+51.13500E-06 -5.62892091330E+00 -11.74824104E-03
+51.15000E-06 +6.61228525657E+00 +29.73919572E-03
+51.16500E-06 -6.89525258504E+00 -43.58743667E-03
+51.18000E-06 +5.51479780572E+00 +47.10602970E-03
+51.19500E-06 -3.60279023517E+00 -38.76331611E-03
+51.21000E-06 +533.89322618E-03 +26.84472338E-03
+51.22500E-06 +2.05349123599E+00 -8.85376869E-03
+51.24000E-06 -4.86912191007E+00 -5.95929637E-03
+51.25500E-06 +6.27459681071E+00 +24.91507517E-03
+51.27000E-06 -6.97967469674E+00 -38.76331612E-03
+51.28500E-06 +5.93690836364E+00 +45.17638148E-03
+51.30000E-06 -4.36258923895E+00 -42.62261255E-03
+51.31500E-06 +1.54695856440E+00 +30.70401982E-03
+51.33000E-06 +956.00378654E-03 -15.60753746E-03
+51.34500E-06 -4.02490079515E+00 +794.47240E-06
+51.36000E-06 +5.68364203042E+00 +17.19648229E-03
+51.37500E-06 -6.89525258541E+00 -33.93919557E-03
+51.39000E-06 +6.27459680987E+00 +44.21155737E-03
+51.40500E-06 -5.03796613113E+00 -44.55226077E-03
+51.42000E-06 +2.56002390253E+00 +36.49296448E-03
+51.43500E-06 +27.36055983E-03 -20.43165801E-03
+51.45000E-06 -3.18067968014E+00 +6.58341706E-03
+51.46500E-06 +5.09268724985E+00 +12.37236174E-03
+51.48000E-06 -6.72640836248E+00 -28.15025091E-03
+51.49500E-06 +6.52786314450E+00 +43.24673326E-03
+51.51000E-06 -5.71334302340E+00 -44.55226078E-03
+51.52500E-06 +3.40424501773E+00 +38.42261270E-03
+51.54000E-06 -985.70477830E-03 -26.22060268E-03
+51.55500E-06 -2.16761434202E+00 +13.33718583E-03
+51.57000E-06 +4.33288824644E+00 +4.65376886E-03
+51.58500E-06 -6.21987569380E+00 -23.32613036E-03
+51.60000E-06 +6.44344103327E+00 +37.45778860E-03
+51.61500E-06 -6.05103146973E+00 -44.55226078E-03
+51.63000E-06 +4.07962191000E+00 +41.31708503E-03
+51.64500E-06 -1.91434800491E+00 -32.00954734E-03
+51.66000E-06 -985.70478115E-03 +19.12613049E-03
+51.67500E-06 +3.48866713162E+00 +794.47241E-06
+51.69000E-06 -5.62892091351E+00 -15.60753748E-03
+51.70500E-06 +6.35901892185E+00 +33.59849216E-03
+51.72000E-06 -6.30429780445E+00 -41.65778845E-03
+51.73500E-06 +4.75499880228E+00 +44.21155736E-03
+51.75000E-06 -2.75856912021E+00 -34.90401967E-03
+51.76500E-06 -57.06155435E-03 +22.02060283E-03
+51.78000E-06 +2.56002390500E+00 -5.95929636E-03
+51.79500E-06 -5.12238824445E+00 -8.85376871E-03
+51.81000E-06 +6.10575258761E+00 +26.84472339E-03
+51.82500E-06 -6.55756413898E+00 -38.76331612E-03
+51.84000E-06 +5.34595358295E+00 +44.21155737E-03
+51.85500E-06 -3.68721234673E+00 -37.79849200E-03
+51.87000E-06 +871.58167227E-03 +27.80954749E-03
+51.88500E-06 +1.63138067848E+00 -12.71306513E-03
+51.90000E-06 -4.36258924094E+00 -4.02964815E-03
+51.91500E-06 +5.68364203034E+00 +21.05577873E-03
+51.93000E-06 -6.47314202785E+00 -35.86884379E-03
+51.94500E-06 +5.68364202908E+00 +43.24673326E-03
+51.96000E-06 -4.36258923910E+00 -40.69296433E-03
+51.97500E-06 +1.80022489898E+00 +31.66884393E-03
+51.99000E-06 +702.73745187E-03 -17.53718568E-03
+52.00500E-06 -3.43394601452E+00 +1.75929651E-03
+52.02000E-06 +5.17710936128E+00 +15.26683407E-03
+52.03500E-06 -6.38871991634E+00 -30.07989913E-03
+52.05000E-06 +6.02133047532E+00 +40.35226093E-03
+52.06500E-06 -5.03796613129E+00 -41.65778844E-03
+52.08000E-06 +2.56002390277E+00 +34.56331626E-03
+52.09500E-06 -310.32788626E-03 -21.39648212E-03
+52.11000E-06 -2.58972489951E+00 +8.51306528E-03
+52.12500E-06 +4.50173246939E+00 +9.47788941E-03
+52.14000E-06 -6.13545358210E+00 -25.25577858E-03
+52.15500E-06 +6.02133047561E+00 +38.42261271E-03
+52.17000E-06 -5.46007668903E+00 -42.62261255E-03
+52.18500E-06 +3.40424501778E+00 +38.42261270E-03
+52.20000E-06 -1.32339322429E+00 -26.22060267E-03
+52.21500E-06 -1.57665956149E+00 +13.33718583E-03
+52.23000E-06 +3.74193346599E+00 +3.68894474E-03
+52.24500E-06 -5.62892091324E+00 -19.46683392E-03
+52.26000E-06 +6.10575258722E+00 +33.59849216E-03
+52.27500E-06 -5.79776513517E+00 -41.65778845E-03
+52.29000E-06 +4.16404402157E+00 +39.38743681E-03
+52.30500E-06 -2.16761433939E+00 -28.15025090E-03
+52.32000E-06 -816.86055769E-03 +18.16130638E-03
+52.33500E-06 +2.81329023947E+00 -2.09999992E-03
+52.35000E-06 -5.12238824427E+00 -13.67788926E-03
+52.36500E-06 +5.85248625278E+00 +27.80954750E-03
+52.38000E-06 -5.88218724698E+00 -38.76331612E-03
+52.39500E-06 +4.67057669063E+00 +41.31708503E-03
+52.41000E-06 -2.92741334319E+00 -33.93919556E-03
+52.42500E-06 +196.20478023E-03 +22.98542693E-03
+52.44000E-06 +2.05349123588E+00 -5.95929636E-03
+52.45500E-06 -4.36258924098E+00 -5.95929638E-03
+52.47000E-06 +5.51479780714E+00 +22.98542695E-03
+52.48500E-06 -6.05103147000E+00 -35.86884379E-03
+52.50000E-06 +5.00826513697E+00 +40.35226093E-03
+52.51500E-06 -3.60279023547E+00 -35.86884378E-03
+52.53000E-06 +1.04042589544E+00 +25.87989927E-03
+52.54500E-06 +1.12484800936E+00 -11.74824102E-03
+52.56000E-06 -3.68721234889E+00 -2.09999993E-03
+52.57500E-06 +5.09268724959E+00 +17.19648229E-03
+52.59000E-06 -5.96660935869E+00 -30.07989913E-03
+52.60500E-06 +5.34595358311E+00 +39.38743682E-03
+52.62000E-06 -4.19374501604E+00 -37.79849200E-03
+52.63500E-06 +1.96906912206E+00 +30.70401982E-03
+52.65000E-06 +280.62689436E-03 -16.57236157E-03
+52.66500E-06 -2.92741334539E+00 +3.68894473E-03
+52.68000E-06 +4.41731035780E+00 +11.40753763E-03
+52.69500E-06 -5.79776513587E+00 -26.22060269E-03
+52.71000E-06 +5.51479780633E+00 +36.49296449E-03
+52.72500E-06 -4.70027768531E+00 -38.76331611E-03
+52.74000E-06 +2.72886812565E+00 +32.63366804E-03
+52.75500E-06 -648.01633226E-03 -20.43165801E-03
+52.77000E-06 -1.99877011888E+00 +8.51306528E-03
+52.78500E-06 +3.74193346582E+00 +7.54824118E-03
+52.80000E-06 -5.46007668992E+00 -21.39648214E-03
+52.81500E-06 +5.43037569513E+00 +33.59849216E-03
+52.83000E-06 -5.03796613155E+00 -39.72814022E-03
+52.84500E-06 +3.40424501784E+00 +33.59849215E-03
+52.86000E-06 -1.32339322465E+00 -24.29095446E-03
+52.87500E-06 -1.23897111518E+00 +13.33718583E-03
+52.89000E-06 +3.06655657383E+00 +794.47241E-06
+52.90500E-06 -4.86912190976E+00 -15.60753748E-03
+52.92000E-06 +5.34595358382E+00 +29.73919572E-03
+52.93500E-06 -5.37565457770E+00 -35.86884379E-03
+52.95000E-06 +3.82635557580E+00 +36.49296448E-03
+52.96500E-06 -2.25203645106E+00 -29.11507501E-03
+52.98000E-06 -310.32788877E-03 +18.16130638E-03
+52.99500E-06 +2.22233545883E+00 -3.06482403E-03
+53.01000E-06 -4.36258924080E+00 -9.81859282E-03
+53.02500E-06 +5.09268724929E+00 +24.91507517E-03
+53.04000E-06 -5.46007668941E+00 -34.90401968E-03
+53.05500E-06 +4.33288824476E+00 +38.42261270E-03
+53.07000E-06 -2.92741334314E+00 -31.04472323E-03
+53.08500E-06 +533.89322634E-03 +21.05577872E-03
+53.10000E-06 +1.54695856675E+00 -8.85376869E-03
+53.11500E-06 -3.77163446032E+00 -4.99447226E-03
+53.13000E-06 +4.83942091486E+00 +19.12613051E-03
+53.14500E-06 -5.46007668962E+00 -31.04472324E-03
+53.16000E-06 +4.50173246819E+00 +36.49296449E-03
+53.17500E-06 -3.43394601252E+00 -32.97437145E-03
+53.19000E-06 +1.20927011852E+00 +24.91507516E-03
+53.20500E-06 +702.73745174E-03 -12.71306513E-03
+53.22000E-06 -3.01183545683E+00 -170.35171E-06
+53.23500E-06 +4.33288824610E+00 +15.26683407E-03
+53.25000E-06 -5.29123246670E+00 -27.18542680E-03
+53.26500E-06 +4.75499880272E+00 +35.52814038E-03
+53.28000E-06 -4.02490079309E+00 -34.90401967E-03
+53.29500E-06 +1.96906912212E+00 +28.77437160E-03
+53.31000E-06 -57.06155185E-03 -16.57236157E-03
+53.32500E-06 -2.25203645324E+00 +4.65376884E-03
+53.34000E-06 +3.82635557704E+00 +9.47788941E-03
+53.35500E-06 -5.03796613227E+00 -23.32613036E-03
+53.37000E-06 +4.92384302585E+00 +31.66884394E-03
+53.38500E-06 -4.27816712793E+00 -34.90401967E-03
+53.40000E-06 +2.56002390300E+00 +29.73919571E-03
+53.41500E-06 -816.86055555E-03 -20.43165801E-03
+53.43000E-06 -1.57665956115E+00 +9.47788939E-03
+53.44500E-06 +3.15097868516E+00 +3.68894474E-03
+53.46000E-06 -4.61585557503E+00 -17.53718570E-03
+53.47500E-06 +4.83942091454E+00 +27.80954750E-03
+53.49000E-06 -4.53143346278E+00 -33.93919556E-03
+53.50500E-06 +3.15097868347E+00 +32.63366804E-03
+53.52000E-06 -1.57665955904E+00 -23.32613034E-03
+53.53500E-06 -732.43844626E-03 +13.33718583E-03
+53.55000E-06 +2.47560179318E+00 +794.47241E-06
+53.56500E-06 -4.19374501758E+00 -13.67788925E-03
+53.58000E-06 +4.75499880314E+00 +23.95025106E-03
+53.59500E-06 -4.78469979721E+00 -32.00954735E-03
+53.61000E-06 +3.48866712973E+00 +33.59849215E-03
+53.62500E-06 -2.16761433972E+00 -26.22060268E-03
+53.64000E-06 -57.06155396E-03 +17.19648227E-03
+53.65500E-06 +1.71580278980E+00 -4.02964814E-03
+53.67000E-06 -3.68721234863E+00 -7.88894459E-03
+53.68500E-06 +4.41731035731E+00 +20.09095462E-03
+53.70000E-06 -4.70027768601E+00 -30.07989913E-03
+53.71500E-06 +3.82635557598E+00 +32.63366804E-03
+53.73000E-06 -2.75856912040E+00 -28.15025090E-03
+53.74500E-06 +702.73744942E-03 +20.09095460E-03
+53.76000E-06 +956.00378631E-03 -8.85376869E-03
+53.77500E-06 -3.09625756816E+00 -3.06482404E-03
+53.79000E-06 +3.99519979997E+00 +16.23165817E-03
+53.80500E-06 -4.70027768612E+00 -27.18542680E-03
+53.82000E-06 +4.07962191051E+00 +30.70401982E-03
+53.83500E-06 -3.26510178946E+00 -30.07989912E-03
+53.85000E-06 +1.29369223021E+00 +22.98542694E-03
+53.86500E-06 +365.04900563E-03 -11.74824102E-03
+53.88000E-06 -2.42088067607E+00 +794.47240E-06
+53.89500E-06 +3.57308924252E+00 +11.40753763E-03
+53.91000E-06 -4.61585557461E+00 -22.36130625E-03
+53.92500E-06 +4.24846613364E+00 +28.77437161E-03
+53.94000E-06 -3.60279023582E+00 -30.07989912E-03
+53.95500E-06 +1.88464701078E+00 +24.91507516E-03
+53.97000E-06 -394.74999796E-03 -15.60753746E-03
+53.98500E-06 -1.74550378420E+00 +6.58341706E-03
+54.00000E-06 +3.06655657357E+00 +7.54824118E-03
+54.01500E-06 -4.27816712878E+00 -18.50200980E-03
+54.03000E-06 +4.24846613396E+00 +26.84472339E-03
+54.04500E-06 -4.02490079327E+00 -31.04472323E-03
+54.06000E-06 +2.39117967995E+00 +27.80954749E-03
+54.07500E-06 -901.28266724E-03 -18.50200979E-03
+54.09000E-06 -1.07012689223E+00 +9.47788939E-03
+54.10500E-06 +2.47560179310E+00 +2.72412063E-03
+54.12000E-06 -3.94047868296E+00 -13.67788925E-03
+54.13500E-06 +4.07962191094E+00 +23.95025105E-03
+54.15000E-06 -4.02490079370E+00 -30.07989912E-03
+54.16500E-06 +2.72886812621E+00 +27.80954749E-03
+54.18000E-06 -1.57665955933E+00 -20.43165802E-03
+54.19500E-06 -479.17211143E-03 +12.37236172E-03
+54.21000E-06 +1.80022490112E+00 -2.09999992E-03
+54.22500E-06 -3.51836812540E+00 -8.85376870E-03
+54.24000E-06 +3.82635557674E+00 +20.09095462E-03
+54.25500E-06 -4.10932290532E+00 -27.18542679E-03
+54.27000E-06 +3.23540079528E+00 +27.80954749E-03
+54.28500E-06 -2.08319222839E+00 -23.32613035E-03
+54.30000E-06 +196.20478065E-03 +16.23165816E-03
+54.31500E-06 +1.20927012066E+00 -4.99447225E-03
+54.33000E-06 -3.01183545645E+00 -5.95929637E-03
+54.34500E-06 +3.65751135371E+00 +16.23165818E-03
+54.36000E-06 -4.02490079392E+00 -25.25577857E-03
+54.37500E-06 +3.40424501841E+00 +26.84472338E-03
+54.39000E-06 -2.50530278605E+00 -25.25577857E-03
+54.40500E-06 +871.58167262E-03 +17.19648228E-03
+54.42000E-06 +618.31534009E-03 -8.85376869E-03
+54.43500E-06 -2.42088067609E+00 -1.13517582E-03
+54.45000E-06 +3.23540079638E+00 +11.40753763E-03
+54.46500E-06 -3.94047868252E+00 -21.39648214E-03
+54.48000E-06 +3.48866713025E+00 +25.87989927E-03
+54.49500E-06 -2.84299123220E+00 -26.22060268E-03
+54.51000E-06 +1.37811434180E+00 +21.05577871E-03
+54.52500E-06 +27.36055951E-03 -12.71306513E-03
+54.54000E-06 -1.82992589552E+00 +2.72412062E-03
+54.55500E-06 +2.89771235034E+00 +8.51306529E-03
+54.57000E-06 -3.77163445961E+00 -18.50200980E-03
+54.58500E-06 +3.65751135316E+00 +24.91507516E-03
+54.60000E-06 -3.26510178976E+00 -25.25577857E-03
+54.61500E-06 +1.80022489935E+00 +22.02060283E-03
+54.63000E-06 -563.59422117E-03 -14.64271335E-03
+54.64500E-06 -1.23897111494E+00 +5.61859295E-03
+54.66000E-06 +2.39117968139E+00 +5.61859296E-03
+54.67500E-06 -3.51836812519E+00 -14.64271336E-03
+54.69000E-06 +3.48866713036E+00 +22.02060284E-03
+54.70500E-06 -3.34952390160E+00 -25.25577857E-03
+54.72000E-06 +2.13791334550E+00 +22.98542694E-03
+54.73500E-06 -1.07012689023E+00 -16.57236158E-03
+54.75000E-06 -732.43844588E-03 +8.51306528E-03
+54.76500E-06 +1.88464701243E+00 +794.47241E-06
+54.78000E-06 -3.18067967926E+00 -10.78341692E-03
+54.79500E-06 +3.40424501896E+00 +19.12613050E-03
+54.81000E-06 -3.43394601311E+00 -24.29095446E-03
+54.82500E-06 +2.47560179177E+00 +23.95025105E-03
+54.84000E-06 -1.49223744790E+00 -18.50200980E-03
+54.85500E-06 -141.48366542E-03 +11.40753761E-03
+54.87000E-06 +1.37811434348E+00 -2.09999992E-03
+54.88500E-06 -2.84299123333E+00 -8.85376870E-03
+54.90000E-06 +3.23540079594E+00 +16.23165817E-03
+54.91500E-06 -3.51836812473E+00 -22.36130624E-03
+54.93000E-06 +2.72886812630E+00 +22.98542694E-03
+54.94500E-06 -1.91434800557E+00 -20.43165802E-03
+54.96000E-06 +365.04900387E-03 +13.33718584E-03
+54.97500E-06 +787.15956291E-03 -4.02964814E-03
+54.99000E-06 -2.33645856449E+00 -3.06482404E-03
+55.00500E-06 +2.89771235035E+00 +12.37236173E-03
+55.02000E-06 -3.43394601345E+00 -20.43165802E-03
+55.03500E-06 +2.89771234943E+00 +22.98542694E-03
+55.05000E-06 -2.25203645172E+00 -21.39648213E-03
+55.06500E-06 +787.15956131E-03 +15.26683406E-03
+55.08000E-06 +365.04900524E-03 -7.88894458E-03
+55.09500E-06 -1.82992589531E+00 -170.35171E-06
+55.11000E-06 +2.56002390431E+00 +8.51306529E-03
+55.12500E-06 -3.34952390182E+00 -16.57236158E-03
+55.14000E-06 +2.98213446106E+00 +21.05577872E-03
+55.15500E-06 -2.50530278637E+00 -21.39648213E-03
+55.17000E-06 +1.20927011898E+00 +17.19648228E-03
+55.18500E-06 -141.48366371E-03 -9.81859280E-03
+55.20000E-06 -1.40781533787E+00 +1.75929651E-03
+55.21500E-06 +2.22233545838E+00 +5.61859296E-03
+55.23000E-06 -3.01183545613E+00 -13.67788925E-03
+55.24500E-06 +2.89771234978E+00 +18.16130639E-03
+55.26000E-06 -2.67414700950E+00 -22.36130624E-03
+55.27500E-06 +1.54695856502E+00 +18.16130639E-03
+55.29000E-06 -563.59422137E-03 -11.74824102E-03
+55.30500E-06 -816.86055753E-03 +4.65376884E-03
+55.32000E-06 +1.71580278943E+00 +3.68894474E-03
+55.33500E-06 -2.84299123310E+00 -10.78341692E-03
+55.35000E-06 +2.81329023838E+00 +17.19648228E-03
+55.36500E-06 -2.84299123241E+00 -20.43165802E-03
+55.38000E-06 +1.88464701118E+00 +19.12613050E-03
+55.39500E-06 -1.07012689032E+00 -15.60753746E-03
+55.41000E-06 -479.17211114E-03 +6.58341706E-03
+55.42500E-06 +1.37811434327E+00 -170.35170E-06
+55.44000E-06 -2.50530278718E+00 -7.88894459E-03
+55.45500E-06 +2.72886812687E+00 +14.30200995E-03
+55.47000E-06 -2.92741334403E+00 -19.46683391E-03
+55.48500E-06 +2.05349123431E+00 +17.19648228E-03
+55.50000E-06 -1.32339322508E+00 -16.57236157E-03
+55.51500E-06 -57.06155370E-03 +9.47788939E-03
+55.53000E-06 +956.00378572E-03 -3.06482403E-03
+55.54500E-06 -2.16761434125E+00 -4.99447226E-03
+55.56000E-06 +2.47560179257E+00 +12.37236173E-03
+55.57500E-06 -2.84299123275E+00 -17.53718569E-03
+55.59000E-06 +2.22233545745E+00 +20.09095461E-03
+55.60500E-06 -1.74550378252E+00 -18.50200979E-03
+55.62000E-06 +365.04900385E-03 +11.40753762E-03
+55.63500E-06 +449.47111689E-03 -4.99447225E-03
+55.65000E-06 -1.74550378370E+00 -3.06482404E-03
+55.66500E-06 +2.30675756943E+00 +10.44271351E-03
+55.68000E-06 -2.84299123275E+00 -15.60753747E-03
+55.69500E-06 +2.30675756896E+00 +17.19648228E-03
+55.71000E-06 -1.91434800578E+00 -17.53718569E-03
+55.72500E-06 +787.15956140E-03 +12.37236173E-03
+55.74000E-06 +111.78267061E-03 -7.88894458E-03
+55.75500E-06 -1.40781533777E+00 -170.35171E-06
+55.77000E-06 +1.96906912362E+00 +6.58341707E-03
+55.78500E-06 -2.67414700985E+00 -12.71306514E-03
+55.80000E-06 +2.30675756919E+00 +17.19648228E-03
+55.81500E-06 -2.16761434031E+00 -17.53718569E-03
+55.83000E-06 +1.12484800744E+00 +14.30200995E-03
+55.84500E-06 -310.32788682E-03 -9.81859280E-03
+55.86000E-06 -985.70478022E-03 +2.72412062E-03
+55.87500E-06 +1.54695856631E+00 +4.65376885E-03
+55.89000E-06 -2.42088067544E+00 -10.78341692E-03
+55.90500E-06 +2.30675756919E+00 +15.26683406E-03
+55.92000E-06 -2.25203645194E+00 -17.53718569E-03
+55.93500E-06 +1.29369223070E+00 +14.30200995E-03
+55.95000E-06 -563.59422159E-03 -10.78341691E-03
+55.96500E-06 -648.01633418E-03 +4.65376884E-03
+55.98000E-06 +1.29369223154E+00 +794.47241E-06
+55.99500E-06 -2.25203645253E+00 -9.81859281E-03
+56.01000E-06 +2.30675756919E+00 +12.37236173E-03
+56.02500E-06 -2.33645856357E+00 -16.57236158E-03
+56.04000E-06 +1.46253645384E+00 +15.26683406E-03
+56.05500E-06 -901.28266763E-03 -12.71306514E-03
+56.07000E-06 -225.90577662E-03 +7.54824117E-03
+56.08500E-06 +956.00378561E-03 -2.09999992E-03
+56.10000E-06 -1.99877011812E+00 -5.95929637E-03
+56.11500E-06 +2.05349123478E+00 +11.40753762E-03
+56.13000E-06 -2.33645856368E+00 -15.60753747E-03
+56.14500E-06 +1.63138067698E+00 +15.26683406E-03
+56.16000E-06 -1.23897111356E+00 -13.67788924E-03
+56.17500E-06 +27.36055803E-03 +8.51306528E-03
+56.19000E-06 +618.31533945E-03 -2.09999992E-03
+56.20500E-06 -1.66108167196E+00 -4.02964815E-03
+56.22000E-06 +1.96906912327E+00 +8.51306529E-03
+56.23500E-06 -2.33645856356E+00 -13.67788925E-03
+56.25000E-06 +1.80022490000E+00 +15.26683406E-03
+56.26500E-06 -1.40781533682E+00 -13.67788925E-03
+56.28000E-06 +449.47111546E-03 +9.47788940E-03
+56.29500E-06 +196.20478214E-03 -4.02964814E-03
+56.31000E-06 -1.32339322616E+00 -1.13517582E-03
+56.32500E-06 +1.71580278898E+00 +6.58341707E-03
+56.34000E-06 -2.16761434090E+00 -11.74824103E-03
+56.35500E-06 +1.80022490012E+00 +13.33718584E-03
+56.37000E-06 -1.57665955984E+00 -13.67788925E-03
+56.38500E-06 +618.31533860E-03 +11.40753761E-03
+56.40000E-06 -141.48366390E-03 -6.92412047E-03
+56.41500E-06 -985.70478023E-03 +1.75929651E-03
+56.43000E-06 +1.37811434293E+00 +3.68894474E-03
+56.44500E-06 -2.16761434078E+00 -10.78341692E-03
+56.46000E-06 +1.88464701139E+00 +13.33718584E-03
+56.47500E-06 -1.74550378286E+00 -13.67788925E-03
+56.49000E-06 +871.58167313E-03 +11.40753762E-03
+56.50500E-06 -310.32788717E-03 -6.92412048E-03
+56.52000E-06 -732.43844558E-03 +1.75929651E-03
+56.53500E-06 +1.12484800852E+00 +1.75929652E-03
+56.55000E-06 -1.91434800625E+00 -8.85376870E-03
+56.56500E-06 +1.71580278873E+00 +9.47788940E-03
+56.58000E-06 -1.82992589437E+00 -13.67788925E-03
+56.59500E-06 +1.04042589628E+00 +11.40753762E-03
+56.61000E-06 -563.59422170E-03 -8.85376869E-03
+56.62500E-06 -310.32788815E-03 +4.65376884E-03
+56.64000E-06 +956.00378538E-03 +794.47241E-06
+56.65500E-06 -1.66108167196E+00 -4.99447226E-03
+56.67000E-06 +1.71580278873E+00 +10.44271351E-03
+56.68500E-06 -1.82992589437E+00 -13.67788925E-03
+56.70000E-06 +1.20927011917E+00 +12.37236173E-03
+56.71500E-06 -901.28266762E-03 -10.78341691E-03
+56.73000E-06 -57.06155350E-03 +4.65376885E-03
+56.74500E-06 +618.31533934E-03 -1.13517581E-03
+56.76000E-06 -1.40781533755E+00 -4.02964815E-03
+56.77500E-06 +1.54695856571E+00 +8.51306529E-03
+56.79000E-06 -1.82992589461E+00 -10.78341692E-03
+56.80500E-06 +1.37811434232E+00 +11.40753762E-03
+56.82000E-06 -985.70477938E-03 -9.81859281E-03
+56.83500E-06 +111.78266952E-03 +6.58341706E-03
+56.85000E-06 +280.62689342E-03 -3.06482403E-03
+56.86500E-06 -1.15454900314E+00 -3.06482404E-03
+56.88000E-06 +1.37811434281E+00 +6.58341707E-03
+56.89500E-06 -1.74550378323E+00 -9.81859281E-03
+56.91000E-06 +1.37811434244E+00 +11.40753762E-03
+56.92500E-06 -1.15454900240E+00 -11.74824102E-03
+56.94000E-06 +365.04900405E-03 +7.54824118E-03
+56.95500E-06 +111.78267040E-03 -4.99447225E-03
+56.97000E-06 -901.28266849E-03 -2.09999993E-03
+56.98500E-06 +1.20927011979E+00 +4.65376885E-03
+57.00000E-06 -1.74550378323E+00 -7.88894459E-03
+57.01500E-06 +1.37811434256E+00 +10.44271351E-03
+57.03000E-06 -1.23897111391E+00 -10.78341692E-03
+57.04500E-06 +533.89322733E-03 +7.54824118E-03
+57.06000E-06 -141.48366414E-03 -5.95929636E-03
+57.07500E-06 -732.43844547E-03 +794.47240E-06
+57.09000E-06 +956.00378551E-03 +2.72412063E-03
+57.10500E-06 -1.57665956033E+00 -7.88894459E-03
+57.12000E-06 +1.29369223118E+00 +8.51306529E-03
+57.13500E-06 -1.49223744831E+00 -10.78341692E-03
+57.15000E-06 +618.31533884E-03 +8.51306528E-03
+57.16500E-06 -394.74999867E-03 -6.92412047E-03
+57.18000E-06 -563.59422232E-03 +1.75929651E-03
+57.19500E-06 +702.73745085E-03 +2.72412063E-03
+57.21000E-06 -1.40781533731E+00 -6.92412048E-03
+57.22500E-06 +1.37811434256E+00 +7.54824118E-03
+57.24000E-06 -1.40781533693E+00 -9.81859281E-03
+57.25500E-06 +871.58167324E-03 +8.51306529E-03
+57.27000E-06 -563.59422169E-03 -7.88894459E-03
+57.28500E-06 -225.90577640E-03 +1.75929652E-03
+57.30000E-06 +533.89322796E-03 -170.35170E-06
+57.31500E-06 -1.15454900290E+00 -4.02964815E-03
+57.33000E-06 +1.20927011967E+00 +6.58341707E-03
+57.34500E-06 -1.40781533705E+00 -9.81859281E-03
+57.36000E-06 +871.58167349E-03 +9.47788940E-03
+57.37500E-06 -732.43844471E-03 -7.88894459E-03
+57.39000E-06 -57.06155338E-03 +4.65376884E-03
+57.40500E-06 +365.04900481E-03 -2.09999992E-03
+57.42000E-06 -985.70477988E-03 -3.06482404E-03
+57.43500E-06 +1.12484800828E+00 +6.58341707E-03
+57.45000E-06 -1.40781533705E+00 -8.85376870E-03
+57.46500E-06 +956.00378501E-03 +8.51306529E-03
+57.48000E-06 -901.28266760E-03 -7.88894459E-03
+57.49500E-06 +111.78266964E-03 +5.61859295E-03
+57.51000E-06 +196.20478179E-03 -2.09999992E-03
+57.52500E-06 -901.28266837E-03 -2.09999993E-03
+57.54000E-06 +956.00378526E-03 +4.65376885E-03
+57.55500E-06 -1.40781533705E+00 -7.88894459E-03
+57.57000E-06 +956.00378513E-03 +7.54824118E-03
+57.58500E-06 -985.70477950E-03 -8.85376870E-03
+57.60000E-06 +365.04900417E-03 +5.61859296E-03
+57.61500E-06 +27.36055877E-03 -4.02964814E-03
+57.63000E-06 -648.01633384E-03 +794.47240E-06
+57.64500E-06 +871.58167375E-03 +1.75929652E-03
+57.66000E-06 -1.23897111416E+00 -6.92412048E-03
+57.67500E-06 +1.04042589652E+00 +7.54824118E-03
+57.69000E-06 -1.07012689088E+00 -8.85376870E-03
+57.70500E-06 +365.04900430E-03 +6.58341707E-03
+57.72000E-06 -310.32788715E-03 -4.99447225E-03
+57.73500E-06 -479.17211095E-03 +794.47240E-06
+57.75000E-06 +618.31533935E-03 +1.75929652E-03
+57.76500E-06 -1.15454900252E+00 -5.95929637E-03
+57.78000E-06 +956.00378500E-03 +6.58341707E-03
+57.79500E-06 -1.15454900252E+00 -8.85376870E-03
+57.81000E-06 +533.89322732E-03 +6.58341707E-03
+57.82500E-06 -394.74999866E-03 -4.99447225E-03
+57.84000E-06 -394.74999931E-03 +794.47241E-06
+57.85500E-06 +533.89322784E-03 -170.35170E-06
+57.87000E-06 -985.70477989E-03 -4.99447226E-03
+57.88500E-06 +1.04042589651E+00 +4.65376885E-03
+57.90000E-06 -1.07012689101E+00 -6.92412048E-03
+57.91500E-06 +702.73745021E-03 +7.54824118E-03
+57.93000E-06 -479.17211043E-03 -5.95929636E-03
+57.94500E-06 -141.48366477E-03 +1.75929652E-03
+57.96000E-06 +365.04900482E-03 -170.35170E-06
+57.97500E-06 -901.28266824E-03 -4.02964815E-03
+57.99000E-06 +787.15956211E-03 +4.65376885E-03
+58.00500E-06 -1.07012689114E+00 -7.88894459E-03
+58.02000E-06 +618.31533896E-03 +5.61859296E-03
+58.03500E-06 -648.01633332E-03 -6.92412047E-03
+58.05000E-06 -57.06155326E-03 +2.72412063E-03
+58.06500E-06 +111.78267015E-03 -2.09999992E-03
+58.08000E-06 -816.86055673E-03 -2.09999993E-03
+58.09500E-06 +787.15956211E-03 +3.68894474E-03
+58.11000E-06 -1.07012689114E+00 -6.92412048E-03
+58.12500E-06 +618.31533909E-03 +5.61859296E-03
+58.14000E-06 -648.01633358E-03 -5.95929637E-03
+58.15500E-06 +111.78266976E-03 +3.68894473E-03
+58.17000E-06 +111.78267015E-03 -3.06482403E-03
+58.18500E-06 -648.01633384E-03 -170.35171E-06
+58.20000E-06 +533.89322784E-03 +3.68894474E-03
+58.21500E-06 -985.70477962E-03 -5.95929637E-03
+58.23000E-06 +702.73745047E-03 +5.61859296E-03
+58.24500E-06 -732.43844483E-03 -5.95929637E-03
+58.26000E-06 +196.20478140E-03 +3.68894474E-03
+58.27500E-06 -141.48366425E-03 -3.06482404E-03
+58.29000E-06 -563.59422220E-03 +794.47240E-06
+58.30500E-06 +533.89322758E-03 +2.72412063E-03
+58.32000E-06 -985.70477962E-03 -4.99447226E-03
+58.33500E-06 +618.31533909E-03 +5.61859296E-03
+58.35000E-06 -732.43844496E-03 -5.95929637E-03
+58.36500E-06 +280.62689291E-03 +3.68894474E-03
+58.38000E-06 -225.90577589E-03 -4.02964814E-03
+58.39500E-06 -394.74999931E-03 +794.47240E-06
+58.41000E-06 +365.04900455E-03 +794.47241E-06
+58.42500E-06 -816.86055674E-03 -4.99447226E-03
+58.44000E-06 +618.31533922E-03 +4.65376885E-03
+58.45500E-06 -901.28266798E-03 -4.99447226E-03
+58.47000E-06 +365.04900429E-03 +4.65376885E-03
+58.48500E-06 -310.32788740E-03 -4.99447225E-03
+58.50000E-06 -225.90577629E-03 +1.75929651E-03
+58.51500E-06 +365.04900469E-03 -170.35170E-06
+58.53000E-06 -648.01633371E-03 -4.02964815E-03
+58.54500E-06 +533.89322771E-03 +3.68894474E-03
+58.56000E-06 -901.28266785E-03 -5.95929636E-03
+58.57500E-06 +365.04900455E-03 +5.61859295E-03
+58.59000E-06 -479.17211029E-03 -4.02964815E-03
+58.60500E-06 -225.90577616E-03 +1.75929651E-03
+58.62000E-06 +196.20478180E-03 -170.35170E-06
+58.63500E-06 -732.43844509E-03 -2.09999993E-03
+58.65000E-06 +533.89322758E-03 +2.72412063E-03
+58.66500E-06 -732.43844536E-03 -4.99447225E-03
+58.68000E-06 +449.47111593E-03 +5.61859296E-03
+58.69500E-06 -479.17211042E-03 -4.02964815E-03
+58.71000E-06 +27.36055824E-03 +2.72412062E-03
+58.72500E-06 +27.36055864E-03 -1.13517581E-03
+58.74000E-06 -563.59422207E-03 -1.13517582E-03
+58.75500E-06 +449.47111620E-03 +2.72412063E-03
+58.77000E-06 -732.43844509E-03 -4.99447226E-03
+58.78500E-06 +533.89322744E-03 +3.68894474E-03
+58.80000E-06 -648.01633331E-03 -4.99447226E-03
+58.81500E-06 +27.36055837E-03 +2.72412063E-03
+58.83000E-06 -57.06155287E-03 -2.09999993E-03
+58.84500E-06 -394.74999918E-03 -1.13517581E-03
+58.86000E-06 +365.04900469E-03 +1.75929652E-03
+58.87500E-06 -732.43844509E-03 -3.06482404E-03
+58.89000E-06 +533.89322744E-03 +4.65376885E-03
+58.90500E-06 -648.01633358E-03 -4.02964815E-03
+58.92000E-06 +196.20478126E-03 +3.68894474E-03
+58.93500E-06 -141.48366424E-03 -2.09999993E-03
+58.95000E-06 -394.74999905E-03 -170.35171E-06
+58.96500E-06 +280.62689318E-03 -170.35170E-06
+58.98000E-06 -648.01633385E-03 -4.02964815E-03
+58.99500E-06 +449.47111593E-03 +3.68894474E-03
+59.01000E-06 -648.01633344E-03 -4.02964814E-03
+59.02500E-06 +196.20478140E-03 +2.72412063E-03
+59.04000E-06 -225.90577575E-03 -2.09999993E-03
+59.05500E-06 -310.32788754E-03 +794.47240E-06
+59.07000E-06 +280.62689304E-03 -170.35170E-06
+59.08500E-06 -648.01633358E-03 -3.06482404E-03
+59.10000E-06 +365.04900469E-03 +2.72412063E-03
+59.11500E-06 -563.59422207E-03 -4.02964815E-03
+59.13000E-06 +365.04900414E-03 +2.72412063E-03
+59.14500E-06 -225.90577602E-03 -3.06482403E-03
+59.16000E-06 -141.48366479E-03 +794.47240E-06
+59.17500E-06 +111.78267016E-03 -170.35170E-06
+59.19000E-06 -563.59422221E-03 -2.09999993E-03
+59.20500E-06 +365.04900455E-03 +794.47241E-06
+59.22000E-06 -648.01633344E-03 -4.99447225E-03
+59.23500E-06 +280.62689304E-03 +3.68894473E-03
+59.25000E-06 -310.32788754E-03 -3.06482404E-03
+59.26500E-06 -57.06155314E-03 +794.47240E-06
+59.28000E-06 +27.36055865E-03 -1.13517581E-03
+59.29500E-06 -479.17211070E-03 -2.09999993E-03
+59.31000E-06 +280.62689318E-03 +2.72412062E-03
+59.32500E-06 -563.59422207E-03 -4.02964814E-03
+59.34000E-06 +280.62689291E-03 +2.72412063E-03
+59.35500E-06 -394.74999905E-03 -3.06482404E-03
+59.37000E-06 -57.06155314E-03 +1.75929652E-03
+59.38500E-06 +27.36055851E-03 -170.35170E-06
+59.40000E-06 -394.74999905E-03 -2.09999993E-03
+59.41500E-06 +365.04900455E-03 +1.75929652E-03
+59.43000E-06 -479.17211070E-03 -3.06482404E-03
+59.44500E-06 +280.62689318E-03 +2.72412063E-03
+59.46000E-06 -394.74999905E-03 -3.06482404E-03
+59.47500E-06 -57.06155300E-03 +1.75929652E-03
+59.49000E-06 -225.90577575E-03 -2.09999992E-03
+59.50500E-06 -310.32788767E-03 -170.35170E-06
+59.52000E-06 +280.62689290E-03 +794.47241E-06
+59.53500E-06 -563.59422193E-03 -3.06482404E-03
+59.55000E-06 +280.62689304E-03 +1.75929651E-03
+59.56500E-06 -479.17211042E-03 -4.02964815E-03
+59.58000E-06 +111.78266974E-03 +1.75929652E-03
+59.59500E-06 -225.90577588E-03 -2.09999993E-03
+59.61000E-06 -225.90577616E-03 -170.35170E-06
+59.62500E-06 +27.36055879E-03 -170.35170E-06
+59.64000E-06 -479.17211070E-03 -3.06482404E-03
+59.65500E-06 +196.20478153E-03 +1.75929652E-03
+59.67000E-06 -479.17211056E-03 -3.06482404E-03
+59.68500E-06 +27.36055851E-03 +1.75929652E-03
+59.70000E-06 -141.48366451E-03 -2.09999993E-03
+59.71500E-06 -225.90577616E-03 +794.47240E-06
+59.73000E-06 +111.78267002E-03 +794.47241E-06
+59.74500E-06 -394.74999933E-03 -2.09999993E-03
+59.76000E-06 +196.20478153E-03 +794.47241E-06
+59.77500E-06 -479.17211042E-03 -3.06482404E-03
+59.79000E-06 +196.20478125E-03 +1.75929651E-03
+59.80500E-06 -310.32788739E-03 -3.06482404E-03
+59.82000E-06 -141.48366465E-03 +794.47240E-06
+59.83500E-06 -57.06155286E-03 -170.35170E-06
+59.85000E-06 -394.74999905E-03 -2.09999993E-03
+59.86500E-06 +111.78267016E-03 +1.75929652E-03
+59.88000E-06 -563.59422207E-03 -2.09999993E-03
+59.89500E-06 +111.78267016E-03 +1.75929652E-03
+59.91000E-06 -225.90577602E-03 -2.09999993E-03
+59.92500E-06 -57.06155314E-03 -170.35170E-06
+59.94000E-06 -57.06155286E-03 -170.35170E-06
+59.95500E-06 -394.74999890E-03 -1.13517582E-03
+59.97000E-06 +196.20478153E-03 +794.47241E-06
+59.98500E-06 -479.17211042E-03 -2.09999993E-03
+60.00000E-06 +111.78267016E-03 +1.75929651E-03
+60.01500E-06 -394.74999890E-03 -2.09999993E-03
+60.03000E-06 -57.06155314E-03 +794.47240E-06
+60.04500E-06 -57.06155300E-03 -1.13517581E-03
+60.06000E-06 -310.32788768E-03 -1.13517581E-03
+60.07500E-06 +111.78267002E-03 +794.47241E-06
+60.09000E-06 -394.74999905E-03 -2.09999993E-03
+60.10500E-06 +196.20478139E-03 +1.75929651E-03
+60.12000E-06 -310.32788754E-03 -2.09999992E-03
+60.13500E-06 -57.06155300E-03 +794.47241E-06
+60.15000E-06 -57.06155300E-03 -1.13517582E-03
+60.16500E-06 -225.90577617E-03 -170.35170E-06
+60.18000E-06 +27.36055865E-03 +794.47241E-06
+60.19500E-06 -479.17211041E-03 -1.13517582E-03
+60.21000E-06 +111.78267002E-03 +794.47241E-06
+60.22500E-06 -310.32788768E-03 -2.09999992E-03
+60.24000E-06 -57.06155300E-03 +794.47241E-06
+60.25500E-06 -225.90577574E-03 -170.35171E-06
+60.27000E-06 -225.90577602E-03 -170.35171E-06
+60.28500E-06 +27.36055851E-03 -1.13517581E-03
+60.30000E-06 -310.32788768E-03 -1.13517581E-03
+60.31500E-06 +111.78267002E-03 +1.75929652E-03
+60.33000E-06 -310.32788754E-03 -3.06482403E-03
+60.34500E-06 +27.36055865E-03 +1.75929651E-03
+60.36000E-06 -310.32788725E-03 -2.09999993E-03
+60.37500E-06 -141.48366451E-03 +794.47240E-06
+60.39000E-06 +27.36055851E-03 -1.13517581E-03
+60.40500E-06 -310.32788768E-03 -1.13517581E-03
+60.42000E-06 +111.78267002E-03 +794.47241E-06
+60.43500E-06 -310.32788754E-03 -2.09999993E-03
+60.45000E-06 +111.78266988E-03 +794.47241E-06
+60.46500E-06 -225.90577602E-03 -2.09999993E-03
+60.48000E-06 -141.48366466E-03 +794.47241E-06
+60.49500E-06 +27.36055837E-03 -170.35170E-06
+60.51000E-06 -310.32788754E-03 -1.13517582E-03
+60.52500E-06 +111.78267002E-03 +794.47241E-06
+60.54000E-06 -310.32788768E-03 -3.06482403E-03
+60.55500E-06 +27.36055851E-03 +1.75929651E-03
+60.57000E-06 -310.32788739E-03 -1.13517582E-03
+60.58500E-06 -141.48366451E-03 +794.47241E-06
+60.60000E-06 -141.48366422E-03 -170.35170E-06
+60.61500E-06 -225.90577602E-03 -170.35171E-06
+60.63000E-06 +111.78267002E-03 +794.47240E-06
+60.64500E-06 -225.90577617E-03 -2.09999993E-03
+60.66000E-06 +111.78266988E-03 +1.75929652E-03
+60.67500E-06 -225.90577602E-03 -1.13517582E-03
+60.69000E-06 -57.06155300E-03 +794.47241E-06
+60.70500E-06 -141.48366451E-03 -1.13517581E-03
+60.72000E-06 -310.32788754E-03 -170.35171E-06
+60.73500E-06 +27.36055866E-03 +1.75929651E-03
+60.75000E-06 -225.90577617E-03 -1.13517582E-03
+60.76500E-06 +27.36055851E-03 -170.35170E-06
+60.78000E-06 -225.90577617E-03 -2.09999993E-03
+60.79500E-06 -57.06155300E-03 +794.47240E-06
+60.81000E-06 -141.48366437E-03 -2.09999992E-03
+60.82500E-06 -141.48366451E-03 -170.35171E-06
+60.84000E-06 -141.48366407E-03 -170.35170E-06
+60.85500E-06 -310.32788739E-03 -1.13517581E-03
+60.87000E-06 +111.78266987E-03 +794.47240E-06
+60.88500E-06 -310.32788739E-03 -2.09999993E-03
+60.90000E-06 -57.06155300E-03 +794.47241E-06
+60.91500E-06 -225.90577588E-03 -1.13517581E-03
+60.93000E-06 -141.48366466E-03 -1.13517581E-03
+60.94500E-06 -57.06155300E-03 -170.35170E-06
+60.96000E-06 -310.32788754E-03 -2.09999993E-03
+60.97500E-06 +27.36055851E-03 +794.47241E-06
+60.99000E-06 -225.90577602E-03 -1.13517582E-03
+61.00500E-06 +27.36055851E-03 -170.35170E-06
+61.02000E-06 -141.48366451E-03 -1.13517581E-03
+61.03500E-06 -141.48366451E-03 -170.35170E-06
+61.05000E-06 -57.06155300E-03 -1.13517581E-03
+61.06500E-06 -310.32788739E-03 -1.13517581E-03
+61.08000E-06 +27.36055851E-03 +794.47241E-06
+61.09500E-06 -310.32788739E-03 -1.13517582E-03
+61.11000E-06 +27.36055836E-03 +1.75929651E-03
+61.12500E-06 -225.90577588E-03 -1.13517581E-03
+61.14000E-06 -57.06155315E-03 +794.47240E-06
+61.15500E-06 -141.48366437E-03 -1.13517581E-03
+61.17000E-06 -225.90577602E-03 -1.13517581E-03
+61.18500E-06 +27.36055851E-03 -170.35170E-06
+61.20000E-06 -225.90577617E-03 -1.13517582E-03
+61.21500E-06 +27.36055837E-03 +1.75929651E-03
+61.23000E-06 -225.90577602E-03 -1.13517582E-03
+61.24500E-06 -57.06155314E-03 -1.13517581E-03
+61.26000E-06 -57.06155314E-03 -170.35170E-06
+61.27500E-06 -310.32788754E-03 -1.13517582E-03
+61.29000E-06 -57.06155300E-03 -170.35170E-06
+61.30500E-06 -310.32788754E-03 -1.13517581E-03
+61.32000E-06 -57.06155300E-03 +794.47241E-06
+61.33500E-06 -225.90577602E-03 -1.13517582E-03
+61.35000E-06 -57.06155314E-03 -170.35170E-06
+61.36500E-06 -57.06155314E-03 -1.13517581E-03
+61.38000E-06 -141.48366465E-03 -170.35170E-06
+61.39500E-06 -57.06155300E-03 -170.35170E-06
+61.41000E-06 -225.90577616E-03 -1.13517581E-03
+61.42500E-06 +27.36055824E-03 +794.47240E-06
+61.44000E-06 -225.90577602E-03 -1.13517581E-03
+61.45500E-06 -57.06155300E-03 -170.35170E-06
+61.47000E-06 -141.48366438E-03 -1.13517581E-03
+61.48500E-06 -225.90577589E-03 -170.35170E-06
+61.50000E-06 -57.06155287E-03 +794.47241E-06
+61.51500E-06 -225.90577589E-03 -1.13517581E-03
+61.53000E-06 +27.36055838E-03 +794.47241E-06
+61.54500E-06 -225.90577616E-03 -1.13517581E-03
+61.56000E-06 -57.06155300E-03 +794.47241E-06
+61.57500E-06 -225.90577589E-03 -1.13517581E-03
+61.59000E-06 -141.48366464E-03 -170.35171E-06
+61.60500E-06 -57.06155287E-03 -1.13517581E-03
+61.62000E-06 -225.90577615E-03 -1.13517581E-03
+61.63500E-06 -57.06155287E-03 -170.35170E-06
+61.65000E-06 -141.48366451E-03 -2.09999993E-03
+61.66500E-06 -57.06155313E-03 +794.47241E-06
+61.68000E-06 -141.48366451E-03 -1.13517581E-03
+61.69500E-06 -57.06155313E-03 -170.35170E-06
+61.71000E-06 -57.06155300E-03 -170.35171E-06
+61.72500E-06 -225.90577590E-03 -1.13517581E-03
+61.74000E-06 -57.06155288E-03 +794.47240E-06
+61.75500E-06 -310.32788741E-03 -170.35171E-06
+61.77000E-06 -57.06155300E-03 +794.47241E-06
+61.78500E-06 -225.90577602E-03 -1.13517581E-03
+61.80000E-06 -141.48366439E-03 +794.47241E-06
+61.81500E-06 -57.06155300E-03 +794.47240E-06
+61.83000E-06 -141.48366463E-03 -170.35171E-06
+61.84500E-06 -57.06155288E-03 -1.13517581E-03
+61.86000E-06 -225.90577602E-03 -2.09999993E-03
+61.87500E-06 -57.06155288E-03 -170.35170E-06
+61.89000E-06 -141.48366463E-03 -2.09999992E-03
+61.90500E-06 -57.06155312E-03 -170.35170E-06
+61.92000E-06 -141.48366439E-03 -1.13517581E-03
+61.93500E-06 -57.06155312E-03 -170.35171E-06
+61.95000E-06 -57.06155300E-03 -170.35171E-06
+61.96500E-06 -225.90577602E-03 -2.09999992E-03
+61.98000E-06 -57.06155300E-03 +794.47240E-06
+61.99500E-06 -225.90577602E-03 -1.13517581E-03
+62.01000E-06 -57.06155300E-03 -170.35170E-06
+62.02500E-06 -57.06155312E-03 -170.35170E-06
+62.04000E-06 -225.90577591E-03 -170.35170E-06
+62.05500E-06 -141.48366440E-03 -170.35170E-06
+62.07000E-06 -141.48366463E-03 -1.13517581E-03
+62.08500E-06 -57.06155300E-03 -1.13517581E-03
+62.10000E-06 -141.48366451E-03 -1.13517581E-03
+62.11500E-06 -141.48366451E-03 +794.47240E-06
+62.13000E-06 -141.48366440E-03 -1.13517581E-03
+62.14500E-06 -141.48366462E-03 -170.35170E-06
+62.16000E-06 -141.48366440E-03 -170.35170E-06
+62.17500E-06 -225.90577591E-03 -170.35171E-06
+62.19000E-06 -57.06155289E-03 -170.35170E-06
+62.20500E-06 -225.90577602E-03 -2.09999992E-03
+62.22000E-06 -57.06155311E-03 -1.13517581E-03
+62.23500E-06 -141.48366451E-03 -170.35171E-06
+62.25000E-06 -141.48366462E-03 -1.13517581E-03
+62.26500E-06 -57.06155311E-03 -170.35170E-06
+62.28000E-06 -141.48366462E-03 -1.13517581E-03
+62.29500E-06 -57.06155311E-03 -170.35170E-06
+62.31000E-06 -225.90577592E-03 -1.13517581E-03
+62.32500E-06 -57.06155300E-03 -170.35170E-06
+62.34000E-06 -141.48366451E-03 -1.13517581E-03
+62.35500E-06 -225.90577592E-03 -170.35170E-06
+62.37000E-06 -141.48366451E-03 -170.35170E-06
+62.38500E-06 -141.48366462E-03 -170.35170E-06
+62.40000E-06 -141.48366431E-03 -170.35170E-06
+62.41500E-06 -141.48366451E-03 -1.13517581E-03
+62.43000E-06 -57.06155300E-03 -170.35170E-06
+62.44500E-06 -141.48366451E-03 -1.13517581E-03
+62.46000E-06 -141.48366441E-03 -170.35170E-06
+62.47500E-06 -141.48366451E-03 -1.13517581E-03
+62.49000E-06 -141.48366451E-03 -2.09999992E-03
+62.50500E-06 -141.48366441E-03 +794.47240E-06
+62.52000E-06 -141.48366461E-03 -1.13517581E-03
+62.53500E-06 -141.48366441E-03 +794.47241E-06
+62.55000E-06 -225.90577592E-03 -1.13517581E-03
+62.56500E-06 -57.06155300E-03 -170.35170E-06
+62.58000E-06 -57.06155310E-03 -170.35170E-06
+62.59500E-06 -225.90577602E-03 +794.47240E-06
+62.61000E-06 -141.48366442E-03 -1.13517581E-03
+62.62500E-06 -225.90577593E-03 -170.35170E-06
+62.64000E-06 -141.48366451E-03 -170.35170E-06
+62.65500E-06 -225.90577583E-03 -170.35171E-06
+62.67000E-06 -57.06155310E-03 -1.13517581E-03
+62.68500E-06 -57.06155300E-03 -170.35170E-06
+62.70000E-06 -225.90577602E-03 -1.13517581E-03
+62.71500E-06 -57.06155300E-03 -1.13517581E-03
+62.73000E-06 -141.48366461E-03 -170.35170E-06
+62.74500E-06 -141.48366451E-03 +794.47240E-06
+62.76000E-06 -141.48366451E-03 -1.13517581E-03
+62.77500E-06 -57.06155300E-03 -170.35170E-06
+62.79000E-06 -57.06155309E-03 -170.35171E-06
+62.80500E-06 -141.48366451E-03 -1.13517581E-03
+62.82000E-06 -141.48366442E-03 -170.35170E-06
+62.83500E-06 -225.90577584E-03 -170.35170E-06
+62.85000E-06 -141.48366442E-03 -1.13517581E-03
+62.86500E-06 -141.48366451E-03 -170.35171E-06
+62.88000E-06 -141.48366451E-03 -170.35170E-06
+62.89500E-06 -225.90577594E-03 -170.35171E-06
+62.91000E-06 -57.06155309E-03 -170.35171E-06
+62.92500E-06 -141.48366443E-03 -2.09999992E-03
+62.94000E-06 -141.48366451E-03 -1.13517581E-03
+62.95500E-06 -57.06155300E-03 +794.47240E-06
+62.97000E-06 -57.06155300E-03 -1.13517581E-03
+62.98500E-06 -57.06155309E-03 -170.35170E-06
+63.00000E-06 -141.48366451E-03 -170.35171E-06
+63.01500E-06 -141.48366443E-03 +794.47241E-06
+63.03000E-06 -57.06155300E-03 -170.35170E-06
+63.04500E-06 -225.90577594E-03 -1.13517581E-03
+63.06000E-06 -141.48366443E-03 +794.47240E-06
+63.07500E-06 -141.48366459E-03 -1.13517581E-03
+63.09000E-06 -141.48366451E-03 -170.35170E-06
+63.10500E-06 -225.90577594E-03 -170.35171E-06
+63.12000E-06 -141.48366451E-03 +794.47240E-06
+63.13500E-06 -57.06155300E-03 -170.35170E-06
+63.15000E-06 -141.48366451E-03 -170.35171E-06
+63.16500E-06 -141.48366451E-03 -1.13517581E-03
+63.18000E-06 -141.48366459E-03 -1.13517581E-03
+63.19500E-06 -141.48366451E-03 -170.35171E-06
+63.21000E-06 -141.48366444E-03 -1.13517581E-03
+63.22500E-06 -141.48366451E-03 -170.35170E-06
+63.24000E-06 -225.90577595E-03 -170.35170E-06
+63.25500E-06 -225.90577595E-03 -170.35170E-06
+63.27000E-06 -57.06155300E-03 -1.13517582E-03
+63.28500E-06 -225.90577602E-03 -1.13517581E-03
+63.30000E-06 -57.06155308E-03 -170.35170E-06
+63.31500E-06 -225.90577588E-03 -1.13517581E-03
+63.33000E-06 -141.48366459E-03 -170.35170E-06
+63.34500E-06 -141.48366451E-03 -1.13517581E-03
+63.36000E-06 -141.48366451E-03 -170.35170E-06
+63.37500E-06 -141.48366451E-03 -170.35170E-06
+63.39000E-06 -141.48366451E-03 -1.13517581E-03
+63.40500E-06 -57.06155293E-03 -1.13517581E-03
+63.42000E-06 -141.48366458E-03 -1.13517581E-03
+63.43500E-06 -141.48366451E-03 -170.35170E-06
+63.45000E-06 -141.48366451E-03 -170.35170E-06
+63.46500E-06 -141.48366451E-03 -170.35170E-06
+63.48000E-06 -225.90577596E-03 -170.35170E-06
+63.49500E-06 -141.48366444E-03 -170.35170E-06
+63.51000E-06 -57.06155307E-03 -170.35171E-06
+63.52500E-06 -141.48366451E-03 -1.13517581E-03
+63.54000E-06 -141.48366451E-03 -1.13517581E-03
+63.55500E-06 -141.48366445E-03 -1.13517581E-03
+63.57000E-06 -57.06155307E-03 -170.35170E-06
+63.58500E-06 -141.48366451E-03 -170.35170E-06
+63.60000E-06 -141.48366451E-03 -1.13517581E-03
+63.61500E-06 -141.48366451E-03 -170.35170E-06
+63.63000E-06 -141.48366451E-03 -1.13517581E-03
+63.64500E-06 -141.48366445E-03 -2.09999992E-03
+63.66000E-06 -225.90577602E-03 -1.13517581E-03
+63.67500E-06 -57.06155300E-03 -170.35170E-06
+63.69000E-06 -141.48366451E-03 -1.13517581E-03
+63.70500E-06 -57.06155306E-03 -170.35170E-06
+63.72000E-06 -141.48366451E-03 -170.35170E-06
+63.73500E-06 -141.48366451E-03 -170.35171E-06
+63.75000E-06 -141.48366445E-03 -170.35171E-06
+63.76500E-06 -141.48366445E-03 -1.13517581E-03
+63.78000E-06 -141.48366451E-03 -170.35170E-06
+63.79500E-06 -141.48366451E-03 -1.13517581E-03
+63.81000E-06 -141.48366451E-03 -1.13517581E-03
+63.82500E-06 -57.06155306E-03 -170.35170E-06
+63.84000E-06 -141.48366446E-03 -170.35170E-06
+63.85500E-06 -141.48366446E-03 +794.47241E-06
+63.87000E-06 -141.48366451E-03 -170.35171E-06
+63.88500E-06 -141.48366446E-03 -170.35170E-06
+63.90000E-06 -141.48366451E-03 -170.35170E-06
+63.91500E-06 -225.90577597E-03 -170.35171E-06
+63.93000E-06 -141.48366446E-03 -1.13517581E-03
+63.94500E-06 -141.48366451E-03 -170.35171E-06
+63.96000E-06 -141.48366451E-03 -170.35170E-06
+63.97500E-06 -141.48366451E-03 +794.47241E-06
+63.99000E-06 -141.48366456E-03 -1.13517581E-03
+64.00500E-06 -141.48366446E-03 -1.13517581E-03
+64.02000E-06 -141.48366451E-03 -170.35170E-06
+64.03500E-06 -141.48366451E-03 -170.35171E-06
+64.05000E-06 -57.06155310E-03 -1.13517581E-03
+64.06500E-06 -57.06155305E-03 -1.13517581E-03
+64.08000E-06 -141.48366451E-03 -170.35170E-06
+64.09500E-06 -57.06155300E-03 -170.35170E-06
+64.11000E-06 -57.06155300E-03 -1.13517581E-03
+64.12500E-06 -141.48366451E-03 -170.35170E-06
+64.14000E-06 -141.48366451E-03 -170.35170E-06
+64.15500E-06 -57.06155305E-03 -170.35171E-06
+64.17000E-06 -141.48366447E-03 -170.35170E-06
+64.18500E-06 -141.48366451E-03 -170.35170E-06
+64.20000E-06 -141.48366447E-03 -170.35170E-06
+64.21500E-06 -141.48366451E-03 -1.13517581E-03
+64.23000E-06 -225.90577598E-03 -1.13517581E-03
+64.24500E-06 -141.48366447E-03 -1.13517581E-03
+64.26000E-06 -225.90577602E-03 -170.35171E-06
+64.27500E-06 -141.48366451E-03 -1.13517581E-03
+64.29000E-06 -141.48366447E-03 -1.13517581E-03
+64.30500E-06 -141.48366451E-03 -170.35170E-06
+64.32000E-06 -141.48366455E-03 -170.35170E-06
+64.33500E-06 -141.48366447E-03 -170.35170E-06
+64.35000E-06 -57.06155304E-03 -1.13517581E-03
+64.36500E-06 -141.48366447E-03 -1.13517581E-03
+64.38000E-06 -141.48366451E-03 -170.35170E-06
+64.39500E-06 -141.48366451E-03 -170.35171E-06
+64.41000E-06 -141.48366447E-03 -1.13517581E-03
+64.42500E-06 -57.06155304E-03 +794.47241E-06
+64.44000E-06 -141.48366451E-03 -170.35170E-06
+64.45500E-06 -141.48366448E-03 +794.47241E-06
+64.47000E-06 -141.48366451E-03 -1.13517581E-03
+64.48500E-06 -141.48366451E-03 -1.13517581E-03
