x-axis SCL1 SDA1
second Volt Volt
+34.50000E-06 -41.32789373E-03 -280.52763E-06
+34.51500E-06 -41.32789373E-03 -1.72776380E-03
+34.53000E-06 -102.43342072E-03 -280.52763E-06
+34.54500E-06 -102.43342072E-03 -280.52763E-06
+34.56000E-06 -41.32789373E-03 -1.72776380E-03
+34.57500E-06 -102.43342072E-03 -1.72776380E-03
+34.59000E-06 -41.32789373E-03 -1.72776380E-03
+34.60500E-06 -41.32789373E-03 -280.52763E-06
+34.62000E-06 +19.77763325E-03 -280.52763E-06
+34.63500E-06 -41.32789373E-03 -1.72776380E-03
+34.65000E-06 -41.32789373E-03 -1.72776380E-03
+34.66500E-06 -41.32789373E-03 -280.52763E-06
+34.68000E-06 -41.32789373E-03 -1.72776380E-03
+34.69500E-06 -41.32789373E-03 -280.52763E-06
+34.71000E-06 -41.32789373E-03 -280.52763E-06
+34.72500E-06 -41.32789373E-03 -280.52763E-06
+34.74000E-06 -41.32789373E-03 -280.52763E-06
+34.75500E-06 -41.32789373E-03 -1.72776380E-03
+34.77000E-06 -41.32789373E-03 -280.52763E-06
+34.78500E-06 -41.32789373E-03 +1.16670853E-03
+34.80000E-06 +19.77763325E-03 -1.72776380E-03
+34.81500E-06 -102.43342072E-03 -280.52763E-06
+34.83000E-06 -41.32789373E-03 -1.72776380E-03
+34.84500E-06 -41.32789373E-03 -280.52763E-06
+34.86000E-06 -41.32789373E-03 -1.72776380E-03
+34.87500E-06 -41.32789373E-03 -1.72776380E-03
+34.89000E-06 -102.43342072E-03 -1.72776380E-03
+34.90500E-06 -41.32789373E-03 -280.52763E-06
+34.92000E-06 -41.32789374E-03 -1.72776380E-03
+34.93500E-06 -41.32789373E-03 -280.52763E-06
+34.95000E-06 -41.32789373E-03 -280.52763E-06
+34.96500E-06 -102.43342072E-03 -280.52763E-06
+34.98000E-06 -41.32789373E-03 -280.52763E-06
+34.99500E-06 -41.32789373E-03 -1.72776380E-03
+35.01000E-06 -41.32789373E-03 -1.72776380E-03
+35.02500E-06 -41.32789373E-03 -1.72776380E-03
+35.04000E-06 -41.32789373E-03 -280.52763E-06
+35.05500E-06 -41.32789373E-03 -280.52763E-06
+35.07000E-06 -41.32789373E-03 -280.52763E-06
+35.08500E-06 -41.32789373E-03 -280.52763E-06
+35.10000E-06 -41.32789373E-03 -1.72776380E-03
+35.11500E-06 -41.32789373E-03 -1.72776380E-03
+35.13000E-06 -41.32789373E-03 -1.72776380E-03
+35.14500E-06 -41.32789373E-03 -280.52763E-06
+35.16000E-06 -41.32789374E-03 -280.52763E-06
+35.17500E-06 -41.32789373E-03 -280.52763E-06
+35.19000E-06 -102.43342072E-03 -1.72776380E-03
+35.20500E-06 -41.32789373E-03 -280.52763E-06
+35.22000E-06 -41.32789373E-03 -1.72776380E-03
+35.23500E-06 -41.32789373E-03 -1.72776380E-03
+35.25000E-06 -41.32789373E-03 -280.52763E-06
+35.26500E-06 -41.32789373E-03 -280.52763E-06
+35.28000E-06 +19.77763324E-03 -1.72776380E-03
+35.29500E-06 -41.32789373E-03 -280.52763E-06
+35.31000E-06 -41.32789373E-03 -280.52763E-06
+35.32500E-06 -41.32789373E-03 -1.72776380E-03
+35.34000E-06 -41.32789373E-03 -280.52763E-06
+35.35500E-06 -41.32789374E-03 -1.72776380E-03
+35.37000E-06 -41.32789373E-03 -280.52763E-06
+35.38500E-06 -41.32789374E-03 -1.72776380E-03
+35.40000E-06 -41.32789374E-03 -1.72776380E-03
+35.41500E-06 -102.43342071E-03 -1.72776380E-03
+35.43000E-06 -41.32789373E-03 -280.52763E-06
+35.44500E-06 -102.43342071E-03 -280.52763E-06
+35.46000E-06 -41.32789373E-03 -280.52763E-06
+35.47500E-06 -41.32789373E-03 -280.52763E-06
+35.49000E-06 -41.32789373E-03 -280.52763E-06
+35.50500E-06 -41.32789373E-03 -280.52763E-06
+35.52000E-06 -41.32789374E-03 -280.52763E-06
+35.53500E-06 -102.43342071E-03 -280.52763E-06
+35.55000E-06 -41.32789373E-03 -280.52763E-06
+35.56500E-06 +19.77763325E-03 -280.52763E-06
+35.58000E-06 -41.32789373E-03 -280.52763E-06
+35.59500E-06 -41.32789373E-03 -3.17499996E-03
+35.61000E-06 -102.43342071E-03 -280.52763E-06
+35.62500E-06 -41.32789373E-03 -1.72776380E-03
+35.64000E-06 +19.77763324E-03 -1.72776380E-03
+35.65500E-06 -102.43342072E-03 -280.52763E-06
+35.67000E-06 -41.32789373E-03 -1.72776380E-03
+35.68500E-06 -102.43342071E-03 -280.52763E-06
+35.70000E-06 -41.32789373E-03 -280.52763E-06
+35.71500E-06 -102.43342071E-03 -3.17499996E-03
+35.73000E-06 -41.32789373E-03 -280.52763E-06
+35.74500E-06 -102.43342072E-03 -1.72776380E-03
+35.76000E-06 -41.32789373E-03 -1.72776380E-03
+35.77500E-06 -41.32789374E-03 -280.52763E-06
+35.79000E-06 -41.32789373E-03 -280.52763E-06
+35.80500E-06 -41.32789373E-03 -280.52763E-06
+35.82000E-06 -41.32789373E-03 -280.52763E-06
+35.83500E-06 -41.32789373E-03 -1.72776380E-03
+35.85000E-06 -41.32789373E-03 -280.52763E-06
+35.86500E-06 -41.32789373E-03 -280.52763E-06
+35.88000E-06 -41.32789373E-03 -280.52763E-06
+35.89500E-06 -41.32789373E-03 -280.52763E-06
+35.91000E-06 -41.32789373E-03 -280.52763E-06
+35.92500E-06 -41.32789373E-03 -280.52763E-06
+35.94000E-06 -41.32789373E-03 -1.72776380E-03
+35.95500E-06 -41.32789373E-03 -3.17499996E-03
+35.97000E-06 -41.32789373E-03 -280.52763E-06
+35.98500E-06 -41.32789373E-03 -280.52763E-06
+36.00000E-06 -41.32789374E-03 -1.72776380E-03
+36.01500E-06 -41.32789373E-03 -1.72776380E-03
+36.03000E-06 -41.32789373E-03 -280.52763E-06
+36.04500E-06 -102.43342071E-03 -280.52763E-06
+36.06000E-06 +19.77763324E-03 -280.52763E-06
+36.07500E-06 -41.32789373E-03 -1.72776380E-03
+36.09000E-06 -41.32789373E-03 -280.52763E-06
+36.10500E-06 -41.32789373E-03 -280.52763E-06
+36.12000E-06 -41.32789373E-03 -280.52763E-06
+36.13500E-06 -102.43342072E-03 +1.16670853E-03
+36.15000E-06 -41.32789373E-03 -280.52763E-06
+36.16500E-06 -41.32789373E-03 -280.52763E-06
+36.18000E-06 +19.77763324E-03 -280.52763E-06
+36.19500E-06 -41.32789374E-03 -1.72776380E-03
+36.21000E-06 -41.32789373E-03 -1.72776380E-03
+36.22500E-06 +19.77763324E-03 -280.52763E-06
+36.24000E-06 -41.32789374E-03 -280.52763E-06
+36.25500E-06 -102.43342071E-03 -280.52763E-06
+36.27000E-06 -41.32789374E-03 -280.52763E-06
+36.28500E-06 -41.32789373E-03 -280.52763E-06
+36.30000E-06 -102.43342072E-03 -280.52763E-06
+36.31500E-06 -41.32789373E-03 -1.72776380E-03
+36.33000E-06 +19.77763324E-03 -280.52763E-06
+36.34500E-06 -41.32789373E-03 -280.52763E-06
+36.36000E-06 -41.32789374E-03 -280.52763E-06
+36.37500E-06 -102.43342072E-03 -1.72776380E-03
+36.39000E-06 -41.32789373E-03 -1.72776380E-03
+36.40500E-06 -41.32789373E-03 -280.52763E-06
+36.42000E-06 -41.32789373E-03 -1.72776380E-03
+36.43500E-06 -41.32789373E-03 -1.72776380E-03
+36.45000E-06 -41.32789373E-03 -1.72776380E-03
+36.46500E-06 -102.43342071E-03 -280.52763E-06
+36.48000E-06 -41.32789374E-03 -1.72776380E-03
+36.49500E-06 -102.43342071E-03 -280.52763E-06
+36.51000E-06 -41.32789374E-03 -1.72776380E-03
+36.52500E-06 -102.43342071E-03 -1.72776380E-03
+36.54000E-06 -41.32789373E-03 -280.52763E-06
+36.55500E-06 -41.32789373E-03 -1.72776380E-03
+36.57000E-06 -102.43342071E-03 -1.72776380E-03
+36.58500E-06 -41.32789373E-03 -280.52763E-06
+36.60000E-06 -41.32789374E-03 -1.72776380E-03
+36.61500E-06 -41.32789373E-03 -280.52763E-06
+36.63000E-06 -102.43342072E-03 -1.72776380E-03
+36.64500E-06 -41.32789373E-03 -280.52763E-06
+36.66000E-06 -41.32789373E-03 -280.52763E-06
+36.67500E-06 -41.32789374E-03 -1.72776380E-03
+36.69000E-06 -102.43342071E-03 -280.52763E-06
+36.70500E-06 -41.32789373E-03 -280.52763E-06
+36.72000E-06 -41.32789374E-03 -280.52763E-06
+36.73500E-06 -102.43342071E-03 -280.52763E-06
+36.75000E-06 -41.32789373E-03 -1.72776380E-03
+36.76500E-06 -41.32789373E-03 -280.52763E-06
+36.78000E-06 +19.77763324E-03 -280.52763E-06
+36.79500E-06 -102.43342072E-03 -3.17499996E-03
+36.81000E-06 -41.32789373E-03 -1.72776380E-03
+36.82500E-06 -41.32789373E-03 -280.52763E-06
+36.84000E-06 -41.32789374E-03 -1.72776380E-03
+36.85500E-06 -102.43342072E-03 -280.52763E-06
+36.87000E-06 -41.32789373E-03 -280.52763E-06
+36.88500E-06 -41.32789372E-03 -280.52763E-06
+36.90000E-06 -41.32789373E-03 -1.72776380E-03
+36.91500E-06 -41.32789373E-03 -1.72776380E-03
+36.93000E-06 -41.32789374E-03 -280.52763E-06
+36.94500E-06 +19.77763324E-03 -1.72776380E-03
+36.96000E-06 -41.32789374E-03 -280.52763E-06
+36.97500E-06 -41.32789373E-03 -280.52763E-06
+36.99000E-06 -41.32789374E-03 -280.52763E-06
+37.00500E-06 -41.32789373E-03 -1.72776380E-03
+37.02000E-06 -41.32789373E-03 -280.52763E-06
+37.03500E-06 -41.32789373E-03 -1.72776380E-03
+37.05000E-06 -41.32789372E-03 -1.72776380E-03
+37.06500E-06 -41.32789374E-03 -280.52763E-06
+37.08000E-06 -41.32789374E-03 -1.72776380E-03
+37.09500E-06 -102.43342072E-03 -280.52763E-06
+37.11000E-06 -41.32789373E-03 -1.72776380E-03
+37.12500E-06 -41.32789374E-03 -280.52763E-06
+37.14000E-06 -41.32789373E-03 -280.52763E-06
+37.15500E-06 -102.43342072E-03 -280.52763E-06
+37.17000E-06 -41.32789373E-03 -1.72776380E-03
+37.18500E-06 -102.43342071E-03 +1.16670853E-03
+37.20000E-06 -41.32789374E-03 -1.72776380E-03
+37.21500E-06 -102.43342070E-03 -280.52763E-06
+37.23000E-06 -41.32789373E-03 -1.72776380E-03
+37.24500E-06 -41.32789373E-03 -280.52763E-06
+37.26000E-06 -41.32789375E-03 -1.72776380E-03
+37.27500E-06 +19.77763324E-03 -1.72776380E-03
+37.29000E-06 -102.43342071E-03 -280.52763E-06
+37.30500E-06 -41.32789373E-03 -280.52763E-06
+37.32000E-06 -41.32789375E-03 -280.52763E-06
+37.33500E-06 -41.32789373E-03 -280.52763E-06
+37.35000E-06 -41.32789373E-03 -280.52763E-06
+37.36500E-06 -41.32789372E-03 -1.72776380E-03
+37.38000E-06 -102.43342069E-03 -280.52763E-06
+37.39500E-06 -41.32789373E-03 -1.72776380E-03
+37.41000E-06 +19.77763324E-03 -1.72776380E-03
+37.42500E-06 -41.32789373E-03 -1.72776380E-03
+37.44000E-06 +19.77763324E-03 -1.72776380E-03
+37.45500E-06 -102.43342072E-03 -280.52763E-06
+37.47000E-06 -41.32789375E-03 -280.52763E-06
+37.48500E-06 -41.32789373E-03 +1.16670853E-03
+37.50000E-06 -41.32789373E-03 -280.52763E-06
+37.51500E-06 -102.43342072E-03 -1.72776380E-03
+37.53000E-06 -102.43342071E-03 -1.72776380E-03
+37.54500E-06 -41.32789373E-03 -280.52763E-06
+37.56000E-06 -102.43342072E-03 -1.72776380E-03
+37.57500E-06 -41.32789373E-03 -280.52763E-06
+37.59000E-06 -41.32789373E-03 -1.72776380E-03
+37.60500E-06 +19.77763324E-03 -280.52763E-06
+37.62000E-06 -102.43342072E-03 -280.52763E-06
+37.63500E-06 +19.77763324E-03 -1.72776380E-03
+37.65000E-06 -102.43342072E-03 -280.52763E-06
+37.66500E-06 +19.77763324E-03 -1.72776380E-03
+37.68000E-06 -41.32789375E-03 -280.52763E-06
+37.69500E-06 -41.32789373E-03 -1.72776380E-03
+37.71000E-06 -41.32789373E-03 +1.16670853E-03
+37.72500E-06 -41.32789375E-03 -1.72776380E-03
+37.74000E-06 -41.32789373E-03 -280.52763E-06
+37.75500E-06 -41.32789375E-03 -1.72776380E-03
+37.77000E-06 -41.32789373E-03 -1.72776380E-03
+37.78500E-06 -102.43342072E-03 -280.52763E-06
+37.80000E-06 +19.77763325E-03 -1.72776380E-03
+37.81500E-06 -102.43342072E-03 -280.52763E-06
+37.83000E-06 +19.77763325E-03 -280.52763E-06
+37.84500E-06 -41.32789375E-03 -280.52763E-06
+37.86000E-06 -41.32789372E-03 -280.52763E-06
+37.87500E-06 +19.77763325E-03 -280.52763E-06
+37.89000E-06 -41.32789373E-03 -1.72776380E-03
+37.90500E-06 +19.77763325E-03 +1.16670853E-03
+37.92000E-06 -41.32789375E-03 -1.72776380E-03
+37.93500E-06 +19.77763325E-03 -280.52763E-06
+37.95000E-06 -41.32789375E-03 -280.52763E-06
+37.96500E-06 +19.77763325E-03 -280.52763E-06
+37.98000E-06 -163.53894769E-03 -280.52763E-06
+37.99500E-06 +19.77763325E-03 -3.17499996E-03
+38.01000E-06 -102.43342072E-03 -280.52763E-06
+38.02500E-06 -41.32789372E-03 -1.72776380E-03
+38.04000E-06 -41.32789375E-03 -1.72776380E-03
+38.05500E-06 -102.43342070E-03 -1.72776380E-03
+38.07000E-06 -102.43342070E-03 +1.16670853E-03
+38.08500E-06 -102.43342073E-03 -280.52763E-06
+38.10000E-06 +19.77763324E-03 -280.52763E-06
+38.11500E-06 -102.43342072E-03 -3.17499996E-03
+38.13000E-06 +19.77763326E-03 -1.72776380E-03
+38.14500E-06 -102.43342072E-03 -280.52763E-06
+38.16000E-06 +80.88316022E-03 -280.52763E-06
+38.17500E-06 -102.43342072E-03 -280.52763E-06
+38.19000E-06 -41.32789373E-03 -1.72776380E-03
+38.20500E-06 -102.43342072E-03 +1.16670853E-03
+38.22000E-06 -41.32789373E-03 -1.72776380E-03
+38.23500E-06 -41.32789373E-03 -1.72776380E-03
+38.25000E-06 -102.43342070E-03 -1.72776380E-03
+38.26500E-06 +19.77763325E-03 -280.52763E-06
+38.28000E-06 -41.32789375E-03 -1.72776380E-03
+38.29500E-06 +19.77763327E-03 -280.52763E-06
+38.31000E-06 -102.43342072E-03 -280.52763E-06
+38.32500E-06 +19.77763325E-03 -280.52763E-06
+38.34000E-06 -163.53894769E-03 -280.52763E-06
+38.35500E-06 -41.32789373E-03 -3.17499996E-03
+38.37000E-06 -163.53894769E-03 -280.52763E-06
+38.38500E-06 -41.32789373E-03 -3.17499996E-03
+38.40000E-06 +19.77763323E-03 -280.52763E-06
+38.41500E-06 -102.43342070E-03 -1.72776380E-03
+38.43000E-06 +19.77763325E-03 -280.52763E-06
+38.44500E-06 -102.43342072E-03 -280.52763E-06
+38.46000E-06 +80.88316022E-03 -280.52763E-06
+38.47500E-06 -102.43342073E-03 -1.72776380E-03
+38.49000E-06 +80.88316023E-03 -280.52763E-06
+38.50500E-06 -102.43342072E-03 +1.16670853E-03
+38.52000E-06 +19.77763323E-03 -1.72776380E-03
+38.53500E-06 -102.43342072E-03 +1.16670853E-03
+38.55000E-06 +19.77763323E-03 -1.72776380E-03
+38.56500E-06 -41.32789372E-03 +1.16670853E-03
+38.58000E-06 -41.32789375E-03 -280.52763E-06
+38.59500E-06 +19.77763323E-03 -280.52763E-06
+38.61000E-06 -163.53894768E-03 -1.72776380E-03
+38.62500E-06 +80.88316022E-03 -280.52763E-06
+38.64000E-06 -163.53894770E-03 -280.52763E-06
+38.65500E-06 +19.77763325E-03 -280.52763E-06
+38.67000E-06 -163.53894770E-03 -280.52763E-06
+38.68500E-06 +80.88316022E-03 -1.72776380E-03
+38.70000E-06 -102.43342070E-03 -280.52763E-06
+38.71500E-06 +19.77763323E-03 -1.72776380E-03
+38.73000E-06 -41.32789373E-03 +1.16670853E-03
+38.74500E-06 -41.32789375E-03 -280.52763E-06
+38.76000E-06 -41.32789373E-03 -280.52763E-06
+38.77500E-06 -102.43342073E-03 +1.16670853E-03
+38.79000E-06 +80.88316023E-03 +1.16670853E-03
+38.80500E-06 -102.43342072E-03 -280.52763E-06
+38.82000E-06 +19.77763327E-03 -1.72776380E-03
+38.83500E-06 -163.53894770E-03 -1.72776380E-03
+38.85000E-06 +19.77763325E-03 -280.52763E-06
+38.86500E-06 -102.43342072E-03 -280.52763E-06
+38.88000E-06 +19.77763323E-03 -3.17499996E-03
+38.89500E-06 -102.43342070E-03 +1.16670853E-03
+38.91000E-06 -41.32789377E-03 -3.17499996E-03
+38.92500E-06 -41.32789372E-03 -280.52763E-06
+38.94000E-06 -102.43342072E-03 -1.72776380E-03
+38.95500E-06 +19.77763327E-03 -1.72776380E-03
+38.97000E-06 -163.53894768E-03 -280.52763E-06
+38.98500E-06 +80.88316023E-03 -280.52763E-06
+39.00000E-06 -163.53894768E-03 -280.52763E-06
+39.01500E-06 +19.77763325E-03 -1.72776380E-03
+39.03000E-06 -163.53894770E-03 -280.52763E-06
+39.04500E-06 +80.88316023E-03 -1.72776380E-03
+39.06000E-06 -102.43342070E-03 +1.16670853E-03
+39.07500E-06 +19.77763323E-03 -3.17499996E-03
+39.09000E-06 -41.32789372E-03 +1.16670853E-03
+39.10500E-06 -102.43342074E-03 -1.72776380E-03
+39.12000E-06 +80.88316023E-03 -280.52763E-06
+39.13500E-06 -163.53894770E-03 -280.52763E-06
+39.15000E-06 +80.88316025E-03 -1.72776380E-03
+39.16500E-06 -163.53894770E-03 +1.16670853E-03
+39.18000E-06 +80.88316023E-03 -1.72776380E-03
+39.19500E-06 -163.53894770E-03 -280.52763E-06
+39.21000E-06 +80.88316023E-03 -3.17499996E-03
+39.22500E-06 -102.43342070E-03 +1.16670853E-03
+39.24000E-06 +19.77763323E-03 -3.17499996E-03
+39.25500E-06 -102.43342070E-03 +1.16670853E-03
+39.27000E-06 -41.32789375E-03 -1.72776380E-03
+39.28500E-06 +80.88316023E-03 +1.16670853E-03
+39.30000E-06 -163.53894770E-03 -1.72776380E-03
+39.31500E-06 +80.88316025E-03 -1.72776380E-03
+39.33000E-06 -224.64447467E-03 -280.52763E-06
+39.34500E-06 +19.77763327E-03 -1.72776380E-03
+39.36000E-06 -224.64447467E-03 -280.52763E-06
+39.37500E-06 +80.88316023E-03 -3.17499996E-03
+39.39000E-06 -224.64447465E-03 +1.16670853E-03
+39.40500E-06 +19.77763323E-03 -3.17499996E-03
+39.42000E-06 -41.32789371E-03 -280.52763E-06
+39.43500E-06 -102.43342074E-03 -3.17499996E-03
+39.45000E-06 +19.77763327E-03 +1.16670853E-03
+39.46500E-06 -102.43342074E-03 -1.72776380E-03
+39.48000E-06 +80.88316025E-03 -280.52763E-06
+39.49500E-06 -285.75000165E-03 -280.52763E-06
+39.51000E-06 +141.98868722E-03 -1.72776380E-03
+39.52500E-06 -163.53894770E-03 +1.16670853E-03
+39.54000E-06 +141.98868720E-03 -3.17499996E-03
+39.55500E-06 -163.53894770E-03 +1.16670853E-03
+39.57000E-06 +19.77763325E-03 -3.17499996E-03
+39.58500E-06 -102.43342070E-03 +2.61394470E-03
+39.60000E-06 -41.32789375E-03 -4.62223613E-03
+39.61500E-06 +19.77763325E-03 -280.52763E-06
+39.63000E-06 -224.64447469E-03 -1.72776380E-03
+39.64500E-06 +141.98868722E-03 +1.16670853E-03
+39.66000E-06 -224.64447469E-03 -1.72776380E-03
+39.67500E-06 +141.98868722E-03 -4.62223613E-03
+39.69000E-06 -224.64447469E-03 +1.16670853E-03
+39.70500E-06 +141.98868722E-03 -3.17499996E-03
+39.72000E-06 -224.64447466E-03 +1.16670853E-03
+39.73500E-06 +80.88316019E-03 -3.17499996E-03
+39.75000E-06 -41.32789373E-03 +1.16670854E-03
+39.76500E-06 -41.32789376E-03 -3.17499996E-03
+39.78000E-06 +19.77763327E-03 +1.16670853E-03
+39.79500E-06 -163.53894774E-03 -3.17499996E-03
+39.81000E-06 +80.88316025E-03 -280.52763E-06
+39.82500E-06 -224.64447469E-03 -280.52763E-06
+39.84000E-06 +141.98868722E-03 -1.72776380E-03
+39.85500E-06 -285.75000165E-03 +1.16670853E-03
+39.87000E-06 +141.98868722E-03 -3.17499996E-03
+39.88500E-06 -224.64447466E-03 +2.61394470E-03
+39.90000E-06 +80.88316021E-03 -3.17499996E-03
+39.91500E-06 -102.43342072E-03 +1.16670854E-03
+39.93000E-06 -41.32789373E-03 -3.17499996E-03
+39.94500E-06 +19.77763327E-03 +4.06118086E-03
+39.96000E-06 -224.64447466E-03 -3.17499996E-03
+39.97500E-06 +141.98868722E-03 +1.16670853E-03
+39.99000E-06 -285.75000167E-03 -1.72776380E-03
+40.00500E-06 +141.98868724E-03 -1.72776380E-03
+40.02000E-06 -224.64447469E-03 -280.52763E-06
+40.03500E-06 +141.98868722E-03 -3.17499996E-03
+40.05000E-06 -224.64447469E-03 +2.61394470E-03
+40.06500E-06 +141.98868719E-03 -4.62223613E-03
+40.08000E-06 -163.53894768E-03 +2.61394470E-03
+40.09500E-06 -41.32789373E-03 -4.62223613E-03
+40.11000E-06 +19.77763325E-03 +2.61394470E-03
+40.12500E-06 -102.43342076E-03 -1.72776380E-03
+40.14000E-06 +80.88316028E-03 +1.16670853E-03
+40.15500E-06 -224.64447471E-03 -1.72776380E-03
+40.17000E-06 +203.09421422E-03 -1.72776380E-03
+40.18500E-06 -346.85552863E-03 +1.16670853E-03
+40.20000E-06 +264.19974116E-03 -3.17499996E-03
+40.21500E-06 -285.75000167E-03 +2.61394470E-03
+40.23000E-06 +141.98868719E-03 -4.62223613E-03
+40.24500E-06 -163.53894770E-03 +2.61394470E-03
+40.26000E-06 +19.77763323E-03 -4.62223613E-03
+40.27500E-06 -41.32789373E-03 +2.61394470E-03
+40.29000E-06 -163.53894770E-03 -3.17499996E-03
+40.30500E-06 +80.88316026E-03 +2.61394470E-03
+40.32000E-06 -285.75000169E-03 -3.17499996E-03
+40.33500E-06 +203.09421420E-03 -280.52763E-06
+40.35000E-06 -407.96105561E-03 -1.72776380E-03
+40.36500E-06 +264.19974116E-03 -3.17499996E-03
+40.38000E-06 -346.85552863E-03 +1.16670853E-03
+40.39500E-06 +141.98868722E-03 -4.62223613E-03
+40.41000E-06 -224.64447464E-03 +2.61394470E-03
+40.42500E-06 +19.77763325E-03 -4.62223613E-03
+40.44000E-06 -102.43342067E-03 +2.61394470E-03
+40.45500E-06 -102.43342077E-03 -4.62223613E-03
+40.47000E-06 +141.98868722E-03 +1.16670854E-03
+40.48500E-06 -285.75000167E-03 -1.72776380E-03
+40.50000E-06 +264.19974118E-03 -280.52763E-06
+40.51500E-06 -346.85552865E-03 -280.52763E-06
+40.53000E-06 +325.30526814E-03 -1.72776380E-03
+40.54500E-06 -346.85552865E-03 +4.06118086E-03
+40.56000E-06 +264.19974116E-03 -4.62223613E-03
+40.57500E-06 -285.75000164E-03 +2.61394470E-03
+40.59000E-06 +80.88316023E-03 -4.62223613E-03
+40.60500E-06 -102.43342069E-03 +4.06118087E-03
+40.62000E-06 -41.32789378E-03 -4.62223613E-03
+40.63500E-06 +80.88316028E-03 +2.61394470E-03
+40.65000E-06 -285.75000169E-03 -3.17499996E-03
+40.66500E-06 +264.19974118E-03 +2.61394470E-03
+40.68000E-06 -346.85552868E-03 -280.52763E-06
+40.69500E-06 +264.19974118E-03 -1.72776380E-03
+40.71000E-06 -407.96105561E-03 +1.16670853E-03
+40.72500E-06 +264.19974118E-03 -4.62223613E-03
+40.74000E-06 -285.75000164E-03 +4.06118086E-03
+40.75500E-06 +141.98868719E-03 -6.06947229E-03
+40.77000E-06 -163.53894768E-03 +4.06118087E-03
+40.78500E-06 -102.43342072E-03 -6.06947229E-03
+40.80000E-06 +80.88316026E-03 +4.06118086E-03
+40.81500E-06 -224.64447471E-03 -3.17499996E-03
+40.83000E-06 +203.09421423E-03 +1.16670853E-03
+40.84500E-06 -346.85552868E-03 -280.52763E-06
+40.86000E-06 +386.41079515E-03 -1.72776380E-03
+40.87500E-06 -469.06658259E-03 -280.52763E-06
+40.89000E-06 +325.30526817E-03 -3.17499996E-03
+40.90500E-06 -346.85552865E-03 +4.06118087E-03
+40.92000E-06 +203.09421418E-03 -6.06947229E-03
+40.93500E-06 -224.64447466E-03 +5.50841703E-03
+40.95000E-06 +19.77763320E-03 -6.06947229E-03
+40.96500E-06 +80.88316026E-03 +4.06118087E-03
+40.98000E-06 -163.53894775E-03 -4.62223613E-03
+40.99500E-06 +264.19974121E-03 +1.16670854E-03
+41.01000E-06 -407.96105564E-03 -3.17499996E-03
+41.02500E-06 +325.30526819E-03 -280.52763E-06
+41.04000E-06 -530.17210958E-03 -280.52763E-06
+41.05500E-06 +386.41079515E-03 -4.62223613E-03
+41.07000E-06 -407.96105561E-03 +5.50841703E-03
+41.08500E-06 +264.19974116E-03 -6.06947229E-03
+41.10000E-06 -224.64447466E-03 +4.06118086E-03
+41.11500E-06 +19.77763322E-03 -7.51670846E-03
+41.13000E-06 -41.32789368E-03 +5.50841703E-03
+41.14500E-06 -163.53894776E-03 -6.06947229E-03
+41.16000E-06 +203.09421425E-03 +2.61394470E-03
+41.17500E-06 -407.96105566E-03 -1.72776380E-03
+41.19000E-06 +386.41079515E-03 +1.16670853E-03
+41.20500E-06 -530.17210960E-03 +1.16670854E-03
+41.22000E-06 +386.41079515E-03 -3.17499996E-03
+41.23500E-06 -469.06658259E-03 +2.61394470E-03
+41.25000E-06 +325.30526814E-03 -6.06947229E-03
+41.26500E-06 -285.75000164E-03 +5.50841703E-03
+41.28000E-06 +80.88316018E-03 -7.51670846E-03
+41.29500E-06 -102.43342064E-03 +6.95565320E-03
+41.31000E-06 -224.64447471E-03 -6.06947229E-03
+41.32500E-06 +264.19974118E-03 +2.61394470E-03
+41.34000E-06 -407.96105566E-03 -4.62223613E-03
+41.35500E-06 +447.51632216E-03 -280.52763E-06
+41.37000E-06 -591.27763659E-03 -280.52763E-06
+41.38500E-06 +508.62184909E-03 -1.72776380E-03
+41.40000E-06 -530.17210958E-03 +4.06118087E-03
+41.41500E-06 +386.41079512E-03 -7.51670846E-03
+41.43000E-06 -346.85552862E-03 +5.50841703E-03
+41.44500E-06 +141.98868719E-03 -7.51670846E-03
+41.46000E-06 -163.53894762E-03 +6.95565320E-03
+41.47500E-06 -102.43342077E-03 -8.96394462E-03
+41.49000E-06 +203.09421423E-03 +4.06118087E-03
+41.50500E-06 -407.96105569E-03 -4.62223613E-03
+41.52000E-06 +447.51632216E-03 +1.16670853E-03
+41.53500E-06 -591.27763662E-03 -280.52763E-06
+41.55000E-06 +508.62184912E-03 -1.72776380E-03
+41.56500E-06 -591.27763659E-03 +2.61394470E-03
+41.58000E-06 +508.62184906E-03 -6.06947229E-03
+41.59500E-06 -469.06658259E-03 +5.50841703E-03
+41.61000E-06 +264.19974113E-03 -7.51670846E-03
+41.62500E-06 -163.53894764E-03 +8.40288936E-03
+41.64000E-06 -102.43342078E-03 -7.51670846E-03
+41.65500E-06 +141.98868725E-03 +5.50841703E-03
+41.67000E-06 -407.96105567E-03 -4.62223613E-03
+41.68500E-06 +447.51632216E-03 +2.61394470E-03
+41.70000E-06 -591.27763662E-03 -1.72776380E-03
+41.71500E-06 +569.72737610E-03 -3.17499996E-03
+41.73000E-06 -713.48869053E-03 +2.61394470E-03
+41.74500E-06 +569.72737607E-03 -6.06947229E-03
+41.76000E-06 -530.17210960E-03 +5.50841703E-03
+41.77500E-06 +264.19974116E-03 -10.41118079E-03
+41.79000E-06 -285.75000161E-03 +8.40288936E-03
+41.80500E-06 -41.32789379E-03 -10.41118079E-03
+41.82000E-06 +80.88316029E-03 +8.40288936E-03
+41.83500E-06 -346.85552874E-03 -8.96394462E-03
+41.85000E-06 +386.41079521E-03 +4.06118086E-03
+41.86500E-06 -591.27763662E-03 -3.17499996E-03
+41.88000E-06 +630.83290306E-03 -1.72776380E-03
+41.89500E-06 -713.48869056E-03 +1.16670854E-03
+41.91000E-06 +630.83290303E-03 -7.51670846E-03
+41.92500E-06 -652.38316351E-03 +6.95565320E-03
+41.94000E-06 +447.51632205E-03 -10.41118079E-03
+41.95500E-06 -346.85552859E-03 +8.40288936E-03
+41.97000E-06 +80.88316017E-03 -10.41118079E-03
+41.98500E-06 +19.77763334E-03 +9.85012553E-03
+42.00000E-06 -285.75000179E-03 -8.96394462E-03
+42.01500E-06 +386.41079521E-03 +5.50841703E-03
+42.03000E-06 -713.48869059E-03 -3.17499996E-03
+42.04500E-06 +691.93843010E-03 -280.52763E-06
+42.06000E-06 -835.69974446E-03 +2.61394470E-03
+42.07500E-06 +691.93843007E-03 -7.51670846E-03
+42.09000E-06 -652.38316354E-03 +8.40288936E-03
+42.10500E-06 +508.62184906E-03 -8.96394462E-03
+42.12000E-06 -469.06658256E-03 +9.85012553E-03
+42.13500E-06 +141.98868716E-03 -11.85841695E-03
+42.15000E-06 -41.32789364E-03 +8.40288936E-03
+42.16500E-06 -224.64447478E-03 -8.96394462E-03
+42.18000E-06 +386.41079521E-03 +6.95565319E-03
+42.19500E-06 -713.48869059E-03 -7.51670846E-03
+42.21000E-06 +630.83290315E-03 -280.52763E-06
+42.22500E-06 -835.69974452E-03 -280.52763E-06
+42.24000E-06 +753.04395705E-03 -6.06947229E-03
+42.25500E-06 -774.59421754E-03 +5.50841703E-03
+42.27000E-06 +569.72737604E-03 -8.96394462E-03
+42.28500E-06 -530.17210954E-03 +11.29736169E-03
+42.30000E-06 +264.19974106E-03 -11.85841695E-03
+42.31500E-06 -163.53894761E-03 +9.85012553E-03
+42.33000E-06 -163.53894780E-03 -11.85841695E-03
+42.34500E-06 +325.30526829E-03 +9.85012552E-03
+42.36000E-06 -652.38316360E-03 -7.51670846E-03
+42.37500E-06 +691.93843010E-03 +4.06118086E-03
+42.39000E-06 -896.80527151E-03 -1.72776379E-03
+42.40500E-06 +814.14948407E-03 -4.62223613E-03
+42.42000E-06 -957.91079843E-03 +5.50841703E-03
+42.43500E-06 +691.93843004E-03 -10.41118079E-03
+42.45000E-06 -652.38316351E-03 +11.29736169E-03
+42.46500E-06 +386.41079506E-03 -13.30565312E-03
+42.48000E-06 -163.53894764E-03 +11.29736169E-03
+42.49500E-06 -163.53894777E-03 -13.30565312E-03
+42.51000E-06 +325.30526823E-03 +9.85012553E-03
+42.52500E-06 -591.27763665E-03 -8.96394462E-03
+42.54000E-06 +753.04395709E-03 +4.06118086E-03
+42.55500E-06 -957.91079852E-03 -1.72776379E-03
+42.57000E-06 +875.25501105E-03 -3.17499996E-03
+42.58500E-06 -1.01901632544E+00 +5.50841703E-03
+42.60000E-06 +875.25501092E-03 -10.41118079E-03
+42.61500E-06 -774.59421744E-03 +11.29736169E-03
+42.63000E-06 +447.51632207E-03 -14.75288928E-03
+42.64500E-06 -346.85552855E-03 +14.19183402E-03
+42.66000E-06 -41.32789383E-03 -14.75288928E-03
+42.67500E-06 +203.09421430E-03 +11.29736169E-03
+42.69000E-06 -530.17210970E-03 -10.41118079E-03
+42.70500E-06 +691.93843014E-03 +5.50841703E-03
+42.72000E-06 -957.91079852E-03 -4.62223613E-03
+42.73500E-06 +936.36053801E-03 -1.72776380E-03
+42.75000E-06 -1.14122737941E+00 +4.06118087E-03
+42.76500E-06 +936.36053797E-03 -10.41118079E-03
+42.78000E-06 -896.80527144E-03 +9.85012553E-03
+42.79500E-06 +569.72737604E-03 -16.20012545E-03
+42.81000E-06 -469.06658249E-03 +14.19183402E-03
+42.82500E-06 +80.88316010E-03 -16.20012545E-03
+42.84000E-06 +141.98868732E-03 +12.74459786E-03
+42.85500E-06 -469.06658272E-03 -13.30565312E-03
+42.87000E-06 +691.93843014E-03 +8.40288936E-03
+42.88500E-06 -1.01901632551E+00 -6.06947229E-03
+42.90000E-06 +997.46606502E-03 +1.16670853E-03
+42.91500E-06 -1.14122737944E+00 -280.52763E-06
+42.93000E-06 +1.05857159194E+00 -8.96394462E-03
+42.94500E-06 -1.01901632537E+00 +11.29736169E-03
+42.96000E-06 +814.14948390E-03 -14.75288929E-03
+42.97500E-06 -591.27763645E-03 +15.63907019E-03
+42.99000E-06 +203.09421410E-03 -16.20012545E-03
+43.00500E-06 -41.32789356E-03 +15.63907019E-03
+43.02000E-06 -469.06658269E-03 -14.75288928E-03
+43.03500E-06 +630.83290316E-03 +8.40288936E-03
+43.05000E-06 -957.91079856E-03 -7.51670846E-03
+43.06500E-06 +1.11967711899E+00 +2.61394470E-03
+43.08000E-06 -1.20233290646E+00 +1.16670854E-03
+43.09500E-06 +1.18078264591E+00 -7.51670846E-03
+43.11000E-06 -1.14122737937E+00 +9.85012553E-03
+43.12500E-06 +936.36053787E-03 -14.75288929E-03
+43.14000E-06 -774.59421740E-03 +15.63907019E-03
+43.15500E-06 +325.30526803E-03 -20.54183395E-03
+43.17000E-06 -102.43342058E-03 +18.53354252E-03
+43.18500E-06 -285.75000181E-03 -17.64736161E-03
+43.20000E-06 +569.72737621E-03 +12.74459786E-03
+43.21500E-06 -957.91079856E-03 -10.41118079E-03
+43.23000E-06 +1.11967711899E+00 +4.06118086E-03
+43.24500E-06 -1.32454396036E+00 -280.52763E-06
+43.26000E-06 +1.30299369987E+00 -6.06947230E-03
+43.27500E-06 -1.26343843334E+00 +8.40288936E-03
+43.29000E-06 +1.05857159187E+00 -14.75288929E-03
+43.30500E-06 -896.80527136E-03 +15.63907019E-03
+43.32000E-06 +508.62184894E-03 -19.09459778E-03
+43.33500E-06 -224.64447454E-03 +18.53354252E-03
+43.35000E-06 -224.64447479E-03 -19.09459778E-03
+43.36500E-06 +569.72737621E-03 +15.63907019E-03
+43.38000E-06 -896.80527158E-03 -11.85841695E-03
+43.39500E-06 +1.05857159208E+00 +5.50841703E-03
+43.41000E-06 -1.38564948738E+00 -3.17499996E-03
+43.42500E-06 +1.36409922689E+00 -4.62223613E-03
+43.44000E-06 -1.44675501432E+00 +8.40288936E-03
+43.45500E-06 +1.24188817282E+00 -13.30565312E-03
+43.47000E-06 -1.08012185231E+00 +15.63907019E-03
+43.48500E-06 +691.93842993E-03 -21.98907011E-03
+43.50000E-06 -407.96105546E-03 +19.98077868E-03
+43.51500E-06 -102.43342086E-03 -21.98907011E-03
+43.53000E-06 +386.41079533E-03 +18.53354252E-03
+43.54500E-06 -835.69974463E-03 -16.20012545E-03
+43.56000E-06 +1.05857159208E+00 +8.40288936E-03
+43.57500E-06 -1.38564948745E+00 -4.62223612E-03
+43.59000E-06 +1.36409922693E+00 -3.17499996E-03
+43.60500E-06 -1.50786054131E+00 +6.95565320E-03
+43.62000E-06 +1.36409922682E+00 -13.30565312E-03
+43.63500E-06 -1.20233290635E+00 +15.63907019E-03
+43.65000E-06 +814.14948389E-03 -21.98907011E-03
+43.66500E-06 -591.27763640E-03 +21.42801485E-03
+43.68000E-06 +19.77763310E-03 -23.43630628E-03
+43.69500E-06 +203.09421439E-03 +21.42801485E-03
+43.71000E-06 -835.69974463E-03 -17.64736161E-03
+43.72500E-06 +1.05857159208E+00 +12.74459786E-03
+43.74000E-06 -1.32454396050E+00 -8.96394462E-03
+43.75500E-06 +1.48631028090E+00 -1.72776380E-03
+43.77000E-06 -1.69117712222E+00 +5.50841703E-03
+43.78500E-06 +1.48631028078E+00 -11.85841696E-03
+43.80000E-06 -1.44675501425E+00 +17.08630636E-03
+43.81500E-06 +997.46606488E-03 -21.98907011E-03
+43.83000E-06 -774.59421735E-03 +22.87525102E-03
+43.84500E-06 +203.09421405E-03 -24.88354244E-03
+43.86000E-06 +141.98868741E-03 +22.87525101E-03
+43.87500E-06 -652.38316376E-03 -21.98907011E-03
+43.89000E-06 +997.46606510E-03 +15.63907019E-03
+43.90500E-06 -1.44675501444E+00 -10.41118079E-03
+43.92000E-06 +1.54741580788E+00 +2.61394470E-03
+43.93500E-06 -1.81338817622E+00 +4.06118087E-03
+43.95000E-06 +1.60852133479E+00 -11.85841696E-03
+43.96500E-06 -1.56896606821E+00 +17.08630635E-03
+43.98000E-06 +1.24188817277E+00 -21.98907011E-03
+43.99500E-06 -957.91079830E-03 +22.87525102E-03
+44.01000E-06 +447.51632198E-03 -26.33077861E-03
+44.02500E-06 -41.32789354E-03 +24.32248718E-03
+44.04000E-06 -530.17210980E-03 -23.43630628E-03
+44.05500E-06 +875.25501121E-03 +19.98077868E-03
+44.07000E-06 -1.38564948749E+00 -14.75288928E-03
+44.08500E-06 +1.54741580792E+00 +6.95565319E-03
+44.10000E-06 -1.81338817630E+00 +1.16670854E-03
+44.11500E-06 +1.79183791574E+00 -10.41118079E-03
+44.13000E-06 -1.75228264916E+00 +14.19183403E-03
+44.14500E-06 +1.48631028070E+00 -21.98907011E-03
+44.16000E-06 -1.14122737929E+00 +25.76972335E-03
+44.17500E-06 +630.83290289E-03 -29.22525094E-03
+44.19000E-06 -285.75000143E-03 +25.76972335E-03
+44.20500E-06 -346.85552889E-03 -24.88354244E-03
+44.22000E-06 +753.04395729E-03 +21.42801485E-03
+44.23500E-06 -1.32454396055E+00 -17.64736161E-03
+44.25000E-06 +1.54741580800E+00 +8.40288936E-03
+44.26500E-06 -1.87449370332E+00 -3.17499996E-03
+44.28000E-06 +1.85294344272E+00 -7.51670846E-03
+44.29500E-06 -1.99670475709E+00 +14.19183403E-03
+44.31000E-06 +1.60852133467E+00 -20.54183395E-03
+44.32500E-06 -1.44675501412E+00 +24.32248718E-03
+44.34000E-06 +936.36053773E-03 -29.22525094E-03
+44.35500E-06 -407.96105544E-03 +27.21695951E-03
+44.37000E-06 -163.53894794E-03 -29.22525094E-03
+44.38500E-06 +630.83290333E-03 +25.76972334E-03
+44.40000E-06 -1.26343843361E+00 -20.54183394E-03
+44.41500E-06 +1.54741580800E+00 +12.74459785E-03
+44.43000E-06 -1.93559923027E+00 -6.06947229E-03
+44.44500E-06 +1.97515449673E+00 -4.62223613E-03
+44.46000E-06 -2.05781028416E+00 +11.29736170E-03
+44.47500E-06 +1.85294344260E+00 -20.54183395E-03
+44.49000E-06 -1.63007159511E+00 +24.32248718E-03
+44.50500E-06 +1.11967711876E+00 -29.22525094E-03
+44.52000E-06 -713.48869031E-03 +28.66419568E-03
+44.53500E-06 +80.88315991E-03 -30.67248710E-03
+44.55000E-06 +447.51632238E-03 +27.21695951E-03
+44.56500E-06 -1.08012185270E+00 -24.88354244E-03
+44.58000E-06 +1.48631028102E+00 +17.08630635E-03
+44.59500E-06 -1.93559923035E+00 -10.41118078E-03
+44.61000E-06 +2.03626002375E+00 -280.52763E-06
+44.62500E-06 -2.18002133812E+00 +6.95565320E-03
+44.64000E-06 +2.03626002359E+00 -19.09459778E-03
+44.65500E-06 -1.87449370304E+00 +24.32248718E-03
+44.67000E-06 +1.36409922665E+00 -29.22525094E-03
+44.68500E-06 -896.80527126E-03 +33.00590417E-03
+44.70000E-06 +264.19974090E-03 -33.56695944E-03
+44.71500E-06 +264.19974143E-03 +30.11143184E-03
+44.73000E-06 -957.91079874E-03 -27.77801477E-03
+44.74500E-06 +1.42520475408E+00 +19.98077868E-03
+44.76000E-06 -1.99670475730E+00 -14.75288928E-03
+44.77500E-06 +2.09736555082E+00 +4.06118086E-03
+44.79000E-06 -2.36333791907E+00 +5.50841703E-03
+44.80500E-06 +2.21957660458E+00 -16.20012545E-03
+44.82000E-06 -2.11891581097E+00 +21.42801485E-03
+44.83500E-06 +1.60852133462E+00 -30.67248711E-03
+44.85000E-06 -1.14122737919E+00 +34.45314034E-03
+44.86500E-06 +508.62184883E-03 -36.46143176E-03
+44.88000E-06 +19.77763354E-03 +34.45314034E-03
+44.89500E-06 -774.59421783E-03 -32.11972327E-03
+44.91000E-06 +1.24188817318E+00 +24.32248718E-03
+44.92500E-06 -1.87449370341E+00 -17.64736161E-03
+44.94000E-06 +2.15847107776E+00 +6.95565319E-03
+44.95500E-06 -2.48554897308E+00 +1.16670854E-03
+44.97000E-06 +2.34178765859E+00 -14.75288929E-03
+44.98500E-06 -2.30223239196E+00 +21.42801485E-03
+45.00000E-06 +1.91404896949E+00 -30.67248711E-03
+45.01500E-06 -1.50786054105E+00 +35.90037650E-03
+45.03000E-06 +814.14948370E-03 -37.90866793E-03
+45.04500E-06 -285.75000129E-03 +37.34761267E-03
+45.06000E-06 -530.17210994E-03 -35.01419560E-03
+45.07500E-06 +1.18078264620E+00 +28.66419568E-03
+45.09000E-06 -1.81338817652E+00 -23.43630627E-03
+45.10500E-06 +2.09736555087E+00 +11.29736169E-03
+45.12000E-06 -2.48554897317E+00 -3.17499996E-03
+45.13500E-06 +2.52510423954E+00 -8.96394463E-03
+45.15000E-06 -2.48554897295E+00 +19.98077869E-03
+45.16500E-06 +2.09736555052E+00 -29.22525094E-03
+45.18000E-06 -1.75228264902E+00 +34.45314034E-03
+45.19500E-06 +1.11967711861E+00 -39.35590410E-03
+45.21000E-06 -469.06658228E-03 +38.79484884E-03
+45.22500E-06 -285.75000201E-03 -39.35590409E-03
+45.24000E-06 +997.46606525E-03 +33.00590417E-03
+45.25500E-06 -1.69117712255E+00 -26.33077860E-03
+45.27000E-06 +2.09736555087E+00 +15.63907018E-03
+45.28500E-06 -2.54665450015E+00 -6.06947229E-03
+45.30000E-06 +2.64731529359E+00 -4.62223613E-03
+45.31500E-06 -2.60776002701E+00 +14.19183403E-03
+45.33000E-06 +2.40289318540E+00 -26.33077861E-03
+45.34500E-06 -2.05781028393E+00 +34.45314034E-03
+45.36000E-06 +1.42520475353E+00 -39.35590410E-03
+45.37500E-06 -835.69974413E-03 +41.68932117E-03
+45.39000E-06 +19.77763285E-03 -42.25037643E-03
+45.40500E-06 +753.04395736E-03 +37.34761267E-03
+45.42000E-06 -1.56896606859E+00 -33.56695943E-03
+45.43500E-06 +2.09736555092E+00 +22.87525101E-03
+45.45000E-06 -2.54665450020E+00 -13.30565311E-03
+45.46500E-06 +2.76952634752E+00 -280.52764E-06
+45.48000E-06 -2.85218213494E+00 +11.29736170E-03
+45.49500E-06 +2.64731529337E+00 -24.88354245E-03
+45.51000E-06 -2.30223239191E+00 +33.00590418E-03
+45.52500E-06 +1.73073238839E+00 -40.80314026E-03
+45.54000E-06 -1.14122737904E+00 +41.68932117E-03
+45.55500E-06 +264.19974078E-03 -45.14484876E-03
+45.57000E-06 +447.51632254E-03 +41.68932116E-03
+45.58500E-06 -1.26343843377E+00 -36.46143176E-03
+45.60000E-06 +1.97515449695E+00 +28.66419567E-03
+45.61500E-06 -2.54665450025E+00 -17.64736161E-03
+45.63000E-06 +2.76952634761E+00 +5.50841702E-03
+45.64500E-06 -2.97439318895E+00 +6.95565320E-03
+45.66000E-06 +2.83063187437E+00 -21.98907012E-03
+45.67500E-06 -2.54665449984E+00 +30.11143185E-03
+45.69000E-06 +2.03626002340E+00 -40.80314027E-03
+45.70500E-06 -1.38564948697E+00 +44.58379350E-03
+45.72000E-06 +569.72737570E-03 -48.03932109E-03
+45.73500E-06 +203.09421456E-03 +44.58379349E-03
+45.75000E-06 -1.14122737980E+00 -40.80314026E-03
+45.76500E-06 +1.79183791610E+00 +33.00590417E-03
+45.78000E-06 -2.48554897327E+00 -23.43630627E-03
+45.79500E-06 +2.83063187459E+00 +8.40288936E-03
+45.81000E-06 -3.15770976990E+00 +2.61394471E-03
+45.82500E-06 +3.01394845536E+00 -19.09459779E-03
+45.84000E-06 -2.85218213480E+00 +28.66419568E-03
+45.85500E-06 +2.34178765831E+00 -39.35590410E-03
+45.87000E-06 -1.75228264891E+00 +44.58379350E-03
+45.88500E-06 +875.25501065E-03 -49.48655725E-03
+45.90000E-06 -163.53894724E-03 +47.47826583E-03
+45.91500E-06 -835.69974498E-03 -46.59208492E-03
+45.93000E-06 +1.54741580826E+00 +38.79484883E-03
+45.94500E-06 -2.36333791944E+00 -29.22525093E-03
+45.96000E-06 +2.83063187469E+00 +15.63907018E-03
+45.97500E-06 -3.21881529698E+00 -1.72776379E-03
+45.99000E-06 +3.19726503636E+00 -11.85841696E-03
+46.00500E-06 -3.09660424274E+00 +25.76972335E-03
+46.02000E-06 +2.70842082021E+00 -39.35590410E-03
+46.03500E-06 -2.11891581081E+00 +44.58379350E-03
+46.05000E-06 +1.30299369944E+00 -50.93379342E-03
+46.06500E-06 -469.06658215E-03 +51.81997432E-03
+46.08000E-06 -530.17211012E-03 -50.93379342E-03
+46.09500E-06 +1.30299370033E+00 +41.68932116E-03
+46.11000E-06 -2.24112686548E+00 -35.01419559E-03
+46.12500E-06 +2.76952634775E+00 +21.42801484E-03
+46.14000E-06 -3.27992082397E+00 -8.96394462E-03
+46.15500E-06 +3.31947609042E+00 -8.96394463E-03
+46.17000E-06 -3.27992082378E+00 +21.42801486E-03
+46.18500E-06 +2.89173740125E+00 -35.01419561E-03
+46.20000E-06 -2.48554897271E+00 +44.58379350E-03
+46.21500E-06 +1.60852133435E+00 -50.93379342E-03
+46.23000E-06 -896.80527094E-03 +54.71444665E-03
+46.24500E-06 -224.64447516E-03 -52.38102958E-03
+46.26000E-06 +1.05857159245E+00 +47.47826582E-03
+46.27500E-06 -1.99670475759E+00 -39.35590409E-03
+46.29000E-06 +2.64731529384E+00 +28.66419567E-03
+46.30500E-06 -3.27992082401E+00 -16.20012544E-03
+46.32000E-06 +3.44168714434E+00 -3.17499997E-03
+46.33500E-06 -3.58544845860E+00 +17.08630636E-03
+46.35000E-06 +3.19726503617E+00 -30.67248711E-03
+46.36500E-06 -2.79107660767E+00 +43.13655734E-03
+46.38000E-06 +2.03626002323E+00 -52.38102959E-03
+46.39500E-06 -1.20233290594E+00 +54.71444666E-03
+46.41000E-06 +141.98868669E-03 -56.72273808E-03
+46.42500E-06 +691.93843060E-03 +53.26721048E-03
+46.44000E-06 -1.69117712282E+00 -46.59208492E-03
+46.45500E-06 +2.52510423992E+00 +33.00590417E-03
+46.47000E-06 -3.21881529713E+00 -21.98907010E-03
+46.48500E-06 +3.50279267142E+00 +5.50841702E-03
+46.50000E-06 -3.70765951266E+00 +11.29736170E-03
+46.51500E-06 +3.50279267108E+00 -29.22525094E-03
+46.53000E-06 -3.09660424258E+00 +40.24208501E-03
+46.54500E-06 +2.40289318518E+00 -49.48655726E-03
+46.56000E-06 -1.63007159478E+00 +56.16168282E-03
+46.57500E-06 +569.72737552E-03 -58.16997425E-03
+46.59000E-06 +386.41079569E-03 +56.16168282E-03
+46.60500E-06 -1.44675501495E+00 -50.93379342E-03
+46.62000E-06 +2.28068213209E+00 +41.68932116E-03
+46.63500E-06 -3.03549871628E+00 -29.22525093E-03
+46.65000E-06 +3.50279267147E+00 +11.29736168E-03
+46.66500E-06 -3.82987056673E+00 +4.06118087E-03
+46.68000E-06 +3.68610925213E+00 -23.43630629E-03
+46.69500E-06 -3.40213187754E+00 +37.34761268E-03
+46.71000E-06 +2.76952634703E+00 -50.93379342E-03
+46.72500E-06 -1.99670475667E+00 +57.60891899E-03
+46.74000E-06 +997.46606440E-03 -61.06444658E-03
+46.75500E-06 -41.32789319E-03 +60.50339131E-03
+46.77000E-06 -1.08012185305E+00 -56.72273808E-03
+46.78500E-06 +2.03626002421E+00 +46.03102966E-03
+46.80000E-06 -2.97439318930E+00 -35.01419559E-03
+46.81500E-06 +3.44168714459E+00 +18.53354251E-03
+46.83000E-06 -3.89097609376E+00 -1.72776379E-03
+46.84500E-06 +3.86942583313E+00 -17.64736163E-03
+46.86000E-06 -3.70765951251E+00 +34.45314034E-03
+46.87500E-06 +3.13615950897E+00 -49.48655726E-03
+46.89000E-06 -2.42444344560E+00 +57.60891899E-03
+46.90500E-06 +1.42520475328E+00 -62.51168274E-03
+46.92000E-06 -407.96105504E-03 +64.84509981E-03
+46.93500E-06 -774.59421814E-03 -61.06444657E-03
+46.95000E-06 +1.79183791628E+00 +53.26721048E-03
+46.96500E-06 -2.72997108147E+00 -42.25037642E-03
+46.98000E-06 +3.44168714459E+00 +25.76972334E-03
+46.99500E-06 -3.95208162079E+00 -10.41118078E-03
+47.01000E-06 +3.99163688714E+00 -10.41118080E-03
+47.02500E-06 -3.95208162044E+00 +28.66419569E-03
+47.04000E-06 +3.44168714393E+00 -45.14484876E-03
+47.05500E-06 -2.85218213443E+00 +56.16168282E-03
+47.07000E-06 +1.85294344210E+00 -62.51168275E-03
+47.08500E-06 -835.69974386E-03 +64.84509981E-03
+47.10000E-06 -346.85552931E-03 -65.40615507E-03
+47.11500E-06 +1.42520475444E+00 +56.16168282E-03
+47.13000E-06 -2.48554897364E+00 -49.48655725E-03
+47.14500E-06 +3.25837056380E+00 +34.45314033E-03
+47.16000E-06 -3.95208162085E+00 -17.64736160E-03
+47.17500E-06 +4.05274241423E+00 -4.62223614E-03
+47.19000E-06 -4.19650372842E+00 +21.42801486E-03
+47.20500E-06 +3.74721477890E+00 -42.25037643E-03
+47.22000E-06 -3.15770976944E+00 +53.26721049E-03
+47.23500E-06 +2.28068213103E+00 -62.51168275E-03
+47.25000E-06 -1.32454395972E+00 +66.29233598E-03
+47.26500E-06 +19.77763263E-03 -68.30062740E-03
+47.28000E-06 +997.46606566E-03 +63.39786364E-03
+47.29500E-06 -2.24112686572E+00 -55.27550191E-03
+47.31000E-06 +3.07505398285E+00 +41.68932116E-03
+47.32500E-06 -3.82987056704E+00 -24.88354243E-03
+47.34000E-06 +4.23605899513E+00 +4.06118085E-03
+47.35500E-06 -4.31871478254E+00 +14.19183404E-03
+47.37000E-06 +4.05274241387E+00 -35.01419561E-03
+47.38500E-06 -3.52434293139E+00 +50.37273817E-03
+47.40000E-06 +2.70842081991E+00 -61.06444658E-03
+47.41500E-06 -1.75228264860E+00 +69.18680831E-03
+47.43000E-06 +508.62184844E-03 -69.74786357E-03
+47.44500E-06 +569.72737683E-03 +67.73957214E-03
+47.46000E-06 -1.87449370387E+00 -61.06444657E-03
+47.47500E-06 +2.83063187508E+00 +48.92550198E-03
+47.49000E-06 -3.76876504000E+00 -33.56695942E-03
+47.50500E-06 +4.17495346830E+00 +12.74459785E-03
+47.52000E-06 -4.50203136349E+00 +6.95565321E-03
+47.53500E-06 +4.23605899492E+00 -29.22525095E-03
+47.55000E-06 -3.89097609329E+00 +46.03102967E-03
+47.56500E-06 +3.07505398191E+00 -59.61721042E-03
+47.58000E-06 -2.24112686441E+00 +67.73957214E-03
+47.59500E-06 +997.46606425E-03 -72.64233590E-03
+47.61000E-06 +141.98868801E-03 +70.63404447E-03
+47.62500E-06 -1.44675501510E+00 -66.85339123E-03
+47.64000E-06 +2.52510424017E+00 +56.16168281E-03
+47.65500E-06 -3.58544845916E+00 -39.35590409E-03
+47.67000E-06 +4.11384794137E+00 +21.42801484E-03
+47.68500E-06 -4.50203136360E+00 -1.72776378E-03
+47.70000E-06 +4.41937557592E+00 -20.54183396E-03
+47.71500E-06 -4.19650372831E+00 +40.24208501E-03
+47.73000E-06 +3.44168714381E+00 -56.72273809E-03
+47.74500E-06 -2.66886555334E+00 +67.73957215E-03
+47.76000E-06 +1.48631028006E+00 -74.08957207E-03
+47.77500E-06 -285.75000097E-03 +73.52851680E-03
+47.79000E-06 -1.08012185321E+00 -71.19509973E-03
+47.80500E-06 +2.15847107832E+00 +61.95062747E-03
+47.82000E-06 -3.34102635134E+00 -48.03932108E-03
+47.83500E-06 +4.05274241445E+00 +27.21695950E-03
+47.85000E-06 -4.62424241757E+00 -8.96394461E-03
+47.86500E-06 +4.66379768385E+00 -13.30565313E-03
+47.88000E-06 -4.44092583629E+00 +34.45314035E-03
+47.89500E-06 +3.80832030581E+00 -50.93379343E-03
+47.91000E-06 -3.09660424227E+00 +66.29233598E-03
+47.92500E-06 +1.91404896899E+00 -74.08957207E-03
+47.94000E-06 -774.59421678E-03 +77.87022530E-03
+47.95500E-06 -591.27763740E-03 -75.53680823E-03
+47.97000E-06 +1.79183791654E+00 +67.73957214E-03
+47.98500E-06 -3.03549871648E+00 -55.27550191E-03
+48.00000E-06 +3.86942583355E+00 +37.34761266E-03
+48.01500E-06 -4.56313689069E+00 -17.64736160E-03
+48.03000E-06 +4.66379768396E+00 -4.62223614E-03
+48.04500E-06 -4.68534794423E+00 +27.21695952E-03
+48.06000E-06 +4.17495346765E+00 -48.03932110E-03
+48.07500E-06 -3.46323740422E+00 +61.95062749E-03
+48.09000E-06 +2.40289318485E+00 -74.08957207E-03
+48.10500E-06 -1.26343843259E+00 +79.31746147E-03
+48.12000E-06 -102.43342160E-03 -78.43128056E-03
+48.13500E-06 +1.30299370073E+00 +73.52851680E-03
+48.15000E-06 -2.66886555469E+00 -62.51168273E-03
+48.16500E-06 +3.56389819880E+00 +47.47826581E-03
+48.18000E-06 -4.44092583684E+00 -29.22525092E-03
+48.19500E-06 +4.72490321105E+00 +2.61394469E-03
+48.21000E-06 -4.86866452528E+00 +19.98077870E-03
+48.22500E-06 +4.48048110268E+00 -40.80314027E-03
+48.24000E-06 -3.89097609316E+00 +59.05615516E-03
+48.25500E-06 +2.83063187384E+00 -71.19509974E-03
+48.27000E-06 -1.75228264850E+00 +79.31746147E-03
+48.28500E-06 +386.41079432E-03 -81.32575289E-03
+48.30000E-06 +875.25501186E-03 +77.87022530E-03
+48.31500E-06 -2.30223239291E+00 -69.74786356E-03
+48.33000E-06 +3.31947609093E+00 +56.16168281E-03
+48.34500E-06 -4.19650372907E+00 -36.46143175E-03
+48.36000E-06 +4.72490321111E+00 +12.74459784E-03
+48.37500E-06 -4.99087557936E+00 +9.85012554E-03
+48.39000E-06 +4.72490321066E+00 -33.56695945E-03
+48.40500E-06 -4.19650372812E+00 +54.71444666E-03
+48.42000E-06 +3.31947608970E+00 -69.74786358E-03
+48.43500E-06 -2.24112686436E+00 +76.42298914E-03
+48.45000E-06 +875.25501018E-03 -82.77298906E-03
+48.46500E-06 +386.41079605E-03 +80.76469763E-03
+48.48000E-06 -1.81338817711E+00 -75.53680822E-03
+48.49500E-06 +2.95284292920E+00 +63.39786364E-03
+48.51000E-06 -4.07429267506E+00 -45.14484874E-03
+48.52500E-06 +4.66379768424E+00 +24.32248716E-03
+48.54000E-06 -5.05198110629E+00 +1.16670855E-03
+48.55500E-06 +4.90821979167E+00 -26.33077862E-03
+48.57000E-06 -4.56313689002E+00 +48.92550201E-03
+48.58500E-06 +3.68610925171E+00 -65.40615508E-03
+48.60000E-06 -2.72997108028E+00 +77.87022530E-03
+48.61500E-06 +1.36409922604E+00 -82.77298906E-03
+48.63000E-06 -102.43341986E-03 +83.65916996E-03
+48.64500E-06 -1.32454396130E+00 -78.43128056E-03
+48.66000E-06 +2.58620976725E+00 +69.18680830E-03
+48.67500E-06 -3.70765951339E+00 -53.82826574E-03
+48.69000E-06 +4.48048110346E+00 +33.00590416E-03
+48.70500E-06 -5.05198110651E+00 -7.51670844E-03
+48.72000E-06 +5.03043084574E+00 -16.20012547E-03
+48.73500E-06 -4.80755899806E+00 +41.68932118E-03
+48.75000E-06 +4.11384794053E+00 -61.06444659E-03
+48.76500E-06 -3.15770976916E+00 +74.97575298E-03
+48.78000E-06 +1.97515449581E+00 -82.77298906E-03
+48.79500E-06 -591.27763572E-03 +85.10640613E-03
+48.81000E-06 -835.69974539E-03 -82.77298905E-03
+48.82500E-06 +2.15847107843E+00 +76.42298913E-03
+48.84000E-06 -3.46323740552E+00 -61.06444657E-03
+48.85500E-06 +4.23605899559E+00 +41.68932115E-03
+48.87000E-06 -5.05198110652E+00 -19.09459776E-03
+48.88500E-06 +5.09153637284E+00 -7.51670847E-03
+48.90000E-06 -5.05198110611E+00 +31.55866802E-03
+48.91500E-06 +4.48048110248E+00 -55.27550193E-03
+48.93000E-06 -3.58544845809E+00 +69.18680832E-03
+48.94500E-06 +2.46399871173E+00 -79.87851673E-03
+48.96000E-06 -1.20233290549E+00 +88.00087846E-03
+48.97500E-06 -346.85552959E-03 -85.66746139E-03
+48.99000E-06 +1.60852133570E+00 +80.76469762E-03
+49.00500E-06 -3.03549871670E+00 -68.30062739E-03
+49.02000E-06 +4.05274241470E+00 +51.81997431E-03
+49.03500E-06 -4.86866452568E+00 -30.67248709E-03
+49.05000E-06 +5.09153637296E+00 +4.06118085E-03
+49.06500E-06 -5.23529768712E+00 +22.87525103E-03
+49.08000E-06 +4.72490321047E+00 -48.03932110E-03
+49.09500E-06 -4.01318714697E+00 +66.29233599E-03
+49.11000E-06 +2.89173740072E+00 -78.43128057E-03
+49.12500E-06 -1.63007159443E+00 +86.55364230E-03
+49.14000E-06 +203.09421326E-03 -88.56193372E-03
+49.15500E-06 +1.18078264683E+00 +83.65916996E-03
+49.17000E-06 -2.66886555480E+00 -74.08957206E-03
+49.18500E-06 +3.74721477985E+00 +59.05615514E-03
+49.20000E-06 -4.68534794491E+00 -37.90866791E-03
+49.21500E-06 +5.03043084609E+00 +14.19183400E-03
+49.23000E-06 -5.29640321416E+00 +12.74459788E-03
+49.24500E-06 +4.96932531852E+00 -37.90866795E-03
+49.26000E-06 -4.44092583597E+00 +60.50339132E-03
+49.27500E-06 +3.31947608960E+00 -75.53680824E-03
+49.29000E-06 -2.24112686414E+00 +86.55364230E-03
+49.30500E-06 +691.93842918E-03 -88.56193372E-03
+49.32000E-06 +630.83290404E-03 +88.00087846E-03
+49.33500E-06 -2.18002133906E+00 -79.87851672E-03
+49.35000E-06 +3.31947609109E+00 +66.29233597E-03
+49.36500E-06 -4.37982031012E+00 -48.03932107E-03
+49.38000E-06 +4.96932531917E+00 +24.32248716E-03
+49.39500E-06 -5.23529768741E+00 +2.61394472E-03
+49.41000E-06 +5.09153637260E+00 -29.22525096E-03
+49.42500E-06 -4.68534794396E+00 +53.26721050E-03
+49.44000E-06 +3.80832030546E+00 -72.64233591E-03
+49.45500E-06 -2.72997108005E+00 +83.65916997E-03
+49.47000E-06 +1.24188817196E+00 -88.56193372E-03
+49.48500E-06 +80.88316126E-03 +89.44811462E-03
+49.50000E-06 -1.56896606929E+00 -84.22022522E-03
+49.51500E-06 +2.89173740227E+00 +72.08128063E-03
+49.53000E-06 -4.13539820219E+00 -56.72273807E-03
+49.54500E-06 +4.84711426527E+00 +33.00590416E-03
+49.56000E-06 -5.29640321446E+00 -8.96394460E-03
+49.57500E-06 +5.21374742669E+00 -19.09459780E-03
+49.59000E-06 -4.99087557893E+00 +46.03102968E-03
+49.60500E-06 +4.11384794049E+00 -65.40615509E-03
+49.62000E-06 -3.21881529597E+00 +80.76469764E-03
+49.63500E-06 +1.79183791480E+00 -90.00916989E-03
+49.65000E-06 -407.96105466E-03 +93.78982312E-03
+49.66500E-06 -1.08012185344E+00 -88.56193371E-03
+49.68000E-06 +2.40289318647E+00 +80.76469762E-03
+49.69500E-06 -3.76876504042E+00 -65.40615506E-03
+49.71000E-06 +4.54158663054E+00 +44.58379348E-03
+49.72500E-06 -5.23529768747E+00 -19.09459776E-03
+49.74000E-06 +5.33595848065E+00 -8.96394464E-03
+49.75500E-06 -5.11308663308E+00 +34.45314036E-03
+49.77000E-06 +4.48048110245E+00 -59.61721042E-03
+49.78500E-06 -3.58544845793E+00 +76.42298914E-03
+49.80000E-06 +2.34178765758E+00 -87.11469756E-03
+49.81500E-06 -957.91079750E-03 +92.34258695E-03
+49.83000E-06 -530.17211065E-03 -90.00916988E-03
+49.84500E-06 +1.91404897061E+00 +85.10640612E-03
+49.86000E-06 -3.34102635160E+00 -71.19509972E-03
+49.87500E-06 +4.29716452267E+00 +51.81997431E-03
+49.89000E-06 -5.05198110671E+00 -29.22525092E-03
+49.90500E-06 +5.27485295385E+00 +1.16670852E-03
+49.92000E-06 -5.29640321409E+00 +25.76972337E-03
+49.93500E-06 +4.72490321044E+00 -50.93379343E-03
+49.95000E-06 -4.01318714693E+00 +70.63404448E-03
+49.96500E-06 +2.76952634664E+00 -82.77298906E-03
+49.98000E-06 -1.56896606733E+00 +90.89535079E-03
+49.99500E-06 +19.77763219E-03 -92.90364221E-03
+50.01000E-06 +1.36409922789E+00 +88.00087845E-03
+50.02500E-06 -2.79107660894E+00 -76.98404439E-03
+50.04000E-06 +3.93053136083E+00 +60.50339130E-03
+50.05500E-06 -4.80755899890E+00 -37.90866791E-03
+50.07000E-06 +5.21374742699E+00 +12.74459784E-03
+50.08500E-06 -5.35750874119E+00 +15.63907021E-03
+50.10000E-06 +4.96932531843E+00 -42.25037645E-03
+50.11500E-06 -4.25760925498E+00 +61.95062750E-03
+50.13000E-06 +3.25837056244E+00 -78.43128057E-03
+50.14500E-06 -2.05781028319E+00 +89.44811463E-03
+50.16000E-06 +508.62184805E-03 -92.90364222E-03
+50.17500E-06 +875.25501203E-03 +92.34258695E-03
+50.19000E-06 -2.36333792006E+00 -82.77298905E-03
+50.20500E-06 +3.50279267208E+00 +69.18680829E-03
+50.22000E-06 -4.62424241802E+00 -48.03932107E-03
+50.23500E-06 +5.15264190007E+00 +22.87525100E-03
+50.25000E-06 -5.35750874119E+00 +5.50841705E-03
+50.26500E-06 +5.15264189944E+00 -32.11972329E-03
+50.28000E-06 -4.62424241694E+00 +57.60891900E-03
+50.29500E-06 +3.56389819754E+00 -74.08957208E-03
+50.31000E-06 -2.54665449911E+00 +86.55364230E-03
+50.32500E-06 +1.05857159095E+00 -92.90364222E-03
+50.34000E-06 +325.30526919E-03 +93.78982311E-03
+50.35500E-06 -1.81338817728E+00 -88.56193371E-03
+50.37000E-06 +3.01394845635E+00 +74.97575296E-03
+50.38500E-06 -4.19650372927E+00 -55.27550190E-03
+50.40000E-06 +4.96932531912E+00 +34.45314032E-03
+50.41500E-06 -5.35750874132E+00 -4.62223611E-03
+50.43000E-06 +5.15264189969E+00 -21.98907013E-03
+50.44500E-06 -4.80755899808E+00 +47.47826584E-03
+50.46000E-06 +3.99163688642E+00 -68.30062742E-03
+50.47500E-06 -2.91328766113E+00 +82.21193380E-03
+50.49000E-06 +1.60852133373E+00 -91.45640605E-03
+50.50500E-06 -163.53894667E-03 +93.78982312E-03
+50.52000E-06 -1.32454396149E+00 -88.56193371E-03
+50.53500E-06 +2.64731529439E+00 +80.76469762E-03
+50.55000E-06 -3.82987056744E+00 -63.95891889E-03
+50.56500E-06 +4.60269215748E+00 +43.13655731E-03
+50.58000E-06 -5.23529768742E+00 -17.64736160E-03
+50.59500E-06 +5.21374742674E+00 -11.85841697E-03
+50.61000E-06 -5.05198110588E+00 +38.79484885E-03
+50.62500E-06 +4.29716452146E+00 -61.06444659E-03
+50.64000E-06 -3.40213187693E+00 +79.31746147E-03
+50.65500E-06 +2.09736554965E+00 -87.11469756E-03
+50.67000E-06 -713.48868951E-03 +93.78982312E-03
+50.68500E-06 -774.59421858E-03 -90.00916988E-03
+50.70000E-06 +2.09736555168E+00 +85.10640612E-03
+50.71500E-06 -3.40213187869E+00 -72.64233589E-03
+50.73000E-06 +4.29716452263E+00 +51.81997431E-03
+50.74500E-06 -5.05198110660E+00 -26.33077859E-03
+50.76000E-06 +5.21374742667E+00 -280.52765E-06
+50.77500E-06 -5.17419216004E+00 +28.66419569E-03
+50.79000E-06 +4.60269215637E+00 -52.38102960E-03
+50.80500E-06 -3.76876503895E+00 +72.08128065E-03
+50.82000E-06 +2.52510423866E+00 -84.22022523E-03
+50.83500E-06 -1.32454395927E+00 +89.44811463E-03
+50.85000E-06 -224.64447574E-03 -92.90364221E-03
+50.86500E-06 +1.60852133582E+00 +88.00087845E-03
+50.88000E-06 -2.97439318975E+00 -76.98404439E-03
+50.89500E-06 +3.93053136094E+00 +59.05615514E-03
+50.91000E-06 -4.86866452578E+00 -37.90866791E-03
+50.92500E-06 +5.15264189988E+00 +8.40288934E-03
+50.94000E-06 -5.23529768702E+00 +17.08630637E-03
+50.95500E-06 +4.78600873745E+00 -45.14484877E-03
+50.97000E-06 -4.07429267386E+00 +66.29233599E-03
+50.98500E-06 +2.95284292754E+00 -79.87851674E-03
+51.00000E-06 -1.75228264828E+00 +89.44811463E-03
+51.01500E-06 +264.19974012E-03 -91.45640605E-03
+51.03000E-06 +1.05857159297E+00 +89.44811462E-03
+51.04500E-06 -2.48554897402E+00 -79.87851672E-03
+51.06000E-06 +3.56389819904E+00 +66.29233596E-03
+51.07500E-06 -4.50203136408E+00 -46.59208491E-03
+51.09000E-06 +4.96932531907E+00 +21.42801483E-03
+51.10500E-06 -5.23529768722E+00 +6.95565322E-03
+51.12000E-06 +4.84711426450E+00 -33.56695945E-03
+51.13500E-06 -4.31871478199E+00 +57.60891900E-03
+51.15000E-06 +3.31947608957E+00 -74.08957207E-03
+51.16500E-06 -2.24112686414E+00 +86.55364230E-03
+51.18000E-06 +814.14948296E-03 -90.00916989E-03
+51.19500E-06 +447.51632328E-03 +90.89535079E-03
+51.21000E-06 -1.99670475816E+00 -84.22022522E-03
+51.22500E-06 +3.13615951016E+00 +72.08128063E-03
+51.24000E-06 -4.25760925608E+00 -53.82826573E-03
+51.25500E-06 +4.72490321134E+00 +31.55866799E-03
+51.27000E-06 -5.17419216023E+00 -3.17499994E-03
+51.28500E-06 +4.90821979161E+00 -23.43630629E-03
+51.30000E-06 -4.56313688992E+00 +47.47826584E-03
+51.31500E-06 +3.62500372454E+00 -68.30062741E-03
+51.33000E-06 -2.66886555309E+00 +80.76469764E-03
+51.34500E-06 +1.30299369882E+00 -90.00916989E-03
+51.36000E-06 +19.77763434E-03 +92.34258695E-03
+51.37500E-06 -1.44675501538E+00 -87.11469755E-03
+51.39000E-06 +2.64731529443E+00 +76.42298913E-03
+51.40500E-06 -3.82987056741E+00 -61.06444656E-03
+51.42000E-06 +4.48048110347E+00 +41.68932114E-03
+51.43500E-06 -4.99087557955E+00 -16.20012543E-03
+51.45000E-06 +4.96932531880E+00 -11.85841698E-03
+51.46500E-06 -4.68534794402E+00 +38.79484885E-03
+51.48000E-06 +3.93053135946E+00 -59.61721043E-03
+51.49500E-06 -3.03549871505E+00 +74.97575298E-03
+51.51000E-06 +1.79183791475E+00 -84.22022523E-03
+51.52500E-06 -591.27763549E-03 +89.44811463E-03
+51.54000E-06 -896.80527254E-03 -88.56193372E-03
+51.55500E-06 +2.09736555166E+00 +80.76469762E-03
+51.57000E-06 -3.40213187853E+00 -68.30062739E-03
+51.58500E-06 +4.17495346863E+00 +48.92550197E-03
+51.60000E-06 -4.80755899867E+00 -24.88354242E-03
+51.61500E-06 +4.84711426490E+00 -1.72776382E-03
+51.63000E-06 -4.80755899805E+00 +28.66419570E-03
+51.64500E-06 +4.17495346745E+00 -50.93379343E-03
+51.66000E-06 -3.34102635003E+00 +69.18680832E-03
+51.67500E-06 +2.21957660363E+00 -82.77298906E-03
+51.69000E-06 -1.01901632436E+00 +89.44811463E-03
+51.70500E-06 -469.06658359E-03 -88.56193372E-03
+51.72000E-06 +1.66962686271E+00 +83.65916996E-03
+51.73500E-06 -2.97439318979E+00 -71.19509973E-03
+51.75000E-06 +3.80832030687E+00 +56.16168280E-03
+51.76500E-06 -4.62424241772E+00 -33.56695942E-03
+51.78000E-06 +4.78600873805E+00 +8.40288934E-03
+51.79500E-06 -4.80755899819E+00 +17.08630637E-03
+51.81000E-06 +4.35827004847E+00 -43.69761261E-03
+51.82500E-06 -3.64655398501E+00 +61.95062749E-03
+51.84000E-06 +2.58620976566E+00 -75.53680824E-03
+51.85500E-06 -1.44675501338E+00 +85.10640613E-03
+51.87000E-06 +80.88315918E-03 -87.11469755E-03
+51.88500E-06 +1.05857159309E+00 +85.10640612E-03
+51.90000E-06 -2.48554897392E+00 -76.98404439E-03
+51.91500E-06 +3.44168714497E+00 +61.95062747E-03
+51.93000E-06 -4.31871478295E+00 -42.25037641E-03
+51.94500E-06 +4.66379768408E+00 +17.08630633E-03
+51.96000E-06 -4.74645347141E+00 +6.95565322E-03
+51.97500E-06 +4.35827004881E+00 -32.11972329E-03
+51.99000E-06 -3.89097609308E+00 +54.71444667E-03
+52.00500E-06 +2.95284292755E+00 -69.74786358E-03
+52.02000E-06 -1.87449370226E+00 +80.76469764E-03
+52.03500E-06 +569.72737504E-03 -85.66746139E-03
+52.05000E-06 +691.93843099E-03 +86.55364229E-03
+52.06500E-06 -1.99670475813E+00 -78.43128055E-03
+52.08000E-06 +3.01394845616E+00 +66.29233597E-03
+52.09500E-06 -3.95208162119E+00 -49.48655724E-03
+52.11000E-06 +4.41937557636E+00 +27.21695949E-03
+52.12500E-06 -4.68534794443E+00 -3.17499994E-03
+52.14000E-06 +4.48048110271E+00 -23.43630630E-03
+52.15500E-06 -4.07429267409E+00 +44.58379351E-03
+52.17000E-06 +3.19726503562E+00 -63.95891892E-03
+52.18500E-06 -2.30223239113E+00 +76.42298914E-03
+52.20000E-06 +997.46606392E-03 -82.77298906E-03
+52.21500E-06 +141.98868822E-03 +85.10640613E-03
+52.23000E-06 -1.44675501536E+00 -81.32575289E-03
+52.24500E-06 +2.58620976728E+00 +72.08128063E-03
+52.26000E-06 -3.58544845936E+00 -56.72273807E-03
+52.27500E-06 +4.11384794152E+00 +34.45314032E-03
+52.29000E-06 -4.56313689053E+00 -13.30565310E-03
+52.30500E-06 +4.48048110285E+00 -11.85841698E-03
+52.32000E-06 -4.19650372813E+00 +35.90037652E-03
+52.33500E-06 +3.44168714355E+00 -56.72273809E-03
+52.35000E-06 -2.66886555310E+00 +70.63404448E-03
+52.36500E-06 +1.42520475287E+00 -78.43128057E-03
+52.38000E-06 -285.75000066E-03 +82.21193380E-03
+52.39500E-06 -1.01901632641E+00 -82.77298905E-03
+52.41000E-06 +2.03626002465E+00 +74.97575296E-03
+52.42500E-06 -3.21881529754E+00 -62.51168273E-03
+52.44000E-06 +3.86942583351E+00 +44.58379348E-03
+52.45500E-06 -4.44092583664E+00 -20.54183393E-03
+52.47000E-06 +4.41937557593E+00 -3.17499998E-03
+52.48500E-06 -4.19650372834E+00 +27.21695953E-03
+52.50000E-06 +3.56389819773E+00 -49.48655727E-03
+52.51500E-06 -2.85218213426E+00 +63.39786366E-03
+52.53000E-06 +1.79183791483E+00 -74.08957207E-03
+52.54500E-06 -713.48868961E-03 +82.21193380E-03
+52.56000E-06 -591.27763761E-03 -81.32575289E-03
+52.57500E-06 +1.66962686269E+00 +76.42298913E-03
+52.59000E-06 -2.79107660873E+00 -63.95891890E-03
+52.60500E-06 +3.44168714492E+00 +50.37273814E-03
+52.62000E-06 -4.13539820186E+00 -29.22525092E-03
+52.63500E-06 +4.29716452204E+00 +5.50841701E-03
+52.65000E-06 -4.19650372841E+00 +18.53354254E-03
+52.66500E-06 +3.74721477867E+00 -39.35590411E-03
+52.68000E-06 -3.09660424226E+00 +56.16168283E-03
+52.69500E-06 +2.15847107673E+00 -69.74786358E-03
+52.71000E-06 -1.14122737834E+00 +76.42298914E-03
+52.72500E-06 -102.43342174E-03 -79.87851673E-03
+52.74000E-06 +1.18078264682E+00 +76.42298913E-03
+52.75500E-06 -2.36333791985E+00 -69.74786356E-03
+52.77000E-06 +3.13615951001E+00 +54.71444664E-03
+52.78500E-06 -3.82987056702E+00 -37.90866791E-03
+52.80000E-06 +4.17495346814E+00 +14.19183401E-03
+52.81500E-06 -4.19650372848E+00 +6.95565322E-03
+52.83000E-06 +3.86942583271E+00 -32.11972329E-03
+52.84500E-06 -3.34102635027E+00 +50.37273817E-03
+52.86000E-06 +2.46399871178E+00 -63.95891892E-03
+52.87500E-06 -1.50786054038E+00 +72.08128064E-03
+52.89000E-06 +325.30526728E-03 -78.43128056E-03
+52.90500E-06 +753.04395795E-03 +76.42298913E-03
+52.92000E-06 -1.87449370414E+00 -71.19509973E-03
+52.93500E-06 +2.76952634811E+00 +59.05615514E-03
+52.95000E-06 -3.58544845916E+00 -43.69761258E-03
+52.96500E-06 +3.86942583345E+00 +22.87525100E-03
+52.98000E-06 -4.13539820150E+00 -1.72776378E-03
+52.99500E-06 +3.86942583278E+00 -21.98907013E-03
+53.01000E-06 -3.52434293113E+00 +40.24208502E-03
+53.02500E-06 +2.64731529280E+00 -58.16997426E-03
+53.04000E-06 -1.87449370235E+00 +67.73957215E-03
+53.05500E-06 +691.93842917E-03 -75.53680823E-03
+53.07000E-06 +264.19974216E-03 +74.97575297E-03
+53.08500E-06 -1.44675501518E+00 -72.64233589E-03
+53.10000E-06 +2.34178765938E+00 +61.95062747E-03
+53.11500E-06 -3.21881529741E+00 -50.93379340E-03
+53.13000E-06 +3.68610925242E+00 +30.11143182E-03
+53.14500E-06 -3.89097609386E+00 -8.96394461E-03
+53.16000E-06 +3.80832030594E+00 -13.30565314E-03
+53.17500E-06 -3.64655398525E+00 +33.00590419E-03
+53.19000E-06 +2.89173740081E+00 -49.48655727E-03
+53.20500E-06 -2.11891581043E+00 +61.95062749E-03
+53.22000E-06 +1.05857159107E+00 -71.19509974E-03
+53.23500E-06 -102.43341989E-03 +72.08128064E-03
+53.25000E-06 -1.08012185329E+00 -72.64233590E-03
+53.26500E-06 +1.91404897050E+00 +64.84509980E-03
+53.28000E-06 -2.79107660868E+00 -52.38102957E-03
+53.29500E-06 +3.38058161773E+00 +37.34761265E-03
+53.31000E-06 -3.82987056680E+00 -17.64736160E-03
+53.32500E-06 +3.74721477911E+00 -4.62223614E-03
+53.34000E-06 -3.58544845841E+00 +25.76972336E-03
+53.35500E-06 +3.01394845492E+00 -43.69761260E-03
+53.37000E-06 -2.36333791828E+00 +57.60891899E-03
+53.38500E-06 +1.36409922606E+00 -66.85339124E-03
+53.40000E-06 -469.06658171E-03 +70.63404448E-03
+53.41500E-06 -652.38316449E-03 -69.74786357E-03
+53.43000E-06 +1.54741580861E+00 +64.84509981E-03
+53.44500E-06 -2.48554897369E+00 -55.27550191E-03
+53.46000E-06 +3.13615950973E+00 +41.68932115E-03
+53.47500E-06 -3.52434293204E+00 -24.88354242E-03
+53.49000E-06 +3.68610925212E+00 +4.06118085E-03
+53.50500E-06 -3.58544845848E+00 +17.08630637E-03
+53.52000E-06 +3.13615950881E+00 -35.01419561E-03
+53.53500E-06 -2.60776002644E+00 +50.37273817E-03
+53.55000E-06 +1.66962686097E+00 -61.06444659E-03
+53.56500E-06 -774.59421669E-03 +67.73957214E-03
+53.58000E-06 -224.64447553E-03 -69.74786357E-03
+53.59500E-06 +1.18078264671E+00 +64.84509981E-03
+53.61000E-06 -2.18002133878E+00 -58.16997424E-03
+53.62500E-06 +2.76952634798E+00 +46.03102965E-03
+53.64000E-06 -3.34102635116E+00 -30.67248709E-03
+53.65500E-06 +3.44168714442E+00 +11.29736167E-03
+53.67000E-06 -3.52434293157E+00 +8.40288938E-03
+53.68500E-06 +3.13615950903E+00 -29.22525095E-03
+53.70000E-06 -2.72997108032E+00 +43.13655734E-03
+53.71500E-06 +1.91404896897E+00 -56.72273809E-03
+53.73000E-06 -1.08012185168E+00 +64.84509981E-03
+53.74500E-06 +80.88315938E-03 -66.85339124E-03
+53.76000E-06 +753.04395783E-03 +64.84509981E-03
+53.77500E-06 -1.75228264998E+00 -59.61721041E-03
+53.79000E-06 +2.40289318608E+00 +50.37273815E-03
+53.80500E-06 -3.03549871617E+00 -36.46143175E-03
+53.82000E-06 +3.31947609037E+00 +18.53354250E-03
+53.83500E-06 -3.40213187776E+00 -1.72776378E-03
+53.85000E-06 +3.13615950911E+00 -19.09459780E-03
+53.86500E-06 -2.79107660761E+00 +35.90037652E-03
+53.88000E-06 +2.09736555007E+00 -50.93379343E-03
+53.89500E-06 -1.44675501350E+00 +60.50339132E-03
+53.91000E-06 +386.41079445E-03 -62.51168275E-03
+53.92500E-06 +447.51632292E-03 +63.39786365E-03
+53.94000E-06 -1.32454396117E+00 -61.06444657E-03
+53.95500E-06 +2.03626002434E+00 +51.81997431E-03
+53.97000E-06 -2.72997108133E+00 -39.35590408E-03
+53.98500E-06 +3.01394845569E+00 +24.32248716E-03
+54.00000E-06 -3.27992082387E+00 -6.06947228E-03
+54.01500E-06 +3.07505398220E+00 -13.30565313E-03
+54.03000E-06 -2.85218213451E+00 +28.66419569E-03
+54.04500E-06 +2.28068213102E+00 -43.69761260E-03
+54.06000E-06 -1.63007159460E+00 +54.71444666E-03
+54.07500E-06 +753.04395619E-03 -61.06444658E-03
+54.09000E-06 +19.77763412E-03 +61.95062748E-03
+54.10500E-06 -1.01901632618E+00 -59.61721041E-03
+54.12000E-06 +1.73073238935E+00 +54.71444665E-03
+54.13500E-06 -2.48554897348E+00 -43.69761258E-03
+54.15000E-06 +2.83063187474E+00 +30.11143183E-03
+54.16500E-06 -3.15770976990E+00 -11.85841694E-03
+54.18000E-06 +3.07505398228E+00 -4.62223614E-03
+54.19500E-06 -2.85218213459E+00 +21.42801487E-03
+54.21000E-06 +2.28068213125E+00 -36.46143178E-03
+54.22500E-06 -1.81338817555E+00 +48.92550200E-03
+54.24000E-06 +1.05857159110E+00 -55.27550192E-03
+54.25500E-06 -346.85552778E-03 +60.50339132E-03
+54.27000E-06 -652.38316429E-03 -59.61721041E-03
+54.28500E-06 +1.42520475443E+00 +56.16168281E-03
+54.30000E-06 -2.11891581174E+00 -46.59208491E-03
+54.31500E-06 +2.52510423990E+00 +31.55866800E-03
+54.33000E-06 -2.97439318903E+00 -19.09459777E-03
+54.34500E-06 +2.95284292839E+00 +1.16670852E-03
+54.36000E-06 -2.85218213475E+00 +14.19183404E-03
+54.37500E-06 +2.40289318514E+00 -30.67248712E-03
+54.39000E-06 -1.99670475657E+00 +41.68932117E-03
+54.40500E-06 +1.24188817228E+00 -50.93379343E-03
+54.42000E-06 -530.17210888E-03 +56.16168282E-03
+54.43500E-06 -346.85552937E-03 -58.16997425E-03
+54.45000E-06 +997.46606563E-03 +54.71444665E-03
+54.46500E-06 -1.75228264984E+00 -49.48655725E-03
+54.48000E-06 +2.28068213205E+00 +37.34761266E-03
+54.49500E-06 -2.72997108118E+00 -23.43630626E-03
+54.51000E-06 +2.76952634752E+00 +6.95565318E-03
+54.52500E-06 -2.85218213474E+00 +8.40288938E-03
+54.54000E-06 +2.46399871220E+00 -23.43630629E-03
+54.55500E-06 -2.05781028371E+00 +34.45314035E-03
+54.57000E-06 +1.36409922641E+00 -46.59208493E-03
+54.58500E-06 -774.59421689E-03 +53.26721049E-03
+54.60000E-06 -41.32789446E-03 -55.27550192E-03
+54.61500E-06 +630.83290382E-03 +53.26721049E-03
+54.63000E-06 -1.50786054191E+00 -50.93379341E-03
+54.64500E-06 +1.97515449722E+00 +38.79484883E-03
+54.66000E-06 -2.48554897333E+00 -27.77801476E-03
+54.67500E-06 +2.58620976665E+00 +12.74459784E-03
+54.69000E-06 -2.72997108086E+00 +1.16670855E-03
+54.70500E-06 +2.46399871227E+00 -17.64736163E-03
+54.72000E-06 -2.18002133776E+00 +28.66419569E-03
+54.73500E-06 +1.54741580727E+00 -40.80314027E-03
+54.75000E-06 -1.01901632482E+00 +48.92550200E-03
+54.76500E-06 +264.19974053E-03 -52.38102959E-03
+54.78000E-06 +386.41079589E-03 +51.81997432E-03
+54.79500E-06 -1.14122738010E+00 -49.48655725E-03
+54.81000E-06 +1.66962686238E+00 +43.13655732E-03
+54.82500E-06 -2.24112686548E+00 -32.11972326E-03
+54.84000E-06 +2.40289318578E+00 +18.53354250E-03
+54.85500E-06 -2.60776002705E+00 -4.62223611E-03
+54.87000E-06 +2.40289318537E+00 -10.41118080E-03
+54.88500E-06 -2.24112686482E+00 +22.87525103E-03
+54.90000E-06 +1.66962686132E+00 -36.46143178E-03
+54.91500E-06 -1.14122737887E+00 +41.68932117E-03
+54.93000E-06 +508.62184846E-03 -48.03932109E-03
+54.94500E-06 +141.98868788E-03 +50.37273816E-03
+54.96000E-06 -896.80527217E-03 -49.48655725E-03
+54.97500E-06 +1.42520475437E+00 +43.13655732E-03
+54.99000E-06 -1.99670475754E+00 -33.56695943E-03
+55.00500E-06 +2.21957660491E+00 +22.87525100E-03
+55.02000E-06 -2.42444344610E+00 -10.41118078E-03
+55.03500E-06 +2.34178765847E+00 -4.62223614E-03
+55.05000E-06 -2.24112686482E+00 +17.08630637E-03
+55.06500E-06 +1.79183791528E+00 -29.22525095E-03
+55.08000E-06 -1.32454395989E+00 +37.34761268E-03
+55.09500E-06 +630.83290251E-03 -45.14484876E-03
+55.11000E-06 -163.53894704E-03 +46.03102966E-03
+55.12500E-06 -652.38316415E-03 -48.03932109E-03
+55.14000E-06 +1.11967711946E+00 +43.13655732E-03
+55.15500E-06 -1.75228264969E+00 -37.90866792E-03
+55.17000E-06 +1.91404897008E+00 +25.76972333E-03
+55.18500E-06 -2.30223239222E+00 -14.75288927E-03
+55.20000E-06 +2.28068213156E+00 -1.72776381E-03
+55.21500E-06 -2.18002133791E+00 +11.29736170E-03
+55.23000E-06 +1.85294344234E+00 -24.88354245E-03
+55.24500E-06 -1.44675501394E+00 +33.00590418E-03
+55.26000E-06 +814.14948354E-03 -42.25037643E-03
+55.27500E-06 -285.75000117E-03 +43.13655734E-03
+55.29000E-06 -346.85552924E-03 -45.14484876E-03
+55.30500E-06 +875.25501152E-03 +43.13655733E-03
+55.32000E-06 -1.50786054176E+00 -39.35590409E-03
+55.33500E-06 +1.79183791603E+00 +30.11143183E-03
+55.35000E-06 -2.11891581135E+00 -19.09459777E-03
+55.36500E-06 +2.15847107768E+00 +5.50841702E-03
+55.38000E-06 -2.18002133800E+00 +6.95565321E-03
+55.39500E-06 +1.79183791544E+00 -20.54183395E-03
+55.41000E-06 -1.50786054092E+00 +28.66419569E-03
+55.42500E-06 +997.46606448E-03 -36.46143177E-03
+55.44000E-06 -469.06658211E-03 +40.24208500E-03
+55.45500E-06 -224.64447511E-03 -42.25037643E-03
+55.47000E-06 +630.83290359E-03 +41.68932116E-03
+55.48500E-06 -1.20233290693E+00 -37.90866793E-03
+55.50000E-06 +1.54741580818E+00 +31.55866800E-03
+55.51500E-06 -1.93559923040E+00 -24.88354243E-03
+55.53000E-06 +1.97515449681E+00 +8.40288935E-03
+55.54500E-06 -2.05781028411E+00 +1.16670854E-03
+55.56000E-06 +1.85294344251E+00 -14.75288929E-03
+55.57500E-06 -1.63007159489E+00 +22.87525102E-03
+55.59000E-06 +1.11967711845E+00 -32.11972327E-03
+55.60500E-06 -652.38316306E-03 +37.34761267E-03
+55.62000E-06 +19.77763274E-03 -42.25037643E-03
+55.63500E-06 +386.41079566E-03 +38.79484884E-03
+55.65000E-06 -1.01901632590E+00 -37.90866793E-03
+55.66500E-06 +1.36409922723E+00 +31.55866800E-03
+55.68000E-06 -1.69117712264E+00 -24.88354243E-03
+55.69500E-06 +1.79183791595E+00 +12.74459785E-03
+55.71000E-06 -1.93559923014E+00 -3.17499995E-03
+55.72500E-06 +1.79183791561E+00 -10.41118080E-03
+55.74000E-06 -1.63007159497E+00 +17.08630636E-03
+55.75500E-06 +1.18078264560E+00 -30.67248711E-03
+55.77000E-06 -835.69974409E-03 +33.00590418E-03
+55.78500E-06 +264.19974058E-03 -37.90866793E-03
+55.80000E-06 +141.98868773E-03 +38.79484883E-03
+55.81500E-06 -774.59421788E-03 -36.46143176E-03
+55.83000E-06 +1.11967711930E+00 +33.00590417E-03
+55.84500E-06 -1.50786054160E+00 -26.33077860E-03
+55.86000E-06 +1.73073238888E+00 +15.63907018E-03
+55.87500E-06 -1.87449370316E+00 -7.51670845E-03
+55.89000E-06 +1.73073238862E+00 -4.62223614E-03
+55.90500E-06 -1.56896606815E+00 +14.19183403E-03
+55.92000E-06 +1.24188817249E+00 -23.43630628E-03
+55.93500E-06 -957.91079806E-03 +30.11143185E-03
+55.95000E-06 +386.41079472E-03 -35.01419560E-03
+55.96500E-06 -41.32789322E-03 +34.45314034E-03
+55.98000E-06 -530.17211012E-03 -36.46143177E-03
+55.99500E-06 +936.36053835E-03 +31.55866801E-03
+56.01000E-06 -1.32454396065E+00 -26.33077860E-03
+56.02500E-06 +1.48631028103E+00 +17.08630635E-03
+56.04000E-06 -1.69117712247E+00 -11.85841694E-03
+56.05500E-06 +1.60852133483E+00 -280.52764E-06
+56.07000E-06 -1.63007159505E+00 +9.85012554E-03
+56.08500E-06 +1.30299369965E+00 -19.09459779E-03
+56.10000E-06 -1.01901632504E+00 +25.76972335E-03
+56.11500E-06 +569.72737567E-03 -32.11972327E-03
+56.13000E-06 -163.53894727E-03 +33.00590418E-03
+56.14500E-06 -346.85552909E-03 -33.56695944E-03
+56.16000E-06 +691.93843042E-03 +31.55866801E-03
+56.17500E-06 -1.14122737970E+00 -27.77801477E-03
+56.19000E-06 +1.36409922707E+00 +21.42801484E-03
+56.20500E-06 -1.56896606850E+00 -13.30565311E-03
+56.22000E-06 +1.54741580784E+00 +2.61394469E-03
+56.23500E-06 -1.56896606815E+00 +4.06118088E-03
+56.25000E-06 +1.30299369956E+00 -14.75288929E-03
+56.26500E-06 -1.01901632521E+00 +21.42801486E-03
+56.28000E-06 +691.93842954E-03 -30.67248711E-03
+56.29500E-06 -285.75000132E-03 +30.11143185E-03
+56.31000E-06 -224.64447504E-03 -33.56695943E-03
+56.32500E-06 +447.51632266E-03 +30.11143184E-03
+56.34000E-06 -957.91079884E-03 -27.77801477E-03
+56.35500E-06 +1.18078264603E+00 +21.42801484E-03
+56.37000E-06 -1.44675501445E+00 -16.20012544E-03
+56.38500E-06 +1.42520475388E+00 +6.95565319E-03
+56.40000E-06 -1.50786054134E+00 +1.16670854E-03
+56.41500E-06 +1.24188817275E+00 -10.41118080E-03
+56.43000E-06 -1.14122737909E+00 +17.08630636E-03
+56.44500E-06 +753.04395670E-03 -24.88354245E-03
+56.46000E-06 -469.06658227E-03 +28.66419568E-03
+56.47500E-06 -41.32789409E-03 -30.67248710E-03
+56.49000E-06 +325.30526861E-03 +30.11143184E-03
+56.50500E-06 -774.59421789E-03 -29.22525093E-03
+56.52000E-06 +997.46606526E-03 +22.87525101E-03
+56.53500E-06 -1.32454396048E+00 -17.64736161E-03
+56.55000E-06 +1.36409922689E+00 +8.40288935E-03
+56.56500E-06 -1.38564948738E+00 -1.72776379E-03
+56.58000E-06 +1.24188817275E+00 -7.51670847E-03
+56.59500E-06 -1.14122737917E+00 +14.19183403E-03
+56.61000E-06 +814.14948368E-03 -20.54183395E-03
+56.62500E-06 -530.17210934E-03 +24.32248718E-03
+56.64000E-06 +141.98868677E-03 -29.22525094E-03
+56.65500E-06 +203.09421456E-03 +28.66419568E-03
+56.67000E-06 -591.27763686E-03 -27.77801477E-03
+56.68500E-06 +814.14948431E-03 +22.87525101E-03
+56.70000E-06 -1.14122737962E+00 -19.09459777E-03
+56.71500E-06 +1.18078264603E+00 +9.85012552E-03
+56.73000E-06 -1.26343843350E+00 -4.62223612E-03
+56.74500E-06 +1.24188817275E+00 -3.17499997E-03
+56.76000E-06 -1.14122737917E+00 +9.85012553E-03
+56.77500E-06 +814.14948377E-03 -17.64736162E-03
+56.79000E-06 -652.38316321E-03 +21.42801485E-03
+56.80500E-06 +203.09421393E-03 -24.88354244E-03
+56.82000E-06 +19.77763361E-03 +25.76972334E-03
+56.83500E-06 -407.96105609E-03 -27.77801477E-03
+56.85000E-06 +691.93843034E-03 +22.87525101E-03
+56.86500E-06 -957.91079876E-03 -19.09459777E-03
+56.88000E-06 +1.11967711896E+00 +14.19183402E-03
+56.89500E-06 -1.20233290643E+00 -7.51670845E-03
+56.91000E-06 +1.11967711887E+00 -1.72776380E-03
+56.92500E-06 -1.14122737926E+00 +6.95565320E-03
+56.94000E-06 +875.25501075E-03 -14.75288929E-03
+56.95500E-06 -713.48869019E-03 +17.08630636E-03
+56.97000E-06 +325.30526781E-03 -23.43630628E-03
+56.98500E-06 -102.43342035E-03 +24.32248718E-03
+57.00000E-06 -285.75000203E-03 -24.88354244E-03
+57.01500E-06 +508.62184939E-03 +22.87525101E-03
+57.03000E-06 -774.59421790E-03 -20.54183394E-03
+57.04500E-06 +997.46606508E-03 +14.19183402E-03
+57.06000E-06 -1.14122737944E+00 -8.96394462E-03
+57.07500E-06 +1.11967711887E+00 +1.16670853E-03
+57.09000E-06 -1.08012185237E+00 +4.06118087E-03
+57.10500E-06 +875.25501084E-03 -10.41118079E-03
+57.12000E-06 -713.48869037E-03 +15.63907019E-03
+57.13500E-06 +386.41079488E-03 -20.54183395E-03
+57.15000E-06 -224.64447432E-03 +21.42801485E-03
+57.16500E-06 -224.64447496E-03 -23.43630628E-03
+57.18000E-06 +325.30526853E-03 +22.87525101E-03
+57.19500E-06 -713.48869074E-03 -21.98907010E-03
+57.21000E-06 +814.14948422E-03 +14.19183402E-03
+57.22500E-06 -1.01901632557E+00 -11.85841695E-03
+57.24000E-06 +997.46606499E-03 +2.61394470E-03
+57.25500E-06 -1.08012185237E+00 +1.16670854E-03
+57.27000E-06 +814.14948404E-03 -7.51670846E-03
+57.28500E-06 -774.59421736E-03 +12.74459786E-03
+57.30000E-06 +447.51632186E-03 -17.64736162E-03
+57.31500E-06 -285.75000139E-03 +18.53354252E-03
+57.33000E-06 -102.43342099E-03 -21.98907011E-03
+57.34500E-06 +264.19974146E-03 +21.42801485E-03
+57.36000E-06 -591.27763686E-03 -20.54183394E-03
+57.37500E-06 +691.93843025E-03 +15.63907018E-03
+57.39000E-06 -896.80527169E-03 -11.85841695E-03
+57.40500E-06 +936.36053791E-03 +5.50841702E-03
+57.42000E-06 -1.01901632538E+00 -280.52763E-06
+57.43500E-06 +875.25501084E-03 -6.06947230E-03
+57.45000E-06 -774.59421726E-03 +9.85012553E-03
+57.46500E-06 +508.62184884E-03 -14.75288929E-03
+57.48000E-06 -346.85552847E-03 +15.63907019E-03
+57.49500E-06 +80.88315977E-03 -19.09459778E-03
+57.51000E-06 +141.98868750E-03 +18.53354252E-03
+57.52500E-06 -469.06658290E-03 -20.54183394E-03
+57.54000E-06 +569.72737629E-03 +15.63907018E-03
+57.55500E-06 -774.59421763E-03 -14.75288928E-03
+57.57000E-06 +753.04395724E-03 +6.95565319E-03
+57.58500E-06 -957.91079840E-03 -1.72776379E-03
+57.60000E-06 +814.14948395E-03 -4.62223613E-03
+57.61500E-06 -774.59421735E-03 +6.95565320E-03
+57.63000E-06 +508.62184884E-03 -11.85841696E-03
+57.64500E-06 -407.96105545E-03 +14.19183402E-03
+57.66000E-06 +141.98868684E-03 -19.09459779E-03
+57.67500E-06 +19.77763362E-03 +17.08630635E-03
+57.69000E-06 -346.85552884E-03 -17.64736162E-03
+57.70500E-06 +508.62184931E-03 +15.63907018E-03
+57.72000E-06 -713.48869074E-03 -13.30565312E-03
+57.73500E-06 +630.83290327E-03 +8.40288936E-03
+57.75000E-06 -835.69974452E-03 -6.06947229E-03
+57.76500E-06 +753.04395696E-03 -1.72776380E-03
+57.78000E-06 -774.59421735E-03 +4.06118087E-03
+57.79500E-06 +569.72737582E-03 -11.85841696E-03
+57.81000E-06 -469.06658234E-03 +11.29736170E-03
+57.82500E-06 +203.09421392E-03 -16.20012545E-03
+57.84000E-06 -102.43342044E-03 +15.63907019E-03
+57.85500E-06 -285.75000186E-03 -17.64736162E-03
+57.87000E-06 +325.30526845E-03 +14.19183402E-03
+57.88500E-06 -652.38316367E-03 -14.75288928E-03
+57.90000E-06 +630.83290318E-03 +8.40288936E-03
+57.91500E-06 -774.59421763E-03 -7.51670845E-03
+57.93000E-06 +691.93843007E-03 +1.16670853E-03
+57.94500E-06 -713.48869046E-03 +2.61394470E-03
+57.96000E-06 +569.72737591E-03 -8.96394463E-03
+57.97500E-06 -530.17210932E-03 +11.29736169E-03
+57.99000E-06 +203.09421401E-03 -14.75288928E-03
+58.00500E-06 -102.43342043E-03 +15.63907019E-03
+58.02000E-06 -163.53894789E-03 -16.20012545E-03
+58.03500E-06 +264.19974137E-03 +14.19183402E-03
+58.05000E-06 -530.17210970E-03 -14.75288928E-03
+58.06500E-06 +569.72737620E-03 +9.85012552E-03
+58.08000E-06 -713.48869056E-03 -7.51670845E-03
+58.09500E-06 +569.72737610E-03 +2.61394470E-03
+58.11000E-06 -713.48869046E-03 -280.52762E-06
+58.12500E-06 +569.72737591E-03 -6.06947230E-03
+58.14000E-06 -469.06658243E-03 +6.95565320E-03
+58.15500E-06 +264.19974099E-03 -11.85841696E-03
+58.17000E-06 -163.53894751E-03 +14.19183402E-03
+58.18500E-06 -102.43342091E-03 -14.75288928E-03
+58.20000E-06 +203.09421430E-03 +14.19183402E-03
+58.21500E-06 -469.06658272E-03 -11.85841695E-03
+58.23000E-06 +447.51632223E-03 +11.29736169E-03
+58.24500E-06 -652.38316357E-03 -7.51670845E-03
+58.26000E-06 +569.72737610E-03 +4.06118086E-03
+58.27500E-06 -591.27763659E-03 -280.52763E-06
+58.29000E-06 +569.72737601E-03 -4.62223613E-03
+58.30500E-06 -530.17210941E-03 +6.95565320E-03
+58.32000E-06 +264.19974099E-03 -10.41118079E-03
+58.33500E-06 -224.64447449E-03 +11.29736169E-03
+58.35000E-06 -41.32789393E-03 -13.30565312E-03
+58.36500E-06 +80.88316043E-03 +12.74459786E-03
+58.38000E-06 -346.85552875E-03 -13.30565312E-03
+58.39500E-06 +386.41079534E-03 +8.40288936E-03
+58.41000E-06 -591.27763668E-03 -8.96394462E-03
+58.42500E-06 +508.62184912E-03 +5.50841702E-03
+58.44000E-06 -591.27763659E-03 -3.17499995E-03
+58.45500E-06 +508.62184893E-03 -1.72776380E-03
+58.47000E-06 -469.06658252E-03 +5.50841703E-03
+58.48500E-06 +325.30526798E-03 -8.96394463E-03
+58.50000E-06 -224.64447469E-03 +8.40288936E-03
+58.51500E-06 +80.88315994E-03 -13.30565312E-03
+58.53000E-06 +80.88316033E-03 +11.29736169E-03
+58.54500E-06 -285.75000177E-03 -13.30565312E-03
+58.56000E-06 +264.19974128E-03 +9.85012552E-03
+58.57500E-06 -591.27763649E-03 -8.96394462E-03
+58.59000E-06 +447.51632214E-03 +5.50841703E-03
+58.60500E-06 -591.27763659E-03 -3.17499996E-03
+58.62000E-06 +447.51632214E-03 -280.52764E-06
+58.63500E-06 -469.06658252E-03 +2.61394470E-03
+58.65000E-06 +325.30526807E-03 -7.51670846E-03
+58.66500E-06 -285.75000157E-03 +8.40288936E-03
+58.68000E-06 +80.88315994E-03 -11.85841695E-03
+58.69500E-06 -41.32789364E-03 +9.85012553E-03
+58.71000E-06 -224.64447469E-03 -11.85841695E-03
+58.72500E-06 +264.19974118E-03 +8.40288936E-03
+58.74000E-06 -407.96105573E-03 -10.41118079E-03
+58.75500E-06 +386.41079515E-03 +4.06118087E-03
+58.77000E-06 -530.17210960E-03 -4.62223612E-03
+58.78500E-06 +447.51632204E-03 -1.72776380E-03
+58.80000E-06 -469.06658252E-03 +1.16670854E-03
+58.81500E-06 +325.30526797E-03 -4.62223613E-03
+58.83000E-06 -346.85552846E-03 +6.95565320E-03
+58.84500E-06 +80.88316014E-03 -8.96394463E-03
+58.86000E-06 -102.43342052E-03 +8.40288936E-03
+58.87500E-06 -102.43342101E-03 -13.30565312E-03
+58.89000E-06 +141.98868741E-03 +8.40288936E-03
+58.90500E-06 -346.85552875E-03 -8.96394462E-03
+58.92000E-06 +325.30526827E-03 +5.50841703E-03
+58.93500E-06 -469.06658262E-03 -6.06947229E-03
+58.95000E-06 +447.51632204E-03 -280.52763E-06
+58.96500E-06 -469.06658262E-03 +1.16670854E-03
+58.98000E-06 +325.30526807E-03 -4.62223613E-03
+58.99500E-06 -285.75000167E-03 +5.50841703E-03
+59.01000E-06 +141.98868712E-03 -8.96394462E-03
+59.02500E-06 -41.32789373E-03 +9.85012552E-03
+59.04000E-06 -102.43342082E-03 -10.41118079E-03
+59.05500E-06 +80.88316033E-03 +8.40288936E-03
+59.07000E-06 -346.85552865E-03 -7.51670846E-03
+59.08500E-06 +264.19974128E-03 +6.95565319E-03
+59.10000E-06 -407.96105574E-03 -6.06947229E-03
+59.11500E-06 +325.30526817E-03 -280.52763E-06
+59.13000E-06 -407.96105564E-03 -1.72776379E-03
+59.14500E-06 +264.19974118E-03 -3.17499996E-03
+59.16000E-06 -285.75000167E-03 +4.06118087E-03
+59.17500E-06 +80.88316023E-03 -7.51670846E-03
+59.19000E-06 -163.53894760E-03 +8.40288936E-03
+59.20500E-06 -41.32789383E-03 -8.96394462E-03
+59.22000E-06 +80.88316033E-03 +8.40288936E-03
+59.23500E-06 -224.64447478E-03 -8.96394462E-03
+59.25000E-06 +203.09421430E-03 +5.50841703E-03
+59.26500E-06 -346.85552875E-03 -6.06947229E-03
+59.28000E-06 +325.30526807E-03 +1.16670853E-03
+59.29500E-06 -407.96105564E-03 -280.52763E-06
+59.31000E-06 +264.19974108E-03 -3.17499996E-03
+59.32500E-06 -346.85552855E-03 +2.61394470E-03
+59.34000E-06 +141.98868722E-03 -6.06947229E-03
+59.35500E-06 -163.53894760E-03 +5.50841703E-03
+59.37000E-06 -41.32789373E-03 -8.96394462E-03
+59.38500E-06 +19.77763345E-03 +6.95565320E-03
+59.40000E-06 -163.53894790E-03 -8.96394462E-03
+59.41500E-06 +264.19974108E-03 +5.50841703E-03
+59.43000E-06 -346.85552875E-03 -6.06947229E-03
+59.44500E-06 +203.09421430E-03 +2.61394470E-03
+59.46000E-06 -346.85552875E-03 -3.17499996E-03
+59.47500E-06 +264.19974118E-03 -1.72776380E-03
+59.49000E-06 -346.85552845E-03 +1.16670854E-03
+59.50500E-06 +141.98868722E-03 -3.17499997E-03
+59.52000E-06 -163.53894760E-03 +5.50841703E-03
+59.53500E-06 -102.43342062E-03 -7.51670846E-03
+59.55000E-06 -41.32789363E-03 +5.50841703E-03
+59.56500E-06 -163.53894780E-03 -7.51670846E-03
+59.58000E-06 +141.98868722E-03 +4.06118087E-03
+59.59500E-06 -285.75000167E-03 -6.06947229E-03
+59.61000E-06 +264.19974118E-03 +2.61394470E-03
+59.62500E-06 -346.85552865E-03 -1.72776380E-03
+59.64000E-06 +264.19974098E-03 -280.52763E-06
+59.65500E-06 -346.85552855E-03 +1.16670853E-03
+59.67000E-06 +141.98868722E-03 -3.17499996E-03
+59.68500E-06 -285.75000147E-03 +4.06118087E-03
+59.70000E-06 +19.77763315E-03 -6.06947229E-03
+59.71500E-06 -41.32789363E-03 +4.06118087E-03
+59.73000E-06 -163.53894770E-03 -7.51670846E-03
+59.74500E-06 +80.88316023E-03 +5.50841703E-03
+59.76000E-06 -224.64447489E-03 -6.06947229E-03
+59.77500E-06 +203.09421420E-03 +2.61394470E-03
+59.79000E-06 -346.85552855E-03 -3.17499996E-03
+59.80500E-06 +203.09421410E-03 +1.16670853E-03
+59.82000E-06 -285.75000167E-03 -280.52763E-06
+59.83500E-06 +141.98868722E-03 -4.62223613E-03
+59.85000E-06 -163.53894760E-03 +2.61394470E-03
+59.86500E-06 +80.88316013E-03 -4.62223613E-03
+59.88000E-06 -41.32789373E-03 +4.06118087E-03
+59.89500E-06 -102.43342082E-03 -6.06947229E-03
+59.91000E-06 +80.88316034E-03 +5.50841703E-03
+59.92500E-06 -224.64447479E-03 -6.06947229E-03
+59.94000E-06 +141.98868722E-03 +4.06118086E-03
+59.95500E-06 -285.75000167E-03 -4.62223612E-03
+59.97000E-06 +264.19974118E-03 -280.52763E-06
+59.98500E-06 -224.64447469E-03 +1.16670853E-03
+60.00000E-06 +203.09421410E-03 -3.17499996E-03
+60.01500E-06 -224.64447448E-03 +2.61394470E-03
+60.03000E-06 +80.88316013E-03 -4.62223613E-03
+60.04500E-06 -102.43342061E-03 +5.50841703E-03
+60.06000E-06 -41.32789384E-03 -6.06947229E-03
+60.07500E-06 +19.77763335E-03 +4.06118087E-03
+60.09000E-06 -224.64447458E-03 -6.06947229E-03
+60.10500E-06 +203.09421410E-03 +4.06118086E-03
+60.12000E-06 -224.64447479E-03 -4.62223612E-03
+60.13500E-06 +141.98868722E-03 +1.16670853E-03
+60.15000E-06 -285.75000157E-03 -1.72776379E-03
+60.16500E-06 +141.98868722E-03 -1.72776380E-03
+60.18000E-06 -163.53894781E-03 +1.16670853E-03
+60.19500E-06 +80.88316013E-03 -6.06947229E-03
+60.21000E-06 -102.43342061E-03 +4.06118087E-03
+60.22500E-06 -41.32789384E-03 -4.62223613E-03
+60.24000E-06 +19.77763325E-03 +4.06118087E-03
+60.25500E-06 -224.64447469E-03 -4.62223613E-03
+60.27000E-06 +80.88316034E-03 +2.61394470E-03
+60.28500E-06 -224.64447469E-03 -3.17499996E-03
+60.30000E-06 +141.98868722E-03 +2.61394470E-03
+60.31500E-06 -224.64447479E-03 -1.72776379E-03
+60.33000E-06 +141.98868722E-03 -1.72776380E-03
+60.34500E-06 -224.64447458E-03 +1.16670853E-03
+60.36000E-06 +80.88316013E-03 -3.17499996E-03
+60.37500E-06 -163.53894749E-03 +4.06118086E-03
+60.39000E-06 +19.77763315E-03 -4.62223613E-03
+60.40500E-06 -41.32789363E-03 +2.61394470E-03
+60.42000E-06 -102.43342082E-03 -4.62223613E-03
+60.43500E-06 +80.88316023E-03 +2.61394470E-03
+60.45000E-06 -224.64447458E-03 -4.62223612E-03
+60.46500E-06 +141.98868722E-03 +2.61394470E-03
+60.48000E-06 -224.64447469E-03 -3.17499996E-03
+60.49500E-06 +141.98868711E-03 -280.52763E-06
+60.51000E-06 -224.64447458E-03 -280.52763E-06
+60.52500E-06 +19.77763335E-03 -3.17499996E-03
+60.54000E-06 -163.53894760E-03 +2.61394470E-03
+60.55500E-06 +19.77763325E-03 -4.62223612E-03
+60.57000E-06 -41.32789363E-03 +2.61394470E-03
+60.58500E-06 -102.43342072E-03 -4.62223613E-03
+60.60000E-06 +80.88316013E-03 +4.06118086E-03
+60.61500E-06 -224.64447469E-03 -3.17499996E-03
+60.63000E-06 +80.88316023E-03 +1.16670853E-03
+60.64500E-06 -224.64447469E-03 -3.17499996E-03
+60.66000E-06 +80.88316023E-03 -280.52763E-06
+60.67500E-06 -163.53894770E-03 -280.52763E-06
+60.69000E-06 +80.88316023E-03 -1.72776380E-03
+60.70500E-06 -102.43342082E-03 +1.16670854E-03
+60.72000E-06 +19.77763325E-03 -4.62223613E-03
+60.73500E-06 -102.43342061E-03 +1.16670853E-03
+60.75000E-06 -102.43342072E-03 -3.17499996E-03
+60.76500E-06 +19.77763325E-03 +2.61394470E-03
+60.78000E-06 -163.53894760E-03 -3.17499996E-03
+60.79500E-06 +80.88316023E-03 +1.16670853E-03
+60.81000E-06 -224.64447469E-03 -4.62223612E-03
+60.82500E-06 +80.88316023E-03 -280.52763E-06
+60.84000E-06 -163.53894760E-03 -1.72776379E-03
+60.85500E-06 +80.88316023E-03 -1.72776380E-03
+60.87000E-06 -102.43342072E-03 +1.16670853E-03
+60.88500E-06 +19.77763325E-03 -3.17499996E-03
+60.90000E-06 -41.32789373E-03 +2.61394470E-03
+60.91500E-06 -41.32789384E-03 -4.62223613E-03
+60.93000E-06 -41.32789363E-03 +2.61394470E-03
+60.94500E-06 -163.53894770E-03 -3.17499996E-03
+60.96000E-06 +80.88316013E-03 -280.52763E-06
+60.97500E-06 -163.53894781E-03 -280.52763E-06
+60.99000E-06 +19.77763336E-03 -280.52763E-06
+61.00500E-06 -224.64447458E-03 -280.52763E-06
+61.02000E-06 +80.88316023E-03 -1.72776380E-03
+61.03500E-06 -163.53894770E-03 -280.52763E-06
+61.05000E-06 +19.77763325E-03 -1.72776380E-03
+61.06500E-06 -41.32789373E-03 +1.16670853E-03
+61.08000E-06 -41.32789384E-03 -4.62223612E-03
+61.09500E-06 -41.32789363E-03 +2.61394470E-03
+61.11000E-06 -41.32789373E-03 -3.17499996E-03
+61.12500E-06 +19.77763325E-03 +1.16670854E-03
+61.14000E-06 -163.53894760E-03 -3.17499996E-03
+61.15500E-06 +80.88316023E-03 -280.52763E-06
+61.17000E-06 -163.53894760E-03 -1.72776379E-03
+61.18500E-06 +80.88316013E-03 -280.52763E-06
+61.20000E-06 -102.43342072E-03 -280.52763E-06
+61.21500E-06 +19.77763325E-03 -1.72776380E-03
+61.23000E-06 -41.32789384E-03 +1.16670853E-03
+61.24500E-06 -41.32789373E-03 -1.72776380E-03
+61.26000E-06 -102.43342062E-03 +2.61394470E-03
+61.27500E-06 -41.32789384E-03 -3.17499996E-03
+61.29000E-06 -41.32789353E-03 +1.16670854E-03
+61.30500E-06 -102.43342082E-03 -3.17499996E-03
+61.32000E-06 +19.77763315E-03 +1.16670853E-03
+61.33500E-06 -163.53894770E-03 -280.52763E-06
+61.35000E-06 +19.77763325E-03 -280.52763E-06
+61.36500E-06 -102.43342062E-03 -280.52763E-06
+61.38000E-06 +80.88316013E-03 -1.72776380E-03
+61.39500E-06 -102.43342072E-03 -280.52763E-06
+61.41000E-06 +19.77763315E-03 -3.17499996E-03
+61.42500E-06 -41.32789364E-03 +1.16670853E-03
+61.44000E-06 -41.32789383E-03 -3.17499996E-03
+61.45500E-06 -41.32789373E-03 +1.16670853E-03
+61.47000E-06 -102.43342081E-03 -3.17499996E-03
+61.48500E-06 +19.77763325E-03 +1.16670853E-03
+61.50000E-06 -163.53894770E-03 -1.72776380E-03
+61.51500E-06 +19.77763325E-03 -1.72776379E-03
+61.53000E-06 -163.53894761E-03 -280.52763E-06
+61.54500E-06 +19.77763325E-03 -1.72776380E-03
+61.56000E-06 -102.43342072E-03 +1.16670853E-03
+61.57500E-06 -102.43342062E-03 -1.72776380E-03
+61.59000E-06 -41.32789383E-03 +1.16670853E-03
+61.60500E-06 -163.53894761E-03 -3.17499996E-03
+61.62000E-06 +19.77763325E-03 +1.16670853E-03
+61.63500E-06 -102.43342072E-03 -3.17499996E-03
+61.65000E-06 +19.77763325E-03 -280.52763E-06
+61.66500E-06 -102.43342072E-03 -1.72776380E-03
+61.68000E-06 +19.77763325E-03 -1.72776379E-03
+61.69500E-06 -102.43342072E-03 -280.52763E-06
+61.71000E-06 +19.77763325E-03 -1.72776380E-03
+61.72500E-06 -41.32789373E-03 +1.16670853E-03
+61.74000E-06 -41.32789373E-03 -1.72776380E-03
+61.75500E-06 -102.43342072E-03 -280.52763E-06
+61.77000E-06 -41.32789373E-03 -3.17499996E-03
+61.78500E-06 -41.32789364E-03 +1.16670853E-03
+61.80000E-06 -102.43342081E-03 -1.72776380E-03
+61.81500E-06 -41.32789373E-03 +1.16670853E-03
+61.83000E-06 -102.43342072E-03 -1.72776380E-03
+61.84500E-06 -41.32789365E-03 -280.52763E-06
+61.86000E-06 -163.53894770E-03 -1.72776380E-03
+61.87500E-06 +19.77763325E-03 -1.72776380E-03
+61.89000E-06 -102.43342063E-03 -280.52763E-06
+61.90500E-06 -41.32789373E-03 -280.52763E-06
+61.92000E-06 -41.32789382E-03 +1.16670853E-03
+61.93500E-06 -41.32789373E-03 -3.17499996E-03
+61.95000E-06 -41.32789373E-03 -280.52763E-06
+61.96500E-06 -41.32789382E-03 -3.17499996E-03
+61.98000E-06 +19.77763325E-03 -280.52763E-06
+61.99500E-06 -102.43342072E-03 -3.17499996E-03
+62.01000E-06 +19.77763325E-03 -280.52763E-06
+62.02500E-06 -102.43342072E-03 -1.72776379E-03
+62.04000E-06 -41.32789373E-03 -280.52763E-06
+62.05500E-06 -102.43342072E-03 -280.52763E-06
+62.07000E-06 -41.32789382E-03 -1.72776380E-03
+62.08500E-06 -41.32789382E-03 +1.16670853E-03
+62.10000E-06 -41.32789373E-03 -1.72776380E-03
+62.11500E-06 -41.32789373E-03 -280.52763E-06
+62.13000E-06 -41.32789382E-03 -1.72776380E-03
+62.14500E-06 -41.32789373E-03 +1.16670853E-03
+62.16000E-06 -41.32789381E-03 -3.17499996E-03
+62.17500E-06 +19.77763317E-03 +1.16670853E-03
+62.19000E-06 -41.32789381E-03 -1.72776380E-03
+62.20500E-06 +19.77763325E-03 -280.52763E-06
+62.22000E-06 -102.43342072E-03 -280.52763E-06
+62.23500E-06 -41.32789373E-03 -1.72776380E-03
+62.25000E-06 -102.43342064E-03 -280.52763E-06
+62.26500E-06 -41.32789373E-03 -1.72776380E-03
+62.28000E-06 -41.32789381E-03 +1.16670853E-03
+62.29500E-06 -102.43342064E-03 -1.72776380E-03
+62.31000E-06 +19.77763317E-03 -280.52763E-06
+62.32500E-06 -41.32789381E-03 -1.72776380E-03
+62.34000E-06 +19.77763325E-03 +1.16670853E-03
+62.35500E-06 -102.43342072E-03 -3.17499996E-03
+62.37000E-06 +19.77763325E-03 -280.52763E-06
+62.38500E-06 -41.32789373E-03 -280.52763E-06
+62.40000E-06 -41.32789381E-03 -1.72776379E-03
+62.41500E-06 -102.43342064E-03 +1.16670853E-03
+62.43000E-06 -41.32789373E-03 -280.52763E-06
+62.44500E-06 -41.32789373E-03 +1.16670853E-03
+62.46000E-06 -102.43342072E-03 -1.72776380E-03
+62.47500E-06 -41.32789373E-03 -280.52763E-06
+62.49000E-06 -102.43342064E-03 -1.72776380E-03
+62.50500E-06 +19.77763325E-03 -280.52763E-06
+62.52000E-06 -102.43342072E-03 -1.72776379E-03
+62.53500E-06 -41.32789366E-03 -280.52763E-06
+62.55000E-06 -41.32789381E-03 -280.52763E-06
+62.56500E-06 -41.32789366E-03 -280.52763E-06
+62.58000E-06 -41.32789373E-03 -280.52763E-06
+62.59500E-06 -41.32789373E-03 -3.17499996E-03
+62.61000E-06 -41.32789373E-03 -280.52763E-06
+62.62500E-06 -41.32789373E-03 -1.72776380E-03
+62.64000E-06 -41.32789373E-03 -280.52763E-06
+62.65500E-06 -102.43342065E-03 -1.72776380E-03
+62.67000E-06 -41.32789373E-03 -280.52763E-06
+62.68500E-06 -41.32789373E-03 -280.52763E-06
+62.70000E-06 +19.77763318E-03 -280.52763E-06
+62.71500E-06 -102.43342065E-03 -1.72776379E-03
+62.73000E-06 -41.32789373E-03 -280.52763E-06
+62.74500E-06 -41.32789373E-03 -280.52763E-06
+62.76000E-06 -41.32789380E-03 -280.52763E-06
+62.77500E-06 -102.43342072E-03 -280.52763E-06
+62.79000E-06 -41.32789373E-03 -1.72776380E-03
+62.80500E-06 -41.32789367E-03 +1.16670853E-03
+62.82000E-06 -41.32789373E-03 -1.72776380E-03
+62.83500E-06 -41.32789373E-03 -1.72776379E-03
+62.85000E-06 -102.43342072E-03 -1.72776380E-03
+62.86500E-06 -41.32789373E-03 -280.52763E-06
+62.88000E-06 -102.43342072E-03 -1.72776379E-03
+62.89500E-06 -41.32789373E-03 +1.16670853E-03
+62.91000E-06 -41.32789373E-03 -280.52763E-06
+62.92500E-06 -41.32789373E-03 -280.52763E-06
+62.94000E-06 -41.32789373E-03 -280.52763E-06
+62.95500E-06 -41.32789373E-03 -3.17499996E-03
+62.97000E-06 -41.32789373E-03 -280.52763E-06
+62.98500E-06 -41.32789373E-03 -1.72776380E-03
+63.00000E-06 +19.77763313E-03 -280.52763E-06
+63.01500E-06 -102.43342066E-03 -280.52763E-06
+63.03000E-06 -102.43342060E-03 -280.52763E-06
+63.04500E-06 -41.32789373E-03 -280.52763E-06
+63.06000E-06 +19.77763319E-03 -1.72776379E-03
+63.07500E-06 -102.43342066E-03 -1.72776380E-03
+63.09000E-06 -41.32789368E-03 -1.72776380E-03
+63.10500E-06 -41.32789373E-03 +1.16670853E-03
+63.12000E-06 -41.32789379E-03 -1.72776379E-03
+63.13500E-06 -102.43342066E-03 +1.16670853E-03
+63.15000E-06 -41.32789379E-03 -280.52763E-06
+63.16500E-06 -41.32789368E-03 +1.16670853E-03
+63.18000E-06 -102.43342072E-03 -1.72776380E-03
+63.19500E-06 +19.77763319E-03 -280.52763E-06
+63.21000E-06 -102.43342066E-03 -280.52763E-06
+63.22500E-06 -41.32789373E-03 -280.52763E-06
+63.24000E-06 -41.32789379E-03 -280.52763E-06
+63.25500E-06 -102.43342066E-03 -280.52763E-06
+63.27000E-06 -41.32789379E-03 -280.52763E-06
+63.28500E-06 +19.77763320E-03 -280.52763E-06
+63.30000E-06 -41.32789368E-03 -280.52763E-06
+63.31500E-06 -41.32789373E-03 -1.72776380E-03
+63.33000E-06 -41.32789368E-03 -280.52763E-06
+63.34500E-06 -41.32789373E-03 +1.16670853E-03
+63.36000E-06 +19.77763314E-03 -280.52763E-06
+63.37500E-06 -41.32789379E-03 -280.52763E-06
+63.39000E-06 -41.32789373E-03 -1.72776380E-03
+63.40500E-06 -102.43342067E-03 -280.52763E-06
+63.42000E-06 +19.77763325E-03 -280.52763E-06
+63.43500E-06 -41.32789373E-03 -1.72776380E-03
+63.45000E-06 -41.32789368E-03 -1.72776380E-03
+63.46500E-06 -41.32789378E-03 -280.52763E-06
+63.48000E-06 -41.32789373E-03 -1.72776380E-03
+63.49500E-06 -102.43342067E-03 -280.52763E-06
+63.51000E-06 -41.32789373E-03 -280.52763E-06
+63.52500E-06 -41.32789369E-03 -280.52763E-06
+63.54000E-06 -41.32789373E-03 -1.72776380E-03
+63.55500E-06 -41.32789373E-03 -1.72776380E-03
+63.57000E-06 -41.32789373E-03 -280.52763E-06
+63.58500E-06 -41.32789378E-03 -280.52763E-06
+63.60000E-06 -41.32789378E-03 -1.72776380E-03
+63.61500E-06 -41.32789373E-03 -1.72776380E-03
+63.63000E-06 -102.43342067E-03 -1.72776380E-03
+63.64500E-06 -41.32789373E-03 -1.72776380E-03
+63.66000E-06 +19.77763325E-03 -280.52763E-06
+63.67500E-06 -41.32789373E-03 -3.17499996E-03
+63.69000E-06 -41.32789369E-03 -280.52763E-06
+63.70500E-06 -41.32789373E-03 -280.52763E-06
+63.72000E-06 -102.43342067E-03 -1.72776380E-03
+63.73500E-06 -41.32789373E-03 -1.72776380E-03
+63.75000E-06 -41.32789373E-03 -280.52763E-06
+63.76500E-06 -41.32789369E-03 -280.52763E-06
+63.78000E-06 -41.32789373E-03 -3.17499996E-03
+63.79500E-06 -41.32789373E-03 -1.72776380E-03
+63.81000E-06 -41.32789373E-03 -280.52763E-06
+63.82500E-06 -41.32789373E-03 +1.16670853E-03
+63.84000E-06 -102.43342072E-03 -280.52763E-06
+63.85500E-06 -102.43342068E-03 -280.52763E-06
+63.87000E-06 -102.43342068E-03 -280.52763E-06
+63.88500E-06 -102.43342068E-03 -280.52763E-06
+63.90000E-06 -41.32789373E-03 -1.72776380E-03
+63.91500E-06 -41.32789373E-03 -1.72776380E-03
+63.93000E-06 -41.32789373E-03 -1.72776380E-03
+63.94500E-06 -41.32789373E-03 -280.52763E-06
+63.96000E-06 -41.32789373E-03 -280.52763E-06
+63.97500E-06 -41.32789373E-03 -280.52763E-06
+63.99000E-06 +19.77763321E-03 -280.52763E-06
+64.00500E-06 -41.32789373E-03 -280.52763E-06
+64.02000E-06 -41.32789373E-03 -280.52763E-06
+64.03500E-06 -102.43342072E-03 -1.72776380E-03
+64.05000E-06 -41.32789373E-03 -280.52763E-06
+64.06500E-06 -41.32789373E-03 -280.52763E-06
+64.08000E-06 -41.32789373E-03 -1.72776380E-03
+64.09500E-06 -41.32789373E-03 -280.52763E-06
+64.11000E-06 -102.43342068E-03 -280.52763E-06
+64.12500E-06 -41.32789377E-03 -280.52763E-06
+64.14000E-06 -41.32789373E-03 -1.72776380E-03
+64.15500E-06 -41.32789373E-03 -1.72776380E-03
+64.17000E-06 -41.32789373E-03 -280.52763E-06
+64.18500E-06 -41.32789373E-03 -280.52763E-06
+64.20000E-06 -41.32789377E-03 -1.72776380E-03
+64.21500E-06 -41.32789373E-03 -280.52763E-06
+64.23000E-06 -102.43342069E-03 -280.52763E-06
+64.24500E-06 -41.32789373E-03 -280.52763E-06
+64.26000E-06 -102.43342069E-03 -1.72776380E-03
+64.27500E-06 -41.32789376E-03 -1.72776380E-03
+64.29000E-06 -41.32789373E-03 -280.52763E-06
+64.30500E-06 +19.77763322E-03 -1.72776380E-03
+64.32000E-06 -41.32789376E-03 -280.52763E-06
+64.33500E-06 -102.43342069E-03 +1.16670853E-03
+64.35000E-06 -41.32789373E-03 +1.16670853E-03
+64.36500E-06 -102.43342069E-03 -280.52763E-06
+64.38000E-06 -41.32789373E-03 -280.52763E-06
+64.39500E-06 -41.32789373E-03 -1.72776380E-03
+64.41000E-06 -41.32789373E-03 -280.52763E-06
+64.42500E-06 -41.32789376E-03 -280.52763E-06
+64.44000E-06 -41.32789373E-03 -280.52763E-06
+64.45500E-06 -41.32789373E-03 -280.52763E-06
+64.47000E-06 -41.32789373E-03 -280.52763E-06
+64.48500E-06 -41.32789373E-03 -280.52763E-06
