x-axis 1 2
second Volt Volt
+25.10000E-06 -9.44723655E-03 -24.02010001E-03
+25.12500E-06 -75.57789236E-03 +8.14070366E-03
+25.15000E-06 -75.57789236E-03 -19.99999955E-03
+25.17500E-06 -141.70854818E-03 -19.99999955E-03
+25.20000E-06 -9.44723655E-03 -24.02010001E-03
+25.22500E-06 -9.44723655E-03 -19.99999955E-03
+25.25000E-06 -75.57789236E-03 -19.99999955E-03
+25.27500E-06 -9.44723655E-03 -48.14070277E-03
+25.30000E-06 +0.0E+00 -24.02010001E-03
+25.32500E-06 -66.13065582E-03 -24.02010001E-03
+25.35000E-06 -75.57789236E-03 -19.99999955E-03
+25.37500E-06 -75.57789236E-03 -24.02010001E-03
+25.40000E-06 -75.57789236E-03 -19.99999955E-03
+25.42500E-06 -66.13065582E-03 -24.02010001E-03
+25.45000E-06 -75.57789236E-03 -19.99999955E-03
+25.47500E-06 -9.44723655E-03 -19.99999955E-03
+25.50000E-06 +0.0E+00 -52.16080323E-03
+25.52500E-06 -66.13065582E-03 -24.02010001E-03
+25.55000E-06 +0.0E+00 -19.99999955E-03
+25.57500E-06 -75.57789236E-03 -24.02010001E-03
+25.60000E-06 -75.57789236E-03 -19.99999955E-03
+25.62500E-06 -66.13065582E-03 -19.99999955E-03
+25.65000E-06 -9.44723654E-03 -19.99999955E-03
+25.67500E-06 -9.44723654E-03 -48.14070277E-03
+25.70000E-06 -66.13065582E-03 -28.04020047E-03
+25.72500E-06 -75.57789236E-03 -24.02010001E-03
+25.75000E-06 -75.57789236E-03 +8.14070366E-03
+25.77500E-06 -9.44723654E-03 +8.14070366E-03
+25.80000E-06 -9.44723654E-03 -52.16080323E-03
+25.82500E-06 -9.44723654E-03 -19.99999955E-03
+25.85000E-06 -66.13065582E-03 -19.99999955E-03
+25.87500E-06 -9.44723654E-03 -48.14070277E-03
+25.90000E-06 -9.44723654E-03 -24.02010001E-03
+25.92500E-06 +0.0E+00 -19.99999955E-03
+25.95000E-06 -66.13065582E-03 -19.99999955E-03
+25.97500E-06 -75.57789236E-03 -48.14070277E-03
+26.00000E-06 -9.44723654E-03 -19.99999955E-03
+26.02500E-06 -66.13065582E-03 -19.99999955E-03
+26.05000E-06 -66.13065582E-03 -19.99999955E-03
+26.07500E-06 -9.44723654E-03 -48.14070277E-03
+26.10000E-06 -9.44723654E-03 -24.02010001E-03
+26.12500E-06 +0.0E+00 -48.14070277E-03
+26.15000E-06 -66.13065582E-03 -19.99999955E-03
+26.17500E-06 -75.57789236E-03 -19.99999955E-03
+26.20000E-06 -9.44723654E-03 -48.14070277E-03
+26.22500E-06 -66.13065582E-03 -19.99999955E-03
+26.25000E-06 -66.13065582E-03 -19.99999955E-03
+26.27500E-06 -75.57789236E-03 -48.14070277E-03
+26.30000E-06 -66.13065582E-03 -52.16080323E-03
+26.32500E-06 -66.13065582E-03 -24.02010001E-03
+26.35000E-06 -75.57789236E-03 -19.99999955E-03
+26.37500E-06 +0.0E+00 -19.99999955E-03
+26.40000E-06 -75.57789236E-03 -52.16080323E-03
+26.42500E-06 +0.0E+00 -24.02010001E-03
+26.45000E-06 -66.13065582E-03 -19.99999955E-03
+26.47500E-06 +0.0E+00 -48.14070277E-03
+26.50000E-06 -75.57789236E-03 -24.02010001E-03
+26.52500E-06 -75.57789236E-03 -19.99999955E-03
+26.55000E-06 -66.13065582E-03 -48.14070277E-03
+26.57500E-06 -75.57789236E-03 -19.99999955E-03
+26.60000E-06 -75.57789236E-03 -48.14070277E-03
+26.62500E-06 -66.13065582E-03 -24.02010001E-03
+26.65000E-06 -66.13065582E-03 -19.99999955E-03
+26.67500E-06 -9.44723654E-03 -52.16080323E-03
+26.70000E-06 -66.13065582E-03 -24.02010001E-03
+26.72500E-06 +0.0E+00 -80.30150645E-03
+26.75000E-06 -66.13065582E-03 -24.02010001E-03
+26.77500E-06 -66.13065582E-03 -19.99999955E-03
+26.80000E-06 +0.0E+00 -19.99999955E-03
+26.82500E-06 -9.44723654E-03 -19.99999955E-03
+26.85000E-06 -75.57789236E-03 -19.99999955E-03
+26.87500E-06 +0.0E+00 -44.12060231E-03
+26.90000E-06 +0.0E+00 -24.02010001E-03
+26.92500E-06 -66.13065582E-03 -19.99999955E-03
+26.95000E-06 +0.0E+00 -19.99999955E-03
+26.97500E-06 -9.44723654E-03 -48.14070277E-03
+27.00000E-06 -9.44723654E-03 -48.14070277E-03
+27.02500E-06 -75.57789236E-03 -24.02010001E-03
+27.05000E-06 -75.57789236E-03 -48.14070277E-03
+27.07500E-06 -9.44723654E-03 -48.14070277E-03
+27.10000E-06 -66.13065582E-03 -24.02010001E-03
+27.12500E-06 -9.44723654E-03 -19.99999955E-03
+27.15000E-06 -66.13065582E-03 -48.14070277E-03
+27.17500E-06 -75.57789236E-03 -19.99999955E-03
+27.20000E-06 -9.44723654E-03 -19.99999955E-03
+27.22500E-06 +9.44723654E-03 -19.99999955E-03
+27.25000E-06 -9.44723654E-03 -48.14070277E-03
+27.27500E-06 +0.0E+00 -80.30150645E-03
+27.30000E-06 +0.0E+00 -24.02010001E-03
+27.32500E-06 +0.0E+00 -19.99999955E-03
+27.35000E-06 -75.57789236E-03 -19.99999955E-03
+27.37500E-06 -75.57789236E-03 -19.99999955E-03
+27.40000E-06 -9.44723654E-03 -48.14070277E-03
+27.42500E-06 -75.57789236E-03 +8.14070366E-03
+27.45000E-06 -9.44723654E-03 -19.99999955E-03
+27.47500E-06 -9.44723654E-03 -80.30150645E-03
+27.50000E-06 +0.0E+00 -52.16080323E-03
+27.52500E-06 +0.0E+00 -19.99999955E-03
+27.55000E-06 -9.44723654E-03 -19.99999955E-03
+27.57500E-06 -75.57789236E-03 -48.14070277E-03
+27.60000E-06 -9.44723654E-03 -19.99999955E-03
+27.62500E-06 -66.13065582E-03 -24.02010001E-03
+27.65000E-06 -75.57789236E-03 -19.99999955E-03
+27.67500E-06 -9.44723654E-03 -76.28140599E-03
+27.70000E-06 +0.0E+00 -24.02010001E-03
+27.72500E-06 -66.13065582E-03 +8.14070367E-03
+27.75000E-06 -75.57789236E-03 -19.99999955E-03
+27.77500E-06 -9.44723654E-03 -19.99999955E-03
+27.80000E-06 -9.44723654E-03 -19.99999955E-03
+27.82500E-06 -66.13065582E-03 -19.99999955E-03
+27.85000E-06 -75.57789236E-03 -19.99999955E-03
+27.87500E-06 -9.44723654E-03 -48.14070277E-03
+27.90000E-06 -9.44723654E-03 -52.16080323E-03
+27.92500E-06 -75.57789236E-03 -19.99999955E-03
+27.95000E-06 +0.0E+00 -19.99999955E-03
+27.97500E-06 -75.57789236E-03 -19.99999955E-03
+28.00000E-06 -75.57789236E-03 -19.99999955E-03
+28.02500E-06 -75.57789236E-03 -24.02010001E-03
+28.05000E-06 -66.13065582E-03 -48.14070277E-03
+28.07500E-06 -75.57789236E-03 -76.28140599E-03
+28.10000E-06 +0.0E+00 -19.99999955E-03
+28.12500E-06 -66.13065582E-03 -19.99999955E-03
+28.15000E-06 -75.57789236E-03 -19.99999955E-03
+28.17500E-06 -75.57789236E-03 -48.14070277E-03
+28.20000E-06 -75.57789236E-03 -15.97989910E-03
+28.22500E-06 -75.57789236E-03 -19.99999955E-03
+28.25000E-06 -75.57789236E-03 -48.14070277E-03
+28.27500E-06 +0.0E+00 -48.14070277E-03
+28.30000E-06 +0.0E+00 -52.16080323E-03
+28.32500E-06 +0.0E+00 -19.99999955E-03
+28.35000E-06 -9.44723654E-03 -19.99999955E-03
+28.37500E-06 -141.70854819E-03 -19.99999955E-03
+28.40000E-06 -75.57789236E-03 -48.14070277E-03
+28.42500E-06 -66.13065582E-03 -24.02010001E-03
+28.45000E-06 -75.57789236E-03 -19.99999955E-03
+28.47500E-06 -75.57789236E-03 -19.99999955E-03
+28.50000E-06 +0.0E+00 -52.16080323E-03
+28.52500E-06 -75.57789236E-03 -19.99999955E-03
+28.55000E-06 -75.57789236E-03 -19.99999955E-03
+28.57500E-06 -66.13065582E-03 -24.02010001E-03
+28.60000E-06 -9.44723654E-03 -48.14070277E-03
+28.62500E-06 -75.57789236E-03 -19.99999955E-03
+28.65000E-06 +0.0E+00 -48.14070277E-03
+28.67500E-06 -75.57789236E-03 -76.28140599E-03
+28.70000E-06 -9.44723654E-03 -24.02010001E-03
+28.72500E-06 -75.57789236E-03 -48.14070277E-03
+28.75000E-06 -66.13065582E-03 -48.14070277E-03
+28.77500E-06 -9.44723654E-03 -19.99999955E-03
+28.80000E-06 +0.0E+00 -48.14070277E-03
+28.82500E-06 -66.13065582E-03 -19.99999955E-03
+28.85000E-06 -75.57789236E-03 -19.99999955E-03
+28.87500E-06 +0.0E+00 -48.14070277E-03
+28.90000E-06 -66.13065582E-03 +4.12060321E-03
+28.92500E-06 +0.0E+00 -19.99999955E-03
+28.95000E-06 -66.13065582E-03 -19.99999955E-03
+28.97500E-06 -75.57789236E-03 -24.02010001E-03
+29.00000E-06 -9.44723654E-03 -19.99999955E-03
+29.02500E-06 -9.44723654E-03 -19.99999955E-03
+29.05000E-06 -75.57789236E-03 -19.99999955E-03
+29.07500E-06 -66.13065582E-03 -48.14070277E-03
+29.10000E-06 +0.0E+00 -19.99999955E-03
+29.12500E-06 +0.0E+00 -24.02010001E-03
+29.15000E-06 +0.0E+00 -19.99999955E-03
+29.17500E-06 -75.57789236E-03 -52.16080323E-03
+29.20000E-06 -85.02512890E-03 -19.99999955E-03
+29.22500E-06 -66.13065582E-03 -24.02010001E-03
+29.25000E-06 -75.57789236E-03 -19.99999955E-03
+29.27500E-06 -9.44723654E-03 -48.14070277E-03
+29.30000E-06 -75.57789236E-03 -56.18090368E-03
+29.32500E-06 +0.0E+00 -19.99999955E-03
+29.35000E-06 -66.13065583E-03 -15.97989910E-03
+29.37500E-06 -75.57789236E-03 -19.99999955E-03
+29.40000E-06 -9.44723654E-03 -48.14070277E-03
+29.42500E-06 +0.0E+00 -48.14070277E-03
+29.45000E-06 -75.57789236E-03 -19.99999955E-03
+29.47500E-06 -9.44723654E-03 -48.14070277E-03
+29.50000E-06 +0.0E+00 -24.02010001E-03
+29.52500E-06 -66.13065583E-03 -24.02010001E-03
+29.55000E-06 -9.44723654E-03 +8.14070367E-03
+29.57500E-06 -66.13065583E-03 -19.99999955E-03
+29.60000E-06 -18.89447307E-03 -48.14070277E-03
+29.62500E-06 +0.0E+00 -19.99999955E-03
+29.65000E-06 -66.13065583E-03 -19.99999955E-03
+29.67500E-06 -75.57789236E-03 -48.14070277E-03
+29.70000E-06 +0.0E+00 -19.99999955E-03
+29.72500E-06 -75.57789236E-03 -19.99999955E-03
+29.75000E-06 -75.57789236E-03 -19.99999955E-03
+29.77500E-06 -75.57789236E-03 -19.99999955E-03
+29.80000E-06 -66.13065583E-03 -19.99999955E-03
+29.82500E-06 -66.13065583E-03 -19.99999955E-03
+29.85000E-06 -75.57789236E-03 +8.14070367E-03
+29.87500E-06 -9.44723654E-03 -48.14070277E-03
+29.90000E-06 -66.13065583E-03 -24.02010001E-03
+29.92500E-06 -9.44723654E-03 -15.97989910E-03
+29.95000E-06 +0.0E+00 -48.14070277E-03
+29.97500E-06 -66.13065583E-03 -19.99999955E-03
+30.00000E-06 +0.0E+00 -19.99999955E-03
+30.02500E-06 -66.13065583E-03 -19.99999955E-03
+30.05000E-06 -75.57789236E-03 -19.99999955E-03
+30.07500E-06 -75.57789236E-03 -48.14070277E-03
+30.10000E-06 -9.44723654E-03 -52.16080323E-03
+30.12500E-06 -66.13065583E-03 -15.97989910E-03
+30.15000E-06 +0.0E+00 -19.99999955E-03
+30.17500E-06 -66.13065583E-03 -15.97989910E-03
+30.20000E-06 +0.0E+00 -24.02010001E-03
+30.22500E-06 -66.13065583E-03 -19.99999955E-03
+30.25000E-06 -75.57789236E-03 -19.99999955E-03
+30.27500E-06 -9.44723654E-03 -80.30150645E-03
+30.30000E-06 -9.44723654E-03 -24.02010001E-03
+30.32500E-06 -9.44723654E-03 -52.16080323E-03
+30.35000E-06 -75.57789236E-03 -19.99999955E-03
+30.37500E-06 -75.57789236E-03 -19.99999955E-03
+30.40000E-06 -75.57789236E-03 -19.99999955E-03
+30.42500E-06 -9.44723654E-03 -19.99999955E-03
+30.45000E-06 -66.13065583E-03 -19.99999955E-03
+30.47500E-06 -75.57789236E-03 -48.14070277E-03
+30.50000E-06 +0.0E+00 +4.12060321E-03
+30.52500E-06 +0.0E+00 -19.99999955E-03
+30.55000E-06 -66.13065583E-03 -28.04020046E-03
+30.57500E-06 -75.57789236E-03 -19.99999955E-03
+30.60000E-06 -9.44723654E-03 -19.99999955E-03
+30.62500E-06 -66.13065583E-03 -19.99999955E-03
+30.65000E-06 -66.13065583E-03 -19.99999955E-03
+30.67500E-06 -66.13065583E-03 -52.16080323E-03
+30.70000E-06 -75.57789236E-03 -24.02010001E-03
+30.72500E-06 -66.13065583E-03 -19.99999955E-03
+30.75000E-06 -9.44723654E-03 -19.99999955E-03
+30.77500E-06 -141.70854819E-03 -24.02010001E-03
+30.80000E-06 -9.44723654E-03 -15.97989910E-03
+30.82500E-06 -66.13065583E-03 -24.02010001E-03
+30.85000E-06 -9.44723654E-03 -19.99999955E-03
+30.87500E-06 -9.44723654E-03 -48.14070277E-03
+30.90000E-06 +0.0E+00 -52.16080323E-03
+30.92500E-06 -9.44723654E-03 -24.02010001E-03
+30.95000E-06 -75.57789236E-03 -15.97989910E-03
+30.97500E-06 -66.13065583E-03 +8.14070367E-03
+31.00000E-06 -9.44723654E-03 -19.99999955E-03
+31.02500E-06 -66.13065583E-03 -19.99999955E-03
+31.05000E-06 -75.57789236E-03 -19.99999955E-03
+31.07500E-06 -75.57789236E-03 -19.99999955E-03
+31.10000E-06 -9.44723653E-03 -24.02010001E-03
+31.12500E-06 -9.44723653E-03 -19.99999955E-03
+31.15000E-06 -66.13065583E-03 -15.97989910E-03
+31.17500E-06 -9.44723653E-03 -19.99999955E-03
+31.20000E-06 +0.0E+00 -19.99999955E-03
+31.22500E-06 +9.44723653E-03 -19.99999955E-03
+31.25000E-06 -75.57789236E-03 -19.99999955E-03
+31.27500E-06 +0.0E+00 -48.14070277E-03
+31.30000E-06 +0.0E+00 -19.99999955E-03
+31.32500E-06 +0.0E+00 -19.99999955E-03
+31.35000E-06 -66.13065583E-03 -19.99999955E-03
+31.37500E-06 -9.44723653E-03 -19.99999955E-03
+31.40000E-06 -75.57789236E-03 -15.97989910E-03
+31.42500E-06 -75.57789236E-03 -24.02010001E-03
+31.45000E-06 -66.13065583E-03 -19.99999955E-03
+31.47500E-06 +0.0E+00 -48.14070277E-03
+31.50000E-06 -9.44723653E-03 +4.12060321E-03
+31.52500E-06 -66.13065583E-03 -19.99999955E-03
+31.55000E-06 -75.57789236E-03 -19.99999955E-03
+31.57500E-06 -75.57789236E-03 -15.97989910E-03
+31.60000E-06 -75.57789236E-03 -19.99999955E-03
+31.62500E-06 -66.13065583E-03 -19.99999955E-03
+31.65000E-06 -9.44723653E-03 -19.99999955E-03
+31.67500E-06 -9.44723653E-03 -48.14070277E-03
+31.70000E-06 -9.44723653E-03 -24.02010001E-03
+31.72500E-06 -75.57789236E-03 -24.02010001E-03
+31.75000E-06 -75.57789236E-03 -48.14070277E-03
+31.77500E-06 -75.57789236E-03 -19.99999955E-03
+31.80000E-06 -75.57789236E-03 -19.99999955E-03
+31.82500E-06 +0.0E+00 -19.99999955E-03
+31.85000E-06 -75.57789236E-03 -19.99999955E-03
+31.87500E-06 -9.44723653E-03 -80.30150645E-03
+31.90000E-06 -75.57789236E-03 -24.02010001E-03
+31.92500E-06 +0.0E+00 +8.14070367E-03
+31.95000E-06 -75.57789236E-03 -48.14070277E-03
+31.97500E-06 -75.57789236E-03 +8.14070367E-03
+32.00000E-06 +0.0E+00 -19.99999955E-03
+32.02500E-06 -66.13065583E-03 -52.16080323E-03
+32.05000E-06 -75.57789236E-03 -19.99999955E-03
+32.07500E-06 +0.0E+00 -19.99999955E-03
+32.10000E-06 +0.0E+00 -24.02010001E-03
+32.12500E-06 -9.44723653E-03 +8.14070367E-03
+32.15000E-06 -9.44723653E-03 -19.99999955E-03
+32.17500E-06 -75.57789236E-03 -19.99999955E-03
+32.20000E-06 -9.44723653E-03 -44.12060232E-03
+32.22500E-06 -75.57789236E-03 -19.99999955E-03
+32.25000E-06 -66.13065583E-03 -19.99999955E-03
+32.27500E-06 -9.44723653E-03 -76.28140600E-03
+32.30000E-06 +0.0E+00 -52.16080323E-03
+32.32500E-06 +0.0E+00 -15.97989910E-03
+32.35000E-06 -66.13065583E-03 -19.99999955E-03
+32.37500E-06 -75.57789236E-03 -19.99999955E-03
+32.40000E-06 -75.57789236E-03 -48.14070277E-03
+32.42500E-06 +0.0E+00 -19.99999955E-03
+32.45000E-06 -66.13065583E-03 -15.97989910E-03
+32.47500E-06 -75.57789236E-03 -19.99999955E-03
+32.50000E-06 +0.0E+00 -52.16080323E-03
+32.52500E-06 -75.57789236E-03 -19.99999955E-03
+32.55000E-06 -9.44723653E-03 -24.02010001E-03
+32.57500E-06 +0.0E+00 -24.02010001E-03
+32.60000E-06 -9.44723653E-03 -19.99999955E-03
+32.62500E-06 -141.70854819E-03 -15.97989910E-03
+32.65000E-06 -75.57789236E-03 -19.99999955E-03
+32.67500E-06 -9.44723653E-03 -48.14070277E-03
+32.70000E-06 -9.44723653E-03 -19.99999955E-03
+32.72500E-06 -66.13065583E-03 +12.16080412E-03
+32.75000E-06 -75.57789236E-03 -19.99999955E-03
+32.77500E-06 -75.57789236E-03 -19.99999955E-03
+32.80000E-06 -9.44723653E-03 -19.99999955E-03
+32.82500E-06 -75.57789236E-03 -19.99999955E-03
+32.85000E-06 -66.13065583E-03 -19.99999955E-03
+32.87500E-06 +0.0E+00 -48.14070278E-03
+32.90000E-06 +0.0E+00 -24.02010001E-03
+32.92500E-06 +0.0E+00 -15.97989910E-03
+32.95000E-06 -66.13065583E-03 -19.99999955E-03
+32.97500E-06 -75.57789236E-03 -48.14070278E-03
+33.00000E-06 -9.44723653E-03 -15.97989910E-03
+33.02500E-06 -75.57789236E-03 +8.14070367E-03
+33.05000E-06 +0.0E+00 -19.99999955E-03
+33.07500E-06 -9.44723653E-03 -80.30150645E-03
+33.10000E-06 +0.0E+00 -52.16080323E-03
+33.12500E-06 -75.57789236E-03 -19.99999955E-03
+33.15000E-06 -66.13065583E-03 -19.99999955E-03
+33.17500E-06 -75.57789236E-03 -19.99999955E-03
+33.20000E-06 -75.57789236E-03 -19.99999955E-03
+33.22500E-06 +0.0E+00 -19.99999955E-03
+33.25000E-06 -66.13065583E-03 -19.99999955E-03
+33.27500E-06 +0.0E+00 -48.14070278E-03
+33.30000E-06 -9.44723653E-03 -52.16080323E-03
+33.32500E-06 -66.13065583E-03 -19.99999955E-03
+33.35000E-06 -66.13065583E-03 -19.99999955E-03
+33.37500E-06 -75.57789236E-03 -19.99999955E-03
+33.40000E-06 -18.89447306E-03 -19.99999955E-03
+33.42500E-06 -75.57789236E-03 -19.99999955E-03
+33.45000E-06 +0.0E+00 -19.99999955E-03
+33.47500E-06 -9.44723653E-03 -48.14070278E-03
+33.50000E-06 +0.0E+00 -19.99999955E-03
+33.52500E-06 -75.57789236E-03 -19.99999955E-03
+33.55000E-06 -66.13065583E-03 -19.99999955E-03
+33.57500E-06 -9.44723653E-03 -19.99999955E-03
+33.60000E-06 -18.89447306E-03 -48.14070278E-03
+33.62500E-06 -66.13065583E-03 -19.99999955E-03
+33.65000E-06 +0.0E+00 -48.14070278E-03
+33.67500E-06 -75.57789236E-03 -52.16080323E-03
+33.70000E-06 -9.44723653E-03 -52.16080323E-03
+33.72500E-06 -9.44723653E-03 -24.02010001E-03
+33.75000E-06 -75.57789236E-03 -19.99999955E-03
+33.77500E-06 -141.70854820E-03 -48.14070278E-03
+33.80000E-06 +0.0E+00 -15.97989910E-03
+33.82500E-06 -9.44723653E-03 -19.99999955E-03
+33.85000E-06 -66.13065583E-03 -24.02010001E-03
+33.87500E-06 -9.44723653E-03 -48.14070278E-03
+33.90000E-06 +0.0E+00 -56.18090368E-03
+33.92500E-06 -9.44723653E-03 -19.99999955E-03
+33.95000E-06 +0.0E+00 -19.99999955E-03
+33.97500E-06 -75.57789236E-03 -19.99999955E-03
+34.00000E-06 -85.02512889E-03 -19.99999955E-03
+34.02500E-06 -75.57789236E-03 +8.14070367E-03
+34.05000E-06 -75.57789236E-03 -19.99999955E-03
+34.07500E-06 -66.13065583E-03 -48.14070278E-03
+34.10000E-06 -66.13065583E-03 -28.04020046E-03
+34.12500E-06 -75.57789236E-03 -19.99999955E-03
+34.15000E-06 -66.13065583E-03 -19.99999955E-03
+34.17500E-06 -66.13065583E-03 -19.99999955E-03
+34.20000E-06 +0.0E+00 -19.99999955E-03
+34.22500E-06 -66.13065583E-03 -24.02010001E-03
+34.25000E-06 -75.57789236E-03 -19.99999955E-03
+34.27500E-06 -85.02512889E-03 -48.14070278E-03
+34.30000E-06 -75.57789236E-03 -24.02010001E-03
+34.32500E-06 -66.13065583E-03 -19.99999955E-03
+34.35000E-06 -75.57789236E-03 -19.99999955E-03
+34.37500E-06 -75.57789236E-03 -48.14070278E-03
+34.40000E-06 -85.02512889E-03 -19.99999955E-03
+34.42500E-06 -9.44723653E-03 -52.16080323E-03
+34.45000E-06 -75.57789236E-03 -15.97989910E-03
+34.47500E-06 -9.44723653E-03 -48.14070278E-03
+34.50000E-06 +0.0E+00 -52.16080323E-03
+34.52500E-06 +0.0E+00 -48.14070278E-03
+34.55000E-06 -66.13065583E-03 -19.99999955E-03
+34.57500E-06 -75.57789236E-03 -24.02010001E-03
+34.60000E-06 -85.02512889E-03 -24.02010001E-03
+34.62500E-06 -66.13065583E-03 -19.99999955E-03
+34.65000E-06 -75.57789236E-03 -19.99999955E-03
+34.67500E-06 -75.57789236E-03 -52.16080323E-03
+34.70000E-06 +0.0E+00 -24.02010001E-03
+34.72500E-06 -66.13065583E-03 -19.99999955E-03
+34.75000E-06 -66.13065583E-03 -19.99999955E-03
+34.77500E-06 -9.44723653E-03 -19.99999955E-03
+34.80000E-06 +0.0E+00 -52.16080323E-03
+34.82500E-06 +0.0E+00 -24.02010001E-03
+34.85000E-06 -75.57789236E-03 -48.14070278E-03
+34.87500E-06 -75.57789236E-03 -48.14070278E-03
+34.90000E-06 -66.13065584E-03 -48.14070278E-03
+34.92500E-06 -66.13065584E-03 -19.99999955E-03
+34.95000E-06 +0.0E+00 -19.99999955E-03
+34.97500E-06 -141.70854820E-03 -19.99999955E-03
+35.00000E-06 -9.44723653E-03 -19.99999955E-03
+35.02500E-06 +0.0E+00 -19.99999955E-03
+35.05000E-06 -75.57789236E-03 -19.99999955E-03
+35.07500E-06 -9.44723653E-03 -48.14070278E-03
+35.10000E-06 -66.13065584E-03 -52.16080323E-03
+35.12500E-06 -66.13065584E-03 -19.99999955E-03
+35.15000E-06 +0.0E+00 -19.99999955E-03
+35.17500E-06 -75.57789236E-03 -19.99999955E-03
+35.20000E-06 -66.13065584E-03 -19.99999955E-03
+35.22500E-06 +0.0E+00 -48.14070278E-03
+35.25000E-06 -66.13065584E-03 -19.99999955E-03
+35.27500E-06 -9.44723653E-03 -52.16080323E-03
+35.30000E-06 +0.0E+00 -19.99999955E-03
+35.32500E-06 -66.13065584E-03 +8.14070367E-03
+35.35000E-06 -75.57789236E-03 -19.99999955E-03
+35.37500E-06 -75.57789236E-03 -48.14070278E-03
+35.40000E-06 -18.89447305E-03 -19.99999955E-03
+35.42500E-06 +0.0E+00 -19.99999955E-03
+35.45000E-06 -75.57789236E-03 -19.99999955E-03
+35.47500E-06 +0.0E+00 -52.16080323E-03
+35.50000E-06 -66.13065584E-03 -56.18090368E-03
+35.52500E-06 +0.0E+00 -15.97989910E-03
+35.55000E-06 -75.57789236E-03 -19.99999955E-03
+35.57500E-06 +0.0E+00 -19.99999955E-03
+35.60000E-06 -9.44723653E-03 -48.14070278E-03
+35.62500E-06 -9.44723653E-03 +8.14070367E-03
+35.65000E-06 -75.57789236E-03 -19.99999955E-03
+35.67500E-06 -9.44723653E-03 -48.14070278E-03
+35.70000E-06 -66.13065584E-03 -24.02010000E-03
+35.72500E-06 +0.0E+00 -24.02010000E-03
+35.75000E-06 -9.44723653E-03 -19.99999955E-03
+35.77500E-06 +0.0E+00 +8.14070367E-03
+35.80000E-06 -9.44723653E-03 -19.99999955E-03
+35.82500E-06 -75.57789236E-03 -19.99999955E-03
+35.85000E-06 -75.57789236E-03 -19.99999955E-03
+35.87500E-06 -9.44723653E-03 -52.16080323E-03
+35.90000E-06 -66.13065584E-03 -24.02010000E-03
+35.92500E-06 +0.0E+00 -19.99999955E-03
+35.95000E-06 -75.57789236E-03 -19.99999955E-03
+35.97500E-06 -75.57789236E-03 -19.99999955E-03
+36.00000E-06 -75.57789236E-03 -48.14070278E-03
+36.02500E-06 -9.44723653E-03 -24.02010000E-03
+36.05000E-06 +0.0E+00 -19.99999955E-03
+36.07500E-06 +0.0E+00 -48.14070278E-03
+36.10000E-06 +0.0E+00 +4.12060322E-03
+36.12500E-06 -66.13065584E-03 -24.02010000E-03
+36.15000E-06 -9.44723653E-03 -19.99999955E-03
+36.17500E-06 -66.13065584E-03 -19.99999955E-03
+36.20000E-06 -9.44723653E-03 -48.14070278E-03
+36.22500E-06 +0.0E+00 -24.02010000E-03
+36.25000E-06 +0.0E+00 -19.99999955E-03
+36.27500E-06 -9.44723653E-03 -52.16080323E-03
+36.30000E-06 -9.44723653E-03 -24.02010000E-03
+36.32500E-06 -66.13065584E-03 -19.99999955E-03
+36.35000E-06 +0.0E+00 -19.99999955E-03
+36.37500E-06 -75.57789236E-03 -19.99999955E-03
+36.40000E-06 -85.02512889E-03 -24.02010000E-03
+36.42500E-06 -66.13065584E-03 -19.99999955E-03
+36.45000E-06 -132.26131168E-03 -19.99999955E-03
+36.47500E-06 -75.57789236E-03 -80.30150645E-03
+36.50000E-06 +0.0E+00 -19.99999955E-03
+36.52500E-06 +0.0E+00 +8.14070367E-03
+36.55000E-06 -75.57789236E-03 -19.99999955E-03
+36.57500E-06 -66.13065584E-03 -19.99999955E-03
+36.60000E-06 -85.02512889E-03 -52.16080323E-03
+36.62500E-06 -9.44723652E-03 -48.14070278E-03
+36.65000E-06 -66.13065584E-03 -48.14070278E-03
+36.67500E-06 -75.57789236E-03 -44.12060233E-03
+36.70000E-06 +0.0E+00 -24.02010000E-03
+36.72500E-06 -75.57789236E-03 +8.14070367E-03
+36.75000E-06 -66.13065584E-03 -19.99999955E-03
+36.77500E-06 -75.57789236E-03 -19.99999955E-03
+36.80000E-06 -85.02512889E-03 -19.99999955E-03
+36.82500E-06 +0.0E+00 +8.14070367E-03
+36.85000E-06 -75.57789236E-03 -19.99999955E-03
+36.87500E-06 -75.57789236E-03 -48.14070278E-03
+36.90000E-06 +0.0E+00 -24.02010000E-03
+36.92500E-06 -66.13065584E-03 -19.99999955E-03
+36.95000E-06 -66.13065584E-03 -24.02010000E-03
+36.97500E-06 -75.57789236E-03 -19.99999955E-03
+37.00000E-06 -85.02512889E-03 -52.16080323E-03
+37.02500E-06 +0.0E+00 -24.02010000E-03
+37.05000E-06 -75.57789236E-03 -48.14070278E-03
+37.07500E-06 -75.57789236E-03 -48.14070278E-03
+37.10000E-06 -9.44723652E-03 -24.02010000E-03
+37.12500E-06 -75.57789236E-03 -24.02010000E-03
+37.15000E-06 -66.13065584E-03 -19.99999955E-03
+37.17500E-06 -75.57789236E-03 -19.99999955E-03
+37.20000E-06 -66.13065584E-03 -19.99999955E-03
+37.22500E-06 +0.0E+00 -19.99999955E-03
+37.25000E-06 -75.57789236E-03 -19.99999955E-03
+37.27500E-06 -9.44723652E-03 -48.14070278E-03
+37.30000E-06 -9.44723652E-03 -52.16080323E-03
+37.32500E-06 -75.57789236E-03 -19.99999955E-03
+37.35000E-06 -9.44723652E-03 -19.99999955E-03
+37.37500E-06 -141.70854820E-03 -19.99999955E-03
+37.40000E-06 +0.0E+00 -19.99999955E-03
+37.42500E-06 -66.13065584E-03 -19.99999955E-03
+37.45000E-06 -141.70854820E-03 -19.99999955E-03
+37.47500E-06 +0.0E+00 -48.14070278E-03
+37.50000E-06 -75.57789236E-03 -24.02010000E-03
+37.52500E-06 -75.57789236E-03 -19.99999955E-03
+37.55000E-06 -66.13065584E-03 -52.16080323E-03
+37.57500E-06 -75.57789236E-03 -19.99999955E-03
+37.60000E-06 +0.0E+00 -19.99999955E-03
+37.62500E-06 -75.57789236E-03 -19.99999955E-03
+37.65000E-06 -75.57789236E-03 -19.99999955E-03
+37.67500E-06 -9.44723652E-03 -48.14070278E-03
+37.70000E-06 -75.57789236E-03 -48.14070278E-03
+37.72500E-06 +0.0E+00 -19.99999955E-03
+37.75000E-06 -75.57789236E-03 -19.99999955E-03
+37.77500E-06 -75.57789236E-03 -19.99999955E-03
+37.80000E-06 +0.0E+00 -19.99999955E-03
+37.82500E-06 -75.57789236E-03 -19.99999955E-03
+37.85000E-06 -66.13065584E-03 -19.99999955E-03
+37.87500E-06 -9.44723652E-03 -48.14070278E-03
+37.90000E-06 -75.57789236E-03 -24.02010000E-03
+37.92500E-06 +0.0E+00 +40.30150735E-03
+37.95000E-06 -75.57789236E-03 -19.99999955E-03
+37.97500E-06 -75.57789236E-03 -19.99999955E-03
+38.00000E-06 +0.0E+00 -48.14070278E-03
+38.02500E-06 -75.57789236E-03 -19.99999955E-03
+38.05000E-06 +0.0E+00 -19.99999955E-03
+38.07500E-06 -75.57789236E-03 -48.14070278E-03
+38.10000E-06 -66.13065584E-03 -48.14070278E-03
+38.12500E-06 +0.0E+00 -19.99999955E-03
+38.15000E-06 -75.57789236E-03 -48.14070278E-03
+38.17500E-06 -66.13065584E-03 -19.99999955E-03
+38.20000E-06 +0.0E+00 -19.99999955E-03
+38.22500E-06 -75.57789236E-03 -19.99999955E-03
+38.25000E-06 +0.0E+00 +8.14070367E-03
+38.27500E-06 -75.57789236E-03 -48.14070278E-03
+38.30000E-06 -9.44723652E-03 -19.99999955E-03
+38.32500E-06 +0.0E+00 -19.99999955E-03
+38.35000E-06 -75.57789236E-03 -19.99999955E-03
+38.37500E-06 -66.13065584E-03 +12.16080412E-03
+38.40000E-06 -85.02512888E-03 -19.99999955E-03
+38.42500E-06 -75.57789236E-03 -52.16080323E-03
+38.45000E-06 +0.0E+00 +8.14070367E-03
+38.47500E-06 -151.15578473E-03 -76.28140601E-03
+38.50000E-06 +56.68341932E-03 -24.02010000E-03
+38.52500E-06 -9.44723652E-03 -24.02010000E-03
+38.55000E-06 -141.70854820E-03 -48.14070278E-03
+38.57500E-06 +75.57789236E-03 -19.99999955E-03
+38.60000E-06 -151.15578473E-03 -48.14070278E-03
+38.62500E-06 -66.13065584E-03 -19.99999955E-03
+38.65000E-06 +0.0E+00 -24.02010000E-03
+38.67500E-06 -151.15578473E-03 -19.99999955E-03
+38.70000E-06 +66.13065584E-03 +8.14070367E-03
+38.72500E-06 -75.57789236E-03 -52.16080323E-03
+38.75000E-06 -75.57789236E-03 -19.99999955E-03
+38.77500E-06 +0.0E+00 +8.14070367E-03
+38.80000E-06 -151.15578473E-03 -48.14070278E-03
+38.82500E-06 +9.44723652E-03 -19.99999955E-03
+38.85000E-06 -75.57789236E-03 -48.14070278E-03
+38.87500E-06 -75.57789236E-03 -72.26130556E-03
+38.90000E-06 +75.57789236E-03 -24.02010000E-03
+38.92500E-06 -226.73367709E-03 +4.12060322E-03
+38.95000E-06 +9.44723652E-03 +12.16080412E-03
+38.97500E-06 +0.0E+00 -19.99999955E-03
+39.00000E-06 -85.02512888E-03 -19.99999955E-03
+39.02500E-06 +75.57789236E-03 -19.99999955E-03
+39.05000E-06 -151.15578473E-03 -19.99999955E-03
+39.07500E-06 -9.44723652E-03 -19.99999955E-03
+39.10000E-06 +66.13065584E-03 -24.02010000E-03
+39.12500E-06 -226.73367709E-03 -52.16080323E-03
+39.15000E-06 +75.57789236E-03 -19.99999955E-03
+39.17500E-06 -141.70854821E-03 -24.02010000E-03
+39.20000E-06 -75.57789236E-03 -15.97989910E-03
+39.22500E-06 +75.57789236E-03 -19.99999955E-03
+39.25000E-06 -226.73367709E-03 -48.14070278E-03
+39.27500E-06 +141.70854821E-03 +12.16080412E-03
+39.30000E-06 -9.44723652E-03 -52.16080323E-03
+39.32500E-06 -207.83920405E-03 +8.14070367E-03
+39.35000E-06 +85.02512888E-03 -19.99999955E-03
+39.37500E-06 -217.28644057E-03 -52.16080323E-03
+39.40000E-06 +66.13065584E-03 -19.99999955E-03
+39.42500E-06 +0.0E+00 -19.99999955E-03
+39.45000E-06 -217.28644057E-03 -19.99999955E-03
+39.47500E-06 +85.02512888E-03 -48.14070278E-03
+39.50000E-06 -75.57789236E-03 -52.16080323E-03
+39.52500E-06 -66.13065584E-03 -19.99999955E-03
+39.55000E-06 +66.13065584E-03 -48.14070278E-03
+39.57500E-06 -226.73367709E-03 -52.16080323E-03
+39.60000E-06 +141.70854821E-03 +12.16080412E-03
+39.62500E-06 -75.57789236E-03 -52.16080323E-03
+39.65000E-06 -141.70854821E-03 +12.16080412E-03
+39.67500E-06 +85.02512888E-03 -19.99999955E-03
+39.70000E-06 -217.28644057E-03 -56.18090368E-03
+39.72500E-06 +85.02512888E-03 -19.99999955E-03
+39.75000E-06 -75.57789236E-03 -19.99999955E-03
+39.77500E-06 -226.73367709E-03 -19.99999955E-03
+39.80000E-06 +151.15578473E-03 +16.18090457E-03
+39.82500E-06 -226.73367709E-03 -52.16080323E-03
+39.85000E-06 +9.44723652E-03 -19.99999955E-03
+39.87500E-06 +66.13065584E-03 -52.16080323E-03
+39.90000E-06 -292.86433293E-03 -52.16080323E-03
+39.92500E-06 +217.28644057E-03 +12.16080412E-03
+39.95000E-06 -160.60302124E-03 -56.18090368E-03
+39.97500E-06 -141.70854821E-03 -19.99999955E-03
+40.00000E-06 +141.70854821E-03 -15.97989910E-03
+40.02500E-06 -302.31156945E-03 -52.16080323E-03
+40.05000E-06 +151.15578473E-03 +40.30150735E-03
+40.07500E-06 -85.02512888E-03 -76.28140601E-03
+40.10000E-06 -217.28644057E-03 -24.02010000E-03
+40.12500E-06 +226.73367709E-03 +40.30150735E-03
+40.15000E-06 -236.18091361E-03 -52.16080323E-03
+40.17500E-06 +75.57789236E-03 -15.97989911E-03
+40.20000E-06 +56.68341933E-03 -52.16080323E-03
+40.22500E-06 -292.86433293E-03 -19.99999955E-03
+40.25000E-06 +226.73367709E-03 +16.18090457E-03
+40.27500E-06 -226.73367709E-03 -84.32160690E-03
+40.30000E-06 +0.0E+00 -19.99999955E-03
+40.32500E-06 +141.70854821E-03 -24.02010000E-03
+40.35000E-06 -368.44222530E-03 -52.16080323E-03
+40.37500E-06 +226.73367709E-03 +40.30150735E-03
+40.40000E-06 -160.60302124E-03 -80.30150646E-03
+40.42500E-06 -141.70854821E-03 -19.99999955E-03
+40.45000E-06 +226.73367709E-03 +8.14070367E-03
+40.47500E-06 -377.88946182E-03 -80.30150646E-03
+40.50000E-06 +226.73367709E-03 +8.14070368E-03
+40.52500E-06 +0.0E+00 -24.02010000E-03
+40.55000E-06 -292.86433293E-03 -15.97989911E-03
+40.57500E-06 +226.73367709E-03 +8.14070368E-03
+40.60000E-06 -311.75880597E-03 -84.32160690E-03
+40.62500E-06 +75.57789236E-03 +16.18090457E-03
+40.65000E-06 +75.57789236E-03 -24.02010000E-03
+40.67500E-06 -377.88946182E-03 -80.30150646E-03
+40.70000E-06 +311.75880597E-03 +40.30150735E-03
+40.72500E-06 -236.18091361E-03 -56.18090368E-03
+40.75000E-06 -75.57789236E-03 +12.16080412E-03
+40.77500E-06 +226.73367709E-03 -19.99999955E-03
+40.80000E-06 -387.33669833E-03 -52.16080323E-03
+40.82500E-06 +236.18091361E-03 +48.34170825E-03
+40.85000E-06 -151.15578473E-03 -80.30150646E-03
+40.87500E-06 -226.73367709E-03 -15.97989911E-03
+40.90000E-06 +368.44222530E-03 +4.12060323E-03
+40.92500E-06 -387.33669833E-03 -88.34170735E-03
+40.95000E-06 +94.47236540E-03 +40.30150735E-03
+40.97500E-06 +66.13065585E-03 -52.16080323E-03
+41.00000E-06 -453.46735418E-03 -72.26130556E-03
+41.02500E-06 +453.46735418E-03 +16.18090457E-03
+41.05000E-06 -377.88946182E-03 -84.32160690E-03
+41.07500E-06 +0.0E+00 +16.18090457E-03
+41.10000E-06 +283.41709642E-03 -24.02010000E-03
+41.12500E-06 -529.04524654E-03 -52.16080323E-03
+41.15000E-06 +377.88946182E-03 +44.32160780E-03
+41.17500E-06 -226.73367709E-03 -84.32160690E-03
+41.20000E-06 -217.28644057E-03 -11.95979866E-03
+41.22500E-06 +434.57288115E-03 +8.14070368E-03
+41.25000E-06 -595.17590239E-03 -108.44220969E-03
+41.27500E-06 +302.31156945E-03 +48.34170825E-03
+41.30000E-06 -9.44723652E-03 -88.34170735E-03
+41.32500E-06 -444.02011766E-03 -19.99999955E-03
+41.35000E-06 +462.91459069E-03 +12.16080412E-03
+41.37500E-06 -538.49248306E-03 -84.32160690E-03
+41.40000E-06 +75.57789236E-03 +44.32160780E-03
+41.42500E-06 +141.70854821E-03 -56.18090368E-03
+41.45000E-06 -529.04524654E-03 -48.14070278E-03
+41.47500E-06 +519.59801003E-03 +16.18090457E-03
+41.50000E-06 -377.88946182E-03 -120.50251103E-03
+41.52500E-06 -66.13065585E-03 +40.30150735E-03
+41.55000E-06 +377.88946182E-03 -52.16080323E-03
+41.57500E-06 -680.20103127E-03 -84.32160690E-03
+41.60000E-06 +453.46735418E-03 +44.32160780E-03
+41.62500E-06 -160.60302124E-03 -88.34170735E-03
+41.65000E-06 -368.44222530E-03 -15.97989911E-03
+41.67500E-06 +595.17590239E-03 +12.16080412E-03
+41.70000E-06 -614.07037542E-03 -88.34170735E-03
+41.72500E-06 +311.75880597E-03 +76.48241147E-03
+41.75000E-06 +56.68341933E-03 -88.34170735E-03
+41.77500E-06 -595.17590239E-03 -48.14070278E-03
+41.80000E-06 +680.20103127E-03 +44.32160780E-03
+41.82500E-06 -538.49248306E-03 -88.34170735E-03
+41.85000E-06 +18.89447303E-03 +76.48241147E-03
+41.87500E-06 +292.86433294E-03 -52.16080323E-03
+41.90000E-06 -755.77892363E-03 -84.32160690E-03
+41.92500E-06 +614.07037542E-03 +76.48241147E-03
+41.95000E-06 -387.33669833E-03 -116.48241058E-03
+41.97500E-06 -273.96985991E-03 +16.18090457E-03
+42.00000E-06 +595.17590239E-03 +12.16080412E-03
+42.02500E-06 -831.35681599E-03 -116.48241058E-03
+42.05000E-06 +472.36182721E-03 +104.62311470E-03
+42.07500E-06 -85.02512888E-03 -144.62311381E-03
+42.10000E-06 -585.72866588E-03 -48.14070278E-03
+42.12500E-06 +746.33168712E-03 +72.46231103E-03
+42.15000E-06 -755.77892363E-03 -144.62311381E-03
+42.17500E-06 +245.62815012E-03 +104.62311470E-03
+42.20000E-06 +207.83920406E-03 -88.34170735E-03
+42.22500E-06 -746.33168712E-03 -52.16080323E-03
+42.25000E-06 +831.35681599E-03 +80.50251192E-03
+42.27500E-06 -614.07037542E-03 -176.78391748E-03
+42.30000E-06 -66.13065585E-03 +76.48241147E-03
+42.32500E-06 +519.59801003E-03 -19.99999955E-03
+42.35000E-06 -973.06536421E-03 -144.62311381E-03
+42.37500E-06 +699.09550430E-03 +80.50251192E-03
+42.40000E-06 -321.20604248E-03 -176.78391749E-03
+42.42500E-06 -434.57288115E-03 +16.18090457E-03
+42.45000E-06 +821.90957948E-03 +40.30150735E-03
+42.47500E-06 -991.95983723E-03 -176.78391749E-03
+42.50000E-06 +538.49248306E-03 +108.64321515E-03
+42.52500E-06 -9.44723651E-03 -120.50251103E-03
+42.55000E-06 -812.46234297E-03 -48.14070278E-03
+42.57500E-06 +973.06536421E-03 +76.48241147E-03
+42.60000E-06 -850.25128902E-03 -148.64321426E-03
+42.62500E-06 +170.05025775E-03 +108.64321515E-03
+42.65000E-06 +444.02011766E-03 -24.02010000E-03
+42.67500E-06 -1.04864325657E+00 -140.60301336E-03
+42.70000E-06 +982.51260072E-03 +132.76381793E-03
+42.72500E-06 -623.51761193E-03 -180.80401793E-03
+42.75000E-06 -273.96985991E-03 +80.50251192E-03
+42.77500E-06 +812.46234297E-03 +36.28140691E-03
+42.80000E-06 -1.13366838545E+00 -148.64321426E-03
+42.82500E-06 +765.22616014E-03 +140.80401883E-03
+42.85000E-06 -170.05025775E-03 -152.66331470E-03
+42.87500E-06 -661.30655824E-03 -11.95979866E-03
+42.90000E-06 +1.11477391242E+00 +72.46231103E-03
+42.92500E-06 -1.14311562196E+00 -212.96482161E-03
+42.95000E-06 +472.36182720E-03 +172.96482250E-03
+42.97500E-06 +273.96985991E-03 -88.34170735E-03
+43.00000E-06 -1.04864325657E+00 -80.30150646E-03
+43.02500E-06 +1.20924627781E+00 +140.80401883E-03
+43.05000E-06 -850.25128902E-03 -216.98492205E-03
+43.07500E-06 +18.89447303E-03 +112.66331560E-03
+43.10000E-06 +736.88445060E-03 -60.20100412E-03
+43.12500E-06 -1.28482417017E+00 -144.62311381E-03
+43.15000E-06 +1.07698496611E+00 +205.12562618E-03
+43.17500E-06 -547.93971957E-03 -212.96482161E-03
+43.20000E-06 -510.15077352E-03 +48.34170824E-03
+43.22500E-06 +1.19035180478E+00 +40.30150735E-03
+43.25000E-06 -1.36984929905E+00 -241.10552484E-03
+43.27500E-06 +784.12063317E-03 +176.98492295E-03
+43.30000E-06 +56.68341934E-03 -188.84421882E-03
+43.32500E-06 -1.03919602006E+00 -19.99999955E-03
+43.35000E-06 +1.42653271839E+00 +108.64321515E-03
+43.37500E-06 -1.29427140668E+00 -245.12562528E-03
+43.40000E-06 +387.33669833E-03 +148.84421972E-03
+43.42500E-06 +576.28142937E-03 -92.36180780E-03
+43.45000E-06 -1.41708548187E+00 -140.60301336E-03
+43.47500E-06 +1.42653271839E+00 +176.98492295E-03
+43.50000E-06 -850.25128902E-03 -281.30652940E-03
+43.52500E-06 -198.39196755E-03 +112.66331559E-03
+43.55000E-06 +1.09587943940E+00 +8.14070368E-03
+43.57500E-06 -1.57768850311E+00 -180.80401793E-03
+43.60000E-06 +1.21869351432E+00 +209.14572662E-03
+43.62500E-06 -340.10051550E-03 -245.12562528E-03
+43.65000E-06 -869.14576231E-03 +16.18090457E-03
+43.67500E-06 +1.50211061075E+00 +76.48241147E-03
+43.70000E-06 -1.52100508377E+00 -277.28642896E-03
+43.72500E-06 +717.98997732E-03 +209.14572662E-03
+43.75000E-06 +330.65327926E-03 -180.80401793E-03
+43.77500E-06 -1.40763824536E+00 -80.30150646E-03
+43.80000E-06 +1.58713573962E+00 +201.10552573E-03
+43.82500E-06 -1.30371864320E+00 -305.42713219E-03
+43.85000E-06 +179.49749426E-03 +209.14572662E-03
+43.87500E-06 +954.17089119E-03 -84.32160690E-03
+43.90000E-06 -1.66271363199E+00 -180.80401793E-03
+43.92500E-06 +1.59658297614E+00 +265.42713308E-03
+43.95000E-06 -793.56786968E-03 -277.28642896E-03
+43.97500E-06 -566.83419286E-03 +80.50251192E-03
+44.00000E-06 +1.49266337424E+00 +40.30150735E-03
+44.02500E-06 -1.83276388974E+00 -277.28642896E-03
+44.05000E-06 +1.17145733149E+00 +273.46733397E-03
+44.07500E-06 -113.36683841E-03 -277.28642896E-03
+44.10000E-06 -1.24703522413E+00 -15.97989911E-03
+44.12500E-06 +1.81386941671E+00 +197.08542529E-03
+44.15000E-06 -1.75718599737E+00 -337.58793586E-03
+44.17500E-06 +632.96484844E-03 +273.46733397E-03
+44.20000E-06 +642.41208522E-03 -152.66331470E-03
+44.22500E-06 -1.86110559954E+00 -112.46231014E-03
+44.25000E-06 +1.89889454559E+00 +269.44723353E-03
+44.27500E-06 -1.24703522385E+00 -369.74873954E-03
+44.30000E-06 -179.49749454E-03 +176.98492295E-03
+44.32500E-06 +1.34150758951E+00 -24.02010000E-03
+44.35000E-06 -2.11618098617E+00 -241.10552484E-03
+44.37500E-06 +1.69105534152E+00 +333.76884088E-03
+44.40000E-06 -585.72866560E-03 -341.60803631E-03
+44.42500E-06 -944.72365468E-03 +108.64321515E-03
+44.45000E-06 +1.94613072842E+00 +132.76381794E-03
+44.47500E-06 -2.12562822268E+00 -393.86934233E-03
+44.50000E-06 +1.16201009498E+00 +329.74874043E-03
+44.52500E-06 +255.07538690E-03 -221.00502250E-03
+44.55000E-06 -1.70994981482E+00 -72.26130557E-03
+44.57500E-06 +2.19175887853E+00 +265.42713308E-03
+44.60000E-06 -1.84221112624E+00 -401.90954322E-03
+44.62500E-06 +415.67840786E-03 +273.46733397E-03
+44.65000E-06 +1.09587943941E+00 -92.36180779E-03
+44.67500E-06 -2.18231164202E+00 -233.06532395E-03
+44.70000E-06 +2.13507545919E+00 +361.90954411E-03
+44.72500E-06 -1.18090456800E+00 -409.94974411E-03
+44.75000E-06 -491.25630050E-03 +181.00502339E-03
+44.77500E-06 +1.86110559955E+00 +64.42211014E-03
+44.80000E-06 -2.48462321147E+00 -341.60803631E-03
+44.82500E-06 +1.70050257803E+00 +394.07034779E-03
+44.85000E-06 -349.54775200E-03 -317.48743352E-03
+44.87500E-06 -1.40763824537E+00 -3.91959778E-03
+44.90000E-06 +2.40904531911E+00 +225.22612852E-03
+44.92500E-06 -2.35236189976E+00 -466.23115057E-03
+44.95000E-06 +944.72365439E-03 +369.94974500E-03
+44.97500E-06 +699.09550457E-03 -188.84421882E-03
+45.00000E-06 -2.22954782485E+00 -144.62311381E-03
+45.02500E-06 +2.56964834034E+00 +353.86934322E-03
+45.05000E-06 -1.77608047039E+00 -470.25125101E-03
+45.07500E-06 -28.34170982E-03 +277.48743442E-03
+45.10000E-06 +1.70050257831E+00 -60.20100412E-03
+45.12500E-06 -2.70190965205E+00 -305.42713219E-03
+45.15000E-06 +2.36180913627E+00 +430.25125191E-03
+45.17500E-06 -944.72365439E-03 -438.09044734E-03
+45.20000E-06 -1.01085431054E+00 +120.70351648E-03
+45.22500E-06 +2.39015084609E+00 +160.90452117E-03
+45.25000E-06 -2.80582925394E+00 -434.07034689E-03
+45.27500E-06 +1.62492468566E+00 +406.13064912E-03
+45.30000E-06 +103.91960218E-03 -349.64823720E-03
+45.32500E-06 -1.99336691126E+00 -15.97989911E-03
+45.35000E-06 +2.85306543678E+00 +325.72863999E-03
+45.37500E-06 -2.43738702864E+00 -502.41205469E-03
+45.40000E-06 +651.85932145E-03 +402.11054867E-03
+45.42500E-06 +1.16201009527E+00 -160.70351559E-03
+45.45000E-06 -2.77748754442E+00 -265.22612763E-03
+45.47500E-06 +2.80582925394E+00 +430.25125191E-03
+45.50000E-06 -1.63437192217E+00 -538.59295881E-03
+45.52500E-06 -472.36182749E-03 +245.32663074E-03
+45.55000E-06 +2.22954782486E+00 +32.26130647E-03
+45.57500E-06 -3.09869358689E+00 -430.05024645E-03
+45.60000E-06 +2.29567848042E+00 +498.59295970E-03
+45.62500E-06 -529.04524624E-03 -446.13064822E-03
+45.65000E-06 -1.73829152465E+00 +84.52261236E-03
+45.67500E-06 +2.92864332914E+00 +233.26632941E-03
+45.70000E-06 -2.96643227518E+00 -534.57285836E-03
+45.72500E-06 +1.41708548158E+00 +498.59295970E-03
+45.75000E-06 +765.22616044E-03 -313.46733308E-03
+45.77500E-06 -2.68301517904E+00 -108.44220969E-03
+45.80000E-06 +3.17427147925E+00 +426.23115146E-03
+45.82500E-06 -2.39015084579E+00 -602.91456616E-03
+45.85000E-06 +226.73367679E-03 +402.11054867E-03
+45.87500E-06 +1.90834178239E+00 -92.36180779E-03
+45.90000E-06 -3.30653279096E+00 -365.72863910E-03
+45.92500E-06 +2.90974885583E+00 +558.89446661E-03
+45.95000E-06 -1.35095482572E+00 -570.75376248E-03
+45.97500E-06 -1.13366838575E+00 +245.32663074E-03
+46.00000E-06 +2.90974885613E+00 +160.90452117E-03
+46.02500E-06 -3.41045239285E+00 -526.53265748E-03
+46.05000E-06 +2.23899506107E+00 +595.07537073E-03
+46.07500E-06 -66.13065555E-03 -446.13064822E-03
+46.10000E-06 -2.22954782486E+00 -11.95979867E-03
+46.12500E-06 +3.40100515634E+00 +386.03014690E-03
+46.15000E-06 -3.06090464055E+00 -631.05526939E-03
+46.17500E-06 +1.04864325627E+00 +530.75376338E-03
+46.20000E-06 +1.36040206284E+00 -257.18592661E-03
+46.22500E-06 -3.22150766209E+00 -265.22612763E-03
+46.25000E-06 +3.41989962935E+00 +550.85426572E-03
+46.27500E-06 -2.18231164171E+00 -695.37687674E-03
+46.30000E-06 -311.75880627E-03 +402.11054867E-03
+46.32500E-06 +2.52241215781E+00 +24.22110558E-03
+46.35000E-06 -3.76000014514E+00 -498.39195424E-03
+46.37500E-06 +2.98532674819E+00 +651.35677719E-03
+46.40000E-06 -982.51260041E-03 -602.91456616E-03
+46.42500E-06 -1.74773876117E+00 +152.86432015E-03
+46.45000E-06 +3.44824133918E+00 +289.54773587E-03
+46.47500E-06 -3.72221119880E+00 -719.49747953E-03
+46.50000E-06 +2.02170862048E+00 +623.21607396E-03
+46.52500E-06 +538.49248336E-03 -446.13064822E-03
+46.55000E-06 -2.98532674850E+00 -104.42210925E-03
+46.57500E-06 +3.86391974702E+00 +514.67336160E-03
+46.60000E-06 -3.00422122120E+00 -727.53768042E-03
+46.62500E-06 +604.62313859E-03 +558.89446661E-03
+46.65000E-06 +2.05005033062E+00 -132.56281235E-03
+46.67500E-06 -3.82613080100E+00 -422.01004557E-03
+46.70000E-06 +3.66552777945E+00 +647.33667675E-03
+46.72500E-06 -1.88000007226E+00 -731.55778086E-03
+46.75000E-06 -991.95983754E-03 +317.68843897E-03
+46.77500E-06 +3.27819108144E+00 +156.88442073E-03
+46.80000E-06 -4.08120618761E+00 -651.15577174E-03
+46.82500E-06 +2.91919609233E+00 +723.71858543E-03
+46.85000E-06 -444.02011736E-03 -574.77386292E-03
+46.87500E-06 -2.51296492131E+00 +28.24120589E-03
+46.90000E-06 +4.05286447809E+00 +418.19095058E-03
+46.92500E-06 -3.80723632767E+00 -787.83918733E-03
+46.95000E-06 +1.58713573931E+00 +663.41707852E-03
+46.97500E-06 +1.28482417049E+00 -353.66833764E-03
+47.00000E-06 -3.66552777977E+00 -261.20602719E-03
+47.02500E-06 +4.16623131647E+00 +643.31657631E-03
+47.05000E-06 -2.78693478061E+00 -824.02009144E-03
+47.07500E-06 -75.57789268E-03 +478.49245735E-03
+47.10000E-06 +2.80582925426E+00 -40.10050177E-03
+47.12500E-06 -4.36462328405E+00 -554.67336071E-03
+47.15000E-06 +3.66552777945E+00 +779.99999190E-03
+47.17500E-06 -1.43597995458E+00 -735.57788130E-03
+47.20000E-06 -1.73829152467E+00 +245.32663074E-03
+47.22500E-06 +3.95839211272E+00 +285.52763543E-03
+47.25000E-06 -4.39296499356E+00 -751.65828321E-03
+47.27500E-06 +2.56964834002E+00 +763.91958999E-03
+47.30000E-06 +368.44222563E-03 -546.63315969E-03
+47.32500E-06 -3.26874384495E+00 -68.24120514E-03
+47.35000E-06 +4.51577906877E+00 +578.99496896E-03
+47.37500E-06 -3.73165843531E+00 -884.32159835E-03
+47.40000E-06 +991.95983690E-03 +695.57788220E-03
+47.42500E-06 +2.05005033063E+00 -229.04522338E-03
+47.45000E-06 -4.34572881104E+00 -422.01004557E-03
+47.47500E-06 +4.33628157421E+00 +779.99999190E-03
+47.50000E-06 -2.34291466293E+00 -892.36179924E-03
+47.52500E-06 -821.90957981E-03 +442.31155323E-03
+47.55000E-06 +3.56160817789E+00 +92.56281338E-03
+47.57500E-06 -4.76140721887E+00 -683.31657542E-03
+47.60000E-06 +3.58994988708E+00 +880.50250337E-03
+47.62500E-06 -699.09550395E-03 -707.43717807E-03
+47.65000E-06 -2.56020110417E+00 +120.70351648E-03
+47.67500E-06 +4.49688459577E+00 +450.35175426E-03
+47.70000E-06 -4.41185946657E+00 -912.46230159E-03
+47.72500E-06 +2.11618098584E+00 +820.20099646E-03
+47.75000E-06 +1.12422114927E+00 -422.01004543E-03
+47.77500E-06 -4.08120618794E+00 -229.04522351E-03
+47.80000E-06 +4.76140721887E+00 +739.79898734E-03
+47.82500E-06 -3.40100515601E+00 -980.80400938E-03
+47.85000E-06 +255.07538627E-03 +635.27637529E-03
+47.87500E-06 +2.87195991013E+00 -132.56281235E-03
+47.90000E-06 -4.80864340172E+00 -586.83416439E-03
+47.92500E-06 +4.27959815485E+00 +904.62310616E-03
+47.95000E-06 -1.83276388939E+00 -892.36179924E-03
+47.97500E-06 -1.70994981517E+00 +345.82914220E-03
+48.00000E-06 +4.25125644567E+00 +249.34673132E-03
+48.02500E-06 -4.93145747661E+00 -876.28139747E-03
+48.05000E-06 +3.09869358655E+00 +944.82411072E-03
+48.07500E-06 +47.23618319E-03 -703.41707762E-03
+48.10000E-06 -3.40100515667E+00 -7.93969823E-03
+48.12500E-06 +4.95979918645E+00 +611.15577264E-03
+48.15000E-06 -4.34572881071E+00 -1.01296481306E+00
+48.17500E-06 +1.38874377171E+00 +852.36180013E-03
+48.20000E-06 +2.02170862113E+00 -357.68843808E-03
+48.22500E-06 -4.63859314399E+00 -422.01004557E-03
+48.25000E-06 +4.93145747661E+00 +900.60300572E-03
+48.27500E-06 -3.02311569419E+00 -1.04914571717E+00
+48.30000E-06 -519.59801037E-03 +570.95476793E-03
+48.32500E-06 +3.63718607027E+00 +56.38190927E-03
+48.35000E-06 -5.27155799241E+00 -743.61808233E-03
+48.37500E-06 +4.13788960662E+00 +1.00512561763E+00
+48.40000E-06 -1.16201009462E+00 -868.24119644E-03
+48.42500E-06 -2.49407044832E+00 +221.20602794E-03
+48.45000E-06 +4.79919616522E+00 +446.33165382E-03
+48.47500E-06 -4.94090471311E+00 -1.03306531541E+00
+48.50000E-06 +2.64522623237E+00 +948.84421116E-03
+48.52500E-06 +888.04023569E-03 -554.67336057E-03
+48.55000E-06 -4.15678408031E+00 -188.84421896E-03
+48.57500E-06 +5.21487457305E+00 +800.10049425E-03
+48.60000E-06 -3.99618105840E+00 -1.08130652085E+00
+48.62500E-06 +708.54274043E-03 +763.91958999E-03
+48.65000E-06 +2.85306543713E+00 -168.74371646E-03
+48.67500E-06 -5.17708562704E+00 -606.93466674E-03
+48.70000E-06 +4.87477405725E+00 +968.94471351E-03
+48.72500E-06 -2.36180913592E+00 -1.05718591806E+00
+48.75000E-06 -1.40763824573E+00 +450.35175411E-03
+48.77500E-06 +4.32683433804E+00 +245.32663088E-03
+48.80000E-06 -5.37547759428E+00 -904.42210071E-03
+48.82500E-06 +3.62773883308E+00 +1.06944722498E+00
+48.85000E-06 -321.20604211E-03 -779.79898630E-03
+48.87500E-06 -3.31598002782E+00 +32.26130633E-03
+48.90000E-06 +5.26211075591E+00 +635.27637543E-03
+48.92500E-06 -4.87477405724E+00 -1.10542712364E+00
+48.95000E-06 +1.84221112587E+00 +956.88441204E-03
+48.97500E-06 +1.79497494406E+00 -458.19094954E-03
+49.00000E-06 -4.78974892873E+00 -381.80904101E-03
+49.02500E-06 +5.29989970192E+00 +932.76380939E-03
+49.05000E-06 -3.55216094072E+00 -1.12150752541E+00
+49.07500E-06 -264.52262380E-03 +703.61808307E-03
+49.10000E-06 +3.69386948964E+00 -11.95979852E-03
+49.12500E-06 -5.49829166950E+00 -743.61808233E-03
+49.15000E-06 +4.58190972429E+00 +1.06944722498E+00
+49.17500E-06 -1.60603021228E+00 -996.88441115E-03
+49.20000E-06 -2.32402019060E+00 +321.70853941E-03
+49.22500E-06 +4.94090471346E+00 +410.15074970E-03
+49.25000E-06 -5.38492483078E+00 -1.04110551629E+00
+49.27500E-06 +3.10814082304E+00 +1.08150752630E+00
+49.30000E-06 +642.41208561E-03 -683.31657527E-03
+49.32500E-06 -4.08120618796E+00 -96.38190838E-03
+49.35000E-06 +5.50773890600E+00 +796.08039381E-03
+49.37500E-06 -4.51577906843E+00 -1.17376883144E+00
+49.40000E-06 +1.14311562159E+00 +892.56280469E-03
+49.42500E-06 +2.69246241592E+00 -325.52763440E-03
+49.45000E-06 -5.30934693877E+00 -546.63315984E-03
+49.47500E-06 +5.16763839019E+00 +1.03326632086E+00
+49.50000E-06 -2.80582925358E+00 -1.12552762585E+00
+49.52500E-06 -1.17145733216E+00 +550.85426558E-03
+49.55000E-06 +4.37407052091E+00 +152.86432030E-03
+49.57500E-06 -5.65889469073E+00 -880.30149791E-03
+49.60000E-06 +4.07175895075E+00 +1.13778893277E+00
+49.62500E-06 -708.54274041E-03 -904.42210056E-03
+49.65000E-06 -3.23095489897E+00 +164.92462147E-03
+49.67500E-06 +5.33768864828E+00 +574.97486852E-03
+49.70000E-06 -5.16763839019E+00 -1.16974873100E+00
+49.72500E-06 +2.29567848004E+00 +1.04934672262E+00
+49.75000E-06 +1.49266337462E+00 -550.65326012E-03
+49.77500E-06 -4.77085445573E+00 -289.34673043E-03
+49.80000E-06 +5.50773890600E+00 +932.76380940E-03
+49.82500E-06 -3.85447251016E+00 -1.18180903232E+00
+49.85000E-06 +122.81407450E-03 +828.24119733E-03
+49.87500E-06 +3.46713581256E+00 -104.42210911E-03
+49.90000E-06 -5.57386956187E+00 -743.61808233E-03
+49.92500E-06 +4.88422129374E+00 +1.13376883233E+00
+49.95000E-06 -1.99336691058E+00 -1.08934672173E+00
+49.97500E-06 -2.01226138467E+00 +446.33165367E-03
+50.00000E-06 +4.91256300396E+00 +345.82914235E-03
+50.02500E-06 -5.52663337900E+00 -1.03708541585E+00
+50.05000E-06 +3.47658304834E+00 +1.14582913365E+00
+50.07500E-06 +264.52262382E-03 -836.08039276E-03
+50.10000E-06 -3.84502527438E+00 -36.08040147E-03
+50.12500E-06 +5.50773890600E+00 +767.93969058E-03
+50.15000E-06 -4.73306550901E+00 -1.23407033835E+00
+50.17500E-06 +1.39819100817E+00 +989.04521571E-03
+50.20000E-06 +2.38070360998E+00 -393.86934219E-03
+50.22500E-06 -5.16763839055E+00 -514.47235616E-03
+50.25000E-06 +5.31879417491E+00 +1.06140702410E+00
+50.27500E-06 -3.11758805952E+00 -1.20994973555E+00
+50.30000E-06 -727.43721450E-03 +643.31657616E-03
+50.32500E-06 +4.09065342447E+00 +88.54271295E-03
+50.35000E-06 -5.72502534659E+00 -900.40200027E-03
+50.37500E-06 +4.30793986433E+00 +1.16994973645E+00
+50.40000E-06 -1.02974878285E+00 -996.88441114E-03
+50.42500E-06 -2.78693478130E+00 +225.22612838E-03
+50.45000E-06 +5.17708562706E+00 +566.93466765E-03
+50.47500E-06 -5.25266351905E+00 -1.16572863056E+00
+50.50000E-06 +2.66412070534E+00 +1.07748742586E+00
+50.52500E-06 +1.10532667632E+00 -651.15577159E-03
+50.55000E-06 -4.46854288629E+00 -253.16582632E-03
+50.57500E-06 +5.51718614250E+00 +928.74370896E-03
+50.60000E-06 -4.15678407960E+00 -1.23809043879E+00
+50.62500E-06 +566.83419217E-03 +896.58290512E-03
+50.65000E-06 +3.01366845840E+00 -172.76381689E-03
+50.67500E-06 -5.34713588478E+00 -703.41707778E-03
+50.70000E-06 +4.95035194959E+00 +1.09758792822E+00
+50.72500E-06 -2.29567848001E+00 -1.15366832908E+00
+50.75000E-06 -1.63437192287E+00 +486.53265822E-03
+50.77500E-06 +4.56301525165E+00 +309.64823824E-03
+50.80000E-06 -5.52663337900E+00 -1.03306531542E+00
+50.82500E-06 +3.63718606955E+00 +1.16994973645E+00
+50.85000E-06 -179.49749385E-03 -872.26129688E-03
+50.87500E-06 -3.54271370494E+00 +4.12060308E-03
+50.90000E-06 +5.33768864828E+00 +699.59798279E-03
+50.92500E-06 -4.79919616487E+00 -1.20592963511E+00
+50.95000E-06 +1.83276388933E+00 +1.01718591895E+00
+50.97500E-06 +1.93668349232E+00 -430.05024630E-03
+51.00000E-06 -4.85587958461E+00 -446.13064838E-03
+51.02500E-06 +5.23376904605E+00 +997.08541675E-03
+51.05000E-06 -3.40100515596E+00 -1.21396983599E+00
+51.07500E-06 -349.54775270E-03 +707.63818351E-03
+51.10000E-06 +3.70331672617E+00 +16.18090472E-03
+51.12500E-06 -5.42271377714E+00 -811.95979013E-03
+51.15000E-06 +4.43075393955E+00 +1.16190953557E+00
+51.17500E-06 -1.52100508338E+00 -1.03306531526E+00
+51.20000E-06 -2.39959808300E+00 +293.56783616E-03
+51.22500E-06 +4.86532682111E+00 +442.31155339E-03
+51.25000E-06 -5.16763839018E+00 -1.10140702321E+00
+51.27500E-06 +2.80582925355E+00 +1.11366832997E+00
+51.30000E-06 +661.30655866E-03 -719.49747938E-03
+51.32500E-06 -4.00562829563E+00 -156.68341530E-03
+51.35000E-06 +5.27155799242E+00 +836.28139837E-03
+51.37500E-06 -4.14733684309E+00 -1.20592963511E+00
+51.40000E-06 +859.69852510E-03 +896.58290512E-03
+51.42500E-06 +2.63577899659E+00 -265.22612748E-03
+51.45000E-06 -5.01648260584E+00 -582.81406396E-03
+51.47500E-06 +4.80864340136E+00 +1.06542712454E+00
+51.50000E-06 -2.50351768409E+00 -1.12150752540E+00
+51.52500E-06 -1.19035180520E+00 +546.83416513E-03
+51.55000E-06 +4.15678408035E+00 +189.04522442E-03
+51.57500E-06 -5.29045246542E+00 -940.60300483E-03
+51.60000E-06 +3.76000014477E+00 +1.16994973645E+00
+51.62500E-06 -547.93971915E-03 -900.40200011E-03
+51.65000E-06 -3.01366845841E+00 +96.58291367E-03
+51.67500E-06 +4.95035194997E+00 +578.99496897E-03
+51.70000E-06 -4.64804038014E+00 -1.14160802776E+00
+51.72500E-06 +1.90834178168E+00 +1.04532662218E+00
+51.75000E-06 +1.42653271879E+00 -518.49245644E-03
+51.77500E-06 -4.32683433808E+00 -321.50753412E-03
+51.80000E-06 +4.98814089596E+00 +964.92461308E-03
+51.82500E-06 -3.40100515595E+00 -1.14964822864E+00
+51.85000E-06 +28.34170910E-03 +767.93969042E-03
+51.87500E-06 +3.16482424314E+00 -104.42210910E-03
+51.90000E-06 -4.96924642297E+00 -743.61808234E-03
+51.92500E-06 +4.27959815481E+00 +1.09758792822E+00
+51.95000E-06 -1.67216086809E+00 -1.02502511438E+00
+51.97500E-06 -1.93668349234E+00 +414.17084999E-03
+52.00000E-06 +4.33628157458E+00 +345.82914236E-03
+52.02500E-06 -4.85587958423E+00 -1.03306531542E+00
+52.05000E-06 +2.94753780177E+00 +1.07748742586E+00
+52.07500E-06 +349.54775272E-03 -775.77888585E-03
+52.10000E-06 -3.46713581260E+00 -68.24120515E-03
+52.12500E-06 +4.88422129411E+00 +739.79898735E-03
+52.15000E-06 -4.04341724123E+00 -1.13758792732E+00
+52.17500E-06 +1.14311562155E+00 +924.72360836E-03
+52.20000E-06 +2.09728651357E+00 -329.54773483E-03
+52.22500E-06 -4.42130670344E+00 -486.33165293E-03
+52.25000E-06 +4.49688459540E+00 +968.94471352E-03
+52.27500E-06 -2.56964833995E+00 -1.11346732453E+00
+52.30000E-06 -746.33168753E-03 +574.97486836E-03
+52.32500E-06 +3.57105541445E+00 +116.68341619E-03
+52.35000E-06 -4.76140721887E+00 -836.08039293E-03
+52.37500E-06 +3.59939712354E+00 +1.06944722498E+00
+52.40000E-06 -850.25128859E-03 -900.40200011E-03
+52.42500E-06 -2.41849255602E+00 +189.04522425E-03
+52.45000E-06 +4.27959815521E+00 +534.77386398E-03
+52.47500E-06 -4.33628157418E+00 -1.06924621953E+00
+52.50000E-06 +2.11618098577E+00 +981.00501483E-03
+52.52500E-06 +1.03919602049E+00 -554.67336055E-03
+52.55000E-06 -3.72221119918E+00 -225.02512309E-03
+52.57500E-06 +4.40241223005E+00 +832.26129794E-03
+52.60000E-06 -3.38211068295E+00 -1.10944722409E+00
+52.62500E-06 +377.88946142E-03 +763.91958998E-03
+52.65000E-06 +2.64522623311E+00 -168.74371645E-03
+52.67500E-06 -4.36462328407E+00 -643.11557088E-03
+52.70000E-06 +3.96783934886E+00 +968.94471352E-03
+52.72500E-06 -1.73829152395E+00 -992.86431070E-03
+52.75000E-06 -1.35095482644E+00 +414.17084998E-03
+52.77500E-06 +3.66552777981E+00 +253.36683178E-03
+52.80000E-06 -4.39296499355E+00 -880.30149792E-03
+52.82500E-06 +2.78693478053E+00 +1.00914571807E+00
+52.85000E-06 -75.57789196E-03 -767.73868497E-03
+52.87500E-06 -2.81527649083E+00 -24.02010016E-03
+52.90000E-06 +4.27959815521E+00 +603.11557177E-03
+52.92500E-06 -3.74110567177E+00 -988.84421026E-03
+52.95000E-06 +1.28482416977E+00 +888.54270424E-03
+52.97500E-06 +1.58713574003E+00 -361.70853850E-03
+53.00000E-06 -3.81668356454E+00 -385.82914147E-03
+53.02500E-06 +4.02452276823E+00 +868.44220205E-03
+53.05000E-06 -2.55075386695E+00 -988.84421026E-03
+53.07500E-06 -377.88946222E-03 +603.11557160E-03
+53.10000E-06 +2.89085438319E+00 -3.91959763E-03
+53.12500E-06 -4.22291473584E+00 -711.45727867E-03
+53.15000E-06 +3.28763831759E+00 +1.00110551719E+00
+53.17500E-06 -1.04864325618E+00 -836.08039276E-03
+53.20000E-06 -1.89889454598E+00 +225.22612837E-03
+53.22500E-06 +3.67497501631E+00 +410.15074972E-03
+53.25000E-06 -3.94894487587E+00 -916.48240203E-03
+53.27500E-06 +2.09728651277E+00 +884.52260380E-03
+53.30000E-06 +604.62313932E-03 -522.51255688E-03
+53.32500E-06 -3.05145740442E+00 -136.58291294E-03
+53.35000E-06 +3.93005040288E+00 +707.63818367E-03
+53.37500E-06 -3.06090464050E+00 -980.80400939E-03
+53.40000E-06 +529.04524613E-03 +727.73868586E-03
+53.42500E-06 +2.05005033071E+00 -200.90452012E-03
+53.45000E-06 -3.75055290867E+00 -486.33165294E-03
+53.47500E-06 +3.49547752169E+00 +844.32159925E-03
+53.50000E-06 -1.73829152394E+00 -924.52260291E-03
+53.52500E-06 -973.06536464E-03 +442.31155322E-03
+53.55000E-06 +3.05145740442E+00 +152.86432031E-03
+53.57500E-06 -3.77889461815E+00 -747.63818278E-03
+53.60000E-06 +2.68301517868E+00 +912.66330704E-03
+53.62500E-06 -302.31156904E-03 -703.41707762E-03
+53.65000E-06 -2.21065335193E+00 +92.56281322E-03
+53.67500E-06 +3.52381923158E+00 +454.37185471E-03
+53.70000E-06 -3.26874384460E+00 -916.48240203E-03
+53.72500E-06 +1.28482416975E+00 +788.04019278E-03
+53.75000E-06 +1.13366838586E+00 -389.84924173E-03
+53.77500E-06 -3.20261318915E+00 -289.34673045E-03
+53.80000E-06 +3.47658304870E+00 +711.65828411E-03
+53.82500E-06 -2.32402018985E+00 -920.50250247E-03
+53.85000E-06 -85.02512928E-03 +542.81406468E-03
+53.87500E-06 +2.28623124430E+00 -68.24120498E-03
+53.90000E-06 -3.53326646808E+00 -586.83416440E-03
+53.92500E-06 +2.90974885577E+00 +844.32159925E-03
+53.95000E-06 -1.04864325617E+00 -795.87938821E-03
+53.97500E-06 -1.43597995532E+00 +253.36683160E-03
+54.00000E-06 +3.05145740442E+00 +281.50753502E-03
+54.02500E-06 -3.33487450047E+00 -783.81908689E-03
+54.05000E-06 +1.86110559918E+00 +788.04019278E-03
+54.07500E-06 +245.62815050E-03 -542.61305924E-03
+54.10000E-06 -2.44683426552E+00 -72.26130559E-03
+54.12500E-06 +3.24040213512E+00 +518.69346206E-03
+54.15000E-06 -2.74914583455E+00 -852.16079468E-03
+54.17500E-06 +604.62313848E-03 +659.39697807E-03
+54.20000E-06 +1.44542719182E+00 -229.04522335E-03
+54.22500E-06 -3.07035187741E+00 -361.70853867E-03
+54.25000E-06 +2.96643227514E+00 +715.67838455E-03
+54.27500E-06 -1.65326639507E+00 -852.16079468E-03
+54.30000E-06 -547.93971995E-03 +377.98994587E-03
+54.32500E-06 +2.38070360965E+00 +64.42211016E-03
+54.35000E-06 -3.09869358689E+00 -590.85426484E-03
+54.37500E-06 +2.23899506099E+00 +751.85928866E-03
+54.40000E-06 -510.15077313E-03 -635.07536983E-03
+54.42500E-06 -1.61547744953E+00 +120.70351646E-03
+54.45000E-06 +2.79638201743E+00 +382.01004648E-03
+54.47500E-06 -2.75859307104E+00 -759.69848409E-03
+54.50000E-06 +1.25648246027E+00 +683.51758087E-03
+54.52500E-06 +699.09550468E-03 -389.84924173E-03
+54.55000E-06 -2.39959808263E+00 -196.88441986E-03
+54.57500E-06 +2.87195990980E+00 +611.15577265E-03
+54.60000E-06 -2.01226138390E+00 -759.69848409E-03
+54.62500E-06 +122.81407482E-03 +506.63316057E-03
+54.65000E-06 +1.69105534189E+00 -100.40200865E-03
+54.67500E-06 -2.85306543681E+00 -482.31155251E-03
+54.70000E-06 +2.44683426509E+00 +679.49748044E-03
+54.72500E-06 -1.10532667554E+00 -667.23617350E-03
+54.75000E-06 -991.95983764E-03 +249.34673116E-03
+54.77500E-06 +2.31457295378E+00 +193.06532487E-03
+54.80000E-06 -2.79638201743E+00 -618.99496808E-03
+54.82500E-06 +1.63437192208E+00 +655.37687764E-03
+54.85000E-06 +28.34170991E-03 -482.31155232E-03
+54.87500E-06 -1.84221112662E+00 -36.08040148E-03
+54.90000E-06 +2.62633175973E+00 +418.19095060E-03
+54.92500E-06 -2.28623124387E+00 -663.21607307E-03
+54.95000E-06 +727.43721372E-03 +562.91456705E-03
+54.97500E-06 +1.01085431063E+00 -229.04522335E-03
+55.00000E-06 -2.39015084615E+00 -265.22612765E-03
+55.02500E-06 +2.43738702860E+00 +550.85426574E-03
+55.05000E-06 -1.53989955673E+00 -667.23617350E-03
+55.07500E-06 -330.65327936E-03 +345.82914219E-03
+55.10000E-06 +1.77608047075E+00 +28.24120605E-03
+55.12500E-06 -2.56020110385E+00 -494.37185382E-03
+55.15000E-06 +1.91778901855E+00 +591.05527028E-03
+55.17500E-06 -576.28142899E-03 -510.45225556E-03
+55.20000E-06 -1.16201009536E+00 +120.70351646E-03
+55.22500E-06 +2.17286440555E+00 +257.38693222E-03
+55.25000E-06 -2.27678400738E+00 -598.89446571E-03
+55.27500E-06 +1.16201009492E+00 +534.77386381E-03
+55.30000E-06 +330.65327936E-03 -353.66833762E-03
+55.32500E-06 -1.85165836312E+00 -76.28140603E-03
+55.35000E-06 +2.20120611502E+00 +426.23115147E-03
+55.37500E-06 -1.75718599733E+00 -659.19597263E-03
+55.40000E-06 +273.96985954E-03 +438.29145278E-03
+55.42500E-06 +1.17145733185E+00 -100.40200865E-03
+55.45000E-06 -2.18231164204E+00 -329.54773500E-03
+55.47500E-06 +1.97447243793E+00 +526.73366293E-03
+55.50000E-06 -1.01085431019E+00 -574.77386291E-03
+55.52500E-06 -632.96484882E-03 +245.32663072E-03
+55.55000E-06 +1.70994981488E+00 +72.46231104E-03
+55.57500E-06 -2.12562822266E+00 -466.23115058E-03
+55.60000E-06 +1.38874377200E+00 +558.89446661E-03
+55.62500E-06 -113.36683832E-03 -417.98994497E-03
+55.65000E-06 -1.32261311658E+00 +24.22110543E-03
+55.67500E-06 +1.95557796495E+00 +265.42713309E-03
+55.70000E-06 -1.83276388969E+00 -566.73366204E-03
+55.72500E-06 +632.96484837E-03 +462.41205558E-03
+55.75000E-06 +642.41208531E-03 -221.00502248E-03
+55.77500E-06 -1.71939705137E+00 -172.76381706E-03
+55.80000E-06 +1.88000007259E+00 +426.23115147E-03
+55.82500E-06 -1.23758798728E+00 -538.59295880E-03
+55.85000E-06 -122.81407526E-03 +309.64823807E-03
+55.87500E-06 +1.19035180483E+00 -32.06030086E-03
+55.90000E-06 -1.88944730908E+00 -369.74873955E-03
+55.92500E-06 +1.59658297611E+00 +490.55275882E-03
+55.95000E-06 -557.38695601E-03 -470.25125101E-03
+55.97500E-06 -869.14576240E-03 +116.68341602E-03
+56.00000E-06 +1.56824126665E+00 +168.94472207E-03
+56.02500E-06 -1.74773876084E+00 -466.23115058E-03
+56.05000E-06 +935.27641782E-03 +462.41205558E-03
+56.07500E-06 +188.94473113E-03 -317.48743350E-03
+56.10000E-06 -1.26592969719E+00 -76.28140603E-03
+56.12500E-06 +1.66271363199E+00 +325.72864001E-03
+56.15000E-06 -1.37929653551E+00 -498.39195425E-03
+56.17500E-06 +264.52262304E-03 +369.94974499E-03
+56.20000E-06 +727.43721416E-03 -152.66331469E-03
+56.22500E-06 -1.58713573962E+00 -237.08542441E-03
+56.25000E-06 +1.52100508375E+00 +390.05024736E-03
+56.27500E-06 -784.12063310E-03 -498.39195425E-03
+56.30000E-06 -349.54775235E-03 +181.00502337E-03
+56.32500E-06 +1.19979904132E+00 +64.42211017E-03
+56.35000E-06 -1.58713573962E+00 -365.72863911E-03
+56.37500E-06 +1.08643220255E+00 +426.23115147E-03
+56.40000E-06 -264.52262304E-03 -345.62813674E-03
+56.42500E-06 -878.59299889E-03 +52.36180867E-03
+56.45000E-06 +1.43597995490E+00 +197.08542531E-03
+56.47500E-06 -1.43597995490E+00 -430.05024647E-03
+56.50000E-06 +557.38695601E-03 +333.76884088E-03
+56.52500E-06 +283.41709648E-03 -192.86431924E-03
+56.55000E-06 -1.27537693368E+00 -108.44220971E-03
+56.57500E-06 +1.36040206254E+00 +293.56783633E-03
+56.60000E-06 -1.01085431018E+00 -434.07034690E-03
+56.62500E-06 +28.34170946E-03 +241.30653029E-03
+56.65000E-06 +746.33168714E-03 -56.18090366E-03
+56.67500E-06 -1.43597995490E+00 -297.38693133E-03
+56.70000E-06 +1.21869351430E+00 +333.76884088E-03
+56.72500E-06 -472.36182715E-03 -349.64823718E-03
+56.75000E-06 -510.15077357E-03 +116.68341602E-03
+56.77500E-06 +1.11477391247E+00 +72.46231104E-03
+56.80000E-06 -1.29427140666E+00 -365.72863912E-03
+56.82500E-06 +774.67339661E-03 +333.76884088E-03
+56.85000E-06 +47.23618290E-03 -249.14572572E-03
+56.87500E-06 -888.04023538E-03 -44.12060236E-03
+56.90000E-06 +1.27537693368E+00 +221.20602811E-03
+56.92500E-06 -1.06753772957E+00 -369.74873955E-03
+56.95000E-06 +321.20604243E-03 +273.46733396E-03
+56.97500E-06 +434.57288120E-03 -148.64321426E-03
+57.00000E-06 -1.12422114896E+00 -140.60301339E-03
+57.02500E-06 +1.13366838545E+00 +293.56783633E-03
+57.05000E-06 -699.09550424E-03 -341.60803631E-03
+57.07500E-06 -141.70854824E-03 +152.86432013E-03
+57.10000E-06 +812.46234302E-03 +4.12060325E-03
+57.12500E-06 -1.19979904132E+00 -245.12562528E-03
+57.15000E-06 +840.80405248E-03 +301.60803720E-03
+57.17500E-06 -236.18091358E-03 -277.28642896E-03
+57.20000E-06 -585.72866593E-03 +52.36180867E-03
+57.22500E-06 +973.06536423E-03 +132.76381796E-03
+57.25000E-06 -1.06753772957E+00 -305.42713220E-03
+57.27500E-06 +406.23117127E-03 +241.30653029E-03
+57.30000E-06 +207.83920412E-03 -188.84421880E-03
+57.32500E-06 -897.48747187E-03 -80.30150647E-03
+57.35000E-06 +982.51260072E-03 +201.10552574E-03
+57.37500E-06 -774.67339660E-03 -337.58793588E-03
+57.40000E-06 +28.34170946E-03 +148.84421969E-03
+57.42500E-06 +519.59801006E-03 -60.20100410E-03
+57.45000E-06 -916.38194484E-03 -148.64321426E-03
+57.47500E-06 +850.25128897E-03 +233.26632942E-03
+57.50000E-06 -396.78393479E-03 -281.30652939E-03
+57.52500E-06 -358.99498884E-03 +112.66331558E-03
+57.55000E-06 +736.88445066E-03 +40.30150736E-03
+57.57500E-06 -982.51260072E-03 -241.10552485E-03
+57.60000E-06 +604.62313890E-03 +209.14572661E-03
+57.62500E-06 -94.47236534E-03 -184.82411837E-03
+57.65000E-06 -595.17590242E-03 -11.95979868E-03
+57.67500E-06 +831.35681599E-03 +104.62311472E-03
+57.70000E-06 -765.22616012E-03 -281.30652939E-03
+57.72500E-06 +179.49749418E-03 +205.12562618E-03
+57.75000E-06 +283.41709648E-03 -120.50251101E-03
+57.77500E-06 -821.90957951E-03 -112.46231015E-03
+57.80000E-06 +755.77892363E-03 +172.96482250E-03
+57.82500E-06 -538.49248303E-03 -277.28642896E-03
+57.85000E-06 -66.13065588E-03 +144.82411926E-03
+57.87500E-06 +519.59801006E-03 -52.16080323E-03
+57.90000E-06 -831.35681599E-03 -176.78391750E-03
+57.92500E-06 +614.07037539E-03 +172.96482250E-03
+57.95000E-06 -245.62815006E-03 -212.96482161E-03
+57.97500E-06 -358.99498884E-03 +48.34170823E-03
+58.00000E-06 +670.75379478E-03 +72.46231104E-03
+58.02500E-06 -755.77892363E-03 -216.98492204E-03
+58.05000E-06 +321.20604242E-03 +201.10552574E-03
+58.07500E-06 +56.68341939E-03 -180.80401793E-03
+58.10000E-06 -585.72866593E-03 -48.14070279E-03
+58.12500E-06 +614.07037539E-03 +108.64321515E-03
+58.15000E-06 -614.07037539E-03 -212.96482161E-03
+58.17500E-06 +85.02512885E-03 +144.82411926E-03
+58.20000E-06 +283.41709648E-03 -84.32160690E-03
+58.22500E-06 -670.75379478E-03 -144.62311382E-03
+58.25000E-06 +529.04524654E-03 +144.82411926E-03
+58.27500E-06 -377.88946182E-03 -245.12562528E-03
+58.30000E-06 -207.83920412E-03 +76.48241147E-03
+58.32500E-06 +453.46735418E-03 +36.28140693E-03
+58.35000E-06 -680.20103127E-03 -176.78391750E-03
+58.37500E-06 +453.46735418E-03 +172.96482250E-03
+58.40000E-06 -94.47236533E-03 -148.64321426E-03
+58.42500E-06 -368.44222533E-03 +16.18090456E-03
+58.45000E-06 +529.04524654E-03 +72.46231104E-03
+58.47500E-06 -538.49248303E-03 -237.08542442E-03
+58.50000E-06 +160.60302121E-03 +136.78391839E-03
+58.52500E-06 +141.70854824E-03 -92.36180777E-03
+58.55000E-06 -519.59801006E-03 -48.14070280E-03
+58.57500E-06 +462.91459066E-03 +104.62311472E-03
+58.60000E-06 -387.33669830E-03 -208.94472117E-03
+58.62500E-06 -56.68341940E-03 +104.62311472E-03
+58.65000E-06 +226.73367709E-03 -52.16080323E-03
+58.67500E-06 -529.04524654E-03 -140.60301339E-03
+58.70000E-06 +453.46735418E-03 +136.78391839E-03
+58.72500E-06 -160.60302121E-03 -152.66331469E-03
+58.75000E-06 -226.73367709E-03 +16.18090456E-03
+58.77500E-06 +444.02011769E-03 +40.30150737E-03
+58.80000E-06 -529.04524654E-03 -176.78391750E-03
+58.82500E-06 +236.18091357E-03 +108.64321515E-03
+58.85000E-06 -75.57789236E-03 -116.48241058E-03
+58.87500E-06 -377.88946182E-03 -15.97989912E-03
+58.90000E-06 +387.33669830E-03 +72.46231104E-03
+58.92500E-06 -387.33669830E-03 -152.66331469E-03
+58.95000E-06 +85.02512885E-03 +80.50251191E-03
+58.97500E-06 +141.70854824E-03 -56.18090366E-03
+59.00000E-06 -444.02011770E-03 -80.30150647E-03
+59.02500E-06 +377.88946182E-03 +132.76381796E-03
+59.05000E-06 -302.31156945E-03 -148.64321426E-03
+59.07500E-06 -141.70854824E-03 -11.95979869E-03
+59.10000E-06 +292.86433297E-03 -24.02009999E-03
+59.12500E-06 -453.46735418E-03 -116.48241058E-03
+59.15000E-06 +236.18091357E-03 +80.50251191E-03
+59.17500E-06 -151.15578473E-03 -116.48241058E-03
+59.20000E-06 -226.73367709E-03 -11.95979869E-03
+59.22500E-06 +302.31156945E-03 +36.28140693E-03
+59.25000E-06 -377.88946182E-03 -116.48241058E-03
+59.27500E-06 +151.15578473E-03 +48.34170823E-03
+59.30000E-06 -9.44723648E-03 -60.20100409E-03
+59.32500E-06 -368.44222533E-03 -52.16080323E-03
+59.35000E-06 +302.31156945E-03 +44.32160780E-03
+59.37500E-06 -302.31156945E-03 -120.50251101E-03
+59.40000E-06 +9.44723648E-03 +48.34170823E-03
+59.42500E-06 +217.28644061E-03 -19.99999955E-03
+59.45000E-06 -377.88946182E-03 -80.30150647E-03
+59.47500E-06 +302.31156945E-03 +76.48241147E-03
+59.50000E-06 -160.60302121E-03 -120.50251101E-03
+59.52500E-06 -141.70854824E-03 +40.30150737E-03
+59.55000E-06 +283.41709649E-03 +8.14070369E-03
+59.57500E-06 -368.44222533E-03 -112.46231015E-03
+59.60000E-06 +151.15578473E-03 +76.48241147E-03
+59.62500E-06 -75.57789236E-03 -88.34170734E-03
+59.65000E-06 -292.86433297E-03 +12.16080412E-03
+59.67500E-06 +226.73367709E-03 +12.16080412E-03
+59.70000E-06 -302.31156945E-03 -116.48241058E-03
+59.72500E-06 +9.44723648E-03 +72.46231104E-03
+59.75000E-06 +66.13065588E-03 -52.16080323E-03
+59.77500E-06 -302.31156945E-03 -48.14070280E-03
+59.80000E-06 +160.60302121E-03 +44.32160780E-03
+59.82500E-06 -226.73367709E-03 -88.34170734E-03
+59.85000E-06 -66.13065588E-03 +44.32160780E-03
+59.87500E-06 +141.70854824E-03 -52.16080323E-03
+59.90000E-06 -236.18091357E-03 -84.32160690E-03
+59.92500E-06 +160.60302121E-03 +76.48241147E-03
+59.95000E-06 -151.15578473E-03 -88.34170734E-03
+59.97500E-06 -141.70854824E-03 -19.99999955E-03
+60.00000E-06 +151.15578473E-03 +8.14070369E-03
+60.02500E-06 -302.31156945E-03 -84.32160690E-03
+60.05000E-06 +75.57789236E-03 +76.48241147E-03
+60.07500E-06 -9.44723648E-03 -108.44220972E-03
+60.10000E-06 -217.28644061E-03 -48.14070280E-03
+60.12500E-06 +160.60302121E-03 +40.30150737E-03
+60.15000E-06 -292.86433297E-03 -84.32160690E-03
+60.17500E-06 +0.0E+00 +44.32160780E-03
+60.20000E-06 +141.70854825E-03 -52.16080323E-03
+60.22500E-06 -236.18091357E-03 -76.28140604E-03
+60.25000E-06 +151.15578473E-03 +40.30150737E-03
+60.27500E-06 -151.15578473E-03 -116.48241058E-03
+60.30000E-06 -75.57789236E-03 +12.16080412E-03
+60.32500E-06 +151.15578473E-03 +8.14070369E-03
+60.35000E-06 -226.73367709E-03 -52.16080323E-03
+60.37500E-06 +75.57789236E-03 +44.32160780E-03
+60.40000E-06 -9.44723648E-03 -80.30150647E-03
+60.42500E-06 -141.70854825E-03 -52.16080323E-03
+60.45000E-06 +151.15578473E-03 +8.14070369E-03
+60.47500E-06 -160.60302121E-03 -84.32160690E-03
+60.50000E-06 +9.44723648E-03 +8.14070369E-03
+60.52500E-06 +66.13065588E-03 -52.16080323E-03
+60.55000E-06 -151.15578473E-03 -19.99999955E-03
+60.57500E-06 +75.57789236E-03 +12.16080412E-03
+60.60000E-06 -160.60302121E-03 -80.30150647E-03
+60.62500E-06 -75.57789236E-03 +12.16080412E-03
+60.65000E-06 +75.57789236E-03 -19.99999955E-03
+60.67500E-06 -226.73367709E-03 -80.30150647E-03
+60.70000E-06 +75.57789236E-03 +12.16080412E-03
+60.72500E-06 -75.57789236E-03 -52.16080323E-03
+60.75000E-06 -141.70854825E-03 -15.97989912E-03
+60.77500E-06 +66.13065588E-03 -19.99999955E-03
+60.80000E-06 -226.73367709E-03 -80.30150647E-03
+60.82500E-06 +75.57789236E-03 -11.95979869E-03
+60.85000E-06 +0.0E+00 -52.16080323E-03
+60.87500E-06 -151.15578473E-03 -48.14070280E-03
+60.90000E-06 +75.57789236E-03 -19.99999955E-03
+60.92500E-06 -160.60302121E-03 -56.18090366E-03
+60.95000E-06 +0.0E+00 +16.18090455E-03
+60.97500E-06 +0.0E+00 -19.99999955E-03
+61.00000E-06 -226.73367709E-03 -52.16080323E-03
+61.02500E-06 +75.57789236E-03 -19.99999955E-03
+61.05000E-06 -141.70854825E-03 -56.18090366E-03
+61.07500E-06 +0.0E+00 -44.12060237E-03
+61.10000E-06 +141.70854825E-03 +4.12060326E-03
+61.12500E-06 -217.28644061E-03 -52.16080323E-03
+61.15000E-06 +9.44723648E-03 +16.18090455E-03
+61.17500E-06 -75.57789236E-03 -56.18090366E-03
+61.20000E-06 -75.57789236E-03 -19.99999955E-03
+61.22500E-06 +75.57789236E-03 -19.99999955E-03
+61.25000E-06 -151.15578473E-03 -52.16080323E-03
+61.27500E-06 +0.0E+00 -19.99999955E-03
+61.30000E-06 +0.0E+00 -52.16080323E-03
+61.32500E-06 -141.70854825E-03 -56.18090366E-03
+61.35000E-06 +66.13065588E-03 +12.16080412E-03
+61.37500E-06 -151.15578473E-03 -52.16080323E-03
+61.40000E-06 +0.0E+00 +16.18090455E-03
+61.42500E-06 +66.13065588E-03 -19.99999955E-03
+61.45000E-06 -151.15578473E-03 -19.99999955E-03
+61.47500E-06 +66.13065588E-03 -15.97989912E-03
+61.50000E-06 -75.57789236E-03 -56.18090366E-03
+61.52500E-06 -75.57789236E-03 -19.99999955E-03
+61.55000E-06 +9.44723648E-03 -19.99999955E-03
+61.57500E-06 -151.15578473E-03 -48.14070280E-03
+61.60000E-06 +66.13065588E-03 +12.16080412E-03
+61.62500E-06 -75.57789236E-03 -52.16080323E-03
+61.65000E-06 -75.57789236E-03 -19.99999955E-03
+61.67500E-06 +66.13065588E-03 -15.97989912E-03
+61.70000E-06 -151.15578473E-03 -80.30150647E-03
+61.72500E-06 +0.0E+00 -15.97989912E-03
+61.75000E-06 -75.57789236E-03 -19.99999955E-03
+61.77500E-06 -66.13065588E-03 -48.14070280E-03
+61.80000E-06 +66.13065588E-03 -19.99999955E-03
+61.82500E-06 -75.57789236E-03 -24.02009998E-03
+61.85000E-06 -66.13065588E-03 +8.14070369E-03
+61.87500E-06 +0.0E+00 -19.99999955E-03
+61.90000E-06 -85.02512884E-03 -52.16080323E-03
+61.92500E-06 +0.0E+00 -15.97989912E-03
+61.95000E-06 -75.57789236E-03 -19.99999955E-03
+61.97500E-06 -141.70854825E-03 +8.14070369E-03
+62.00000E-06 -9.44723648E-03 +8.14070369E-03
+62.02500E-06 -141.70854825E-03 -19.99999955E-03
+62.05000E-06 +0.0E+00 +8.14070369E-03
+62.07500E-06 -75.57789236E-03 -48.14070280E-03
+62.10000E-06 -75.57789236E-03 -24.02009998E-03
+62.12500E-06 +9.44723648E-03 +8.14070369E-03
+62.15000E-06 -75.57789236E-03 -24.02009998E-03
+62.17500E-06 -75.57789236E-03 -19.99999955E-03
+62.20000E-06 +0.0E+00 -48.14070280E-03
+62.22500E-06 -75.57789236E-03 -19.99999955E-03
+62.25000E-06 +0.0E+00 -19.99999955E-03
+62.27500E-06 -75.57789236E-03 -48.14070280E-03
+62.30000E-06 -9.44723648E-03 -52.16080323E-03
+62.32500E-06 +0.0E+00 -19.99999955E-03
+62.35000E-06 -75.57789236E-03 -19.99999955E-03
+62.37500E-06 +0.0E+00 -15.97989912E-03
+62.40000E-06 -9.44723648E-03 -52.16080323E-03
+62.42500E-06 -75.57789236E-03 -52.16080323E-03
+62.45000E-06 -9.44723648E-03 -24.02009998E-03
+62.47500E-06 -75.57789236E-03 -48.14070280E-03
+62.50000E-06 -9.44723648E-03 -24.02009998E-03
+62.52500E-06 +0.0E+00 -19.99999955E-03
+62.55000E-06 -75.57789236E-03 -19.99999955E-03
+62.57500E-06 -75.57789236E-03 -19.99999955E-03
+62.60000E-06 -75.57789236E-03 -19.99999955E-03
+62.62500E-06 -66.13065589E-03 -19.99999955E-03
+62.65000E-06 -75.57789236E-03 -24.02009998E-03
+62.67500E-06 -75.57789236E-03 -48.14070280E-03
+62.70000E-06 +0.0E+00 -19.99999955E-03
+62.72500E-06 -75.57789236E-03 -19.99999955E-03
+62.75000E-06 -66.13065589E-03 -19.99999955E-03
+62.77500E-06 -9.44723648E-03 -19.99999955E-03
+62.80000E-06 -18.89447295E-03 -19.99999955E-03
+62.82500E-06 -66.13065589E-03 -19.99999955E-03
+62.85000E-06 -75.57789236E-03 -52.16080323E-03
+62.87500E-06 -75.57789236E-03 -19.99999955E-03
+62.90000E-06 +0.0E+00 +4.12060326E-03
+62.92500E-06 -75.57789236E-03 -24.02009998E-03
+62.95000E-06 -66.13065589E-03 -19.99999955E-03
+62.97500E-06 -66.13065589E-03 -52.16080323E-03
+63.00000E-06 -75.57789236E-03 -24.02009998E-03
+63.02500E-06 -9.44723648E-03 -19.99999955E-03
+63.05000E-06 -75.57789236E-03 -19.99999955E-03
+63.07500E-06 -75.57789236E-03 -19.99999955E-03
+63.10000E-06 +0.0E+00 -24.02009998E-03
+63.12500E-06 +0.0E+00 -19.99999955E-03
+63.15000E-06 -66.13065589E-03 -19.99999955E-03
+63.17500E-06 -75.57789236E-03 -48.14070280E-03
+63.20000E-06 -75.57789236E-03 -19.99999955E-03
+63.22500E-06 +66.13065589E-03 -19.99999955E-03
+63.25000E-06 -9.44723648E-03 -52.16080323E-03
+63.27500E-06 +0.0E+00 -48.14070280E-03
+63.30000E-06 -66.13065589E-03 -52.16080323E-03
+63.32500E-06 -66.13065589E-03 -19.99999955E-03
+63.35000E-06 -66.13065589E-03 -15.97989912E-03
+63.37500E-06 -75.57789236E-03 -24.02009998E-03
+63.40000E-06 -9.44723648E-03 -19.99999955E-03
+63.42500E-06 -66.13065589E-03 -19.99999955E-03
+63.45000E-06 -75.57789236E-03 -24.02009998E-03
+63.47500E-06 -9.44723648E-03 -15.97989912E-03
+63.50000E-06 -66.13065589E-03 -24.02009998E-03
+63.52500E-06 -75.57789236E-03 -19.99999955E-03
+63.55000E-06 -66.13065589E-03 -15.97989912E-03
+63.57500E-06 -75.57789236E-03 -24.02009998E-03
+63.60000E-06 -9.44723648E-03 -19.99999955E-03
+63.62500E-06 -75.57789236E-03 -28.04020041E-03
+63.65000E-06 -75.57789236E-03 -52.16080323E-03
+63.67500E-06 +0.0E+00 -48.14070280E-03
+63.70000E-06 -9.44723647E-03 -24.02009998E-03
+63.72500E-06 +0.0E+00 -19.99999955E-03
+63.75000E-06 -75.57789236E-03 -15.97989912E-03
+63.77500E-06 -141.70854825E-03 -48.14070280E-03
+63.80000E-06 -9.44723647E-03 -19.99999955E-03
+63.82500E-06 -75.57789236E-03 -24.02009998E-03
+63.85000E-06 -75.57789236E-03 -19.99999955E-03
+63.87500E-06 -9.44723647E-03 -48.14070280E-03
+63.90000E-06 +0.0E+00 -52.16080323E-03
+63.92500E-06 +0.0E+00 +8.14070369E-03
+63.95000E-06 -75.57789236E-03 -19.99999955E-03
+63.97500E-06 -75.57789236E-03 -19.99999955E-03
+64.00000E-06 +0.0E+00 -19.99999955E-03
+64.02500E-06 -75.57789236E-03 -24.02009998E-03
+64.05000E-06 +0.0E+00 -19.99999955E-03
+64.07500E-06 +0.0E+00 -48.14070280E-03
+64.10000E-06 -9.44723647E-03 -24.02009998E-03
+64.12500E-06 -66.13065589E-03 -19.99999955E-03
+64.15000E-06 -9.44723647E-03 -24.02009998E-03
+64.17500E-06 -75.57789236E-03 +8.14070369E-03
+64.20000E-06 +0.0E+00 -48.14070280E-03
+64.22500E-06 -75.57789236E-03 -19.99999955E-03
+64.25000E-06 -66.13065589E-03 -19.99999955E-03
+64.27500E-06 -9.44723647E-03 -48.14070280E-03
+64.30000E-06 +0.0E+00 -24.02009998E-03
+64.32500E-06 +0.0E+00 -19.99999955E-03
+64.35000E-06 -75.57789236E-03 -19.99999955E-03
+64.37500E-06 -75.57789236E-03 -19.99999955E-03
+64.40000E-06 -75.57789236E-03 -48.14070280E-03
+64.42500E-06 -75.57789236E-03 -19.99999955E-03
+64.45000E-06 -66.13065589E-03 -19.99999955E-03
+64.47500E-06 -9.44723647E-03 -19.99999955E-03
+64.50000E-06 -66.13065589E-03 -19.99999955E-03
+64.52500E-06 -66.13065589E-03 -24.02009998E-03
+64.55000E-06 -75.57789236E-03 -19.99999955E-03
+64.57500E-06 +0.0E+00 -19.99999955E-03
+64.60000E-06 -9.44723647E-03 -19.99999955E-03
+64.62500E-06 -66.13065589E-03 -24.02009998E-03
+64.65000E-06 -9.44723647E-03 -19.99999955E-03
+64.67500E-06 -9.44723647E-03 -52.16080323E-03
+64.70000E-06 +0.0E+00 -24.02009998E-03
+64.72500E-06 -66.13065589E-03 -24.02009998E-03
+64.75000E-06 +0.0E+00 -19.99999955E-03
+64.77500E-06 -75.57789236E-03 -19.99999955E-03
+64.80000E-06 -66.13065589E-03 -48.14070280E-03
+64.82500E-06 +0.0E+00 -24.02009998E-03
+64.85000E-06 -75.57789236E-03 -52.16080323E-03
+64.87500E-06 -75.57789236E-03 -19.99999955E-03
+64.90000E-06 -9.44723647E-03 -24.02009998E-03
+64.92500E-06 -75.57789236E-03 -19.99999955E-03
+64.95000E-06 -66.13065589E-03 -19.99999955E-03
+64.97500E-06 -141.70854825E-03 -19.99999955E-03
+65.00000E-06 -9.44723647E-03 -24.02009998E-03
+65.02500E-06 -66.13065589E-03 -19.99999955E-03
+65.05000E-06 -75.57789236E-03 -19.99999955E-03
+65.07500E-06 -9.44723647E-03 -52.16080323E-03
+65.10000E-06 +0.0E+00 -56.18090366E-03
+65.12500E-06 -75.57789236E-03 -19.99999955E-03
+65.15000E-06 -75.57789236E-03 -19.99999955E-03
+65.17500E-06 -75.57789236E-03 +8.14070369E-03
+65.20000E-06 +0.0E+00 -19.99999955E-03
+65.22500E-06 -66.13065589E-03 +8.14070369E-03
+65.25000E-06 -66.13065589E-03 -19.99999955E-03
+65.27500E-06 -9.44723647E-03 -48.14070280E-03
+65.30000E-06 -66.13065589E-03 -52.16080323E-03
+65.32500E-06 -66.13065589E-03 -19.99999955E-03
+65.35000E-06 -75.57789236E-03 -19.99999955E-03
+65.37500E-06 -75.57789236E-03 -19.99999955E-03
+65.40000E-06 +0.0E+00 -19.99999955E-03
+65.42500E-06 -75.57789236E-03 -24.02009998E-03
+65.45000E-06 -9.44723647E-03 -19.99999955E-03
+65.47500E-06 -75.57789236E-03 -48.14070280E-03
+65.50000E-06 +0.0E+00 -24.02009998E-03
+65.52500E-06 +0.0E+00 -19.99999955E-03
+65.55000E-06 -75.57789236E-03 -19.99999955E-03
+65.57500E-06 -75.57789236E-03 -19.99999955E-03
+65.60000E-06 -9.44723647E-03 -19.99999955E-03
+65.62500E-06 -75.57789236E-03 -24.02009998E-03
+65.65000E-06 -75.57789236E-03 +8.14070369E-03
+65.67500E-06 -9.44723647E-03 -48.14070280E-03
+65.70000E-06 -9.44723647E-03 -24.02009998E-03
+65.72500E-06 -66.13065589E-03 +8.14070369E-03
+65.75000E-06 -75.57789236E-03 -15.97989912E-03
+65.77500E-06 -9.44723647E-03 -48.14070280E-03
+65.80000E-06 -75.57789236E-03 -19.99999955E-03
+65.82500E-06 -9.44723647E-03 -19.99999955E-03
+65.85000E-06 -75.57789236E-03 -19.99999955E-03
+65.87500E-06 -9.44723647E-03 -52.16080323E-03
+65.90000E-06 +0.0E+00 -52.16080323E-03
+65.92500E-06 -66.13065589E-03 -24.02009998E-03
+65.95000E-06 +0.0E+00 -19.99999955E-03
+65.97500E-06 -66.13065589E-03 -19.99999955E-03
+66.00000E-06 +0.0E+00 -19.99999955E-03
+66.02500E-06 -66.13065589E-03 -24.02009998E-03
+66.05000E-06 -75.57789236E-03 -19.99999955E-03
+66.07500E-06 -9.44723647E-03 -48.14070280E-03
+66.10000E-06 +0.0E+00 -24.02009998E-03
+66.12500E-06 -66.13065589E-03 -24.02009998E-03
+66.15000E-06 +0.0E+00 -19.99999955E-03
+66.17500E-06 -66.13065589E-03 -19.99999955E-03
+66.20000E-06 -18.89447294E-03 -48.14070280E-03
+66.22500E-06 -75.57789236E-03 -24.02009998E-03
+66.25000E-06 -66.13065589E-03 -19.99999955E-03
+66.27500E-06 -9.44723647E-03 -48.14070280E-03
+66.30000E-06 +0.0E+00 -52.16080323E-03
+66.32500E-06 -66.13065589E-03 -24.02009998E-03
+66.35000E-06 -75.57789236E-03 -15.97989913E-03
+66.37500E-06 -75.57789236E-03 -48.14070280E-03
+66.40000E-06 -9.44723647E-03 -52.16080323E-03
+66.42500E-06 +0.0E+00 -19.99999955E-03
+66.45000E-06 -66.13065589E-03 -19.99999955E-03
+66.47500E-06 -9.44723647E-03 -76.28140605E-03
+66.50000E-06 +0.0E+00 -24.02009998E-03
+66.52500E-06 -66.13065589E-03 -19.99999955E-03
+66.55000E-06 -66.13065589E-03 -19.99999955E-03
+66.57500E-06 -75.57789236E-03 -19.99999955E-03
+66.60000E-06 -75.57789236E-03 -19.99999955E-03
+66.62500E-06 -66.13065589E-03 -19.99999955E-03
+66.65000E-06 +0.0E+00 -19.99999955E-03
+66.67500E-06 -9.44723647E-03 -48.14070280E-03
+66.70000E-06 +0.0E+00 -28.04020041E-03
+66.72500E-06 -66.13065589E-03 -24.02009998E-03
+66.75000E-06 -75.57789236E-03 -19.99999955E-03
+66.77500E-06 -141.70854826E-03 -19.99999955E-03
+66.80000E-06 -9.44723647E-03 -19.99999955E-03
+66.82500E-06 +0.0E+00 -19.99999955E-03
+66.85000E-06 -9.44723647E-03 -19.99999955E-03
+66.87500E-06 -9.44723647E-03 -48.14070280E-03
+66.90000E-06 +0.0E+00 -24.02009998E-03
+66.92500E-06 -9.44723647E-03 -19.99999955E-03
+66.95000E-06 -75.57789236E-03 -19.99999955E-03
+66.97500E-06 -75.57789236E-03 -19.99999955E-03
+67.00000E-06 -18.89447294E-03 -48.14070280E-03
+67.02500E-06 -9.44723647E-03 -19.99999955E-03
+67.05000E-06 -75.57789236E-03 -24.02009998E-03
+67.07500E-06 -9.44723647E-03 -48.14070280E-03
+67.10000E-06 -66.13065589E-03 -24.02009998E-03
+67.12500E-06 -66.13065589E-03 -48.14070280E-03
+67.15000E-06 +0.0E+00 -48.14070280E-03
+67.17500E-06 -75.57789236E-03 -19.99999955E-03
+67.20000E-06 +0.0E+00 -48.14070280E-03
+67.22500E-06 -66.13065589E-03 -19.99999955E-03
+67.25000E-06 -66.13065589E-03 -19.99999955E-03
+67.27500E-06 -75.57789236E-03 -48.14070280E-03
+67.30000E-06 +0.0E+00 -28.04020041E-03
+67.32500E-06 -66.13065589E-03 -19.99999955E-03
+67.35000E-06 -75.57789236E-03 -52.16080323E-03
+67.37500E-06 -75.57789236E-03 -19.99999955E-03
+67.40000E-06 -9.44723647E-03 -48.14070280E-03
+67.42500E-06 +0.0E+00 -19.99999955E-03
+67.45000E-06 -9.44723647E-03 -19.99999955E-03
+67.47500E-06 -9.44723647E-03 -48.14070280E-03
+67.50000E-06 +0.0E+00 +4.12060327E-03
+67.52500E-06 +0.0E+00 -24.02009998E-03
+67.55000E-06 -9.44723647E-03 -48.14070280E-03
+67.57500E-06 -75.57789236E-03 -19.99999955E-03
+67.60000E-06 -9.44723647E-03 +12.16080412E-03
+67.62500E-06 -66.13065589E-03 -24.02009998E-03
+67.65000E-06 -75.57789236E-03 -19.99999955E-03
+67.67500E-06 -9.44723647E-03 -48.14070280E-03
+67.70000E-06 -9.44723647E-03 -24.02009998E-03
+67.72500E-06 -66.13065590E-03 -19.99999955E-03
+67.75000E-06 -66.13065590E-03 -19.99999955E-03
+67.77500E-06 -75.57789236E-03 -19.99999955E-03
+67.80000E-06 -75.57789236E-03 -24.02009998E-03
+67.82500E-06 -75.57789236E-03 -19.99999955E-03
+67.85000E-06 -66.13065590E-03 -48.14070280E-03
+67.87500E-06 -9.44723647E-03 -48.14070280E-03
+67.90000E-06 -9.44723647E-03 -24.02009998E-03
+67.92500E-06 -9.44723647E-03 -19.99999955E-03
+67.95000E-06 -75.57789236E-03 -19.99999955E-03
+67.97500E-06 -75.57789236E-03 -19.99999955E-03
+68.00000E-06 +0.0E+00 -19.99999955E-03
+68.02500E-06 -66.13065590E-03 -24.02009998E-03
+68.05000E-06 -66.13065590E-03 -19.99999955E-03
+68.07500E-06 -9.44723647E-03 -76.28140605E-03
+68.10000E-06 -66.13065590E-03 -24.02009998E-03
+68.12500E-06 -9.44723647E-03 -19.99999955E-03
+68.15000E-06 +0.0E+00 -48.14070280E-03
+68.17500E-06 -75.57789236E-03 -19.99999955E-03
+68.20000E-06 -66.13065590E-03 -48.14070280E-03
+68.22500E-06 -66.13065590E-03 -48.14070280E-03
+68.25000E-06 -75.57789236E-03 -15.97989913E-03
+68.27500E-06 -9.44723647E-03 -48.14070280E-03
+68.30000E-06 -9.44723647E-03 -19.99999955E-03
+68.32500E-06 -75.57789236E-03 -19.99999955E-03
+68.35000E-06 -75.57789236E-03 -19.99999955E-03
+68.37500E-06 -9.44723647E-03 -19.99999955E-03
+68.40000E-06 -9.44723647E-03 -19.99999955E-03
+68.42500E-06 -9.44723647E-03 -19.99999955E-03
+68.45000E-06 -75.57789236E-03 -19.99999955E-03
+68.47500E-06 -9.44723647E-03 -76.28140605E-03
+68.50000E-06 -66.13065590E-03 -56.18090365E-03
+68.52500E-06 -9.44723647E-03 -19.99999955E-03
+68.55000E-06 +0.0E+00 -19.99999955E-03
+68.57500E-06 -75.57789236E-03 -19.99999955E-03
+68.60000E-06 -9.44723647E-03 -48.14070280E-03
+68.62500E-06 +0.0E+00 -19.99999955E-03
+68.65000E-06 -9.44723647E-03 -52.16080323E-03
+68.67500E-06 -9.44723647E-03 -48.14070280E-03
+68.70000E-06 +0.0E+00 -19.99999955E-03
+68.72500E-06 -66.13065590E-03 -19.99999955E-03
+68.75000E-06 -56.68341943E-03 -19.99999955E-03
+68.77500E-06 -66.13065590E-03 -19.99999955E-03
+68.80000E-06 +0.0E+00 -19.99999955E-03
+68.82500E-06 +0.0E+00 -19.99999955E-03
+68.85000E-06 +0.0E+00 -19.99999955E-03
+68.87500E-06 -9.44723647E-03 -48.14070280E-03
+68.90000E-06 +0.0E+00 -24.02009998E-03
+68.92500E-06 +0.0E+00 -19.99999955E-03
+68.95000E-06 -9.44723647E-03 -19.99999955E-03
+68.97500E-06 -75.57789236E-03 -19.99999955E-03
+69.00000E-06 -75.57789236E-03 -19.99999955E-03
+69.02500E-06 -75.57789236E-03 -24.02009998E-03
+69.05000E-06 -75.57789236E-03 +8.14070370E-03
+69.07500E-06 -66.13065590E-03 -52.16080323E-03
+69.10000E-06 -66.13065590E-03 -52.16080323E-03
+69.12500E-06 -66.13065590E-03 -24.02009998E-03
+69.15000E-06 -75.57789236E-03 -19.99999955E-03
+69.17500E-06 -75.57789236E-03 -19.99999955E-03
+69.20000E-06 +0.0E+00 -76.28140605E-03
+69.22500E-06 -66.13065590E-03 -19.99999955E-03
+69.25000E-06 -75.57789236E-03 -19.99999955E-03
+69.27500E-06 -9.44723647E-03 -19.99999955E-03
+69.30000E-06 -9.44723647E-03 +8.14070370E-03
+69.32500E-06 +0.0E+00 -19.99999955E-03
+69.35000E-06 -75.57789236E-03 -19.99999955E-03
+69.37500E-06 -75.57789236E-03 -52.16080323E-03
+69.40000E-06 -9.44723647E-03 -19.99999955E-03
+69.42500E-06 -9.44723647E-03 -48.14070280E-03
+69.45000E-06 -9.44723646E-03 -48.14070280E-03
+69.47500E-06 -9.44723646E-03 -48.14070280E-03
+69.50000E-06 -75.57789236E-03 -19.99999955E-03
+69.52500E-06 -66.13065590E-03 -19.99999955E-03
+69.55000E-06 -75.57789236E-03 -19.99999955E-03
+69.57500E-06 -75.57789236E-03 -19.99999955E-03
+69.60000E-06 -9.44723646E-03 -15.97989913E-03
+69.62500E-06 -75.57789236E-03 -19.99999955E-03
+69.65000E-06 -75.57789236E-03 -19.99999955E-03
+69.67500E-06 -75.57789236E-03 -48.14070280E-03
+69.70000E-06 +0.0E+00 -52.16080323E-03
+69.72500E-06 -75.57789236E-03 -19.99999955E-03
+69.75000E-06 -75.57789236E-03 -19.99999955E-03
+69.77500E-06 -9.44723646E-03 -48.14070280E-03
+69.80000E-06 -75.57789236E-03 -19.99999955E-03
+69.82500E-06 -75.57789236E-03 -24.02009998E-03
+69.85000E-06 -75.57789236E-03 -19.99999955E-03
+69.87500E-06 -75.57789236E-03 -76.28140605E-03
+69.90000E-06 +0.0E+00 -24.02009998E-03
+69.92500E-06 -66.13065590E-03 -24.02009998E-03
+69.95000E-06 -75.57789236E-03 -19.99999955E-03
+69.97500E-06 -9.44723646E-03 -15.97989913E-03
+70.00000E-06 -9.44723646E-03 -48.14070280E-03
+70.02500E-06 -66.13065590E-03 -24.02009998E-03
+70.05000E-06 -66.13065590E-03 -19.99999955E-03
+70.07500E-06 -75.57789236E-03 -48.14070280E-03
+70.10000E-06 -9.44723646E-03 -52.16080323E-03
+70.12500E-06 -75.57789236E-03 -19.99999955E-03
+70.15000E-06 -66.13065590E-03 -19.99999955E-03
+70.17500E-06 -75.57789236E-03 -52.16080323E-03
+70.20000E-06 -75.57789236E-03 -19.99999955E-03
+70.22500E-06 +0.0E+00 -24.02009998E-03
+70.25000E-06 -75.57789236E-03 -19.99999955E-03
+70.27500E-06 +0.0E+00 -52.16080323E-03
+70.30000E-06 +0.0E+00 -24.02009998E-03
+70.32500E-06 -66.13065590E-03 -19.99999955E-03
+70.35000E-06 +0.0E+00 -19.99999955E-03
+70.37500E-06 -75.57789236E-03 +8.14070370E-03
+70.40000E-06 -9.44723646E-03 -19.99999955E-03
+70.42500E-06 +0.0E+00 -19.99999955E-03
+70.45000E-06 -75.57789236E-03 -19.99999955E-03
+70.47500E-06 +0.0E+00 -48.14070280E-03
+70.50000E-06 +0.0E+00 -24.02009998E-03
+70.52500E-06 -66.13065590E-03 -52.16080323E-03
+70.55000E-06 +0.0E+00 -19.99999955E-03
+70.57500E-06 -75.57789236E-03 -19.99999955E-03
+70.60000E-06 -9.44723646E-03 -19.99999955E-03
+70.62500E-06 +0.0E+00 -24.02009998E-03
+70.65000E-06 -66.13065590E-03 -19.99999955E-03
+70.67500E-06 -9.44723646E-03 -48.14070280E-03
+70.70000E-06 -75.57789236E-03 -52.16080323E-03
+70.72500E-06 -66.13065590E-03 -19.99999955E-03
+70.75000E-06 -66.13065590E-03 -19.99999955E-03
+70.77500E-06 -66.13065590E-03 +8.14070370E-03
+70.80000E-06 -75.57789236E-03 -15.97989913E-03
+70.82500E-06 -66.13065590E-03 -52.16080323E-03
+70.85000E-06 -75.57789236E-03 -19.99999955E-03
+70.87500E-06 -75.57789236E-03 -52.16080323E-03
+70.90000E-06 +0.0E+00 -19.99999955E-03
+70.92500E-06 -9.44723646E-03 -24.02009998E-03
+70.95000E-06 -75.57789236E-03 -19.99999955E-03
+70.97500E-06 -9.44723646E-03 -19.99999955E-03
+71.00000E-06 +0.0E+00 -19.99999955E-03
+71.02500E-06 +0.0E+00 -19.99999955E-03
+71.05000E-06 -75.57789236E-03 -19.99999955E-03
+71.07500E-06 -75.57789236E-03 -52.16080323E-03
+71.10000E-06 +0.0E+00 -24.02009998E-03
+71.12500E-06 -9.44723646E-03 -19.99999955E-03
+71.15000E-06 -75.57789236E-03 -15.97989913E-03
+71.17500E-06 -9.44723646E-03 +8.14070370E-03
+71.20000E-06 -9.44723646E-03 -48.14070280E-03
+71.22500E-06 -9.44723646E-03 -24.02009998E-03
+71.25000E-06 -66.13065590E-03 -24.02009998E-03
+71.27500E-06 +0.0E+00 -48.14070280E-03
+71.30000E-06 +0.0E+00 -52.16080323E-03
+71.32500E-06 -75.57789236E-03 -19.99999955E-03
+71.35000E-06 -66.13065590E-03 +8.14070370E-03
+71.37500E-06 -66.13065590E-03 -19.99999955E-03
+71.40000E-06 -75.57789236E-03 -19.99999955E-03
+71.42500E-06 -66.13065590E-03 -19.99999955E-03
+71.45000E-06 -66.13065590E-03 -19.99999955E-03
+71.47500E-06 -9.44723646E-03 -48.14070281E-03
+71.50000E-06 -75.57789236E-03 -56.18090365E-03
+71.52500E-06 -9.44723646E-03 -52.16080323E-03
+71.55000E-06 -75.57789236E-03 -19.99999955E-03
+71.57500E-06 -75.57789236E-03 -48.14070281E-03
+71.60000E-06 -75.57789236E-03 -52.16080323E-03
+71.62500E-06 -66.13065590E-03 -24.02009998E-03
+71.65000E-06 -75.57789236E-03 -19.99999955E-03
+71.67500E-06 -18.89447292E-03 -48.14070281E-03
+71.70000E-06 -75.57789236E-03 -24.02009998E-03
+71.72500E-06 -66.13065590E-03 -24.02009998E-03
+71.75000E-06 -9.44723646E-03 -15.97989913E-03
+71.77500E-06 -66.13065590E-03 +8.14070370E-03
+71.80000E-06 +0.0E+00 -19.99999955E-03
+71.82500E-06 +0.0E+00 -19.99999955E-03
+71.85000E-06 -9.44723646E-03 -19.99999955E-03
+71.87500E-06 -75.57789236E-03 -52.16080323E-03
+71.90000E-06 +0.0E+00 -24.02009998E-03
+71.92500E-06 -75.57789236E-03 -24.02009998E-03
+71.95000E-06 -66.13065590E-03 -19.99999955E-03
+71.97500E-06 +0.0E+00 -19.99999955E-03
+72.00000E-06 +0.0E+00 -19.99999955E-03
+72.02500E-06 +0.0E+00 -19.99999955E-03
+72.05000E-06 -66.13065590E-03 -19.99999955E-03
+72.07500E-06 -9.44723646E-03 -19.99999955E-03
+72.10000E-06 +0.0E+00 -24.02009998E-03
+72.12500E-06 -66.13065590E-03 +8.14070370E-03
+72.15000E-06 -66.13065590E-03 -19.99999955E-03
+72.17500E-06 -141.70854827E-03 +8.14070370E-03
+72.20000E-06 +0.0E+00 -24.02009998E-03
+72.22500E-06 -66.13065590E-03 -19.99999955E-03
+72.25000E-06 -75.57789236E-03 -19.99999955E-03
+72.27500E-06 -66.13065590E-03 -80.30150648E-03
+72.30000E-06 +0.0E+00 -24.02009998E-03
+72.32500E-06 -66.13065590E-03 -19.99999955E-03
+72.35000E-06 -75.57789236E-03 +8.14070370E-03
+72.37500E-06 -75.57789236E-03 -19.99999955E-03
+72.40000E-06 -75.57789236E-03 -48.14070281E-03
+72.42500E-06 -9.44723646E-03 -52.16080323E-03
+72.45000E-06 -75.57789236E-03 -19.99999955E-03
+72.47500E-06 -9.44723646E-03 -52.16080323E-03
+72.50000E-06 +0.0E+00 -24.02009998E-03
+72.52500E-06 +0.0E+00 -24.02009998E-03
+72.55000E-06 -75.57789236E-03 -19.99999955E-03
+72.57500E-06 -66.13065590E-03 -24.02009998E-03
+72.60000E-06 -9.44723646E-03 -19.99999955E-03
+72.62500E-06 -75.57789236E-03 -24.02009998E-03
+72.65000E-06 -75.57789236E-03 -19.99999955E-03
+72.67500E-06 -75.57789236E-03 -44.12060238E-03
+72.70000E-06 -66.13065590E-03 -24.02009998E-03
+72.72500E-06 +0.0E+00 -19.99999955E-03
+72.75000E-06 -66.13065590E-03 -19.99999955E-03
+72.77500E-06 -75.57789236E-03 -48.14070281E-03
+72.80000E-06 -9.44723646E-03 -19.99999955E-03
+72.82500E-06 +0.0E+00 -19.99999955E-03
+72.85000E-06 -66.13065590E-03 -19.99999955E-03
+72.87500E-06 -75.57789236E-03 -48.14070281E-03
+72.90000E-06 +0.0E+00 -28.04020040E-03
+72.92500E-06 -9.44723646E-03 -19.99999955E-03
+72.95000E-06 -75.57789236E-03 -19.99999955E-03
+72.97500E-06 -75.57789236E-03 -19.99999955E-03
+73.00000E-06 +0.0E+00 -19.99999955E-03
+73.02500E-06 +0.0E+00 -19.99999955E-03
+73.05000E-06 -132.26131181E-03 -48.14070281E-03
+73.07500E-06 -75.57789236E-03 -48.14070281E-03
+73.10000E-06 -66.13065591E-03 -52.16080323E-03
+73.12500E-06 +0.0E+00 -19.99999955E-03
+73.15000E-06 -75.57789236E-03 -19.99999955E-03
+73.17500E-06 +0.0E+00 -19.99999955E-03
+73.20000E-06 -75.57789236E-03 -48.14070281E-03
+73.22500E-06 -75.57789236E-03 -19.99999955E-03
+73.25000E-06 -66.13065591E-03 -19.99999955E-03
+73.27500E-06 +0.0E+00 -44.12060238E-03
+73.30000E-06 +0.0E+00 -19.99999955E-03
+73.32500E-06 +0.0E+00 -24.02009997E-03
+73.35000E-06 -9.44723646E-03 -19.99999955E-03
+73.37500E-06 -75.57789236E-03 -19.99999955E-03
+73.40000E-06 -75.57789236E-03 -19.99999955E-03
+73.42500E-06 +0.0E+00 -24.02009997E-03
+73.45000E-06 -75.57789236E-03 -15.97989913E-03
+73.47500E-06 -75.57789236E-03 -48.14070281E-03
+73.50000E-06 -66.13065591E-03 -19.99999955E-03
+73.52500E-06 -66.13065591E-03 -24.02009997E-03
+73.55000E-06 -66.13065591E-03 -15.97989913E-03
+73.57500E-06 -9.44723646E-03 -44.12060238E-03
+73.60000E-06 +0.0E+00 -19.99999955E-03
+73.62500E-06 +0.0E+00 -24.02009997E-03
+73.65000E-06 -75.57789236E-03 -48.14070281E-03
+73.67500E-06 -75.57789236E-03 -48.14070281E-03
+73.70000E-06 +0.0E+00 -24.02009997E-03
+73.72500E-06 -75.57789236E-03 -19.99999955E-03
+73.75000E-06 -75.57789236E-03 -19.99999955E-03
+73.77500E-06 -75.57789236E-03 -19.99999955E-03
+73.80000E-06 -9.44723646E-03 -19.99999955E-03
+73.82500E-06 -75.57789236E-03 +8.14070370E-03
+73.85000E-06 -9.44723646E-03 +8.14070370E-03
+73.87500E-06 -9.44723646E-03 -44.12060239E-03
+73.90000E-06 -75.57789236E-03 -19.99999955E-03
+73.92500E-06 +0.0E+00 -24.02009997E-03
+73.95000E-06 -66.13065591E-03 -19.99999955E-03
+73.97500E-06 -9.44723646E-03 -19.99999955E-03
+74.00000E-06 -9.44723646E-03 -48.14070281E-03
+74.02500E-06 +0.0E+00 -19.99999955E-03
+74.05000E-06 -66.13065591E-03 -19.99999955E-03
+74.07500E-06 -75.57789236E-03 -76.28140606E-03
+74.10000E-06 -9.44723646E-03 -24.02009997E-03
+74.12500E-06 +0.0E+00 -24.02009997E-03
+74.15000E-06 -75.57789236E-03 -48.14070281E-03
+74.17500E-06 -75.57789236E-03 -52.16080323E-03
+74.20000E-06 -9.44723646E-03 -19.99999955E-03
+74.22500E-06 -75.57789236E-03 -19.99999955E-03
+74.25000E-06 -75.57789236E-03 -19.99999955E-03
+74.27500E-06 -75.57789236E-03 -48.14070281E-03
+74.30000E-06 -9.44723646E-03 -52.16080323E-03
+74.32500E-06 +0.0E+00 -24.02009997E-03
+74.35000E-06 -9.44723646E-03 -24.02009997E-03
+74.37500E-06 -75.57789236E-03 -19.99999955E-03
+74.40000E-06 +0.0E+00 -19.99999955E-03
+74.42500E-06 -66.13065591E-03 -19.99999955E-03
+74.45000E-06 -75.57789236E-03 -19.99999955E-03
+74.47500E-06 -9.44723646E-03 -48.14070281E-03
+74.50000E-06 +0.0E+00 -24.02009997E-03
+74.52500E-06 -75.57789236E-03 -19.99999955E-03
+74.55000E-06 -75.57789236E-03 -19.99999955E-03
+74.57500E-06 -9.44723646E-03 -15.97989913E-03
+74.60000E-06 -9.44723646E-03 -19.99999955E-03
+74.62500E-06 +0.0E+00 -19.99999955E-03
+74.65000E-06 +0.0E+00 -19.99999955E-03
+74.67500E-06 -9.44723646E-03 -48.14070281E-03
+74.70000E-06 +0.0E+00 -24.02009997E-03
+74.72500E-06 -66.13065591E-03 -19.99999955E-03
+74.75000E-06 +0.0E+00 -19.99999955E-03
+74.77500E-06 -75.57789236E-03 -19.99999955E-03
+74.80000E-06 +0.0E+00 -19.99999955E-03
+74.82500E-06 +0.0E+00 -24.02009997E-03
+74.85000E-06 -75.57789236E-03 -19.99999955E-03
+74.87500E-06 -75.57789236E-03 -52.16080323E-03
+74.90000E-06 +0.0E+00 -24.02009997E-03
+74.92500E-06 -75.57789236E-03 -19.99999955E-03
+74.95000E-06 -75.57789236E-03 -19.99999955E-03
+74.97500E-06 -75.57789236E-03 -19.99999955E-03
+75.00000E-06 -18.89447291E-03 -19.99999955E-03
+75.02500E-06 +0.0E+00 -19.99999955E-03
+75.05000E-06 -75.57789236E-03 -24.02009997E-03
+75.07500E-06 +0.0E+00 -48.14070281E-03
