x-axis SCL1 SDA1
second Volt Volt
+34.50000E-06 -64.72110748E-03 -587.93975E-06
+34.51500E-06 -64.72110748E-03 -1.39195984E-03
+34.53000E-06 -26.12814307E-03 -587.93975E-06
+34.54500E-06 -26.12814307E-03 -587.93975E-06
+34.56000E-06 -26.12814307E-03 -587.93975E-06
+34.57500E-06 -26.12814307E-03 -1.39195984E-03
+34.59000E-06 -26.12814307E-03 -587.93975E-06
+34.60500E-06 -26.12814307E-03 +216.08034E-06
+34.62000E-06 -26.12814307E-03 -587.93975E-06
+34.63500E-06 -64.72110748E-03 -587.93975E-06
+34.65000E-06 -26.12814307E-03 -587.93975E-06
+34.66500E-06 -26.12814307E-03 -587.93975E-06
+34.68000E-06 -26.12814307E-03 -587.93975E-06
+34.69500E-06 -26.12814307E-03 -1.39195984E-03
+34.71000E-06 -26.12814307E-03 -587.93975E-06
+34.72500E-06 -26.12814307E-03 -1.39195984E-03
+34.74000E-06 -26.12814307E-03 -587.93975E-06
+34.75500E-06 -26.12814307E-03 -587.93975E-06
+34.77000E-06 -26.12814307E-03 -587.93975E-06
+34.78500E-06 -26.12814307E-03 -587.93975E-06
+34.80000E-06 +12.46482134E-03 -587.93975E-06
+34.81500E-06 -26.12814307E-03 -1.39195984E-03
+34.83000E-06 -26.12814307E-03 -587.93975E-06
+34.84500E-06 -26.12814307E-03 -587.93975E-06
+34.86000E-06 -26.12814307E-03 -587.93975E-06
+34.87500E-06 -26.12814307E-03 -1.39195984E-03
+34.89000E-06 -26.12814307E-03 -587.93975E-06
+34.90500E-06 -26.12814307E-03 -587.93975E-06
+34.92000E-06 -26.12814307E-03 -1.39195984E-03
+34.93500E-06 -26.12814307E-03 -1.39195984E-03
+34.95000E-06 -26.12814307E-03 -587.93975E-06
+34.96500E-06 -26.12814307E-03 +216.08034E-06
+34.98000E-06 -26.12814307E-03 -1.39195984E-03
+34.99500E-06 -26.12814307E-03 -587.93975E-06
+35.01000E-06 -26.12814307E-03 -587.93975E-06
+35.02500E-06 -26.12814307E-03 -1.39195984E-03
+35.04000E-06 +12.46482134E-03 -1.39195984E-03
+35.05500E-06 -26.12814307E-03 -1.39195984E-03
+35.07000E-06 -26.12814307E-03 -587.93975E-06
+35.08500E-06 -26.12814307E-03 -587.93975E-06
+35.10000E-06 -26.12814307E-03 -587.93975E-06
+35.11500E-06 -64.72110748E-03 -1.39195984E-03
+35.13000E-06 -26.12814307E-03 -587.93975E-06
+35.14500E-06 -26.12814307E-03 -587.93975E-06
+35.16000E-06 -64.72110748E-03 -587.93975E-06
+35.17500E-06 -26.12814307E-03 -1.39195984E-03
+35.19000E-06 -26.12814307E-03 -1.39195984E-03
+35.20500E-06 -26.12814307E-03 -587.93975E-06
+35.22000E-06 -26.12814307E-03 -2.19597993E-03
+35.23500E-06 -64.72110748E-03 -587.93975E-06
+35.25000E-06 -26.12814307E-03 -587.93975E-06
+35.26500E-06 -26.12814307E-03 -587.93975E-06
+35.28000E-06 -26.12814307E-03 -587.93975E-06
+35.29500E-06 +12.46482134E-03 -1.39195984E-03
+35.31000E-06 -26.12814307E-03 +216.08034E-06
+35.32500E-06 -26.12814307E-03 -587.93975E-06
+35.34000E-06 +12.46482134E-03 -587.93975E-06
+35.35500E-06 -26.12814307E-03 -587.93975E-06
+35.37000E-06 -26.12814307E-03 -587.93975E-06
+35.38500E-06 -26.12814307E-03 -587.93975E-06
+35.40000E-06 -64.72110748E-03 -587.93975E-06
+35.41500E-06 -26.12814307E-03 -1.39195984E-03
+35.43000E-06 -26.12814307E-03 -587.93975E-06
+35.44500E-06 -26.12814307E-03 +216.08034E-06
+35.46000E-06 -26.12814307E-03 -587.93975E-06
+35.47500E-06 -64.72110748E-03 -587.93975E-06
+35.49000E-06 -26.12814307E-03 -1.39195984E-03
+35.50500E-06 +12.46482134E-03 -587.93975E-06
+35.52000E-06 -26.12814307E-03 -1.39195984E-03
+35.53500E-06 -26.12814307E-03 -1.39195984E-03
+35.55000E-06 -64.72110748E-03 -587.93975E-06
+35.56500E-06 -26.12814307E-03 -587.93975E-06
+35.58000E-06 -26.12814307E-03 -1.39195984E-03
+35.59500E-06 -64.72110748E-03 -1.39195984E-03
+35.61000E-06 -26.12814307E-03 -1.39195984E-03
+35.62500E-06 -26.12814307E-03 -1.39195984E-03
+35.64000E-06 -26.12814307E-03 -587.93975E-06
+35.65500E-06 -26.12814308E-03 -1.39195984E-03
+35.67000E-06 -26.12814307E-03 -587.93975E-06
+35.68500E-06 -26.12814307E-03 -587.93975E-06
+35.70000E-06 -26.12814308E-03 -1.39195984E-03
+35.71500E-06 -64.72110748E-03 -587.93975E-06
+35.73000E-06 -26.12814307E-03 -587.93975E-06
+35.74500E-06 -64.72110748E-03 -587.93975E-06
+35.76000E-06 -26.12814307E-03 -587.93975E-06
+35.77500E-06 -26.12814307E-03 -1.39195984E-03
+35.79000E-06 -64.72110748E-03 -587.93975E-06
+35.80500E-06 -26.12814307E-03 -587.93975E-06
+35.82000E-06 -26.12814307E-03 -1.39195984E-03
+35.83500E-06 -26.12814307E-03 -1.39195984E-03
+35.85000E-06 -26.12814307E-03 -1.39195984E-03
+35.86500E-06 -64.72110748E-03 +216.08034E-06
+35.88000E-06 -26.12814308E-03 -587.93975E-06
+35.89500E-06 -26.12814307E-03 -1.39195984E-03
+35.91000E-06 -26.12814307E-03 -587.93975E-06
+35.92500E-06 -64.72110748E-03 -587.93975E-06
+35.94000E-06 -26.12814308E-03 -587.93975E-06
+35.95500E-06 -64.72110748E-03 -587.93975E-06
+35.97000E-06 -26.12814308E-03 -1.39195984E-03
+35.98500E-06 -26.12814307E-03 -587.93975E-06
+36.00000E-06 -26.12814307E-03 -1.39195984E-03
+36.01500E-06 -64.72110748E-03 -2.19597993E-03
+36.03000E-06 -26.12814308E-03 -1.39195984E-03
+36.04500E-06 -64.72110748E-03 -587.93975E-06
+36.06000E-06 -26.12814307E-03 -1.39195984E-03
+36.07500E-06 -64.72110748E-03 -587.93975E-06
+36.09000E-06 -26.12814307E-03 -587.93975E-06
+36.10500E-06 -26.12814307E-03 +216.08034E-06
+36.12000E-06 -26.12814307E-03 -587.93975E-06
+36.13500E-06 -26.12814307E-03 -587.93975E-06
+36.15000E-06 -26.12814308E-03 -587.93975E-06
+36.16500E-06 -26.12814307E-03 -587.93975E-06
+36.18000E-06 +12.46482133E-03 -2.19597993E-03
+36.19500E-06 -64.72110748E-03 -1.39195984E-03
+36.21000E-06 -26.12814307E-03 -1.39195984E-03
+36.22500E-06 -26.12814307E-03 -587.93975E-06
+36.24000E-06 -26.12814307E-03 -587.93975E-06
+36.25500E-06 -26.12814307E-03 -2.19597993E-03
+36.27000E-06 +12.46482133E-03 +216.08034E-06
+36.28500E-06 +12.46482134E-03 -587.93975E-06
+36.30000E-06 -64.72110748E-03 -587.93975E-06
+36.31500E-06 -64.72110748E-03 -1.39195984E-03
+36.33000E-06 -26.12814307E-03 -587.93975E-06
+36.34500E-06 -26.12814307E-03 -587.93975E-06
+36.36000E-06 -26.12814307E-03 -1.39195984E-03
+36.37500E-06 +12.46482133E-03 -1.39195984E-03
+36.39000E-06 -26.12814307E-03 -587.93975E-06
+36.40500E-06 -26.12814307E-03 -587.93975E-06
+36.42000E-06 -64.72110748E-03 -587.93975E-06
+36.43500E-06 -64.72110748E-03 -587.93975E-06
+36.45000E-06 -26.12814307E-03 -1.39195984E-03
+36.46500E-06 -26.12814307E-03 -587.93975E-06
+36.48000E-06 -26.12814308E-03 -587.93975E-06
+36.49500E-06 -26.12814307E-03 -1.39195984E-03
+36.51000E-06 -64.72110748E-03 -587.93975E-06
+36.52500E-06 -26.12814308E-03 +216.08034E-06
+36.54000E-06 -64.72110748E-03 -1.39195984E-03
+36.55500E-06 -26.12814307E-03 -587.93975E-06
+36.57000E-06 -26.12814307E-03 -587.93975E-06
+36.58500E-06 -26.12814307E-03 -587.93975E-06
+36.60000E-06 -26.12814307E-03 -1.39195984E-03
+36.61500E-06 -26.12814307E-03 -1.39195984E-03
+36.63000E-06 -26.12814307E-03 -587.93975E-06
+36.64500E-06 -26.12814307E-03 -587.93975E-06
+36.66000E-06 -26.12814307E-03 -1.39195984E-03
+36.67500E-06 -64.72110748E-03 -587.93975E-06
+36.69000E-06 -64.72110748E-03 -587.93975E-06
+36.70500E-06 -26.12814307E-03 -587.93975E-06
+36.72000E-06 -64.72110748E-03 -587.93975E-06
+36.73500E-06 -26.12814307E-03 -1.39195984E-03
+36.75000E-06 -26.12814307E-03 -1.39195984E-03
+36.76500E-06 +12.46482133E-03 -587.93975E-06
+36.78000E-06 -26.12814308E-03 -1.39195984E-03
+36.79500E-06 -64.72110748E-03 -587.93975E-06
+36.81000E-06 -26.12814307E-03 -1.39195984E-03
+36.82500E-06 -26.12814307E-03 -587.93975E-06
+36.84000E-06 -64.72110748E-03 -587.93975E-06
+36.85500E-06 -26.12814307E-03 -2.19597993E-03
+36.87000E-06 -26.12814307E-03 -587.93975E-06
+36.88500E-06 -26.12814308E-03 -587.93975E-06
+36.90000E-06 -26.12814308E-03 -1.39195984E-03
+36.91500E-06 -64.72110748E-03 -1.39195984E-03
+36.93000E-06 -26.12814307E-03 -1.39195984E-03
+36.94500E-06 -26.12814307E-03 -587.93975E-06
+36.96000E-06 -26.12814307E-03 -587.93975E-06
+36.97500E-06 +12.46482133E-03 -1.39195984E-03
+36.99000E-06 -26.12814307E-03 -587.93975E-06
+37.00500E-06 -26.12814307E-03 -1.39195984E-03
+37.02000E-06 -26.12814308E-03 -587.93975E-06
+37.03500E-06 -26.12814307E-03 -587.93975E-06
+37.05000E-06 -26.12814308E-03 -587.93975E-06
+37.06500E-06 -26.12814308E-03 -587.93975E-06
+37.08000E-06 +12.46482133E-03 -587.93975E-06
+37.09500E-06 +12.46482133E-03 -1.39195984E-03
+37.11000E-06 -26.12814308E-03 -1.39195984E-03
+37.12500E-06 -64.72110748E-03 +216.08034E-06
+37.14000E-06 +12.46482133E-03 -1.39195984E-03
+37.15500E-06 -26.12814307E-03 -587.93975E-06
+37.17000E-06 -26.12814307E-03 -1.39195984E-03
+37.18500E-06 -26.12814307E-03 -587.93975E-06
+37.20000E-06 -26.12814307E-03 -587.93975E-06
+37.21500E-06 -26.12814307E-03 -1.39195984E-03
+37.23000E-06 -26.12814307E-03 -587.93975E-06
+37.24500E-06 -26.12814307E-03 -587.93975E-06
+37.26000E-06 +12.46482133E-03 -1.39195984E-03
+37.27500E-06 -64.72110748E-03 -1.39195984E-03
+37.29000E-06 -26.12814307E-03 -1.39195984E-03
+37.30500E-06 +12.46482134E-03 +216.08034E-06
+37.32000E-06 -26.12814307E-03 -587.93975E-06
+37.33500E-06 -26.12814308E-03 -1.39195984E-03
+37.35000E-06 -26.12814307E-03 -587.93975E-06
+37.36500E-06 -26.12814307E-03 +216.08034E-06
+37.38000E-06 -26.12814307E-03 -1.39195984E-03
+37.39500E-06 -64.72110748E-03 -587.93975E-06
+37.41000E-06 -26.12814306E-03 -587.93975E-06
+37.42500E-06 -26.12814307E-03 -587.93975E-06
+37.44000E-06 -26.12814307E-03 -587.93975E-06
+37.45500E-06 -64.72110748E-03 -1.39195984E-03
+37.47000E-06 +12.46482133E-03 -587.93975E-06
+37.48500E-06 -26.12814308E-03 -587.93975E-06
+37.50000E-06 -26.12814308E-03 -587.93975E-06
+37.51500E-06 -26.12814306E-03 -587.93975E-06
+37.53000E-06 -26.12814307E-03 -1.39195984E-03
+37.54500E-06 -26.12814307E-03 -587.93975E-06
+37.56000E-06 -26.12814307E-03 -1.39195984E-03
+37.57500E-06 -26.12814306E-03 -1.39195984E-03
+37.59000E-06 -26.12814307E-03 -587.93975E-06
+37.60500E-06 -26.12814307E-03 -1.39195984E-03
+37.62000E-06 +12.46482134E-03 -1.39195984E-03
+37.63500E-06 -26.12814306E-03 -1.39195984E-03
+37.65000E-06 -26.12814307E-03 -587.93975E-06
+37.66500E-06 -26.12814307E-03 -587.93975E-06
+37.68000E-06 +12.46482134E-03 -587.93975E-06
+37.69500E-06 -26.12814307E-03 -1.39195984E-03
+37.71000E-06 -64.72110748E-03 -587.93975E-06
+37.72500E-06 -26.12814307E-03 -587.93975E-06
+37.74000E-06 +12.46482133E-03 -1.39195984E-03
+37.75500E-06 -64.72110748E-03 -587.93975E-06
+37.77000E-06 -64.72110747E-03 -1.39195984E-03
+37.78500E-06 -26.12814306E-03 -587.93975E-06
+37.80000E-06 +12.46482133E-03 -587.93975E-06
+37.81500E-06 -64.72110748E-03 -1.39195984E-03
+37.83000E-06 -64.72110748E-03 -587.93975E-06
+37.84500E-06 -26.12814306E-03 -587.93975E-06
+37.86000E-06 -26.12814308E-03 -1.39195984E-03
+37.87500E-06 -64.72110748E-03 -1.39195984E-03
+37.89000E-06 -26.12814307E-03 -1.39195984E-03
+37.90500E-06 +12.46482134E-03 -587.93975E-06
+37.92000E-06 -26.12814307E-03 -587.93975E-06
+37.93500E-06 -64.72110747E-03 -1.39195984E-03
+37.95000E-06 -26.12814306E-03 +216.08034E-06
+37.96500E-06 -26.12814307E-03 -587.93975E-06
+37.98000E-06 -26.12814308E-03 -587.93975E-06
+37.99500E-06 -26.12814307E-03 -1.39195984E-03
+38.01000E-06 +12.46482134E-03 -1.39195984E-03
+38.02500E-06 -26.12814308E-03 +216.08034E-06
+38.04000E-06 -26.12814308E-03 -587.93975E-06
+38.05500E-06 +12.46482134E-03 -1.39195984E-03
+38.07000E-06 -26.12814307E-03 -587.93975E-06
+38.08500E-06 -64.72110747E-03 -587.93975E-06
+38.10000E-06 -64.72110748E-03 -1.39195984E-03
+38.11500E-06 +12.46482134E-03 -587.93975E-06
+38.13000E-06 -26.12814307E-03 -587.93975E-06
+38.14500E-06 -64.72110748E-03 -587.93975E-06
+38.16000E-06 -26.12814307E-03 -1.39195984E-03
+38.17500E-06 +12.46482134E-03 -1.39195984E-03
+38.19000E-06 -64.72110748E-03 -587.93975E-06
+38.20500E-06 -64.72110747E-03 +216.08034E-06
+38.22000E-06 +12.46482134E-03 -587.93975E-06
+38.23500E-06 -26.12814308E-03 -587.93975E-06
+38.25000E-06 -64.72110748E-03 -1.39195984E-03
+38.26500E-06 -64.72110748E-03 -587.93975E-06
+38.28000E-06 +12.46482134E-03 -587.93975E-06
+38.29500E-06 -26.12814308E-03 -1.39195984E-03
+38.31000E-06 -64.72110748E-03 -587.93975E-06
+38.32500E-06 +12.46482134E-03 -587.93975E-06
+38.34000E-06 +12.46482133E-03 -2.19597993E-03
+38.35500E-06 -64.72110748E-03 -1.39195984E-03
+38.37000E-06 -64.72110747E-03 -1.39195984E-03
+38.38500E-06 +12.46482134E-03 -1.39195984E-03
+38.40000E-06 +12.46482134E-03 -1.39195984E-03
+38.41500E-06 -64.72110748E-03 -1.39195984E-03
+38.43000E-06 -64.72110747E-03 -587.93975E-06
+38.44500E-06 +51.05778574E-03 -1.39195984E-03
+38.46000E-06 -26.12814308E-03 -587.93975E-06
+38.47500E-06 -64.72110748E-03 -1.39195984E-03
+38.49000E-06 +12.46482134E-03 -587.93975E-06
+38.50500E-06 +12.46482134E-03 -587.93975E-06
+38.52000E-06 -64.72110748E-03 -587.93975E-06
+38.53500E-06 -26.12814307E-03 -1.39195984E-03
+38.55000E-06 +12.46482133E-03 -587.93975E-06
+38.56500E-06 +12.46482132E-03 -587.93975E-06
+38.58000E-06 -64.72110748E-03 -587.93975E-06
+38.59500E-06 -26.12814306E-03 -587.93975E-06
+38.61000E-06 +12.46482133E-03 -587.93975E-06
+38.62500E-06 -26.12814307E-03 -587.93975E-06
+38.64000E-06 -64.72110747E-03 -587.93975E-06
+38.65500E-06 +12.46482133E-03 -1.39195984E-03
+38.67000E-06 -26.12814307E-03 -587.93975E-06
+38.68500E-06 -103.31407188E-03 -587.93975E-06
+38.70000E-06 -64.72110747E-03 -587.93975E-06
+38.71500E-06 +51.05778574E-03 -587.93975E-06
+38.73000E-06 -64.72110748E-03 -1.39195984E-03
+38.74500E-06 -103.31407189E-03 +216.08034E-06
+38.76000E-06 +12.46482135E-03 -587.93975E-06
+38.77500E-06 +12.46482134E-03 -1.39195984E-03
+38.79000E-06 -103.31407189E-03 -587.93975E-06
+38.80500E-06 -64.72110748E-03 -587.93975E-06
+38.82000E-06 +12.46482135E-03 -587.93975E-06
+38.83500E-06 -26.12814307E-03 -587.93975E-06
+38.85000E-06 -103.31407188E-03 -587.93975E-06
+38.86500E-06 -26.12814306E-03 -587.93975E-06
+38.88000E-06 +51.05778575E-03 -1.39195984E-03
+38.89500E-06 -26.12814308E-03 -1.39195984E-03
+38.91000E-06 -64.72110747E-03 -587.93975E-06
+38.92500E-06 +12.46482135E-03 -587.93975E-06
+38.94000E-06 +12.46482133E-03 -1.39195984E-03
+38.95500E-06 -64.72110749E-03 -587.93975E-06
+38.97000E-06 -26.12814307E-03 -587.93975E-06
+38.98500E-06 +51.05778575E-03 -587.93975E-06
+39.00000E-06 -26.12814308E-03 -1.39195984E-03
+39.01500E-06 -64.72110749E-03 -1.39195984E-03
+39.03000E-06 +12.46482134E-03 -587.93975E-06
+39.04500E-06 +51.05778575E-03 -1.39195984E-03
+39.06000E-06 -64.72110749E-03 -1.39195984E-03
+39.07500E-06 -64.72110748E-03 -1.39195984E-03
+39.09000E-06 +12.46482135E-03 -587.93975E-06
+39.10500E-06 -26.12814307E-03 -587.93975E-06
+39.12000E-06 -103.31407189E-03 -587.93975E-06
+39.13500E-06 -26.12814307E-03 -1.39195984E-03
+39.15000E-06 +51.05778575E-03 -587.93975E-06
+39.16500E-06 -26.12814308E-03 -587.93975E-06
+39.18000E-06 -64.72110749E-03 -587.93975E-06
+39.19500E-06 -26.12814306E-03 -587.93975E-06
+39.21000E-06 +12.46482133E-03 -587.93975E-06
+39.22500E-06 -103.31407189E-03 -587.93975E-06
+39.24000E-06 -26.12814307E-03 -587.93975E-06
+39.25500E-06 +51.05778575E-03 -1.39195984E-03
+39.27000E-06 -26.12814307E-03 -587.93975E-06
+39.28500E-06 -103.31407189E-03 -587.93975E-06
+39.30000E-06 -26.12814307E-03 -587.93975E-06
+39.31500E-06 +89.65075014E-03 -1.39195984E-03
+39.33000E-06 -64.72110750E-03 -1.39195984E-03
+39.34500E-06 -64.72110747E-03 -587.93975E-06
+39.36000E-06 +51.05778575E-03 -1.39195984E-03
+39.37500E-06 +12.46482133E-03 -1.39195984E-03
+39.39000E-06 -103.31407191E-03 -587.93975E-06
+39.40500E-06 -26.12814306E-03 -587.93975E-06
+39.42000E-06 +51.05778575E-03 -587.93975E-06
+39.43500E-06 -64.72110750E-03 -587.93975E-06
+39.45000E-06 -103.31407189E-03 -587.93975E-06
+39.46500E-06 +12.46482135E-03 -587.93975E-06
+39.48000E-06 +12.46482134E-03 -587.93975E-06
+39.49500E-06 -103.31407191E-03 -1.39195984E-03
+39.51000E-06 -64.72110747E-03 -587.93975E-06
+39.52500E-06 +51.05778575E-03 -587.93975E-06
+39.54000E-06 -26.12814308E-03 -587.93975E-06
+39.55500E-06 -141.90703630E-03 -587.93975E-06
+39.57000E-06 -26.12814305E-03 -587.93975E-06
+39.58500E-06 +51.05778576E-03 -587.93975E-06
+39.60000E-06 -64.72110748E-03 -1.39195984E-03
+39.61500E-06 -141.90703629E-03 -1.39195984E-03
+39.63000E-06 +51.05778575E-03 -587.93975E-06
+39.64500E-06 +12.46482133E-03 -1.39195984E-03
+39.66000E-06 -141.90703630E-03 -587.93975E-06
+39.67500E-06 -64.72110747E-03 -587.93975E-06
+39.69000E-06 +89.65075016E-03 -587.93975E-06
+39.70500E-06 -26.12814309E-03 -1.39195984E-03
+39.72000E-06 -141.90703630E-03 -587.93975E-06
+39.73500E-06 +51.05778575E-03 -587.93975E-06
+39.75000E-06 +51.05778575E-03 -1.39195984E-03
+39.76500E-06 -103.31407189E-03 -1.39195984E-03
+39.78000E-06 -103.31407188E-03 -587.93975E-06
+39.79500E-06 +89.65075016E-03 -587.93975E-06
+39.81000E-06 +12.46482133E-03 -587.93975E-06
+39.82500E-06 -141.90703629E-03 -587.93975E-06
+39.84000E-06 +12.46482135E-03 +216.08034E-06
+39.85500E-06 +89.65075015E-03 -1.39195984E-03
+39.87000E-06 -64.72110750E-03 -1.39195984E-03
+39.88500E-06 -141.90703629E-03 -587.93975E-06
+39.90000E-06 +89.65075016E-03 -587.93975E-06
+39.91500E-06 +12.46482134E-03 -1.39195984E-03
+39.93000E-06 -141.90703630E-03 -587.93975E-06
+39.94500E-06 -64.72110746E-03 -587.93975E-06
+39.96000E-06 +89.65075016E-03 -587.93975E-06
+39.97500E-06 -26.12814309E-03 -1.39195984E-03
+39.99000E-06 -180.50000070E-03 -587.93975E-06
+40.00500E-06 +12.46482135E-03 -587.93975E-06
+40.02000E-06 +89.65075015E-03 -587.93975E-06
+40.03500E-06 -103.31407191E-03 -587.93975E-06
+40.05000E-06 -141.90703628E-03 -587.93975E-06
+40.06500E-06 +128.24371457E-03 +216.08034E-06
+40.08000E-06 +12.46482132E-03 -1.39195984E-03
+40.09500E-06 -141.90703630E-03 -587.93975E-06
+40.11000E-06 -26.12814306E-03 -587.93975E-06
+40.12500E-06 +89.65075016E-03 -1.39195984E-03
+40.14000E-06 -64.72110750E-03 -587.93975E-06
+40.15500E-06 -141.90703629E-03 -587.93975E-06
+40.17000E-06 +51.05778576E-03 -587.93975E-06
+40.18500E-06 +89.65075015E-03 -1.39195984E-03
+40.20000E-06 -141.90703630E-03 -1.39195984E-03
+40.21500E-06 -64.72110747E-03 -587.93975E-06
+40.23000E-06 +128.24371457E-03 -587.93975E-06
+40.24500E-06 -26.12814309E-03 -1.39195984E-03
+40.26000E-06 -180.50000070E-03 -1.39195984E-03
+40.27500E-06 +51.05778575E-03 -587.93975E-06
+40.29000E-06 +89.65075016E-03 -1.39195984E-03
+40.30500E-06 -141.90703630E-03 -587.93975E-06
+40.32000E-06 -103.31407188E-03 +216.08034E-06
+40.33500E-06 +89.65075018E-03 -587.93975E-06
+40.35000E-06 +51.05778573E-03 -587.93975E-06
+40.36500E-06 -180.50000072E-03 +216.08034E-06
+40.38000E-06 -26.12814306E-03 -587.93975E-06
+40.39500E-06 +166.83667895E-03 -587.93975E-06
+40.41000E-06 -103.31407191E-03 -1.39195984E-03
+40.42500E-06 -180.50000070E-03 +216.08034E-06
+40.44000E-06 +89.65075016E-03 +216.08034E-06
+40.45500E-06 +89.65075015E-03 -2.19597993E-03
+40.47000E-06 -141.90703632E-03 -587.93975E-06
+40.48500E-06 -103.31407186E-03 -587.93975E-06
+40.50000E-06 +166.83667898E-03 -1.39195984E-03
+40.51500E-06 -26.12814310E-03 -1.39195984E-03
+40.53000E-06 -180.50000072E-03 -1.39195984E-03
+40.54500E-06 +12.46482135E-03 +216.08034E-06
+40.56000E-06 +128.24371456E-03 -587.93975E-06
+40.57500E-06 -141.90703632E-03 -1.39195984E-03
+40.59000E-06 -180.50000072E-03 -587.93975E-06
+40.60500E-06 +128.24371459E-03 -587.93975E-06
+40.62000E-06 +51.05778572E-03 -1.39195984E-03
+40.63500E-06 -219.09296513E-03 -1.39195984E-03
+40.65000E-06 -64.72110745E-03 -587.93975E-06
+40.66500E-06 +166.83667898E-03 -587.93975E-06
+40.68000E-06 -103.31407191E-03 -1.39195984E-03
+40.69500E-06 -219.09296511E-03 -1.39195984E-03
+40.71000E-06 +89.65075016E-03 +216.08034E-06
+40.72500E-06 +128.24371456E-03 -587.93975E-06
+40.74000E-06 -180.50000073E-03 -1.39195984E-03
+40.75500E-06 -141.90703629E-03 +216.08034E-06
+40.77000E-06 +128.24371459E-03 -587.93975E-06
+40.78500E-06 +51.05778570E-03 -1.39195984E-03
+40.80000E-06 -257.68592952E-03 +216.08034E-06
+40.81500E-06 -26.12814304E-03 -1.39195984E-03
+40.83000E-06 +166.83667897E-03 -1.39195984E-03
+40.84500E-06 -141.90703632E-03 -1.39195984E-03
+40.86000E-06 -180.50000070E-03 -587.93975E-06
+40.87500E-06 +128.24371459E-03 -587.93975E-06
+40.89000E-06 +89.65075014E-03 -587.93975E-06
+40.90500E-06 -219.09296513E-03 -1.39195984E-03
+40.92000E-06 -103.31407186E-03 -587.93975E-06
+40.93500E-06 +205.42964338E-03 -1.39195984E-03
+40.95000E-06 -26.12814310E-03 -2.19597993E-03
+40.96500E-06 -219.09296511E-03 -587.93975E-06
+40.98000E-06 +89.65075018E-03 -587.93975E-06
+40.99500E-06 +166.83667897E-03 -1.39195984E-03
+41.01000E-06 -180.50000073E-03 -587.93975E-06
+41.02500E-06 -141.90703629E-03 +216.08034E-06
+41.04000E-06 +205.42964339E-03 -587.93975E-06
+41.05500E-06 +12.46482131E-03 -2.19597993E-03
+41.07000E-06 -296.27889393E-03 -1.39195984E-03
+41.08500E-06 -26.12814304E-03 +216.08034E-06
+41.10000E-06 +205.42964338E-03 -1.39195984E-03
+41.11500E-06 -141.90703632E-03 -1.39195984E-03
+41.13000E-06 -257.68592950E-03 -587.93975E-06
+41.14500E-06 +128.24371460E-03 +216.08034E-06
+41.16000E-06 +128.24371454E-03 -1.39195984E-03
+41.17500E-06 -257.68592955E-03 -1.39195984E-03
+41.19000E-06 -103.31407184E-03 -587.93975E-06
+41.20500E-06 +205.42964339E-03 -587.93975E-06
+41.22000E-06 +12.46482129E-03 -1.39195984E-03
+41.23500E-06 -257.68592954E-03 -587.93975E-06
+41.25000E-06 +89.65075018E-03 -587.93975E-06
+41.26500E-06 +205.42964338E-03 -587.93975E-06
+41.28000E-06 -180.50000075E-03 -1.39195984E-03
+41.29500E-06 -180.50000070E-03 -587.93975E-06
+41.31000E-06 +205.42964341E-03 -587.93975E-06
+41.32500E-06 +89.65075013E-03 -1.39195984E-03
+41.34000E-06 -296.27889397E-03 -1.39195984E-03
+41.35500E-06 -26.12814302E-03 +216.08034E-06
+41.37000E-06 +244.02260780E-03 -1.39195984E-03
+41.38500E-06 -103.31407193E-03 -587.93975E-06
+41.40000E-06 -334.87185831E-03 -587.93975E-06
+41.41500E-06 +166.83667900E-03 -1.39195984E-03
+41.43000E-06 +205.42964336E-03 -2.19597993E-03
+41.44500E-06 -296.27889397E-03 -1.39195984E-03
+41.46000E-06 -141.90703627E-03 -587.93975E-06
+41.47500E-06 +244.02260780E-03 -587.93975E-06
+41.49000E-06 +12.46482129E-03 -1.39195984E-03
+41.50500E-06 -334.87185834E-03 -587.93975E-06
+41.52000E-06 +89.65075020E-03 -587.93975E-06
+41.53500E-06 +244.02260779E-03 -1.39195984E-03
+41.55000E-06 -219.09296514E-03 -1.39195984E-03
+41.56500E-06 -257.68592950E-03 -587.93975E-06
+41.58000E-06 +205.42964341E-03 -587.93975E-06
+41.59500E-06 +128.24371452E-03 -1.39195984E-03
+41.61000E-06 -373.46482277E-03 -1.39195984E-03
+41.62500E-06 -26.12814305E-03 +216.08034E-06
+41.64000E-06 +321.20853662E-03 -587.93975E-06
+41.65500E-06 -103.31407193E-03 -1.39195984E-03
+41.67000E-06 -334.87185834E-03 -587.93975E-06
+41.68500E-06 +166.83667900E-03 +216.08034E-06
+41.70000E-06 +244.02260775E-03 -587.93975E-06
+41.71500E-06 -296.27889395E-03 -587.93975E-06
+41.73000E-06 -180.50000066E-03 -587.93975E-06
+41.74500E-06 +321.20853662E-03 -587.93975E-06
+41.76000E-06 +51.05778569E-03 -1.39195984E-03
+41.77500E-06 -373.46482277E-03 -587.93975E-06
+41.79000E-06 +51.05778579E-03 +216.08034E-06
+41.80500E-06 +321.20853659E-03 -1.39195984E-03
+41.82000E-06 -219.09296518E-03 -1.39195984E-03
+41.83500E-06 -373.46482271E-03 -587.93975E-06
+41.85000E-06 +244.02260784E-03 -587.93975E-06
+41.86500E-06 +205.42964334E-03 -1.39195984E-03
+41.88000E-06 -412.05778716E-03 -1.39195984E-03
+41.89500E-06 -103.31407186E-03 -587.93975E-06
+41.91000E-06 +359.80150102E-03 -587.93975E-06
+41.92500E-06 -64.72110754E-03 -1.39195984E-03
+41.94000E-06 -412.05778716E-03 -587.93975E-06
+41.95500E-06 +128.24371463E-03 +216.08034E-06
+41.97000E-06 +244.02260778E-03 -1.39195984E-03
+41.98500E-06 -334.87185838E-03 -587.93975E-06
+42.00000E-06 -219.09296509E-03 +216.08034E-06
+42.01500E-06 +359.80150105E-03 -587.93975E-06
+42.03000E-06 +51.05778571E-03 -587.93975E-06
+42.04500E-06 -412.05778718E-03 -1.39195984E-03
+42.06000E-06 -26.12814300E-03 +216.08034E-06
+42.07500E-06 +398.39446543E-03 -587.93975E-06
+42.09000E-06 -180.50000077E-03 -1.39195984E-03
+42.10500E-06 -373.46482273E-03 -587.93975E-06
+42.12000E-06 +244.02260786E-03 +216.08034E-06
+42.13500E-06 +205.42964333E-03 -2.19597993E-03
+42.15000E-06 -412.05778720E-03 -1.39195984E-03
+42.16500E-06 -141.90703623E-03 +216.08034E-06
+42.18000E-06 +436.98742986E-03 -1.39195984E-03
+42.19500E-06 -64.72110754E-03 -1.39195984E-03
+42.21000E-06 -489.24371596E-03 -587.93975E-06
+42.22500E-06 +89.65075026E-03 +216.08034E-06
+42.24000E-06 +398.39446539E-03 -1.39195984E-03
+42.25500E-06 -296.27889401E-03 -2.19597993E-03
+42.27000E-06 -334.87185828E-03 -587.93975E-06
+42.28500E-06 +398.39446547E-03 -587.93975E-06
+42.30000E-06 +166.83667890E-03 -2.19597993E-03
+42.31500E-06 -489.24371600E-03 -587.93975E-06
+42.33000E-06 -26.12814301E-03 -587.93975E-06
+42.34500E-06 +475.58039423E-03 -587.93975E-06
+42.36000E-06 -180.50000078E-03 -2.19597993E-03
+42.37500E-06 -450.65075155E-03 -587.93975E-06
+42.39000E-06 +244.02260786E-03 -587.93975E-06
+42.40500E-06 +321.20853656E-03 -587.93975E-06
+42.42000E-06 -450.65075163E-03 -2.19597993E-03
+42.43500E-06 -257.68592946E-03 +216.08034E-06
+42.45000E-06 +475.58039427E-03 -587.93975E-06
+42.46500E-06 -26.12814313E-03 -2.19597993E-03
+42.48000E-06 -566.42964478E-03 -587.93975E-06
+42.49500E-06 +166.83667902E-03 -587.93975E-06
+42.51000E-06 +436.98742982E-03 -587.93975E-06
+42.52500E-06 -334.87185842E-03 -1.39195984E-03
+42.54000E-06 -412.05778712E-03 -587.93975E-06
+42.55500E-06 +398.39446549E-03 -587.93975E-06
+42.57000E-06 +244.02260770E-03 -2.19597993E-03
+42.58500E-06 -566.42964482E-03 -587.93975E-06
+42.60000E-06 -64.72110740E-03 +1.02010043E-03
+42.61500E-06 +552.76632305E-03 -1.39195984E-03
+42.63000E-06 -141.90703639E-03 -2.19597993E-03
+42.64500E-06 -527.83668037E-03 +216.08034E-06
+42.66000E-06 +282.61557228E-03 -587.93975E-06
+42.67500E-06 +359.80150097E-03 -1.39195984E-03
+42.69000E-06 -489.24371602E-03 -1.39195984E-03
+42.70500E-06 -334.87185825E-03 +1.02010043E-03
+42.72000E-06 +514.17335870E-03 -587.93975E-06
+42.73500E-06 +51.05778567E-03 -2.19597993E-03
+42.75000E-06 -605.02260921E-03 +216.08034E-06
+42.76500E-06 +89.65075027E-03 +216.08034E-06
+42.78000E-06 +552.76632303E-03 -1.39195984E-03
+42.79500E-06 -334.87185842E-03 -2.19597993E-03
+42.81000E-06 -489.24371594E-03 -587.93975E-06
+42.82500E-06 +436.98742990E-03 -587.93975E-06
+42.84000E-06 +282.61557213E-03 -3.00000003E-03
+42.85500E-06 -605.02260926E-03 -2.19597993E-03
+42.87000E-06 -180.50000061E-03 +216.08034E-06
+42.88500E-06 +629.95225187E-03 -587.93975E-06
+42.90000E-06 -103.31407200E-03 -3.00000003E-03
+42.91500E-06 -605.02260921E-03 +216.08034E-06
+42.93000E-06 +282.61557228E-03 +216.08034E-06
+42.94500E-06 +475.58039420E-03 -1.39195984E-03
+42.96000E-06 -489.24371604E-03 -1.39195984E-03
+42.97500E-06 -373.46482266E-03 +216.08034E-06
+42.99000E-06 +552.76632311E-03 -587.93975E-06
+43.00500E-06 +128.24371448E-03 -1.39195984E-03
+43.02000E-06 -682.20853806E-03 -1.39195984E-03
+43.03500E-06 +12.46482145E-03 +1.02010043E-03
+43.05000E-06 +629.95225187E-03 -1.39195984E-03
+43.06500E-06 -296.27889406E-03 -2.19597993E-03
+43.08000E-06 -605.02260915E-03 +216.08034E-06
+43.09500E-06 +436.98742994E-03 -587.93975E-06
+43.11000E-06 +398.39446534E-03 -2.19597993E-03
+43.12500E-06 -643.61557369E-03 -587.93975E-06
+43.14000E-06 -219.09296502E-03 +216.08034E-06
+43.15500E-06 +668.54521630E-03 -1.39195984E-03
+43.17000E-06 -26.12814320E-03 -2.19597993E-03
+43.18500E-06 -720.80150244E-03 +216.08034E-06
+43.20000E-06 +244.02260791E-03 +1.02010043E-03
+43.21500E-06 +591.35928741E-03 -2.19597993E-03
+43.23000E-06 -527.83668048E-03 -2.19597993E-03
+43.24500E-06 -450.65075150E-03 +1.02010043E-03
+43.26000E-06 +629.95225196E-03 -1.39195984E-03
+43.27500E-06 +244.02260767E-03 -2.19597993E-03
+43.29000E-06 -759.39446688E-03 -1.39195984E-03
+43.30500E-06 -64.72110733E-03 +1.82412052E-03
+43.32000E-06 +707.13818069E-03 -587.93975E-06
+43.33500E-06 -257.68592965E-03 -3.00000003E-03
+43.35000E-06 -682.20853797E-03 +1.02010043E-03
+43.36500E-06 +436.98742997E-03 +1.82412052E-03
+43.38000E-06 +475.58039416E-03 -2.19597993E-03
+43.39500E-06 -682.20853810E-03 -1.39195984E-03
+43.41000E-06 -296.27889383E-03 +1.02010043E-03
+43.42500E-06 +745.73114514E-03 -1.39195984E-03
+43.44000E-06 +12.46482122E-03 -2.19597993E-03
+43.45500E-06 -836.58039565E-03 -1.39195984E-03
+43.47000E-06 +205.42964351E-03 +1.02010043E-03
+43.48500E-06 +707.13818066E-03 -2.19597993E-03
+43.50000E-06 -489.24371612E-03 -3.00000003E-03
+43.51500E-06 -566.42964473E-03 +1.82412053E-03
+43.53000E-06 +629.95225198E-03 -587.93975E-06
+43.54500E-06 +321.20853649E-03 -2.19597993E-03
+43.56000E-06 -797.98743133E-03 -1.39195984E-03
+43.57500E-06 -103.31407176E-03 +216.08034E-06
+43.59000E-06 +784.32410953E-03 -587.93975E-06
+43.60500E-06 -219.09296527E-03 -2.19597993E-03
+43.62000E-06 -759.39446683E-03 +216.08034E-06
+43.63500E-06 +436.98742997E-03 +216.08034E-06
+43.65000E-06 +591.35928738E-03 -2.19597993E-03
+43.66500E-06 -720.80150251E-03 -587.93975E-06
+43.68000E-06 -412.05778704E-03 +1.02010043E-03
+43.69500E-06 +822.91707397E-03 -587.93975E-06
+43.71000E-06 +89.65075000E-03 -2.19597993E-03
+43.72500E-06 -913.76632450E-03 -587.93975E-06
+43.74000E-06 +128.24371471E-03 +1.82412053E-03
+43.75500E-06 +784.32410948E-03 -1.39195984E-03
+43.77000E-06 -489.24371612E-03 -2.19597993E-03
+43.78500E-06 -720.80150232E-03 +1.02010043E-03
+43.80000E-06 +668.54521639E-03 +216.08034E-06
+43.81500E-06 +475.58039410E-03 -3.00000003E-03
+43.83000E-06 -875.17336013E-03 -1.39195984E-03
+43.84500E-06 -219.09296494E-03 +1.82412052E-03
+43.86000E-06 +900.10300276E-03 -1.39195984E-03
+43.87500E-06 -180.50000088E-03 -2.19597993E-03
+43.89000E-06 -913.76632445E-03 +216.08034E-06
+43.90500E-06 +398.39446561E-03 +1.82412052E-03
+43.92000E-06 +707.13818064E-03 -3.00000003E-03
+43.93500E-06 -720.80150259E-03 -3.00000003E-03
+43.95000E-06 -527.83668027E-03 +1.02010043E-03
+43.96500E-06 +861.51003842E-03 +216.08034E-06
+43.98000E-06 +205.42964320E-03 -3.80402012E-03
+43.99500E-06 -990.95225332E-03 -587.93975E-06
+44.01000E-06 +89.65075033E-03 +1.02010043E-03
+44.02500E-06 +938.69596712E-03 -2.19597993E-03
+44.04000E-06 -450.65075174E-03 -2.19597993E-03
+44.05500E-06 -836.58039558E-03 +216.08034E-06
+44.07000E-06 +668.54521642E-03 +216.08034E-06
+44.08500E-06 +552.76632292E-03 -2.19597993E-03
+44.10000E-06 -913.76632459E-03 -2.19597993E-03
+44.11500E-06 -296.27889378E-03 +1.82412053E-03
+44.13000E-06 +977.28893163E-03 -587.93975E-06
+44.14500E-06 -64.72110768E-03 -3.00000003E-03
+44.16000E-06 -1.06813818209E+00 +1.02010043E-03
+44.17500E-06 +359.80150121E-03 +1.02010043E-03
+44.19000E-06 +822.91707384E-03 -2.19597993E-03
+44.20500E-06 -720.80150259E-03 -2.19597993E-03
+44.22000E-06 -682.20853791E-03 +1.02010043E-03
+44.23500E-06 +900.10300286E-03 +216.08034E-06
+44.25000E-06 +321.20853640E-03 -3.00000003E-03
+44.26500E-06 -1.06813818219E+00 -587.93975E-06
+44.28000E-06 -26.12814287E-03 +1.02010043E-03
+44.29500E-06 +1.05447486035E+00 -2.19597993E-03
+44.31000E-06 -412.05778735E-03 -3.00000003E-03
+44.32500E-06 -990.95225319E-03 +1.02010043E-03
+44.34000E-06 +668.54521647E-03 +216.08034E-06
+44.35500E-06 +707.13818056E-03 -3.80402012E-03
+44.37000E-06 -952.35928903E-03 -1.39195984E-03
+44.38500E-06 -489.24371578E-03 +1.82412053E-03
+44.40000E-06 +1.05447486045E+00 -587.93975E-06
+44.41500E-06 +12.46482114E-03 -3.80402012E-03
+44.43000E-06 -1.18391707532E+00 +216.08034E-06
+44.44500E-06 +282.61557244E-03 +2.62814062E-03
+44.46000E-06 +1.01588189587E+00 -3.00000003E-03
+44.47500E-06 -720.80150262E-03 -3.00000003E-03
+44.49000E-06 -836.58039550E-03 +1.02010043E-03
+44.50500E-06 +938.69596730E-03 +1.02010043E-03
+44.52000E-06 +475.58039404E-03 -3.80402012E-03
+44.53500E-06 -1.18391707542E+00 -1.39195984E-03
+44.55000E-06 -141.90703607E-03 +1.82412053E-03
+44.56500E-06 +1.17025375361E+00 -1.39195984E-03
+44.58000E-06 -334.87185856E-03 -3.80402012E-03
+44.59500E-06 -1.14532411083E+00 +1.02010043E-03
+44.61000E-06 +629.95225209E-03 +1.82412052E-03
+44.62500E-06 +861.51003820E-03 -3.00000003E-03
+44.64000E-06 -1.02954521786E+00 -2.19597993E-03
+44.65500E-06 -566.42964462E-03 +1.82412053E-03
+44.67000E-06 +1.13166078933E+00 +216.08034E-06
+44.68500E-06 +166.83667872E-03 -3.80402012E-03
+44.70000E-06 -1.26110300419E+00 +216.08034E-06
+44.71500E-06 +205.42964365E-03 +2.62814062E-03
+44.73000E-06 +1.17025375353E+00 -3.00000003E-03
+44.74500E-06 -682.20853826E-03 -3.00000003E-03
+44.76000E-06 -990.95225313E-03 +1.02010043E-03
+44.77500E-06 +977.28893174E-03 +216.08034E-06
+44.79000E-06 +629.95225165E-03 -3.00000003E-03
+44.80500E-06 -1.22251003986E+00 -1.39195984E-03
+44.82000E-06 -257.68592927E-03 +1.82412053E-03
+44.83500E-06 +1.24743968248E+00 -1.39195984E-03
+44.85000E-06 -257.68592977E-03 -3.80402012E-03
+44.86500E-06 -1.29969596847E+00 +1.82412053E-03
+44.88000E-06 +591.35928774E-03 +1.82412052E-03
+44.89500E-06 +1.05447486022E+00 -3.80402012E-03
+44.91000E-06 -1.02954521789E+00 -2.19597993E-03
+44.92500E-06 -759.39446661E-03 +2.62814062E-03
+44.94000E-06 +1.24743968254E+00 -587.93975E-06
+44.95500E-06 +282.61557192E-03 -4.60804021E-03
+44.97000E-06 -1.41547486181E+00 -587.93975E-06
+44.98500E-06 +128.24371486E-03 +1.82412053E-03
+45.00000E-06 +1.28603264679E+00 -3.00000003E-03
+45.01500E-06 -643.61557389E-03 -4.60804021E-03
+45.03000E-06 -1.18391707518E+00 +1.82412053E-03
+45.04500E-06 +938.69596736E-03 +1.02010043E-03
+45.06000E-06 +822.91707370E-03 -4.60804021E-03
+45.07500E-06 -1.29969596871E+00 -1.39195984E-03
+45.09000E-06 -412.05778691E-03 +2.62814062E-03
+45.10500E-06 +1.36321857572E+00 -1.39195984E-03
+45.12000E-06 -103.31407219E-03 -4.60804021E-03
+45.13500E-06 -1.41547486175E+00 -587.93975E-06
+45.15000E-06 +514.17335898E-03 +2.62814062E-03
+45.16500E-06 +1.17025375347E+00 -3.00000003E-03
+45.18000E-06 -990.95225353E-03 -3.00000002E-03
+45.19500E-06 -952.35928863E-03 +2.62814062E-03
+45.21000E-06 +1.28603264698E+00 +216.08034E-06
+45.22500E-06 +436.98742956E-03 -3.80402012E-03
+45.24000E-06 -1.49266079068E+00 -587.93975E-06
+45.25500E-06 -26.12814274E-03 +2.62814062E-03
+45.27000E-06 +1.44040450446E+00 -2.19597993E-03
+45.28500E-06 -527.83668069E-03 -3.80402012E-03
+45.30000E-06 -1.33828893285E+00 +1.82412053E-03
+45.31500E-06 +900.10300301E-03 +1.82412052E-03
+45.33000E-06 +977.28893133E-03 -3.80402012E-03
+45.34500E-06 -1.33828893315E+00 -1.39195984E-03
+45.36000E-06 -605.02260890E-03 +2.62814062E-03
+45.37500E-06 +1.47899746895E+00 -1.39195984E-03
+45.39000E-06 +12.46482101E-03 -4.60804021E-03
+45.40500E-06 -1.53125375504E+00 +1.02010043E-03
+45.42000E-06 +475.58039455E-03 +2.62814062E-03
+45.43500E-06 +1.32462561117E+00 -2.19597994E-03
+45.45000E-06 -952.35928918E-03 -3.00000002E-03
+45.46500E-06 -1.10673114629E+00 +3.43216071E-03
+45.48000E-06 +1.28603264703E+00 +1.02010043E-03
+45.49500E-06 +629.95225158E-03 -4.60804021E-03
+45.51000E-06 -1.56984671953E+00 -587.93975E-06
+45.52500E-06 -180.50000035E-03 +3.43216071E-03
+45.54000E-06 +1.59477636210E+00 -2.19597993E-03
+45.55500E-06 -450.65075190E-03 -5.41206030E-03
+45.57000E-06 -1.53125375490E+00 +1.02010043E-03
+45.58500E-06 +861.51003866E-03 +1.82412052E-03
+45.60000E-06 +1.13166078900E+00 -4.60804021E-03
+45.61500E-06 -1.33828893324E+00 -3.00000002E-03
+45.63000E-06 -759.39446651E-03 +3.43216071E-03
+45.64500E-06 +1.55618339783E+00 +216.08034E-06
+45.66000E-06 +166.83667864E-03 -6.21608039E-03
+45.67500E-06 -1.72421857706E+00 +1.02010043E-03
+45.69000E-06 +321.20853697E-03 +3.43216071E-03
+45.70500E-06 +1.55618339760E+00 -2.19597994E-03
+45.72000E-06 -913.76632483E-03 -3.80402012E-03
+45.73500E-06 -1.29969596834E+00 +1.82412053E-03
+45.75000E-06 +1.28603264709E+00 +1.02010043E-03
+45.76500E-06 +822.91707362E-03 -4.60804021E-03
+45.78000E-06 -1.64703264841E+00 -1.39195984E-03
+45.79500E-06 -373.46482237E-03 +3.43216071E-03
+45.81000E-06 +1.71055525536E+00 -1.39195984E-03
+45.82500E-06 -296.27889432E-03 -4.60804021E-03
+45.84000E-06 -1.68562561256E+00 +1.82412053E-03
+45.85500E-06 +822.91707428E-03 +2.62814062E-03
+45.87000E-06 +1.36321857543E+00 -4.60804021E-03
+45.88500E-06 -1.33828893327E+00 -2.19597993E-03
+45.90000E-06 -952.35928858E-03 +2.62814062E-03
+45.91500E-06 +1.63336932668E+00 +216.08034E-06
+45.93000E-06 +359.80150063E-03 -5.41206030E-03
+45.94500E-06 -1.80140450594E+00 +216.08034E-06
+45.96000E-06 +166.83667939E-03 +3.43216071E-03
+45.97500E-06 +1.74914821962E+00 -3.80402012E-03
+45.99000E-06 -836.58039605E-03 -4.60804021E-03
+46.00500E-06 -1.49266079039E+00 +2.62814062E-03
+46.02000E-06 +1.24743968272E+00 +1.82412052E-03
+46.03500E-06 +1.01588189567E+00 -4.60804021E-03
+46.05000E-06 -1.68562561288E+00 -1.39195984E-03
+46.06500E-06 -489.24371562E-03 +5.04020089E-03
+46.08000E-06 +1.82633414865E+00 -1.39195984E-03
+46.09500E-06 -141.90703672E-03 -5.41206030E-03
+46.11000E-06 -1.87859043461E+00 +1.02010043E-03
+46.12500E-06 +707.13818109E-03 +3.43216071E-03
+46.14000E-06 +1.55618339747E+00 -5.41206030E-03
+46.15500E-06 -1.29969596892E+00 -3.00000003E-03
+46.17000E-06 -1.18391707501E+00 +3.43216071E-03
+46.18500E-06 +1.67196229115E+00 +216.08034E-06
+46.20000E-06 +552.76632267E-03 -6.21608039E-03
+46.21500E-06 -1.91718339920E+00 -587.93975E-06
+46.23000E-06 +12.46482176E-03 +3.43216071E-03
+46.24500E-06 +1.82633414853E+00 -3.00000003E-03
+46.26000E-06 -759.39446724E-03 -4.60804021E-03
+46.27500E-06 -1.72421857685E+00 +3.43216071E-03
+46.29000E-06 +1.20884671840E+00 +2.62814062E-03
+46.30500E-06 +1.24743968209E+00 -4.60804021E-03
+46.32000E-06 -1.72421857730E+00 -2.19597993E-03
+46.33500E-06 -720.80150204E-03 +4.23618080E-03
+46.35000E-06 +1.90352007750E+00 -1.39195984E-03
+46.36500E-06 +51.05778527E-03 -5.41206030E-03
+46.38000E-06 -1.99436932790E+00 +1.02010043E-03
+46.39500E-06 +591.35928796E-03 +3.43216071E-03
+46.41000E-06 +1.74914821955E+00 -3.80402012E-03
+46.42500E-06 -1.22251004017E+00 -3.80402012E-03
+46.44000E-06 -1.41547486147E+00 +3.43216071E-03
+46.45500E-06 +1.67196229119E+00 +216.08034E-06
+46.47000E-06 +784.32410907E-03 -6.21608039E-03
+46.48500E-06 -1.99436932805E+00 +216.08034E-06
+46.50000E-06 -180.50000023E-03 +4.23618080E-03
+46.51500E-06 +1.98070600620E+00 -2.19597994E-03
+46.53000E-06 -566.42964528E-03 -6.21608039E-03
+46.54500E-06 -1.87859043451E+00 +2.62814062E-03
+46.56000E-06 +1.13166078962E+00 +3.43216071E-03
+46.57500E-06 +1.44040450417E+00 -6.21608039E-03
+46.59000E-06 -1.72421857739E+00 -3.00000002E-03
+46.60500E-06 -952.35928847E-03 +5.04020089E-03
+46.62000E-06 +2.01929897070E+00 -587.93975E-06
+46.63500E-06 +244.02260728E-03 -6.21608039E-03
+46.65000E-06 -2.14874118554E+00 +216.08034E-06
+46.66500E-06 +436.98743035E-03 +5.04020089E-03
+46.68000E-06 +1.94211304163E+00 -3.80402012E-03
+46.69500E-06 -1.14532411139E+00 -5.41206030E-03
+46.71000E-06 -1.64703264792E+00 +3.43216071E-03
+46.72500E-06 +1.63336932687E+00 +1.82412052E-03
+46.74000E-06 +1.01588189552E+00 -6.21608039E-03
+46.75500E-06 -2.07155525694E+00 -587.93975E-06
+46.77000E-06 -412.05778665E-03 +5.04020089E-03
+46.78500E-06 +2.13507786387E+00 -1.39195984E-03
+46.80000E-06 -373.46482330E-03 -7.02010048E-03
+46.81500E-06 -2.11014822097E+00 +2.62814062E-03
+46.83000E-06 +1.05447486084E+00 +3.43216071E-03
+46.84500E-06 +1.67196229062E+00 -5.41206030E-03
+46.86000E-06 -1.68562561302E+00 -3.00000002E-03
+46.87500E-06 -1.18391707489E+00 +4.23618080E-03
+46.89000E-06 +2.01929897083E+00 -587.93975E-06
+46.90500E-06 +436.98742932E-03 -6.21608039E-03
+46.92000E-06 -2.26452007883E+00 +216.08034E-06
+46.93500E-06 +205.42964396E-03 +5.04020089E-03
+46.95000E-06 +2.13507786368E+00 -3.00000003E-03
+46.96500E-06 -1.02954521823E+00 -4.60804021E-03
+46.98000E-06 -1.83999747000E+00 +3.43216071E-03
+46.99500E-06 +1.63336932688E+00 +2.62814062E-03
+47.01000E-06 +1.28603264638E+00 -6.21608039E-03
+47.02500E-06 -2.11014822138E+00 -587.93975E-06
+47.04000E-06 -643.61557307E-03 +5.84422098E-03
+47.05500E-06 +2.25085675713E+00 -2.19597994E-03
+47.07000E-06 -219.09296567E-03 -6.21608039E-03
+47.08500E-06 -2.22592711429E+00 +2.62814062E-03
+47.10000E-06 +900.10300327E-03 +4.23618080E-03
+47.11500E-06 +1.90352007708E+00 -5.41206030E-03
+47.13000E-06 -1.68562561309E+00 -3.00000002E-03
+47.14500E-06 -1.41547486138E+00 +5.84422098E-03
+47.16000E-06 +2.09648489968E+00 +216.08034E-06
+47.17500E-06 +707.13818015E-03 -7.82412058E-03
+47.19000E-06 -2.34170600772E+00 +1.02010043E-03
+47.20500E-06 +12.46482195E-03 +5.84422098E-03
+47.22000E-06 +2.28944972135E+00 -3.80402012E-03
+47.23500E-06 -913.76632504E-03 -6.21608039E-03
+47.25000E-06 -2.07155525645E+00 +4.23618080E-03
+47.26500E-06 +1.55618339816E+00 +3.43216071E-03
+47.28000E-06 +1.51759043284E+00 -6.21608039E-03
+47.29500E-06 -2.07155525707E+00 -2.19597993E-03
+47.31000E-06 -875.17335949E-03 +5.84422098E-03
+47.32500E-06 +2.32804268605E+00 -1.39195984E-03
+47.34000E-06 +12.46482072E-03 -7.02010048E-03
+47.35500E-06 -2.41889193641E+00 +2.62814062E-03
+47.37000E-06 +745.73114570E-03 +5.04020089E-03
+47.38500E-06 +2.13507786354E+00 -4.60804021E-03
+47.40000E-06 -1.49266079114E+00 -4.60804021E-03
+47.41500E-06 -1.64703264783E+00 +4.23618080E-03
+47.43000E-06 +2.01929897096E+00 +1.82412052E-03
+47.44500E-06 +938.69596657E-03 -7.82412058E-03
+47.46000E-06 -2.41889193657E+00 -587.93975E-06
+47.47500E-06 -219.09296450E-03 +5.84422098E-03
+47.49000E-06 +2.44382157905E+00 -3.00000003E-03
+47.50500E-06 -682.20853865E-03 -5.41206030E-03
+47.52000E-06 -2.26452007853E+00 +4.23618080E-03
+47.53500E-06 +1.40181154062E+00 +4.23618080E-03
+47.55000E-06 +1.71055525495E+00 -6.21608039E-03
+47.56500E-06 -2.03296229277E+00 -2.19597993E-03
+47.58000E-06 -1.10673114598E+00 +5.84422099E-03
+47.59500E-06 +2.36663565050E+00 -587.93975E-06
+47.61000E-06 +282.61557155E-03 -7.02010048E-03
+47.62500E-06 -2.53467082964E+00 +1.82412053E-03
+47.64000E-06 +514.17335931E-03 +5.84422098E-03
+47.65500E-06 +2.32804268558E+00 -4.60804021E-03
+47.67000E-06 -1.41547486236E+00 -4.60804021E-03
+47.68500E-06 -1.91718339870E+00 +5.04020089E-03
+47.70000E-06 +1.98070600662E+00 +1.82412052E-03
+47.71500E-06 +1.17025375306E+00 -7.82412058E-03
+47.73000E-06 -2.45748490105E+00 -587.93975E-06
+47.74500E-06 -450.65075088E-03 +6.64824108E-03
+47.76000E-06 +2.55960047235E+00 -3.00000003E-03
+47.77500E-06 -489.24371664E-03 -7.02010048E-03
+47.79000E-06 -2.41889193620E+00 +3.43216071E-03
+47.80500E-06 +1.28603264740E+00 +5.04020089E-03
+47.82000E-06 +1.98070600578E+00 -6.21608039E-03
+47.83500E-06 -2.03296229277E+00 -2.19597993E-03
+47.85000E-06 -1.33828893243E+00 +5.84422099E-03
+47.86500E-06 +2.40522861498E+00 +216.08034E-06
+47.88000E-06 +514.17335800E-03 -7.82412058E-03
+47.89500E-06 -2.65044972294E+00 +1.02010044E-03
+47.91000E-06 +321.20853731E-03 +6.64824108E-03
+47.92500E-06 +2.48241454332E+00 -3.80402012E-03
+47.94000E-06 -1.22251004039E+00 -5.41206030E-03
+47.95500E-06 -2.11014822077E+00 +5.84422099E-03
+47.97000E-06 +1.94211304229E+00 +3.43216071E-03
+47.98500E-06 +1.44040450392E+00 -6.21608039E-03
+48.00000E-06 -2.45748490112E+00 -587.93975E-06
+48.01500E-06 -682.20853740E-03 +6.64824108E-03
+48.03000E-06 +2.59819343686E+00 -2.19597994E-03
+48.04500E-06 -257.68593023E-03 -7.02010048E-03
+48.06000E-06 -2.61185675828E+00 +3.43216071E-03
+48.07500E-06 +1.05447486105E+00 +5.04020089E-03
+48.09000E-06 +2.21226379223E+00 -5.41206030E-03
+48.10500E-06 -1.91718339962E+00 -3.80402012E-03
+48.12000E-06 -1.64703264767E+00 +5.84422098E-03
+48.13500E-06 +2.36663565060E+00 +216.08034E-06
+48.15000E-06 +784.32410882E-03 -7.82412058E-03
+48.16500E-06 -2.72763565179E+00 +1.82412053E-03
+48.18000E-06 +89.65075089E-03 +5.84422098E-03
+48.19500E-06 +2.59819343662E+00 -3.80402012E-03
+48.21000E-06 -1.02954521842E+00 -7.02010048E-03
+48.22500E-06 -2.30311304289E+00 +5.04020089E-03
+48.24000E-06 +1.78774118469E+00 +4.23618080E-03
+48.25500E-06 +1.71055525478E+00 -7.02010049E-03
+48.27000E-06 -2.41889193679E+00 -1.39195984E-03
+48.28500E-06 -952.35928819E-03 +7.45226117E-03
+48.30000E-06 +2.67537936568E+00 -1.39195984E-03
+48.31500E-06 +12.46482056E-03 -8.62814067E-03
+48.33000E-06 -2.72763565158E+00 +3.43216071E-03
+48.34500E-06 +900.10300349E-03 +5.84422098E-03
+48.36000E-06 +2.40522861435E+00 -5.41206030E-03
+48.37500E-06 -1.72421857771E+00 -4.60804021E-03
+48.39000E-06 -1.87859043412E+00 +6.64824108E-03
+48.40500E-06 +2.32804268627E+00 +1.82412052E-03
+48.42000E-06 +1.05447485965E+00 -8.62814067E-03
+48.43500E-06 -2.76622861627E+00 +216.08034E-06
+48.45000E-06 -219.09296434E-03 +7.45226117E-03
+48.46500E-06 +2.71397232992E+00 -3.00000003E-03
+48.48000E-06 -797.98743200E-03 -7.02010048E-03
+48.49500E-06 -2.49607786493E+00 +4.23618080E-03
+48.51000E-06 +1.59477636275E+00 +4.23618080E-03
+48.52500E-06 +1.90352007690E+00 -7.02010049E-03
+48.54000E-06 -2.38029897245E+00 -2.19597993E-03
+48.55500E-06 -1.22251003905E+00 +7.45226117E-03
+48.57000E-06 +2.71397233016E+00 -587.93975E-06
+48.58500E-06 +282.61557142E-03 -7.82412058E-03
+48.60000E-06 -2.84341454488E+00 +2.62814062E-03
+48.61500E-06 +629.95225267E-03 +5.84422098E-03
+48.63000E-06 +2.59819343643E+00 -5.41206030E-03
+48.64500E-06 -1.56984672012E+00 -5.41206030E-03
+48.66000E-06 -2.11014822064E+00 +5.04020089E-03
+48.67500E-06 +2.25085675752E+00 +1.82412052E-03
+48.69000E-06 +1.32462561055E+00 -8.62814067E-03
+48.70500E-06 -2.76622861635E+00 -587.93975E-06
+48.72000E-06 -450.65075079E-03 +7.45226117E-03
+48.73500E-06 +2.82975122314E+00 -3.00000003E-03
+48.75000E-06 -527.83668125E-03 -7.82412058E-03
+48.76500E-06 -2.68904268702E+00 +4.23618080E-03
+48.78000E-06 +1.44040450516E+00 +5.04020089E-03
+48.79500E-06 +2.17367082772E+00 -6.21608040E-03
+48.81000E-06 -2.22592711492E+00 -3.00000002E-03
+48.82500E-06 -1.49266078992E+00 +6.64824108E-03
+48.84000E-06 +2.67537936583E+00 +216.08034E-06
+48.85500E-06 +552.76632225E-03 -9.43216076E-03
+48.87000E-06 -2.88200750936E+00 +1.82412053E-03
+48.88500E-06 +398.39446625E-03 +7.45226117E-03
+48.90000E-06 +2.71397232973E+00 -4.60804021E-03
+48.91500E-06 -1.37688189815E+00 -5.41206030E-03
+48.93000E-06 -2.34170600709E+00 +5.84422099E-03
+48.94500E-06 +2.13507786437E+00 +2.62814061E-03
+48.96000E-06 +1.59477636141E+00 -8.62814067E-03
+48.97500E-06 -2.68904268764E+00 -1.39195984E-03
+48.99000E-06 -720.80150166E-03 +7.45226117E-03
+49.00500E-06 +2.86834418766E+00 -1.39195985E-03
+49.02000E-06 -334.87185917E-03 -8.62814067E-03
+49.03500E-06 -2.84341454469E+00 +3.43216071E-03
+49.05000E-06 +1.20884671878E+00 +5.84422098E-03
+49.06500E-06 +2.40522861418E+00 -6.21608040E-03
+49.08000E-06 -2.07155525736E+00 -3.80402012E-03
+49.09500E-06 -1.72421857640E+00 +6.64824108E-03
+49.11000E-06 +2.63678640150E+00 +1.02010043E-03
+49.12500E-06 +822.91707311E-03 -7.82412058E-03
+49.14000E-06 -2.95919343825E+00 +1.82412053E-03
+49.15500E-06 +89.65075102E-03 +7.45226117E-03
+49.17000E-06 +2.79115825865E+00 -3.00000003E-03
+49.18500E-06 -1.14532411173E+00 -7.02010048E-03
+49.20000E-06 -2.53467082921E+00 +5.04020089E-03
+49.21500E-06 +1.94211304244E+00 +3.43216071E-03
+49.23000E-06 +1.82633414790E+00 -8.62814067E-03
+49.24500E-06 -2.61185675889E+00 -1.39195984E-03
+49.26000E-06 -1.02954521689E+00 +8.25628126E-03
+49.27500E-06 +2.86834418777E+00 -587.93975E-06
+49.29000E-06 -26.12814394E-03 -7.82412058E-03
+49.30500E-06 -2.95919343799E+00 +3.43216071E-03
+49.32000E-06 +977.28893240E-03 +6.64824107E-03
+49.33500E-06 +2.55960047188E+00 -7.02010049E-03
+49.35000E-06 -1.91718339980E+00 -4.60804021E-03
+49.36500E-06 -1.99436932730E+00 +6.64824108E-03
+49.38000E-06 +2.52100750830E+00 +1.82412052E-03
+49.39500E-06 +1.09306782401E+00 -8.62814067E-03
+49.41000E-06 -2.92060047392E+00 +1.82412053E-03
+49.42500E-06 -180.49999984E-03 +8.25628126E-03
+49.44000E-06 +2.90693715192E+00 -3.80402012E-03
+49.45500E-06 -913.76632532E-03 -8.62814067E-03
+49.47000E-06 -2.68904268688E+00 +5.04020089E-03
+49.48500E-06 +1.74914822047E+00 +5.84422098E-03
+49.50000E-06 +2.05789193438E+00 -7.82412058E-03
+49.51500E-06 -2.49607786578E+00 -1.39195984E-03
+49.53000E-06 -1.26110300338E+00 +8.25628126E-03
+49.54500E-06 +2.86834418781E+00 -587.93975E-06
+49.56000E-06 +244.02260692E-03 -8.62814067E-03
+49.57500E-06 -2.99778640251E+00 +2.62814062E-03
+49.59000E-06 +668.54521721E-03 +7.45226117E-03
+49.60500E-06 +2.67537936522E+00 -5.41206030E-03
+49.62000E-06 -1.68562561347E+00 -5.41206030E-03
+49.63500E-06 -2.22592711375E+00 +7.45226117E-03
+49.65000E-06 +2.40522861523E+00 +2.62814062E-03
+49.66500E-06 +1.36321857487E+00 -8.62814067E-03
+49.68000E-06 -2.88200750959E+00 +216.08034E-06
+49.69500E-06 -489.24371503E-03 +8.25628126E-03
+49.71000E-06 +2.94553011640E+00 -3.80402012E-03
+49.72500E-06 -605.02261013E-03 -7.82412058E-03
+49.74000E-06 -2.80482158022E+00 +3.43216071E-03
+49.75500E-06 +1.51759043406E+00 +5.84422098E-03
+49.77000E-06 +2.25085675646E+00 -7.02010049E-03
+49.78500E-06 -2.34170600819E+00 -3.00000002E-03
+49.80000E-06 -1.53125375427E+00 +7.45226117E-03
+49.81500E-06 +2.79115825907E+00 -587.93975E-06
+49.83000E-06 +552.76632215E-03 -9.43216076E-03
+49.84500E-06 -3.03637936696E+00 +2.62814062E-03
+49.86000E-06 +398.39446635E-03 +7.45226117E-03
+49.87500E-06 +2.79115825856E+00 -4.60804021E-03
+49.89000E-06 -1.49266079139E+00 -5.41206030E-03
+49.90500E-06 -2.38029897146E+00 +5.84422099E-03
+49.92000E-06 +2.21226379326E+00 +3.43216071E-03
+49.93500E-06 +1.59477636132E+00 -10.23618085E-03
+49.95000E-06 -2.80482158084E+00 -587.93975E-06
+49.96500E-06 -720.80150156E-03 +8.25628126E-03
+49.98000E-06 +2.94553011648E+00 -2.19597994E-03
+49.99500E-06 -334.87185927E-03 -7.82412058E-03
+50.01000E-06 -2.92060047349E+00 +4.23618080E-03
+50.02500E-06 +1.28603264765E+00 +6.64824107E-03
+50.04000E-06 +2.44382157859E+00 -7.02010049E-03
+50.05500E-06 -2.14874118626E+00 -3.80402011E-03
+50.07000E-06 -1.76281154072E+00 +7.45226117E-03
+50.08500E-06 +2.67537936592E+00 +216.08034E-06
+50.10000E-06 +822.91707305E-03 -9.43216076E-03
+50.11500E-06 -3.03637936703E+00 +1.82412053E-03
+50.13000E-06 +128.24371553E-03 +7.45226117E-03
+50.14500E-06 +2.90693715179E+00 -4.60804021E-03
+50.16000E-06 -1.18391707619E+00 -7.02010048E-03
+50.17500E-06 -2.53467082917E+00 +5.84422099E-03
+50.19000E-06 +2.01929897130E+00 +5.04020089E-03
+50.20500E-06 +1.82633414785E+00 -7.82412058E-03
+50.22000E-06 -2.68904268774E+00 -1.39195984E-03
+50.23500E-06 -990.95225246E-03 +8.25628126E-03
+50.25000E-06 +2.98412308093E+00 -1.39195984E-03
+50.26500E-06 -26.12814408E-03 -8.62814067E-03
+50.28000E-06 -2.95919343797E+00 +3.43216071E-03
+50.29500E-06 +977.28893245E-03 +6.64824107E-03
+50.31000E-06 +2.55960047189E+00 -6.21608040E-03
+50.32500E-06 -1.95577636426E+00 -3.80402012E-03
+50.34000E-06 -1.99436932722E+00 +6.64824108E-03
+50.35500E-06 +2.52100750844E+00 +1.02010043E-03
+50.37000E-06 +1.05447485954E+00 -8.62814067E-03
+50.38500E-06 -2.95919343833E+00 +1.82412053E-03
+50.40000E-06 -180.49999970E-03 +8.25628126E-03
+50.41500E-06 +2.90693715186E+00 -3.80402012E-03
+50.43000E-06 -952.35928978E-03 -7.82412057E-03
+50.44500E-06 -2.65044972248E+00 +5.84422099E-03
+50.46000E-06 +1.78774118484E+00 +4.23618080E-03
+50.47500E-06 +1.98070600556E+00 -7.02010049E-03
+50.49000E-06 -2.53467083014E+00 -2.19597993E-03
+50.50500E-06 -1.26110300324E+00 +7.45226117E-03
+50.52000E-06 +2.86834418782E+00 -1.39195984E-03
+50.53500E-06 +244.02260682E-03 -9.43216076E-03
+50.55000E-06 -3.03637936683E+00 +3.43216071E-03
+50.56500E-06 +707.13818167E-03 +7.45226117E-03
+50.58000E-06 +2.63678640078E+00 -5.41206030E-03
+50.59500E-06 -1.72421857784E+00 -5.41206030E-03
+50.61000E-06 -2.18733414930E+00 +7.45226117E-03
+50.62500E-06 +2.40522861522E+00 +2.62814061E-03
+50.64000E-06 +1.32462561036E+00 -9.43216076E-03
+50.65500E-06 -2.84341454522E+00 +216.08034E-06
+50.67000E-06 -412.05778623E-03 +9.06030135E-03
+50.68500E-06 +2.94553011639E+00 -3.00000003E-03
+50.70000E-06 -643.61557459E-03 -8.62814067E-03
+50.71500E-06 -2.76622861574E+00 +5.04020089E-03
+50.73000E-06 +1.47899746969E+00 +5.84422098E-03
+50.74500E-06 +2.17367082764E+00 -7.82412058E-03
+50.76000E-06 -2.30311304381E+00 -3.00000002E-03
+50.77500E-06 -1.45406782540E+00 +7.45226117E-03
+50.79000E-06 +2.75256529467E+00 -587.93975E-06
+50.80500E-06 +475.58039331E-03 -8.62814067E-03
+50.82000E-06 -2.95919343817E+00 +2.62814062E-03
+50.83500E-06 +436.98743077E-03 +7.45226117E-03
+50.85000E-06 +2.71397232968E+00 -4.60804021E-03
+50.86500E-06 -1.41547486261E+00 -6.21608039E-03
+50.88000E-06 -2.34170600697E+00 +6.64824108E-03
+50.89500E-06 +2.13507786447E+00 +2.62814061E-03
+50.91000E-06 +1.51759043248E+00 -8.62814067E-03
+50.92500E-06 -2.72763565208E+00 +216.08034E-06
+50.94000E-06 -643.61557272E-03 +7.45226117E-03
+50.95500E-06 +2.86834418765E+00 -2.19597994E-03
+50.97000E-06 -373.46482369E-03 -7.82412058E-03
+50.98500E-06 -2.76622861586E+00 +5.04020089E-03
+51.00000E-06 +1.24743968332E+00 +5.84422098E-03
+51.01500E-06 +2.36663564972E+00 -7.82412058E-03
+51.03000E-06 -2.11014822180E+00 -3.80402011E-03
+51.04500E-06 -1.64703264744E+00 +7.45226117E-03
+51.06000E-06 +2.59819343711E+00 +216.08034E-06
+51.07500E-06 +745.73114417E-03 -7.82412058E-03
+51.09000E-06 -2.92060047384E+00 +2.62814062E-03
+51.10500E-06 +166.83667991E-03 +8.25628126E-03
+51.12000E-06 +2.75256529417E+00 -4.60804021E-03
+51.13500E-06 -1.18391707624E+00 -7.02010048E-03
+51.15000E-06 -2.41889193590E+00 +5.84422099E-03
+51.16500E-06 +1.94211304247E+00 +4.23618080E-03
+51.18000E-06 +1.71055525461E+00 -8.62814067E-03
+51.19500E-06 -2.61185675889E+00 -1.39195984E-03
+51.21000E-06 -913.76632358E-03 +7.45226117E-03
+51.22500E-06 +2.82975122328E+00 -2.19597994E-03
+51.24000E-06 -103.31407279E-03 -9.43216076E-03
+51.25500E-06 -2.80482158035E+00 +2.62814062E-03
+51.27000E-06 +977.28893250E-03 +5.84422098E-03
+51.28500E-06 +2.40522861425E+00 -6.21608040E-03
+51.30000E-06 -1.87859043543E+00 -4.60804021E-03
+51.31500E-06 -1.87859043398E+00 +7.45226117E-03
+51.33000E-06 +2.48241454393E+00 +1.02010043E-03
+51.34500E-06 +977.28893067E-03 -7.82412058E-03
+51.36000E-06 -2.80482158065E+00 +1.02010044E-03
+51.37500E-06 -103.31407095E-03 +8.25628126E-03
+51.39000E-06 +2.75256529420E+00 -3.80402012E-03
+51.40500E-06 -913.76632538E-03 -7.02010048E-03
+51.42000E-06 -2.53467082921E+00 +5.04020090E-03
+51.43500E-06 +1.67196229169E+00 +5.04020089E-03
+51.45000E-06 +1.90352007669E+00 -7.02010049E-03
+51.46500E-06 -2.38029897252E+00 -1.39195984E-03
+51.48000E-06 -1.14532411003E+00 +8.25628126E-03
+51.49500E-06 +2.71397233014E+00 -1.39195984E-03
+51.51000E-06 +205.42964240E-03 -8.62814067E-03
+51.52500E-06 -2.80482158039E+00 +3.43216071E-03
+51.54000E-06 +707.13818160E-03 +6.64824107E-03
+51.55500E-06 +2.44382157874E+00 -5.41206030E-03
+51.57000E-06 -1.64703264902E+00 -4.60804021E-03
+51.58500E-06 -1.99436932728E+00 +5.84422099E-03
+51.60000E-06 +2.25085675760E+00 +2.62814061E-03
+51.61500E-06 +1.20884671716E+00 -7.82412058E-03
+51.63000E-06 -2.72763565187E+00 +1.02010044E-03
+51.64500E-06 -373.46482181E-03 +7.45226117E-03
+51.66000E-06 +2.71397232988E+00 -4.60804021E-03
+51.67500E-06 -643.61557452E-03 -7.82412057E-03
+51.69000E-06 -2.57326379370E+00 +5.04020089E-03
+51.70500E-06 +1.44040450524E+00 +5.04020089E-03
+51.72000E-06 +2.01929897000E+00 -7.82412058E-03
+51.73500E-06 -2.18733415051E+00 -3.00000002E-03
+51.75000E-06 -1.29969596779E+00 +8.25628126E-03
+51.76500E-06 +2.55960047263E+00 -587.93975E-06
+51.78000E-06 +398.39446448E-03 -8.62814067E-03
+51.79500E-06 -2.72763565169E+00 +2.62814062E-03
+51.81000E-06 +436.98743074E-03 +7.45226117E-03
+51.82500E-06 +2.48241454323E+00 -4.60804021E-03
+51.84000E-06 -1.37688189820E+00 -6.21608039E-03
+51.85500E-06 -2.11014822059E+00 +5.84422099E-03
+51.87000E-06 +2.01929897119E+00 +2.62814061E-03
+51.88500E-06 +1.36321857488E+00 -8.62814067E-03
+51.90000E-06 -2.53467082995E+00 -587.93975E-06
+51.91500E-06 -605.02260830E-03 +8.25628126E-03
+51.93000E-06 +2.63678640118E+00 -2.19597994E-03
+51.94500E-06 -334.87185929E-03 -7.82412058E-03
+51.96000E-06 -2.57326379374E+00 +5.04020089E-03
+51.97500E-06 +1.17025375442E+00 +5.04020089E-03
+51.99000E-06 +2.09648489890E+00 -6.21608040E-03
+52.00500E-06 -1.95577636415E+00 -3.00000002E-03
+52.02000E-06 -1.49266078988E+00 +6.64824108E-03
+52.03500E-06 +2.36663565066E+00 +216.08034E-06
+52.05000E-06 +668.54521534E-03 -8.62814067E-03
+52.06500E-06 -2.65044972287E+00 +1.82412053E-03
+52.08000E-06 +166.83667988E-03 +6.64824107E-03
+52.09500E-06 +2.48241454327E+00 -5.41206030E-03
+52.11000E-06 -1.10673114734E+00 -6.21608039E-03
+52.12500E-06 -2.14874118513E+00 +5.84422099E-03
+52.14000E-06 +1.74914822041E+00 +3.43216071E-03
+52.15500E-06 +1.51759043260E+00 -7.82412058E-03
+52.17000E-06 -2.34170600799E+00 -587.93975E-06
+52.18500E-06 -797.98743039E-03 +7.45226117E-03
+52.20000E-06 +2.59819343677E+00 -2.19597994E-03
+52.21500E-06 -103.31407280E-03 -9.43216076E-03
+52.23000E-06 -2.53467082941E+00 +3.43216071E-03
+52.24500E-06 +900.10300356E-03 +5.84422098E-03
+52.26000E-06 +2.17367082771E+00 -6.21608039E-03
+52.27500E-06 -1.72421857773E+00 -3.80402012E-03
+52.29000E-06 -1.68562561192E+00 +5.84422099E-03
+52.30500E-06 +2.21226379307E+00 +1.02010043E-03
+52.32000E-06 +900.10300183E-03 -7.82412058E-03
+52.33500E-06 -2.53467082977E+00 +1.02010044E-03
+52.35000E-06 -64.72110657E-03 +6.64824108E-03
+52.36500E-06 +2.44382157899E+00 -3.80402012E-03
+52.38000E-06 -836.58039652E-03 -7.02010048E-03
+52.39500E-06 -2.26452007831E+00 +5.04020089E-03
+52.41000E-06 +1.55618339836E+00 +3.43216071E-03
+52.42500E-06 +1.67196229027E+00 -7.02010049E-03
+52.44000E-06 -2.14874118598E+00 -1.39195984E-03
+52.45500E-06 -990.95225247E-03 +5.84422099E-03
+52.47000E-06 +2.40522861485E+00 -1.39195984E-03
+52.48500E-06 +128.24371370E-03 -7.82412058E-03
+52.50000E-06 -2.49607786509E+00 +1.82412053E-03
+52.51500E-06 +629.95225274E-03 +6.64824107E-03
+52.53000E-06 +2.17367082784E+00 -5.41206030E-03
+52.54500E-06 -1.45406782691E+00 -4.60804021E-03
+52.56000E-06 -1.72421857641E+00 +5.84422098E-03
+52.57500E-06 +1.98070600666E+00 +1.02010043E-03
+52.59000E-06 +1.01588189519E+00 -7.82412058E-03
+52.60500E-06 -2.34170600786E+00 +1.02010044E-03
+52.62000E-06 -257.68592871E-03 +6.64824108E-03
+52.63500E-06 +2.36663565026E+00 -3.00000003E-03
+52.65000E-06 -605.02261002E-03 -7.02010048E-03
+52.66500E-06 -2.18733414966E+00 +4.23618080E-03
+52.68000E-06 +1.28603264754E+00 +3.43216071E-03
+52.69500E-06 +1.74914821918E+00 -7.02010049E-03
+52.71000E-06 -1.91718339962E+00 -1.39195984E-03
+52.72500E-06 -1.10673114579E+00 +5.84422098E-03
+52.74000E-06 +2.21226379289E+00 +216.08034E-06
+52.75500E-06 +321.20853579E-03 -7.82412058E-03
+52.77000E-06 -2.38029897199E+00 +1.82412053E-03
+52.78500E-06 +398.39446633E-03 +5.84422098E-03
+52.80000E-06 +2.17367082797E+00 -4.60804021E-03
+52.81500E-06 -1.18391707614E+00 -5.41206030E-03
+52.83000E-06 -1.80140450536E+00 +5.04020089E-03
+52.84500E-06 +1.74914822029E+00 +1.82412052E-03
+52.86000E-06 +1.13166078846E+00 -7.82412058E-03
+52.87500E-06 -2.18733415026E+00 +216.08034E-06
+52.89000E-06 -489.24371511E-03 +5.84422099E-03
+52.90500E-06 +2.25085675712E+00 -3.00000003E-03
+52.92000E-06 -334.87185920E-03 -7.02010048E-03
+52.93500E-06 -2.18733414975E+00 +3.43216071E-03
+52.95000E-06 +1.05447486109E+00 +4.23618080E-03
+52.96500E-06 +1.78774118367E+00 -6.21608040E-03
+52.98000E-06 -1.72421857762E+00 -3.00000002E-03
+52.99500E-06 -1.26110300346E+00 +6.64824108E-03
+53.01000E-06 +2.05789193530E+00 +216.08034E-06
+53.02500E-06 +514.17335788E-03 -7.82412058E-03
+53.04000E-06 -2.26452007885E+00 +1.82412053E-03
+53.05500E-06 +205.42964415E-03 +5.04020089E-03
+53.07000E-06 +2.13507786360E+00 -3.80402012E-03
+53.08500E-06 -952.35928964E-03 -5.41206030E-03
+53.10000E-06 -1.83999746986E+00 +5.04020089E-03
+53.11500E-06 +1.55618339824E+00 +1.82412052E-03
+53.13000E-06 +1.28603264609E+00 -7.02010049E-03
+53.14500E-06 -1.99436932826E+00 -587.93975E-06
+53.16000E-06 -643.61557284E-03 +5.84422098E-03
+53.17500E-06 +2.17367082829E+00 -2.19597994E-03
+53.19000E-06 -141.90703711E-03 -7.02010048E-03
+53.20500E-06 -2.14874118538E+00 +4.23618080E-03
+53.22000E-06 +784.32411027E-03 +4.23618080E-03
+53.23500E-06 +1.78774118376E+00 -5.41206030E-03
+53.25000E-06 -1.49266079116E+00 -3.00000002E-03
+53.26500E-06 -1.37688189673E+00 +5.84422098E-03
+53.28000E-06 +1.86492711329E+00 +216.08034E-06
+53.29500E-06 +668.54521556E-03 -7.02010048E-03
+53.31000E-06 -2.14874118562E+00 +1.02010044E-03
+53.32500E-06 -26.12814231E-03 +5.84422098E-03
+53.34000E-06 +2.05789193482E+00 -3.80402012E-03
+53.35500E-06 -759.39446760E-03 -5.41206030E-03
+53.37000E-06 -1.87859043431E+00 +4.23618080E-03
+53.38500E-06 +1.28603264747E+00 +2.62814062E-03
+53.40000E-06 +1.36321857504E+00 -6.21608039E-03
+53.41500E-06 -1.83999747067E+00 -2.19597993E-03
+53.43000E-06 -797.98743052E-03 +5.84422098E-03
+53.44500E-06 +2.01929897075E+00 -1.39195985E-03
+53.46000E-06 +51.05778502E-03 -7.82412058E-03
+53.47500E-06 -2.07155525660E+00 +2.62814062E-03
+53.49000E-06 +552.76632381E-03 +5.04020089E-03
+53.50500E-06 +1.78774118385E+00 -4.60804021E-03
+53.52000E-06 -1.26110300470E+00 -3.80402012E-03
+53.53500E-06 -1.41547486128E+00 +4.23618080E-03
+53.55000E-06 +1.67196229129E+00 +1.02010043E-03
+53.56500E-06 +784.32410883E-03 -6.21608039E-03
+53.58000E-06 -1.99436932807E+00 +216.08034E-06
+53.59500E-06 -180.50000004E-03 +5.04020089E-03
+53.61000E-06 +1.98070600609E+00 -3.00000003E-03
+53.62500E-06 -527.83668109E-03 -5.41206030E-03
+53.64000E-06 -1.83999746999E+00 +3.43216071E-03
+53.65500E-06 +1.09306782538E+00 +2.62814062E-03
+53.67000E-06 +1.40181153949E+00 -5.41206030E-03
+53.68500E-06 -1.60843968426E+00 -1.39195984E-03
+53.70000E-06 -952.35928820E-03 +5.04020089E-03
+53.71500E-06 +1.82633414874E+00 -587.93975E-06
+53.73000E-06 +205.42964271E-03 -5.41206030E-03
+53.74500E-06 -1.95577636346E+00 +2.62814062E-03
+53.76000E-06 +321.20853736E-03 +4.23618080E-03
+53.77500E-06 +1.74914821948E+00 -4.60804021E-03
+53.79000E-06 -1.02954521834E+00 -4.60804021E-03
+53.80500E-06 -1.49266079009E+00 +4.23618080E-03
+53.82000E-06 +1.47899746924E+00 +1.02010043E-03
+53.83500E-06 +938.69596646E-03 -6.21608039E-03
+53.85000E-06 -1.80140450612E+00 -587.93975E-06
+53.86500E-06 -373.46482203E-03 +5.04020089E-03
+53.88000E-06 +1.86492711296E+00 -2.19597994E-03
+53.89500E-06 -296.27889464E-03 -5.41206030E-03
+53.91000E-06 -1.80140450557E+00 +3.43216071E-03
+53.92500E-06 +861.51003897E-03 +4.23618080E-03
+53.94000E-06 +1.44040450399E+00 -5.41206030E-03
+53.95500E-06 -1.41547486226E+00 -2.19597993E-03
+53.97000E-06 -1.02954521706E+00 +5.04020089E-03
+53.98500E-06 +1.67196229115E+00 -587.93975E-06
+54.00000E-06 +398.39446470E-03 -6.21608039E-03
+54.01500E-06 -1.83999747033E+00 +1.02010044E-03
+54.03000E-06 +205.42964399E-03 +4.23618080E-03
+54.04500E-06 +1.71055525511E+00 -3.00000003E-03
+54.06000E-06 -797.98743188E-03 -3.80402012E-03
+54.07500E-06 -1.49266079018E+00 +3.43216071E-03
+54.09000E-06 +1.24743968288E+00 +2.62814061E-03
+54.10500E-06 +977.28893101E-03 -6.21608039E-03
+54.12000E-06 -1.64703264847E+00 -587.93975E-06
+54.13500E-06 -489.24371535E-03 +4.23618080E-03
+54.15000E-06 +1.71055525536E+00 -2.19597994E-03
+54.16500E-06 -141.90703695E-03 -5.41206030E-03
+54.18000E-06 -1.72421857690E+00 +1.82412053E-03
+54.19500E-06 +668.54521687E-03 +3.43216071E-03
+54.21000E-06 +1.47899746845E+00 -4.60804021E-03
+54.22500E-06 -1.14532411144E+00 -3.00000002E-03
+54.24000E-06 -1.06813818156E+00 +4.23618080E-03
+54.25500E-06 +1.47899746915E+00 -587.93975E-06
+54.27000E-06 +552.76632239E-03 -6.21608039E-03
+54.28500E-06 -1.68562561274E+00 +1.02010043E-03
+54.30000E-06 +12.46482194E-03 +4.23618080E-03
+54.31500E-06 +1.59477636203E+00 -3.00000003E-03
+54.33000E-06 -605.02260979E-03 -3.80402012E-03
+54.34500E-06 -1.45406782587E+00 +3.43216071E-03
+54.36000E-06 +1.05447486088E+00 +1.82412052E-03
+54.37500E-06 +1.05447485982E+00 -5.41206030E-03
+54.39000E-06 -1.45406782647E+00 -587.93975E-06
+54.40500E-06 -605.02260863E-03 +5.04020089E-03
+54.42000E-06 +1.59477636218E+00 -1.39195984E-03
+54.43500E-06 +12.46482073E-03 -5.41206030E-03
+54.45000E-06 -1.68562561248E+00 +1.82412053E-03
+54.46500E-06 +475.58039483E-03 +3.43216071E-03
+54.48000E-06 +1.40181153977E+00 -4.60804021E-03
+54.49500E-06 -990.95225380E-03 -3.00000002E-03
+54.51000E-06 -1.10673114601E+00 +3.43216071E-03
+54.52500E-06 +1.32462561156E+00 +1.02010043E-03
+54.54000E-06 +629.95225130E-03 -6.21608039E-03
+54.55500E-06 -1.60843968391E+00 +216.08034E-06
+54.57000E-06 -141.90703564E-03 +5.04020089E-03
+54.58500E-06 +1.51759043321E+00 -2.19597994E-03
+54.60000E-06 -412.05778779E-03 -3.80402012E-03
+54.61500E-06 -1.41547486155E+00 +2.62814062E-03
+54.63000E-06 +822.91707443E-03 +1.82412052E-03
+54.64500E-06 +1.05447485997E+00 -4.60804021E-03
+54.66000E-06 -1.26110300453E+00 -2.19597993E-03
+54.67500E-06 -682.20853749E-03 +4.23618080E-03
+54.69000E-06 +1.44040450464E+00 -587.93975E-06
+54.70500E-06 +205.42964272E-03 -4.60804021E-03
+54.72000E-06 -1.49266079058E+00 +1.82412053E-03
+54.73500E-06 +282.61557273E-03 +3.43216071E-03
+54.75000E-06 +1.36321857541E+00 -3.00000003E-03
+54.76500E-06 -836.58039606E-03 -3.00000003E-03
+54.78000E-06 -1.14532411052E+00 +3.43216071E-03
+54.79500E-06 +1.09306782515E+00 +1.02010043E-03
+54.81000E-06 +668.54521581E-03 -5.41206030E-03
+54.82500E-06 -1.37688189755E+00 +216.08034E-06
+54.84000E-06 -257.68592897E-03 +3.43216071E-03
+54.85500E-06 +1.44040450438E+00 -2.19597993E-03
+54.87000E-06 -257.68593016E-03 -3.80402012E-03
+54.88500E-06 -1.37688189714E+00 +2.62814062E-03
+54.90000E-06 +668.54521679E-03 +1.82412052E-03
+54.91500E-06 +1.09306782437E+00 -3.80402012E-03
+54.93000E-06 -1.10673114683E+00 -1.39195984E-03
+54.94500E-06 -797.98743072E-03 +3.43216071E-03
+54.96000E-06 +1.28603264705E+00 +216.08034E-06
+54.97500E-06 +244.02260728E-03 -5.41206030E-03
+54.99000E-06 -1.41547486181E+00 +1.02010043E-03
+55.00500E-06 +128.24371509E-03 +3.43216071E-03
+55.02000E-06 +1.28603264663E+00 -3.00000003E-03
+55.03500E-06 -643.61557406E-03 -3.00000002E-03
+55.05000E-06 -1.10673114626E+00 +2.62814062E-03
+55.06500E-06 +938.69596751E-03 +216.08034E-06
+55.08000E-06 +745.73114462E-03 -4.60804021E-03
+55.09500E-06 -1.18391707561E+00 -1.39195984E-03
+55.11000E-06 -373.46482224E-03 +3.43216071E-03
+55.12500E-06 +1.32462561125E+00 -1.39195984E-03
+55.14000E-06 -141.90703683E-03 -4.60804021E-03
+55.15500E-06 -1.29969596842E+00 +1.82412053E-03
+55.17000E-06 +475.58039479E-03 +1.82412052E-03
+55.18500E-06 +1.09306782442E+00 -3.80402012E-03
+55.20000E-06 -913.76632484E-03 -2.19597993E-03
+55.21500E-06 -797.98743087E-03 +2.62814062E-03
+55.23000E-06 +1.09306782505E+00 +216.08034E-06
+55.24500E-06 +359.80150051E-03 -4.60804021E-03
+55.26000E-06 -1.26110300427E+00 +216.08034E-06
+55.27500E-06 +12.46482181E-03 +2.62814062E-03
+55.29000E-06 +1.20884671791E+00 -3.00000003E-03
+55.30500E-06 -489.24371642E-03 -3.00000003E-03
+55.32000E-06 -1.06813818185E+00 +2.62814062E-03
+55.33500E-06 +784.32410982E-03 +1.02010043E-03
+55.35000E-06 +745.73114472E-03 -3.80402012E-03
+55.36500E-06 -1.06813818243E+00 -587.93975E-06
+55.38000E-06 -412.05778670E-03 +2.62814062E-03
+55.39500E-06 +1.17025375366E+00 -1.39195984E-03
+55.41000E-06 +12.46482086E-03 -3.80402012E-03
+55.42500E-06 -1.18391707529E+00 +1.82412053E-03
+55.44000E-06 +359.80150152E-03 +1.82412052E-03
+55.45500E-06 +1.05447486006E+00 -4.60804021E-03
+55.47000E-06 -720.80150284E-03 -3.00000002E-03
+55.48500E-06 -797.98743091E-03 +3.43216071E-03
+55.50000E-06 +1.01588189613E+00 +216.08034E-06
+55.51500E-06 +436.98742938E-03 -3.80402012E-03
+55.53000E-06 -1.14532411104E+00 -587.93975E-06
+55.54500E-06 -64.72110705E-03 +2.62814062E-03
+55.56000E-06 +1.13166078909E+00 -3.00000003E-03
+55.57500E-06 -334.87185879E-03 -3.80402012E-03
+55.59000E-06 -1.06813818190E+00 +1.82412053E-03
+55.60500E-06 +591.35928788E-03 +1.02010043E-03
+55.62000E-06 +784.32410912E-03 -3.80402012E-03
+55.63500E-06 -952.35928909E-03 -1.39195984E-03
+55.65000E-06 -489.24371552E-03 +3.43216071E-03
+55.66500E-06 +1.05447486048E+00 +216.08034E-06
+55.68000E-06 +89.65074967E-03 -4.60804021E-03
+55.69500E-06 -1.10673114652E+00 +216.08034E-06
+55.71000E-06 +205.42964377E-03 +2.62814062E-03
+55.72500E-06 +938.69596698E-03 -3.00000003E-03
+55.74000E-06 -605.02260967E-03 -3.00000002E-03
+55.75500E-06 -836.58039532E-03 +1.82412053E-03
+55.77000E-06 +822.91707418E-03 +216.08034E-06
+55.78500E-06 +475.58039383E-03 -4.60804021E-03
+55.80000E-06 -990.95225345E-03 +216.08034E-06
+55.81500E-06 -141.90703593E-03 +2.62814062E-03
+55.83000E-06 +1.01588189591E+00 -2.19597994E-03
+55.84500E-06 -219.09296551E-03 -3.00000003E-03
+55.86000E-06 -990.95225312E-03 +1.02010043E-03
+55.87500E-06 +475.58039459E-03 +1.02010043E-03
+55.89000E-06 +745.73114482E-03 -3.00000003E-03
+55.90500E-06 -797.98743145E-03 -587.93975E-06
+55.92000E-06 -527.83667998E-03 +2.62814062E-03
+55.93500E-06 +900.10300290E-03 -2.19597993E-03
+55.95000E-06 +166.83667854E-03 -3.00000003E-03
+55.96500E-06 -990.95225329E-03 +1.82412052E-03
+55.98000E-06 +89.65075060E-03 +1.82412052E-03
+55.99500E-06 +900.10300262E-03 -3.00000003E-03
+56.01000E-06 -450.65075197E-03 -2.19597993E-03
+56.02500E-06 -797.98743101E-03 +1.82412053E-03
+56.04000E-06 +668.54521654E-03 +216.08034E-06
+56.05500E-06 +514.17335829E-03 -4.60804021E-03
+56.07000E-06 -913.76632458E-03 -587.93975E-06
+56.08500E-06 -257.68592915E-03 +2.62814062E-03
+56.10000E-06 +900.10300279E-03 -3.00000003E-03
+56.11500E-06 -103.31407228E-03 -3.80402012E-03
+56.13000E-06 -913.76632436E-03 +216.08034E-06
+56.14500E-06 +398.39446572E-03 +216.08034E-06
+56.16000E-06 +745.73114487E-03 -3.80402012E-03
+56.17500E-06 -643.61557387E-03 -2.19597993E-03
+56.19000E-06 -566.42964449E-03 +2.62814062E-03
+56.20500E-06 +784.32410966E-03 -587.93975E-06
+56.22000E-06 +205.42964301E-03 -3.80402012E-03
+56.23500E-06 -952.35928888E-03 +1.02010043E-03
+56.25000E-06 +12.46482173E-03 +2.62814061E-03
+56.26500E-06 +861.51003821E-03 -2.19597994E-03
+56.28000E-06 -373.46482305E-03 -2.19597993E-03
+56.29500E-06 -797.98743101E-03 +1.02010043E-03
+56.31000E-06 +552.76632337E-03 +216.08034E-06
+56.32500E-06 +475.58039399E-03 -3.80402012E-03
+56.34000E-06 -797.98743145E-03 -1.39195984E-03
+56.35500E-06 -334.87185797E-03 +1.82412053E-03
+56.37000E-06 +822.91707402E-03 -1.39195984E-03
+56.38500E-06 -26.12814346E-03 -3.80402012E-03
+56.40000E-06 -875.17336000E-03 +216.08034E-06
+56.41500E-06 +244.02260808E-03 +1.02010043E-03
+56.43000E-06 +707.13818051E-03 -2.19597993E-03
+56.44500E-06 -527.83668069E-03 -1.39195984E-03
+56.46000E-06 -527.83668019E-03 +1.02010043E-03
+56.47500E-06 +629.95225208E-03 +216.08034E-06
+56.49000E-06 +282.61557188E-03 -3.80402012E-03
+56.50500E-06 -797.98743134E-03 +216.08034E-06
+56.52000E-06 -26.12814279E-03 +1.82412052E-03
+56.53500E-06 +745.73114503E-03 -2.19597993E-03
+56.55000E-06 -296.27889417E-03 -3.00000002E-03
+56.56500E-06 -720.80150230E-03 +1.02010043E-03
+56.58000E-06 +436.98743003E-03 +216.08034E-06
+56.59500E-06 +514.17335840E-03 -2.19597994E-03
+56.61000E-06 -643.61557381E-03 -1.39195984E-03
+56.62500E-06 -334.87185802E-03 +1.82412053E-03
+56.64000E-06 +745.73114514E-03 -1.39195984E-03
+56.65500E-06 +51.05778541E-03 -3.80402012E-03
+56.67000E-06 -797.98743117E-03 +216.08034E-06
+56.68500E-06 +128.24371485E-03 +216.08034E-06
+56.70000E-06 +668.54521610E-03 -3.00000002E-03
+56.71500E-06 -450.65075182E-03 -1.39195984E-03
+56.73000E-06 -527.83668019E-03 +216.08034E-06
+56.74500E-06 +552.76632326E-03 -587.93975E-06
+56.76000E-06 +282.61557193E-03 -3.80402012E-03
+56.77500E-06 -720.80150247E-03 -587.93975E-06
+56.79000E-06 -141.90703596E-03 +1.82412053E-03
+56.80500E-06 +668.54521627E-03 -2.19597993E-03
+56.82000E-06 -180.50000100E-03 -3.00000002E-03
+56.83500E-06 -682.20853783E-03 +1.02010043E-03
+56.85000E-06 +321.20853685E-03 +216.08034E-06
+56.86500E-06 +514.17335839E-03 -3.00000003E-03
+56.88000E-06 -527.83668058E-03 -1.39195984E-03
+56.89500E-06 -334.87185813E-03 +216.08034E-06
+56.91000E-06 +591.35928756E-03 -587.93975E-06
+56.92500E-06 +89.65074993E-03 -3.00000003E-03
+56.94000E-06 -720.80150241E-03 +216.08034E-06
+56.95500E-06 +89.65075039E-03 +1.02010043E-03
+56.97000E-06 +591.35928739E-03 -1.39195984E-03
+56.98500E-06 -334.87185859E-03 -2.19597993E-03
+57.00000E-06 -527.83668018E-03 +1.02010043E-03
+57.01500E-06 +436.98743003E-03 -587.93975E-06
+57.03000E-06 +321.20853634E-03 -2.19597994E-03
+57.04500E-06 -605.02260929E-03 -587.93975E-06
+57.06000E-06 -141.90703607E-03 +1.02010043E-03
+57.07500E-06 +591.35928750E-03 -1.39195984E-03
+57.09000E-06 -103.31407212E-03 -3.00000002E-03
+57.10500E-06 -605.02260912E-03 +216.08034E-06
+57.12000E-06 +244.02260803E-03 +1.02010043E-03
+57.13500E-06 +475.58039404E-03 -3.00000003E-03
+57.15000E-06 -450.65075176E-03 -587.93975E-06
+57.16500E-06 -412.05778689E-03 +1.02010043E-03
+57.18000E-06 +514.17335874E-03 -1.39195984E-03
+57.19500E-06 +166.83667869E-03 -3.00000002E-03
+57.21000E-06 -605.02260918E-03 -587.93975E-06
+57.22500E-06 +12.46482163E-03 +1.02010043E-03
+57.24000E-06 +552.76632297E-03 -1.39195984E-03
+57.25500E-06 -219.09296536E-03 -2.19597993E-03
+57.27000E-06 -489.24371589E-03 +1.02010043E-03
+57.28500E-06 +359.80150121E-03 +216.08034E-06
+57.30000E-06 +321.20853633E-03 -2.19597993E-03
+57.31500E-06 -527.83668047E-03 -587.93975E-06
+57.33000E-06 -219.09296484E-03 +1.02010043E-03
+57.34500E-06 +514.17335868E-03 -1.39195984E-03
+57.36000E-06 -64.72110772E-03 -2.19597994E-03
+57.37500E-06 -566.42964476E-03 -587.93975E-06
+57.39000E-06 +166.83667921E-03 +216.08034E-06
+57.40500E-06 +436.98742974E-03 -2.19597993E-03
+57.42000E-06 -373.46482294E-03 -1.39195984E-03
+57.43500E-06 -373.46482254E-03 +1.02010043E-03
+57.45000E-06 +398.39446562E-03 -1.39195984E-03
+57.46500E-06 +166.83667875E-03 -2.19597993E-03
+57.48000E-06 -566.42964482E-03 -587.93975E-06
+57.49500E-06 -64.72110725E-03 +216.08034E-06
+57.51000E-06 +475.58039421E-03 -587.93975E-06
+57.52500E-06 -180.50000089E-03 -2.19597993E-03
+57.54000E-06 -450.65075147E-03 +216.08034E-06
+57.55500E-06 +244.02260804E-03 +216.08034E-06
+57.57000E-06 +321.20853645E-03 -2.19597993E-03
+57.58500E-06 -450.65075171E-03 -587.93975E-06
+57.60000E-06 -219.09296495E-03 +1.82412052E-03
+57.61500E-06 +436.98742992E-03 -1.39195984E-03
+57.63000E-06 +12.46482116E-03 -1.39195984E-03
+57.64500E-06 -489.24371600E-03 -587.93975E-06
+57.66000E-06 +89.65075040E-03 +216.08034E-06
+57.67500E-06 +398.39446533E-03 -1.39195984E-03
+57.69000E-06 -296.27889412E-03 -1.39195984E-03
+57.70500E-06 -334.87185824E-03 +216.08034E-06
+57.72000E-06 +359.80150109E-03 +216.08034E-06
+57.73500E-06 +166.83667880E-03 -2.19597993E-03
+57.75000E-06 -450.65075165E-03 -587.93975E-06
+57.76500E-06 -64.72110731E-03 +1.02010043E-03
+57.78000E-06 +436.98742980E-03 -2.19597993E-03
+57.79500E-06 -141.90703648E-03 -1.39195984E-03
+57.81000E-06 -412.05778706E-03 +216.08034E-06
+57.82500E-06 +205.42964351E-03 -587.93975E-06
+57.84000E-06 +282.61557210E-03 -2.19597993E-03
+57.85500E-06 -334.87185848E-03 -1.39195984E-03
+57.87000E-06 -257.68592930E-03 +1.02010043E-03
+57.88500E-06 +359.80150110E-03 -1.39195984E-03
+57.90000E-06 +12.46482122E-03 -2.19597993E-03
+57.91500E-06 -450.65075153E-03 +216.08034E-06
+57.93000E-06 +89.65075034E-03 -587.93975E-06
+57.94500E-06 +359.80150098E-03 -1.39195984E-03
+57.96000E-06 -219.09296525E-03 -2.19597993E-03
+57.97500E-06 -334.87185818E-03 -587.93975E-06
+57.99000E-06 +244.02260798E-03 -587.93975E-06
+58.00500E-06 +205.42964321E-03 -1.39195984E-03
+58.02000E-06 -373.46482289E-03 -587.93975E-06
+58.03500E-06 -141.90703607E-03 +1.02010043E-03
+58.05000E-06 +398.39446539E-03 -587.93975E-06
+58.06500E-06 -64.72110766E-03 -2.19597993E-03
+58.08000E-06 -412.05778706E-03 +216.08034E-06
+58.09500E-06 +128.24371475E-03 -587.93975E-06
+58.11000E-06 +244.02260768E-03 -1.39195984E-03
+58.12500E-06 -257.68592972E-03 -1.39195984E-03
+58.14000E-06 -219.09296501E-03 +1.02010043E-03
+58.15500E-06 +282.61557227E-03 -1.39195984E-03
+58.17000E-06 +51.05778563E-03 -2.19597993E-03
+58.18500E-06 -412.05778712E-03 -587.93975E-06
+58.20000E-06 -26.12814289E-03 +216.08034E-06
+58.21500E-06 +359.80150098E-03 -2.19597993E-03
+58.23000E-06 -141.90703649E-03 -1.39195984E-03
+58.24500E-06 -334.87185818E-03 +1.02010043E-03
+58.26000E-06 +205.42964345E-03 -587.93975E-06
+58.27500E-06 +205.42964321E-03 -1.39195984E-03
+58.29000E-06 -334.87185842E-03 +216.08034E-06
+58.30500E-06 -141.90703606E-03 +216.08034E-06
+58.32000E-06 +282.61557227E-03 -1.39195984E-03
+58.33500E-06 -26.12814319E-03 -1.39195984E-03
+58.35000E-06 -334.87185830E-03 +216.08034E-06
+58.36500E-06 +89.65075028E-03 +216.08034E-06
+58.38000E-06 +244.02260774E-03 -1.39195984E-03
+58.39500E-06 -257.68592960E-03 -587.93975E-06
+58.41000E-06 -296.27889370E-03 -587.93975E-06
+58.42500E-06 +244.02260786E-03 -587.93975E-06
+58.44000E-06 +89.65075004E-03 -1.39195984E-03
+58.45500E-06 -334.87185836E-03 -1.39195984E-03
+58.47000E-06 -26.12814295E-03 +1.02010043E-03
+58.48500E-06 +321.20853656E-03 -1.39195984E-03
+58.50000E-06 -103.31407202E-03 -1.39195984E-03
+58.51500E-06 -334.87185824E-03 +216.08034E-06
+58.53000E-06 +166.83667904E-03 -587.93975E-06
+58.54500E-06 +166.83667892E-03 -3.00000002E-03
+58.56000E-06 -257.68592966E-03 -1.39195984E-03
+58.57500E-06 -103.31407177E-03 +216.08034E-06
+58.59000E-06 +282.61557215E-03 +216.08034E-06
+58.60500E-06 +12.46482122E-03 -1.39195984E-03
+58.62000E-06 -334.87185836E-03 -587.93975E-06
+58.63500E-06 +51.05778587E-03 -587.93975E-06
+58.65000E-06 +244.02260768E-03 -1.39195984E-03
+58.66500E-06 -219.09296513E-03 -587.93975E-06
+58.68000E-06 -219.09296500E-03 +216.08034E-06
+58.69500E-06 +205.42964339E-03 -1.39195984E-03
+58.71000E-06 +89.65075010E-03 -2.19597993E-03
+58.72500E-06 -296.27889395E-03 -587.93975E-06
+58.74000E-06 -64.72110736E-03 +216.08034E-06
+58.75500E-06 +244.02260780E-03 -587.93975E-06
+58.77000E-06 -141.90703637E-03 -1.39195984E-03
+58.78500E-06 -296.27889382E-03 +216.08034E-06
+58.80000E-06 +89.65075028E-03 -587.93975E-06
+58.81500E-06 +166.83667886E-03 -2.19597993E-03
+58.83000E-06 -219.09296519E-03 -587.93975E-06
+58.84500E-06 -180.50000053E-03 +216.08034E-06
+58.86000E-06 +205.42964345E-03 -587.93975E-06
+58.87500E-06 +12.46482121E-03 -1.39195984E-03
+58.89000E-06 -296.27889389E-03 -587.93975E-06
+58.90500E-06 +12.46482146E-03 +216.08034E-06
+58.92000E-06 +205.42964339E-03 -1.39195984E-03
+58.93500E-06 -141.90703643E-03 -2.19597993E-03
+58.95000E-06 -219.09296500E-03 +216.08034E-06
+58.96500E-06 +128.24371470E-03 +216.08034E-06
+58.98000E-06 +89.65075004E-03 -2.19597993E-03
+58.99500E-06 -257.68592954E-03 -587.93975E-06
+59.01000E-06 -103.31407177E-03 +216.08034E-06
+59.02500E-06 +205.42964339E-03 -587.93975E-06
+59.04000E-06 -64.72110755E-03 -1.39195984E-03
+59.05500E-06 -257.68592954E-03 -587.93975E-06
+59.07000E-06 +51.05778594E-03 -587.93975E-06
+59.08500E-06 +128.24371451E-03 -1.39195984E-03
+59.10000E-06 -180.50000072E-03 -587.93975E-06
+59.11500E-06 -180.50000053E-03 -587.93975E-06
+59.13000E-06 +128.24371470E-03 -587.93975E-06
+59.14500E-06 +51.05778562E-03 -1.39195984E-03
+59.16000E-06 -257.68592947E-03 -587.93975E-06
+59.17500E-06 +12.46482134E-03 -587.93975E-06
+59.19000E-06 +205.42964333E-03 -587.93975E-06
+59.20500E-06 -103.31407202E-03 -1.39195984E-03
+59.22000E-06 -180.50000072E-03 +216.08034E-06
+59.23500E-06 +89.65075029E-03 -1.39195984E-03
+59.25000E-06 +89.65075010E-03 -1.39195984E-03
+59.26500E-06 -180.50000078E-03 -587.93975E-06
+59.28000E-06 -103.31407177E-03 +216.08034E-06
+59.29500E-06 +166.83667898E-03 -1.39195984E-03
+59.31000E-06 -26.12814320E-03 -1.39195984E-03
+59.32500E-06 -219.09296506E-03 +216.08034E-06
+59.34000E-06 +51.05778581E-03 -587.93975E-06
+59.35500E-06 +128.24371451E-03 -587.93975E-06
+59.37000E-06 -141.90703630E-03 -1.39195984E-03
+59.38500E-06 -141.90703624E-03 +216.08034E-06
+59.40000E-06 +166.83667898E-03 -587.93975E-06
+59.41500E-06 +51.05778562E-03 -1.39195984E-03
+59.43000E-06 -219.09296506E-03 -587.93975E-06
+59.44500E-06 -26.12814295E-03 -1.39195984E-03
+59.46000E-06 +166.83667892E-03 -587.93975E-06
+59.47500E-06 -103.31407196E-03 -587.93975E-06
+59.49000E-06 -180.50000065E-03 +216.08034E-06
+59.50500E-06 +89.65075016E-03 -587.93975E-06
+59.52000E-06 +89.65075010E-03 -587.93975E-06
+59.53500E-06 -141.90703637E-03 -1.39195984E-03
+59.55000E-06 -103.31407183E-03 +216.08034E-06
+59.56500E-06 +128.24371463E-03 -587.93975E-06
+59.58000E-06 -26.12814314E-03 -587.93975E-06
+59.59500E-06 -180.50000072E-03 -587.93975E-06
+59.61000E-06 +12.46482147E-03 -587.93975E-06
+59.62500E-06 +128.24371451E-03 -587.93975E-06
+59.64000E-06 -103.31407196E-03 -587.93975E-06
+59.65500E-06 -141.90703624E-03 -587.93975E-06
+59.67000E-06 +89.65075022E-03 -587.93975E-06
+59.68500E-06 +51.05778569E-03 -587.93975E-06
+59.70000E-06 -180.50000072E-03 -587.93975E-06
+59.71500E-06 -64.72110735E-03 -587.93975E-06
+59.73000E-06 +89.65075016E-03 -1.39195984E-03
+59.74500E-06 -64.72110755E-03 -587.93975E-06
+59.76000E-06 -180.50000065E-03 -587.93975E-06
+59.77500E-06 +51.05778575E-03 -587.93975E-06
+59.79000E-06 +89.65075010E-03 -587.93975E-06
+59.80500E-06 -141.90703630E-03 -587.93975E-06
+59.82000E-06 -103.31407183E-03 +216.08034E-06
+59.83500E-06 +89.65075016E-03 -587.93975E-06
+59.85000E-06 +12.46482127E-03 -1.39195984E-03
+59.86500E-06 -141.90703637E-03 -587.93975E-06
+59.88000E-06 +12.46482140E-03 -587.93975E-06
+59.89500E-06 +128.24371451E-03 -2.19597993E-03
+59.91000E-06 -103.31407196E-03 -1.39195984E-03
+59.92500E-06 -141.90703624E-03 +216.08034E-06
+59.94000E-06 +89.65075016E-03 -1.39195984E-03
+59.95500E-06 +12.46482134E-03 -1.39195984E-03
+59.97000E-06 -141.90703630E-03 -587.93975E-06
+59.98500E-06 -64.72110735E-03 -587.93975E-06
+60.00000E-06 +128.24371451E-03 -587.93975E-06
+60.01500E-06 -26.12814320E-03 -1.39195984E-03
+60.03000E-06 -141.90703630E-03 +216.08034E-06
+60.04500E-06 +12.46482140E-03 -587.93975E-06
+60.06000E-06 +89.65075010E-03 -2.19597993E-03
+60.07500E-06 -141.90703630E-03 -587.93975E-06
+60.09000E-06 -103.31407183E-03 -587.93975E-06
+60.10500E-06 +89.65075016E-03 -587.93975E-06
+60.12000E-06 +12.46482134E-03 -1.39195984E-03
+60.13500E-06 -103.31407189E-03 -1.39195984E-03
+60.15000E-06 -26.12814301E-03 -587.93975E-06
+60.16500E-06 +128.24371451E-03 -587.93975E-06
+60.18000E-06 -103.31407189E-03 -587.93975E-06
+60.19500E-06 -141.90703624E-03 -587.93975E-06
+60.21000E-06 +12.46482147E-03 -587.93975E-06
+60.22500E-06 +51.05778568E-03 -1.39195984E-03
+60.24000E-06 -141.90703630E-03 -587.93975E-06
+60.25500E-06 -64.72110742E-03 -1.39195984E-03
+60.27000E-06 +89.65075016E-03 -587.93975E-06
+60.28500E-06 -26.12814307E-03 -587.93975E-06
+60.30000E-06 -141.90703624E-03 +216.08034E-06
+60.31500E-06 +12.46482134E-03 -587.93975E-06
+60.33000E-06 +51.05778575E-03 -587.93975E-06
+60.34500E-06 -103.31407189E-03 -587.93975E-06
+60.36000E-06 -103.31407183E-03 -587.93975E-06
+60.37500E-06 +89.65075009E-03 -1.39195984E-03
+60.39000E-06 +12.46482127E-03 -587.93975E-06
+60.40500E-06 -141.90703630E-03 -587.93975E-06
+60.42000E-06 +12.46482134E-03 -587.93975E-06
+60.43500E-06 +51.05778582E-03 -1.39195984E-03
+60.45000E-06 -64.72110748E-03 -587.93975E-06
+60.46500E-06 -103.31407183E-03 -587.93975E-06
+60.48000E-06 +51.05778575E-03 -587.93975E-06
+60.49500E-06 +12.46482127E-03 -1.39195984E-03
+60.51000E-06 -103.31407189E-03 -587.93975E-06
+60.52500E-06 -26.12814307E-03 +216.08034E-06
+60.54000E-06 +89.65075009E-03 -587.93975E-06
+60.55500E-06 -64.72110748E-03 -1.39195984E-03
+60.57000E-06 -103.31407196E-03 -587.93975E-06
+60.58500E-06 -26.12814301E-03 -587.93975E-06
+60.60000E-06 +51.05778575E-03 -587.93975E-06
+60.61500E-06 -64.72110755E-03 -587.93975E-06
+60.63000E-06 -103.31407183E-03 -587.93975E-06
+60.64500E-06 +12.46482141E-03 -587.93975E-06
+60.66000E-06 +12.46482127E-03 -1.39195984E-03
+60.67500E-06 -103.31407196E-03 -587.93975E-06
+60.69000E-06 -26.12814301E-03 -587.93975E-06
+60.70500E-06 +51.05778575E-03 +216.08034E-06
+60.72000E-06 -26.12814314E-03 -587.93975E-06
+60.73500E-06 -64.72110755E-03 -1.39195984E-03
+60.75000E-06 -26.12814301E-03 -587.93975E-06
+60.76500E-06 +12.46482134E-03 -587.93975E-06
+60.78000E-06 -103.31407189E-03 -587.93975E-06
+60.79500E-06 -64.72110742E-03 -587.93975E-06
+60.81000E-06 +51.05778582E-03 -587.93975E-06
+60.82500E-06 -26.12814307E-03 -587.93975E-06
+60.84000E-06 -103.31407189E-03 -587.93975E-06
+60.85500E-06 -26.12814307E-03 -1.39195984E-03
+60.87000E-06 +51.05778568E-03 -587.93975E-06
+60.88500E-06 -64.72110748E-03 -587.93975E-06
+60.90000E-06 -64.72110748E-03 -587.93975E-06
+60.91500E-06 +51.05778575E-03 -1.39195984E-03
+60.93000E-06 +12.46482127E-03 -587.93975E-06
+60.94500E-06 -103.31407183E-03 -587.93975E-06
+60.96000E-06 -64.72110748E-03 +216.08034E-06
+60.97500E-06 +51.05778575E-03 -1.39195984E-03
+60.99000E-06 -64.72110748E-03 -587.93975E-06
+61.00500E-06 -103.31407183E-03 -587.93975E-06
+61.02000E-06 -26.12814307E-03 -1.39195984E-03
+61.03500E-06 +12.46482134E-03 -1.39195984E-03
+61.05000E-06 -64.72110748E-03 -587.93975E-06
+61.06500E-06 -64.72110748E-03 -587.93975E-06
+61.08000E-06 +12.46482141E-03 -587.93975E-06
+61.09500E-06 -26.12814314E-03 -1.39195984E-03
+61.11000E-06 -64.72110755E-03 -587.93975E-06
+61.12500E-06 -26.12814307E-03 -587.93975E-06
+61.14000E-06 +12.46482134E-03 -587.93975E-06
+61.15500E-06 -64.72110748E-03 -587.93975E-06
+61.17000E-06 -64.72110748E-03 -587.93975E-06
+61.18500E-06 +12.46482127E-03 -587.93975E-06
+61.20000E-06 +12.46482127E-03 -587.93975E-06
+61.21500E-06 -64.72110755E-03 -1.39195984E-03
+61.23000E-06 -64.72110735E-03 -587.93975E-06
+61.24500E-06 +12.46482134E-03 -587.93975E-06
+61.26000E-06 -26.12814314E-03 -587.93975E-06
+61.27500E-06 -64.72110748E-03 -587.93975E-06
+61.29000E-06 +12.46482140E-03 -587.93975E-06
+61.30500E-06 +51.05778569E-03 -587.93975E-06
+61.32000E-06 -64.72110755E-03 -587.93975E-06
+61.33500E-06 -64.72110748E-03 -1.39195984E-03
+61.35000E-06 +12.46482140E-03 +216.08034E-06
+61.36500E-06 -26.12814307E-03 -1.39195984E-03
+61.38000E-06 -26.12814313E-03 -1.39195984E-03
+61.39500E-06 -26.12814307E-03 -587.93975E-06
+61.41000E-06 +12.46482134E-03 -1.39195984E-03
+61.42500E-06 -64.72110748E-03 -1.39195984E-03
+61.44000E-06 -64.72110742E-03 -587.93975E-06
+61.45500E-06 +12.46482128E-03 -1.39195984E-03
+61.47000E-06 -26.12814307E-03 -587.93975E-06
+61.48500E-06 -64.72110748E-03 -587.93975E-06
+61.50000E-06 -26.12814313E-03 -587.93975E-06
+61.51500E-06 +12.46482128E-03 -1.39195984E-03
+61.53000E-06 -26.12814307E-03 -1.39195984E-03
+61.54500E-06 -64.72110742E-03 -587.93975E-06
+61.56000E-06 -26.12814301E-03 -587.93975E-06
+61.57500E-06 -26.12814301E-03 -2.19597993E-03
+61.59000E-06 -26.12814313E-03 -1.39195984E-03
+61.60500E-06 -26.12814313E-03 +216.08034E-06
+61.62000E-06 +12.46482134E-03 -587.93975E-06
+61.63500E-06 -26.12814307E-03 +216.08034E-06
+61.65000E-06 -64.72110754E-03 -587.93975E-06
+61.66500E-06 -26.12814307E-03 +216.08034E-06
+61.68000E-06 +12.46482134E-03 -587.93975E-06
+61.69500E-06 -26.12814307E-03 -1.39195984E-03
+61.71000E-06 -64.72110748E-03 +216.08034E-06
+61.72500E-06 +12.46482140E-03 -587.93975E-06
+61.74000E-06 +12.46482128E-03 -2.19597993E-03
+61.75500E-06 -103.31407178E-03 +216.08034E-06
+61.77000E-06 -26.12814307E-03 -1.39195984E-03
+61.78500E-06 +12.46482134E-03 -587.93975E-06
+61.80000E-06 +12.46482128E-03 -587.93975E-06
+61.81500E-06 -64.72110748E-03 -1.39195984E-03
+61.83000E-06 -26.12814307E-03 -587.93975E-06
+61.84500E-06 +12.46482134E-03 -587.93975E-06
+61.86000E-06 -26.12814313E-03 -587.93975E-06
+61.87500E-06 -64.72110743E-03 -587.93975E-06
+61.89000E-06 +12.46482128E-03 -587.93975E-06
+61.90500E-06 +12.46482128E-03 -587.93975E-06
+61.92000E-06 -26.12814307E-03 -587.93975E-06
+61.93500E-06 -26.12814307E-03 -1.39195984E-03
+61.95000E-06 +12.46482128E-03 -587.93975E-06
+61.96500E-06 -26.12814313E-03 -587.93975E-06
+61.98000E-06 -64.72110748E-03 -587.93975E-06
+61.99500E-06 -26.12814307E-03 -587.93975E-06
+62.01000E-06 +12.46482129E-03 -1.39195984E-03
+62.02500E-06 -26.12814307E-03 -1.39195984E-03
+62.04000E-06 -26.12814307E-03 -587.93975E-06
+62.05500E-06 +12.46482134E-03 -1.39195984E-03
+62.07000E-06 -26.12814307E-03 -587.93975E-06
+62.08500E-06 -64.72110748E-03 -587.93975E-06
+62.10000E-06 -26.12814307E-03 -587.93975E-06
+62.11500E-06 +12.46482134E-03 -587.93975E-06
+62.13000E-06 -64.72110743E-03 -587.93975E-06
+62.14500E-06 -26.12814307E-03 -587.93975E-06
+62.16000E-06 +12.46482134E-03 -587.93975E-06
+62.17500E-06 +12.46482129E-03 -2.19597993E-03
+62.19000E-06 -64.72110748E-03 -1.39195984E-03
+62.20500E-06 -64.72110743E-03 -1.39195984E-03
+62.22000E-06 +12.46482129E-03 -1.39195984E-03
+62.23500E-06 -64.72110748E-03 -1.39195984E-03
+62.25000E-06 -64.72110753E-03 -587.93975E-06
+62.26500E-06 -26.12814302E-03 -1.39195984E-03
+62.28000E-06 -26.12814302E-03 -1.39195984E-03
+62.29500E-06 -64.72110748E-03 -1.39195984E-03
+62.31000E-06 -64.72110748E-03 -587.93975E-06
+62.32500E-06 -26.12814307E-03 -587.93975E-06
+62.34000E-06 -26.12814312E-03 -1.39195984E-03
+62.35500E-06 -26.12814307E-03 -587.93975E-06
+62.37000E-06 -26.12814307E-03 -587.93975E-06
+62.38500E-06 +12.46482134E-03 -1.39195984E-03
+62.40000E-06 -26.12814312E-03 -1.39195984E-03
+62.41500E-06 -64.72110744E-03 -1.39195984E-03
+62.43000E-06 -26.12814307E-03 -587.93975E-06
+62.44500E-06 +12.46482129E-03 -1.39195984E-03
+62.46000E-06 -26.12814307E-03 -587.93975E-06
+62.47500E-06 -64.72110744E-03 -587.93975E-06
+62.49000E-06 -26.12814307E-03 -1.39195984E-03
+62.50500E-06 -26.12814307E-03 -587.93975E-06
+62.52000E-06 -26.12814307E-03 -587.93975E-06
+62.53500E-06 -26.12814307E-03 -587.93975E-06
+62.55000E-06 +12.46482134E-03 -587.93975E-06
+62.56500E-06 -64.72110744E-03 -587.93975E-06
+62.58000E-06 -64.72110748E-03 -587.93975E-06
+62.59500E-06 -26.12814307E-03 -587.93975E-06
+62.61000E-06 -26.12814307E-03 -1.39195984E-03
+62.62500E-06 -26.12814307E-03 -587.93975E-06
+62.64000E-06 -26.12814307E-03 -587.93975E-06
+62.65500E-06 +12.46482129E-03 -1.39195984E-03
+62.67000E-06 -26.12814312E-03 -587.93975E-06
+62.68500E-06 -64.72110744E-03 +216.08034E-06
+62.70000E-06 -26.12814307E-03 -1.39195984E-03
+62.71500E-06 -26.12814307E-03 -587.93975E-06
+62.73000E-06 -64.72110748E-03 -587.93975E-06
+62.74500E-06 -26.12814307E-03 +216.08034E-06
+62.76000E-06 -26.12814303E-03 -587.93975E-06
+62.77500E-06 -26.12814307E-03 -2.19597993E-03
+62.79000E-06 -64.72110744E-03 -587.93975E-06
+62.80500E-06 -26.12814303E-03 -587.93975E-06
+62.82000E-06 +12.46482130E-03 -1.39195984E-03
+62.83500E-06 -64.72110744E-03 -587.93975E-06
+62.85000E-06 -26.12814307E-03 -587.93975E-06
+62.86500E-06 -26.12814307E-03 +216.08034E-06
+62.88000E-06 +12.46482134E-03 -587.93975E-06
+62.89500E-06 -64.72110748E-03 -1.39195984E-03
+62.91000E-06 -26.12814307E-03 +216.08034E-06
+62.92500E-06 -26.12814307E-03 -587.93975E-06
+62.94000E-06 -26.12814311E-03 -1.39195984E-03
+62.95500E-06 -64.72110748E-03 +216.08034E-06
+62.97000E-06 -26.12814307E-03 -587.93975E-06
+62.98500E-06 +12.46482134E-03 -587.93975E-06
+63.00000E-06 -26.12814307E-03 -587.93975E-06
+63.01500E-06 -26.12814311E-03 -1.39195984E-03
+63.03000E-06 -26.12814307E-03 -587.93975E-06
+63.04500E-06 -26.12814307E-03 -587.93975E-06
+63.06000E-06 -64.72110748E-03 -587.93975E-06
+63.07500E-06 -26.12814307E-03 +216.08034E-06
+63.09000E-06 -26.12814307E-03 -587.93975E-06
+63.10500E-06 -26.12814307E-03 -587.93975E-06
+63.12000E-06 -26.12814307E-03 -587.93975E-06
+63.13500E-06 -26.12814307E-03 -1.39195984E-03
+63.15000E-06 -64.72110745E-03 +216.08034E-06
+63.16500E-06 -64.72110748E-03 +216.08034E-06
+63.18000E-06 -64.72110748E-03 -587.93975E-06
+63.19500E-06 -64.72110741E-03 -587.93975E-06
+63.21000E-06 -26.12814307E-03 -1.39195984E-03
+63.22500E-06 -64.72110745E-03 -587.93975E-06
+63.24000E-06 +12.46482134E-03 +216.08034E-06
+63.25500E-06 -26.12814307E-03 -1.39195984E-03
+63.27000E-06 -26.12814307E-03 -1.39195984E-03
+63.28500E-06 -26.12814307E-03 -587.93975E-06
+63.30000E-06 -26.12814307E-03 -587.93975E-06
+63.31500E-06 -64.72110745E-03 -587.93975E-06
+63.33000E-06 -64.72110745E-03 -587.93975E-06
+63.34500E-06 -26.12814307E-03 -587.93975E-06
+63.36000E-06 +12.46482131E-03 -1.39195984E-03
+63.37500E-06 -26.12814310E-03 -2.19597993E-03
+63.39000E-06 -64.72110745E-03 +216.08034E-06
+63.40500E-06 -26.12814304E-03 -587.93975E-06
+63.42000E-06 -26.12814310E-03 -587.93975E-06
+63.43500E-06 -64.72110745E-03 -587.93975E-06
+63.45000E-06 -64.72110745E-03 -587.93975E-06
+63.46500E-06 +12.46482134E-03 -587.93975E-06
+63.48000E-06 -26.12814307E-03 -587.93975E-06
+63.49500E-06 -26.12814307E-03 -2.19597993E-03
+63.51000E-06 -26.12814307E-03 -587.93975E-06
+63.52500E-06 -26.12814307E-03 +216.08034E-06
+63.54000E-06 -26.12814310E-03 -1.39195984E-03
+63.55500E-06 -26.12814307E-03 -587.93975E-06
+63.57000E-06 -26.12814307E-03 -1.39195984E-03
+63.58500E-06 -26.12814304E-03 -587.93975E-06
+63.60000E-06 -26.12814307E-03 -1.39195984E-03
+63.61500E-06 -26.12814307E-03 -1.39195984E-03
+63.63000E-06 -26.12814307E-03 -587.93975E-06
+63.64500E-06 -26.12814310E-03 -1.39195984E-03
+63.66000E-06 -64.72110748E-03 -587.93975E-06
+63.67500E-06 -26.12814307E-03 -587.93975E-06
+63.69000E-06 -26.12814307E-03 -587.93975E-06
+63.70500E-06 -26.12814307E-03 -587.93975E-06
+63.72000E-06 +12.46482131E-03 -1.39195984E-03
+63.73500E-06 -26.12814307E-03 -1.39195984E-03
+63.75000E-06 -26.12814307E-03 -587.93975E-06
+63.76500E-06 -26.12814310E-03 -587.93975E-06
+63.78000E-06 -26.12814307E-03 -1.39195984E-03
+63.79500E-06 -26.12814307E-03 -1.39195984E-03
+63.81000E-06 -64.72110746E-03 -587.93975E-06
+63.82500E-06 -26.12814307E-03 -587.93975E-06
+63.84000E-06 -26.12814307E-03 -587.93975E-06
+63.85500E-06 -26.12814307E-03 -2.19597993E-03
+63.87000E-06 -26.12814307E-03 -587.93975E-06
+63.88500E-06 -26.12814307E-03 -587.93975E-06
+63.90000E-06 -26.12814310E-03 -1.39195984E-03
+63.91500E-06 -64.72110748E-03 -587.93975E-06
+63.93000E-06 -26.12814307E-03 -587.93975E-06
+63.94500E-06 -26.12814307E-03 -587.93975E-06
+63.96000E-06 -26.12814307E-03 -1.39195984E-03
+63.97500E-06 -26.12814307E-03 -1.39195984E-03
+63.99000E-06 -26.12814307E-03 -587.93975E-06
+64.00500E-06 -26.12814307E-03 -587.93975E-06
+64.02000E-06 -26.12814307E-03 -1.39195984E-03
+64.03500E-06 -64.72110748E-03 -587.93975E-06
+64.05000E-06 +12.46482132E-03 -1.39195984E-03
+64.06500E-06 +12.46482132E-03 -587.93975E-06
+64.08000E-06 -26.12814307E-03 -587.93975E-06
+64.09500E-06 -26.12814309E-03 -1.39195984E-03
+64.11000E-06 -64.72110746E-03 -587.93975E-06
+64.12500E-06 -64.72110748E-03 -1.39195984E-03
+64.14000E-06 -26.12814309E-03 -587.93975E-06
+64.15500E-06 -64.72110746E-03 -587.93975E-06
+64.17000E-06 -26.12814307E-03 -1.39195984E-03
+64.18500E-06 -26.12814307E-03 -587.93975E-06
+64.20000E-06 -26.12814307E-03 -587.93975E-06
+64.21500E-06 +12.46482132E-03 -2.19597993E-03
+64.23000E-06 -26.12814305E-03 +216.08034E-06
+64.24500E-06 -26.12814307E-03 -587.93975E-06
+64.26000E-06 -26.12814309E-03 -1.39195984E-03
+64.27500E-06 +12.46482132E-03 -587.93975E-06
+64.29000E-06 -26.12814307E-03 -587.93975E-06
+64.30500E-06 -26.12814305E-03 -587.93975E-06
+64.32000E-06 -26.12814307E-03 +216.08034E-06
+64.33500E-06 -26.12814307E-03 -1.39195984E-03
+64.35000E-06 -26.12814307E-03 -587.93975E-06
+64.36500E-06 -26.12814307E-03 -1.39195984E-03
+64.38000E-06 -26.12814307E-03 -587.93975E-06
+64.39500E-06 -26.12814307E-03 -587.93975E-06
+64.41000E-06 -26.12814307E-03 -1.39195984E-03
+64.42500E-06 -26.12814307E-03 -587.93975E-06
+64.44000E-06 -26.12814307E-03 -587.93975E-06
+64.45500E-06 -64.72110748E-03 -1.39195984E-03
+64.47000E-06 -26.12814307E-03 -587.93975E-06
+64.48500E-06 +12.46482134E-03 -587.93975E-06
