x-axis SCL1 SDA1
second Volt Volt
+34.50000E-06 +0.0E+00 +0.0E+00
+34.51500E-06 -0.0E+00 -1.40703516E-03
+34.53000E-06 -104.52261567E-03 -1.40703516E-03
+34.54500E-06 +0.0E+00 -0.0E+00
+34.56000E-06 -0.0E+00 -0.0E+00
+34.57500E-06 -104.52261567E-03 +0.0E+00
+34.59000E-06 -104.52261567E-03 +1.40703516E-03
+34.60500E-06 -104.52261567E-03 -0.0E+00
+34.62000E-06 +0.0E+00 -0.0E+00
+34.63500E-06 +0.0E+00 -1.40703516E-03
+34.65000E-06 -104.52261567E-03 +0.0E+00
+34.66500E-06 -104.52261567E-03 -0.0E+00
+34.68000E-06 -0.0E+00 -1.40703516E-03
+34.69500E-06 -209.04523134E-03 +0.0E+00
+34.71000E-06 -104.52261567E-03 -1.40703516E-03
+34.72500E-06 -104.52261567E-03 +0.0E+00
+34.74000E-06 -104.52261567E-03 -1.40703516E-03
+34.75500E-06 +0.0E+00 -2.81407032E-03
+34.77000E-06 -104.52261567E-03 -1.40703516E-03
+34.78500E-06 -104.52261567E-03 -1.40703516E-03
+34.80000E-06 +0.0E+00 -1.40703516E-03
+34.81500E-06 -104.52261567E-03 -1.40703516E-03
+34.83000E-06 -104.52261567E-03 +0.0E+00
+34.84500E-06 -0.0E+00 -1.40703516E-03
+34.86000E-06 -104.52261567E-03 -1.40703516E-03
+34.87500E-06 +0.0E+00 -1.40703516E-03
+34.89000E-06 -104.52261567E-03 +0.0E+00
+34.90500E-06 -0.0E+00 -0.0E+00
+34.92000E-06 -0.0E+00 +0.0E+00
+34.93500E-06 +0.0E+00 -1.40703516E-03
+34.95000E-06 -104.52261567E-03 -1.40703516E-03
+34.96500E-06 -104.52261567E-03 -1.40703516E-03
+34.98000E-06 -104.52261567E-03 -0.0E+00
+34.99500E-06 -104.52261567E-03 -1.40703516E-03
+35.01000E-06 -104.52261567E-03 -0.0E+00
+35.02500E-06 +0.0E+00 -0.0E+00
+35.04000E-06 -0.0E+00 -1.40703516E-03
+35.05500E-06 -104.52261567E-03 -1.40703516E-03
+35.07000E-06 -0.0E+00 -0.0E+00
+35.08500E-06 -0.0E+00 +0.0E+00
+35.10000E-06 +0.0E+00 -0.0E+00
+35.11500E-06 +0.0E+00 -1.40703516E-03
+35.13000E-06 -104.52261567E-03 -1.40703516E-03
+35.14500E-06 -0.0E+00 -0.0E+00
+35.16000E-06 -10E-12 -1.40703516E-03
+35.17500E-06 -104.52261568E-03 -1.40703516E-03
+35.19000E-06 -104.52261567E-03 -1.40703516E-03
+35.20500E-06 -104.52261567E-03 -1.40703516E-03
+35.22000E-06 -104.52261567E-03 -0.0E+00
+35.23500E-06 -104.52261567E-03 -2.81407032E-03
+35.25000E-06 -104.52261567E-03 -1.40703516E-03
+35.26500E-06 -10E-12 -1.40703516E-03
+35.28000E-06 -10E-12 -0.0E+00
+35.29500E-06 -104.52261567E-03 +0.0E+00
+35.31000E-06 -104.52261567E-03 -0.0E+00
+35.32500E-06 -104.52261567E-03 -0.0E+00
+35.34000E-06 +0.0E+00 -0.0E+00
+35.35500E-06 +0.0E+00 -1.40703516E-03
+35.37000E-06 -10E-12 -1.40703516E-03
+35.38500E-06 -104.52261566E-03 -0.0E+00
+35.40000E-06 -10E-12 -1.40703516E-03
+35.41500E-06 -10E-12 +0.0E+00
+35.43000E-06 -10E-12 +0.0E+00
+35.44500E-06 -104.52261566E-03 -0.0E+00
+35.46000E-06 +0.0E+00 -0.0E+00
+35.47500E-06 -10E-12 -1.40703516E-03
+35.49000E-06 -104.52261566E-03 -1.40703516E-03
+35.50500E-06 +0.0E+00 -0.0E+00
+35.52000E-06 +0.0E+00 -1.40703516E-03
+35.53500E-06 -10E-12 -0.0E+00
+35.55000E-06 -10E-12 +0.0E+00
+35.56500E-06 +0.0E+00 +0.0E+00
+35.58000E-06 +0.0E+00 -0.0E+00
+35.59500E-06 -10E-12 -2.81407032E-03
+35.61000E-06 -104.52261567E-03 -1.40703516E-03
+35.62500E-06 -104.52261566E-03 -0.0E+00
+35.64000E-06 +104.52261566E-03 -1.40703516E-03
+35.65500E-06 +0.0E+00 +0.0E+00
+35.67000E-06 -104.52261567E-03 -1.40703516E-03
+35.68500E-06 -10E-12 +0.0E+00
+35.70000E-06 +0.0E+00 -0.0E+00
+35.71500E-06 -10E-12 -1.40703516E-03
+35.73000E-06 -104.52261566E-03 +0.0E+00
+35.74500E-06 -104.52261566E-03 -0.0E+00
+35.76000E-06 -104.52261567E-03 -2.81407032E-03
+35.77500E-06 -209.04523133E-03 -1.40703516E-03
+35.79000E-06 -104.52261567E-03 -0.0E+00
+35.80500E-06 -10E-12 +0.0E+00
+35.82000E-06 +0.0E+00 -0.0E+00
+35.83500E-06 +0.0E+00 -1.40703516E-03
+35.85000E-06 -10E-12 +0.0E+00
+35.86500E-06 -104.52261566E-03 -1.40703516E-03
+35.88000E-06 -10E-12 -1.40703516E-03
+35.89500E-06 -10E-12 -1.40703516E-03
+35.91000E-06 -104.52261566E-03 +1.40703516E-03
+35.92500E-06 -104.52261566E-03 -0.0E+00
+35.94000E-06 -10E-12 -0.0E+00
+35.95500E-06 -10E-12 -1.40703516E-03
+35.97000E-06 +0.0E+00 -1.40703516E-03
+35.98500E-06 -104.52261567E-03 -0.0E+00
+36.00000E-06 -104.52261567E-03 -1.40703516E-03
+36.01500E-06 -10E-12 -1.40703516E-03
+36.03000E-06 +0.0E+00 -1.40703516E-03
+36.04500E-06 -104.52261566E-03 -0.0E+00
+36.06000E-06 +0.0E+00 -0.0E+00
+36.07500E-06 -10E-12 -2.81407032E-03
+36.09000E-06 -104.52261567E-03 -1.40703516E-03
+36.10500E-06 +0.0E+00 -1.40703516E-03
+36.12000E-06 -10E-12 -1.40703516E-03
+36.13500E-06 -104.52261567E-03 +0.0E+00
+36.15000E-06 -104.52261567E-03 +0.0E+00
+36.16500E-06 -104.52261566E-03 +0.0E+00
+36.18000E-06 +0.0E+00 +1.40703516E-03
+36.19500E-06 -104.52261567E-03 -1.40703516E-03
+36.21000E-06 -104.52261567E-03 +0.0E+00
+36.22500E-06 -104.52261566E-03 -0.0E+00
+36.24000E-06 -10E-12 -2.81407032E-03
+36.25500E-06 -104.52261567E-03 -1.40703516E-03
+36.27000E-06 -104.52261566E-03 +0.0E+00
+36.28500E-06 -10E-12 -1.40703516E-03
+36.30000E-06 +0.0E+00 -1.40703516E-03
+36.31500E-06 -104.52261567E-03 -2.81407032E-03
+36.33000E-06 -209.04523133E-03 +0.0E+00
+36.34500E-06 -104.52261566E-03 +0.0E+00
+36.36000E-06 +0.0E+00 -1.40703516E-03
+36.37500E-06 -104.52261567E-03 -1.40703516E-03
+36.39000E-06 -104.52261566E-03 -1.40703516E-03
+36.40500E-06 -104.52261566E-03 +0.0E+00
+36.42000E-06 +0.0E+00 -1.40703516E-03
+36.43500E-06 +104.52261566E-03 -2.81407032E-03
+36.45000E-06 -104.52261566E-03 +1.40703516E-03
+36.46500E-06 -104.52261566E-03 -0.0E+00
+36.48000E-06 -104.52261567E-03 +0.0E+00
+36.49500E-06 -104.52261567E-03 +0.0E+00
+36.51000E-06 -104.52261567E-03 -1.40703516E-03
+36.52500E-06 +0.0E+00 -1.40703516E-03
+36.54000E-06 +0.0E+00 -0.0E+00
+36.55500E-06 +0.0E+00 -2.81407032E-03
+36.57000E-06 -10E-12 +1.40703516E-03
+36.58500E-06 +0.0E+00 -0.0E+00
+36.60000E-06 -104.52261567E-03 -1.40703516E-03
+36.61500E-06 -209.04523133E-03 +0.0E+00
+36.63000E-06 -104.52261567E-03 -1.40703516E-03
+36.64500E-06 -10E-12 +0.0E+00
+36.66000E-06 +0.0E+00 -0.0E+00
+36.67500E-06 +0.0E+00 -2.81407032E-03
+36.69000E-06 -209.04523133E-03 -1.40703516E-03
+36.70500E-06 -104.52261566E-03 -0.0E+00
+36.72000E-06 -104.52261566E-03 -1.40703516E-03
+36.73500E-06 -104.52261567E-03 +0.0E+00
+36.75000E-06 +20E-12 -1.40703516E-03
+36.76500E-06 +0.0E+00 +0.0E+00
+36.78000E-06 +0.0E+00 -0.0E+00
+36.79500E-06 -104.52261567E-03 -0.0E+00
+36.81000E-06 -104.52261567E-03 -1.40703516E-03
+36.82500E-06 -104.52261567E-03 -1.40703516E-03
+36.84000E-06 +0.0E+00 -1.40703516E-03
+36.85500E-06 -20E-12 -1.40703516E-03
+36.87000E-06 -104.52261565E-03 +0.0E+00
+36.88500E-06 -104.52261565E-03 +0.0E+00
+36.90000E-06 -20E-12 -1.40703516E-03
+36.91500E-06 -20E-12 -2.81407032E-03
+36.93000E-06 +0.0E+00 -1.40703516E-03
+36.94500E-06 +0.0E+00 -0.0E+00
+36.96000E-06 +20E-12 -1.40703516E-03
+36.97500E-06 -20E-12 +0.0E+00
+36.99000E-06 +0.0E+00 +0.0E+00
+37.00500E-06 -104.52261565E-03 -1.40703516E-03
+37.02000E-06 -104.52261565E-03 -1.40703516E-03
+37.03500E-06 -104.52261567E-03 -2.81407032E-03
+37.05000E-06 -104.52261567E-03 -1.40703516E-03
+37.06500E-06 -104.52261565E-03 -0.0E+00
+37.08000E-06 +0.0E+00 -1.40703516E-03
+37.09500E-06 -20E-12 -1.40703516E-03
+37.11000E-06 -104.52261567E-03 -1.40703516E-03
+37.12500E-06 -104.52261565E-03 -1.40703516E-03
+37.14000E-06 -104.52261565E-03 -0.0E+00
+37.15500E-06 -20E-12 -1.40703516E-03
+37.17000E-06 -104.52261565E-03 -1.40703516E-03
+37.18500E-06 +0.0E+00 -1.40703516E-03
+37.20000E-06 -104.52261569E-03 -1.40703516E-03
+37.21500E-06 -209.04523134E-03 -0.0E+00
+37.23000E-06 -209.04523132E-03 -0.0E+00
+37.24500E-06 +0.0E+00 +0.0E+00
+37.26000E-06 +0.0E+00 -0.0E+00
+37.27500E-06 -20E-12 -1.40703516E-03
+37.29000E-06 +0.0E+00 -1.40703516E-03
+37.30500E-06 -104.52261565E-03 -0.0E+00
+37.32000E-06 +0.0E+00 -1.40703516E-03
+37.33500E-06 -104.52261567E-03 -1.40703516E-03
+37.35000E-06 -104.52261565E-03 +0.0E+00
+37.36500E-06 +0.0E+00 +0.0E+00
+37.38000E-06 +0.0E+00 -1.40703516E-03
+37.39500E-06 -20E-12 -1.40703516E-03
+37.41000E-06 -104.52261567E-03 +0.0E+00
+37.42500E-06 -104.52261567E-03 -0.0E+00
+37.44000E-06 -104.52261569E-03 -1.40703516E-03
+37.45500E-06 -20E-12 -1.40703516E-03
+37.47000E-06 -20E-12 -1.40703516E-03
+37.48500E-06 +0.0E+00 +0.0E+00
+37.50000E-06 -104.52261567E-03 -1.40703516E-03
+37.51500E-06 -104.52261567E-03 -1.40703516E-03
+37.53000E-06 -209.04523132E-03 -1.40703516E-03
+37.54500E-06 -104.52261565E-03 -0.0E+00
+37.56000E-06 +0.0E+00 -1.40703516E-03
+37.57500E-06 +0.0E+00 -0.0E+00
+37.59000E-06 -104.52261565E-03 +0.0E+00
+37.60500E-06 -104.52261565E-03 -1.40703516E-03
+37.62000E-06 -104.52261567E-03 -1.40703516E-03
+37.63500E-06 -104.52261567E-03 -2.81407032E-03
+37.65000E-06 -104.52261567E-03 +0.0E+00
+37.66500E-06 +0.0E+00 +0.0E+00
+37.68000E-06 -20E-12 +0.0E+00
+37.69500E-06 -104.52261565E-03 +0.0E+00
+37.71000E-06 -209.04523132E-03 -1.40703516E-03
+37.72500E-06 -104.52261567E-03 -1.40703516E-03
+37.74000E-06 -104.52261567E-03 -1.40703516E-03
+37.75500E-06 +0.0E+00 -1.40703516E-03
+37.77000E-06 +0.0E+00 +0.0E+00
+37.78500E-06 +20E-12 -0.0E+00
+37.80000E-06 +0.0E+00 +0.0E+00
+37.81500E-06 -209.04523132E-03 +0.0E+00
+37.83000E-06 -104.52261569E-03 -1.40703516E-03
+37.84500E-06 -104.52261565E-03 -1.40703516E-03
+37.86000E-06 +0.0E+00 -1.40703516E-03
+37.87500E-06 +0.0E+00 +0.0E+00
+37.89000E-06 -20E-12 +0.0E+00
+37.90500E-06 -104.52261565E-03 +0.0E+00
+37.92000E-06 -50E-12 -1.40703516E-03
+37.93500E-06 -209.04523132E-03 -1.40703516E-03
+37.95000E-06 -104.52261567E-03 -1.40703516E-03
+37.96500E-06 +20E-12 +0.0E+00
+37.98000E-06 +104.52261567E-03 -0.0E+00
+37.99500E-06 -20E-12 -1.40703516E-03
+38.01000E-06 -104.52261567E-03 -0.0E+00
+38.02500E-06 -104.52261567E-03 -1.40703516E-03
+38.04000E-06 -104.52261570E-03 -2.81407032E-03
+38.05500E-06 -104.52261565E-03 -1.40703516E-03
+38.07000E-06 +0.0E+00 +0.0E+00
+38.08500E-06 +20E-12 +0.0E+00
+38.10000E-06 +0.0E+00 -0.0E+00
+38.11500E-06 -104.52261567E-03 -2.81407032E-03
+38.13000E-06 -209.04523132E-03 -1.40703516E-03
+38.14500E-06 -209.04523132E-03 -1.40703516E-03
+38.16000E-06 -104.52261567E-03 -1.40703516E-03
+38.17500E-06 +0.0E+00 +0.0E+00
+38.19000E-06 +0.0E+00 +0.0E+00
+38.20500E-06 -104.52261565E-03 -0.0E+00
+38.22000E-06 -104.52261567E-03 -1.40703516E-03
+38.23500E-06 -209.04523134E-03 -2.81407032E-03
+38.25000E-06 -104.52261570E-03 -1.40703516E-03
+38.26500E-06 +0.0E+00 +0.0E+00
+38.28000E-06 +104.52261565E-03 +0.0E+00
+38.29500E-06 -30E-12 +0.0E+00
+38.31000E-06 -104.52261564E-03 +0.0E+00
+38.32500E-06 -104.52261567E-03 -1.40703516E-03
+38.34000E-06 -104.52261567E-03 -2.81407032E-03
+38.35500E-06 -209.04523132E-03 -2.81407032E-03
+38.37000E-06 +0.0E+00 -1.40703516E-03
+38.38500E-06 +104.52261567E-03 +0.0E+00
+38.40000E-06 +104.52261567E-03 +0.0E+00
+38.41500E-06 -104.52261567E-03 +0.0E+00
+38.43000E-06 -209.04523132E-03 -0.0E+00
+38.44500E-06 -313.56784696E-03 -2.81407032E-03
+38.46000E-06 -104.52261567E-03 -1.40703516E-03
+38.47500E-06 +0.0E+00 -1.40703516E-03
+38.49000E-06 +104.52261567E-03 +1.40703516E-03
+38.50500E-06 +0.0E+00 +0.0E+00
+38.52000E-06 -104.52261570E-03 -1.40703516E-03
+38.53500E-06 -209.04523134E-03 -1.40703516E-03
+38.55000E-06 -209.04523137E-03 -1.40703516E-03
+38.56500E-06 -104.52261567E-03 -0.0E+00
+38.58000E-06 +0.0E+00 -0.0E+00
+38.59500E-06 +209.04523131E-03 -1.40703516E-03
+38.61000E-06 +0.0E+00 +1.40703516E-03
+38.62500E-06 -104.52261564E-03 +0.0E+00
+38.64000E-06 -104.52261570E-03 -2.81407032E-03
+38.65500E-06 -209.04523131E-03 -0.0E+00
+38.67000E-06 -104.52261567E-03 -1.40703516E-03
+38.68500E-06 +30E-12 +0.0E+00
+38.70000E-06 +104.52261567E-03 +0.0E+00
+38.71500E-06 +104.52261564E-03 -1.40703516E-03
+38.73000E-06 -209.04523131E-03 -1.40703516E-03
+38.74500E-06 -209.04523131E-03 -2.81407032E-03
+38.76000E-06 -104.52261570E-03 -2.81407032E-03
+38.77500E-06 -104.52261567E-03 +0.0E+00
+38.79000E-06 +104.52261567E-03 +1.40703516E-03
+38.80500E-06 +60E-12 +0.0E+00
+38.82000E-06 +0.0E+00 -1.40703516E-03
+38.83500E-06 -209.04523131E-03 -2.81407032E-03
+38.85000E-06 -313.56784698E-03 -2.81407032E-03
+38.86500E-06 -209.04523131E-03 -1.40703516E-03
+38.88000E-06 -30E-12 -1.40703516E-03
+38.89500E-06 +0.0E+00 +1.40703516E-03
+38.91000E-06 +104.52261567E-03 +1.40703516E-03
+38.92500E-06 +0.0E+00 +0.0E+00
+38.94000E-06 -209.04523134E-03 -1.40703516E-03
+38.95500E-06 -209.04523134E-03 -2.81407032E-03
+38.97000E-06 -104.52261567E-03 -1.40703516E-03
+38.98500E-06 +104.52261567E-03 +0.0E+00
+39.00000E-06 +209.04523131E-03 +0.0E+00
+39.01500E-06 +104.52261567E-03 +0.0E+00
+39.03000E-06 -104.52261564E-03 -1.40703516E-03
+39.04500E-06 -313.56784698E-03 -4.22110548E-03
+39.06000E-06 -313.56784698E-03 -2.81407032E-03
+39.07500E-06 -104.52261567E-03 -2.81407032E-03
+39.09000E-06 +30E-12 +0.0E+00
+39.10500E-06 +209.04523134E-03 +0.0E+00
+39.12000E-06 +104.52261564E-03 +0.0E+00
+39.13500E-06 -104.52261567E-03 -1.40703516E-03
+39.15000E-06 -209.04523137E-03 -4.22110548E-03
+39.16500E-06 -209.04523137E-03 -1.40703516E-03
+39.18000E-06 -30E-12 -0.0E+00
+39.19500E-06 +104.52261567E-03 -1.40703516E-03
+39.21000E-06 +209.04523131E-03 +1.40703516E-03
+39.22500E-06 +104.52261567E-03 +0.0E+00
+39.24000E-06 -104.52261570E-03 -2.81407032E-03
+39.25500E-06 -313.56784701E-03 -2.81407032E-03
+39.27000E-06 -209.04523138E-03 -1.40703516E-03
+39.28500E-06 -30E-12 +0.0E+00
+39.30000E-06 +209.04523134E-03 +1.40703516E-03
+39.31500E-06 +209.04523134E-03 +1.40703516E-03
+39.33000E-06 +0.0E+00 -1.40703516E-03
+39.34500E-06 -209.04523131E-03 -2.81407032E-03
+39.36000E-06 -313.56784701E-03 -4.22110548E-03
+39.37500E-06 -209.04523134E-03 -1.40703516E-03
+39.39000E-06 +0.0E+00 +0.0E+00
+39.40500E-06 +209.04523131E-03 +2.81407032E-03
+39.42000E-06 +209.04523134E-03 +1.40703516E-03
+39.43500E-06 -104.52261564E-03 +0.0E+00
+39.45000E-06 -313.56784698E-03 -1.40703516E-03
+39.46500E-06 -313.56784701E-03 -2.81407032E-03
+39.48000E-06 -104.52261571E-03 -1.40703516E-03
+39.49500E-06 +104.52261567E-03 +0.0E+00
+39.51000E-06 +209.04523134E-03 +2.81407032E-03
+39.52500E-06 +104.52261567E-03 +1.40703516E-03
+39.54000E-06 -209.04523131E-03 -1.40703516E-03
+39.55500E-06 -313.56784701E-03 -4.22110548E-03
+39.57000E-06 -313.56784701E-03 -2.81407032E-03
+39.58500E-06 -104.52261567E-03 -1.40703516E-03
+39.60000E-06 +209.04523134E-03 +0.0E+00
+39.61500E-06 +209.04523134E-03 +2.81407032E-03
+39.63000E-06 +104.52261567E-03 +0.0E+00
+39.64500E-06 -209.04523131E-03 -2.81407032E-03
+39.66000E-06 -418.09046261E-03 -2.81407032E-03
+39.67500E-06 -209.04523141E-03 -2.81407032E-03
+39.69000E-06 -104.52261567E-03 -1.40703516E-03
+39.70500E-06 +313.56784698E-03 +1.40703516E-03
+39.72000E-06 +209.04523138E-03 +1.40703516E-03
+39.73500E-06 +40E-12 +1.40703516E-03
+39.75000E-06 -209.04523134E-03 -1.40703516E-03
+39.76500E-06 -313.56784701E-03 -2.81407032E-03
+39.78000E-06 -313.56784698E-03 -2.81407032E-03
+39.79500E-06 +0.0E+00 +0.0E+00
+39.81000E-06 +209.04523138E-03 +2.81407032E-03
+39.82500E-06 +313.56784705E-03 +2.81407032E-03
+39.84000E-06 +0.0E+00 +0.0E+00
+39.85500E-06 -418.09046265E-03 -2.81407032E-03
+39.87000E-06 -313.56784705E-03 -4.22110548E-03
+39.88500E-06 -313.56784698E-03 -2.81407032E-03
+39.90000E-06 +104.52261567E-03 +0.0E+00
+39.91500E-06 +313.56784698E-03 +1.40703516E-03
+39.93000E-06 +313.56784701E-03 +2.81407032E-03
+39.94500E-06 +0.0E+00 -1.40703516E-03
+39.96000E-06 -418.09046268E-03 -4.22110548E-03
+39.97500E-06 -418.09046265E-03 -4.22110548E-03
+39.99000E-06 -209.04523138E-03 -1.40703516E-03
+40.00500E-06 +104.52261567E-03 +1.40703516E-03
+40.02000E-06 +313.56784701E-03 +2.81407032E-03
+40.03500E-06 +104.52261571E-03 +1.40703516E-03
+40.05000E-06 -209.04523130E-03 -1.40703516E-03
+40.06500E-06 -418.09046268E-03 -2.81407032E-03
+40.08000E-06 -313.56784705E-03 -4.22110548E-03
+40.09500E-06 -209.04523130E-03 -1.40703516E-03
+40.11000E-06 +209.04523134E-03 +1.40703516E-03
+40.12500E-06 +418.09046265E-03 +2.81407032E-03
+40.14000E-06 +209.04523134E-03 +1.40703516E-03
+40.15500E-06 -209.04523134E-03 -2.81407032E-03
+40.17000E-06 -522.61307836E-03 -4.22110548E-03
+40.18500E-06 -418.09046268E-03 -4.22110548E-03
+40.20000E-06 -40E-12 -1.40703516E-03
+40.21500E-06 +313.56784701E-03 +2.81407032E-03
+40.23000E-06 +313.56784701E-03 +2.81407032E-03
+40.24500E-06 +104.52261567E-03 +0.0E+00
+40.26000E-06 -313.56784697E-03 -2.81407032E-03
+40.27500E-06 -522.61307836E-03 -7.03517580E-03
+40.29000E-06 -418.09046268E-03 -2.81407032E-03
+40.30500E-06 +0.0E+00 +0.0E+00
+40.32000E-06 +418.09046264E-03 +2.81407032E-03
+40.33500E-06 +313.56784701E-03 +4.22110548E-03
+40.35000E-06 +0.0E+00 +1.40703516E-03
+40.36500E-06 -418.09046268E-03 -2.81407032E-03
+40.38000E-06 -522.61307836E-03 -5.62814064E-03
+40.39500E-06 -313.56784705E-03 -4.22110548E-03
+40.41000E-06 +104.52261567E-03 +0.0E+00
+40.42500E-06 +522.61307831E-03 +4.22110548E-03
+40.44000E-06 +313.56784701E-03 +4.22110548E-03
+40.45500E-06 -104.52261563E-03 +0.0E+00
+40.47000E-06 -418.09046268E-03 -4.22110548E-03
+40.48500E-06 -522.61307836E-03 -4.22110548E-03
+40.50000E-06 -209.04523134E-03 -2.81407032E-03
+40.51500E-06 +209.04523134E-03 -1.40703516E-03
+40.53000E-06 +522.61307831E-03 +2.81407032E-03
+40.54500E-06 +313.56784706E-03 +2.81407032E-03
+40.56000E-06 -104.52261567E-03 -2.81407032E-03
+40.57500E-06 -522.61307836E-03 -4.22110548E-03
+40.59000E-06 -522.61307836E-03 -5.62814064E-03
+40.60500E-06 -104.52261576E-03 -2.81407032E-03
+40.62000E-06 +313.56784701E-03 +2.81407032E-03
+40.63500E-06 +522.61307836E-03 +2.81407032E-03
+40.65000E-06 +209.04523138E-03 +2.81407032E-03
+40.66500E-06 -313.56784701E-03 -2.81407032E-03
+40.68000E-06 -627.13569403E-03 -7.03517580E-03
+40.69500E-06 -522.61307836E-03 -4.22110548E-03
+40.71000E-06 -104.52261567E-03 -1.40703516E-03
+40.72500E-06 +418.09046268E-03 +4.22110548E-03
+40.74000E-06 +522.61307836E-03 +5.62814064E-03
+40.75500E-06 +104.52261571E-03 +1.40703516E-03
+40.77000E-06 -313.56784706E-03 -2.81407032E-03
+40.78500E-06 -731.65830965E-03 -5.62814064E-03
+40.80000E-06 -522.61307836E-03 -5.62814064E-03
+40.81500E-06 +0.0E+00 +0.0E+00
+40.83000E-06 +522.61307836E-03 +4.22110548E-03
+40.84500E-06 +522.61307836E-03 +4.22110548E-03
+40.86000E-06 +40E-12 +1.40703516E-03
+40.87500E-06 -522.61307836E-03 -5.62814064E-03
+40.89000E-06 -731.65830965E-03 -5.62814064E-03
+40.90500E-06 -418.09046268E-03 -4.22110548E-03
+40.92000E-06 +209.04523130E-03 +0.0E+00
+40.93500E-06 +627.13569403E-03 +4.22110548E-03
+40.95000E-06 +418.09046273E-03 +4.22110548E-03
+40.96500E-06 -104.52261563E-03 +0.0E+00
+40.98000E-06 -627.13569403E-03 -4.22110548E-03
+40.99500E-06 -731.65830970E-03 -8.44221096E-03
+41.01000E-06 -313.56784701E-03 -4.22110548E-03
+41.02500E-06 +313.56784706E-03 +1.40703516E-03
+41.04000E-06 +627.13569398E-03 +5.62814064E-03
+41.05500E-06 +418.09046273E-03 +5.62814064E-03
+41.07000E-06 -209.04523130E-03 -1.40703516E-03
+41.08500E-06 -731.65830965E-03 -5.62814064E-03
+41.10000E-06 -731.65830970E-03 -5.62814064E-03
+41.11500E-06 -209.04523134E-03 -4.22110548E-03
+41.13000E-06 +522.61307831E-03 +4.22110548E-03
+41.14500E-06 +731.65830970E-03 +7.03517580E-03
+41.16000E-06 +418.09046264E-03 +2.81407032E-03
+41.17500E-06 -418.09046259E-03 -2.81407032E-03
+41.19000E-06 -836.18092532E-03 -7.03517580E-03
+41.20500E-06 -627.13569407E-03 -5.62814064E-03
+41.22000E-06 -50E-12 -1.40703516E-03
+41.23500E-06 +627.13569398E-03 +2.81407032E-03
+41.25000E-06 +731.65830965E-03 +5.62814064E-03
+41.26500E-06 +209.04523139E-03 +2.81407032E-03
+41.28000E-06 -418.09046273E-03 -4.22110548E-03
+41.29500E-06 -940.70354104E-03 -8.44221096E-03
+41.31000E-06 -627.13569403E-03 -4.22110548E-03
+41.32500E-06 +50E-12 +1.40703516E-03
+41.34000E-06 +731.65830970E-03 +5.62814064E-03
+41.35500E-06 +627.13569407E-03 +5.62814064E-03
+41.37000E-06 +104.52261567E-03 +1.40703516E-03
+41.38500E-06 -522.61307836E-03 -4.22110548E-03
+41.40000E-06 -940.70354104E-03 -8.44221096E-03
+41.41500E-06 -627.13569403E-03 -5.62814064E-03
+41.43000E-06 +313.56784697E-03 +1.40703516E-03
+41.44500E-06 +836.18092537E-03 +5.62814064E-03
+41.46000E-06 +731.65830970E-03 +7.03517580E-03
+41.47500E-06 +0.0E+00 +0.0E+00
+41.49000E-06 -836.18092532E-03 -5.62814064E-03
+41.50500E-06 -940.70354104E-03 -8.44221096E-03
+41.52000E-06 -418.09046273E-03 -5.62814064E-03
+41.53500E-06 +313.56784701E-03 +2.81407032E-03
+41.55000E-06 +940.70354104E-03 +8.44221096E-03
+41.56500E-06 +627.13569398E-03 +5.62814064E-03
+41.58000E-06 -104.52261567E-03 -1.40703516E-03
+41.59500E-06 -836.18092542E-03 -9.84924613E-03
+41.61000E-06 -940.70354104E-03 -8.44221096E-03
+41.62500E-06 -209.04523134E-03 -2.81407032E-03
+41.64000E-06 +731.65830960E-03 +4.22110548E-03
+41.65500E-06 +940.70354104E-03 +8.44221096E-03
+41.67000E-06 +522.61307831E-03 +5.62814064E-03
+41.68500E-06 -418.09046268E-03 -2.81407032E-03
+41.70000E-06 -1.14974877228E+00 -9.84924613E-03
+41.71500E-06 -836.18092542E-03 -9.84924613E-03
+41.73000E-06 -104.52261572E-03 -1.40703516E-03
+41.74500E-06 +836.18092532E-03 +7.03517580E-03
+41.76000E-06 +940.70354104E-03 +8.44221097E-03
+41.77500E-06 +313.56784706E-03 +2.81407032E-03
+41.79000E-06 -627.13569398E-03 -4.22110548E-03
+41.80500E-06 -1.14974877238E+00 -9.84924613E-03
+41.82000E-06 -836.18092537E-03 -7.03517581E-03
+41.83500E-06 +104.52261562E-03 +0.0E+00
+41.85000E-06 +940.70354104E-03 +7.03517580E-03
+41.86500E-06 +1.04522615666E+00 +9.84924612E-03
+41.88000E-06 +209.04523139E-03 +4.22110548E-03
+41.89500E-06 -836.18092537E-03 -4.22110548E-03
+41.91000E-06 -1.25427138805E+00 -9.84924613E-03
+41.92500E-06 -627.13569413E-03 -7.03517580E-03
+41.94000E-06 +313.56784701E-03 +2.81407032E-03
+41.95500E-06 +1.04522615671E+00 +8.44221096E-03
+41.97000E-06 +940.70354104E-03 +8.44221096E-03
+41.98500E-06 -104.52261562E-03 +0.0E+00
+42.00000E-06 -940.70354109E-03 -8.44221096E-03
+42.01500E-06 -1.25427138800E+00 -9.84924613E-03
+42.03000E-06 -418.09046279E-03 -4.22110548E-03
+42.04500E-06 +522.61307836E-03 +5.62814064E-03
+42.06000E-06 +1.14974877238E+00 +9.84924613E-03
+42.07500E-06 +731.65830975E-03 +5.62814064E-03
+42.09000E-06 -313.56784696E-03 -1.40703516E-03
+42.10500E-06 -1.14974877238E+00 -9.84924613E-03
+42.12000E-06 -1.25427138811E+00 -12.66331645E-03
+42.13500E-06 -313.56784707E-03 -4.22110548E-03
+42.15000E-06 +731.65830965E-03 +5.62814064E-03
+42.16500E-06 +1.14974877244E+00 +11.25628129E-03
+42.18000E-06 +627.13569408E-03 +7.03517580E-03
+42.19500E-06 -522.61307830E-03 -4.22110548E-03
+42.21000E-06 -1.25427138805E+00 -11.25628129E-03
+42.22500E-06 -1.14974877238E+00 -11.25628129E-03
+42.24000E-06 -104.52261572E-03 -2.81407032E-03
+42.25500E-06 +1.04522615666E+00 +8.44221096E-03
+42.27000E-06 +1.25427138805E+00 +11.25628129E-03
+42.28500E-06 +418.09046274E-03 +4.22110548E-03
+42.30000E-06 -836.18092532E-03 -5.62814064E-03
+42.31500E-06 -1.46331661940E+00 -14.07035161E-03
+42.33000E-06 -1.04522615671E+00 -9.84924613E-03
+42.34500E-06 +209.04523129E-03 -0.0E+00
+42.36000E-06 +1.25427138800E+00 +9.84924613E-03
+42.37500E-06 +1.25427138811E+00 +11.25628129E-03
+42.39000E-06 +209.04523140E-03 +2.81407032E-03
+42.40500E-06 -1.04522615671E+00 -8.44221096E-03
+42.42000E-06 -1.46331661945E+00 -12.66331645E-03
+42.43500E-06 -836.18092542E-03 -9.84924613E-03
+42.45000E-06 +418.09046263E-03 +2.81407032E-03
+42.46500E-06 +1.35879400373E+00 +12.66331645E-03
+42.48000E-06 +1.14974877238E+00 +9.84924613E-03
+42.49500E-06 +60E-12 +0.0E+00
+42.51000E-06 -1.25427138805E+00 -9.84924613E-03
+42.52500E-06 -1.56783923501E+00 -14.07035161E-03
+42.54000E-06 -627.13569408E-03 -7.03517581E-03
+42.55500E-06 +731.65830964E-03 +4.22110548E-03
+42.57000E-06 +1.56783923501E+00 +12.66331645E-03
+42.58500E-06 +1.14974877238E+00 +9.84924613E-03
+42.60000E-06 -313.56784696E-03 -2.81407032E-03
+42.61500E-06 -1.46331661940E+00 -11.25628129E-03
+42.63000E-06 -1.46331661945E+00 -12.66331645E-03
+42.64500E-06 -418.09046274E-03 -5.62814064E-03
+42.66000E-06 +940.70354104E-03 +7.03517580E-03
+42.67500E-06 +1.67236185068E+00 +12.66331645E-03
+42.69000E-06 +836.18092543E-03 +9.84924613E-03
+42.70500E-06 -627.13569397E-03 -2.81407032E-03
+42.72000E-06 -1.67236185074E+00 -15.47738677E-03
+42.73500E-06 -1.46331661940E+00 -14.07035161E-03
+42.75000E-06 -104.52261573E-03 -2.81407032E-03
+42.76500E-06 +1.25427138800E+00 +11.25628129E-03
+42.78000E-06 +1.67236185074E+00 +14.07035161E-03
+42.79500E-06 +627.13569408E-03 +5.62814064E-03
+42.81000E-06 -836.18092537E-03 -7.03517580E-03
+42.82500E-06 -1.88140708208E+00 -15.47738677E-03
+42.84000E-06 -1.25427138817E+00 -12.66331645E-03
+42.85500E-06 +313.56784690E-03 -1.40703516E-03
+42.87000E-06 +1.46331661940E+00 +12.66331645E-03
+42.88500E-06 +1.67236185074E+00 +14.07035161E-03
+42.90000E-06 +418.09046268E-03 +4.22110548E-03
+42.91500E-06 -1.25427138800E+00 -11.25628129E-03
+42.93000E-06 -1.88140708208E+00 -16.88442193E-03
+42.94500E-06 -1.04522615677E+00 -11.25628129E-03
+42.96000E-06 +627.13569385E-03 +4.22110548E-03
+42.97500E-06 +1.77688446641E+00 +14.07035161E-03
+42.99000E-06 +1.46331661940E+00 +14.07035161E-03
+43.00500E-06 +120E-12 +2.81407032E-03
+43.02000E-06 -1.56783923501E+00 -14.07035161E-03
+43.03500E-06 -1.88140708220E+00 -18.29145709E-03
+43.05000E-06 -836.18092543E-03 -9.84924612E-03
+43.06500E-06 +940.70354098E-03 +8.44221096E-03
+43.08000E-06 +1.98592969763E+00 +15.47738677E-03
+43.09500E-06 +1.25427138811E+00 +14.07035161E-03
+43.11000E-06 -313.56784689E-03 -1.40703516E-03
+43.12500E-06 -1.88140708202E+00 -15.47738677E-03
+43.14000E-06 -1.88140708214E+00 -18.29145709E-03
+43.15500E-06 -522.61307842E-03 -8.44221096E-03
+43.17000E-06 +1.25427138799E+00 +11.25628129E-03
+43.18500E-06 +1.98592969781E+00 +16.88442193E-03
+43.20000E-06 +1.04522615677E+00 +9.84924613E-03
+43.21500E-06 -836.18092525E-03 -5.62814064E-03
+43.23000E-06 -2.09045231336E+00 -18.29145709E-03
+43.24500E-06 -1.88140708208E+00 -16.88442193E-03
+43.26000E-06 -104.52261573E-03 -4.22110548E-03
+43.27500E-06 +1.67236185062E+00 +11.25628129E-03
+43.29000E-06 +2.09045231342E+00 +18.29145709E-03
+43.30500E-06 +836.18092543E-03 +9.84924612E-03
+43.32000E-06 -1.14974877232E+00 -9.84924612E-03
+43.33500E-06 -2.29949754470E+00 -19.69849225E-03
+43.35000E-06 -1.56783923519E+00 -16.88442193E-03
+43.36500E-06 +313.56784689E-03 +1.40703516E-03
+43.38000E-06 +1.98592969769E+00 +16.88442193E-03
+43.39500E-06 +2.09045231342E+00 +18.29145709E-03
+43.41000E-06 +418.09046281E-03 +5.62814064E-03
+43.42500E-06 -1.46331661940E+00 -14.07035161E-03
+43.44000E-06 -2.40402016044E+00 -21.10552741E-03
+43.45500E-06 -1.35879400379E+00 -14.07035161E-03
+43.47000E-06 +731.65830951E-03 +4.22110548E-03
+43.48500E-06 +2.19497492916E+00 +19.69849225E-03
+43.50000E-06 +1.77688446653E+00 +18.29145709E-03
+43.51500E-06 +104.52261573E-03 +1.40703516E-03
+43.53000E-06 -1.98592969769E+00 -15.47738677E-03
+43.54500E-06 -2.29949754483E+00 -21.10552741E-03
+43.56000E-06 -1.04522615684E+00 -11.25628129E-03
+43.57500E-06 +1.04522615671E+00 +8.44221096E-03
+43.59000E-06 +2.40402016037E+00 +21.10552741E-03
+43.60500E-06 +1.67236185080E+00 +16.88442193E-03
+43.62000E-06 -418.09046256E-03 -1.40703516E-03
+43.63500E-06 -2.19497492903E+00 -19.69849225E-03
+43.65000E-06 -2.29949754489E+00 -22.51256257E-03
+43.66500E-06 -627.13569409E-03 -8.44221097E-03
+43.68000E-06 +1.56783923500E+00 +11.25628129E-03
+43.69500E-06 +2.50854277611E+00 +22.51256257E-03
+43.71000E-06 +1.35879400379E+00 +14.07035161E-03
+43.72500E-06 -836.18092524E-03 -7.03517580E-03
+43.74000E-06 -2.50854277604E+00 -22.51256257E-03
+43.75500E-06 -2.19497492916E+00 -22.51256257E-03
+43.77000E-06 -104.52261586E-03 -4.22110548E-03
+43.78500E-06 +1.98592969769E+00 +16.88442193E-03
+43.80000E-06 +2.61306539178E+00 +22.51256257E-03
+43.81500E-06 +1.04522615678E+00 +11.25628129E-03
+43.83000E-06 -1.35879400366E+00 -9.84924612E-03
+43.84500E-06 -2.71758800739E+00 -23.91959773E-03
+43.86000E-06 -2.09045231342E+00 -19.69849225E-03
+43.87500E-06 +209.04523128E-03 -1.40703516E-03
+43.89000E-06 +2.29949754477E+00 +19.69849225E-03
+43.90500E-06 +2.50854277617E+00 +23.91959773E-03
+43.92000E-06 +627.13569416E-03 +7.03517581E-03
+43.93500E-06 -1.88140708202E+00 -14.07035161E-03
+43.95000E-06 -2.92663323879E+00 -23.91959774E-03
+43.96500E-06 -1.67236185087E+00 -16.88442193E-03
+43.98000E-06 +836.18092530E-03 +5.62814064E-03
+43.99500E-06 +2.71758800738E+00 +21.10552741E-03
+44.01000E-06 +2.29949754490E+00 +23.91959773E-03
+44.02500E-06 +104.52261580E-03 +2.81407032E-03
+44.04000E-06 -2.29949754470E+00 -19.69849225E-03
+44.05500E-06 -3.03115585440E+00 -26.73366806E-03
+44.07000E-06 -1.35879400379E+00 -14.07035161E-03
+44.08500E-06 +1.35879400359E+00 +9.84924612E-03
+44.10000E-06 +2.92663323879E+00 +26.73366805E-03
+44.11500E-06 +2.19497492916E+00 +19.69849225E-03
+44.13000E-06 -418.09046262E-03 -1.40703516E-03
+44.14500E-06 -2.71758800732E+00 -22.51256257E-03
+44.16000E-06 -2.92663323886E+00 -28.14070322E-03
+44.17500E-06 -836.18092544E-03 -9.84924613E-03
+44.19000E-06 +1.98592969755E+00 +15.47738677E-03
+44.20500E-06 +3.13567847013E+00 +26.73366806E-03
+44.22000E-06 +1.77688446654E+00 +16.88442193E-03
+44.23500E-06 -1.04522615664E+00 -8.44221096E-03
+44.25000E-06 -3.13567847000E+00 -26.73366806E-03
+44.26500E-06 -2.71758800752E+00 -25.32663290E-03
+44.28000E-06 -209.04523148E-03 -5.62814064E-03
+44.29500E-06 +2.40402016030E+00 +19.69849225E-03
+44.31000E-06 +3.13567847013E+00 +28.14070322E-03
+44.32500E-06 +1.25427138826E+00 +14.07035161E-03
+44.34000E-06 -1.56783923493E+00 -11.25628129E-03
+44.35500E-06 -3.24020108587E+00 -30.95477354E-03
+44.37000E-06 -2.50854277611E+00 -23.91959773E-03
+44.38500E-06 +418.09046248E-03 -0.0E+00
+44.40000E-06 +2.92663323866E+00 +22.51256257E-03
+44.41500E-06 +3.03115585446E+00 +28.14070322E-03
+44.43000E-06 +731.65830983E-03 +9.84924613E-03
+44.44500E-06 -2.19497492896E+00 -18.29145709E-03
+44.46000E-06 -3.44924631715E+00 -30.95477354E-03
+44.47500E-06 -2.09045231356E+00 -22.51256257E-03
+44.49000E-06 +1.04522615651E+00 +5.62814064E-03
+44.50500E-06 +3.13567847020E+00 +29.54773838E-03
+44.52000E-06 +2.82211062319E+00 +26.73366806E-03
+44.53500E-06 +104.52261588E-03 +5.62814064E-03
+44.55000E-06 -2.71758800738E+00 -22.51256257E-03
+44.56500E-06 -3.65829154849E+00 -32.36180870E-03
+44.58000E-06 -1.56783923521E+00 -16.88442193E-03
+44.59500E-06 +1.67236185060E+00 +9.84924613E-03
+44.61000E-06 +3.55376893275E+00 +30.95477354E-03
+44.62500E-06 +2.50854277625E+00 +25.32663290E-03
+44.64000E-06 -418.09046254E-03 -2.81407032E-03
+44.65500E-06 -3.24020108567E+00 -26.73366806E-03
+44.67000E-06 -3.55376893289E+00 -33.76884386E-03
+44.68500E-06 -940.70354125E-03 -12.66331645E-03
+44.70000E-06 +2.29949754462E+00 +16.88442193E-03
+44.71500E-06 +3.65829154849E+00 +32.36180870E-03
+44.73000E-06 +2.19497492916E+00 +22.51256257E-03
+44.74500E-06 -1.14974877224E+00 -8.44221096E-03
+44.76000E-06 -3.65829154842E+00 -32.36180870E-03
+44.77500E-06 -3.34472370155E+00 -30.95477354E-03
+44.79000E-06 -313.56784723E-03 -5.62814065E-03
+44.80500E-06 +2.82211062305E+00 +22.51256257E-03
+44.82000E-06 +3.76281416416E+00 +35.17587902E-03
+44.83500E-06 +1.67236185081E+00 +16.88442193E-03
+44.85000E-06 -1.88140708194E+00 -14.07035161E-03
+44.86500E-06 -3.86733677983E+00 -33.76884386E-03
+44.88000E-06 -2.92663323894E+00 -29.54773838E-03
+44.89500E-06 +313.56784687E-03 -0.0E+00
+44.91000E-06 +3.34472370141E+00 +28.14070322E-03
+44.92500E-06 +3.76281416416E+00 +33.76884386E-03
+44.94000E-06 +1.04522615686E+00 +12.66331645E-03
+44.95500E-06 -2.50854277596E+00 -21.10552741E-03
+44.97000E-06 -4.07638201118E+00 -37.98994934E-03
+44.98500E-06 -2.50854277625E+00 -25.32663290E-03
+45.00000E-06 +1.14974877217E+00 +7.03517580E-03
+45.01500E-06 +3.86733677976E+00 +35.17587902E-03
+45.03000E-06 +3.34472370155E+00 +32.36180870E-03
+45.04500E-06 +313.56784716E-03 +4.22110548E-03
+45.06000E-06 -3.13567847006E+00 -28.14070322E-03
+45.07500E-06 -4.18090462692E+00 -39.39698450E-03
+45.09000E-06 -1.98592969783E+00 -21.10552741E-03
+45.10500E-06 +1.77688446641E+00 +14.07035161E-03
+45.12000E-06 +4.18090462677E+00 +36.58291418E-03
+45.13500E-06 +3.03115585461E+00 +30.95477354E-03
+45.15000E-06 -522.61307821E-03 +0.0E+00
+45.16500E-06 -3.76281416409E+00 -32.36180870E-03
+45.18000E-06 -4.07638201125E+00 -37.98994934E-03
+45.19500E-06 -1.14974877260E+00 -16.88442193E-03
+45.21000E-06 +2.61306539163E+00 +21.10552741E-03
+45.22500E-06 +4.38994985819E+00 +39.39698450E-03
+45.24000E-06 +2.61306539193E+00 +25.32663290E-03
+45.25500E-06 -1.35879400343E+00 -8.44221096E-03
+45.27000E-06 -4.18090462677E+00 -36.58291418E-03
+45.28500E-06 -3.97185939558E+00 -36.58291418E-03
+45.30000E-06 -418.09046283E-03 -7.03517581E-03
+45.31500E-06 +3.34472370133E+00 +28.14070322E-03
+45.33000E-06 +4.38994985826E+00 +40.80401966E-03
+45.34500E-06 +1.98592969790E+00 +19.69849225E-03
+45.36000E-06 -2.09045231327E+00 -16.88442193E-03
+45.37500E-06 -4.70351770505E+00 -42.21105482E-03
+45.39000E-06 -3.44924631730E+00 -35.17587902E-03
+45.40500E-06 +418.09046246E-03 -0.0E+00
+45.42000E-06 +3.86733677976E+00 +33.76884386E-03
+45.43500E-06 +4.28542724259E+00 +39.39698450E-03
+45.45000E-06 +1.14974877261E+00 +15.47738677E-03
+45.46500E-06 -2.92663323864E+00 -23.91959773E-03
+45.48000E-06 -4.80804032087E+00 -43.61808999E-03
+45.49500E-06 -2.92663323902E+00 -29.54773838E-03
+45.51000E-06 +1.25427138790E+00 +7.03517580E-03
+45.52500E-06 +4.49447247378E+00 +37.98994934E-03
+45.54000E-06 +3.97185939573E+00 +37.98994934E-03
+45.55500E-06 +418.09046276E-03 +5.62814065E-03
+45.57000E-06 -3.65829154834E+00 -30.95477354E-03
+45.58500E-06 -4.80804032095E+00 -45.02512515E-03
+45.60000E-06 -2.19497492932E+00 -25.32663290E-03
+45.61500E-06 +2.19497492886E+00 +15.47738677E-03
+45.63000E-06 +4.80804032080E+00 +43.61808999E-03
+45.64500E-06 +3.55376893305E+00 +36.58291418E-03
+45.66000E-06 -522.61307805E-03 -1.40703516E-03
+45.67500E-06 -4.18090462685E+00 -37.98994934E-03
+45.69000E-06 -4.80804032087E+00 -45.02512515E-03
+45.70500E-06 -1.35879400396E+00 -16.88442193E-03
+45.72000E-06 +3.03115585431E+00 +22.51256257E-03
+45.73500E-06 +5.01708555214E+00 +46.43216031E-03
+45.75000E-06 +3.03115585470E+00 +32.36180870E-03
+45.76500E-06 -1.46331661916E+00 -8.44221096E-03
+45.78000E-06 -4.80804032080E+00 -45.02512514E-03
+45.79500E-06 -4.38994985842E+00 -45.02512515E-03
+45.81000E-06 -627.13569426E-03 -9.84924613E-03
+45.82500E-06 +3.86733677960E+00 +32.36180870E-03
+45.84000E-06 +5.12160816789E+00 +46.43216031E-03
+45.85500E-06 +2.29949754492E+00 +23.91959774E-03
+45.87000E-06 -2.40402016012E+00 -18.29145709E-03
+45.88500E-06 -5.22613078348E+00 -47.83919547E-03
+45.90000E-06 -4.07638201125E+00 -40.80401966E-03
+45.91500E-06 +522.61307804E-03 -1.40703516E-03
+45.93000E-06 +4.38994985803E+00 +39.39698450E-03
+45.94500E-06 +4.91256293670E+00 +47.83919547E-03
+45.96000E-06 +1.46331661955E+00 +16.88442193E-03
+45.97500E-06 -3.34472370116E+00 -26.73366805E-03
+45.99000E-06 -5.43517601490E+00 -49.24623063E-03
+46.00500E-06 -3.34472370164E+00 -35.17587902E-03
+46.02000E-06 +1.35879400349E+00 +7.03517580E-03
+46.03500E-06 +5.01708555206E+00 +43.61808999E-03
+46.05000E-06 +4.70351770528E+00 +45.02512515E-03
+46.06500E-06 +418.09046300E-03 +9.84924613E-03
+46.08000E-06 -4.18090462661E+00 -36.58291418E-03
+46.09500E-06 -5.53969863065E+00 -52.06030095E-03
+46.11000E-06 -2.50854277643E+00 -28.14070322E-03
+46.12500E-06 +2.29949754461E+00 +18.29145709E-03
+46.14000E-06 +5.53969863049E+00 +49.24623063E-03
+46.15500E-06 +4.18090462701E+00 +40.80401967E-03
+46.17000E-06 -522.61307803E-03 +0.0E+00
+46.18500E-06 -4.91256293630E+00 -43.61808998E-03
+46.20000E-06 -5.43517601498E+00 -52.06030095E-03
+46.21500E-06 -1.67236185098E+00 -21.10552741E-03
+46.23000E-06 +3.34472370123E+00 +28.14070321E-03
+46.24500E-06 +5.74874386191E+00 +53.46733611E-03
+46.26000E-06 +3.55376893298E+00 +35.17587902E-03
+46.27500E-06 -1.56783923482E+00 -11.25628128E-03
+46.29000E-06 -5.53969863033E+00 -49.24623063E-03
+46.30500E-06 -5.01708555238E+00 -50.65326579E-03
+46.32000E-06 -731.65830994E-03 -12.66331645E-03
+46.33500E-06 +4.28542724235E+00 +35.17587902E-03
+46.35000E-06 +5.85326647758E+00 +54.87437127E-03
+46.36500E-06 +2.61306539211E+00 +28.14070322E-03
+46.38000E-06 -2.71758800712E+00 -22.51256257E-03
+46.39500E-06 -5.95778909317E+00 -56.28140643E-03
+46.41000E-06 -4.59899508970E+00 -46.43216031E-03
+46.42500E-06 +418.09046244E-03 -1.40703516E-03
+46.44000E-06 +5.01708555205E+00 +43.61808998E-03
+46.45500E-06 +5.53969863074E+00 +53.46733611E-03
+46.47000E-06 +1.67236185107E+00 +18.29145709E-03
+46.48500E-06 -3.55376893265E+00 -29.54773837E-03
+46.50000E-06 -6.27135694019E+00 -57.68844159E-03
+46.51500E-06 -3.86733678008E+00 -40.80401966E-03
+46.53000E-06 +1.46331661915E+00 +8.44221096E-03
+46.54500E-06 +5.64422124608E+00 +50.65326579E-03
+46.56000E-06 +5.43517601490E+00 +50.65326579E-03
+46.57500E-06 +627.13569428E-03 +9.84924613E-03
+46.59000E-06 -4.59899508928E+00 -39.39698450E-03
+46.60500E-06 -6.27135694035E+00 -59.09547675E-03
+46.62000E-06 -2.92663323913E+00 -32.36180870E-03
+46.63500E-06 +2.71758800712E+00 +16.88442193E-03
+46.65000E-06 +6.16683432451E+00 +54.87437127E-03
+46.66500E-06 +4.70351770554E+00 +46.43216031E-03
+46.68000E-06 -522.61307810E-03 -1.40703516E-03
+46.69500E-06 -5.43517601473E+00 -46.43216031E-03
+46.71000E-06 -6.16683432460E+00 -59.09547676E-03
+46.72500E-06 -1.88140708242E+00 -23.91959774E-03
+46.74000E-06 +3.65829154832E+00 +30.95477353E-03
+46.75500E-06 +6.48040217153E+00 +59.09547676E-03
+46.77000E-06 +3.97185939576E+00 +40.80401967E-03
+46.78500E-06 -1.67236185040E+00 -11.25628128E-03
+46.80000E-06 -6.06231170884E+00 -56.28140643E-03
+46.81500E-06 -5.74874386208E+00 -56.28140643E-03
+46.83000E-06 -836.18092571E-03 -14.07035161E-03
+46.84500E-06 +4.80804032053E+00 +37.98994934E-03
+46.86000E-06 +6.48040217161E+00 +60.50251191E-03
+46.87500E-06 +3.03115585481E+00 +30.95477354E-03
+46.89000E-06 -2.92663323845E+00 -22.51256257E-03
+46.90500E-06 -6.58492478711E+00 -59.09547675E-03
+46.92000E-06 -5.12160816806E+00 -50.65326579E-03
+46.93500E-06 +313.56784667E-03 -2.81407032E-03
+46.95000E-06 +5.53969863040E+00 +47.83919547E-03
+46.96500E-06 +6.27135694044E+00 +60.50251191E-03
+46.98000E-06 +1.98592969810E+00 +22.51256258E-03
+46.99500E-06 -3.97185939525E+00 -33.76884386E-03
+47.01000E-06 -6.89849263421E+00 -64.72361740E-03
+47.02500E-06 -4.28542724286E+00 -45.02512515E-03
+47.04000E-06 +1.67236185031E+00 +8.44221096E-03
+47.05500E-06 +6.27135694010E+00 +56.28140643E-03
+47.07000E-06 +6.06231170901E+00 +57.68844159E-03
+47.08500E-06 +836.18092572E-03 +12.66331645E-03
+47.10000E-06 -5.12160816754E+00 -43.61808998E-03
+47.11500E-06 -6.89849263438E+00 -67.53768772E-03
+47.13000E-06 -3.34472370174E+00 -35.17587902E-03
+47.14500E-06 +2.92663323844E+00 +19.69849225E-03
+47.16000E-06 +6.79397001854E+00 +60.50251191E-03
+47.17500E-06 +5.33065339949E+00 +53.46733611E-03
+47.19000E-06 -418.09046242E-03 +0.0E+00
+47.20500E-06 -5.85326647750E+00 -52.06030095E-03
+47.22000E-06 -6.68944740304E+00 -63.31658224E-03
+47.23500E-06 -2.19497492953E+00 -28.14070322E-03
+47.25000E-06 +3.97185939524E+00 +32.36180870E-03
+47.26500E-06 +7.10753786555E+00 +64.72361740E-03
+47.28000E-06 +4.49447247404E+00 +46.43216031E-03
+47.29500E-06 -1.77688446606E+00 -11.25628128E-03
+47.31000E-06 -6.68944740278E+00 -59.09547675E-03
+47.32500E-06 -6.37587955612E+00 -63.31658224E-03
+47.34000E-06 -1.04522615698E+00 -15.47738677E-03
+47.35500E-06 +5.12160816762E+00 +42.21105482E-03
+47.37000E-06 +7.10753786573E+00 +68.94472288E-03
+47.38500E-06 +3.34472370183E+00 +36.58291418E-03
+47.40000E-06 -3.03115585420E+00 -23.91959773E-03
+47.41500E-06 -7.21206048122E+00 -66.13065256E-03
+47.43000E-06 -5.64422124651E+00 -56.28140643E-03
+47.44500E-06 +418.09046224E-03 -2.81407033E-03
+47.46000E-06 +6.06231170875E+00 +52.06030095E-03
+47.47500E-06 +6.89849263448E+00 +64.72361740E-03
+47.49000E-06 +2.19497492945E+00 +26.73366806E-03
+47.50500E-06 -4.28542724216E+00 -36.58291418E-03
+47.52000E-06 -7.52562832841E+00 -70.35175804E-03
+47.53500E-06 -4.80804032114E+00 -49.24623063E-03
+47.55000E-06 +1.67236185038E+00 +9.84924612E-03
+47.56500E-06 +6.79397001845E+00 +60.50251191E-03
+47.58000E-06 +6.48040217188E+00 +63.31658224E-03
+47.59500E-06 +940.70354149E-03 +12.66331645E-03
+47.61000E-06 -5.43517601454E+00 -46.43216030E-03
+47.62500E-06 -7.52562832832E+00 -71.75879320E-03
+47.64000E-06 -3.65829154894E+00 -40.80401967E-03
+47.65500E-06 +3.03115585410E+00 +22.51256257E-03
+47.67000E-06 +7.42110571247E+00 +66.13065256E-03
+47.68500E-06 +5.85326647786E+00 +59.09547676E-03
+47.70000E-06 -418.09046232E-03 +1.40703516E-03
+47.71500E-06 -6.37587955576E+00 -59.09547675E-03
+47.73000E-06 -7.42110571265E+00 -71.75879320E-03
+47.74500E-06 -2.40402016089E+00 -28.14070322E-03
+47.76000E-06 +4.38994985782E+00 +33.76884386E-03
+47.77500E-06 +7.63015094409E+00 +73.16582836E-03
+47.79000E-06 +4.91256293682E+00 +49.24623063E-03
+47.80500E-06 -1.88140708162E+00 -11.25628128E-03
+47.82000E-06 -7.21206048113E+00 -66.13065256E-03
+47.83500E-06 -6.89849263448E+00 -70.35175804E-03
+47.85000E-06 -1.04522615717E+00 -18.29145709E-03
+47.86500E-06 +5.43517601462E+00 +46.43216030E-03
+47.88000E-06 +7.73467355957E+00 +73.16582836E-03
+47.89500E-06 +3.76281416453E+00 +40.80401967E-03
+47.91000E-06 -3.24020108534E+00 -25.32663289E-03
+47.92500E-06 -7.63015094399E+00 -71.75879320E-03
+47.94000E-06 -6.16683432478E+00 -61.90954708E-03
+47.95500E-06 +313.56784655E-03 -4.22110548E-03
+47.97000E-06 +6.48040217133E+00 +56.28140643E-03
+47.98500E-06 +7.52562832842E+00 +71.75879320E-03
+48.00000E-06 +2.50854277648E+00 +29.54773838E-03
+48.01500E-06 -4.70351770464E+00 -37.98994934E-03
+48.03000E-06 -8.04824140659E+00 -75.97989868E-03
+48.04500E-06 -5.22613078393E+00 -53.46733611E-03
+48.06000E-06 +1.77688446604E+00 +8.44221096E-03
+48.07500E-06 +7.31658309679E+00 +66.13065256E-03
+48.09000E-06 +7.10753786573E+00 +68.94472288E-03
+48.10500E-06 +1.04522615718E+00 +16.88442193E-03
+48.12000E-06 -5.74874386163E+00 -50.65326579E-03
+48.13500E-06 -8.15276402235E+00 -77.38693384E-03
+48.15000E-06 -4.07638201155E+00 -43.61808999E-03
+48.16500E-06 +3.13567846976E+00 +22.51256257E-03
+48.18000E-06 +7.94371879082E+00 +73.16582836E-03
+48.19500E-06 +6.27135694046E+00 +61.90954708E-03
+48.21000E-06 -418.09046221E-03 +2.81407033E-03
+48.22500E-06 -6.79397001834E+00 -61.90954707E-03
+48.24000E-06 -7.83919617553E+00 -77.38693385E-03
+48.25500E-06 -2.71758800792E+00 -32.36180870E-03
+48.27000E-06 +4.49447247358E+00 +35.17587902E-03
+48.28500E-06 +8.25728663793E+00 +77.38693384E-03
+48.30000E-06 +5.22613078394E+00 +54.87437127E-03
+48.31500E-06 -1.77688446603E+00 -12.66331644E-03
+48.33000E-06 -7.63015094371E+00 -70.35175804E-03
+48.34500E-06 -7.42110571275E+00 -73.16582836E-03
+48.36000E-06 -1.25427138863E+00 -19.69849226E-03
+48.37500E-06 +5.64422124605E+00 +49.24623063E-03
+48.39000E-06 +8.15276402245E+00 +77.38693385E-03
+48.40500E-06 +4.07638201165E+00 +43.61808999E-03
+48.42000E-06 -3.34472370100E+00 -25.32663289E-03
+48.43500E-06 -8.15276402225E+00 -77.38693384E-03
+48.45000E-06 -6.58492478748E+00 -67.53768772E-03
+48.46500E-06 +313.56784653E-03 -4.22110549E-03
+48.48000E-06 +6.79397001824E+00 +59.09547675E-03
+48.49500E-06 +7.94371879110E+00 +77.38693385E-03
+48.51000E-06 +2.71758800793E+00 +30.95477354E-03
+48.52500E-06 -4.70351770482E+00 -40.80401966E-03
+48.54000E-06 -8.46633186936E+00 -81.60803933E-03
+48.55500E-06 -5.64422124653E+00 -60.50251191E-03
+48.57000E-06 +1.77688446592E+00 +11.25628128E-03
+48.58500E-06 +7.63015094380E+00 +68.94472288E-03
+48.60000E-06 +7.42110571285E+00 +73.16582836E-03
+48.61500E-06 +1.25427138854E+00 +18.29145710E-03
+48.63000E-06 -6.06231170854E+00 -53.46733611E-03
+48.64500E-06 -8.46633186946E+00 -80.20100417E-03
+48.66000E-06 -4.49447247405E+00 -47.83919547E-03
+48.67500E-06 +3.24020108532E+00 +21.10552741E-03
+48.69000E-06 +8.15276402235E+00 +75.97989868E-03
+48.70500E-06 +6.58492478767E+00 +67.53768772E-03
+48.72000E-06 -104.52261547E-03 +2.81407033E-03
+48.73500E-06 -7.10753786525E+00 -61.90954707E-03
+48.75000E-06 -8.36180925379E+00 -80.20100417E-03
+48.76500E-06 -2.92663323928E+00 -35.17587902E-03
+48.78000E-06 +4.70351770481E+00 +37.98994934E-03
+48.79500E-06 +8.57085448494E+00 +80.20100416E-03
+48.81000E-06 +5.64422124674E+00 +57.68844160E-03
+48.82500E-06 -1.88140708149E+00 -11.25628128E-03
+48.84000E-06 -7.83919617524E+00 -73.16582836E-03
+48.85500E-06 -7.83919617553E+00 -75.97989869E-03
+48.87000E-06 -1.35879400432E+00 -21.10552742E-03
+48.88500E-06 +5.85326647729E+00 +52.06030095E-03
+48.90000E-06 +8.57085448513E+00 +81.60803933E-03
+48.91500E-06 +4.38994985869E+00 +45.02512515E-03
+48.93000E-06 -3.44924631665E+00 -26.73366805E-03
+48.94500E-06 -8.46633186926E+00 -78.79396901E-03
+48.96000E-06 -7.00301525037E+00 -70.35175804E-03
+48.97500E-06 +104.52261527E-03 -5.62814065E-03
+48.99000E-06 +7.00301524967E+00 +61.90954707E-03
+49.00500E-06 +8.36180925389E+00 +80.20100417E-03
+49.02000E-06 +3.03115585496E+00 +33.76884386E-03
+49.03500E-06 -4.80804032047E+00 -43.61808998E-03
+49.05000E-06 -8.88442233195E+00 -83.01507449E-03
+49.06500E-06 -5.95778909356E+00 -63.31658224E-03
+49.08000E-06 +1.67236185024E+00 +7.03517580E-03
+49.09500E-06 +7.83919617504E+00 +73.16582836E-03
+49.11000E-06 +7.83919617554E+00 +77.38693385E-03
+49.12500E-06 +1.46331661980E+00 +19.69849226E-03
+49.14000E-06 -6.16683432419E+00 -54.87437127E-03
+49.15500E-06 -8.98894494762E+00 -85.82914481E-03
+49.17000E-06 -4.59899509004E+00 -49.24623063E-03
+49.18500E-06 +3.24020108540E+00 +23.91959773E-03
+49.20000E-06 +8.57085448473E+00 +77.38693385E-03
+49.21500E-06 +6.89849263470E+00 +71.75879320E-03
+49.23000E-06 -209.04523083E-03 +4.22110549E-03
+49.24500E-06 -7.21206048100E+00 -64.72361739E-03
+49.26000E-06 -8.57085448524E+00 -83.01507449E-03
+49.27500E-06 -3.13567847064E+00 -37.98994934E-03
+49.29000E-06 +4.70351770479E+00 +39.39698450E-03
+49.30500E-06 +8.88442233195E+00 +84.42210965E-03
+49.32000E-06 +5.85326647799E+00 +60.50251192E-03
+49.33500E-06 -1.88140708147E+00 -11.25628128E-03
+49.35000E-06 -8.15276402194E+00 -75.97989868E-03
+49.36500E-06 -8.04824140688E+00 -78.79396901E-03
+49.38000E-06 -1.56783923558E+00 -22.51256258E-03
+49.39500E-06 +6.16683432398E+00 +50.65326579E-03
+49.41000E-06 +8.88442233205E+00 +84.42210965E-03
+49.42500E-06 +4.59899509005E+00 +50.65326579E-03
+49.44000E-06 -3.44924631663E+00 -26.73366805E-03
+49.45500E-06 -8.77989971617E+00 -81.60803932E-03
+49.47000E-06 -7.10753786605E+00 -73.16582836E-03
+49.48500E-06 -520E-12 -7.03517581E-03
+49.50000E-06 +7.21206048100E+00 +63.31658223E-03
+49.51500E-06 +8.57085448514E+00 +81.60803933E-03
+49.53000E-06 +3.03115585509E+00 +36.58291419E-03
+49.54500E-06 -4.91256293603E+00 -42.21105482E-03
+49.56000E-06 -9.09346756329E+00 -87.23617997E-03
+49.57500E-06 -6.16683432491E+00 -61.90954708E-03
+49.59000E-06 +1.67236185011E+00 +8.44221096E-03
+49.60500E-06 +8.15276402204E+00 +73.16582836E-03
+49.62000E-06 +8.04824140689E+00 +78.79396901E-03
+49.63500E-06 +1.46331661992E+00 +19.69849226E-03
+49.65000E-06 -6.27135693975E+00 -54.87437127E-03
+49.66500E-06 -9.09346756339E+00 -87.23617997E-03
+49.68000E-06 -4.80804032140E+00 -52.06030095E-03
+49.69500E-06 +3.24020108528E+00 +22.51256257E-03
+49.71000E-06 +8.77989971606E+00 +81.60803932E-03
+49.72500E-06 +7.10753786595E+00 +73.16582836E-03
+49.74000E-06 -104.52261525E-03 +5.62814065E-03
+49.75500E-06 -7.21206048099E+00 -68.94472288E-03
+49.77000E-06 -8.77989971648E+00 -87.23617997E-03
+49.78500E-06 -3.13567847087E+00 -37.98994935E-03
+49.80000E-06 +4.80804032035E+00 +37.98994934E-03
+49.81500E-06 +8.88442233205E+00 +84.42210965E-03
+49.83000E-06 +6.16683432481E+00 +63.31658224E-03
+49.84500E-06 -1.77688446578E+00 -9.84924612E-03
+49.86000E-06 -8.15276402203E+00 -75.97989868E-03
+49.87500E-06 -8.15276402267E+00 -83.01507449E-03
+49.89000E-06 -1.67236185116E+00 -22.51256258E-03
+49.90500E-06 +6.06231170850E+00 +52.06030094E-03
+49.92000E-06 +8.98894494772E+00 +85.82914481E-03
+49.93500E-06 +4.70351770573E+00 +50.65326579E-03
+49.95000E-06 -3.34472370094E+00 -26.73366805E-03
+49.96500E-06 -8.77989971627E+00 -83.01507449E-03
+49.98000E-06 -7.42110571287E+00 -75.97989869E-03
+49.99500E-06 -530E-12 -9.84924613E-03
+50.01000E-06 +7.10753786532E+00 +64.72361739E-03
+50.02500E-06 +8.67537710081E+00 +84.42210965E-03
+50.04000E-06 +3.24020108623E+00 +36.58291419E-03
+50.05500E-06 -4.80804032044E+00 -40.80401966E-03
+50.07000E-06 -8.98894494772E+00 -85.82914481E-03
+50.08500E-06 -6.16683432514E+00 -64.72361740E-03
+50.10000E-06 +1.56783923442E+00 +8.44221096E-03
+50.11500E-06 +8.04824140636E+00 +73.16582836E-03
+50.13000E-06 +8.04824140700E+00 +81.60803933E-03
+50.14500E-06 +1.56783923571E+00 +22.51256258E-03
+50.16000E-06 -6.16683432427E+00 -54.87437127E-03
+50.17500E-06 -9.09346756339E+00 -88.64321513E-03
+50.19000E-06 -4.91256293698E+00 -52.06030096E-03
+50.20500E-06 +3.13567846970E+00 +22.51256257E-03
+50.22000E-06 +8.57085448493E+00 +80.20100416E-03
+50.23500E-06 +7.21206048164E+00 +73.16582837E-03
+50.25000E-06 +650E-12 +7.03517581E-03
+50.26500E-06 -7.31658309655E+00 -66.13065256E-03
+50.28000E-06 -8.77989971659E+00 -87.23617997E-03
+50.29500E-06 -3.55376893326E+00 -39.39698451E-03
+50.31000E-06 +4.59899508910E+00 +37.98994934E-03
+50.32500E-06 +8.98894494761E+00 +84.42210965E-03
+50.34000E-06 +6.06231170936E+00 +63.31658224E-03
+50.35500E-06 -1.67236185008E+00 -11.25628128E-03
+50.37000E-06 -8.15276402191E+00 -75.97989868E-03
+50.38500E-06 -8.25728663824E+00 -81.60803933E-03
+50.40000E-06 -1.77688446707E+00 -25.32663290E-03
+50.41500E-06 +5.95778909293E+00 +50.65326578E-03
+50.43000E-06 +8.98894494772E+00 +87.23617997E-03
+50.44500E-06 +4.80804032131E+00 +52.06030095E-03
+50.46000E-06 -3.24020108515E+00 -25.32663289E-03
+50.47500E-06 -8.67537710060E+00 -83.01507448E-03
+50.49000E-06 -7.42110571287E+00 -74.57286353E-03
+50.50500E-06 -104.52261633E-03 -8.44221097E-03
+50.52000E-06 +7.10753786509E+00 +63.31658223E-03
+50.53500E-06 +8.57085448537E+00 +85.82914481E-03
+50.55000E-06 +3.34472370203E+00 +37.98994934E-03
+50.56500E-06 -4.80804032032E+00 -40.80401966E-03
+50.58000E-06 -8.98894494761E+00 -87.23617997E-03
+50.59500E-06 -6.16683432515E+00 -67.53768772E-03
+50.61000E-06 +1.46331661884E+00 +7.03517580E-03
+50.62500E-06 +7.94371879067E+00 +71.75879320E-03
+50.64000E-06 +8.15276402246E+00 +80.20100417E-03
+50.65500E-06 +1.67236185130E+00 +22.51256258E-03
+50.67000E-06 -6.06231170837E+00 -54.87437127E-03
+50.68500E-06 -8.98894494772E+00 -88.64321513E-03
+50.70000E-06 -4.91256293699E+00 -53.46733612E-03
+50.71500E-06 +3.03115585390E+00 +21.10552741E-03
+50.73000E-06 +8.46633186925E+00 +80.20100416E-03
+50.74500E-06 +7.21206048165E+00 +74.57286352E-03
+50.76000E-06 +209.04523179E-03 +7.03517581E-03
+50.77500E-06 -7.10753786519E+00 -64.72361739E-03
+50.79000E-06 -8.77989971638E+00 -85.82914481E-03
+50.80500E-06 -3.44924631771E+00 -39.39698451E-03
+50.82000E-06 +4.49447247330E+00 +36.58291417E-03
+50.83500E-06 +8.77989971626E+00 +83.01507449E-03
+50.85000E-06 +6.06231170938E+00 +63.31658224E-03
+50.86500E-06 -1.46331661895E+00 -8.44221096E-03
+50.88000E-06 -7.94371879067E+00 -75.97989868E-03
+50.89500E-06 -8.15276402258E+00 -83.01507449E-03
+50.91000E-06 -1.88140708253E+00 -25.32663290E-03
+50.92500E-06 +5.74874386146E+00 +49.24623062E-03
+50.94000E-06 +8.77989971649E+00 +84.42210965E-03
+50.95500E-06 +4.80804032133E+00 +52.06030095E-03
+50.97000E-06 -3.03115585401E+00 -23.91959773E-03
+50.98500E-06 -8.46633186914E+00 -80.20100417E-03
+51.00000E-06 -7.21206048176E+00 -74.57286352E-03
+51.01500E-06 -209.04523191E-03 -9.84924613E-03
+51.03000E-06 +6.79397001828E+00 +60.50251191E-03
+51.04500E-06 +8.36180925392E+00 +83.01507449E-03
+51.06000E-06 +3.34472370205E+00 +37.98994934E-03
+51.07500E-06 -4.38994985773E+00 -40.80401966E-03
+51.09000E-06 -8.77989971626E+00 -85.82914481E-03
+51.10500E-06 -6.06231170938E+00 -64.72361740E-03
+51.12000E-06 +1.35879400315E+00 +4.22110548E-03
+51.13500E-06 +7.63015094376E+00 +71.75879320E-03
+51.15000E-06 +7.94371879112E+00 +78.79396901E-03
+51.16500E-06 +1.77688446698E+00 +22.51256258E-03
+51.18000E-06 -5.74874386145E+00 -53.46733611E-03
+51.19500E-06 -8.77989971638E+00 -87.23617997E-03
+51.21000E-06 -4.80804032133E+00 -53.46733612E-03
+51.22500E-06 +2.82211062255E+00 +19.69849225E-03
+51.24000E-06 +8.25728663768E+00 +77.38693384E-03
+51.25500E-06 +7.00301525043E+00 +70.35175805E-03
+51.27000E-06 +104.52261636E-03 +8.44221097E-03
+51.28500E-06 -6.79397001828E+00 -63.31658223E-03
+51.30000E-06 -8.36180925392E+00 -84.42210965E-03
+51.31500E-06 -3.44924631773E+00 -40.80401967E-03
+51.33000E-06 +4.18090462650E+00 +35.17587901E-03
+51.34500E-06 +8.46633186936E+00 +81.60803933E-03
+51.36000E-06 +5.95778909361E+00 +61.90954708E-03
+51.37500E-06 -1.35879400314E+00 -8.44221096E-03
+51.39000E-06 -7.52562832809E+00 -71.75879320E-03
+51.40500E-06 -7.94371879112E+00 -78.79396901E-03
+51.42000E-06 -1.77688446711E+00 -25.32663290E-03
+51.43500E-06 +5.53969862999E+00 +45.02512514E-03
+51.45000E-06 +8.46633186936E+00 +81.60803933E-03
+51.46500E-06 +4.70351770567E+00 +50.65326579E-03
+51.48000E-06 -2.92663323821E+00 -23.91959773E-03
+51.49500E-06 -8.25728663779E+00 -78.79396900E-03
+51.51000E-06 -7.00301525032E+00 -71.75879320E-03
+51.52500E-06 -313.56784760E-03 -9.84924613E-03
+51.54000E-06 +6.48040217126E+00 +57.68844159E-03
+51.55500E-06 +8.25728663802E+00 +80.20100417E-03
+51.57000E-06 +3.24020108628E+00 +36.58291419E-03
+51.58500E-06 -4.28542724193E+00 -35.17587902E-03
+51.60000E-06 -8.36180925369E+00 -83.01507449E-03
+51.61500E-06 -5.95778909373E+00 -61.90954708E-03
+51.63000E-06 +1.14974877191E+00 +4.22110548E-03
+51.64500E-06 +7.21206048119E+00 +67.53768772E-03
+51.66000E-06 +7.63015094423E+00 +77.38693384E-03
+51.67500E-06 +1.77688446700E+00 +23.91959774E-03
+51.69000E-06 -5.53969862998E+00 -49.24623062E-03
+51.70500E-06 -8.36180925357E+00 -83.01507449E-03
+51.72000E-06 -4.70351770580E+00 -52.06030095E-03
+51.73500E-06 +2.61306539130E+00 +18.29145709E-03
+51.75000E-06 +7.83919617510E+00 +74.57286352E-03
+51.76500E-06 +6.68944740343E+00 +68.94472288E-03
+51.78000E-06 +209.04523194E-03 +8.44221097E-03
+51.79500E-06 -6.37587955558E+00 -60.50251191E-03
+51.81000E-06 -8.15276402235E+00 -81.60803933E-03
+51.82500E-06 -3.34472370195E+00 -39.39698451E-03
+51.84000E-06 +4.07638201058E+00 +30.95477353E-03
+51.85500E-06 +7.94371879101E+00 +78.79396900E-03
+51.87000E-06 +5.74874386227E+00 +60.50251192E-03
+51.88500E-06 -1.25427138757E+00 -5.62814064E-03
+51.90000E-06 -7.21206048095E+00 -68.94472288E-03
+51.91500E-06 -7.42110571301E+00 -77.38693384E-03
+51.93000E-06 -1.88140708256E+00 -23.91959774E-03
+51.94500E-06 +5.01708555186E+00 +45.02512514E-03
+51.96000E-06 +8.04824140656E+00 +78.79396901E-03
+51.97500E-06 +4.49447247434E+00 +50.65326579E-03
+51.99000E-06 -2.61306539130E+00 -21.10552741E-03
+52.00500E-06 -7.63015094387E+00 -74.57286352E-03
+52.02000E-06 -6.68944740332E+00 -68.94472288E-03
+52.03500E-06 -313.56784774E-03 -11.25628129E-03
+52.05000E-06 +6.06231170869E+00 +54.87437127E-03
+52.06500E-06 +7.73467355979E+00 +77.38693384E-03
+52.08000E-06 +3.24020108617E+00 +35.17587903E-03
+52.09500E-06 -4.07638201057E+00 -33.76884385E-03
+52.11000E-06 -7.94371879089E+00 -77.38693384E-03
+52.12500E-06 -5.64422124673E+00 -59.09547676E-03
+52.14000E-06 +1.04522615610E+00 +2.81407032E-03
+52.15500E-06 +6.89849263381E+00 +63.31658223E-03
+52.17000E-06 +7.21206048143E+00 +71.75879320E-03
+52.18500E-06 +1.77688446690E+00 +22.51256258E-03
+52.20000E-06 -5.12160816740E+00 -46.43216030E-03
+52.21500E-06 -7.94371879101E+00 -78.79396900E-03
+52.23000E-06 -4.49447247435E+00 -47.83919547E-03
+52.24500E-06 +2.40402015982E+00 +18.29145709E-03
+52.26000E-06 +7.31658309686E+00 +68.94472288E-03
+52.27500E-06 +6.37587955631E+00 +63.31658224E-03
+52.29000E-06 +313.56784763E-03 +8.44221097E-03
+52.30500E-06 -5.95778909289E+00 -56.28140643E-03
+52.32000E-06 -7.63015094399E+00 -75.97989868E-03
+52.33500E-06 -3.13567847075E+00 -36.58291419E-03
+52.35000E-06 +3.65829154800E+00 +29.54773837E-03
+52.36500E-06 +7.52562832820E+00 +71.75879320E-03
+52.38000E-06 +5.43517601527E+00 +56.28140643E-03
+52.39500E-06 -1.04522615622E+00 -7.03517580E-03
+52.41000E-06 -6.68944740271E+00 -64.72361739E-03
+52.42500E-06 -7.00301525021E+00 -71.75879320E-03
+52.44000E-06 -1.77688446703E+00 -22.51256258E-03
+52.45500E-06 +4.70351770483E+00 +42.21105482E-03
+52.47000E-06 +7.63015094387E+00 +74.57286352E-03
+52.48500E-06 +4.18090462747E+00 +45.02512515E-03
+52.50000E-06 -2.40402015982E+00 -19.69849225E-03
+52.51500E-06 -7.10753786551E+00 -70.35175804E-03
+52.53000E-06 -6.27135694064E+00 -64.72361740E-03
+52.54500E-06 -418.09046331E-03 -11.25628129E-03
+52.56000E-06 +5.64422124575E+00 +52.06030094E-03
+52.57500E-06 +7.10753786589E+00 +71.75879320E-03
+52.59000E-06 +3.03115585496E+00 +33.76884386E-03
+52.60500E-06 -3.55376893245E+00 -30.95477353E-03
+52.62000E-06 -7.31658309698E+00 -73.16582836E-03
+52.63500E-06 -5.33065339960E+00 -57.68844159E-03
+52.65000E-06 +940.70354041E-03 +2.81407032E-03
+52.66500E-06 +6.37587955557E+00 +60.50251191E-03
+52.68000E-06 +6.58492478753E+00 +67.53768772E-03
+52.69500E-06 +1.67236185124E+00 +21.10552742E-03
+52.71000E-06 -4.70351770483E+00 -42.21105482E-03
+52.72500E-06 -7.31658309698E+00 -71.75879320E-03
+52.74000E-06 -4.18090462722E+00 -46.43216031E-03
+52.75500E-06 +2.19497492847E+00 +14.07035160E-03
+52.77000E-06 +6.79397001837E+00 +64.72361740E-03
+52.78500E-06 +5.95778909363E+00 +60.50251192E-03
+52.80000E-06 +418.09046319E-03 +8.44221097E-03
+52.81500E-06 -5.53969863019E+00 -50.65326579E-03
+52.83000E-06 -7.10753786564E+00 -70.35175804E-03
+52.84500E-06 -3.03115585497E+00 -35.17587902E-03
+52.86000E-06 +3.34472370097E+00 +26.73366805E-03
+52.87500E-06 +7.00301524971E+00 +64.72361740E-03
+52.89000E-06 +5.01708555247E+00 +53.46733611E-03
+52.90500E-06 -836.18092486E-03 -2.81407032E-03
+52.92000E-06 -6.16683432434E+00 -59.09547675E-03
+52.93500E-06 -6.58492478741E+00 -67.53768772E-03
+52.95000E-06 -1.67236185137E+00 -22.51256258E-03
+52.96500E-06 +4.28542724201E+00 +36.58291418E-03
+52.98000E-06 +6.79397001875E+00 +67.53768772E-03
+52.99500E-06 +3.97185939589E+00 +40.80401967E-03
+53.01000E-06 -2.09045231304E+00 -16.88442192E-03
+53.02500E-06 -6.48040217148E+00 -63.31658223E-03
+53.04000E-06 -5.85326647784E+00 -60.50251192E-03
+53.05500E-06 -522.61307887E-03 -9.84924613E-03
+53.07000E-06 +5.12160816750E+00 +46.43216030E-03
+53.08500E-06 +6.68944740295E+00 +66.13065256E-03
+53.10000E-06 +2.82211062351E+00 +32.36180870E-03
+53.11500E-06 -3.24020108542E+00 -28.14070321E-03
+53.13000E-06 -6.68944740283E+00 -66.13065256E-03
+53.14500E-06 -4.91256293680E+00 -52.06030095E-03
+53.16000E-06 +836.18092473E-03 +1.40703516E-03
+53.17500E-06 +5.64422124599E+00 +53.46733611E-03
+53.19000E-06 +6.16683432473E+00 +61.90954708E-03
+53.20500E-06 +1.56783923558E+00 +21.10552742E-03
+53.22000E-06 -4.18090462633E+00 -37.98994934E-03
+53.23500E-06 -6.58492478728E+00 -67.53768772E-03
+53.25000E-06 -3.86733678022E+00 -40.80401967E-03
+53.26500E-06 +1.88140708169E+00 +14.07035160E-03
+53.28000E-06 +6.06231170880E+00 +59.09547675E-03
+53.29500E-06 +5.43517601516E+00 +56.28140643E-03
+53.31000E-06 +418.09046307E-03 +9.84924613E-03
+53.32500E-06 -4.91256293629E+00 -46.43216030E-03
+53.34000E-06 -6.37587955620E+00 -64.72361740E-03
+53.35500E-06 -2.71758800810E+00 -33.76884386E-03
+53.37000E-06 +2.92663323827E+00 +23.91959773E-03
+53.38500E-06 +6.27135694014E+00 +61.90954707E-03
+53.40000E-06 +4.59899508966E+00 +47.83919547E-03
+53.41500E-06 -731.65830918E-03 -1.40703516E-03
+53.43000E-06 -5.53969863031E+00 -53.46733611E-03
+53.44500E-06 -5.95778909339E+00 -61.90954708E-03
+53.46000E-06 -1.67236185126E+00 -21.10552742E-03
+53.47500E-06 +3.86733677944E+00 +32.36180870E-03
+53.49000E-06 +6.27135694027E+00 +60.50251191E-03
+53.50500E-06 +3.65829154888E+00 +39.39698450E-03
+53.52000E-06 -1.77688446602E+00 -15.47738676E-03
+53.53500E-06 -5.95778909299E+00 -56.28140643E-03
+53.55000E-06 -5.22613078395E+00 -54.87437127E-03
+53.56500E-06 -522.61307888E-03 -11.25628129E-03
+53.58000E-06 +4.59899508914E+00 +40.80401966E-03
+53.59500E-06 +5.95778909326E+00 +59.09547676E-03
+53.61000E-06 +2.61306539217E+00 +29.54773838E-03
+53.62500E-06 -2.71758800719E+00 -25.32663289E-03
+53.64000E-06 -6.06231170893E+00 -59.09547675E-03
+53.65500E-06 -4.49447247426E+00 -46.43216031E-03
+53.67000E-06 +522.61307796E-03 +1.40703516E-03
+53.68500E-06 +5.12160816762E+00 +47.83919546E-03
+53.70000E-06 +5.53969863070E+00 +56.28140643E-03
+53.71500E-06 +1.46331661993E+00 +18.29145710E-03
+53.73000E-06 -3.65829154809E+00 -33.76884386E-03
+53.74500E-06 -5.85326647785E+00 -59.09547676E-03
+53.76000E-06 -3.55376893322E+00 -39.39698450E-03
+53.77500E-06 +1.56783923480E+00 +11.25628128E-03
+53.79000E-06 +5.43517601463E+00 +53.46733611E-03
+53.80500E-06 +4.80804032114E+00 +50.65326579E-03
+53.82000E-06 +418.09046308E-03 +9.84924613E-03
+53.83500E-06 -4.49447247346E+00 -42.21105482E-03
+53.85000E-06 -5.74874386191E+00 -57.68844159E-03
+53.86500E-06 -2.61306539218E+00 -29.54773838E-03
+53.88000E-06 +2.61306539125E+00 +19.69849225E-03
+53.89500E-06 +5.53969863071E+00 +53.46733611E-03
+53.91000E-06 +4.07638201144E+00 +43.61808999E-03
+53.92500E-06 -627.13569363E-03 -2.81407032E-03
+53.94000E-06 -4.91256293628E+00 -47.83919546E-03
+53.95500E-06 -5.33065339936E+00 -54.87437127E-03
+53.97000E-06 -1.56783923534E+00 -18.29145710E-03
+53.98500E-06 +3.24020108554E+00 +29.54773837E-03
+54.00000E-06 +5.53969863057E+00 +53.46733611E-03
+54.01500E-06 +3.24020108621E+00 +35.17587902E-03
+54.03000E-06 -1.56783923466E+00 -12.66331644E-03
+54.04500E-06 -5.33065339896E+00 -52.06030095E-03
+54.06000E-06 -4.70351770534E+00 -49.24623063E-03
+54.07500E-06 -522.61307876E-03 -11.25628129E-03
+54.09000E-06 +3.97185939523E+00 +36.58291418E-03
+54.10500E-06 +5.33065339936E+00 +53.46733611E-03
+54.12000E-06 +2.40402016071E+00 +26.73366806E-03
+54.13500E-06 -2.50854277570E+00 -22.51256257E-03
+54.15000E-06 -5.33065339923E+00 -53.46733611E-03
+54.16500E-06 -4.07638201145E+00 -43.61808999E-03
+54.18000E-06 +418.09046228E-03 -0.0E+00
+54.19500E-06 +4.49447247359E+00 +42.21105482E-03
+54.21000E-06 +4.91256293668E+00 +50.65326579E-03
+54.22500E-06 +1.46331661967E+00 +16.88442193E-03
+54.24000E-06 -3.24020108553E+00 -29.54773837E-03
+54.25500E-06 -5.33065339909E+00 -53.46733611E-03
+54.27000E-06 -3.13567847054E+00 -35.17587902E-03
+54.28500E-06 +1.35879400332E+00 +9.84924612E-03
+54.30000E-06 +4.80804032074E+00 +45.02512514E-03
+54.31500E-06 +4.38994985833E+00 +45.02512515E-03
+54.33000E-06 +418.09046323E-03 +8.44221097E-03
+54.34500E-06 -3.86733677942E+00 -36.58291418E-03
+54.36000E-06 -5.01708555249E+00 -50.65326579E-03
+54.37500E-06 -2.29949754504E+00 -25.32663290E-03
+54.39000E-06 +2.19497492868E+00 +18.29145709E-03
+54.40500E-06 +4.91256293641E+00 +46.43216031E-03
+54.42000E-06 +3.65829154877E+00 +37.98994934E-03
+54.43500E-06 -522.61307794E-03 -2.81407032E-03
+54.45000E-06 -4.28542724224E+00 -40.80401966E-03
+54.46500E-06 -4.70351770534E+00 -47.83919547E-03
+54.48000E-06 -1.46331661967E+00 -18.29145709E-03
+54.49500E-06 +2.82211062285E+00 +23.91959773E-03
+54.51000E-06 +4.80804032087E+00 +47.83919547E-03
+54.52500E-06 +2.92663323921E+00 +30.95477354E-03
+54.54000E-06 -1.35879400331E+00 -9.84924612E-03
+54.55500E-06 -4.49447247372E+00 -46.43216030E-03
+54.57000E-06 -4.18090462698E+00 -43.61808999E-03
+54.58500E-06 -522.61307877E-03 -9.84924613E-03
+54.60000E-06 +3.44924631687E+00 +32.36180869E-03
+54.61500E-06 +4.49447247414E+00 +46.43216031E-03
+54.63000E-06 +1.98592969817E+00 +23.91959774E-03
+54.64500E-06 -2.09045231301E+00 -19.69849225E-03
+54.66000E-06 -4.59899508939E+00 -46.43216030E-03
+54.67500E-06 -3.44924631743E+00 -37.98994934E-03
+54.69000E-06 +313.56784660E-03 -0.0E+00
+54.70500E-06 +3.76281416402E+00 +36.58291418E-03
+54.72000E-06 +4.18090462699E+00 +43.61808999E-03
+54.73500E-06 +1.14974877280E+00 +14.07035161E-03
+54.75000E-06 -2.82211062270E+00 -25.32663289E-03
+54.76500E-06 -4.59899508953E+00 -46.43216031E-03
+54.78000E-06 -2.82211062354E+00 -30.95477354E-03
+54.79500E-06 +1.14974877210E+00 +5.62814064E-03
+54.81000E-06 +4.07638201104E+00 +39.39698450E-03
+54.82500E-06 +3.76281416430E+00 +39.39698450E-03
+54.84000E-06 +313.56784743E-03 +7.03517581E-03
+54.85500E-06 -3.34472370106E+00 -30.95477354E-03
+54.87000E-06 -4.38994985833E+00 -46.43216031E-03
+54.88500E-06 -2.09045231370E+00 -22.51256258E-03
+54.90000E-06 +1.77688446613E+00 +15.47738677E-03
+54.91500E-06 +4.18090462671E+00 +40.80401966E-03
+54.93000E-06 +3.13567847042E+00 +33.76884386E-03
+54.94500E-06 -313.56784673E-03 -1.40703516E-03
+54.96000E-06 -3.65829154835E+00 -36.58291418E-03
+54.97500E-06 -4.18090462685E+00 -42.21105483E-03
+54.99000E-06 -1.25427138848E+00 -15.47738677E-03
+55.00500E-06 +2.50854277568E+00 +22.51256257E-03
+55.02000E-06 +4.07638201132E+00 +40.80401966E-03
+55.03500E-06 +2.50854277639E+00 +26.73366806E-03
+55.05000E-06 -1.14974877196E+00 -8.44221096E-03
+55.06500E-06 -3.86733677969E+00 -37.98994934E-03
+55.08000E-06 -3.65829154849E+00 -37.98994934E-03
+55.09500E-06 -522.61307864E-03 -8.44221097E-03
+55.11000E-06 +2.92663323865E+00 +26.73366805E-03
+55.12500E-06 +3.97185939550E+00 +39.39698450E-03
+55.14000E-06 +1.88140708237E+00 +19.69849225E-03
+55.15500E-06 -1.77688446613E+00 -16.88442193E-03
+55.17000E-06 -3.97185939536E+00 -39.39698450E-03
+55.18500E-06 -3.13567847028E+00 -32.36180870E-03
+55.20000E-06 +209.04523106E-03 -1.40703516E-03
+55.21500E-06 +3.24020108581E+00 +32.36180869E-03
+55.23000E-06 +3.65829154863E+00 +36.58291418E-03
+55.24500E-06 +1.14974877267E+00 +14.07035161E-03
+55.26000E-06 -2.29949754448E+00 -22.51256257E-03
+55.27500E-06 -3.97185939536E+00 -40.80401966E-03
+55.29000E-06 -2.50854277625E+00 -26.73366806E-03
+55.30500E-06 +836.18092523E-03 +7.03517580E-03
+55.32000E-06 +3.55376893239E+00 +33.76884386E-03
+55.33500E-06 +3.24020108595E+00 +33.76884386E-03
+55.35000E-06 +418.09046297E-03 +7.03517581E-03
+55.36500E-06 -2.71758800716E+00 -25.32663289E-03
+55.38000E-06 -3.76281416416E+00 -37.98994934E-03
+55.39500E-06 -1.77688446670E+00 -22.51256257E-03
+55.41000E-06 +1.46331661911E+00 +12.66331644E-03
+55.42500E-06 +3.55376893282E+00 +33.76884386E-03
+55.44000E-06 +2.71758800759E+00 +28.14070322E-03
+55.45500E-06 -313.56784672E-03 +0.0E+00
+55.47000E-06 -3.03115585432E+00 -29.54773838E-03
+55.48500E-06 -3.34472370177E+00 -36.58291418E-03
+55.50000E-06 -1.14974877267E+00 -12.66331645E-03
+55.51500E-06 +1.98592969746E+00 +16.88442193E-03
+55.53000E-06 +3.44924631729E+00 +35.17587902E-03
+55.54500E-06 +2.09045231371E+00 +23.91959774E-03
+55.56000E-06 -836.18092508E-03 -8.44221096E-03
+55.57500E-06 -3.34472370133E+00 -32.36180870E-03
+55.59000E-06 -3.03115585461E+00 -33.76884386E-03
+55.60500E-06 -418.09046312E-03 -8.44221097E-03
+55.62000E-06 +2.40402016015E+00 +21.10552741E-03
+55.63500E-06 +3.34472370148E+00 +33.76884386E-03
+55.65000E-06 +1.56783923521E+00 +18.29145709E-03
+55.66500E-06 -1.35879400358E+00 -12.66331645E-03
+55.68000E-06 -3.34472370148E+00 -33.76884386E-03
+55.69500E-06 -2.61306539192E+00 -29.54773838E-03
+55.71000E-06 +209.04523105E-03 -0.0E+00
+55.72500E-06 +2.71758800730E+00 +25.32663289E-03
+55.74000E-06 +3.03115585461E+00 +32.36180869E-03
+55.75500E-06 +940.70354133E-03 +9.84924613E-03
+55.77000E-06 -1.98592969731E+00 -18.29145709E-03
+55.78500E-06 -3.24020108581E+00 -33.76884386E-03
+55.80000E-06 -1.98592969805E+00 -23.91959774E-03
+55.81500E-06 +627.13569388E-03 +4.22110548E-03
+55.83000E-06 +2.92663323865E+00 +28.14070321E-03
+55.84500E-06 +2.71758800745E+00 +28.14070322E-03
+55.86000E-06 +313.56784731E-03 +5.62814064E-03
+55.87500E-06 -2.29949754462E+00 -23.91959773E-03
+55.89000E-06 -3.13567847028E+00 -32.36180870E-03
+55.90500E-06 -1.46331661969E+00 -18.29145709E-03
+55.92000E-06 +1.25427138776E+00 +9.84924612E-03
+55.93500E-06 +2.92663323864E+00 +28.14070322E-03
+55.95000E-06 +2.29949754477E+00 +23.91959774E-03
+55.96500E-06 -209.04523119E-03 +0.0E+00
+55.98000E-06 -2.61306539148E+00 -25.32663289E-03
+55.99500E-06 -2.82211062327E+00 -30.95477354E-03
+56.01000E-06 -1.04522615686E+00 -11.25628129E-03
+56.02500E-06 +1.67236185059E+00 +15.47738676E-03
+56.04000E-06 +2.92663323864E+00 +28.14070322E-03
+56.05500E-06 +1.77688446656E+00 +21.10552741E-03
+56.07000E-06 -731.65830955E-03 -7.03517580E-03
+56.08500E-06 -2.71758800730E+00 -26.73366806E-03
+56.10000E-06 -2.50854277641E+00 -26.73366806E-03
+56.11500E-06 -418.09046283E-03 -7.03517581E-03
+56.13000E-06 +1.98592969745E+00 +16.88442193E-03
+56.14500E-06 +2.71758800760E+00 +29.54773837E-03
+56.16000E-06 +1.25427138820E+00 +15.47738677E-03
+56.17500E-06 -1.25427138776E+00 -9.84924612E-03
+56.19000E-06 -2.71758800745E+00 -28.14070321E-03
+56.20500E-06 -2.09045231372E+00 -23.91959773E-03
+56.22000E-06 +104.52261537E-03 -1.40703516E-03
+56.23500E-06 +2.19497492894E+00 +19.69849225E-03
+56.25000E-06 +2.50854277626E+00 +25.32663290E-03
+56.26500E-06 +836.18092567E-03 +9.84924613E-03
+56.28000E-06 -1.56783923492E+00 -15.47738676E-03
+56.29500E-06 -2.71758800745E+00 -28.14070321E-03
+56.31000E-06 -1.77688446656E+00 -18.29145709E-03
+56.32500E-06 +627.13569373E-03 +4.22110548E-03
+56.34000E-06 +2.40402016029E+00 +22.51256257E-03
+56.35500E-06 +2.19497492909E+00 +22.51256257E-03
+56.37000E-06 +209.04523164E-03 +5.62814065E-03
+56.38500E-06 -1.88140708193E+00 -18.29145709E-03
+56.40000E-06 -2.61306539193E+00 -26.73366806E-03
+56.41500E-06 -1.35879400388E+00 -14.07035161E-03
+56.43000E-06 +940.70354089E-03 +8.44221096E-03
+56.44500E-06 +2.40402016044E+00 +23.91959773E-03
+56.46000E-06 +1.88140708223E+00 +19.69849225E-03
+56.47500E-06 -104.52261567E-03 -1.40703516E-03
+56.49000E-06 -2.09045231327E+00 -21.10552741E-03
+56.50500E-06 -2.29949754492E+00 -26.73366806E-03
+56.52000E-06 -731.65831015E-03 -11.25628129E-03
+56.53500E-06 +1.14974877238E+00 +11.25628128E-03
+56.55000E-06 +2.29949754492E+00 +23.91959773E-03
+56.56500E-06 +1.56783923507E+00 +16.88442193E-03
+56.58000E-06 -627.13569372E-03 -5.62814064E-03
+56.59500E-06 -2.19497492909E+00 -22.51256257E-03
+56.61000E-06 -2.09045231358E+00 -21.10552741E-03
+56.62500E-06 -418.09046284E-03 -5.62814065E-03
+56.64000E-06 +1.56783923476E+00 +14.07035161E-03
+56.65500E-06 +2.19497492909E+00 +23.91959773E-03
+56.67000E-06 +1.04522615686E+00 +12.66331645E-03
+56.68500E-06 -940.70354089E-03 -8.44221096E-03
+56.70000E-06 -2.29949754477E+00 -22.51256257E-03
+56.71500E-06 -1.77688446672E+00 -19.69849225E-03
+56.73000E-06 -150E-12 -1.40703516E-03
+56.74500E-06 +1.77688446626E+00 +18.29145709E-03
+56.76000E-06 +2.09045231327E+00 +19.69849225E-03
+56.77500E-06 +627.13569418E-03 +8.44221097E-03
+56.79000E-06 -1.25427138805E+00 -11.25628129E-03
+56.80500E-06 -2.19497492909E+00 -22.51256257E-03
+56.82000E-06 -1.46331661940E+00 -15.47738677E-03
+56.83500E-06 +418.09046238E-03 +1.40703516E-03
+56.85000E-06 +1.88140708208E+00 +18.29145709E-03
+56.86500E-06 +1.88140708208E+00 +18.29145709E-03
+56.88000E-06 +313.56784701E-03 +4.22110548E-03
+56.89500E-06 -1.46331661940E+00 -15.47738676E-03
+56.91000E-06 -2.09045231358E+00 -22.51256257E-03
+56.92500E-06 -1.04522615702E+00 -12.66331645E-03
+56.94000E-06 +731.65830954E-03 +5.62814064E-03
+56.95500E-06 +1.98592969760E+00 +18.29145709E-03
+56.97000E-06 +1.46331661971E+00 +16.88442193E-03
+56.98500E-06 -104.52261552E-03 +0.0E+00
+57.00000E-06 -1.67236185074E+00 -16.88442193E-03
+57.01500E-06 -1.98592969791E+00 -19.69849225E-03
+57.03000E-06 -627.13569418E-03 -8.44221096E-03
+57.04500E-06 +1.04522615640E+00 +9.84924612E-03
+57.06000E-06 +1.88140708224E+00 +19.69849225E-03
+57.07500E-06 +1.14974877269E+00 +11.25628129E-03
+57.09000E-06 -522.61307820E-03 -4.22110548E-03
+57.10500E-06 -1.67236185089E+00 -18.29145709E-03
+57.12000E-06 -1.77688446657E+00 -18.29145709E-03
+57.13500E-06 -418.09046284E-03 -4.22110548E-03
+57.15000E-06 +1.25427138805E+00 +11.25628129E-03
+57.16500E-06 +1.88140708192E+00 +18.29145709E-03
+57.18000E-06 +836.18092553E-03 +9.84924613E-03
+57.19500E-06 -836.18092506E-03 -7.03517580E-03
+57.21000E-06 -1.77688446641E+00 -18.29145709E-03
+57.22500E-06 -1.46331661955E+00 -15.47738677E-03
+57.24000E-06 -310E-12 -1.40703516E-03
+57.25500E-06 +1.35879400373E+00 +12.66331645E-03
+57.27000E-06 +1.67236185074E+00 +16.88442193E-03
+57.28500E-06 +522.61307851E-03 +7.03517580E-03
+57.30000E-06 -1.04522615655E+00 -8.44221097E-03
+57.31500E-06 -1.77688446641E+00 -19.69849225E-03
+57.33000E-06 -1.14974877238E+00 -14.07035161E-03
+57.34500E-06 +313.56784686E-03 +2.81407032E-03
+57.36000E-06 +1.56783923491E+00 +14.07035161E-03
+57.37500E-06 +1.35879400388E+00 +14.07035161E-03
+57.39000E-06 +209.04523150E-03 +4.22110548E-03
+57.40500E-06 -1.14974877238E+00 -11.25628129E-03
+57.42000E-06 -1.77688446641E+00 -18.29145709E-03
+57.43500E-06 -836.18092553E-03 -11.25628129E-03
+57.45000E-06 +627.13569371E-03 +4.22110548E-03
+57.46500E-06 +1.46331661955E+00 +15.47738677E-03
+57.48000E-06 +1.14974877254E+00 +12.66331645E-03
+57.49500E-06 -104.52261567E-03 +0.0E+00
+57.51000E-06 -1.35879400373E+00 -12.66331645E-03
+57.52500E-06 -1.56783923507E+00 -15.47738677E-03
+57.54000E-06 -627.13569419E-03 -7.03517581E-03
+57.55500E-06 +731.65830954E-03 +5.62814064E-03
+57.57000E-06 +1.46331661940E+00 +14.07035161E-03
+57.58500E-06 +1.04522615671E+00 +11.25628129E-03
+57.60000E-06 -313.56784701E-03 -2.81407032E-03
+57.61500E-06 -1.46331661924E+00 -15.47738677E-03
+57.63000E-06 -1.35879400388E+00 -15.47738677E-03
+57.64500E-06 -313.56784717E-03 -4.22110548E-03
+57.66000E-06 +940.70354088E-03 +8.44221096E-03
+57.67500E-06 +1.46331661924E+00 +12.66331645E-03
+57.69000E-06 +627.13569435E-03 +7.03517581E-03
+57.70500E-06 -627.13569371E-03 -5.62814064E-03
+57.72000E-06 -1.46331661940E+00 -14.07035161E-03
+57.73500E-06 -1.25427138805E+00 -12.66331645E-03
+57.75000E-06 -104.52261567E-03 -1.40703516E-03
+57.76500E-06 +1.14974877222E+00 +9.84924613E-03
+57.78000E-06 +1.25427138821E+00 +12.66331645E-03
+57.79500E-06 +522.61307836E-03 +2.81407033E-03
+57.81000E-06 -836.18092505E-03 -8.44221096E-03
+57.82500E-06 -1.35879400389E+00 -14.07035161E-03
+57.84000E-06 -836.18092569E-03 -9.84924613E-03
+57.85500E-06 +104.52261567E-03 +2.81407032E-03
+57.87000E-06 +1.14974877238E+00 +11.25628129E-03
+57.88500E-06 +1.14974877222E+00 +11.25628129E-03
+57.90000E-06 +209.04523134E-03 +2.81407032E-03
+57.91500E-06 -836.18092553E-03 -9.84924612E-03
+57.93000E-06 -1.35879400356E+00 -14.07035161E-03
+57.94500E-06 -731.65830986E-03 -8.44221097E-03
+57.96000E-06 +522.61307803E-03 +4.22110548E-03
+57.97500E-06 +1.14974877238E+00 +11.25628129E-03
+57.99000E-06 +940.70354104E-03 +9.84924613E-03
+58.00500E-06 +0.0E+00 +0.0E+00
+58.02000E-06 -1.04522615655E+00 -9.84924613E-03
+58.03500E-06 -1.14974877254E+00 -14.07035161E-03
+58.05000E-06 -522.61307836E-03 -5.62814065E-03
+58.06500E-06 +627.13569386E-03 +5.62814064E-03
+58.08000E-06 +1.14974877238E+00 +11.25628129E-03
+58.09500E-06 +731.65830970E-03 +8.44221097E-03
+58.11000E-06 -313.56784685E-03 +0.0E+00
+58.12500E-06 -1.04522615687E+00 -9.84924613E-03
+58.14000E-06 -1.14974877222E+00 -11.25628129E-03
+58.15500E-06 -209.04523151E-03 -4.22110548E-03
+58.17000E-06 +731.65830953E-03 +5.62814065E-03
+58.18500E-06 +1.04522615688E+00 +11.25628129E-03
+58.20000E-06 +522.61307836E-03 +5.62814065E-03
+58.21500E-06 -418.09046268E-03 -4.22110548E-03
+58.23000E-06 -1.14974877238E+00 -12.66331644E-03
+58.24500E-06 -940.70354120E-03 -8.44221097E-03
+58.26000E-06 -160E-12 -1.40703516E-03
+58.27500E-06 +731.65830953E-03 +8.44221096E-03
+58.29000E-06 +1.04522615671E+00 +9.84924613E-03
+58.30500E-06 +418.09046268E-03 +5.62814064E-03
+58.32000E-06 -627.13569403E-03 -5.62814064E-03
+58.33500E-06 -1.14974877222E+00 -11.25628128E-03
+58.35000E-06 -836.18092537E-03 -9.84924612E-03
+58.36500E-06 +104.52261567E-03 +0.0E+00
+58.38000E-06 +836.18092537E-03 +8.44221096E-03
+58.39500E-06 +940.70354104E-03 +9.84924613E-03
+58.41000E-06 +330E-12 +2.81407032E-03
+58.42500E-06 -731.65830953E-03 -5.62814065E-03
+58.44000E-06 -1.04522615671E+00 -11.25628128E-03
+58.45500E-06 -627.13569386E-03 -5.62814065E-03
+58.47000E-06 +313.56784685E-03 +2.81407032E-03
+58.48500E-06 +940.70354104E-03 +8.44221096E-03
+58.50000E-06 +731.65830970E-03 +8.44221096E-03
+58.51500E-06 +0.0E+00 -1.40703516E-03
+58.53000E-06 -836.18092520E-03 -8.44221096E-03
+58.54500E-06 -940.70354104E-03 -9.84924613E-03
+58.56000E-06 -418.09046285E-03 -5.62814065E-03
+58.57500E-06 +418.09046252E-03 +2.81407032E-03
+58.59000E-06 +836.18092537E-03 +8.44221097E-03
+58.60500E-06 +627.13569403E-03 +7.03517580E-03
+58.62000E-06 -209.04523118E-03 -1.40703516E-03
+58.63500E-06 -836.18092537E-03 -9.84924612E-03
+58.65000E-06 -836.18092537E-03 -9.84924613E-03
+58.66500E-06 -209.04523134E-03 -1.40703517E-03
+58.68000E-06 +522.61307802E-03 +4.22110548E-03
+58.69500E-06 +836.18092537E-03 +8.44221096E-03
+58.71000E-06 +418.09046268E-03 +4.22110548E-03
+58.72500E-06 -313.56784701E-03 -2.81407032E-03
+58.74000E-06 -940.70354087E-03 -8.44221097E-03
+58.75500E-06 -731.65830970E-03 -8.44221096E-03
+58.77000E-06 -170E-12 -1.40703516E-03
+58.78500E-06 +627.13569386E-03 +5.62814064E-03
+58.80000E-06 +836.18092520E-03 +7.03517580E-03
+58.81500E-06 +209.04523151E-03 +2.81407032E-03
+58.83000E-06 -522.61307836E-03 -4.22110548E-03
+58.84500E-06 -836.18092537E-03 -8.44221096E-03
+58.86000E-06 -627.13569403E-03 -7.03517580E-03
+58.87500E-06 +104.52261550E-03 -1.40703516E-03
+58.89000E-06 +627.13569403E-03 +7.03517580E-03
+58.90500E-06 +627.13569403E-03 +5.62814065E-03
+58.92000E-06 +104.52261550E-03 +0.0E+00
+58.93500E-06 -627.13569386E-03 -5.62814064E-03
+58.95000E-06 -836.18092537E-03 -8.44221096E-03
+58.96500E-06 -418.09046285E-03 -4.22110548E-03
+58.98000E-06 +209.04523117E-03 +1.40703516E-03
+58.99500E-06 +627.13569403E-03 +4.22110548E-03
+59.01000E-06 +522.61307836E-03 +7.03517580E-03
+59.02500E-06 -104.52261550E-03 +0.0E+00
+59.04000E-06 -522.61307869E-03 -7.03517580E-03
+59.05500E-06 -836.18092520E-03 -8.44221096E-03
+59.07000E-06 -313.56784701E-03 -2.81407032E-03
+59.08500E-06 +418.09046235E-03 +2.81407032E-03
+59.10000E-06 +627.13569403E-03 +7.03517580E-03
+59.11500E-06 +522.61307819E-03 +4.22110548E-03
+59.13000E-06 -209.04523117E-03 -1.40703516E-03
+59.14500E-06 -627.13569403E-03 -7.03517580E-03
+59.16000E-06 -627.13569403E-03 -7.03517580E-03
+59.17500E-06 -209.04523134E-03 -2.81407032E-03
+59.19000E-06 +418.09046251E-03 +4.22110548E-03
+59.20500E-06 +627.13569403E-03 +8.44221096E-03
+59.22000E-06 +313.56784701E-03 +4.22110548E-03
+59.23500E-06 -209.04523134E-03 -2.81407032E-03
+59.25000E-06 -627.13569403E-03 -5.62814065E-03
+59.26500E-06 -522.61307853E-03 -5.62814065E-03
+59.28000E-06 -340E-12 -1.40703516E-03
+59.29500E-06 +313.56784718E-03 +4.22110548E-03
+59.31000E-06 +522.61307836E-03 +5.62814064E-03
+59.32500E-06 +209.04523134E-03 +2.81407032E-03
+59.34000E-06 -418.09046268E-03 -4.22110548E-03
+59.35500E-06 -522.61307853E-03 -8.44221096E-03
+59.37000E-06 -522.61307836E-03 -4.22110548E-03
+59.38500E-06 -104.52261533E-03 +1.40703516E-03
+59.40000E-06 +418.09046268E-03 +4.22110548E-03
+59.41500E-06 +418.09046286E-03 +4.22110548E-03
+59.43000E-06 +104.52261567E-03 +1.40703516E-03
+59.44500E-06 -418.09046268E-03 -4.22110548E-03
+59.46000E-06 -522.61307853E-03 -7.03517580E-03
+59.47500E-06 -313.56784719E-03 -4.22110548E-03
+59.49000E-06 +104.52261567E-03 +1.40703516E-03
+59.50500E-06 +522.61307818E-03 +4.22110548E-03
+59.52000E-06 +418.09046251E-03 +2.81407032E-03
+59.53500E-06 -104.52261550E-03 +0.0E+00
+59.55000E-06 -418.09046268E-03 -4.22110548E-03
+59.56500E-06 -627.13569403E-03 -5.62814064E-03
+59.58000E-06 -313.56784684E-03 -4.22110548E-03
+59.59500E-06 +209.04523117E-03 +0.0E+00
+59.61000E-06 +418.09046286E-03 +5.62814064E-03
+59.62500E-06 +418.09046234E-03 +4.22110548E-03
+59.64000E-06 -104.52261584E-03 -1.40703516E-03
+59.65500E-06 -627.13569368E-03 -5.62814064E-03
+59.67000E-06 -522.61307818E-03 -5.62814064E-03
+59.68500E-06 -209.04523134E-03 -1.40703516E-03
+59.70000E-06 +313.56784684E-03 +2.81407032E-03
+59.71500E-06 +418.09046268E-03 +2.81407032E-03
+59.73000E-06 +209.04523134E-03 +2.81407032E-03
+59.74500E-06 -209.04523117E-03 -1.40703516E-03
+59.76000E-06 -418.09046286E-03 -5.62814064E-03
+59.77500E-06 -418.09046286E-03 -5.62814064E-03
+59.79000E-06 -104.52261567E-03 +0.0E+00
+59.80500E-06 +313.56784701E-03 +2.81407032E-03
+59.82000E-06 +418.09046268E-03 +2.81407032E-03
+59.83500E-06 +209.04523134E-03 +1.40703516E-03
+59.85000E-06 -313.56784684E-03 -2.81407032E-03
+59.86500E-06 -522.61307818E-03 -4.22110548E-03
+59.88000E-06 -313.56784719E-03 -4.22110548E-03
+59.89500E-06 +0.0E+00 +1.40703516E-03
+59.91000E-06 +313.56784719E-03 +2.81407032E-03
+59.92500E-06 +313.56784719E-03 +4.22110548E-03
+59.94000E-06 +180E-12 +1.40703516E-03
+59.95500E-06 -313.56784701E-03 -4.22110548E-03
+59.97000E-06 -418.09046286E-03 -4.22110548E-03
+59.98500E-06 -313.56784701E-03 -1.40703516E-03
+60.00000E-06 +104.52261532E-03 +0.0E+00
+60.01500E-06 +313.56784701E-03 +2.81407032E-03
+60.03000E-06 +209.04523152E-03 +2.81407032E-03
+60.04500E-06 +0.0E+00 +0.0E+00
+60.06000E-06 -418.09046251E-03 -4.22110548E-03
+60.07500E-06 -418.09046268E-03 -5.62814064E-03
+60.09000E-06 -209.04523134E-03 -2.81407032E-03
+60.10500E-06 +104.52261567E-03 +1.40703516E-03
+60.12000E-06 +313.56784701E-03 +2.81407032E-03
+60.13500E-06 +104.52261567E-03 +2.81407032E-03
+60.15000E-06 -104.52261567E-03 +0.0E+00
+60.16500E-06 -313.56784719E-03 -4.22110548E-03
+60.18000E-06 -418.09046268E-03 -4.22110548E-03
+60.19500E-06 -104.52261585E-03 -2.81407032E-03
+60.21000E-06 +104.52261585E-03 +1.40703516E-03
+60.22500E-06 +313.56784684E-03 +2.81407032E-03
+60.24000E-06 +104.52261567E-03 +0.0E+00
+60.25500E-06 -209.04523116E-03 -1.40703516E-03
+60.27000E-06 -313.56784719E-03 -2.81407032E-03
+60.28500E-06 -313.56784701E-03 -2.81407032E-03
+60.30000E-06 -104.52261567E-03 -1.40703516E-03
+60.31500E-06 +209.04523134E-03 +1.40703516E-03
+60.33000E-06 +209.04523152E-03 +2.81407032E-03
+60.34500E-06 +180E-12 +1.40703516E-03
+60.36000E-06 -104.52261585E-03 -2.81407032E-03
+60.37500E-06 -418.09046251E-03 -4.22110548E-03
+60.39000E-06 -313.56784701E-03 -2.81407032E-03
+60.40500E-06 -104.52261549E-03 +0.0E+00
+60.42000E-06 +209.04523152E-03 +2.81407032E-03
+60.43500E-06 +313.56784701E-03 +1.40703516E-03
+60.45000E-06 +0.0E+00 -1.40703516E-03
+60.46500E-06 -209.04523134E-03 -2.81407032E-03
+60.48000E-06 -313.56784719E-03 -2.81407032E-03
+60.49500E-06 -209.04523152E-03 -2.81407032E-03
+60.51000E-06 +0.0E+00 +0.0E+00
+60.52500E-06 +209.04523134E-03 +2.81407032E-03
+60.54000E-06 +209.04523134E-03 +1.40703516E-03
+60.55500E-06 +0.0E+00 -1.40703516E-03
+60.57000E-06 -209.04523134E-03 -1.40703516E-03
+60.58500E-06 -313.56784719E-03 -2.81407032E-03
+60.60000E-06 -104.52261585E-03 -2.81407032E-03
+60.61500E-06 +0.0E+00 +1.40703516E-03
+60.63000E-06 +209.04523134E-03 +2.81407032E-03
+60.64500E-06 +104.52261567E-03 +2.81407032E-03
+60.66000E-06 +0.0E+00 -1.40703516E-03
+60.67500E-06 -209.04523152E-03 -2.81407032E-03
+60.69000E-06 -313.56784701E-03 -2.81407032E-03
+60.70500E-06 -104.52261567E-03 -1.40703516E-03
+60.72000E-06 +104.52261549E-03 +0.0E+00
+60.73500E-06 +104.52261585E-03 +2.81407032E-03
+60.75000E-06 +180E-12 +0.0E+00
+60.76500E-06 -209.04523116E-03 -1.40703516E-03
+60.78000E-06 -209.04523134E-03 -4.22110548E-03
+60.79500E-06 -209.04523134E-03 -4.22110548E-03
+60.81000E-06 -104.52261567E-03 -1.40703516E-03
+60.82500E-06 +104.52261567E-03 +1.40703516E-03
+60.84000E-06 +209.04523116E-03 +1.40703516E-03
+60.85500E-06 +180E-12 +2.81407032E-03
+60.87000E-06 -104.52261567E-03 -1.40703516E-03
+60.88500E-06 -313.56784701E-03 -2.81407032E-03
+60.90000E-06 -313.56784683E-03 -2.81407032E-03
+60.91500E-06 -104.52261567E-03 -1.40703516E-03
+60.93000E-06 +104.52261585E-03 +1.40703516E-03
+60.94500E-06 +104.52261567E-03 +2.81407032E-03
+60.96000E-06 -180E-12 +0.0E+00
+60.97500E-06 -209.04523116E-03 -1.40703516E-03
+60.99000E-06 -313.56784701E-03 -2.81407032E-03
+61.00500E-06 -209.04523134E-03 -1.40703516E-03
+61.02000E-06 +0.0E+00 -0.0E+00
+61.03500E-06 +104.52261567E-03 +0.0E+00
+61.05000E-06 +209.04523116E-03 +1.40703516E-03
+61.06500E-06 +0.0E+00 -1.40703516E-03
+61.08000E-06 -104.52261622E-03 -1.40703516E-03
+61.09500E-06 -209.04523134E-03 -1.40703516E-03
+61.11000E-06 -209.04523116E-03 -1.40703516E-03
+61.12500E-06 +0.0E+00 +0.0E+00
+61.14000E-06 +209.04523116E-03 +1.40703516E-03
+61.15500E-06 +0.0E+00 -1.40703516E-03
+61.17000E-06 +0.0E+00 -0.0E+00
+61.18500E-06 -313.56784666E-03 -2.81407032E-03
+61.20000E-06 -209.04523152E-03 -1.40703516E-03
+61.21500E-06 -104.52261567E-03 -1.40703516E-03
+61.23000E-06 +0.0E+00 +0.0E+00
+61.24500E-06 +104.52261567E-03 +2.81407032E-03
+61.26000E-06 +104.52261567E-03 -0.0E+00
+61.27500E-06 -104.52261567E-03 -2.81407032E-03
+61.29000E-06 -209.04523134E-03 -2.81407032E-03
+61.30500E-06 -209.04523117E-03 -1.40703516E-03
+61.32000E-06 -104.52261567E-03 -1.40703516E-03
+61.33500E-06 +104.52261550E-03 +0.0E+00
+61.35000E-06 +170E-12 +1.40703516E-03
+61.36500E-06 -104.52261533E-03 +1.40703516E-03
+61.38000E-06 -104.52261584E-03 -1.40703516E-03
+61.39500E-06 -209.04523151E-03 -2.81407032E-03
+61.41000E-06 -209.04523134E-03 -2.81407032E-03
+61.42500E-06 +0.0E+00 +0.0E+00
+61.44000E-06 +104.52261567E-03 +0.0E+00
+61.45500E-06 +0.0E+00 +0.0E+00
+61.47000E-06 -170E-12 +1.40703516E-03
+61.48500E-06 -104.52261551E-03 +0.0E+00
+61.50000E-06 -209.04523118E-03 -1.40703516E-03
+61.51500E-06 -104.52261584E-03 -2.81407032E-03
+61.53000E-06 +0.0E+00 -1.40703516E-03
+61.54500E-06 +209.04523134E-03 +1.40703516E-03
+61.56000E-06 +104.52261567E-03 +0.0E+00
+61.57500E-06 -104.52261551E-03 +0.0E+00
+61.59000E-06 -209.04523118E-03 -1.40703516E-03
+61.60500E-06 -209.04523134E-03 -1.40703516E-03
+61.62000E-06 -160E-12 -1.40703516E-03
+61.63500E-06 -160E-12 -1.40703516E-03
+61.65000E-06 +104.52261567E-03 +0.0E+00
+61.66500E-06 +104.52261567E-03 +0.0E+00
+61.68000E-06 -160E-12 -1.40703516E-03
+61.69500E-06 -209.04523134E-03 -2.81407032E-03
+61.71000E-06 -104.52261567E-03 -1.40703516E-03
+61.72500E-06 -104.52261552E-03 -1.40703516E-03
+61.74000E-06 +104.52261552E-03 -1.40703516E-03
+61.75500E-06 +104.52261552E-03 -1.40703516E-03
+61.77000E-06 +150E-12 +0.0E+00
+61.78500E-06 -104.52261567E-03 -0.0E+00
+61.80000E-06 -104.52261582E-03 -1.40703516E-03
+61.81500E-06 -104.52261567E-03 -1.40703516E-03
+61.83000E-06 -104.52261552E-03 -1.40703516E-03
+61.84500E-06 +0.0E+00 +0.0E+00
+61.86000E-06 +150E-12 +1.40703516E-03
+61.87500E-06 +0.0E+00 -1.40703516E-03
+61.89000E-06 -209.04523119E-03 -1.40703516E-03
+61.90500E-06 -209.04523119E-03 -1.40703516E-03
+61.92000E-06 -104.52261582E-03 -2.81407032E-03
+61.93500E-06 -104.52261567E-03 +0.0E+00
+61.95000E-06 -104.52261552E-03 +0.0E+00
+61.96500E-06 +0.0E+00 +1.40703516E-03
+61.98000E-06 +0.0E+00 +0.0E+00
+61.99500E-06 -104.52261567E-03 -1.40703516E-03
+62.01000E-06 -209.04523134E-03 -1.40703516E-03
+62.02500E-06 -104.52261567E-03 -1.40703516E-03
+62.04000E-06 +0.0E+00 -1.40703516E-03
+62.05500E-06 +0.0E+00 +0.0E+00
+62.07000E-06 +140E-12 +0.0E+00
+62.08500E-06 -104.52261567E-03 -0.0E+00
+62.10000E-06 -209.04523120E-03 -1.40703516E-03
+62.11500E-06 -104.52261581E-03 -2.81407032E-03
+62.13000E-06 -104.52261567E-03 -0.0E+00
+62.14500E-06 +0.0E+00 -0.0E+00
+62.16000E-06 +104.52261539E-03 +0.0E+00
+62.17500E-06 +0.0E+00 +0.0E+00
+62.19000E-06 -104.52261553E-03 -1.40703516E-03
+62.20500E-06 -104.52261567E-03 -1.40703516E-03
+62.22000E-06 -104.52261567E-03 -1.40703516E-03
+62.23500E-06 -140E-12 -2.81407032E-03
+62.25000E-06 +130E-12 +0.0E+00
+62.26500E-06 +104.52261554E-03 -0.0E+00
+62.28000E-06 +0.0E+00 -1.40703516E-03
+62.29500E-06 -104.52261567E-03 -1.40703516E-03
+62.31000E-06 -104.52261567E-03 -1.40703516E-03
+62.32500E-06 -104.52261567E-03 -1.40703516E-03
+62.34000E-06 +0.0E+00 -1.40703516E-03
+62.35500E-06 -130E-12 -1.40703516E-03
+62.37000E-06 +0.0E+00 +1.40703516E-03
+62.38500E-06 +0.0E+00 +1.40703516E-03
+62.40000E-06 -104.52261567E-03 -1.40703516E-03
+62.41500E-06 -209.04523121E-03 -1.40703516E-03
+62.43000E-06 -104.52261580E-03 -1.40703516E-03
+62.44500E-06 -104.52261567E-03 -0.0E+00
+62.46000E-06 +0.0E+00 +0.0E+00
+62.47500E-06 -130E-12 -1.40703516E-03
+62.49000E-06 -104.52261567E-03 +0.0E+00
+62.50500E-06 -120E-12 -1.40703516E-03
+62.52000E-06 -250E-12 -1.40703516E-03
+62.53500E-06 -120E-12 -1.40703516E-03
+62.55000E-06 -104.52261555E-03 -1.40703516E-03
+62.56500E-06 +0.0E+00 +1.40703516E-03
+62.58000E-06 +0.0E+00 +0.0E+00
+62.59500E-06 -120E-12 -1.40703516E-03
+62.61000E-06 -104.52261567E-03 -1.40703516E-03
+62.62500E-06 +0.0E+00 -0.0E+00
+62.64000E-06 -240E-12 -1.40703516E-03
+62.65500E-06 -209.04523122E-03 -1.40703516E-03
+62.67000E-06 +0.0E+00 -0.0E+00
+62.68500E-06 -120E-12 -0.0E+00
+62.70000E-06 +0.0E+00 -0.0E+00
+62.71500E-06 -104.52261579E-03 -1.40703516E-03
+62.73000E-06 -104.52261567E-03 -1.40703516E-03
+62.74500E-06 -104.52261556E-03 +0.0E+00
+62.76000E-06 +0.0E+00 -1.40703516E-03
+62.77500E-06 +0.0E+00 +0.0E+00
+62.79000E-06 +0.0E+00 +0.0E+00
+62.80500E-06 +0.0E+00 -0.0E+00
+62.82000E-06 -104.52261567E-03 -1.40703516E-03
+62.83500E-06 -104.52261567E-03 -1.40703516E-03
+62.85000E-06 -104.52261567E-03 -1.40703516E-03
+62.86500E-06 +0.0E+00 +0.0E+00
+62.88000E-06 +0.0E+00 +0.0E+00
+62.89500E-06 -104.52261567E-03 +0.0E+00
+62.91000E-06 +110E-12 -1.40703516E-03
+62.92500E-06 -209.04523124E-03 -1.40703516E-03
+62.94000E-06 -104.52261556E-03 -1.40703516E-03
+62.95500E-06 -110E-12 -1.40703516E-03
+62.97000E-06 +0.0E+00 +0.0E+00
+62.98500E-06 +0.0E+00 -0.0E+00
+63.00000E-06 -104.52261567E-03 -1.40703516E-03
+63.01500E-06 -104.52261567E-03 +0.0E+00
+63.03000E-06 -104.52261567E-03 +0.0E+00
+63.04500E-06 -104.52261557E-03 -1.40703516E-03
+63.06000E-06 +0.0E+00 -0.0E+00
+63.07500E-06 +0.0E+00 +0.0E+00
+63.09000E-06 -104.52261557E-03 +0.0E+00
+63.10500E-06 -104.52261557E-03 -0.0E+00
+63.12000E-06 -200E-12 -2.81407032E-03
+63.13500E-06 -209.04523124E-03 -1.40703516E-03
+63.15000E-06 -104.52261557E-03 -1.40703516E-03
+63.16500E-06 -104.52261557E-03 -0.0E+00
+63.18000E-06 +0.0E+00 +0.0E+00
+63.19500E-06 -100E-12 -1.40703516E-03
+63.21000E-06 -104.52261558E-03 +0.0E+00
+63.22500E-06 +0.0E+00 -0.0E+00
+63.24000E-06 -190E-12 -1.40703516E-03
+63.25500E-06 -90E-12 -1.40703516E-03
+63.27000E-06 -104.52261567E-03 +0.0E+00
+63.28500E-06 +0.0E+00 +0.0E+00
+63.30000E-06 +0.0E+00 -1.40703516E-03
+63.31500E-06 -104.52261576E-03 -1.40703516E-03
+63.33000E-06 -209.04523125E-03 -1.40703516E-03
+63.34500E-06 -104.52261567E-03 -0.0E+00
+63.36000E-06 +0.0E+00 -1.40703516E-03
+63.37500E-06 -90E-12 +0.0E+00
+63.39000E-06 -104.52261558E-03 -1.40703516E-03
+63.40500E-06 +0.0E+00 +1.40703516E-03
+63.42000E-06 +0.0E+00 -1.40703516E-03
+63.43500E-06 -104.52261567E-03 -2.81407032E-03
+63.45000E-06 -104.52261567E-03 +0.0E+00
+63.46500E-06 +0.0E+00 -1.40703516E-03
+63.48000E-06 -90E-12 -1.40703516E-03
+63.49500E-06 +0.0E+00 -1.40703516E-03
+63.51000E-06 -80E-12 -0.0E+00
+63.52500E-06 -104.52261567E-03 +0.0E+00
+63.54000E-06 -104.52261567E-03 -1.40703516E-03
+63.55500E-06 -80E-12 -1.40703516E-03
+63.57000E-06 -104.52261567E-03 +0.0E+00
+63.58500E-06 +0.0E+00 -0.0E+00
+63.60000E-06 +0.0E+00 +0.0E+00
+63.61500E-06 -104.52261559E-03 -1.40703516E-03
+63.63000E-06 -104.52261559E-03 +0.0E+00
+63.64500E-06 -104.52261567E-03 -0.0E+00
+63.66000E-06 -104.52261567E-03 -1.40703516E-03
+63.67500E-06 -80E-12 -1.40703516E-03
+63.69000E-06 +0.0E+00 -1.40703516E-03
+63.70500E-06 -104.52261560E-03 +0.0E+00
+63.72000E-06 +0.0E+00 -1.40703516E-03
+63.73500E-06 -104.52261567E-03 -1.40703516E-03
+63.75000E-06 -104.52261560E-03 -1.40703516E-03
+63.76500E-06 -104.52261567E-03 -0.0E+00
+63.78000E-06 +0.0E+00 -0.0E+00
+63.79500E-06 +0.0E+00 -1.40703516E-03
+63.81000E-06 -70E-12 +0.0E+00
+63.82500E-06 +0.0E+00 -0.0E+00
+63.84000E-06 -104.52261567E-03 -1.40703516E-03
+63.85500E-06 -104.52261567E-03 -0.0E+00
+63.87000E-06 -104.52261560E-03 +0.0E+00
+63.88500E-06 +0.0E+00 +0.0E+00
+63.90000E-06 +0.0E+00 -0.0E+00
+63.91500E-06 +0.0E+00 -1.40703516E-03
+63.93000E-06 -104.52261567E-03 -1.40703516E-03
+63.94500E-06 +0.0E+00 -0.0E+00
+63.96000E-06 -104.52261567E-03 -1.40703516E-03
+63.97500E-06 -104.52261567E-03 -0.0E+00
+63.99000E-06 -104.52261567E-03 +0.0E+00
+64.00500E-06 -104.52261561E-03 -0.0E+00
+64.02000E-06 +0.0E+00 -1.40703516E-03
+64.03500E-06 -104.52261561E-03 -1.40703516E-03
+64.05000E-06 -104.52261561E-03 -1.40703516E-03
+64.06500E-06 -104.52261567E-03 +0.0E+00
+64.08000E-06 -60E-12 -1.40703516E-03
+64.09500E-06 -104.52261567E-03 +0.0E+00
+64.11000E-06 -104.52261567E-03 -1.40703516E-03
+64.12500E-06 +0.0E+00 -0.0E+00
+64.14000E-06 -104.52261561E-03 -0.0E+00
+64.15500E-06 -104.52261567E-03 -1.40703516E-03
+64.17000E-06 -104.52261567E-03 +0.0E+00
+64.18500E-06 +0.0E+00 -0.0E+00
+64.20000E-06 +0.0E+00 +0.0E+00
+64.21500E-06 -60E-12 +0.0E+00
+64.23000E-06 -104.52261562E-03 +0.0E+00
+64.24500E-06 -104.52261562E-03 +0.0E+00
+64.26000E-06 -104.52261567E-03 -1.40703516E-03
+64.27500E-06 -104.52261567E-03 -1.40703516E-03
+64.29000E-06 -104.52261567E-03 -1.40703516E-03
+64.30500E-06 -104.52261562E-03 -0.0E+00
+64.32000E-06 -50E-12 +0.0E+00
+64.33500E-06 -104.52261567E-03 +1.40703516E-03
+64.35000E-06 -50E-12 -0.0E+00
+64.36500E-06 -104.52261562E-03 +0.0E+00
+64.38000E-06 +0.0E+00 -0.0E+00
+64.39500E-06 -50E-12 -1.40703516E-03
+64.41000E-06 +0.0E+00 +0.0E+00
+64.42500E-06 +0.0E+00 +0.0E+00
+64.44000E-06 +0.0E+00 -1.40703516E-03
+64.45500E-06 -104.52261567E-03 -0.0E+00
+64.47000E-06 -104.52261563E-03 -1.40703516E-03
+64.48500E-06 +0.0E+00 -1.40703516E-03
