x-axis SCL1 SDA1
second Volt Volt
+34.50000E-06 -52.25628614E-03 -627.38697E-06
+34.51500E-06 -52.25628614E-03 -104.77391E-06
+34.53000E-06 -52.25628614E-03 -627.38697E-06
+34.54500E-06 -52.25628614E-03 -104.77391E-06
+34.56000E-06 -52.25628614E-03 -104.77391E-06
+34.57500E-06 -52.25628614E-03 -627.38697E-06
+34.59000E-06 -52.25628614E-03 -104.77391E-06
+34.60500E-06 -129.44221497E-03 -627.38697E-06
+34.62000E-06 +24.92964268E-03 -627.38697E-06
+34.63500E-06 -52.25628614E-03 -627.38697E-06
+34.65000E-06 -52.25628614E-03 -104.77391E-06
+34.66500E-06 -52.25628614E-03 -1.15000003E-03
+34.68000E-06 -52.25628615E-03 -104.77391E-06
+34.69500E-06 -52.25628614E-03 -627.38697E-06
+34.71000E-06 -52.25628614E-03 -104.77391E-06
+34.72500E-06 -52.25628614E-03 -627.38697E-06
+34.74000E-06 -52.25628614E-03 -627.38697E-06
+34.75500E-06 -52.25628614E-03 -627.38697E-06
+34.77000E-06 -52.25628614E-03 -627.38697E-06
+34.78500E-06 +24.92964268E-03 -104.77391E-06
+34.80000E-06 -52.25628614E-03 -627.38697E-06
+34.81500E-06 -129.44221496E-03 -104.77391E-06
+34.83000E-06 -52.25628614E-03 -627.38697E-06
+34.84500E-06 +24.92964268E-03 -627.38697E-06
+34.86000E-06 -52.25628614E-03 -1.67261309E-03
+34.87500E-06 -52.25628614E-03 -627.38697E-06
+34.89000E-06 -52.25628614E-03 -627.38697E-06
+34.90500E-06 -52.25628614E-03 -104.77391E-06
+34.92000E-06 +24.92964268E-03 -104.77391E-06
+34.93500E-06 -129.44221496E-03 -627.38697E-06
+34.95000E-06 -52.25628614E-03 -104.77391E-06
+34.96500E-06 -52.25628614E-03 -627.38697E-06
+34.98000E-06 +24.92964267E-03 -1.15000003E-03
+34.99500E-06 -52.25628614E-03 -627.38697E-06
+35.01000E-06 -52.25628614E-03 -104.77391E-06
+35.02500E-06 -52.25628614E-03 -627.38697E-06
+35.04000E-06 -52.25628614E-03 -104.77391E-06
+35.05500E-06 -52.25628614E-03 -627.38697E-06
+35.07000E-06 -52.25628614E-03 -104.77391E-06
+35.08500E-06 -52.25628614E-03 -104.77391E-06
+35.10000E-06 -52.25628614E-03 -627.38697E-06
+35.11500E-06 -52.25628614E-03 -627.38697E-06
+35.13000E-06 -52.25628615E-03 -627.38697E-06
+35.14500E-06 -52.25628614E-03 -627.38697E-06
+35.16000E-06 -52.25628615E-03 -627.38697E-06
+35.17500E-06 -52.25628614E-03 -104.77391E-06
+35.19000E-06 -52.25628614E-03 -104.77391E-06
+35.20500E-06 -52.25628614E-03 -104.77391E-06
+35.22000E-06 -52.25628614E-03 -1.15000003E-03
+35.23500E-06 -52.25628614E-03 +417.83915E-06
+35.25000E-06 -52.25628614E-03 -627.38697E-06
+35.26500E-06 -52.25628614E-03 -627.38697E-06
+35.28000E-06 -52.25628614E-03 -627.38697E-06
+35.29500E-06 -52.25628614E-03 -1.15000003E-03
+35.31000E-06 -52.25628614E-03 -627.38697E-06
+35.32500E-06 -52.25628614E-03 -104.77391E-06
+35.34000E-06 -52.25628614E-03 -1.15000003E-03
+35.35500E-06 +24.92964267E-03 -627.38697E-06
+35.37000E-06 -52.25628614E-03 -104.77391E-06
+35.38500E-06 -52.25628614E-03 -627.38697E-06
+35.40000E-06 -52.25628615E-03 -104.77391E-06
+35.41500E-06 -129.44221496E-03 -104.77391E-06
+35.43000E-06 +24.92964267E-03 -627.38697E-06
+35.44500E-06 -52.25628614E-03 -627.38697E-06
+35.46000E-06 -52.25628614E-03 -1.15000003E-03
+35.47500E-06 -52.25628614E-03 -627.38697E-06
+35.49000E-06 -52.25628614E-03 -627.38697E-06
+35.50500E-06 -52.25628614E-03 -627.38697E-06
+35.52000E-06 +24.92964267E-03 -104.77391E-06
+35.53500E-06 -129.44221496E-03 -627.38697E-06
+35.55000E-06 -52.25628614E-03 -104.77391E-06
+35.56500E-06 -52.25628614E-03 -627.38697E-06
+35.58000E-06 -52.25628614E-03 -1.15000003E-03
+35.59500E-06 +24.92964267E-03 -627.38697E-06
+35.61000E-06 -52.25628614E-03 -627.38697E-06
+35.62500E-06 -129.44221496E-03 -627.38697E-06
+35.64000E-06 -52.25628615E-03 -104.77391E-06
+35.65500E-06 -129.44221495E-03 -104.77391E-06
+35.67000E-06 -52.25628614E-03 -104.77391E-06
+35.68500E-06 +24.92964268E-03 -104.77391E-06
+35.70000E-06 -52.25628614E-03 -1.15000003E-03
+35.71500E-06 +24.92964267E-03 -627.38697E-06
+35.73000E-06 -52.25628614E-03 -627.38697E-06
+35.74500E-06 -129.44221496E-03 -104.77391E-06
+35.76000E-06 +24.92964267E-03 -104.77391E-06
+35.77500E-06 -52.25628614E-03 -104.77391E-06
+35.79000E-06 +24.92964268E-03 -104.77391E-06
+35.80500E-06 -52.25628614E-03 -627.38697E-06
+35.82000E-06 +24.92964267E-03 -627.38697E-06
+35.83500E-06 -52.25628614E-03 +417.83915E-06
+35.85000E-06 -52.25628614E-03 -104.77391E-06
+35.86500E-06 -52.25628614E-03 -627.38697E-06
+35.88000E-06 +24.92964267E-03 -627.38697E-06
+35.89500E-06 -52.25628614E-03 -627.38697E-06
+35.91000E-06 -52.25628614E-03 -104.77391E-06
+35.92500E-06 -52.25628614E-03 -627.38697E-06
+35.94000E-06 -52.25628614E-03 -1.15000003E-03
+35.95500E-06 -52.25628614E-03 -104.77391E-06
+35.97000E-06 -52.25628614E-03 -627.38697E-06
+35.98500E-06 -52.25628614E-03 -104.77391E-06
+36.00000E-06 -52.25628614E-03 -104.77391E-06
+36.01500E-06 -129.44221496E-03 -1.15000003E-03
+36.03000E-06 -52.25628614E-03 -104.77391E-06
+36.04500E-06 -52.25628614E-03 -104.77391E-06
+36.06000E-06 -52.25628614E-03 -627.38697E-06
+36.07500E-06 -52.25628614E-03 -627.38697E-06
+36.09000E-06 -52.25628614E-03 -627.38697E-06
+36.10500E-06 -52.25628614E-03 -627.38697E-06
+36.12000E-06 -52.25628614E-03 -627.38697E-06
+36.13500E-06 -52.25628614E-03 -104.77391E-06
+36.15000E-06 -52.25628614E-03 -627.38697E-06
+36.16500E-06 -52.25628614E-03 -627.38697E-06
+36.18000E-06 -52.25628614E-03 -627.38697E-06
+36.19500E-06 -52.25628614E-03 +417.83915E-06
+36.21000E-06 -52.25628614E-03 -104.77391E-06
+36.22500E-06 -52.25628614E-03 -104.77391E-06
+36.24000E-06 +24.92964266E-03 -627.38697E-06
+36.25500E-06 -129.44221496E-03 -104.77391E-06
+36.27000E-06 +24.92964267E-03 -104.77391E-06
+36.28500E-06 -129.44221496E-03 -104.77391E-06
+36.30000E-06 -52.25628613E-03 -1.15000003E-03
+36.31500E-06 -52.25628615E-03 -627.38697E-06
+36.33000E-06 -52.25628614E-03 -627.38697E-06
+36.34500E-06 -52.25628613E-03 -104.77391E-06
+36.36000E-06 -52.25628614E-03 -627.38697E-06
+36.37500E-06 +24.92964268E-03 -627.38697E-06
+36.39000E-06 -52.25628614E-03 -627.38697E-06
+36.40500E-06 +24.92964267E-03 -627.38697E-06
+36.42000E-06 -52.25628614E-03 -627.38697E-06
+36.43500E-06 -52.25628614E-03 -104.77391E-06
+36.45000E-06 -52.25628614E-03 -104.77391E-06
+36.46500E-06 +24.92964267E-03 +417.83915E-06
+36.48000E-06 +24.92964267E-03 -627.38697E-06
+36.49500E-06 -52.25628614E-03 -104.77391E-06
+36.51000E-06 -52.25628614E-03 -104.77391E-06
+36.52500E-06 -52.25628614E-03 -1.15000003E-03
+36.54000E-06 -52.25628614E-03 -627.38697E-06
+36.55500E-06 -52.25628614E-03 -627.38697E-06
+36.57000E-06 -52.25628614E-03 -627.38697E-06
+36.58500E-06 +24.92964267E-03 -627.38697E-06
+36.60000E-06 -52.25628616E-03 -104.77391E-06
+36.61500E-06 -52.25628614E-03 -627.38697E-06
+36.63000E-06 -52.25628614E-03 -627.38697E-06
+36.64500E-06 -52.25628614E-03 -104.77391E-06
+36.66000E-06 -52.25628614E-03 -627.38697E-06
+36.67500E-06 +24.92964267E-03 -104.77391E-06
+36.69000E-06 -52.25628614E-03 -627.38697E-06
+36.70500E-06 -52.25628614E-03 -104.77391E-06
+36.72000E-06 -52.25628614E-03 -627.38697E-06
+36.73500E-06 -52.25628616E-03 -627.38697E-06
+36.75000E-06 +24.92964267E-03 -104.77391E-06
+36.76500E-06 -52.25628614E-03 -1.15000003E-03
+36.78000E-06 +24.92964267E-03 -104.77391E-06
+36.79500E-06 +24.92964267E-03 -627.38697E-06
+36.81000E-06 -52.25628614E-03 -104.77391E-06
+36.82500E-06 +24.92964268E-03 -104.77391E-06
+36.84000E-06 -52.25628614E-03 -104.77391E-06
+36.85500E-06 -52.25628614E-03 -627.38697E-06
+36.87000E-06 -52.25628616E-03 -627.38697E-06
+36.88500E-06 -52.25628614E-03 -627.38697E-06
+36.90000E-06 -129.44221495E-03 -1.15000003E-03
+36.91500E-06 +24.92964266E-03 -104.77391E-06
+36.93000E-06 -52.25628614E-03 -627.38697E-06
+36.94500E-06 -52.25628614E-03 -104.77391E-06
+36.96000E-06 +24.92964266E-03 -627.38697E-06
+36.97500E-06 -129.44221495E-03 -627.38697E-06
+36.99000E-06 +24.92964266E-03 -104.77391E-06
+37.00500E-06 -52.25628614E-03 -1.15000003E-03
+37.02000E-06 +24.92964266E-03 -627.38697E-06
+37.03500E-06 -52.25628614E-03 -104.77391E-06
+37.05000E-06 -52.25628614E-03 -627.38697E-06
+37.06500E-06 -52.25628614E-03 -104.77391E-06
+37.08000E-06 -129.44221497E-03 -104.77391E-06
+37.09500E-06 -129.44221494E-03 -104.77391E-06
+37.11000E-06 -52.25628614E-03 -627.38697E-06
+37.12500E-06 +24.92964268E-03 -627.38697E-06
+37.14000E-06 -129.44221495E-03 -1.67261309E-03
+37.15500E-06 -52.25628614E-03 -104.77391E-06
+37.17000E-06 -129.44221495E-03 -104.77391E-06
+37.18500E-06 -52.25628614E-03 -627.38697E-06
+37.20000E-06 +24.92964266E-03 -104.77391E-06
+37.21500E-06 -129.44221495E-03 -627.38697E-06
+37.23000E-06 -52.25628613E-03 -104.77391E-06
+37.24500E-06 -52.25628614E-03 -627.38697E-06
+37.26000E-06 +24.92964266E-03 -1.15000003E-03
+37.27500E-06 -52.25628614E-03 -627.38697E-06
+37.29000E-06 -52.25628613E-03 -627.38697E-06
+37.30500E-06 -52.25628614E-03 -104.77391E-06
+37.32000E-06 -52.25628616E-03 -627.38697E-06
+37.33500E-06 -52.25628613E-03 +417.83915E-06
+37.35000E-06 -129.44221495E-03 -627.38697E-06
+37.36500E-06 +24.92964268E-03 -627.38697E-06
+37.38000E-06 -52.25628614E-03 -1.67261309E-03
+37.39500E-06 -52.25628614E-03 -627.38697E-06
+37.41000E-06 -129.44221495E-03 -627.38697E-06
+37.42500E-06 -52.25628614E-03 -104.77391E-06
+37.44000E-06 +24.92964266E-03 -627.38697E-06
+37.45500E-06 -129.44221497E-03 -627.38697E-06
+37.47000E-06 +24.92964266E-03 +417.83915E-06
+37.48500E-06 -52.25628614E-03 -627.38697E-06
+37.50000E-06 +24.92964266E-03 -104.77391E-06
+37.51500E-06 -52.25628616E-03 -104.77391E-06
+37.53000E-06 -52.25628614E-03 -104.77391E-06
+37.54500E-06 +24.92964268E-03 -627.38697E-06
+37.56000E-06 -52.25628614E-03 -627.38697E-06
+37.57500E-06 +24.92964268E-03 -627.38697E-06
+37.59000E-06 -129.44221495E-03 -627.38697E-06
+37.60500E-06 -52.25628614E-03 -627.38697E-06
+37.62000E-06 -129.44221497E-03 -627.38697E-06
+37.63500E-06 +24.92964266E-03 +417.83915E-06
+37.65000E-06 -52.25628614E-03 -104.77391E-06
+37.66500E-06 -52.25628614E-03 -627.38697E-06
+37.68000E-06 -52.25628613E-03 -627.38697E-06
+37.69500E-06 -129.44221497E-03 -627.38697E-06
+37.71000E-06 -52.25628613E-03 -104.77391E-06
+37.72500E-06 -52.25628614E-03 -104.77391E-06
+37.74000E-06 +24.92964268E-03 -627.38697E-06
+37.75500E-06 -52.25628614E-03 -1.15000003E-03
+37.77000E-06 -52.25628614E-03 -104.77391E-06
+37.78500E-06 -52.25628614E-03 -104.77391E-06
+37.80000E-06 -129.44221497E-03 -627.38697E-06
+37.81500E-06 -129.44221495E-03 -104.77391E-06
+37.83000E-06 -52.25628614E-03 -627.38697E-06
+37.84500E-06 -52.25628613E-03 -104.77391E-06
+37.86000E-06 -52.25628614E-03 -627.38697E-06
+37.87500E-06 +24.92964266E-03 -104.77391E-06
+37.89000E-06 -52.25628614E-03 -627.38697E-06
+37.90500E-06 -52.25628616E-03 -104.77391E-06
+37.92000E-06 +24.92964268E-03 -104.77391E-06
+37.93500E-06 -129.44221495E-03 -1.15000003E-03
+37.95000E-06 +24.92964268E-03 +417.83915E-06
+37.96500E-06 -52.25628614E-03 -627.38697E-06
+37.98000E-06 +24.92964268E-03 -104.77391E-06
+37.99500E-06 -52.25628616E-03 -1.15000003E-03
+38.01000E-06 -52.25628614E-03 -627.38697E-06
+38.02500E-06 -52.25628614E-03 -627.38697E-06
+38.04000E-06 -52.25628616E-03 -627.38697E-06
+38.05500E-06 +24.92964268E-03 -104.77391E-06
+38.07000E-06 -129.44221497E-03 -104.77391E-06
+38.08500E-06 +24.92964268E-03 -104.77391E-06
+38.10000E-06 -52.25628616E-03 -1.15000003E-03
+38.11500E-06 +102.11557146E-03 -104.77391E-06
+38.13000E-06 -129.44221495E-03 -1.15000003E-03
+38.14500E-06 -52.25628614E-03 -627.38697E-06
+38.16000E-06 +24.92964268E-03 -627.38697E-06
+38.17500E-06 -129.44221497E-03 -627.38697E-06
+38.19000E-06 +102.11557150E-03 +940.45221E-06
+38.20500E-06 -129.44221497E-03 -1.15000003E-03
+38.22000E-06 +24.92964268E-03 -627.38697E-06
+38.23500E-06 -129.44221497E-03 -627.38697E-06
+38.25000E-06 +24.92964266E-03 -104.77391E-06
+38.26500E-06 -52.25628613E-03 -104.77391E-06
+38.28000E-06 -52.25628616E-03 -627.38697E-06
+38.29500E-06 -52.25628612E-03 +417.83915E-06
+38.31000E-06 -129.44221497E-03 -104.77391E-06
+38.32500E-06 +102.11557148E-03 +417.83915E-06
+38.34000E-06 -52.25628616E-03 -1.15000003E-03
+38.35500E-06 +24.92964266E-03 +417.83915E-06
+38.37000E-06 -52.25628614E-03 -627.38697E-06
+38.38500E-06 -52.25628614E-03 -104.77391E-06
+38.40000E-06 +24.92964268E-03 +417.83915E-06
+38.41500E-06 -129.44221497E-03 -627.38697E-06
+38.43000E-06 +102.11557150E-03 -104.77391E-06
+38.44500E-06 -129.44221497E-03 -1.15000003E-03
+38.46000E-06 +24.92964268E-03 -627.38697E-06
+38.47500E-06 -52.25628616E-03 -1.15000003E-03
+38.49000E-06 -52.25628614E-03 -1.15000003E-03
+38.50500E-06 -52.25628614E-03 -627.38697E-06
+38.52000E-06 -129.44221497E-03 -104.77391E-06
+38.53500E-06 -52.25628612E-03 -104.77391E-06
+38.55000E-06 -129.44221499E-03 -1.15000003E-03
+38.56500E-06 +102.11557148E-03 -104.77391E-06
+38.58000E-06 -129.44221497E-03 -1.15000003E-03
+38.59500E-06 +24.92964266E-03 -104.77391E-06
+38.61000E-06 -129.44221494E-03 -627.38697E-06
+38.62500E-06 -52.25628614E-03 -104.77391E-06
+38.64000E-06 -52.25628614E-03 -104.77391E-06
+38.65500E-06 -129.44221497E-03 -627.38697E-06
+38.67000E-06 +102.11557152E-03 +417.83915E-06
+38.68500E-06 -206.62814377E-03 -627.38697E-06
+38.70000E-06 +24.92964270E-03 -104.77391E-06
+38.71500E-06 -52.25628617E-03 -104.77391E-06
+38.73000E-06 -52.25628614E-03 +417.83915E-06
+38.74500E-06 -52.25628614E-03 -627.38697E-06
+38.76000E-06 -129.44221497E-03 -104.77391E-06
+38.77500E-06 +24.92964268E-03 +417.83915E-06
+38.79000E-06 -129.44221499E-03 -104.77391E-06
+38.80500E-06 +102.11557150E-03 +940.45221E-06
+38.82000E-06 -129.44221497E-03 -1.15000003E-03
+38.83500E-06 +102.11557148E-03 -104.77391E-06
+38.85000E-06 -129.44221494E-03 -627.38697E-06
+38.86500E-06 -52.25628614E-03 -627.38697E-06
+38.88000E-06 +24.92964265E-03 -104.77391E-06
+38.89500E-06 -129.44221497E-03 -627.38697E-06
+38.91000E-06 +102.11557150E-03 +417.83915E-06
+38.92500E-06 -206.62814379E-03 -1.15000003E-03
+38.94000E-06 +24.92964268E-03 -627.38697E-06
+38.95500E-06 -129.44221499E-03 -627.38697E-06
+38.97000E-06 -52.25628612E-03 -104.77391E-06
+38.98500E-06 -52.25628614E-03 -627.38697E-06
+39.00000E-06 -52.25628617E-03 -627.38697E-06
+39.01500E-06 +24.92964268E-03 +417.83915E-06
+39.03000E-06 -206.62814379E-03 -627.38697E-06
+39.04500E-06 +179.30150030E-03 -104.77391E-06
+39.06000E-06 -129.44221497E-03 -1.15000003E-03
+39.07500E-06 +102.11557148E-03 -627.38697E-06
+39.09000E-06 -129.44221497E-03 -627.38697E-06
+39.10500E-06 -52.25628617E-03 -104.77391E-06
+39.12000E-06 +24.92964268E-03 -104.77391E-06
+39.13500E-06 -129.44221497E-03 -627.38697E-06
+39.15000E-06 +102.11557152E-03 +940.45221E-06
+39.16500E-06 -206.62814379E-03 -1.15000003E-03
+39.18000E-06 +102.11557150E-03 -627.38697E-06
+39.19500E-06 -129.44221499E-03 -1.15000003E-03
+39.21000E-06 +24.92964265E-03 -627.38697E-06
+39.22500E-06 -52.25628614E-03 -1.15000003E-03
+39.24000E-06 -129.44221497E-03 -627.38697E-06
+39.25500E-06 +102.11557150E-03 -104.77391E-06
+39.27000E-06 -206.62814379E-03 -627.38697E-06
+39.28500E-06 +179.30150032E-03 -104.77391E-06
+39.30000E-06 -206.62814379E-03 -1.67261308E-03
+39.31500E-06 +102.11557150E-03 +417.83915E-06
+39.33000E-06 -129.44221494E-03 -627.38697E-06
+39.34500E-06 -52.25628614E-03 -104.77391E-06
+39.36000E-06 +24.92964268E-03 -104.77391E-06
+39.37500E-06 -129.44221499E-03 -627.38697E-06
+39.39000E-06 +102.11557152E-03 +417.83915E-06
+39.40500E-06 -206.62814379E-03 -1.15000003E-03
+39.42000E-06 +179.30150032E-03 -627.38697E-06
+39.43500E-06 -206.62814379E-03 -1.15000003E-03
+39.45000E-06 +24.92964268E-03 -104.77391E-06
+39.46500E-06 -52.25628612E-03 -1.15000003E-03
+39.48000E-06 -129.44221497E-03 -627.38697E-06
+39.49500E-06 +24.92964268E-03 -104.77391E-06
+39.51000E-06 -206.62814381E-03 -627.38697E-06
+39.52500E-06 +179.30150032E-03 +417.83915E-06
+39.54000E-06 -206.62814376E-03 -1.67261309E-03
+39.55500E-06 +102.11557150E-03 +940.45221E-06
+39.57000E-06 -206.62814376E-03 -627.38697E-06
+39.58500E-06 -52.25628614E-03 -104.77391E-06
+39.60000E-06 +24.92964268E-03 -104.77391E-06
+39.61500E-06 -206.62814379E-03 -104.77391E-06
+39.63000E-06 +179.30150032E-03 -104.77391E-06
+39.64500E-06 -283.81407261E-03 -1.15000003E-03
+39.66000E-06 +179.30150029E-03 -104.77391E-06
+39.67500E-06 -206.62814379E-03 -1.67261309E-03
+39.69000E-06 +102.11557147E-03 -104.77391E-06
+39.70500E-06 -129.44221494E-03 -627.38697E-06
+39.72000E-06 -52.25628617E-03 -627.38697E-06
+39.73500E-06 +102.11557150E-03 -104.77391E-06
+39.75000E-06 -283.81407261E-03 -1.67261309E-03
+39.76500E-06 +179.30150032E-03 +417.83915E-06
+39.78000E-06 -283.81407261E-03 -2.19522614E-03
+39.79500E-06 +179.30150029E-03 -104.77391E-06
+39.81000E-06 -206.62814376E-03 -1.15000003E-03
+39.82500E-06 -52.25628614E-03 -627.38697E-06
+39.84000E-06 +24.92964268E-03 -627.38697E-06
+39.85500E-06 -129.44221499E-03 -1.15000003E-03
+39.87000E-06 +179.30150032E-03 +417.83915E-06
+39.88500E-06 -283.81407264E-03 -1.67261309E-03
+39.90000E-06 +179.30150032E-03 -104.77391E-06
+39.91500E-06 -283.81407261E-03 -1.15000003E-03
+39.93000E-06 +102.11557150E-03 +417.83915E-06
+39.94500E-06 -52.25628614E-03 -1.15000003E-03
+39.96000E-06 -52.25628617E-03 -627.38697E-06
+39.97500E-06 +102.11557150E-03 -104.77391E-06
+39.99000E-06 -283.81407258E-03 -1.15000003E-03
+40.00500E-06 +256.48742914E-03 +417.83915E-06
+40.02000E-06 -361.00000140E-03 -2.19522614E-03
+40.03500E-06 +179.30150032E-03 +417.83915E-06
+40.05000E-06 -283.81407255E-03 -1.15000003E-03
+40.06500E-06 +102.11557144E-03 -104.77391E-06
+40.08000E-06 -52.25628609E-03 -104.77391E-06
+40.09500E-06 -283.81407261E-03 -627.38697E-06
+40.11000E-06 +179.30150035E-03 +417.83915E-06
+40.12500E-06 -283.81407264E-03 -1.15000003E-03
+40.14000E-06 +256.48742917E-03 +417.83915E-06
+40.15500E-06 -283.81407261E-03 -1.67261309E-03
+40.17000E-06 +102.11557150E-03 +940.45221E-06
+40.18500E-06 -129.44221494E-03 -1.15000003E-03
+40.20000E-06 -129.44221497E-03 -104.77391E-06
+40.21500E-06 +102.11557153E-03 -104.77391E-06
+40.23000E-06 -283.81407264E-03 -1.67261309E-03
+40.24500E-06 +256.48742914E-03 +940.45221E-06
+40.26000E-06 -438.18593025E-03 -1.67261309E-03
+40.27500E-06 +333.67335793E-03 +940.45221E-06
+40.29000E-06 -283.81407258E-03 -1.67261309E-03
+40.30500E-06 +24.92964268E-03 +417.83915E-06
+40.32000E-06 +24.92964271E-03 -104.77391E-06
+40.33500E-06 -206.62814382E-03 -1.15000003E-03
+40.35000E-06 +256.48742914E-03 +417.83915E-06
+40.36500E-06 -361.00000143E-03 -1.67261309E-03
+40.38000E-06 +333.67335793E-03 +417.83915E-06
+40.39500E-06 -361.00000143E-03 -1.67261309E-03
+40.41000E-06 +179.30150032E-03 +940.45221E-06
+40.42500E-06 -129.44221494E-03 -1.15000003E-03
+40.44000E-06 -52.25628617E-03 -104.77391E-06
+40.45500E-06 +102.11557153E-03 +417.83915E-06
+40.47000E-06 -361.00000146E-03 -1.67261309E-03
+40.48500E-06 +256.48742917E-03 +1.46306527E-03
+40.50000E-06 -438.18593025E-03 -2.19522614E-03
+40.51500E-06 +333.67335793E-03 +417.83915E-06
+40.53000E-06 -361.00000137E-03 -1.67261309E-03
+40.54500E-06 +24.92964268E-03 +417.83915E-06
+40.56000E-06 -52.25628611E-03 -627.38697E-06
+40.57500E-06 -206.62814382E-03 -627.38697E-06
+40.59000E-06 +256.48742917E-03 +940.45221E-06
+40.60500E-06 -438.18593025E-03 -1.67261309E-03
+40.62000E-06 +333.67335799E-03 +417.83915E-06
+40.63500E-06 -361.00000143E-03 -1.67261309E-03
+40.65000E-06 +256.48742914E-03 +417.83915E-06
+40.66500E-06 -206.62814376E-03 -1.15000003E-03
+40.68000E-06 -52.25628618E-03 -627.38697E-06
+40.69500E-06 +102.11557153E-03 +417.83915E-06
+40.71000E-06 -438.18593022E-03 -1.15000003E-03
+40.72500E-06 +410.85928679E-03 +1.46306527E-03
+40.74000E-06 -515.37185907E-03 -2.71783920E-03
+40.75500E-06 +333.67335796E-03 +1.46306527E-03
+40.77000E-06 -438.18593019E-03 -2.19522614E-03
+40.78500E-06 +102.11557147E-03 -104.77391E-06
+40.80000E-06 -52.25628611E-03 -627.38697E-06
+40.81500E-06 -206.62814382E-03 -1.15000003E-03
+40.83000E-06 +179.30150039E-03 +940.45221E-06
+40.84500E-06 -438.18593032E-03 -2.19522614E-03
+40.86000E-06 +488.04521554E-03 +940.45221E-06
+40.87500E-06 -438.18593025E-03 -2.71783920E-03
+40.89000E-06 +410.85928672E-03 +1.46306527E-03
+40.90500E-06 -206.62814375E-03 -1.67261308E-03
+40.92000E-06 -52.25628618E-03 -104.77391E-06
+40.93500E-06 +179.30150032E-03 -104.77391E-06
+40.95000E-06 -361.00000150E-03 -1.67261309E-03
+40.96500E-06 +410.85928682E-03 +940.45221E-06
+40.98000E-06 -592.55778790E-03 -2.71783920E-03
+40.99500E-06 +410.85928679E-03 +1.46306527E-03
+41.01000E-06 -438.18593025E-03 -2.19522614E-03
+41.02500E-06 +179.30150025E-03 +940.45221E-06
+41.04000E-06 -52.25628611E-03 -627.38697E-06
+41.05500E-06 -283.81407264E-03 -1.15000003E-03
+41.07000E-06 +333.67335800E-03 +940.45221E-06
+41.08500E-06 -592.55778790E-03 -2.19522615E-03
+41.10000E-06 +488.04521564E-03 +1.46306527E-03
+41.11500E-06 -515.37185907E-03 -2.71783920E-03
+41.13000E-06 +333.67335796E-03 +1.46306527E-03
+41.14500E-06 -283.81407254E-03 -2.19522614E-03
+41.16000E-06 +24.92964261E-03 -104.77391E-06
+41.17500E-06 +102.11557153E-03 +417.83915E-06
+41.19000E-06 -361.00000150E-03 -2.19522615E-03
+41.20500E-06 +488.04521561E-03 +940.45221E-06
+41.22000E-06 -592.55778793E-03 -3.76306532E-03
+41.23500E-06 +565.23114439E-03 +1.98567833E-03
+41.25000E-06 -515.37185904E-03 -2.71783920E-03
+41.26500E-06 +256.48742911E-03 +1.46306527E-03
+41.28000E-06 -129.44221493E-03 -1.15000003E-03
+41.29500E-06 -283.81407264E-03 -627.38697E-06
+41.31000E-06 +256.48742925E-03 +940.45221E-06
+41.32500E-06 -592.55778790E-03 -2.19522615E-03
+41.34000E-06 +642.41707325E-03 +1.46306527E-03
+41.35500E-06 -669.74371672E-03 -2.19522615E-03
+41.37000E-06 +410.85928679E-03 +2.50829139E-03
+41.38500E-06 -361.00000140E-03 -1.67261309E-03
+41.40000E-06 +24.92964261E-03 -104.77391E-06
+41.41500E-06 +102.11557153E-03 +417.83915E-06
+41.43000E-06 -438.18593032E-03 -2.19522614E-03
+41.44500E-06 +565.23114443E-03 +940.45221E-06
+41.46000E-06 -669.74371675E-03 -2.71783920E-03
+41.47500E-06 +719.60300204E-03 +2.50829139E-03
+41.49000E-06 -592.55778786E-03 -2.71783920E-03
+41.50500E-06 +333.67335789E-03 +940.45221E-06
+41.52000E-06 -206.62814368E-03 -1.67261309E-03
+41.53500E-06 -206.62814386E-03 -627.38697E-06
+41.55000E-06 +333.67335804E-03 +940.45221E-06
+41.56500E-06 -669.74371672E-03 -3.24045226E-03
+41.58000E-06 +719.60300207E-03 +1.98567833E-03
+41.59500E-06 -746.92964554E-03 -3.24045226E-03
+41.61000E-06 +488.04521561E-03 +1.98567833E-03
+41.62500E-06 -438.18593022E-03 -2.19522614E-03
+41.64000E-06 +102.11557139E-03 +417.83915E-06
+41.65500E-06 +102.11557157E-03 +417.83915E-06
+41.67000E-06 -515.37185911E-03 -1.67261309E-03
+41.68500E-06 +565.23114446E-03 +1.46306527E-03
+41.70000E-06 -746.92964558E-03 -3.76306532E-03
+41.71500E-06 +719.60300207E-03 +3.03090445E-03
+41.73000E-06 -746.92964546E-03 -3.24045226E-03
+41.74500E-06 +410.85928671E-03 +1.98567833E-03
+41.76000E-06 -206.62814371E-03 -1.67261308E-03
+41.77500E-06 -206.62814386E-03 -627.38697E-06
+41.79000E-06 +410.85928682E-03 +940.45221E-06
+41.80500E-06 -669.74371675E-03 -2.19522615E-03
+41.82000E-06 +719.60300211E-03 +2.50829139E-03
+41.83500E-06 -824.11557436E-03 -3.24045226E-03
+41.85000E-06 +719.60300203E-03 +1.98567833E-03
+41.86500E-06 -515.37185900E-03 -2.71783920E-03
+41.88000E-06 +179.30150021E-03 +940.45221E-06
+41.89500E-06 +102.11557157E-03 -104.77391E-06
+41.91000E-06 -438.18593033E-03 -1.67261309E-03
+41.92500E-06 +642.41707329E-03 +1.46306527E-03
+41.94000E-06 -824.11557440E-03 -4.28567838E-03
+41.95500E-06 +873.97485968E-03 +3.03090445E-03
+41.97000E-06 -824.11557428E-03 -3.76306532E-03
+41.98500E-06 +488.04521553E-03 +1.98567833E-03
+42.00000E-06 -206.62814375E-03 -2.19522614E-03
+42.01500E-06 -129.44221508E-03 -627.38697E-06
+42.03000E-06 +488.04521565E-03 +1.46306527E-03
+42.04500E-06 -746.92964562E-03 -2.71783921E-03
+42.06000E-06 +796.78893093E-03 +2.50829139E-03
+42.07500E-06 -978.48743200E-03 -4.28567838E-03
+42.09000E-06 +796.78893085E-03 +2.50829139E-03
+42.10500E-06 -592.55778782E-03 -3.24045226E-03
+42.12000E-06 +256.48742899E-03 +940.45221E-06
+42.13500E-06 +24.92964276E-03 -104.77391E-06
+42.15000E-06 -515.37185915E-03 -1.67261309E-03
+42.16500E-06 +719.60300215E-03 +3.03090445E-03
+42.18000E-06 -1.05567336082E+00 -4.80829144E-03
+42.19500E-06 +951.16078850E-03 +3.55351751E-03
+42.21000E-06 -978.48743192E-03 -4.28567838E-03
+42.22500E-06 +642.41707313E-03 +2.50829139E-03
+42.24000E-06 -361.00000135E-03 -2.71783920E-03
+42.25500E-06 -129.44221504E-03 -104.77391E-06
+42.27000E-06 +410.85928686E-03 +417.83915E-06
+42.28500E-06 -824.11557440E-03 -3.24045226E-03
+42.30000E-06 +951.16078858E-03 +2.50829139E-03
+42.31500E-06 -1.13285928961E+00 -4.80829144E-03
+42.33000E-06 +951.16078850E-03 +3.55351751E-03
+42.34500E-06 -746.92964546E-03 -3.76306532E-03
+42.36000E-06 +333.67335788E-03 +1.46306527E-03
+42.37500E-06 -52.25628602E-03 -627.38697E-06
+42.39000E-06 -515.37185915E-03 -2.19522615E-03
+42.40500E-06 +796.78893093E-03 +2.50829139E-03
+42.42000E-06 -1.05567336082E+00 -4.80829144E-03
+42.43500E-06 +1.02834671736E+00 +4.07613057E-03
+42.45000E-06 -1.05567336078E+00 -4.80829144E-03
+42.46500E-06 +796.78893077E-03 +2.50829139E-03
+42.48000E-06 -438.18593017E-03 -2.71783920E-03
+42.49500E-06 -129.44221509E-03 -104.77391E-06
+42.51000E-06 +410.85928691E-03 +940.45221E-06
+42.52500E-06 -824.11557444E-03 -2.71783921E-03
+42.54000E-06 +1.10553264622E+00 +3.55351751E-03
+42.55500E-06 -1.13285928969E+00 -5.33090450E-03
+42.57000E-06 +1.02834671732E+00 +4.07613057E-03
+42.58500E-06 -824.11557428E-03 -4.28567838E-03
+42.60000E-06 +410.85928670E-03 +2.50829139E-03
+42.61500E-06 -129.44221480E-03 -1.15000003E-03
+42.63000E-06 -438.18593038E-03 -2.19522615E-03
+42.64500E-06 +873.97485980E-03 +2.50829139E-03
+42.66000E-06 -1.13285928969E+00 -5.33090450E-03
+42.67500E-06 +1.25990450378E+00 +4.59874363E-03
+42.69000E-06 -1.21004521843E+00 -5.33090450E-03
+42.70500E-06 +873.97485963E-03 +3.55351751E-03
+42.72000E-06 -592.55778777E-03 -2.71783920E-03
+42.73500E-06 -52.25628623E-03 -104.77391E-06
+42.75000E-06 +410.85928691E-03 +1.46306527E-03
+42.76500E-06 -901.30150327E-03 -3.24045227E-03
+42.78000E-06 +1.18271857500E+00 +3.55351751E-03
+42.79500E-06 -1.28723114733E+00 -5.85351756E-03
+42.81000E-06 +1.18271857496E+00 +4.59874363E-03
+42.82500E-06 -978.48743192E-03 -4.80829144E-03
+42.84000E-06 +565.23114430E-03 +3.03090445E-03
+42.85500E-06 -129.44221484E-03 -1.15000002E-03
+42.87000E-06 -515.37185916E-03 -1.67261309E-03
+42.88500E-06 +796.78893102E-03 +3.03090445E-03
+42.90000E-06 -1.36441707611E+00 -5.33090450E-03
+42.91500E-06 +1.33709043264E+00 +5.12135669E-03
+42.93000E-06 -1.44160300485E+00 -5.85351756E-03
+42.94500E-06 +1.10553264601E+00 +4.07613057E-03
+42.96000E-06 -669.74371663E-03 -3.24045226E-03
+42.97500E-06 +102.11557133E-03 +1.46306527E-03
+42.99000E-06 +333.67335814E-03 +940.45221E-06
+43.00500E-06 -978.48743213E-03 -3.24045227E-03
+43.02000E-06 +1.25990450391E+00 +3.55351751E-03
+43.03500E-06 -1.44160300493E+00 -5.85351756E-03
+43.05000E-06 +1.33709043264E+00 +5.64396975E-03
+43.06500E-06 -1.21004521834E+00 -5.33090450E-03
+43.08000E-06 +719.60300190E-03 +3.03090445E-03
+43.09500E-06 -206.62814361E-03 -2.19522614E-03
+43.11000E-06 -438.18593038E-03 -1.15000003E-03
+43.12500E-06 +873.97485989E-03 +3.03090445E-03
+43.14000E-06 -1.36441707615E+00 -5.85351756E-03
+43.15500E-06 +1.49146229029E+00 +5.64396975E-03
+43.17000E-06 -1.51878893371E+00 -6.37613062E-03
+43.18500E-06 +1.18271857491E+00 +5.12135669E-03
+43.20000E-06 -824.11557427E-03 -3.76306532E-03
+43.21500E-06 +179.30150014E-03 +1.46306527E-03
+43.23000E-06 +333.67335810E-03 +417.83915E-06
+43.24500E-06 -978.48743214E-03 -3.24045227E-03
+43.26000E-06 +1.41427636151E+00 +4.59874363E-03
+43.27500E-06 -1.59597486262E+00 -5.85351756E-03
+43.29000E-06 +1.49146229029E+00 +6.16658281E-03
+43.30500E-06 -1.36441707598E+00 -6.37613062E-03
+43.32000E-06 +873.97485953E-03 +4.07613057E-03
+43.33500E-06 -361.00000125E-03 -2.19522614E-03
+43.35000E-06 -438.18593039E-03 -1.15000003E-03
+43.36500E-06 +951.16078867E-03 +3.03090445E-03
+43.38000E-06 -1.44160300502E+00 -6.37613062E-03
+43.39500E-06 +1.56864821915E+00 +6.16658281E-03
+43.41000E-06 -1.75034672013E+00 -6.89874368E-03
+43.42500E-06 +1.41427636137E+00 +6.16658281E-03
+43.44000E-06 -978.48743187E-03 -4.80829144E-03
+43.45500E-06 +333.67335774E-03 +1.98567833E-03
+43.47000E-06 +333.67335815E-03 +417.83915E-06
+43.48500E-06 -978.48743219E-03 -3.24045227E-03
+43.50000E-06 +1.41427636160E+00 +4.59874363E-03
+43.51500E-06 -1.75034672026E+00 -7.42135674E-03
+43.53000E-06 +1.72302007671E+00 +7.21180893E-03
+43.54500E-06 -1.51878893366E+00 -6.89874368E-03
+43.56000E-06 +1.02834671717E+00 +4.07613057E-03
+43.57500E-06 -438.18593007E-03 -2.71783920E-03
+43.59000E-06 -361.00000162E-03 -627.38697E-06
+43.60500E-06 +951.16078868E-03 +3.03090445E-03
+43.62000E-06 -1.59597486267E+00 -5.85351756E-03
+43.63500E-06 +1.80020600557E+00 +7.21180893E-03
+43.65000E-06 -1.98190450654E+00 -7.42135674E-03
+43.66500E-06 +1.56864821902E+00 +6.68919587E-03
+43.68000E-06 -1.13285928951E+00 -5.33090450E-03
+43.69500E-06 +410.85928655E-03 +2.50829139E-03
+43.71000E-06 +179.30150055E-03 +417.83915E-06
+43.72500E-06 -1.05567336097E+00 -3.24045227E-03
+43.74000E-06 +1.49146229043E+00 +4.59874363E-03
+43.75500E-06 -1.82753264913E+00 -7.42135674E-03
+43.77000E-06 +1.95457786317E+00 +8.25703505E-03
+43.78500E-06 -1.75034672012E+00 -7.94396980E-03
+43.80000E-06 +1.25990450363E+00 +5.64396975E-03
+43.81500E-06 -592.55778771E-03 -3.24045226E-03
+43.83000E-06 -283.81407285E-03 -627.38697E-06
+43.84500E-06 +951.16078873E-03 +3.03090445E-03
+43.86000E-06 -1.59597486272E+00 -6.37613062E-03
+43.87500E-06 +2.03176379199E+00 +7.73442199E-03
+43.89000E-06 -2.13627636428E+00 -8.46658286E-03
+43.90500E-06 +1.80020600548E+00 +8.25703505E-03
+43.92000E-06 -1.44160300469E+00 -6.37613062E-03
+43.93500E-06 +565.23114419E-03 +3.55351751E-03
+43.95000E-06 +102.11557179E-03 -104.77391E-06
+43.96500E-06 -1.05567336102E+00 -3.24045227E-03
+43.98000E-06 +1.64583414808E+00 +5.12135669E-03
+43.99500E-06 -2.13627636437E+00 -8.46658286E-03
+44.01000E-06 +2.10894972081E+00 +8.77964811E-03
+44.02500E-06 -1.98190450654E+00 -8.46658286E-03
+44.04000E-06 +1.49146229004E+00 +6.68919587E-03
+44.05500E-06 -824.11557412E-03 -4.28567838E-03
+44.07000E-06 -52.25628649E-03 -104.77391E-06
+44.08500E-06 +951.16078873E-03 +2.50829139E-03
+44.10000E-06 -1.67316079154E+00 -6.89874368E-03
+44.11500E-06 +2.18613564968E+00 +8.25703505E-03
+44.13000E-06 -2.36783415074E+00 -9.51180898E-03
+44.14500E-06 +1.95457786312E+00 +8.25703505E-03
+44.16000E-06 -1.59597486238E+00 -7.94396980E-03
+44.17500E-06 +796.78893060E-03 +4.07613057E-03
+44.19000E-06 +24.92964297E-03 -1.15000002E-03
+44.20500E-06 -978.48743225E-03 -3.24045227E-03
+44.22000E-06 +1.72302007690E+00 +5.12135669E-03
+44.23500E-06 -2.29064822207E+00 -8.98919592E-03
+44.25000E-06 +2.26332157855E+00 +9.30226117E-03
+44.26500E-06 -2.21346229305E+00 -10.03442204E-03
+44.28000E-06 +1.64583414773E+00 +7.21180893E-03
+44.29500E-06 -978.48743170E-03 -5.33090450E-03
+44.31000E-06 -52.25628644E-03 +417.83915E-06
+44.32500E-06 +951.16078879E-03 +2.50829139E-03
+44.34000E-06 -1.75034672042E+00 -6.89874368E-03
+44.35500E-06 +2.26332157860E+00 +8.77964811E-03
+44.37000E-06 -2.52220600838E+00 -10.55703510E-03
+44.38500E-06 +2.26332157840E+00 +9.30226117E-03
+44.40000E-06 -1.82753264884E+00 -8.98919592E-03
+44.41500E-06 +951.16078828E-03 +4.59874363E-03
+44.43000E-06 -129.44221466E-03 -2.19522614E-03
+44.44500E-06 -824.11557471E-03 -3.24045227E-03
+44.46000E-06 +1.72302007696E+00 +5.64396975E-03
+44.47500E-06 -2.44502007966E+00 -8.98919592E-03
+44.49000E-06 +2.57206529384E+00 +10.87010035E-03
+44.50500E-06 -2.52220600828E+00 -10.03442204E-03
+44.52000E-06 +1.87739193414E+00 +8.77964811E-03
+44.53500E-06 -1.13285928939E+00 -5.85351756E-03
+44.55000E-06 +179.30149996E-03 +1.46306527E-03
+44.56500E-06 +873.97486002E-03 +1.98567833E-03
+44.58000E-06 -1.82753264925E+00 -7.94396980E-03
+44.59500E-06 +2.41769343625E+00 +8.77964811E-03
+44.61000E-06 -2.75376379490E+00 -11.60226122E-03
+44.62500E-06 +2.49487936486E+00 +10.87010035E-03
+44.64000E-06 -2.05909043530E+00 -10.03442204E-03
+44.65500E-06 +1.18271857469E+00 +5.64396975E-03
+44.67000E-06 -283.81407225E-03 -2.19522614E-03
+44.68500E-06 -901.30150349E-03 -3.24045227E-03
+44.70000E-06 +1.72302007706E+00 +5.64396975E-03
+44.71500E-06 -2.59939193736E+00 -8.98919592E-03
+44.73000E-06 +2.72643715148E+00 +10.87010035E-03
+44.74500E-06 -2.75376379479E+00 -12.12487428E-03
+44.76000E-06 +2.18613564942E+00 +10.34748729E-03
+44.77500E-06 -1.36441707580E+00 -6.89874368E-03
+44.79000E-06 +256.48742883E-03 +2.50829139E-03
+44.80500E-06 +796.78893126E-03 +1.98567833E-03
+44.82000E-06 -1.90471857812E+00 -6.37613062E-03
+44.83500E-06 +2.49487936507E+00 +10.34748729E-03
+44.85000E-06 -2.98532158136E+00 -11.60226122E-03
+44.86500E-06 +2.72643715133E+00 +11.91532647E-03
+44.88000E-06 -2.36783415053E+00 -9.51180898E-03
+44.89500E-06 +1.41427636115E+00 +7.21180893E-03
+44.91000E-06 -438.18592988E-03 -3.24045226E-03
+44.92500E-06 -746.92964596E-03 -2.71783921E-03
+44.94000E-06 +1.80020600584E+00 +6.68919587E-03
+44.95500E-06 -2.59939193742E+00 -11.07964816E-03
+44.97000E-06 +2.95799493790E+00 +11.91532647E-03
+44.98500E-06 -3.06250751003E+00 -13.17010040E-03
+45.00000E-06 +2.49487936465E+00 +10.87010035E-03
+45.01500E-06 -1.59597486225E+00 -7.94396980E-03
+45.03000E-06 +488.04521523E-03 +3.03090445E-03
+45.04500E-06 +719.60300245E-03 +1.46306527E-03
+45.06000E-06 -1.82753264936E+00 -7.42135674E-03
+45.07500E-06 +2.64925122277E+00 +9.82487423E-03
+45.09000E-06 -3.13969343901E+00 -13.17010040E-03
+45.10500E-06 +3.03518086661E+00 +12.96055259E-03
+45.12000E-06 -2.67657786581E+00 -11.07964816E-03
+45.13500E-06 +1.64583414760E+00 +8.77964811E-03
+45.15000E-06 -592.55778757E-03 -3.76306532E-03
+45.16500E-06 -669.74371715E-03 -1.15000003E-03
+45.18000E-06 +1.72302007713E+00 +5.64396975E-03
+45.19500E-06 -2.67657786635E+00 -11.07964816E-03
+45.21000E-06 +3.11236679565E+00 +13.48316565E-03
+45.22500E-06 -3.21687936772E+00 -13.69271346E-03
+45.24000E-06 +2.72643715116E+00 +11.91532647E-03
+45.25500E-06 -1.98190450625E+00 -9.51180898E-03
+45.27000E-06 +642.41707287E-03 +4.07613057E-03
+45.28500E-06 +565.23114487E-03 +940.45221E-06
+45.30000E-06 -1.82753264937E+00 -6.89874368E-03
+45.31500E-06 +2.72643715165E+00 +10.87010035E-03
+45.33000E-06 -3.29406529676E+00 -13.69271346E-03
+45.34500E-06 +3.34392458189E+00 +14.00577871E-03
+45.36000E-06 -2.98532158109E+00 -13.17010040E-03
+45.37500E-06 +1.95457786288E+00 +9.82487423E-03
+45.39000E-06 -824.11557397E-03 -4.80829144E-03
+45.40500E-06 -592.55778834E-03 -1.15000003E-03
+45.42000E-06 +1.72302007714E+00 +5.64396975E-03
+45.43500E-06 -2.83094972400E+00 -10.55703510E-03
+45.45000E-06 +3.42111051088E+00 +13.48316565E-03
+45.46500E-06 -3.52562308306E+00 -14.73793958E-03
+45.48000E-06 +3.03518086644E+00 +14.00577871E-03
+45.49500E-06 -2.21346229276E+00 -10.03442204E-03
+45.51000E-06 +873.97485927E-03 +5.64396975E-03
+45.52500E-06 +410.85928723E-03 +417.83916E-06
+45.54000E-06 -1.75034672067E+00 -6.37613062E-03
+45.55500E-06 +2.80362308048E+00 +10.87010035E-03
+45.57000E-06 -3.60280901194E+00 -14.21532652E-03
+45.58500E-06 +3.57548236841E+00 +15.05100483E-03
+45.60000E-06 -3.29406529631E+00 -15.26055264E-03
+45.61500E-06 +2.26332157811E+00 +10.34748729E-03
+45.63000E-06 -1.13285928908E+00 -5.85351756E-03
+45.64500E-06 -361.00000194E-03 -104.77391E-06
+45.66000E-06 +1.72302007721E+00 +5.64396975E-03
+45.67500E-06 -2.90813565283E+00 -11.07964816E-03
+45.69000E-06 +3.49829643976E+00 +14.52839177E-03
+45.70500E-06 -3.75718086952E+00 -15.78316570E-03
+45.72000E-06 +3.34392458172E+00 +15.05100482E-03
+45.73500E-06 -2.52220600803E+00 -11.60226122E-03
+45.75000E-06 +1.18271857449E+00 +6.16658281E-03
+45.76500E-06 +256.48742966E-03 -627.38696E-06
+45.78000E-06 -1.75034672062E+00 -5.85351756E-03
+45.79500E-06 +2.88080900936E+00 +11.39271341E-03
+45.81000E-06 -3.75718086969E+00 -15.26055264E-03
+45.82500E-06 +3.88422608364E+00 +16.09623095E-03
+45.84000E-06 -3.52562308288E+00 -16.30577876E-03
+45.85500E-06 +2.57206529338E+00 +11.91532647E-03
+45.87000E-06 -1.36441707559E+00 -7.42135674E-03
+45.88500E-06 -283.81407313E-03 +940.45221E-06
+45.90000E-06 +1.64583414845E+00 +5.12135669E-03
+45.91500E-06 -2.98532158171E+00 -11.07964816E-03
+45.93000E-06 +3.72985422629E+00 +15.05100483E-03
+45.94500E-06 -3.98873865604E+00 -16.30577876E-03
+45.96000E-06 +3.65266829700E+00 +16.09623095E-03
+45.97500E-06 -2.83094972331E+00 -13.17010040E-03
+45.99000E-06 +1.41427636094E+00 +7.73442199E-03
+46.00500E-06 +24.92964326E-03 -1.15000002E-03
+46.02000E-06 -1.59597486310E+00 -5.33090451E-03
+46.03500E-06 +2.88080900949E+00 +11.39271341E-03
+46.05000E-06 -3.83436679858E+00 -15.78316570E-03
+46.06500E-06 +4.11578387010E+00 +17.14145707E-03
+46.08000E-06 -3.91155272693E+00 -16.82839182E-03
+46.09500E-06 +2.88080900866E+00 +12.96055259E-03
+46.11000E-06 -1.67316079075E+00 -8.98919592E-03
+46.12500E-06 +24.92964208E-03 +1.46306527E-03
+46.14000E-06 +1.56864821964E+00 +5.12135669E-03
+46.15500E-06 -2.98532158178E+00 -11.07964816E-03
+46.17000E-06 +3.80704015517E+00 +16.09623095E-03
+46.18500E-06 -4.29748237133E+00 -17.87361794E-03
+46.20000E-06 +3.96141201222E+00 +17.66407012E-03
+46.21500E-06 -3.13969343853E+00 -14.73793958E-03
+46.23000E-06 +1.72302007615E+00 +8.77964811E-03
+46.24500E-06 -283.81407201E-03 -2.71783920E-03
+46.26000E-06 -1.59597486305E+00 -4.80829145E-03
+46.27500E-06 +2.95799493832E+00 +11.39271341E-03
+46.29000E-06 -4.06592458505E+00 -16.30577876E-03
+46.30500E-06 +4.34734165662E+00 +18.70929624E-03
+46.32000E-06 -4.14311051345E+00 -17.87361794E-03
+46.33500E-06 +3.18955272394E+00 +15.05100482E-03
+46.35000E-06 -1.98190450608E+00 -10.03442204E-03
+46.36500E-06 +256.48742848E-03 +3.55351751E-03
+46.38000E-06 +1.41427636207E+00 +4.07613057E-03
+46.39500E-06 -2.98532158179E+00 -11.07964816E-03
+46.41000E-06 +3.96141201282E+00 +16.09623095E-03
+46.42500E-06 -4.52904015786E+00 -18.39623100E-03
+46.44000E-06 +4.27015572756E+00 +19.23190930E-03
+46.45500E-06 -3.52562308263E+00 -15.78316570E-03
+46.47000E-06 +2.10894972019E+00 +10.87010035E-03
+46.48500E-06 -438.18592964E-03 -3.76306532E-03
+46.50000E-06 -1.36441707672E+00 -4.80829145E-03
+46.51500E-06 +2.88080900950E+00 +11.91532647E-03
+46.53000E-06 -4.22029644263E+00 -15.78316570E-03
+46.54500E-06 +4.57889944315E+00 +19.23190930E-03
+46.56000E-06 -4.45185422873E+00 -18.91884406E-03
+46.57500E-06 +3.57548236804E+00 +16.09623094E-03
+46.59000E-06 -2.29064822135E+00 -11.07964816E-03
+46.60500E-06 +488.04521493E-03 +4.07613057E-03
+46.62000E-06 +1.25990450444E+00 +3.03090446E-03
+46.63500E-06 -2.98532158186E+00 -11.07964816E-03
+46.65000E-06 +4.19296979929E+00 +16.61884401E-03
+46.66500E-06 -4.68341201556E+00 -18.91884406E-03
+46.68000E-06 +4.57889944284E+00 +19.75452236E-03
+46.69500E-06 -3.91155272666E+00 -17.87361793E-03
+46.71000E-06 +2.41769343546E+00 +11.91532647E-03
+46.72500E-06 -746.92964479E-03 -4.80829144E-03
+46.74000E-06 -1.21004521915E+00 -3.76306533E-03
+46.75500E-06 +2.88080900957E+00 +10.87010035E-03
+46.77000E-06 -4.22029644282E+00 -16.82839182E-03
+46.78500E-06 +4.73327130086E+00 +20.27713542E-03
+46.80000E-06 -4.76059794407E+00 -20.48668323E-03
+46.81500E-06 +3.88422608332E+00 +17.66407012E-03
+46.83000E-06 -2.67657786539E+00 -12.64748734E-03
+46.84500E-06 +796.78893014E-03 +5.64396975E-03
+46.86000E-06 +1.02834671811E+00 +2.50829140E-03
+46.87500E-06 -2.90813565311E+00 -10.03442204E-03
+46.89000E-06 +4.19296979936E+00 +16.61884401E-03
+46.90500E-06 -4.91496980203E+00 -19.96407018E-03
+46.92000E-06 +4.81045722942E+00 +20.79974848E-03
+46.93500E-06 -4.14311051324E+00 -18.91884406E-03
+46.95000E-06 +2.72643715080E+00 +14.00577870E-03
+46.96500E-06 -978.48743124E-03 -5.85351756E-03
+46.98000E-06 -978.48743270E-03 -2.71783921E-03
+46.99500E-06 +2.80362308083E+00 +10.34748729E-03
+47.01000E-06 -4.29748237165E+00 -16.30577876E-03
+47.02500E-06 +4.96482908738E+00 +21.32236154E-03
+47.04000E-06 -5.06934165935E+00 -21.53190935E-03
+47.05500E-06 +4.27015572735E+00 +19.75452236E-03
+47.07000E-06 -2.90813565197E+00 -14.21532652E-03
+47.08500E-06 +1.10553264541E+00 +7.21180893E-03
+47.10000E-06 +796.78893173E-03 +940.45222E-06
+47.11500E-06 -2.83094972436E+00 -9.51180898E-03
+47.13000E-06 +4.19296979949E+00 +17.66407013E-03
+47.14500E-06 -5.06934165967E+00 -20.48668324E-03
+47.16000E-06 +5.11920094471E+00 +22.89020072E-03
+47.17500E-06 -4.60622608610E+00 -19.96407017E-03
+47.19000E-06 +3.11236679483E+00 +15.57361788E-03
+47.20500E-06 -1.28723114651E+00 -8.46658286E-03
+47.22000E-06 -746.92964638E-03 -1.67261309E-03
+47.23500E-06 +2.64925122326E+00 +10.34748729E-03
+47.25000E-06 -4.37466830048E+00 -17.35100488E-03
+47.26500E-06 +5.11920094497E+00 +20.79974848E-03
+47.28000E-06 -5.30089944582E+00 -22.57713547E-03
+47.29500E-06 +4.57889944269E+00 +20.79974848E-03
+47.31000E-06 -3.37125122475E+00 -15.78316570E-03
+47.32500E-06 +1.41427636068E+00 +8.25703505E-03
+47.34000E-06 +565.23114528E-03 -104.77390E-06
+47.35500E-06 -2.67657786673E+00 -8.98919593E-03
+47.37000E-06 +4.19296979950E+00 +16.61884401E-03
+47.38500E-06 -5.30089944614E+00 -21.53190936E-03
+47.40000E-06 +5.35075873117E+00 +23.41281378E-03
+47.41500E-06 -4.83778387256E+00 -21.53190935E-03
+47.43000E-06 +3.42111051017E+00 +16.61884400E-03
+47.44500E-06 -1.67316079054E+00 -9.51180898E-03
+47.46000E-06 -515.37185993E-03 -627.38697E-06
+47.47500E-06 +2.49487936569E+00 +9.30226117E-03
+47.49000E-06 -4.22029644310E+00 -15.78316570E-03
+47.50500E-06 +5.19638687399E+00 +21.84497460E-03
+47.52000E-06 -5.53245723234E+00 -23.09974853E-03
+47.53500E-06 +4.88764315797E+00 +22.36758766E-03
+47.55000E-06 -3.67999494009E+00 -17.35100487E-03
+47.56500E-06 +1.72302007595E+00 +9.82487422E-03
+47.58000E-06 +333.67335876E-03 -627.38696E-06
+47.59500E-06 -2.44502008048E+00 -8.46658287E-03
+47.61000E-06 +4.11578387082E+00 +16.09623095E-03
+47.62500E-06 -5.37808537510E+00 -22.05452242E-03
+47.64000E-06 +5.65950244645E+00 +24.45803990E-03
+47.65500E-06 -5.22371351672E+00 -23.09974853E-03
+47.67000E-06 +3.80704015426E+00 +18.70929624E-03
+47.68500E-06 -2.05909043463E+00 -10.55703510E-03
+47.70000E-06 -206.62814466E-03 +940.45221E-06
+47.71500E-06 +2.34050750806E+00 +8.77964811E-03
+47.73000E-06 -4.22029644305E+00 -16.30577876E-03
+47.74500E-06 +5.35075873163E+00 +22.36758766E-03
+47.76000E-06 -5.76401501887E+00 -23.62236159E-03
+47.77500E-06 +5.19638687325E+00 +23.93542684E-03
+47.79000E-06 -4.06592458412E+00 -19.44145711E-03
+47.80500E-06 +2.10894971998E+00 +11.39271340E-03
+47.82000E-06 -52.25628513E-03 -2.19522614E-03
+47.83500E-06 -2.29064822285E+00 -6.89874369E-03
+47.85000E-06 +4.19296979959E+00 +16.61884401E-03
+47.86500E-06 -5.45527130399E+00 -21.53190936E-03
+47.88000E-06 +5.81387430423E+00 +26.02587908E-03
+47.89500E-06 -5.45527130318E+00 -23.62236159E-03
+47.91000E-06 +4.19296979829E+00 +20.27713542E-03
+47.92500E-06 -2.36783414990E+00 -12.12487428E-03
+47.94000E-06 +102.11557054E-03 +2.50829139E-03
+47.95500E-06 +2.18613565043E+00 +8.25703505E-03
+47.97000E-06 -4.22029644306E+00 -15.78316570E-03
+47.98500E-06 +5.35075873171E+00 +21.84497461E-03
+48.00000E-06 -5.99557280534E+00 -24.66758771E-03
+48.01500E-06 +5.50513058866E+00 +24.98065296E-03
+48.03000E-06 -4.37466829946E+00 -20.48668323E-03
+48.04500E-06 +2.49487936407E+00 +13.48316564E-03
+48.06000E-06 -283.81407164E-03 -3.76306532E-03
+48.07500E-06 -2.05909043640E+00 -6.37613063E-03
+48.09000E-06 +3.96141201327E+00 +16.09623095E-03
+48.10500E-06 -5.53245723282E+00 -22.05452242E-03
+48.12000E-06 +5.96824616187E+00 +26.54849214E-03
+48.13500E-06 -5.76401501852E+00 -24.14497465E-03
+48.15000E-06 +4.50171351356E+00 +21.32236154E-03
+48.16500E-06 -2.75376379392E+00 -13.69271346E-03
+48.18000E-06 +488.04521449E-03 +4.07613057E-03
+48.19500E-06 +1.80020600655E+00 +6.68919587E-03
+48.21000E-06 -4.06592458556E+00 -14.73793958E-03
+48.22500E-06 +5.50513058936E+00 +21.84497460E-03
+48.24000E-06 -6.14994466305E+00 -25.19020077E-03
+48.25500E-06 +5.73668837512E+00 +26.54849214E-03
+48.27000E-06 -4.76059794356E+00 -21.53190935E-03
+48.28500E-06 +2.80362307934E+00 +15.57361788E-03
+48.30000E-06 -592.55778698E-03 -4.80829144E-03
+48.31500E-06 -1.82753264995E+00 -5.33090451E-03
+48.33000E-06 +3.88422608446E+00 +16.09623095E-03
+48.34500E-06 -5.53245723283E+00 -21.53190936E-03
+48.36000E-06 +6.12261801958E+00 +26.54849214E-03
+48.37500E-06 -5.99557280505E+00 -26.23542689E-03
+48.39000E-06 +4.81045722891E+00 +22.89020072E-03
+48.40500E-06 -3.06250750927E+00 -15.78316569E-03
+48.42000E-06 +719.60300108E-03 +5.64396975E-03
+48.43500E-06 +1.64583414885E+00 +5.64396976E-03
+48.45000E-06 -3.83436679918E+00 -14.21532652E-03
+48.46500E-06 +5.42794466061E+00 +21.84497461E-03
+48.48000E-06 -6.22713059194E+00 -25.19020077E-03
+48.49500E-06 +5.96824616165E+00 +27.07110520E-03
+48.51000E-06 -4.99215573001E+00 -23.09974853E-03
+48.52500E-06 +3.18955272343E+00 +16.61884400E-03
+48.54000E-06 -978.48743093E-03 -6.37613062E-03
+48.55500E-06 -1.51878893483E+00 -3.76306533E-03
+48.57000E-06 +3.65266829815E+00 +15.57361789E-03
+48.58500E-06 -5.37808537541E+00 -21.53190936E-03
+48.60000E-06 +6.19980394847E+00 +27.59371826E-03
+48.61500E-06 -6.22713059151E+00 -26.75803995E-03
+48.63000E-06 +5.11920094418E+00 +24.98065296E-03
+48.64500E-06 -3.44843715336E+00 -16.82839181E-03
+48.66000E-06 +1.10553264510E+00 +7.73442199E-03
+48.67500E-06 +1.33709043365E+00 +4.07613058E-03
+48.69000E-06 -3.67999494155E+00 -13.69271346E-03
+48.70500E-06 +5.35075873187E+00 +22.36758766E-03
+48.72000E-06 -6.38150244958E+00 -25.71281383E-03
+48.73500E-06 +6.12261801936E+00 +28.11633132E-03
+48.75000E-06 -5.37808537411E+00 -24.14497465E-03
+48.76500E-06 +3.49829643870E+00 +18.70929624E-03
+48.78000E-06 -1.36441707502E+00 -8.46658286E-03
+48.79500E-06 -1.21004521956E+00 -2.71783921E-03
+48.81000E-06 +3.42111051177E+00 +14.00577871E-03
+48.82500E-06 -5.37808537542E+00 -21.00929630E-03
+48.84000E-06 +6.27698987730E+00 +27.59371826E-03
+48.85500E-06 -6.38150244922E+00 -27.28065301E-03
+48.87000E-06 +5.42794465946E+00 +26.02587908E-03
+48.88500E-06 -3.75718086863E+00 -18.39623099E-03
+48.90000E-06 +1.49146228911E+00 +9.30226116E-03
+48.91500E-06 +951.16078964E-03 +3.03090446E-03
+48.93000E-06 -3.44843715517E+00 -11.60226122E-03
+48.94500E-06 +5.27357280313E+00 +21.84497461E-03
+48.96000E-06 -6.38150244973E+00 -25.71281383E-03
+48.97500E-06 +6.35417580582E+00 +29.16155744E-03
+48.99000E-06 -5.60964316063E+00 -25.71281383E-03
+49.00500E-06 +3.88422608280E+00 +19.75452236E-03
+49.02000E-06 -1.67316079022E+00 -9.51180898E-03
+49.03500E-06 -824.11557554E-03 -627.38697E-06
+49.05000E-06 +3.18955272540E+00 +12.96055259E-03
+49.06500E-06 -5.30089944660E+00 -20.48668324E-03
+49.08000E-06 +6.35417580612E+00 +27.59371826E-03
+49.09500E-06 -6.61306023568E+00 -27.80326607E-03
+49.11000E-06 +5.73668837473E+00 +27.07110520E-03
+49.12500E-06 -4.06592458390E+00 -19.96407017E-03
+49.14000E-06 +1.80020600445E+00 +10.34748728E-03
+49.15500E-06 +642.41707437E-03 +417.83916E-06
+49.17000E-06 -3.21687936880E+00 -11.07964816E-03
+49.18500E-06 +5.11920094550E+00 +21.32236155E-03
+49.20000E-06 -6.38150244981E+00 -26.23542689E-03
+49.21500E-06 +6.43136173479E+00 +29.16155744E-03
+49.23000E-06 -5.91838687591E+00 -25.71281383E-03
+49.24500E-06 +4.19296979807E+00 +21.32236154E-03
+49.26000E-06 -1.98190450556E+00 -11.60226121E-03
+49.27500E-06 -515.37186028E-03 +417.83915E-06
+49.29000E-06 +2.95799493888E+00 +12.43793953E-03
+49.30500E-06 -5.06934166030E+00 -19.44145712E-03
+49.32000E-06 +6.27698987745E+00 +27.07110520E-03
+49.33500E-06 -6.69024616457E+00 -27.80326607E-03
+49.35000E-06 +5.89106023244E+00 +27.59371826E-03
+49.36500E-06 -4.37466829924E+00 -21.53190935E-03
+49.38000E-06 +2.18613564847E+00 +12.43793952E-03
+49.39500E-06 +333.67335910E-03 -627.38696E-06
+49.41000E-06 -2.90813565361E+00 -8.98919593E-03
+49.42500E-06 +4.88764315920E+00 +21.32236155E-03
+49.44000E-06 -6.30431652107E+00 -25.71281383E-03
+49.45500E-06 +6.50854766369E+00 +29.68417050E-03
+49.47000E-06 -6.07275873362E+00 -26.75803995E-03
+49.48500E-06 +4.50171351341E+00 +23.41281378E-03
+49.50000E-06 -2.36783414965E+00 -13.69271345E-03
+49.51500E-06 -129.44221626E-03 +2.50829139E-03
+49.53000E-06 +2.72643715243E+00 +11.39271341E-03
+49.54500E-06 -4.91496980267E+00 -18.91884406E-03
+49.56000E-06 +6.27698987745E+00 +27.07110520E-03
+49.57500E-06 -6.76743209347E+00 -27.28065301E-03
+49.59000E-06 +6.12261801897E+00 +28.63894438E-03
+49.60500E-06 -4.68341201451E+00 -22.57713547E-03
+49.62000E-06 +2.49487936381E+00 +14.00577870E-03
+49.63500E-06 -52.25628499E-03 -1.67261308E-03
+49.65000E-06 -2.59939193841E+00 -8.98919593E-03
+49.66500E-06 +4.65608537282E+00 +19.75452237E-03
+49.68000E-06 -6.30431652108E+00 -25.19020077E-03
+49.69500E-06 +6.58573359243E+00 +30.20678356E-03
+49.71000E-06 -6.22713059133E+00 -27.80326607E-03
+49.72500E-06 +4.81045722868E+00 +23.93542684E-03
+49.74000E-06 -2.67657786499E+00 -14.73793957E-03
+49.75500E-06 +179.30149908E-03 +3.55351751E-03
+49.77000E-06 +2.34050750841E+00 +9.30226117E-03
+49.78500E-06 -4.68341201629E+00 -17.87361794E-03
+49.80000E-06 +6.12261801997E+00 +27.07110520E-03
+49.81500E-06 -6.76743209346E+00 -28.32587913E-03
+49.83000E-06 +6.27698987676E+00 +29.68417050E-03
+49.84500E-06 -4.99215572979E+00 -23.09974853E-03
+49.86000E-06 +2.80362307916E+00 +15.57361788E-03
+49.87500E-06 -361.00000026E-03 -3.76306532E-03
+49.89000E-06 -2.29064822314E+00 -6.89874369E-03
+49.90500E-06 +4.50171351519E+00 +19.23190931E-03
+49.92000E-06 -6.22713059226E+00 -24.66758772E-03
+49.93500E-06 +6.58573359259E+00 +30.20678356E-03
+49.95000E-06 -6.38150244904E+00 -28.32587913E-03
+49.96500E-06 +5.04201501521E+00 +25.50326602E-03
+49.98000E-06 -3.06250750900E+00 -16.30577875E-03
+49.99500E-06 +565.23114309E-03 +5.64396974E-03
+50.01000E-06 +1.95457786448E+00 +8.25703505E-03
+50.02500E-06 -4.37466830110E+00 -16.82839182E-03
+50.04000E-06 +5.96824616233E+00 +26.02587908E-03
+50.05500E-06 -6.84461802236E+00 -28.32587913E-03
+50.07000E-06 +6.35417580557E+00 +30.20678356E-03
+50.08500E-06 -5.14652758749E+00 -23.62236159E-03
+50.10000E-06 +3.18955272317E+00 +16.61884400E-03
+50.11500E-06 -746.92964435E-03 -5.33090450E-03
+50.13000E-06 -1.90471857906E+00 -5.85351757E-03
+50.14500E-06 +4.19296980000E+00 +18.18668319E-03
+50.16000E-06 -5.99557280588E+00 -24.14497466E-03
+50.17500E-06 +6.58573359259E+00 +29.68417050E-03
+50.19000E-06 -6.53587430660E+00 -28.32587913E-03
+50.20500E-06 +5.27357280166E+00 +26.54849214E-03
+50.22000E-06 -3.37125122427E+00 -17.87361793E-03
+50.23500E-06 +796.78892969E-03 +7.21180892E-03
+50.25000E-06 +1.56864822039E+00 +5.64396976E-03
+50.26500E-06 -4.22029644339E+00 -15.78316570E-03
+50.28000E-06 +5.73668837595E+00 +24.45803990E-03
+50.29500E-06 -6.76743209362E+00 -27.80326607E-03
+50.31000E-06 +6.43136173446E+00 +30.72939662E-03
+50.32500E-06 -5.45527130277E+00 -24.66758771E-03
+50.34000E-06 +3.42111050970E+00 +18.18668318E-03
+50.35500E-06 -1.05567335961E+00 -6.89874368E-03
+50.37000E-06 -1.51878893505E+00 -4.28567839E-03
+50.38500E-06 +3.88422608473E+00 +16.61884401E-03
+50.40000E-06 -5.76401501951E+00 -23.09974854E-03
+50.41500E-06 +6.50854766385E+00 +29.68417050E-03
+50.43000E-06 -6.53587430675E+00 -28.84849219E-03
+50.44500E-06 +5.42794465938E+00 +26.54849214E-03
+50.46000E-06 -3.60280901080E+00 -18.91884405E-03
+50.47500E-06 +1.25990450244E+00 +8.25703504E-03
+50.49000E-06 +1.33709043387E+00 +4.07613058E-03
+50.50500E-06 -3.75718087072E+00 -14.21532652E-03
+50.52000E-06 +5.58231651840E+00 +24.45803990E-03
+50.53500E-06 -6.61306023606E+00 -27.80326607E-03
+50.55000E-06 +6.50854766328E+00 +30.20678356E-03
+50.56500E-06 -5.53245723174E+00 -25.19020077E-03
+50.58000E-06 +3.72985422505E+00 +18.70929624E-03
+50.59500E-06 -1.36441707488E+00 -8.46658286E-03
+50.61000E-06 -1.28723114844E+00 -2.71783921E-03
+50.62500E-06 +3.57548236945E+00 +14.00577871E-03
+50.64000E-06 -5.53245723313E+00 -22.05452242E-03
+50.65500E-06 +6.43136173503E+00 +28.63894438E-03
+50.67000E-06 -6.61306023557E+00 -28.84849219E-03
+50.68500E-06 +5.50513058835E+00 +27.59371826E-03
+50.70000E-06 -3.91155272607E+00 -19.44145711E-03
+50.71500E-06 +1.56864821779E+00 +9.82487422E-03
+50.73000E-06 +873.97486104E-03 +3.03090446E-03
+50.74500E-06 -3.44843715545E+00 -12.64748735E-03
+50.76000E-06 +5.35075873195E+00 +23.41281379E-03
+50.77500E-06 -6.45868837858E+00 -27.28065301E-03
+50.79000E-06 +6.43136173470E+00 +30.20678356E-03
+50.80500E-06 -5.76401501819E+00 -25.71281383E-03
+50.82000E-06 +4.03859794023E+00 +20.27713542E-03
+50.83500E-06 -1.75034671889E+00 -10.03442204E-03
+50.85000E-06 -824.11557561E-03 -1.15000003E-03
+50.86500E-06 +3.18955272544E+00 +12.96055259E-03
+50.88000E-06 -5.37808537550E+00 -20.48668324E-03
+50.89500E-06 +6.27698987747E+00 +28.11633132E-03
+50.91000E-06 -6.61306023564E+00 -27.80326607E-03
+50.92500E-06 +5.73668837472E+00 +28.11633132E-03
+50.94000E-06 -4.06592458386E+00 -20.48668323E-03
+50.95500E-06 +1.80020600432E+00 +11.91532646E-03
+50.97000E-06 +642.41707443E-03 +1.98567834E-03
+50.98500E-06 -3.13969344001E+00 -11.60226123E-03
+51.00000E-06 +4.96482908801E+00 +21.32236155E-03
+51.01500E-06 -6.30431652094E+00 -26.23542689E-03
+51.03000E-06 +6.50854766335E+00 +30.20678356E-03
+51.04500E-06 -5.76401501827E+00 -26.75803995E-03
+51.06000E-06 +4.19296979795E+00 +21.32236154E-03
+51.07500E-06 -2.05909043424E+00 -11.60226121E-03
+51.09000E-06 -438.18593160E-03 +940.45221E-06
+51.10500E-06 +2.80362308144E+00 +11.39271341E-03
+51.12000E-06 -4.99215573149E+00 -19.96407018E-03
+51.13500E-06 +6.12261801984E+00 +27.07110520E-03
+51.15000E-06 -6.53587430690E+00 -27.80326607E-03
+51.16500E-06 +5.81387430362E+00 +27.59371826E-03
+51.18000E-06 -4.29748237031E+00 -21.53190935E-03
+51.19500E-06 +2.10894971958E+00 +12.43793952E-03
+51.21000E-06 +179.30150168E-03 -627.38696E-06
+51.22500E-06 -2.75376379609E+00 -10.55703511E-03
+51.24000E-06 +4.73327130147E+00 +20.27713543E-03
+51.25500E-06 -6.07275873465E+00 -25.19020077E-03
+51.27000E-06 +6.35417580587E+00 +29.68417050E-03
+51.28500E-06 -5.76401501843E+00 -26.23542689E-03
+51.30000E-06 +4.34734165574E+00 +21.84497460E-03
+51.31500E-06 -2.29064822086E+00 -12.64748733E-03
+51.33000E-06 -206.62814507E-03 +1.98567833E-03
+51.34500E-06 +2.57206529490E+00 +9.82487423E-03
+51.36000E-06 -4.68341201621E+00 -18.39623100E-03
+51.37500E-06 +5.89106023346E+00 +26.02587908E-03
+51.39000E-06 -6.38150244943E+00 -26.75803995E-03
+51.40500E-06 +5.81387430369E+00 +28.11633132E-03
+51.42000E-06 -4.45185422794E+00 -22.05452241E-03
+51.43500E-06 +2.41769343485E+00 +13.48316564E-03
+51.45000E-06 -206.62814241E-03 -2.19522614E-03
+51.46500E-06 -2.44502008082E+00 -8.98919593E-03
+51.48000E-06 +4.34734165755E+00 +19.23190931E-03
+51.49500E-06 -5.84120094819E+00 -24.14497466E-03
+51.51000E-06 +6.27698987705E+00 +29.16155744E-03
+51.52500E-06 -5.84120094724E+00 -26.23542689E-03
+51.54000E-06 +4.50171351337E+00 +22.36758766E-03
+51.55500E-06 -2.52220600722E+00 -13.17010039E-03
+51.57000E-06 +179.30149901E-03 +4.07613056E-03
+51.58500E-06 +2.10894972208E+00 +8.25703505E-03
+51.60000E-06 -4.29748237237E+00 -17.35100488E-03
+51.61500E-06 +5.58231651835E+00 +25.50326602E-03
+51.63000E-06 -6.30431652052E+00 -26.75803995E-03
+51.64500E-06 +5.73668837495E+00 +27.59371826E-03
+51.66000E-06 -4.68341201439E+00 -22.57713547E-03
+51.67500E-06 +2.57206529274E+00 +15.05100482E-03
+51.69000E-06 -438.18592894E-03 -3.24045226E-03
+51.70500E-06 -1.98190450800E+00 -6.89874369E-03
+51.72000E-06 +4.03859794227E+00 +18.18668319E-03
+51.73500E-06 -5.60964316173E+00 -23.09974854E-03
+51.75000E-06 +6.04543209076E+00 +28.11633132E-03
+51.76500E-06 -5.84120094723E+00 -26.75803995E-03
+51.78000E-06 +4.57889944218E+00 +22.36758766E-03
+51.79500E-06 -2.83094972257E+00 -14.73793957E-03
+51.81000E-06 +488.04521437E-03 +5.12135669E-03
+51.82500E-06 +1.80020600672E+00 +7.21180894E-03
+51.84000E-06 -3.91155272819E+00 -15.26055264E-03
+51.85500E-06 +5.27357280316E+00 +23.93542684E-03
+51.87000E-06 -6.07275873414E+00 -25.71281383E-03
+51.88500E-06 +5.73668837503E+00 +27.59371826E-03
+51.90000E-06 -4.68341201447E+00 -23.09974853E-03
+51.91500E-06 +2.80362307910E+00 +16.09623094E-03
+51.93000E-06 -746.92964421E-03 -5.33090450E-03
+51.94500E-06 -1.75034672137E+00 -5.33090451E-03
+51.96000E-06 +3.72985422700E+00 +16.61884401E-03
+51.97500E-06 -5.22371351781E+00 -22.05452242E-03
+51.99000E-06 +5.96824616185E+00 +27.59371826E-03
+52.00500E-06 -5.76401501849E+00 -26.23542689E-03
+52.02000E-06 +4.65608537117E+00 +22.36758766E-03
+52.03500E-06 -2.98532158029E+00 -16.30577875E-03
+52.05000E-06 +719.60300082E-03 +5.64396974E-03
+52.06500E-06 +1.41427636272E+00 +5.64396976E-03
+52.08000E-06 -3.60280901292E+00 -13.69271346E-03
+52.09500E-06 +4.96482908788E+00 +22.36758767E-03
+52.11000E-06 -5.91838687649E+00 -24.66758771E-03
+52.12500E-06 +5.65950244629E+00 +27.07110520E-03
+52.14000E-06 -4.68341201463E+00 -22.57713547E-03
+52.15500E-06 +3.03518086555E+00 +16.61884400E-03
+52.17000E-06 -901.30150201E-03 -6.89874368E-03
+52.18500E-06 -1.28723114846E+00 -4.28567839E-03
+52.20000E-06 +3.34392458291E+00 +14.52839177E-03
+52.21500E-06 -4.99215573136E+00 -21.00929630E-03
+52.23000E-06 +5.73668837547E+00 +26.02587908E-03
+52.24500E-06 -5.68682908967E+00 -25.71281383E-03
+52.26000E-06 +4.65608537116E+00 +22.89020072E-03
+52.27500E-06 -3.21687936674E+00 -15.78316569E-03
+52.29000E-06 +1.10553264491E+00 +6.68919587E-03
+52.30500E-06 +1.02834671863E+00 +4.07613058E-03
+52.32000E-06 -3.21687936892E+00 -12.12487428E-03
+52.33500E-06 +4.65608537270E+00 +20.79974849E-03
+52.35000E-06 -5.60964316148E+00 -24.14497465E-03
+52.36500E-06 +5.50513058864E+00 +27.07110520E-03
+52.38000E-06 -4.76059794353E+00 -22.05452241E-03
+52.39500E-06 +3.18955272327E+00 +17.66407012E-03
+52.41000E-06 -1.28723114601E+00 -6.37613062E-03
+52.42500E-06 -978.48743328E-03 -2.19522615E-03
+52.44000E-06 +2.88080901008E+00 +12.96055259E-03
+52.45500E-06 -4.60622608726E+00 -18.91884406E-03
+52.47000E-06 +5.50513058910E+00 +24.98065296E-03
+52.48500E-06 -5.45527130347E+00 -24.66758771E-03
+52.50000E-06 +4.65608537133E+00 +22.36758766E-03
+52.51500E-06 -3.29406529564E+00 -16.82839181E-03
+52.53000E-06 +1.18271857399E+00 +8.25703504E-03
+52.54500E-06 +796.78893209E-03 +2.50829140E-03
+52.56000E-06 -2.90813565355E+00 -10.55703511E-03
+52.57500E-06 +4.34734165733E+00 +19.23190931E-03
+52.59000E-06 -5.30089944629E+00 -22.57713548E-03
+52.60500E-06 +5.35075873118E+00 +25.50326602E-03
+52.62000E-06 -4.76059794352E+00 -22.57713547E-03
+52.63500E-06 +3.26673865226E+00 +17.66407012E-03
+52.65000E-06 -1.44160300382E+00 -8.46658286E-03
+52.66500E-06 -669.74371792E-03 -104.77391E-06
+52.68000E-06 +2.64925122354E+00 +11.91532647E-03
+52.69500E-06 -4.37466830071E+00 -17.35100488E-03
+52.71000E-06 +5.11920094509E+00 +23.41281378E-03
+52.72500E-06 -5.37808537465E+00 -23.62236159E-03
+52.74000E-06 +4.65608537141E+00 +22.89020072E-03
+52.75500E-06 -3.37125122445E+00 -16.30577875E-03
+52.77000E-06 +1.49146228917E+00 +8.77964810E-03
+52.78500E-06 +488.04521673E-03 +417.83916E-06
+52.80000E-06 -2.52220600946E+00 -9.51180899E-03
+52.81500E-06 +4.03859794205E+00 +18.18668319E-03
+52.83000E-06 -5.06934165973E+00 -21.53190936E-03
+52.84500E-06 +5.19638687354E+00 +24.45803990E-03
+52.86000E-06 -4.68341201478E+00 -22.05452241E-03
+52.87500E-06 +3.34392458107E+00 +18.18668318E-03
+52.89000E-06 -1.67316079028E+00 -8.98919592E-03
+52.90500E-06 -438.18593128E-03 +417.83915E-06
+52.92000E-06 +2.26332157944E+00 +9.82487423E-03
+52.93500E-06 -3.98873865670E+00 -16.30577876E-03
+52.95000E-06 +4.88764315862E+00 +22.36758766E-03
+52.96500E-06 -5.22371351700E+00 -22.05452242E-03
+52.98000E-06 +4.50171351386E+00 +22.36758766E-03
+52.99500E-06 -3.44843715345E+00 -16.82839181E-03
+53.01000E-06 +1.72302007562E+00 +10.34748728E-03
+53.02500E-06 +102.11557273E-03 -627.38696E-06
+53.04000E-06 -2.13627636536E+00 -7.94396981E-03
+53.05500E-06 +3.65266829805E+00 +16.09623095E-03
+53.07000E-06 -4.76059794454E+00 -19.96407018E-03
+53.08500E-06 +5.04201501589E+00 +24.45803990E-03
+53.10000E-06 -4.60622608614E+00 -21.00929629E-03
+53.11500E-06 +3.42111050988E+00 +18.18668318E-03
+53.13000E-06 -1.82753264800E+00 -8.98919592E-03
+53.14500E-06 -129.44221601E-03 +940.45221E-06
+53.16000E-06 +1.87739193544E+00 +7.73442200E-03
+53.17500E-06 -3.60280901270E+00 -14.73793958E-03
+53.19000E-06 +4.57889944344E+00 +20.27713543E-03
+53.20500E-06 -4.91496980181E+00 -22.05452242E-03
+53.22000E-06 +4.50171351376E+00 +20.79974848E-03
+53.23500E-06 -3.44843715343E+00 -16.30577875E-03
+53.25000E-06 +1.80020600462E+00 +10.34748728E-03
+53.26500E-06 -52.25628509E-03 -1.67261308E-03
+53.28000E-06 -1.82753265009E+00 -6.37613063E-03
+53.29500E-06 +3.26673865395E+00 +14.52839177E-03
+53.31000E-06 -4.52904015808E+00 -18.39623100E-03
+53.32500E-06 +4.81045722942E+00 +22.36758766E-03
+53.34000E-06 -4.52904015731E+00 -20.48668323E-03
+53.35500E-06 +3.42111050996E+00 +17.66407012E-03
+53.37000E-06 -2.05909043445E+00 -11.07964816E-03
+53.38500E-06 +179.30149917E-03 +2.50829139E-03
+53.40000E-06 +1.64583414880E+00 +6.68919587E-03
+53.41500E-06 -3.29406529723E+00 -13.69271346E-03
+53.43000E-06 +4.27015572815E+00 +19.75452236E-03
+53.44500E-06 -4.68341201544E+00 -20.48668324E-03
+53.46000E-06 +4.34734165630E+00 +21.32236154E-03
+53.47500E-06 -3.44843715352E+00 -16.82839181E-03
+53.49000E-06 +1.95457786225E+00 +10.87010034E-03
+53.50500E-06 -283.81407164E-03 -2.71783920E-03
+53.52000E-06 -1.51878893472E+00 -4.80829145E-03
+53.53500E-06 +2.95799493867E+00 +12.96055259E-03
+53.55000E-06 -4.22029644280E+00 -17.87361794E-03
+53.56500E-06 +4.50171351433E+00 +21.32236154E-03
+53.58000E-06 -4.29748237094E+00 -20.48668323E-03
+53.59500E-06 +3.42111051005E+00 +17.66407012E-03
+53.61000E-06 -2.05909043463E+00 -11.07964816E-03
+53.62500E-06 +410.85928571E-03 +3.55351751E-03
+53.64000E-06 +1.25990450480E+00 +5.64396975E-03
+53.65500E-06 -2.90813565332E+00 -11.60226122E-03
+53.67000E-06 +3.88422608424E+00 +18.18668319E-03
+53.68500E-06 -4.52904015779E+00 -19.96407018E-03
+53.70000E-06 +4.19296979855E+00 +19.75452236E-03
+53.71500E-06 -3.44843715351E+00 -16.30577876E-03
+53.73000E-06 +2.10894971988E+00 +10.87010034E-03
+53.74500E-06 -515.37185809E-03 -3.76306532E-03
+53.76000E-06 -1.21004521945E+00 -4.28567839E-03
+53.77500E-06 +2.57206529467E+00 +11.39271341E-03
+53.79000E-06 -3.83436679879E+00 -16.30577876E-03
+53.80500E-06 +4.27015572786E+00 +19.75452236E-03
+53.82000E-06 -4.14311051339E+00 -19.44145711E-03
+53.83500E-06 +3.42111051004E+00 +17.14145706E-03
+53.85000E-06 -2.21346229216E+00 -11.60226122E-03
+53.86500E-06 +642.41707217E-03 +4.07613057E-03
+53.88000E-06 +1.02834671824E+00 +3.55351752E-03
+53.89500E-06 -2.52220600923E+00 -10.55703510E-03
+53.91000E-06 +3.49829644014E+00 +16.09623095E-03
+53.92500E-06 -4.22029644251E+00 -18.39623100E-03
+53.94000E-06 +4.03859794100E+00 +19.23190930E-03
+53.95500E-06 -3.37125122488E+00 -16.30577875E-03
+53.97000E-06 +2.10894971997E+00 +11.39271340E-03
+53.98500E-06 -824.11557327E-03 -4.80829144E-03
+54.00000E-06 -901.30150427E-03 -2.71783921E-03
+54.01500E-06 +2.26332157930E+00 +10.34748729E-03
+54.03000E-06 -3.52562308351E+00 -15.26055264E-03
+54.04500E-06 +3.88422608385E+00 +18.18668319E-03
+54.06000E-06 -4.06592458447E+00 -18.39623100E-03
+54.07500E-06 +3.26673865258E+00 +16.61884400E-03
+54.09000E-06 -2.21346229225E+00 -11.07964816E-03
+54.10500E-06 +719.60300117E-03 +4.59874363E-03
+54.12000E-06 +719.60300297E-03 +2.50829140E-03
+54.13500E-06 -2.29064822267E+00 -8.98919592E-03
+54.15000E-06 +3.18955272496E+00 +14.52839177E-03
+54.16500E-06 -3.91155272732E+00 -17.35100488E-03
+54.18000E-06 +3.80704015473E+00 +17.66407012E-03
+54.19500E-06 -3.29406529605E+00 -15.78316570E-03
+54.21000E-06 +2.10894972006E+00 +11.91532646E-03
+54.22500E-06 -901.30150218E-03 -5.33090450E-03
+54.24000E-06 -669.74371762E-03 -1.67261309E-03
+54.25500E-06 +1.95457786402E+00 +8.77964811E-03
+54.27000E-06 -3.21687936823E+00 -13.69271346E-03
+54.28500E-06 +3.65266829739E+00 +17.14145707E-03
+54.30000E-06 -3.83436679810E+00 -16.82839182E-03
+54.31500E-06 +3.18955272376E+00 +15.57361788E-03
+54.33000E-06 -2.29064822116E+00 -11.60226122E-03
+54.34500E-06 +873.97485891E-03 +5.12135669E-03
+54.36000E-06 +488.04521642E-03 +1.46306528E-03
+54.37500E-06 -1.98190450739E+00 -7.94396981E-03
+54.39000E-06 +2.95799493830E+00 +12.96055259E-03
+54.40500E-06 -3.67999494076E+00 -16.30577876E-03
+54.42000E-06 +3.57548236837E+00 +17.14145706E-03
+54.43500E-06 -3.13969343860E+00 -15.26055264E-03
+54.45000E-06 +2.18613564897E+00 +10.87010035E-03
+54.46500E-06 -1.05567335991E+00 -6.37613062E-03
+54.48000E-06 -438.18593117E-03 -1.67261309E-03
+54.49500E-06 +1.72302007756E+00 +6.68919587E-03
+54.51000E-06 -2.90813565295E+00 -12.12487428E-03
+54.52500E-06 +3.42111051093E+00 +15.57361789E-03
+54.54000E-06 -3.60280901173E+00 -16.82839182E-03
+54.55500E-06 +3.03518086631E+00 +15.57361788E-03
+54.57000E-06 -2.29064822115E+00 -11.60226122E-03
+54.58500E-06 +1.02834671644E+00 +6.16658281E-03
+54.60000E-06 +333.67335878E-03 +940.45222E-06
+54.61500E-06 -1.67316079211E+00 -6.37613063E-03
+54.63000E-06 +2.64925122312E+00 +11.91532647E-03
+54.64500E-06 -3.29406529685E+00 -14.73793958E-03
+54.66000E-06 +3.42111051062E+00 +16.09623095E-03
+54.67500E-06 -3.06250750977E+00 -14.21532652E-03
+54.69000E-06 +2.26332157778E+00 +10.87010034E-03
+54.70500E-06 -1.13285928893E+00 -6.37613062E-03
+54.72000E-06 -283.81407343E-03 -104.77391E-06
+54.73500E-06 +1.41427636219E+00 +6.16658281E-03
+54.75000E-06 -2.52220600895E+00 -10.55703510E-03
+54.76500E-06 +3.11236679575E+00 +15.05100483E-03
+54.78000E-06 -3.37125122537E+00 -15.78316570E-03
+54.79500E-06 +2.95799493748E+00 +15.05100482E-03
+54.81000E-06 -2.21346229253E+00 -11.07964816E-03
+54.82500E-06 +1.10553264546E+00 +6.16658281E-03
+54.84000E-06 +24.92964351E-03 -1.15000002E-03
+54.85500E-06 -1.36441707684E+00 -5.85351757E-03
+54.87000E-06 +2.34050750774E+00 +9.82487423E-03
+54.88500E-06 -2.98532158168E+00 -13.69271346E-03
+54.90000E-06 +3.18955272426E+00 +14.52839177E-03
+54.91500E-06 -2.90813565223E+00 -14.21532652E-03
+54.93000E-06 +2.18613564906E+00 +10.87010035E-03
+54.94500E-06 -1.21004521774E+00 -6.37613062E-03
+54.96000E-06 -52.25628698E-03 +417.83915E-06
+54.97500E-06 +1.18271857573E+00 +4.59874364E-03
+54.99000E-06 -2.29064822249E+00 -8.98919592E-03
+55.00500E-06 +2.80362308046E+00 +12.96055259E-03
+55.02000E-06 -3.13969343890E+00 -14.21532652E-03
+55.03500E-06 +2.80362307994E+00 +14.52839176E-03
+55.05000E-06 -2.13627636380E+00 -11.07964816E-03
+55.06500E-06 +1.10553264555E+00 +6.16658281E-03
+55.08000E-06 -52.25628541E-03 -1.15000002E-03
+55.09500E-06 -1.21004521899E+00 -4.80829145E-03
+55.11000E-06 +2.03176379256E+00 +8.77964811E-03
+55.12500E-06 -2.75376379521E+00 -12.12487428E-03
+55.14000E-06 +2.88080900908E+00 +14.00577871E-03
+55.15500E-06 -2.83094972341E+00 -13.17010040E-03
+55.17000E-06 +2.10894972033E+00 +10.87010035E-03
+55.18500E-06 -1.21004521784E+00 -6.89874368E-03
+55.20000E-06 +102.11557076E-03 +1.46306527E-03
+55.21500E-06 +951.16078928E-03 +4.07613058E-03
+55.23000E-06 -1.98190450711E+00 -8.46658286E-03
+55.24500E-06 +2.57206529411E+00 +11.39271341E-03
+55.26000E-06 -2.90813565254E+00 -13.69271346E-03
+55.27500E-06 +2.64925122229E+00 +12.96055259E-03
+55.29000E-06 -2.13627636380E+00 -10.55703510E-03
+55.30500E-06 +1.25990450319E+00 +6.16658281E-03
+55.32000E-06 -206.62814315E-03 -1.67261308E-03
+55.33500E-06 -978.48743264E-03 -3.24045227E-03
+55.35000E-06 +1.72302007739E+00 +7.21180893E-03
+55.36500E-06 -2.44502007993E+00 -10.55703510E-03
+55.38000E-06 +2.72643715133E+00 +12.96055259E-03
+55.39500E-06 -2.59939193704E+00 -12.64748734E-03
+55.41000E-06 +1.95457786279E+00 +9.82487423E-03
+55.42500E-06 -1.28723114665E+00 -6.89874368E-03
+55.44000E-06 +256.48742829E-03 +1.98567833E-03
+55.45500E-06 +719.60300271E-03 +3.03090445E-03
+55.47000E-06 -1.75034672065E+00 -6.89874369E-03
+55.48500E-06 +2.34050750754E+00 +10.87010035E-03
+55.50000E-06 -2.67657786608E+00 -12.64748734E-03
+55.51500E-06 +2.49487936465E+00 +11.91532647E-03
+55.53000E-06 -2.05909043497E+00 -10.55703510E-03
+55.54500E-06 +1.25990450318E+00 +6.16658281E-03
+55.56000E-06 -283.81407197E-03 -2.19522614E-03
+55.57500E-06 -746.92964607E-03 -2.71783921E-03
+55.59000E-06 +1.49146229082E+00 +6.68919587E-03
+55.60500E-06 -2.29064822218E+00 -10.55703510E-03
+55.62000E-06 +2.49487936497E+00 +10.87010035E-03
+55.63500E-06 -2.44502007940E+00 -11.60226122E-03
+55.65000E-06 +1.95457786268E+00 +9.82487423E-03
+55.66500E-06 -1.28723114675E+00 -6.89874368E-03
+55.68000E-06 +333.67335732E-03 +1.98567833E-03
+55.69500E-06 +488.04521636E-03 +1.98567834E-03
+55.71000E-06 -1.51878893429E+00 -6.37613063E-03
+55.72500E-06 +2.03176379236E+00 +9.30226117E-03
+55.74000E-06 -2.44502007961E+00 -11.07964816E-03
+55.75500E-06 +2.34050750711E+00 +11.39271341E-03
+55.77000E-06 -1.98190450614E+00 -9.51180898E-03
+55.78500E-06 +1.25990450317E+00 +6.16658281E-03
+55.80000E-06 -438.18592971E-03 -2.71783920E-03
+55.81500E-06 -592.55778844E-03 -2.19522615E-03
+55.83000E-06 +1.25990450436E+00 +5.64396975E-03
+55.84500E-06 -2.05909043561E+00 -8.98919592E-03
+55.86000E-06 +2.26332157861E+00 +9.82487423E-03
+55.87500E-06 -2.29064822186E+00 -11.07964816E-03
+55.89000E-06 +1.80020600525E+00 +9.82487423E-03
+55.90500E-06 -1.28723114674E+00 -6.37613062E-03
+55.92000E-06 +410.85928613E-03 +2.50829139E-03
+55.93500E-06 +333.67335851E-03 +940.45222E-06
+55.95000E-06 -1.28723114773E+00 -5.33090451E-03
+55.96500E-06 +1.80020600590E+00 +8.25703505E-03
+55.98000E-06 -2.21346229315E+00 -11.07964816E-03
+55.99500E-06 +2.18613564946E+00 +10.34748729E-03
+56.01000E-06 -1.82753264871E+00 -9.51180898E-03
+56.02500E-06 +1.25990450327E+00 +6.16658281E-03
+56.04000E-06 -438.18592981E-03 -2.71783920E-03
+56.05500E-06 -515.37185940E-03 -1.15000003E-03
+56.07000E-06 +1.10553264662E+00 +4.59874363E-03
+56.08500E-06 -1.75034672055E+00 -7.94396980E-03
+56.10000E-06 +2.03176379215E+00 +9.30226117E-03
+56.11500E-06 -2.13627636422E+00 -9.51180898E-03
+56.13000E-06 +1.80020600513E+00 +8.77964811E-03
+56.14500E-06 -1.28723114674E+00 -6.37613062E-03
+56.16000E-06 +410.85928634E-03 +3.03090445E-03
+56.17500E-06 +256.48742969E-03 +417.83916E-06
+56.19000E-06 -1.05567336127E+00 -4.28567839E-03
+56.20500E-06 +1.56864821944E+00 +6.68919587E-03
+56.22000E-06 -2.05909043550E+00 -9.51180898E-03
+56.23500E-06 +1.95457786311E+00 +9.82487423E-03
+56.25000E-06 -1.75034671989E+00 -8.46658286E-03
+56.26500E-06 +1.18271857456E+00 +5.64396975E-03
+56.28000E-06 -438.18593003E-03 -3.24045226E-03
+56.29500E-06 -283.81407305E-03 -627.38697E-06
+56.31000E-06 +873.97486016E-03 +4.07613057E-03
+56.32500E-06 -1.59597486291E+00 -6.89874368E-03
+56.34000E-06 +1.87739193439E+00 +7.73442199E-03
+56.35500E-06 -1.90471857797E+00 -8.98919592E-03
+56.37000E-06 +1.64583414771E+00 +8.25703505E-03
+56.38500E-06 -1.21004521802E+00 -6.37613062E-03
+56.40000E-06 +565.23114387E-03 +3.03090445E-03
+56.41500E-06 +102.11557194E-03 -104.77390E-06
+56.43000E-06 -901.30150352E-03 -4.28567839E-03
+56.44500E-06 +1.33709043298E+00 +6.16658281E-03
+56.46000E-06 -1.82753264915E+00 -8.46658286E-03
+56.47500E-06 +1.80020600546E+00 +8.77964811E-03
+56.49000E-06 -1.67316079106E+00 -8.46658286E-03
+56.50500E-06 +1.10553264584E+00 +5.64396975E-03
+56.52000E-06 -592.55778756E-03 -3.76306532E-03
+56.53500E-06 -129.44221553E-03 -627.38697E-06
+56.55000E-06 +719.60300241E-03 +2.50829139E-03
+56.56500E-06 -1.36441707634E+00 -6.37613063E-03
+56.58000E-06 +1.56864821933E+00 +6.68919587E-03
+56.59500E-06 -1.75034672022E+00 -8.46658286E-03
+56.61000E-06 +1.49146229017E+00 +7.73442199E-03
+56.62500E-06 -1.21004521813E+00 -6.37613062E-03
+56.64000E-06 +565.23114387E-03 +3.03090445E-03
+56.65500E-06 -52.25628569E-03 -627.38696E-06
+56.67000E-06 -746.92964588E-03 -2.71783921E-03
+56.68500E-06 +1.18271857534E+00 +5.64396975E-03
+56.70000E-06 -1.59597486280E+00 -7.94396980E-03
+56.71500E-06 +1.64583414782E+00 +8.25703505E-03
+56.73000E-06 -1.51878893353E+00 -7.42135674E-03
+56.74500E-06 +1.10553264584E+00 +5.64396975E-03
+56.76000E-06 -669.74371638E-03 -3.24045226E-03
+56.77500E-06 -52.25628660E-03 -104.77391E-06
+56.79000E-06 +565.23114488E-03 +1.98567834E-03
+56.80500E-06 -1.21004521869E+00 -5.33090451E-03
+56.82000E-06 +1.41427636169E+00 +6.16658281E-03
+56.83500E-06 -1.59597486258E+00 -7.42135674E-03
+56.85000E-06 +1.41427636135E+00 +6.68919587E-03
+56.86500E-06 -1.13285928930E+00 -6.37613062E-03
+56.88000E-06 +565.23114397E-03 +3.03090445E-03
+56.89500E-06 -52.25628580E-03 -1.15000002E-03
+56.91000E-06 -592.55778835E-03 -2.19522615E-03
+56.92500E-06 +1.02834671770E+00 +4.07613057E-03
+56.94000E-06 -1.44160300505E+00 -6.89874368E-03
+56.95500E-06 +1.49146229017E+00 +7.21180893E-03
+56.97000E-06 -1.44160300470E+00 -6.89874368E-03
+56.98500E-06 +1.02834671713E+00 +5.12135669E-03
+57.00000E-06 -669.74371649E-03 -3.24045226E-03
+57.01500E-06 -52.25628649E-03 -104.77391E-06
+57.03000E-06 +488.04521584E-03 +1.46306528E-03
+57.04500E-06 -1.05567336105E+00 -4.28567839E-03
+57.06000E-06 +1.25990450405E+00 +5.12135669E-03
+57.07500E-06 -1.44160300493E+00 -6.89874368E-03
+57.09000E-06 +1.25990450382E+00 +6.16658281E-03
+57.10500E-06 -1.05567336059E+00 -5.33090450E-03
+57.12000E-06 +565.23114408E-03 +3.03090445E-03
+57.13500E-06 -129.44221462E-03 -1.15000002E-03
+57.15000E-06 -515.37185930E-03 -1.15000003E-03
+57.16500E-06 +873.97485995E-03 +4.07613057E-03
+57.18000E-06 -1.28723114729E+00 -5.85351756E-03
+57.19500E-06 +1.33709043264E+00 +6.16658281E-03
+57.21000E-06 -1.28723114717E+00 -5.85351756E-03
+57.22500E-06 +1.02834671701E+00 +4.59874363E-03
+57.24000E-06 -669.74371637E-03 -3.76306532E-03
+57.25500E-06 +24.92964245E-03 +417.83915E-06
+57.27000E-06 +333.67335831E-03 +1.46306527E-03
+57.28500E-06 -824.11557459E-03 -3.76306533E-03
+57.30000E-06 +1.10553264641E+00 +5.12135669E-03
+57.31500E-06 -1.28723114729E+00 -5.85351756E-03
+57.33000E-06 +1.18271857488E+00 +5.64396975E-03
+57.34500E-06 -978.48743177E-03 -4.80829144E-03
+57.36000E-06 +565.23114408E-03 +3.03090445E-03
+57.37500E-06 -206.62814344E-03 -1.15000002E-03
+57.39000E-06 -361.00000178E-03 -1.67261309E-03
+57.40500E-06 +719.60300242E-03 +3.03090445E-03
+57.42000E-06 -1.13285928976E+00 -5.85351756E-03
+57.43500E-06 +1.18271857500E+00 +5.12135669E-03
+57.45000E-06 -1.13285928965E+00 -5.85351756E-03
+57.46500E-06 +873.97485971E-03 +4.59874363E-03
+57.48000E-06 -669.74371648E-03 -3.76306532E-03
+57.49500E-06 +102.11557126E-03 +940.45221E-06
+57.51000E-06 +256.48742949E-03 +940.45221E-06
+57.52500E-06 -746.92964577E-03 -2.71783921E-03
+57.54000E-06 +951.16078865E-03 +4.07613057E-03
+57.55500E-06 -1.13285928976E+00 -5.85351756E-03
+57.57000E-06 +1.10553264606E+00 +5.64396975E-03
+57.58500E-06 -978.48743165E-03 -4.80829144E-03
+57.60000E-06 +488.04521549E-03 +3.03090445E-03
+57.61500E-06 -283.81407214E-03 -1.67261308E-03
+57.63000E-06 -283.81407284E-03 -1.15000003E-03
+57.64500E-06 +642.41707337E-03 +1.46306527E-03
+57.66000E-06 -901.30150330E-03 -4.80829144E-03
+57.67500E-06 +1.02834671724E+00 +5.12135669E-03
+57.69000E-06 -1.05567336082E+00 -5.33090450E-03
+57.70500E-06 +796.78893078E-03 +4.07613057E-03
+57.72000E-06 -592.55778778E-03 -2.71783920E-03
+57.73500E-06 +179.30150008E-03 +940.45221E-06
+57.75000E-06 +179.30150044E-03 +940.45221E-06
+57.76500E-06 -592.55778813E-03 -3.24045227E-03
+57.78000E-06 +796.78893101E-03 +3.55351751E-03
+57.79500E-06 -978.48743212E-03 -5.33090450E-03
+57.81000E-06 +951.16078842E-03 +4.59874363E-03
+57.82500E-06 -978.48743165E-03 -5.33090450E-03
+57.84000E-06 +565.23114407E-03 +3.03090445E-03
+57.85500E-06 -283.81407225E-03 -1.67261308E-03
+57.87000E-06 -283.81407273E-03 -1.15000003E-03
+57.88500E-06 +488.04521584E-03 +1.98567833E-03
+57.90000E-06 -824.11557448E-03 -4.28567838E-03
+57.91500E-06 +951.16078854E-03 +4.07613057E-03
+57.93000E-06 -978.48743188E-03 -4.80829144E-03
+57.94500E-06 +796.78893077E-03 +3.55351751E-03
+57.96000E-06 -592.55778778E-03 -2.71783920E-03
+57.97500E-06 +179.30150008E-03 +940.45221E-06
+57.99000E-06 +24.92964304E-03 -104.77390E-06
+58.00500E-06 -515.37185931E-03 -2.19522615E-03
+58.02000E-06 +719.60300219E-03 +2.50829139E-03
+58.03500E-06 -901.30150318E-03 -4.28567838E-03
+58.05000E-06 +873.97485959E-03 +4.07613057E-03
+58.06500E-06 -746.92964554E-03 -4.28567838E-03
+58.08000E-06 +488.04521537E-03 +2.50829139E-03
+58.09500E-06 -283.81407237E-03 -2.19522614E-03
+58.11000E-06 -129.44221521E-03 -104.77391E-06
+58.12500E-06 +333.67335820E-03 +1.46306527E-03
+58.14000E-06 -669.74371684E-03 -3.76306532E-03
+58.15500E-06 +796.78893089E-03 +3.55351751E-03
+58.17000E-06 -824.11557436E-03 -4.28567838E-03
+58.18500E-06 +719.60300195E-03 +3.03090445E-03
+58.20000E-06 -592.55778777E-03 -2.71783920E-03
+58.21500E-06 +179.30150008E-03 +940.45221E-06
+58.23000E-06 +24.92964292E-03 -104.77390E-06
+58.24500E-06 -361.00000167E-03 -1.67261309E-03
+58.26000E-06 +565.23114467E-03 +2.50829139E-03
+58.27500E-06 -746.92964566E-03 -3.24045227E-03
+58.29000E-06 +796.78893077E-03 +3.55351751E-03
+58.30500E-06 -746.92964542E-03 -3.76306532E-03
+58.32000E-06 +410.85928666E-03 +2.50829139E-03
+58.33500E-06 -361.00000107E-03 -1.15000002E-03
+58.35000E-06 -52.25628639E-03 -104.77391E-06
+58.36500E-06 +256.48742951E-03 +940.45221E-06
+58.38000E-06 -592.55778814E-03 -2.71783921E-03
+58.39500E-06 +642.41707325E-03 +3.03090445E-03
+58.41000E-06 -746.92964554E-03 -3.24045227E-03
+58.42500E-06 +642.41707301E-03 +3.03090445E-03
+58.44000E-06 -515.37185907E-03 -2.71783920E-03
+58.45500E-06 +179.30150020E-03 +1.46306527E-03
+58.47000E-06 +24.92964292E-03 -104.77391E-06
+58.48500E-06 -283.81407285E-03 -1.67261309E-03
+58.50000E-06 +565.23114455E-03 +1.98567833E-03
+58.51500E-06 -669.74371684E-03 -3.24045226E-03
+58.53000E-06 +642.41707325E-03 +3.03090445E-03
+58.54500E-06 -669.74371659E-03 -3.76306532E-03
+58.56000E-06 +488.04521536E-03 +1.98567833E-03
+58.57500E-06 -283.81407249E-03 -1.67261309E-03
+58.59000E-06 -52.25628639E-03 -104.77391E-06
+58.60500E-06 +256.48742926E-03 +417.83915E-06
+58.62000E-06 -515.37185907E-03 -2.71783920E-03
+58.63500E-06 +565.23114455E-03 +3.03090445E-03
+58.65000E-06 -746.92964542E-03 -3.24045226E-03
+58.66500E-06 +488.04521561E-03 +3.55351751E-03
+58.68000E-06 -438.18593025E-03 -2.19522614E-03
+58.69500E-06 +179.30150020E-03 +940.45221E-06
+58.71000E-06 +24.92964268E-03 -104.77391E-06
+58.72500E-06 -283.81407273E-03 -1.15000003E-03
+58.74000E-06 +410.85928691E-03 +940.45222E-06
+58.75500E-06 -592.55778814E-03 -2.71783921E-03
+58.77000E-06 +565.23114443E-03 +3.55351751E-03
+58.78500E-06 -592.55778790E-03 -3.24045226E-03
+58.80000E-06 +410.85928666E-03 +1.98567833E-03
+58.81500E-06 -283.81407249E-03 -1.67261308E-03
+58.83000E-06 +24.92964255E-03 +417.83915E-06
+58.84500E-06 +179.30150044E-03 +417.83915E-06
+58.86000E-06 -438.18593038E-03 -2.71783920E-03
+58.87500E-06 +488.04521573E-03 +1.98567833E-03
+58.89000E-06 -669.74371659E-03 -3.24045227E-03
+58.90500E-06 +488.04521548E-03 +1.98567833E-03
+58.92000E-06 -438.18593025E-03 -2.71783920E-03
+58.93500E-06 +179.30150020E-03 +417.83915E-06
+58.95000E-06 -52.25628590E-03 -627.38696E-06
+58.96500E-06 -283.81407273E-03 -1.15000003E-03
+58.98000E-06 +333.67335809E-03 +940.45221E-06
+58.99500E-06 -438.18593038E-03 -2.71783920E-03
+59.01000E-06 +488.04521561E-03 +1.98567833E-03
+59.02500E-06 -592.55778777E-03 -3.24045226E-03
+59.04000E-06 +333.67335784E-03 +1.98567833E-03
+59.05500E-06 -283.81407248E-03 -1.67261308E-03
+59.07000E-06 +24.92964255E-03 +417.83915E-06
+59.08500E-06 +102.11557175E-03 -104.77391E-06
+59.10000E-06 -361.00000156E-03 -2.19522615E-03
+59.11500E-06 +410.85928679E-03 +1.98567833E-03
+59.13000E-06 -515.37185907E-03 -2.19522615E-03
+59.14500E-06 +410.85928666E-03 +2.50829139E-03
+59.16000E-06 -438.18593013E-03 -2.71783920E-03
+59.17500E-06 +179.30150019E-03 +940.45221E-06
+59.19000E-06 -52.25628614E-03 -1.15000002E-03
+59.20500E-06 -129.44221522E-03 -627.38697E-06
+59.22000E-06 +256.48742927E-03 +417.83916E-06
+59.23500E-06 -438.18593038E-03 -2.71783920E-03
+59.25000E-06 +488.04521561E-03 +1.98567833E-03
+59.26500E-06 -515.37185895E-03 -3.24045226E-03
+59.28000E-06 +333.67335784E-03 +1.46306527E-03
+59.29500E-06 -283.81407248E-03 -1.67261309E-03
+59.31000E-06 +24.92964255E-03 +417.83915E-06
+59.32500E-06 +102.11557163E-03 -104.77391E-06
+59.34000E-06 -283.81407274E-03 -1.67261309E-03
+59.35500E-06 +333.67335796E-03 +1.46306527E-03
+59.37000E-06 -515.37185907E-03 -2.19522614E-03
+59.38500E-06 +333.67335796E-03 +1.98567833E-03
+59.40000E-06 -361.00000143E-03 -1.67261309E-03
+59.41500E-06 +179.30150019E-03 +940.45221E-06
+59.43000E-06 -129.44221484E-03 +417.83915E-06
+59.44500E-06 -129.44221509E-03 -627.38697E-06
+59.46000E-06 +256.48742927E-03 +940.45221E-06
+59.47500E-06 -361.00000143E-03 -1.67261309E-03
+59.49000E-06 +333.67335796E-03 +1.46306527E-03
+59.50500E-06 -438.18593012E-03 -2.71783920E-03
+59.52000E-06 +256.48742914E-03 +417.83915E-06
+59.53500E-06 -283.81407248E-03 -1.15000002E-03
+59.55000E-06 +24.92964255E-03 -104.77391E-06
+59.56500E-06 +24.92964280E-03 -104.77391E-06
+59.58000E-06 -206.62814391E-03 -2.19522614E-03
+59.59500E-06 +333.67335796E-03 +1.46306527E-03
+59.61000E-06 -438.18593025E-03 -2.19522614E-03
+59.62500E-06 +333.67335796E-03 +1.46306527E-03
+59.64000E-06 -361.00000130E-03 -1.15000003E-03
+59.65500E-06 +179.30150019E-03 +417.83915E-06
+59.67000E-06 -52.25628614E-03 -627.38697E-06
+59.68500E-06 -206.62814366E-03 +417.83915E-06
+59.70000E-06 +102.11557163E-03 +417.83915E-06
+59.71500E-06 -361.00000143E-03 -627.38697E-06
+59.73000E-06 +333.67335796E-03 +1.98567833E-03
+59.74500E-06 -438.18593012E-03 -2.19522614E-03
+59.76000E-06 +256.48742901E-03 +1.46306527E-03
+59.77500E-06 -283.81407248E-03 -1.67261309E-03
+59.79000E-06 +24.92964255E-03 +417.83915E-06
+59.80500E-06 +24.92964281E-03 -104.77391E-06
+59.82000E-06 -206.62814392E-03 -1.15000003E-03
+59.83500E-06 +179.30150045E-03 +940.45221E-06
+59.85000E-06 -361.00000143E-03 -2.71783920E-03
+59.86500E-06 +256.48742914E-03 +1.46306527E-03
+59.88000E-06 -283.81407261E-03 -1.67261309E-03
+59.89500E-06 +102.11557150E-03 +417.83915E-06
+59.91000E-06 -129.44221484E-03 -627.38697E-06
+59.92500E-06 -129.44221497E-03 -627.38697E-06
+59.94000E-06 +179.30150032E-03 +417.83915E-06
+59.95500E-06 -283.81407274E-03 -1.15000003E-03
+59.97000E-06 +179.30150045E-03 +417.83915E-06
+59.98500E-06 -283.81407261E-03 -2.19522614E-03
+60.00000E-06 +256.48742901E-03 +940.45221E-06
+60.01500E-06 -283.81407248E-03 -1.15000003E-03
+60.03000E-06 +24.92964268E-03 +417.83915E-06
+60.04500E-06 +24.92964268E-03 -104.77391E-06
+60.06000E-06 -206.62814366E-03 -1.15000003E-03
+60.07500E-06 +179.30150032E-03 +417.83915E-06
+60.09000E-06 -361.00000130E-03 -1.15000003E-03
+60.10500E-06 +179.30150045E-03 +417.83915E-06
+60.12000E-06 -283.81407261E-03 -1.67261308E-03
+60.13500E-06 +179.30150019E-03 +940.45221E-06
+60.15000E-06 -129.44221484E-03 -1.15000002E-03
+60.16500E-06 -52.25628614E-03 -627.38697E-06
+60.18000E-06 +102.11557150E-03 -104.77390E-06
+60.19500E-06 -283.81407248E-03 -1.15000003E-03
+60.21000E-06 +179.30150032E-03 +940.45221E-06
+60.22500E-06 -283.81407261E-03 -1.67261309E-03
+60.24000E-06 +256.48742901E-03 +940.45221E-06
+60.25500E-06 -129.44221510E-03 -1.67261308E-03
+60.27000E-06 +102.11557137E-03 -104.77391E-06
+60.28500E-06 +24.92964255E-03 -104.77391E-06
+60.30000E-06 -129.44221497E-03 -1.15000002E-03
+60.31500E-06 +102.11557150E-03 +940.45221E-06
+60.33000E-06 -283.81407261E-03 -1.15000003E-03
+60.34500E-06 +179.30150032E-03 +940.45221E-06
+60.36000E-06 -283.81407261E-03 -1.15000002E-03
+60.37500E-06 +102.11557150E-03 +417.83915E-06
+60.39000E-06 -129.44221483E-03 -104.77391E-06
+60.40500E-06 -52.25628628E-03 -104.77391E-06
+60.42000E-06 +24.92964281E-03 -627.38696E-06
+60.43500E-06 -206.62814379E-03 -1.15000003E-03
+60.45000E-06 +102.11557163E-03 +417.83915E-06
+60.46500E-06 -283.81407261E-03 -1.67261309E-03
+60.48000E-06 +179.30150032E-03 +417.83915E-06
+60.49500E-06 -206.62814392E-03 -627.38697E-06
+60.51000E-06 +24.92964268E-03 +417.83915E-06
+60.52500E-06 -52.25628614E-03 -627.38696E-06
+60.54000E-06 -129.44221497E-03 -627.38697E-06
+60.55500E-06 +102.11557150E-03 +417.83915E-06
+60.57000E-06 -283.81407261E-03 -1.15000003E-03
+60.58500E-06 +179.30150032E-03 +940.45221E-06
+60.60000E-06 -206.62814379E-03 -1.67261308E-03
+60.61500E-06 +102.11557150E-03 +417.83915E-06
+60.63000E-06 -129.44221483E-03 -1.15000002E-03
+60.64500E-06 -52.25628601E-03 -627.38697E-06
+60.66000E-06 +24.92964268E-03 -104.77391E-06
+60.67500E-06 -129.44221510E-03 -627.38697E-06
+60.69000E-06 +179.30150032E-03 +417.83915E-06
+60.70500E-06 -206.62814365E-03 -1.15000003E-03
+60.72000E-06 +102.11557150E-03 +940.45221E-06
+60.73500E-06 -206.62814379E-03 -627.38697E-06
+60.75000E-06 +24.92964268E-03 +417.83915E-06
+60.76500E-06 -129.44221470E-03 -627.38697E-06
+60.78000E-06 -129.44221483E-03 -627.38696E-06
+60.79500E-06 +24.92964281E-03 +940.45221E-06
+60.81000E-06 -206.62814379E-03 -1.15000003E-03
+60.82500E-06 +102.11557150E-03 +417.83915E-06
+60.84000E-06 -129.44221523E-03 -1.15000003E-03
+60.85500E-06 +102.11557136E-03 +417.83915E-06
+60.87000E-06 -129.44221497E-03 -627.38697E-06
+60.88500E-06 -52.25628614E-03 -104.77391E-06
+60.90000E-06 -52.25628601E-03 -104.77391E-06
+60.91500E-06 -129.44221510E-03 -627.38697E-06
+60.93000E-06 +102.11557163E-03 +417.83915E-06
+60.94500E-06 -206.62814379E-03 -1.15000003E-03
+60.96000E-06 +102.11557150E-03 +417.83915E-06
+60.97500E-06 -129.44221483E-03 -1.15000002E-03
+60.99000E-06 +102.11557136E-03 +417.83915E-06
+61.00500E-06 -129.44221483E-03 -627.38697E-06
+61.02000E-06 -52.25628614E-03 -1.15000002E-03
+61.03500E-06 +24.92964268E-03 -104.77391E-06
+61.05000E-06 -206.62814365E-03 -627.38697E-06
+61.06500E-06 +24.92964295E-03 +417.83915E-06
+61.08000E-06 -129.44221510E-03 -627.38697E-06
+61.09500E-06 +102.11557150E-03 +940.45221E-06
+61.11000E-06 -129.44221497E-03 -104.77391E-06
+61.12500E-06 +24.92964254E-03 -104.77391E-06
+61.14000E-06 -52.25628601E-03 -104.77391E-06
+61.15500E-06 -129.44221497E-03 -104.77391E-06
+61.17000E-06 +102.11557137E-03 -104.77391E-06
+61.18500E-06 -206.62814366E-03 -627.38697E-06
+61.20000E-06 +102.11557137E-03 +417.83915E-06
+61.21500E-06 -206.62814379E-03 -627.38697E-06
+61.23000E-06 +24.92964268E-03 +417.83915E-06
+61.24500E-06 -52.25628602E-03 -104.77391E-06
+61.26000E-06 -52.25628614E-03 -627.38697E-06
+61.27500E-06 +24.92964268E-03 +417.83915E-06
+61.29000E-06 -206.62814366E-03 -627.38697E-06
+61.30500E-06 +24.92964280E-03 +417.83915E-06
+61.32000E-06 -206.62814366E-03 -104.77391E-06
+61.33500E-06 +24.92964268E-03 +940.45221E-06
+61.35000E-06 -52.25628627E-03 -104.77391E-06
+61.36500E-06 -52.25628614E-03 -104.77391E-06
+61.38000E-06 -52.25628602E-03 -104.77391E-06
+61.39500E-06 -52.25628627E-03 -1.15000002E-03
+61.41000E-06 +24.92964280E-03 -104.77391E-06
+61.42500E-06 -129.44221509E-03 -1.15000003E-03
+61.44000E-06 +24.92964292E-03 -104.77391E-06
+61.45500E-06 -129.44221497E-03 -627.38697E-06
+61.47000E-06 -52.25628602E-03 +417.83915E-06
+61.48500E-06 -52.25628614E-03 -104.77391E-06
+61.50000E-06 -52.25628627E-03 -627.38696E-06
+61.51500E-06 +24.92964256E-03 -104.77391E-06
+61.53000E-06 -129.44221497E-03 -627.38697E-06
+61.54500E-06 +24.92964280E-03 +417.83915E-06
+61.56000E-06 -129.44221497E-03 -627.38697E-06
+61.57500E-06 +24.92964268E-03 -104.77391E-06
+61.59000E-06 -129.44221485E-03 -627.38697E-06
+61.60500E-06 -52.25628603E-03 -104.77391E-06
+61.62000E-06 -52.25628603E-03 -104.77391E-06
+61.63500E-06 -52.25628614E-03 -104.77391E-06
+61.65000E-06 -52.25628603E-03 -104.77391E-06
+61.66500E-06 -129.44221497E-03 -1.15000002E-03
+61.68000E-06 +24.92964268E-03 +417.83915E-06
+61.69500E-06 -129.44221485E-03 -627.38697E-06
+61.71000E-06 +24.92964268E-03 -104.77391E-06
+61.72500E-06 -52.25628603E-03 -627.38697E-06
+61.74000E-06 -52.25628614E-03 -627.38697E-06
+61.75500E-06 +24.92964279E-03 +417.83915E-06
+61.77000E-06 -129.44221497E-03 -627.38697E-06
+61.78500E-06 +24.92964268E-03 +417.83915E-06
+61.80000E-06 -129.44221508E-03 -627.38697E-06
+61.81500E-06 +24.92964268E-03 +417.83915E-06
+61.83000E-06 -52.25628614E-03 -1.15000002E-03
+61.84500E-06 +24.92964268E-03 -104.77391E-06
+61.86000E-06 -52.25628614E-03 -627.38696E-06
+61.87500E-06 -52.25628614E-03 -627.38697E-06
+61.89000E-06 -52.25628603E-03 +417.83915E-06
+61.90500E-06 -129.44221486E-03 -627.38697E-06
+61.92000E-06 +24.92964268E-03 -104.77391E-06
+61.93500E-06 -129.44221486E-03 -627.38697E-06
+61.95000E-06 +24.92964268E-03 -104.77391E-06
+61.96500E-06 -129.44221486E-03 -627.38697E-06
+61.98000E-06 -52.25628604E-03 -627.38697E-06
+61.99500E-06 +24.92964257E-03 -104.77391E-06
+62.01000E-06 -129.44221497E-03 -104.77391E-06
+62.02500E-06 +24.92964268E-03 -104.77391E-06
+62.04000E-06 -52.25628625E-03 -627.38697E-06
+62.05500E-06 +24.92964268E-03 -104.77391E-06
+62.07000E-06 -52.25628614E-03 -627.38697E-06
+62.08500E-06 -52.25628614E-03 -104.77391E-06
+62.10000E-06 -52.25628614E-03 -1.15000003E-03
+62.11500E-06 -52.25628614E-03 -104.77391E-06
+62.13000E-06 +24.92964268E-03 -104.77391E-06
+62.14500E-06 -129.44221497E-03 -627.38697E-06
+62.16000E-06 +102.11557150E-03 -104.77391E-06
+62.17500E-06 -129.44221486E-03 -1.15000002E-03
+62.19000E-06 +24.92964258E-03 -104.77391E-06
+62.20500E-06 -52.25628614E-03 -627.38697E-06
+62.22000E-06 +24.92964258E-03 -627.38697E-06
+62.23500E-06 -52.25628614E-03 -104.77391E-06
+62.25000E-06 -52.25628614E-03 -104.77391E-06
+62.26500E-06 +24.92964268E-03 -104.77391E-06
+62.28000E-06 -129.44221497E-03 -104.77391E-06
+62.29500E-06 -52.25628605E-03 -104.77391E-06
+62.31000E-06 -52.25628614E-03 -104.77391E-06
+62.32500E-06 +24.92964268E-03 -104.77391E-06
+62.34000E-06 -52.25628614E-03 -627.38696E-06
+62.35500E-06 +24.92964258E-03 -627.38697E-06
+62.37000E-06 -52.25628605E-03 +417.83915E-06
+62.38500E-06 -129.44221497E-03 -1.15000002E-03
+62.40000E-06 +24.92964258E-03 -104.77391E-06
+62.41500E-06 -129.44221497E-03 -627.38697E-06
+62.43000E-06 +24.92964258E-03 -104.77391E-06
+62.44500E-06 -52.25628614E-03 -104.77391E-06
+62.46000E-06 -52.25628605E-03 -627.38697E-06
+62.47500E-06 +24.92964258E-03 -104.77391E-06
+62.49000E-06 -52.25628614E-03 -627.38697E-06
+62.50500E-06 +24.92964268E-03 +417.83915E-06
+62.52000E-06 -52.25628624E-03 -104.77391E-06
+62.53500E-06 -52.25628605E-03 -104.77391E-06
+62.55000E-06 -129.44221497E-03 -104.77391E-06
+62.56500E-06 +24.92964268E-03 -104.77391E-06
+62.58000E-06 -129.44221488E-03 -627.38697E-06
+62.59500E-06 -52.25628605E-03 -104.77391E-06
+62.61000E-06 -52.25628614E-03 -104.77391E-06
+62.62500E-06 -52.25628623E-03 -627.38697E-06
+62.64000E-06 +24.92964259E-03 -1.15000002E-03
+62.65500E-06 -52.25628614E-03 -1.15000003E-03
+62.67000E-06 -52.25628614E-03 -104.77391E-06
+62.68500E-06 -52.25628614E-03 -627.38697E-06
+62.70000E-06 -52.25628614E-03 -627.38697E-06
+62.71500E-06 -52.25628606E-03 -627.38697E-06
+62.73000E-06 -129.44221488E-03 -627.38697E-06
+62.74500E-06 -52.25628606E-03 -627.38697E-06
+62.76000E-06 -52.25628623E-03 -104.77391E-06
+62.77500E-06 +24.92964259E-03 -104.77391E-06
+62.79000E-06 -52.25628614E-03 -104.77391E-06
+62.80500E-06 -52.25628614E-03 -627.38697E-06
+62.82000E-06 -52.25628614E-03 -1.15000002E-03
+62.83500E-06 -52.25628614E-03 -627.38697E-06
+62.85000E-06 -52.25628598E-03 -627.38697E-06
+62.86500E-06 -52.25628614E-03 -104.77391E-06
+62.88000E-06 +24.92964268E-03 +417.83915E-06
+62.89500E-06 -52.25628606E-03 -104.77391E-06
+62.91000E-06 +24.92964268E-03 +417.83915E-06
+62.92500E-06 -129.44221489E-03 -627.38697E-06
+62.94000E-06 -52.25628614E-03 -627.38697E-06
+62.95500E-06 +24.92964260E-03 -104.77391E-06
+62.97000E-06 -52.25628614E-03 -627.38697E-06
+62.98500E-06 -52.25628607E-03 -104.77391E-06
+63.00000E-06 -52.25628622E-03 -104.77391E-06
+63.01500E-06 -52.25628607E-03 -627.38697E-06
+63.03000E-06 -52.25628614E-03 -104.77391E-06
+63.04500E-06 -52.25628607E-03 -104.77391E-06
+63.06000E-06 -52.25628614E-03 -627.38697E-06
+63.07500E-06 -52.25628614E-03 -104.77391E-06
+63.09000E-06 -52.25628607E-03 -104.77391E-06
+63.10500E-06 -52.25628614E-03 -627.38697E-06
+63.12000E-06 +24.92964260E-03 +417.83915E-06
+63.13500E-06 -129.44221489E-03 -104.77391E-06
+63.15000E-06 +24.92964260E-03 +417.83915E-06
+63.16500E-06 -52.25628614E-03 +417.83915E-06
+63.18000E-06 +24.92964261E-03 -627.38696E-06
+63.19500E-06 -52.25628614E-03 -104.77391E-06
+63.21000E-06 -52.25628614E-03 -104.77391E-06
+63.22500E-06 -52.25628614E-03 -627.38697E-06
+63.24000E-06 -52.25628621E-03 -104.77391E-06
+63.25500E-06 -52.25628614E-03 +417.83915E-06
+63.27000E-06 +24.92964261E-03 -104.77391E-06
+63.28500E-06 +24.92964261E-03 -104.77391E-06
+63.30000E-06 -52.25628614E-03 -104.77391E-06
+63.31500E-06 -52.25628614E-03 -627.38697E-06
+63.33000E-06 -52.25628614E-03 -104.77391E-06
+63.34500E-06 -52.25628608E-03 -104.77391E-06
+63.36000E-06 -52.25628608E-03 -104.77391E-06
+63.37500E-06 -129.44221490E-03 -104.77391E-06
+63.39000E-06 -52.25628614E-03 -104.77391E-06
+63.40500E-06 -52.25628614E-03 -104.77391E-06
+63.42000E-06 +24.92964261E-03 -627.38697E-06
+63.43500E-06 +24.92964261E-03 -104.77391E-06
+63.45000E-06 -52.25628614E-03 -104.77391E-06
+63.46500E-06 +24.92964261E-03 -627.38697E-06
+63.48000E-06 -52.25628621E-03 -104.77391E-06
+63.49500E-06 -52.25628608E-03 -627.38697E-06
+63.51000E-06 -52.25628614E-03 -104.77391E-06
+63.52500E-06 -52.25628614E-03 -627.38697E-06
+63.54000E-06 -52.25628614E-03 -1.15000003E-03
+63.55500E-06 +24.92964262E-03 -627.38697E-06
+63.57000E-06 -52.25628614E-03 -104.77391E-06
+63.58500E-06 -52.25628614E-03 -104.77391E-06
+63.60000E-06 -52.25628614E-03 -104.77391E-06
+63.61500E-06 -52.25628609E-03 -627.38697E-06
+63.63000E-06 +24.92964262E-03 -104.77391E-06
+63.64500E-06 -52.25628614E-03 -1.15000003E-03
+63.66000E-06 -52.25628614E-03 -627.38697E-06
+63.67500E-06 +24.92964262E-03 -627.38697E-06
+63.69000E-06 -52.25628620E-03 -104.77391E-06
+63.70500E-06 -52.25628609E-03 -627.38697E-06
+63.72000E-06 -52.25628614E-03 -104.77391E-06
+63.73500E-06 -52.25628609E-03 -104.77391E-06
+63.75000E-06 -52.25628614E-03 -627.38697E-06
+63.76500E-06 -52.25628609E-03 -104.77391E-06
+63.78000E-06 -52.25628614E-03 -627.38697E-06
+63.79500E-06 +24.92964262E-03 -627.38697E-06
+63.81000E-06 -52.25628614E-03 -627.38697E-06
+63.82500E-06 -52.25628614E-03 -627.38697E-06
+63.84000E-06 -52.25628609E-03 -104.77391E-06
+63.85500E-06 -52.25628614E-03 -627.38697E-06
+63.87000E-06 +24.92964268E-03 +417.83915E-06
+63.88500E-06 -52.25628614E-03 -627.38697E-06
+63.90000E-06 -52.25628614E-03 -104.77391E-06
+63.91500E-06 -52.25628614E-03 -627.38697E-06
+63.93000E-06 -52.25628614E-03 -627.38697E-06
+63.94500E-06 -52.25628614E-03 -627.38697E-06
+63.96000E-06 -129.44221497E-03 -627.38697E-06
+63.97500E-06 -52.25628610E-03 -104.77391E-06
+63.99000E-06 -52.25628614E-03 -104.77391E-06
+64.00500E-06 -52.25628614E-03 -627.38697E-06
+64.02000E-06 +24.92964268E-03 -627.38697E-06
+64.03500E-06 -52.25628614E-03 -104.77391E-06
+64.05000E-06 -52.25628610E-03 -104.77391E-06
+64.06500E-06 -52.25628614E-03 -104.77391E-06
+64.08000E-06 -52.25628614E-03 -104.77391E-06
+64.09500E-06 -52.25628614E-03 -104.77391E-06
+64.11000E-06 -52.25628614E-03 +417.83915E-06
+64.12500E-06 -52.25628614E-03 -104.77391E-06
+64.14000E-06 -52.25628614E-03 -104.77391E-06
+64.15500E-06 -52.25628614E-03 +417.83915E-06
+64.17000E-06 -52.25628614E-03 -104.77391E-06
+64.18500E-06 +24.92964264E-03 -104.77391E-06
+64.20000E-06 -129.44221497E-03 +417.83915E-06
+64.21500E-06 -52.25628610E-03 -627.38697E-06
+64.23000E-06 -52.25628614E-03 +417.83915E-06
+64.24500E-06 +24.92964264E-03 -104.77391E-06
+64.26000E-06 -52.25628610E-03 -627.38697E-06
+64.27500E-06 +24.92964264E-03 -627.38697E-06
+64.29000E-06 -52.25628614E-03 -104.77391E-06
+64.30500E-06 -52.25628614E-03 -104.77391E-06
+64.32000E-06 +24.92964264E-03 -104.77391E-06
+64.33500E-06 -52.25628614E-03 -104.77391E-06
+64.35000E-06 -52.25628611E-03 -104.77391E-06
+64.36500E-06 -129.44221493E-03 -104.77391E-06
+64.38000E-06 -52.25628614E-03 -627.38697E-06
+64.39500E-06 -52.25628614E-03 -104.77391E-06
+64.41000E-06 -52.25628614E-03 +417.83915E-06
+64.42500E-06 -52.25628614E-03 -627.38697E-06
+64.44000E-06 -52.25628614E-03 -627.38697E-06
+64.45500E-06 -52.25628614E-03 -104.77391E-06
+64.47000E-06 -52.25628614E-03 -104.77391E-06
+64.48500E-06 -52.25628611E-03 -104.77391E-06
