x-axis SCL1 SDA1
second Volt Volt
+34.50000E-06 +0.0E+00 -3.61809041E-03
+34.51500E-06 -116.58291519E-03 -1.80904521E-03
+34.53000E-06 -116.58291519E-03 -0.0E+00
+34.54500E-06 +0.0E+00 -3.61809041E-03
+34.56000E-06 -116.58291519E-03 -1.80904521E-03
+34.57500E-06 -116.58291519E-03 -0.0E+00
+34.59000E-06 -116.58291519E-03 -1.80904521E-03
+34.60500E-06 -116.58291519E-03 -0.0E+00
+34.62000E-06 +0.0E+00 -1.80904521E-03
+34.63500E-06 -116.58291519E-03 -1.80904521E-03
+34.65000E-06 -116.58291519E-03 -1.80904521E-03
+34.66500E-06 -116.58291519E-03 -1.80904521E-03
+34.68000E-06 -116.58291519E-03 +0.0E+00
+34.69500E-06 -116.58291519E-03 -1.80904521E-03
+34.71000E-06 -116.58291519E-03 -1.80904521E-03
+34.72500E-06 -0.0E+00 -1.80904521E-03
+34.74000E-06 -0.0E+00 -3.61809041E-03
+34.75500E-06 -116.58291518E-03 +0.0E+00
+34.77000E-06 -116.58291518E-03 -1.80904521E-03
+34.78500E-06 -0.0E+00 -0.0E+00
+34.80000E-06 -0.0E+00 +0.0E+00
+34.81500E-06 +0.0E+00 +0.0E+00
+34.83000E-06 -116.58291518E-03 -1.80904521E-03
+34.84500E-06 +0.0E+00 -1.80904521E-03
+34.86000E-06 +0.0E+00 -3.61809041E-03
+34.87500E-06 -116.58291518E-03 -1.80904521E-03
+34.89000E-06 -116.58291518E-03 -0.0E+00
+34.90500E-06 -0.0E+00 -1.80904521E-03
+34.92000E-06 -0.0E+00 -1.80904521E-03
+34.93500E-06 -116.58291518E-03 +0.0E+00
+34.95000E-06 -116.58291518E-03 -0.0E+00
+34.96500E-06 -116.58291518E-03 -1.80904521E-03
+34.98000E-06 +0.0E+00 -1.80904521E-03
+34.99500E-06 -116.58291518E-03 -1.80904521E-03
+35.01000E-06 -116.58291518E-03 -0.0E+00
+35.02500E-06 +0.0E+00 -1.80904521E-03
+35.04000E-06 -116.58291519E-03 -1.80904521E-03
+35.05500E-06 -0.0E+00 -1.80904521E-03
+35.07000E-06 -116.58291518E-03 -3.61809041E-03
+35.08500E-06 -116.58291519E-03 -0.0E+00
+35.10000E-06 +0.0E+00 -1.80904521E-03
+35.11500E-06 -0.0E+00 -1.80904521E-03
+35.13000E-06 +0.0E+00 -0.0E+00
+35.14500E-06 +0.0E+00 -1.80904521E-03
+35.16000E-06 +0.0E+00 -0.0E+00
+35.17500E-06 +0.0E+00 -1.80904521E-03
+35.19000E-06 +0.0E+00 -1.80904521E-03
+35.20500E-06 +0.0E+00 -0.0E+00
+35.22000E-06 +0.0E+00 +0.0E+00
+35.23500E-06 -116.58291519E-03 +0.0E+00
+35.25000E-06 -116.58291518E-03 -0.0E+00
+35.26500E-06 -10E-12 +0.0E+00
+35.28000E-06 -116.58291519E-03 -1.80904521E-03
+35.29500E-06 -116.58291519E-03 -1.80904521E-03
+35.31000E-06 +0.0E+00 -1.80904521E-03
+35.32500E-06 -10E-12 -0.0E+00
+35.34000E-06 +0.0E+00 -1.80904521E-03
+35.35500E-06 -116.58291518E-03 +0.0E+00
+35.37000E-06 -116.58291518E-03 -1.80904521E-03
+35.38500E-06 -10E-12 -3.61809041E-03
+35.40000E-06 -10E-12 -1.80904521E-03
+35.41500E-06 -116.58291518E-03 -1.80904521E-03
+35.43000E-06 +0.0E+00 -0.0E+00
+35.44500E-06 +0.0E+00 -1.80904521E-03
+35.46000E-06 +0.0E+00 -1.80904521E-03
+35.47500E-06 -116.58291518E-03 -1.80904521E-03
+35.49000E-06 -116.58291519E-03 -0.0E+00
+35.50500E-06 +0.0E+00 -1.80904521E-03
+35.52000E-06 -233.16583037E-03 -1.80904521E-03
+35.53500E-06 -116.58291519E-03 -1.80904521E-03
+35.55000E-06 -116.58291518E-03 -1.80904521E-03
+35.56500E-06 -116.58291519E-03 -1.80904521E-03
+35.58000E-06 -10E-12 -1.80904521E-03
+35.59500E-06 -116.58291519E-03 +0.0E+00
+35.61000E-06 -116.58291517E-03 -1.80904521E-03
+35.62500E-06 +116.58291517E-03 +0.0E+00
+35.64000E-06 -10E-12 -1.80904521E-03
+35.65500E-06 -10E-12 +0.0E+00
+35.67000E-06 +0.0E+00 +0.0E+00
+35.68500E-06 -116.58291518E-03 -1.80904521E-03
+35.70000E-06 -10E-12 -1.80904521E-03
+35.71500E-06 -116.58291519E-03 -3.61809041E-03
+35.73000E-06 -116.58291518E-03 -0.0E+00
+35.74500E-06 -10E-12 -1.80904521E-03
+35.76000E-06 -116.58291519E-03 +0.0E+00
+35.77500E-06 -116.58291518E-03 -0.0E+00
+35.79000E-06 -116.58291518E-03 -1.80904521E-03
+35.80500E-06 -10E-12 -1.80904521E-03
+35.82000E-06 -10E-12 -3.61809041E-03
+35.83500E-06 -116.58291519E-03 -1.80904521E-03
+35.85000E-06 -116.58291519E-03 -0.0E+00
+35.86500E-06 -10E-12 -1.80904521E-03
+35.88000E-06 -116.58291519E-03 -1.80904521E-03
+35.89500E-06 -116.58291518E-03 +0.0E+00
+35.91000E-06 +0.0E+00 -0.0E+00
+35.92500E-06 +0.0E+00 -1.80904521E-03
+35.94000E-06 -10E-12 -3.61809041E-03
+35.95500E-06 -116.58291518E-03 -1.80904521E-03
+35.97000E-06 -116.58291518E-03 +0.0E+00
+35.98500E-06 -10E-12 -0.0E+00
+36.00000E-06 -116.58291518E-03 -1.80904521E-03
+36.01500E-06 -116.58291518E-03 +0.0E+00
+36.03000E-06 -116.58291519E-03 +0.0E+00
+36.04500E-06 -116.58291519E-03 -0.0E+00
+36.06000E-06 +0.0E+00 -1.80904521E-03
+36.07500E-06 -10E-12 +0.0E+00
+36.09000E-06 -116.58291517E-03 -1.80904521E-03
+36.10500E-06 -10E-12 -3.61809041E-03
+36.12000E-06 -116.58291519E-03 -1.80904521E-03
+36.13500E-06 -116.58291519E-03 -1.80904521E-03
+36.15000E-06 -116.58291519E-03 +0.0E+00
+36.16500E-06 +0.0E+00 -1.80904521E-03
+36.18000E-06 +0.0E+00 -1.80904521E-03
+36.19500E-06 -10E-12 -1.80904521E-03
+36.21000E-06 -116.58291517E-03 -1.80904521E-03
+36.22500E-06 -10E-12 -1.80904521E-03
+36.24000E-06 -10E-12 -1.80904521E-03
+36.25500E-06 +0.0E+00 -0.0E+00
+36.27000E-06 +0.0E+00 -1.80904521E-03
+36.28500E-06 +0.0E+00 -1.80904521E-03
+36.30000E-06 +0.0E+00 -1.80904521E-03
+36.31500E-06 +0.0E+00 -1.80904521E-03
+36.33000E-06 +0.0E+00 -1.80904521E-03
+36.34500E-06 -116.58291519E-03 -1.80904521E-03
+36.36000E-06 -116.58291519E-03 -1.80904521E-03
+36.37500E-06 -116.58291519E-03 -1.80904521E-03
+36.39000E-06 -116.58291517E-03 -0.0E+00
+36.40500E-06 +0.0E+00 -0.0E+00
+36.42000E-06 +0.0E+00 -1.80904521E-03
+36.43500E-06 -20E-12 -1.80904521E-03
+36.45000E-06 -20E-12 -1.80904521E-03
+36.46500E-06 -20E-12 -1.80904521E-03
+36.48000E-06 -116.58291519E-03 -0.0E+00
+36.49500E-06 -116.58291519E-03 +0.0E+00
+36.51000E-06 -116.58291517E-03 +0.0E+00
+36.52500E-06 +0.0E+00 -1.80904521E-03
+36.54000E-06 -30E-12 -1.80904521E-03
+36.55500E-06 -116.58291519E-03 -1.80904521E-03
+36.57000E-06 -116.58291517E-03 -1.80904521E-03
+36.58500E-06 +0.0E+00 -0.0E+00
+36.60000E-06 -116.58291519E-03 +0.0E+00
+36.61500E-06 -116.58291517E-03 -1.80904521E-03
+36.63000E-06 +0.0E+00 -3.61809041E-03
+36.64500E-06 +0.0E+00 -1.80904521E-03
+36.66000E-06 -116.58291519E-03 -1.80904521E-03
+36.67500E-06 -233.16583037E-03 -1.80904521E-03
+36.69000E-06 +0.0E+00 -0.0E+00
+36.70500E-06 -20E-12 -1.80904521E-03
+36.72000E-06 +116.58291517E-03 -0.0E+00
+36.73500E-06 +0.0E+00 -1.80904521E-03
+36.75000E-06 -116.58291517E-03 +0.0E+00
+36.76500E-06 +0.0E+00 -1.80904521E-03
+36.78000E-06 -20E-12 -3.61809041E-03
+36.79500E-06 -116.58291519E-03 -1.80904521E-03
+36.81000E-06 -116.58291517E-03 -0.0E+00
+36.82500E-06 +0.0E+00 +0.0E+00
+36.84000E-06 -116.58291519E-03 -1.80904521E-03
+36.85500E-06 +0.0E+00 +0.0E+00
+36.87000E-06 -20E-12 -0.0E+00
+36.88500E-06 +0.0E+00 -0.0E+00
+36.90000E-06 -20E-12 -3.61809041E-03
+36.91500E-06 +0.0E+00 -1.80904521E-03
+36.93000E-06 +0.0E+00 -1.80904521E-03
+36.94500E-06 +116.58291517E-03 -1.80904521E-03
+36.96000E-06 -116.58291519E-03 +0.0E+00
+36.97500E-06 -116.58291519E-03 -3.61809041E-03
+36.99000E-06 -116.58291517E-03 -0.0E+00
+37.00500E-06 +0.0E+00 -1.80904521E-03
+37.02000E-06 -20E-12 -3.61809041E-03
+37.03500E-06 -116.58291517E-03 +0.0E+00
+37.05000E-06 -116.58291519E-03 -1.80904521E-03
+37.06500E-06 -20E-12 -1.80904521E-03
+37.08000E-06 -116.58291519E-03 +0.0E+00
+37.09500E-06 -116.58291517E-03 -1.80904521E-03
+37.11000E-06 -20E-12 -0.0E+00
+37.12500E-06 +0.0E+00 -1.80904521E-03
+37.14000E-06 +0.0E+00 -1.80904521E-03
+37.15500E-06 -116.58291519E-03 -1.80904521E-03
+37.17000E-06 +20E-12 -0.0E+00
+37.18500E-06 -20E-12 -1.80904521E-03
+37.20000E-06 -233.16583035E-03 -1.80904521E-03
+37.21500E-06 -116.58291519E-03 -1.80904521E-03
+37.23000E-06 -20E-12 -1.80904521E-03
+37.24500E-06 +0.0E+00 -0.0E+00
+37.26000E-06 +116.58291517E-03 -1.80904521E-03
+37.27500E-06 +0.0E+00 +0.0E+00
+37.29000E-06 -20E-12 -0.0E+00
+37.30500E-06 -116.58291521E-03 -3.61809041E-03
+37.32000E-06 -233.16583035E-03 -1.80904521E-03
+37.33500E-06 -116.58291517E-03 +0.0E+00
+37.35000E-06 +0.0E+00 -0.0E+00
+37.36500E-06 +0.0E+00 -1.80904521E-03
+37.38000E-06 +0.0E+00 -1.80904521E-03
+37.39500E-06 -116.58291516E-03 -0.0E+00
+37.41000E-06 -116.58291516E-03 -1.80904521E-03
+37.42500E-06 -116.58291521E-03 -3.61809041E-03
+37.44000E-06 -20E-12 +0.0E+00
+37.45500E-06 -116.58291519E-03 +0.0E+00
+37.47000E-06 +20E-12 +0.0E+00
+37.48500E-06 +0.0E+00 +0.0E+00
+37.50000E-06 +0.0E+00 -1.80904521E-03
+37.51500E-06 -116.58291519E-03 -1.80904521E-03
+37.53000E-06 -116.58291519E-03 -3.61809041E-03
+37.54500E-06 -116.58291519E-03 -3.61809041E-03
+37.56000E-06 +0.0E+00 -0.0E+00
+37.57500E-06 +0.0E+00 -0.0E+00
+37.59000E-06 +20E-12 -0.0E+00
+37.60500E-06 +0.0E+00 -1.80904521E-03
+37.62000E-06 -116.58291519E-03 -3.61809041E-03
+37.63500E-06 -116.58291519E-03 -1.80904521E-03
+37.65000E-06 -116.58291516E-03 -1.80904521E-03
+37.66500E-06 +116.58291516E-03 -1.80904521E-03
+37.68000E-06 -116.58291516E-03 -1.80904521E-03
+37.69500E-06 +0.0E+00 +0.0E+00
+37.71000E-06 +0.0E+00 -0.0E+00
+37.72500E-06 -116.58291516E-03 -1.80904521E-03
+37.74000E-06 -116.58291519E-03 -3.61809041E-03
+37.75500E-06 -30E-12 -0.0E+00
+37.77000E-06 +0.0E+00 -0.0E+00
+37.78500E-06 +116.58291516E-03 -1.80904521E-03
+37.80000E-06 +0.0E+00 +0.0E+00
+37.81500E-06 -116.58291516E-03 -1.80904521E-03
+37.83000E-06 -30E-12 -3.61809041E-03
+37.84500E-06 -116.58291516E-03 -1.80904521E-03
+37.86000E-06 -116.58291519E-03 -3.61809041E-03
+37.87500E-06 +0.0E+00 +0.0E+00
+37.89000E-06 +116.58291519E-03 -0.0E+00
+37.90500E-06 +116.58291513E-03 -1.80904521E-03
+37.92000E-06 -116.58291519E-03 -1.80904521E-03
+37.93500E-06 -116.58291519E-03 -1.80904521E-03
+37.95000E-06 -116.58291519E-03 -1.80904521E-03
+37.96500E-06 -116.58291519E-03 -1.80904521E-03
+37.98000E-06 -30E-12 -1.80904521E-03
+37.99500E-06 +30E-12 +0.0E+00
+38.01000E-06 +30E-12 +0.0E+00
+38.02500E-06 +0.0E+00 -1.80904521E-03
+38.04000E-06 -50E-12 -3.61809041E-03
+38.05500E-06 -233.16583035E-03 -0.0E+00
+38.07000E-06 -116.58291519E-03 +0.0E+00
+38.08500E-06 +116.58291516E-03 -0.0E+00
+38.10000E-06 +116.58291516E-03 -1.80904521E-03
+38.11500E-06 +30E-12 -1.80904521E-03
+38.13000E-06 -116.58291516E-03 -1.80904521E-03
+38.14500E-06 -116.58291522E-03 -3.61809041E-03
+38.16000E-06 -233.16583037E-03 -3.61809041E-03
+38.17500E-06 -116.58291522E-03 -1.80904521E-03
+38.19000E-06 -116.58291516E-03 -1.80904521E-03
+38.20500E-06 +116.58291519E-03 -0.0E+00
+38.22000E-06 +116.58291516E-03 -1.80904521E-03
+38.23500E-06 -30E-12 -1.80904521E-03
+38.25000E-06 -116.58291516E-03 -1.80904521E-03
+38.26500E-06 -116.58291522E-03 -1.80904521E-03
+38.28000E-06 -116.58291519E-03 -1.80904521E-03
+38.29500E-06 -30E-12 +0.0E+00
+38.31000E-06 +116.58291519E-03 +1.80904521E-03
+38.32500E-06 +116.58291522E-03 -0.0E+00
+38.34000E-06 +0.0E+00 -1.80904521E-03
+38.35500E-06 -116.58291519E-03 -1.80904521E-03
+38.37000E-06 -233.16583034E-03 -1.80904521E-03
+38.38500E-06 -60E-12 -1.80904521E-03
+38.40000E-06 -116.58291519E-03 +0.0E+00
+38.41500E-06 +0.0E+00 +1.80904521E-03
+38.43000E-06 +30E-12 -0.0E+00
+38.44500E-06 +0.0E+00 -1.80904521E-03
+38.46000E-06 -233.16583034E-03 -3.61809041E-03
+38.47500E-06 -233.16583037E-03 -1.80904521E-03
+38.49000E-06 -116.58291519E-03 -0.0E+00
+38.50500E-06 -30E-12 +0.0E+00
+38.52000E-06 +0.0E+00 -1.80904521E-03
+38.53500E-06 +116.58291516E-03 +1.80904521E-03
+38.55000E-06 +30E-12 -0.0E+00
+38.56500E-06 +0.0E+00 -1.80904521E-03
+38.58000E-06 -116.58291519E-03 -3.61809041E-03
+38.59500E-06 -233.16583034E-03 -3.61809041E-03
+38.61000E-06 -116.58291516E-03 -0.0E+00
+38.62500E-06 +0.0E+00 +0.0E+00
+38.64000E-06 +30E-12 +0.0E+00
+38.65500E-06 -116.58291515E-03 -1.80904521E-03
+38.67000E-06 -233.16583031E-03 -1.80904521E-03
+38.68500E-06 -233.16583034E-03 -1.80904521E-03
+38.70000E-06 -116.58291522E-03 -1.80904521E-03
+38.71500E-06 -116.58291519E-03 -1.80904521E-03
+38.73000E-06 +116.58291519E-03 +0.0E+00
+38.74500E-06 +233.16583031E-03 -1.80904521E-03
+38.76000E-06 +0.0E+00 -1.80904521E-03
+38.77500E-06 -116.58291515E-03 -1.80904521E-03
+38.79000E-06 -233.16583037E-03 -3.61809041E-03
+38.80500E-06 -116.58291519E-03 -3.61809041E-03
+38.82000E-06 -30E-12 -1.80904521E-03
+38.83500E-06 +30E-12 +1.80904521E-03
+38.85000E-06 +116.58291519E-03 +0.0E+00
+38.86500E-06 +116.58291519E-03 -1.80904521E-03
+38.88000E-06 -116.58291519E-03 -3.61809041E-03
+38.89500E-06 -233.16583037E-03 -1.80904521E-03
+38.91000E-06 -233.16583037E-03 -1.80904521E-03
+38.92500E-06 -30E-12 -0.0E+00
+38.94000E-06 +116.58291515E-03 +0.0E+00
+38.95500E-06 +116.58291522E-03 +0.0E+00
+38.97000E-06 +116.58291519E-03 +0.0E+00
+38.98500E-06 -30E-12 -1.80904521E-03
+39.00000E-06 -233.16583037E-03 -3.61809041E-03
+39.01500E-06 -233.16583037E-03 -1.80904521E-03
+39.03000E-06 -30E-12 -1.80904521E-03
+39.04500E-06 +116.58291519E-03 +0.0E+00
+39.06000E-06 +116.58291522E-03 -1.80904521E-03
+39.07500E-06 +0.0E+00 -1.80904521E-03
+39.09000E-06 +0.0E+00 -1.80904521E-03
+39.10500E-06 -116.58291522E-03 -3.61809041E-03
+39.12000E-06 -349.74874553E-03 -3.61809041E-03
+39.13500E-06 -116.58291519E-03 -1.80904521E-03
+39.15000E-06 +40E-12 +0.0E+00
+39.16500E-06 +116.58291522E-03 +0.0E+00
+39.18000E-06 +233.16583034E-03 -1.80904521E-03
+39.19500E-06 +0.0E+00 -1.80904521E-03
+39.21000E-06 -233.16583034E-03 -3.61809041E-03
+39.22500E-06 -116.58291526E-03 -5.42713562E-03
+39.24000E-06 -233.16583037E-03 -1.80904521E-03
+39.25500E-06 +0.0E+00 +0.0E+00
+39.27000E-06 +116.58291522E-03 +0.0E+00
+39.28500E-06 +116.58291522E-03 +0.0E+00
+39.30000E-06 +0.0E+00 -1.80904521E-03
+39.31500E-06 -233.16583037E-03 -3.61809041E-03
+39.33000E-06 -349.74874552E-03 -1.80904521E-03
+39.34500E-06 -116.58291522E-03 -1.80904521E-03
+39.36000E-06 +0.0E+00 +0.0E+00
+39.37500E-06 +116.58291519E-03 +1.80904521E-03
+39.39000E-06 +233.16583037E-03 +1.80904521E-03
+39.40500E-06 +0.0E+00 -1.80904521E-03
+39.42000E-06 -233.16583037E-03 -5.42713562E-03
+39.43500E-06 -349.74874556E-03 -3.61809041E-03
+39.45000E-06 -233.16583037E-03 -3.61809041E-03
+39.46500E-06 +116.58291511E-03 +1.80904521E-03
+39.48000E-06 +116.58291523E-03 +3.61809041E-03
+39.49500E-06 +233.16583037E-03 +1.80904521E-03
+39.51000E-06 +116.58291519E-03 -1.80904521E-03
+39.52500E-06 -233.16583037E-03 -5.42713562E-03
+39.54000E-06 -349.74874556E-03 -3.61809041E-03
+39.55500E-06 -349.74874556E-03 -1.80904521E-03
+39.57000E-06 -116.58291515E-03 +1.80904521E-03
+39.58500E-06 +233.16583033E-03 +0.0E+00
+39.60000E-06 +233.16583037E-03 +1.80904521E-03
+39.61500E-06 +0.0E+00 -1.80904521E-03
+39.63000E-06 -233.16583033E-03 -3.61809041E-03
+39.64500E-06 -349.74874556E-03 -3.61809041E-03
+39.66000E-06 -233.16583037E-03 -3.61809041E-03
+39.67500E-06 +0.0E+00 +0.0E+00
+39.69000E-06 +233.16583037E-03 +1.80904521E-03
+39.70500E-06 +233.16583041E-03 +0.0E+00
+39.72000E-06 +80E-12 +0.0E+00
+39.73500E-06 -233.16583033E-03 -1.80904521E-03
+39.75000E-06 -349.74874556E-03 -3.61809041E-03
+39.76500E-06 -349.74874556E-03 -1.80904521E-03
+39.78000E-06 -40E-12 +0.0E+00
+39.79500E-06 +233.16583037E-03 +1.80904521E-03
+39.81000E-06 +349.74874552E-03 +1.80904521E-03
+39.82500E-06 +116.58291519E-03 -1.80904521E-03
+39.84000E-06 -233.16583037E-03 -3.61809041E-03
+39.85500E-06 -349.74874556E-03 -5.42713562E-03
+39.87000E-06 -349.74874556E-03 -3.61809041E-03
+39.88500E-06 -40E-12 -0.0E+00
+39.90000E-06 +233.16583033E-03 +0.0E+00
+39.91500E-06 +233.16583042E-03 +1.80904521E-03
+39.93000E-06 +116.58291523E-03 -0.0E+00
+39.94500E-06 -116.58291519E-03 -3.61809041E-03
+39.96000E-06 -466.33166075E-03 -5.42713562E-03
+39.97500E-06 -466.33166075E-03 -3.61809041E-03
+39.99000E-06 -116.58291519E-03 -0.0E+00
+40.00500E-06 +233.16583037E-03 +1.80904521E-03
+40.02000E-06 +349.74874552E-03 +0.0E+00
+40.03500E-06 +233.16583037E-03 +0.0E+00
+40.05000E-06 -233.16583029E-03 -1.80904521E-03
+40.06500E-06 -349.74874560E-03 -5.42713562E-03
+40.08000E-06 -582.91457585E-03 -3.61809041E-03
+40.09500E-06 -233.16583037E-03 -0.0E+00
+40.11000E-06 +233.16583037E-03 +1.80904521E-03
+40.12500E-06 +349.74874560E-03 +1.80904521E-03
+40.14000E-06 +233.16583037E-03 +0.0E+00
+40.15500E-06 -116.58291519E-03 -1.80904521E-03
+40.17000E-06 -349.74874556E-03 -3.61809041E-03
+40.18500E-06 -466.33166075E-03 -5.42713562E-03
+40.20000E-06 -233.16583042E-03 -1.80904521E-03
+40.21500E-06 +116.58291519E-03 +1.80904521E-03
+40.23000E-06 +349.74874560E-03 +3.61809041E-03
+40.24500E-06 +349.74874556E-03 +1.80904521E-03
+40.26000E-06 +0.0E+00 -3.61809041E-03
+40.27500E-06 -466.33166070E-03 -5.42713562E-03
+40.29000E-06 -582.91457593E-03 -5.42713562E-03
+40.30500E-06 -233.16583042E-03 -3.61809041E-03
+40.32000E-06 +116.58291519E-03 +3.61809041E-03
+40.33500E-06 +349.74874561E-03 +3.61809041E-03
+40.35000E-06 +349.74874556E-03 +1.80904521E-03
+40.36500E-06 +0.0E+00 -1.80904521E-03
+40.38000E-06 -349.74874556E-03 -5.42713562E-03
+40.39500E-06 -582.91457593E-03 -5.42713562E-03
+40.41000E-06 -349.74874556E-03 -1.80904521E-03
+40.42500E-06 +233.16583028E-03 +0.0E+00
+40.44000E-06 +349.74874561E-03 +3.61809041E-03
+40.45500E-06 +349.74874561E-03 +1.80904521E-03
+40.47000E-06 +50E-12 -1.80904521E-03
+40.48500E-06 -466.33166070E-03 -7.23618083E-03
+40.50000E-06 -582.91457593E-03 -7.23618083E-03
+40.51500E-06 -349.74874561E-03 -3.61809041E-03
+40.53000E-06 +116.58291519E-03 +1.80904521E-03
+40.54500E-06 +466.33166070E-03 +3.61809041E-03
+40.56000E-06 +349.74874561E-03 +3.61809041E-03
+40.57500E-06 +50E-12 -1.80904521E-03
+40.59000E-06 -466.33166070E-03 -5.42713562E-03
+40.60500E-06 -582.91457593E-03 -7.23618083E-03
+40.62000E-06 -349.74874561E-03 -3.61809041E-03
+40.63500E-06 +0.0E+00 +1.80904521E-03
+40.65000E-06 +466.33166075E-03 +5.42713562E-03
+40.66500E-06 +582.91457589E-03 +1.80904521E-03
+40.68000E-06 +116.58291519E-03 -1.80904521E-03
+40.69500E-06 -349.74874556E-03 -5.42713562E-03
+40.71000E-06 -699.49749112E-03 -7.23618083E-03
+40.72500E-06 -466.33166075E-03 -5.42713562E-03
+40.74000E-06 -50E-12 +0.0E+00
+40.75500E-06 +466.33166075E-03 +5.42713562E-03
+40.77000E-06 +466.33166080E-03 +3.61809041E-03
+40.78500E-06 +116.58291519E-03 -1.80904521E-03
+40.80000E-06 -349.74874556E-03 -7.23618083E-03
+40.81500E-06 -699.49749112E-03 -9.04522603E-03
+40.83000E-06 -582.91457593E-03 -5.42713562E-03
+40.84500E-06 -50E-12 +0.0E+00
+40.86000E-06 +466.33166075E-03 +3.61809041E-03
+40.87500E-06 +582.91457593E-03 +5.42713562E-03
+40.89000E-06 +349.74874556E-03 -0.0E+00
+40.90500E-06 -233.16583042E-03 -7.23618083E-03
+40.92000E-06 -816.08040631E-03 -9.04522603E-03
+40.93500E-06 -699.49749112E-03 -3.61809041E-03
+40.95000E-06 -116.58291519E-03 +1.80904521E-03
+40.96500E-06 +466.33166075E-03 +3.61809041E-03
+40.98000E-06 +582.91457593E-03 +3.61809041E-03
+40.99500E-06 +233.16583042E-03 +0.0E+00
+41.01000E-06 -233.16583037E-03 -5.42713562E-03
+41.02500E-06 -699.49749117E-03 -10.85427124E-03
+41.04000E-06 -699.49749117E-03 -7.23618083E-03
+41.05500E-06 -116.58291519E-03 +0.0E+00
+41.07000E-06 +466.33166075E-03 +5.42713562E-03
+41.08500E-06 +582.91457604E-03 +5.42713562E-03
+41.10000E-06 +349.74874556E-03 +1.80904521E-03
+41.11500E-06 -349.74874546E-03 -5.42713562E-03
+41.13000E-06 -699.49749112E-03 -9.04522603E-03
+41.14500E-06 -816.08040631E-03 -7.23618083E-03
+41.16000E-06 -349.74874556E-03 +0.0E+00
+41.17500E-06 +466.33166070E-03 +5.42713562E-03
+41.19000E-06 +699.49749112E-03 +7.23618083E-03
+41.20500E-06 +582.91457588E-03 +0.0E+00
+41.22000E-06 -116.58291519E-03 -7.23618083E-03
+41.23500E-06 -816.08040626E-03 -10.85427124E-03
+41.25000E-06 -816.08040631E-03 -9.04522603E-03
+41.26500E-06 -349.74874556E-03 -1.80904521E-03
+41.28000E-06 +349.74874556E-03 +5.42713562E-03
+41.29500E-06 +816.08040631E-03 +7.23618083E-03
+41.31000E-06 +582.91457593E-03 +3.61809041E-03
+41.32500E-06 -116.58291513E-03 -5.42713562E-03
+41.34000E-06 -816.08040631E-03 -10.85427124E-03
+41.35500E-06 -816.08040631E-03 -7.23618083E-03
+41.37000E-06 -349.74874561E-03 -0.0E+00
+41.38500E-06 +349.74874556E-03 +5.42713562E-03
+41.40000E-06 +816.08040631E-03 +7.23618083E-03
+41.41500E-06 +699.49749112E-03 +3.61809041E-03
+41.43000E-06 +0.0E+00 -3.61809041E-03
+41.44500E-06 -816.08040625E-03 -9.04522603E-03
+41.46000E-06 -932.66332155E-03 -9.04522603E-03
+41.47500E-06 -582.91457588E-03 -1.80904521E-03
+41.49000E-06 +349.74874551E-03 +7.23618083E-03
+41.50500E-06 +816.08040625E-03 +7.23618083E-03
+41.52000E-06 +699.49749112E-03 +3.61809041E-03
+41.53500E-06 +0.0E+00 -3.61809041E-03
+41.55000E-06 -816.08040625E-03 -9.04522603E-03
+41.56500E-06 -932.66332160E-03 -10.85427124E-03
+41.58000E-06 -582.91457593E-03 -3.61809041E-03
+41.59500E-06 +233.16583037E-03 +5.42713562E-03
+41.61000E-06 +932.66332150E-03 +9.04522603E-03
+41.62500E-06 +816.08040631E-03 +5.42713562E-03
+41.64000E-06 +116.58291519E-03 -3.61809041E-03
+41.65500E-06 -816.08040620E-03 -10.85427124E-03
+41.67000E-06 -1.04924623668E+00 -10.85427124E-03
+41.68500E-06 -699.49749112E-03 -3.61809041E-03
+41.70000E-06 +233.16583032E-03 +5.42713562E-03
+41.71500E-06 +816.08040642E-03 +10.85427124E-03
+41.73000E-06 +932.66332155E-03 +7.23618083E-03
+41.74500E-06 +233.16583037E-03 -3.61809041E-03
+41.76000E-06 -816.08040625E-03 -10.85427124E-03
+41.77500E-06 -1.16582915181E+00 -10.85427124E-03
+41.79000E-06 -699.49749118E-03 -3.61809041E-03
+41.80500E-06 +116.58291513E-03 +3.61809041E-03
+41.82000E-06 +932.66332144E-03 +9.04522603E-03
+41.83500E-06 +1.04924623674E+00 +9.04522603E-03
+41.85000E-06 +349.74874562E-03 -1.80904521E-03
+41.86500E-06 -699.49749106E-03 -12.66331645E-03
+41.88000E-06 -1.28241206700E+00 -12.66331645E-03
+41.89500E-06 -932.66332150E-03 -7.23618083E-03
+41.91000E-06 +0.0E+00 +3.61809041E-03
+41.92500E-06 +932.66332150E-03 +10.85427124E-03
+41.94000E-06 +1.16582915187E+00 +7.23618083E-03
+41.95500E-06 +349.74874562E-03 -1.80904521E-03
+41.97000E-06 -582.91457593E-03 -10.85427124E-03
+41.98500E-06 -1.28241206711E+00 -12.66331645E-03
+42.00000E-06 -1.04924623668E+00 -9.04522603E-03
+42.01500E-06 -116.58291519E-03 +1.80904521E-03
+42.03000E-06 +932.66332150E-03 +12.66331645E-03
+42.04500E-06 +1.16582915187E+00 +9.04522603E-03
+42.06000E-06 +466.33166081E-03 -1.80904521E-03
+42.07500E-06 -582.91457593E-03 -9.04522603E-03
+42.09000E-06 -1.28241206700E+00 -16.28140686E-03
+42.10500E-06 -1.04924623674E+00 -10.85427124E-03
+42.12000E-06 -233.16583043E-03 +3.61809041E-03
+42.13500E-06 +816.08040631E-03 +10.85427124E-03
+42.15000E-06 +1.28241206706E+00 +10.85427124E-03
+42.16500E-06 +816.08040625E-03 +0.0E+00
+42.18000E-06 -466.33166075E-03 -10.85427124E-03
+42.19500E-06 -1.39899498218E+00 -14.47236165E-03
+42.21000E-06 -1.28241206706E+00 -9.04522603E-03
+42.22500E-06 -233.16583043E-03 +1.80904521E-03
+42.24000E-06 +816.08040631E-03 +10.85427124E-03
+42.25500E-06 +1.28241206706E+00 +12.66331645E-03
+42.27000E-06 +816.08040637E-03 +3.61809041E-03
+42.28500E-06 -349.74874550E-03 -10.85427124E-03
+42.30000E-06 -1.39899498224E+00 -18.09045207E-03
+42.31500E-06 -1.39899498224E+00 -10.85427124E-03
+42.33000E-06 -466.33166075E-03 -0.0E+00
+42.34500E-06 +816.08040625E-03 +9.04522603E-03
+42.36000E-06 +1.28241206718E+00 +12.66331645E-03
+42.37500E-06 +816.08040637E-03 +3.61809041E-03
+42.39000E-06 -349.74874544E-03 -9.04522603E-03
+42.40500E-06 -1.39899498224E+00 -16.28140686E-03
+42.42000E-06 -1.39899498230E+00 -14.47236165E-03
+42.43500E-06 -582.91457593E-03 -0.0E+00
+42.45000E-06 +816.08040625E-03 +12.66331645E-03
+42.46500E-06 +1.39899498218E+00 +14.47236165E-03
+42.48000E-06 +1.04924623674E+00 +5.42713562E-03
+42.49500E-06 -233.16583031E-03 -9.04522603E-03
+42.51000E-06 -1.39899498218E+00 -14.47236165E-03
+42.52500E-06 -1.51557789749E+00 -12.66331645E-03
+42.54000E-06 -699.49749112E-03 -1.80904521E-03
+42.55500E-06 +699.49749112E-03 +12.66331645E-03
+42.57000E-06 +1.51557789743E+00 +16.28140686E-03
+42.58500E-06 +1.28241206706E+00 +5.42713562E-03
+42.60000E-06 +0.0E+00 -7.23618083E-03
+42.61500E-06 -1.39899498218E+00 -18.09045207E-03
+42.63000E-06 -1.63216081262E+00 -16.28140686E-03
+42.64500E-06 -816.08040637E-03 -1.80904521E-03
+42.66000E-06 +582.91457587E-03 +10.85427124E-03
+42.67500E-06 +1.51557789743E+00 +16.28140686E-03
+42.69000E-06 +1.39899498224E+00 +9.04522603E-03
+42.70500E-06 +116.58291519E-03 -7.23618083E-03
+42.72000E-06 -1.51557789730E+00 -16.28140686E-03
+42.73500E-06 -1.86532664299E+00 -16.28140686E-03
+42.75000E-06 -1.04924623675E+00 -3.61809042E-03
+42.76500E-06 +582.91457581E-03 +9.04522603E-03
+42.78000E-06 +1.63216081262E+00 +16.28140686E-03
+42.79500E-06 +1.51557789749E+00 +10.85427124E-03
+42.81000E-06 +233.16583044E-03 -3.61809041E-03
+42.82500E-06 -1.16582915193E+00 -18.09045207E-03
+42.84000E-06 -1.86532664299E+00 -18.09045207E-03
+42.85500E-06 -1.16582915193E+00 -3.61809041E-03
+42.87000E-06 +349.74874550E-03 +12.66331645E-03
+42.88500E-06 +1.74874372774E+00 +18.09045207E-03
+42.90000E-06 +1.63216081262E+00 +10.85427124E-03
+42.91500E-06 +349.74874563E-03 -1.80904521E-03
+42.93000E-06 -1.16582915187E+00 -18.09045207E-03
+42.94500E-06 -1.98190955824E+00 -19.89949727E-03
+42.96000E-06 -1.51557789736E+00 -9.04522603E-03
+42.97500E-06 +233.16583031E-03 +9.04522603E-03
+42.99000E-06 +1.51557789749E+00 +19.89949727E-03
+43.00500E-06 +1.86532664306E+00 +14.47236165E-03
+43.02000E-06 +582.91457600E-03 -3.61809041E-03
+43.03500E-06 -1.16582915180E+00 -19.89949727E-03
+43.05000E-06 -1.98190955818E+00 -21.70854248E-03
+43.06500E-06 -1.63216081262E+00 -10.85427124E-03
+43.08000E-06 -70E-12 +7.23618083E-03
+43.09500E-06 +1.63216081262E+00 +19.89949727E-03
+43.11000E-06 +1.98190955818E+00 +14.47236166E-03
+43.12500E-06 +816.08040637E-03 +0.0E+00
+43.14000E-06 -932.66332150E-03 -18.09045207E-03
+43.15500E-06 -2.09849247336E+00 -21.70854248E-03
+43.17000E-06 -1.63216081268E+00 -10.85427124E-03
+43.18500E-06 -130E-12 +7.23618083E-03
+43.20000E-06 +1.63216081255E+00 +19.89949727E-03
+43.21500E-06 +2.09849247330E+00 +18.09045207E-03
+43.23000E-06 +932.66332156E-03 +3.61809041E-03
+43.24500E-06 -816.08040631E-03 -18.09045207E-03
+43.26000E-06 -2.21507538855E+00 -25.32663289E-03
+43.27500E-06 -1.98190955818E+00 -14.47236166E-03
+43.29000E-06 -233.16583044E-03 +3.61809041E-03
+43.30500E-06 +1.51557789736E+00 +19.89949727E-03
+43.32000E-06 +2.21507538855E+00 +18.09045207E-03
+43.33500E-06 +1.16582915194E+00 +3.61809041E-03
+43.35000E-06 -816.08040617E-03 -16.28140686E-03
+43.36500E-06 -2.21507538855E+00 -25.32663290E-03
+43.38000E-06 -2.09849247343E+00 -18.09045207E-03
+43.39500E-06 -466.33166082E-03 +3.61809041E-03
+43.41000E-06 +1.51557789736E+00 +19.89949727E-03
+43.42500E-06 +2.44824121886E+00 +21.70854248E-03
+43.44000E-06 +1.28241206719E+00 +5.42713562E-03
+43.45500E-06 -582.91457587E-03 -16.28140686E-03
+43.47000E-06 -2.33165830367E+00 -25.32663290E-03
+43.48500E-06 -2.33165830367E+00 -18.09045207E-03
+43.50000E-06 -699.49749119E-03 +1.80904521E-03
+43.51500E-06 +1.51557789736E+00 +19.89949727E-03
+43.53000E-06 +2.44824121899E+00 +23.51758769E-03
+43.54500E-06 +1.63216081262E+00 +7.23618083E-03
+43.56000E-06 -466.33166068E-03 -12.66331645E-03
+43.57500E-06 -2.21507538855E+00 -27.13567810E-03
+43.59000E-06 -2.44824121892E+00 -21.70854248E-03
+43.60500E-06 -932.66332157E-03 -0.0E+00
+43.62000E-06 +1.39899498210E+00 +19.89949727E-03
+43.63500E-06 +2.44824121892E+00 +25.32663289E-03
+43.65000E-06 +1.86532664306E+00 +10.85427124E-03
+43.66500E-06 -116.58291526E-03 -14.47236165E-03
+43.68000E-06 -2.21507538848E+00 -27.13567810E-03
+43.69500E-06 -2.56482413425E+00 -23.51758769E-03
+43.71000E-06 -1.04924623682E+00 -3.61809041E-03
+43.72500E-06 +1.16582915180E+00 +18.09045207E-03
+43.74000E-06 +2.56482413411E+00 +27.13567810E-03
+43.75500E-06 +2.09849247344E+00 +12.66331645E-03
+43.77000E-06 +70E-12 -10.85427124E-03
+43.78500E-06 -2.21507538848E+00 -28.94472331E-03
+43.80000E-06 -2.79798996449E+00 -27.13567810E-03
+43.81500E-06 -1.39899498231E+00 -3.61809042E-03
+43.83000E-06 +932.66332142E-03 +19.89949727E-03
+43.84500E-06 +2.68140704923E+00 +28.94472331E-03
+43.86000E-06 +2.33165830374E+00 +14.47236166E-03
+43.87500E-06 +233.16583045E-03 -7.23618083E-03
+43.89000E-06 -2.09849247329E+00 -27.13567810E-03
+43.90500E-06 -2.91457287974E+00 -28.94472331E-03
+43.92000E-06 -1.63216081269E+00 -9.04522603E-03
+43.93500E-06 +932.66332135E-03 +18.09045207E-03
+43.95000E-06 +2.68140704930E+00 +28.94472331E-03
+43.96500E-06 +2.56482413426E+00 +19.89949727E-03
+43.98000E-06 +466.33166082E-03 -7.23618083E-03
+43.99500E-06 -2.09849247322E+00 -28.94472331E-03
+44.01000E-06 -3.14773870990E+00 -30.75376851E-03
+44.02500E-06 -1.86532664314E+00 -10.85427124E-03
+44.04000E-06 +582.91457593E-03 +18.09045207E-03
+44.05500E-06 +2.68140704922E+00 +30.75376851E-03
+44.07000E-06 +2.79798996456E+00 +21.70854248E-03
+44.08500E-06 +699.49749127E-03 -1.80904521E-03
+44.10000E-06 -1.86532664299E+00 -28.94472331E-03
+44.11500E-06 -3.26432162523E+00 -34.37185893E-03
+44.13000E-06 -2.21507538855E+00 -12.66331645E-03
+44.14500E-06 +466.33166060E-03 +12.66331645E-03
+44.16000E-06 +2.68140704922E+00 +30.75376851E-03
+44.17500E-06 +3.03115579486E+00 +23.51758769E-03
+44.19000E-06 +932.66332164E-03 +0.0E+00
+44.20500E-06 -1.74874372765E+00 -27.13567810E-03
+44.22000E-06 -3.26432162531E+00 -34.37185893E-03
+44.23500E-06 -2.44824121900E+00 -16.28140686E-03
+44.25000E-06 +116.58291519E-03 +12.66331644E-03
+44.26500E-06 +2.79798996434E+00 +30.75376851E-03
+44.28000E-06 +3.03115579501E+00 +27.13567810E-03
+44.29500E-06 +1.28241206721E+00 +1.80904521E-03
+44.31000E-06 -1.63216081254E+00 -28.94472331E-03
+44.32500E-06 -3.38090454034E+00 -36.18090414E-03
+44.34000E-06 -2.56482413434E+00 -21.70854248E-03
+44.35500E-06 -116.58291534E-03 +10.85427124E-03
+44.37000E-06 +2.56482413404E+00 +36.18090413E-03
+44.38500E-06 +3.38090454042E+00 +28.94472331E-03
+44.40000E-06 +1.51557789758E+00 +3.61809042E-03
+44.41500E-06 -1.39899498209E+00 -25.32663289E-03
+44.43000E-06 -3.38090454042E+00 -37.98994934E-03
+44.44500E-06 -2.91457287975E+00 -21.70854248E-03
+44.46000E-06 -233.16583060E-03 +7.23618083E-03
+44.47500E-06 +2.44824121885E+00 +32.56281372E-03
+44.49000E-06 +3.49748745568E+00 +32.56281372E-03
+44.50500E-06 +1.98190955825E+00 +5.42713562E-03
+44.52000E-06 -1.16582915171E+00 -25.32663289E-03
+44.53500E-06 -3.49748745553E+00 -39.79899455E-03
+44.55000E-06 -3.14773871020E+00 -27.13567810E-03
+44.56500E-06 -699.49749128E-03 +5.42713562E-03
+44.58000E-06 +2.33165830358E+00 +32.56281372E-03
+44.59500E-06 +3.73065328590E+00 +34.37185893E-03
+44.61000E-06 +2.21507538871E+00 +10.85427124E-03
+44.62500E-06 -932.66332142E-03 -23.51758769E-03
+44.64000E-06 -3.49748745545E+00 -39.79899455E-03
+44.65500E-06 -3.49748745561E+00 -28.94472331E-03
+44.67000E-06 -1.04924623684E+00 +3.61809041E-03
+44.68500E-06 +2.21507538847E+00 +34.37185893E-03
+44.70000E-06 +3.84723620109E+00 +34.37185893E-03
+44.71500E-06 +2.56482413419E+00 +14.47236166E-03
+44.73000E-06 -699.49749089E-03 -21.70854248E-03
+44.74500E-06 -3.38090454034E+00 -41.60803975E-03
+44.76000E-06 -3.73065328606E+00 -32.56281372E-03
+44.77500E-06 -1.28241206729E+00 -0.0E+00
+44.79000E-06 +1.98190955810E+00 +28.94472331E-03
+44.80500E-06 +3.84723620117E+00 +39.79899455E-03
+44.82000E-06 +2.91457287967E+00 +16.28140686E-03
+44.83500E-06 -349.74874540E-03 -18.09045207E-03
+44.85000E-06 -3.38090454034E+00 -41.60803976E-03
+44.86500E-06 -4.08040203154E+00 -36.18090414E-03
+44.88000E-06 -1.74874372788E+00 -5.42713562E-03
+44.89500E-06 +1.86532664283E+00 +30.75376851E-03
+44.91000E-06 +3.84723620125E+00 +41.60803976E-03
+44.92500E-06 +3.26432162523E+00 +21.70854248E-03
+44.94000E-06 +240E-12 -16.28140686E-03
+44.95500E-06 -3.26432162515E+00 -41.60803976E-03
+44.97000E-06 -4.31356786183E+00 -39.79899455E-03
+44.98500E-06 -1.98190955842E+00 -9.04522604E-03
+45.00000E-06 +1.51557789735E+00 +28.94472331E-03
+45.01500E-06 +4.08040203146E+00 +43.41708496E-03
+45.03000E-06 +3.49748745569E+00 +27.13567810E-03
+45.04500E-06 +466.33166083E-03 -12.66331645E-03
+45.06000E-06 -3.14773870996E+00 -43.41708496E-03
+45.07500E-06 -4.43015077702E+00 -41.60803976E-03
+45.09000E-06 -2.56482413419E+00 -10.85427124E-03
+45.10500E-06 +1.39899498200E+00 +25.32663290E-03
+45.12000E-06 +3.84723620125E+00 +45.22613017E-03
+45.13500E-06 +3.73065328606E+00 +28.94472331E-03
+45.15000E-06 +699.49749129E-03 -9.04522603E-03
+45.16500E-06 -3.03115579461E+00 -41.60803976E-03
+45.18000E-06 -4.54673369229E+00 -48.84422058E-03
+45.19500E-06 -2.79798996465E+00 -16.28140686E-03
+45.21000E-06 +932.66332133E-03 +25.32663289E-03
+45.22500E-06 +4.08040203138E+00 +47.03517538E-03
+45.24000E-06 +4.08040203162E+00 +34.37185893E-03
+45.25500E-06 +1.04924623685E+00 -3.61809041E-03
+45.27000E-06 -2.79798996424E+00 -39.79899455E-03
+45.28500E-06 -4.66331660748E+00 -48.84422058E-03
+45.30000E-06 -3.14773871021E+00 -21.70854248E-03
+45.31500E-06 +582.91457577E-03 +23.51758769E-03
+45.33000E-06 +3.96381911627E+00 +47.03517537E-03
+45.34500E-06 +4.43015077710E+00 +37.98994934E-03
+45.36000E-06 +1.39899498249E+00 -1.80904520E-03
+45.37500E-06 -2.44824121884E+00 -41.60803975E-03
+45.39000E-06 -4.77989952266E+00 -50.65326579E-03
+45.40500E-06 -3.49748745577E+00 -23.51758769E-03
+45.42000E-06 +233.16583021E-03 +18.09045206E-03
+45.43500E-06 +3.84723620108E+00 +48.84422058E-03
+45.45000E-06 +4.66331660748E+00 +41.60803976E-03
+45.46500E-06 +1.98190955835E+00 +1.80904521E-03
+45.48000E-06 -2.33165830348E+00 -37.98994934E-03
+45.49500E-06 -4.89648243776E+00 -54.27135620E-03
+45.51000E-06 -3.96381911644E+00 -28.94472331E-03
+45.52500E-06 -116.58291536E-03 +16.28140686E-03
+45.54000E-06 +3.73065328573E+00 +45.22613017E-03
+45.55500E-06 +4.77989952275E+00 +45.22613017E-03
+45.57000E-06 +2.33165830399E+00 +9.04522603E-03
+45.58500E-06 -1.98190955801E+00 -36.18090413E-03
+45.60000E-06 -5.01306535295E+00 -54.27135620E-03
+45.61500E-06 -4.31356786209E+00 -34.37185893E-03
+45.63000E-06 -466.33166100E-03 +12.66331644E-03
+45.64500E-06 +3.61407037062E+00 +47.03517537E-03
+45.66000E-06 +5.12964826814E+00 +47.03517538E-03
+45.67500E-06 +2.79798996466E+00 +12.66331645E-03
+45.69000E-06 -1.63216081236E+00 -34.37185893E-03
+45.70500E-06 -4.89648243785E+00 -57.88944662E-03
+45.72000E-06 -4.66331660765E+00 -37.98994934E-03
+45.73500E-06 -1.04924623685E+00 +7.23618082E-03
+45.75000E-06 +3.38090454025E+00 +47.03517537E-03
+45.76500E-06 +5.24623118350E+00 +52.46231100E-03
+45.78000E-06 +3.26432162541E+00 +14.47236166E-03
+45.79500E-06 -1.16582915169E+00 -30.75376851E-03
+45.81000E-06 -4.89648243776E+00 -57.88944662E-03
+45.82500E-06 -5.01306535321E+00 -43.41708496E-03
+45.84000E-06 -1.51557789760E+00 +3.61809041E-03
+45.85500E-06 +3.14773870978E+00 +48.84422058E-03
+45.87000E-06 +5.36281409868E+00 +56.08040141E-03
+45.88500E-06 +3.61407037097E+00 +21.70854248E-03
+45.90000E-06 -816.08040613E-03 -28.94472331E-03
+45.91500E-06 -4.77989952249E+00 -57.88944662E-03
+45.93000E-06 -5.36281409860E+00 -48.84422058E-03
+45.94500E-06 -1.86532664334E+00 -3.61809041E-03
+45.96000E-06 +2.79798996422E+00 +45.22613017E-03
+45.97500E-06 +5.47939701370E+00 +57.88944662E-03
+45.99000E-06 +4.19698494682E+00 +27.13567810E-03
+46.00500E-06 -466.33166048E-03 -23.51758769E-03
+46.02000E-06 -4.66331660730E+00 -59.69849182E-03
+46.03500E-06 -5.59597992906E+00 -52.46231100E-03
+46.05000E-06 -2.44824121910E+00 -7.23618083E-03
+46.06500E-06 +2.56482413384E+00 +43.41708496E-03
+46.08000E-06 +5.59597992879E+00 +61.50753703E-03
+46.09500E-06 +4.54673369247E+00 +30.75376852E-03
+46.11000E-06 +270E-12 -19.89949727E-03
+46.12500E-06 -4.54673369202E+00 -59.69849182E-03
+46.14000E-06 -5.82914575934E+00 -57.88944662E-03
+46.15500E-06 -2.91457287994E+00 -12.66331645E-03
+46.17000E-06 +2.09849247318E+00 +39.79899455E-03
+46.18500E-06 +5.59597992888E+00 +61.50753703E-03
+46.20000E-06 +4.77989952293E+00 +36.18090414E-03
+46.21500E-06 +466.33166102E-03 -16.28140686E-03
+46.23000E-06 -4.31356786164E+00 -59.69849182E-03
+46.24500E-06 -5.94572867453E+00 -59.69849183E-03
+46.26000E-06 -3.38090454069E+00 -19.89949727E-03
+46.27500E-06 +1.74874372744E+00 +37.98994934E-03
+46.29000E-06 +5.47939701378E+00 +65.12562744E-03
+46.30500E-06 +5.24623118350E+00 +43.41708496E-03
+46.32000E-06 +1.04924623695E+00 -9.04522603E-03
+46.33500E-06 -3.96381911617E+00 -56.08040141E-03
+46.35000E-06 -6.17889450490E+00 -63.31658224E-03
+46.36500E-06 -3.84723620144E+00 -23.51758769E-03
+46.38000E-06 +1.28241206678E+00 +32.56281372E-03
+46.39500E-06 +5.36281409850E+00 +65.12562744E-03
+46.41000E-06 +5.59597992915E+00 +48.84422058E-03
+46.42500E-06 +1.63216081271E+00 -5.42713562E-03
+46.44000E-06 -3.73065328570E+00 -54.27135620E-03
+46.45500E-06 -6.41206033519E+00 -66.93467265E-03
+46.47000E-06 -4.31356786219E+00 -28.94472331E-03
+46.48500E-06 +816.08040603E-03 +28.94472330E-03
+46.50000E-06 +5.36281409832E+00 +65.12562744E-03
+46.51500E-06 +5.94572867462E+00 +54.27135620E-03
+46.53000E-06 +2.09849247364E+00 +0.0E+00
+46.54500E-06 -3.38090454014E+00 -56.08040141E-03
+46.56000E-06 -6.41206033528E+00 -70.55276306E-03
+46.57500E-06 -4.89648243794E+00 -34.37185893E-03
+46.59000E-06 +349.74874528E-03 +25.32663289E-03
+46.60500E-06 +5.24623118322E+00 +65.12562744E-03
+46.62000E-06 +6.29547742009E+00 +56.08040141E-03
+46.63500E-06 +2.68140704958E+00 +3.61809042E-03
+46.65000E-06 -3.03115579448E+00 -50.65326579E-03
+46.66500E-06 -6.41206033528E+00 -72.36180827E-03
+46.68000E-06 -5.24623118360E+00 -39.79899455E-03
+46.69500E-06 -233.16583065E-03 +21.70854248E-03
+46.71000E-06 +5.12964826785E+00 +66.93467265E-03
+46.72500E-06 +6.52864325047E+00 +61.50753703E-03
+46.74000E-06 +3.26432162542E+00 +10.85427124E-03
+46.75500E-06 -2.56482413383E+00 -48.84422058E-03
+46.77000E-06 -6.41206033518E+00 -74.17085348E-03
+46.78500E-06 -5.71256284435E+00 -47.03517538E-03
+46.80000E-06 -816.08040659E-03 +14.47236165E-03
+46.81500E-06 +4.66331660729E+00 +63.31658223E-03
+46.83000E-06 +6.76180908084E+00 +65.12562744E-03
+46.84500E-06 +3.73065328627E+00 +14.47236166E-03
+46.86000E-06 -1.98190955799E+00 -45.22613017E-03
+46.87500E-06 -6.41206033518E+00 -75.97989868E-03
+46.89000E-06 -6.06231158991E+00 -52.46231100E-03
+46.90500E-06 -1.16582915244E+00 +9.04522603E-03
+46.92000E-06 +4.43015077691E+00 +63.31658223E-03
+46.93500E-06 +6.87839199603E+00 +70.55276306E-03
+46.95000E-06 +4.19698494711E+00 +25.32663290E-03
+46.96500E-06 -1.63216081223E+00 -37.98994934E-03
+46.98000E-06 -6.17889450490E+00 -77.78894389E-03
+46.99500E-06 -6.52864325066E+00 -57.88944662E-03
+47.01000E-06 -1.98190955837E+00 +3.61809041E-03
+47.02500E-06 +4.08040203116E+00 +59.69849182E-03
+47.04000E-06 +6.99497491121E+00 +72.36180827E-03
+47.05500E-06 +4.89648243804E+00 +30.75376852E-03
+47.07000E-06 -1.04924623630E+00 -34.37185892E-03
+47.08500E-06 -6.17889450471E+00 -75.97989868E-03
+47.10000E-06 -6.76180908103E+00 -65.12562744E-03
+47.11500E-06 -2.56482413450E+00 -3.61809042E-03
+47.13000E-06 +3.61407037050E+00 +57.88944661E-03
+47.14500E-06 +7.11155782630E+00 +75.97989868E-03
+47.16000E-06 +5.24623118370E+00 +37.98994934E-03
+47.17500E-06 -466.33166036E-03 -28.94472331E-03
+47.19000E-06 -5.94572867434E+00 -75.97989868E-03
+47.20500E-06 -7.11155782650E+00 -68.74371786E-03
+47.22000E-06 -3.14773871034E+00 -9.04522604E-03
+47.23500E-06 +3.14773870975E+00 +54.27135620E-03
+47.25000E-06 +7.11155782640E+00 +79.59798910E-03
+47.26500E-06 +5.82914575944E+00 +41.60803976E-03
+47.28000E-06 +116.58291558E-03 -25.32663289E-03
+47.29500E-06 -5.59597992877E+00 -74.17085348E-03
+47.31000E-06 -7.46130657196E+00 -72.36180827E-03
+47.32500E-06 -3.73065328628E+00 -18.09045207E-03
+47.34000E-06 +2.68140704890E+00 +48.84422058E-03
+47.35500E-06 +6.99497491111E+00 +79.59798910E-03
+47.37000E-06 +6.29547742029E+00 +50.65326579E-03
+47.38500E-06 +816.08040651E-03 -18.09045206E-03
+47.40000E-06 -5.47939701339E+00 -75.97989868E-03
+47.41500E-06 -7.57788948725E+00 -77.78894389E-03
+47.43000E-06 -4.31356786221E+00 -25.32663290E-03
+47.44500E-06 +2.09849247306E+00 +47.03517537E-03
+47.46000E-06 +7.11155782620E+00 +79.59798910E-03
+47.47500E-06 +6.64522616595E+00 +54.27135621E-03
+47.49000E-06 +1.39899498264E+00 -12.66331644E-03
+47.50500E-06 -5.01306535274E+00 -72.36180827E-03
+47.52000E-06 -7.81105531752E+00 -81.40703431E-03
+47.53500E-06 -5.01306535334E+00 -28.94472331E-03
+47.55000E-06 +1.51557789713E+00 +39.79899455E-03
+47.56500E-06 +6.76180908074E+00 +83.21607951E-03
+47.58000E-06 +7.11155782650E+00 +59.69849183E-03
+47.59500E-06 +1.98190955848E+00 -7.23618082E-03
+47.61000E-06 -4.54673369189E+00 -68.74371785E-03
+47.62500E-06 -7.81105531762E+00 -86.83416992E-03
+47.64000E-06 -5.47939701409E+00 -34.37185893E-03
+47.65500E-06 +932.66332109E-03 +34.37185893E-03
+47.67000E-06 +6.64522616545E+00 +83.21607951E-03
+47.68500E-06 +7.46130657216E+00 +65.12562745E-03
+47.70000E-06 +2.68140704960E+00 +10E-12
+47.71500E-06 -4.08040203134E+00 -65.12562744E-03
+47.73000E-06 -7.92763823261E+00 -86.83416993E-03
+47.74500E-06 -6.06231159002E+00 -45.22613017E-03
+47.76000E-06 +233.16583007E-03 +28.94472330E-03
+47.77500E-06 +6.41206033497E+00 +79.59798910E-03
+47.79000E-06 +7.69447240244E+00 +72.36180827E-03
+47.80500E-06 +3.38090454083E+00 +7.23618083E-03
+47.82000E-06 -3.49748745530E+00 -65.12562744E-03
+47.83500E-06 -7.81105531742E+00 -88.64321513E-03
+47.85000E-06 -6.41206033559E+00 -52.46231100E-03
+47.86500E-06 -233.16583099E-03 +21.70854248E-03
+47.88000E-06 +6.06231158941E+00 +79.59798910E-03
+47.89500E-06 +8.04422114779E+00 +77.78894389E-03
+47.91000E-06 +3.96381911666E+00 +16.28140686E-03
+47.92500E-06 -3.14773870953E+00 -56.08040141E-03
+47.94000E-06 -7.81105531742E+00 -92.26130554E-03
+47.95500E-06 -6.99497491142E+00 -57.88944662E-03
+47.97000E-06 -932.66332181E-03 +16.28140686E-03
+47.98500E-06 +5.71256284374E+00 +79.59798909E-03
+48.00000E-06 +8.16080406308E+00 +81.40703431E-03
+48.01500E-06 +4.54673369270E+00 +23.51758769E-03
+48.03000E-06 -2.33165830332E+00 -52.46231099E-03
+48.04500E-06 -7.69447240213E+00 -92.26130554E-03
+48.06000E-06 -7.34472365698E+00 -66.93467265E-03
+48.07500E-06 -1.63216081303E+00 +10.85427123E-03
+48.09000E-06 +5.24623118310E+00 +77.78894389E-03
+48.10500E-06 +8.39396989335E+00 +85.02512472E-03
+48.12000E-06 +5.24623118362E+00 +30.75376852E-03
+48.13500E-06 -1.74874372738E+00 -47.03517537E-03
+48.15000E-06 -7.46130657186E+00 -92.26130554E-03
+48.16500E-06 -7.81105531763E+00 -72.36180827E-03
+48.18000E-06 -2.33165830416E+00 +1.80904520E-03
+48.19500E-06 +4.77989952235E+00 +72.36180827E-03
+48.21000E-06 +8.39396989346E+00 +88.64321513E-03
+48.22500E-06 +5.71256284458E+00 +36.18090414E-03
+48.24000E-06 -1.04924623626E+00 -39.79899455E-03
+48.25500E-06 -7.34472365646E+00 -92.26130554E-03
+48.27000E-06 -8.16080406319E+00 -77.78894389E-03
+48.28500E-06 -3.14773871036E+00 -5.42713563E-03
+48.30000E-06 +4.31356786138E+00 +66.93467265E-03
+48.31500E-06 +8.39396989335E+00 +92.26130554E-03
+48.33000E-06 +6.41206033560E+00 +43.41708497E-03
+48.34500E-06 -466.33166032E-03 -34.37185892E-03
+48.36000E-06 -6.99497491089E+00 -92.26130554E-03
+48.37500E-06 -8.51055280875E+00 -81.40703431E-03
+48.39000E-06 -3.73065328630E+00 -12.66331645E-03
+48.40500E-06 +3.73065328555E+00 +63.31658223E-03
+48.42000E-06 +8.39396989324E+00 +92.26130555E-03
+48.43500E-06 +6.87839199635E+00 +54.27135620E-03
+48.45000E-06 +116.58291583E-03 -27.13567810E-03
+48.46500E-06 -6.64522616533E+00 -90.45226033E-03
+48.48000E-06 -8.74371863912E+00 -85.02512472E-03
+48.49500E-06 -4.43015077753E+00 -19.89949728E-03
+48.51000E-06 +3.14773870951E+00 +59.69849182E-03
+48.52500E-06 +8.27738697805E+00 +94.07035075E-03
+48.54000E-06 +7.34472365699E+00 +57.88944662E-03
+48.55500E-06 +932.66332193E-03 -19.89949727E-03
+48.57000E-06 -6.17889450458E+00 -86.83416992E-03
+48.58500E-06 -8.86030155431E+00 -92.26130555E-03
+48.60000E-06 -5.12964826855E+00 -28.94472331E-03
+48.61500E-06 +2.33165830330E+00 +54.27135620E-03
+48.63000E-06 +8.04422114779E+00 +97.68844116E-03
+48.64500E-06 +7.81105531774E+00 +66.93467265E-03
+48.66000E-06 +1.74874372824E+00 -12.66331644E-03
+48.67500E-06 -5.71256284372E+00 -83.21607951E-03
+48.69000E-06 -8.97688446939E+00 -94.07035075E-03
+48.70500E-06 -5.59597992952E+00 -37.98994935E-03
+48.72000E-06 +1.74874372726E+00 +47.03517537E-03
+48.73500E-06 +7.92763823238E+00 +95.87939596E-03
+48.75000E-06 +8.04422114822E+00 +74.17085348E-03
+48.76500E-06 +2.44824121936E+00 -3.61809041E-03
+48.78000E-06 -5.12964826789E+00 -79.59798909E-03
+48.79500E-06 -9.09346738447E+00 -97.68844117E-03
+48.81000E-06 -6.29547742042E+00 -43.41708497E-03
+48.82500E-06 +1.04924623613E+00 +37.98994934E-03
+48.84000E-06 +7.46130657174E+00 +95.87939595E-03
+48.85500E-06 +8.51055280886E+00 +77.78894389E-03
+48.87000E-06 +3.14773871060E+00 +3.61809042E-03
+48.88500E-06 -4.66331660692E+00 -72.36180827E-03
+48.90000E-06 -8.86030155420E+00 -101.30653158E-03
+48.91500E-06 -6.87839199636E+00 -52.46231100E-03
+48.93000E-06 +349.74874512E-03 +32.56281371E-03
+48.94500E-06 +7.22814074114E+00 +92.26130554E-03
+48.96000E-06 +8.62713572405E+00 +85.02512472E-03
+48.97500E-06 +3.96381911669E+00 +10.85427125E-03
+48.99000E-06 -3.84723620072E+00 -70.55276306E-03
+49.00500E-06 -8.86030155398E+00 -103.11557679E-03
+49.02000E-06 -7.34472365711E+00 -61.50753703E-03
+49.03500E-06 -466.33166119E-03 +25.32663289E-03
+49.05000E-06 +6.76180908050E+00 +90.45226033E-03
+49.06500E-06 +8.97688446939E+00 +88.64321513E-03
+49.08000E-06 +4.54673369274E+00 +19.89949728E-03
+49.09500E-06 -3.26432162478E+00 -63.31658223E-03
+49.11000E-06 -8.62713572372E+00 -103.11557678E-03
+49.12500E-06 -7.81105531775E+00 -66.93467266E-03
+49.14000E-06 -1.16582915243E+00 +16.28140686E-03
+49.15500E-06 +6.29547741975E+00 +88.64321513E-03
+49.17000E-06 +9.21005029976E+00 +92.26130555E-03
+49.18500E-06 +5.24623118375E+00 +27.13567811E-03
+49.20000E-06 -2.68140704873E+00 -57.88944661E-03
+49.21500E-06 -8.51055280842E+00 -103.11557678E-03
+49.23000E-06 -8.27738697850E+00 -74.17085348E-03
+49.24500E-06 -1.86532664344E+00 +9.04522603E-03
+49.26000E-06 +5.82914575878E+00 +81.40703430E-03
+49.27500E-06 +9.21005029976E+00 +97.68844117E-03
+49.29000E-06 +5.71256284473E+00 +34.37185894E-03
+49.30500E-06 -1.86532664242E+00 -48.84422058E-03
+49.32000E-06 -8.27738697793E+00 -101.30653158E-03
+49.33500E-06 -8.62713572394E+00 -81.40703431E-03
+49.35000E-06 -2.56482413468E+00 +1.80904520E-03
+49.36500E-06 +5.24623118295E+00 +79.59798909E-03
+49.38000E-06 +9.32663321472E+00 +97.68844117E-03
+49.39500E-06 +6.41206033574E+00 +45.22613017E-03
+49.41000E-06 -1.16582915130E+00 -43.41708496E-03
+49.42500E-06 -7.81105531741E+00 -101.30653157E-03
+49.44000E-06 -8.97688446950E+00 -86.83416993E-03
+49.45500E-06 -3.38090454088E+00 -7.23618083E-03
+49.47000E-06 +4.54673369183E+00 +75.97989868E-03
+49.48500E-06 +9.21005029965E+00 +101.30653158E-03
+49.50000E-06 +6.99497491156E+00 +48.84422059E-03
+49.51500E-06 -466.33166017E-03 -36.18090413E-03
+49.53000E-06 -7.46130657161E+00 -99.49748637E-03
+49.54500E-06 -9.09346738481E+00 -92.26130555E-03
+49.56000E-06 -4.08040203212E+00 -16.28140687E-03
+49.57500E-06 +3.96381911589E+00 +68.74371785E-03
+49.59000E-06 +8.97688446927E+00 +101.30653158E-03
+49.60500E-06 +7.46130657231E+00 +57.88944662E-03
+49.62000E-06 +349.74874614E-03 -27.13567810E-03
+49.63500E-06 -6.99497491075E+00 -95.87939595E-03
+49.65000E-06 -9.32663321495E+00 -94.07035075E-03
+49.66500E-06 -4.89648243820E+00 -27.13567810E-03
+49.68000E-06 +3.26432162465E+00 +63.31658223E-03
+49.69500E-06 +8.86030155397E+00 +101.30653158E-03
+49.71000E-06 +7.92763823306E+00 +66.93467265E-03
+49.72500E-06 +1.04924623727E+00 -19.89949727E-03
+49.74000E-06 -6.52864325011E+00 -95.87939595E-03
+49.75500E-06 -9.44321613014E+00 -101.30653158E-03
+49.77000E-06 -5.47939701425E+00 -32.56281373E-03
+49.78500E-06 +2.56482413352E+00 +54.27135620E-03
+49.80000E-06 +8.51055280852E+00 +103.11557678E-03
+49.81500E-06 +8.39396989357E+00 +72.36180827E-03
+49.83000E-06 +1.86532664358E+00 -10.85427124E-03
+49.84500E-06 -5.94572867406E+00 -86.83416992E-03
+49.86000E-06 -9.44321613026E+00 -103.11557679E-03
+49.87500E-06 -6.06231159007E+00 -41.60803976E-03
+49.89000E-06 +1.86532664240E+00 +48.84422058E-03
+49.90500E-06 +8.16080406284E+00 +101.30653158E-03
+49.92000E-06 +8.62713572407E+00 +77.78894389E-03
+49.93500E-06 +2.56482413471E+00 -1.80904520E-03
+49.95000E-06 -5.36281409812E+00 -83.21607951E-03
+49.96500E-06 -9.44321613002E+00 -104.92462199E-03
+49.98000E-06 -6.76180908108E+00 -50.65326579E-03
+49.99500E-06 +1.04924623609E+00 +39.79899454E-03
+50.01000E-06 +7.81105531728E+00 +99.49748637E-03
+50.02500E-06 +8.97688446939E+00 +83.21607951E-03
+50.04000E-06 +3.38090454102E+00 +7.23618083E-03
+50.05500E-06 -4.77989952206E+00 -77.78894388E-03
+50.07000E-06 -9.21005029964E+00 -106.73366720E-03
+50.08500E-06 -7.11155782676E+00 -57.88944662E-03
+50.10000E-06 +349.74874484E-03 +30.75376851E-03
+50.11500E-06 +7.34472365641E+00 +97.68844116E-03
+50.13000E-06 +9.09346738470E+00 +90.45226034E-03
+50.14500E-06 +4.08040203190E+00 +14.47236166E-03
+50.16000E-06 -3.96381911587E+00 -70.55276306E-03
+50.17500E-06 -9.21005029952E+00 -106.73366720E-03
+50.19000E-06 -7.69447240270E+00 -63.31658224E-03
+50.20500E-06 -466.33166135E-03 +23.51758768E-03
+50.22000E-06 +6.99497491073E+00 +92.26130554E-03
+50.23500E-06 +9.21005029988E+00 +92.26130555E-03
+50.25000E-06 +4.77989952315E+00 +21.70854248E-03
+50.26500E-06 -3.38090453981E+00 -65.12562744E-03
+50.28000E-06 -8.97688446903E+00 -104.92462199E-03
+50.29500E-06 -8.16080406332E+00 -70.55276307E-03
+50.31000E-06 -1.28241206754E+00 +14.47236165E-03
+50.32500E-06 +6.41206033491E+00 +88.64321513E-03
+50.34000E-06 +9.32663321495E+00 +95.87939596E-03
+50.35500E-06 +5.36281409908E+00 +30.75376852E-03
+50.37000E-06 -2.56482413362E+00 -57.88944661E-03
+50.38500E-06 -8.62713572358E+00 -106.73366719E-03
+50.40000E-06 -8.51055280889E+00 -77.78894390E-03
+50.41500E-06 -1.98190955879E+00 +7.23618082E-03
+50.43000E-06 +5.82914575898E+00 +83.21607951E-03
+50.44500E-06 +9.32663321495E+00 +99.49748637E-03
+50.46000E-06 +6.06231158996E+00 +36.18090414E-03
+50.47500E-06 -1.86532664238E+00 -48.84422058E-03
+50.49000E-06 -8.27738697802E+00 -104.92462199E-03
+50.50500E-06 -8.74371863926E+00 -85.02512472E-03
+50.52000E-06 -2.79798996498E+00 -1.80904521E-03
+50.53500E-06 +5.12964826773E+00 +77.78894389E-03
+50.55000E-06 +9.21005029976E+00 +101.30653158E-03
+50.56500E-06 +6.52864325084E+00 +47.03517538E-03
+50.58000E-06 -1.04924623619E+00 -43.41708495E-03
+50.59500E-06 -7.92763823234E+00 -101.30653158E-03
+50.61000E-06 -8.97688446951E+00 -86.83416993E-03
+50.62500E-06 -3.49748745610E+00 -10.85427125E-03
+50.64000E-06 +4.54673369179E+00 +74.17085347E-03
+50.65500E-06 +9.21005029964E+00 +104.92462199E-03
+50.67000E-06 +6.99497491171E+00 +54.27135621E-03
+50.68500E-06 -349.74874494E-03 -34.37185892E-03
+50.70000E-06 -7.34472365640E+00 -99.49748637E-03
+50.71500E-06 -9.09346738470E+00 -92.26130555E-03
+50.73000E-06 -4.19698494723E+00 -18.09045207E-03
+50.74500E-06 +3.84723620054E+00 +66.93467265E-03
+50.76000E-06 +8.86030155408E+00 +104.92462199E-03
+50.77500E-06 +7.46130657221E+00 +59.69849183E-03
+50.79000E-06 +466.33166125E-03 -25.32663289E-03
+50.80500E-06 -6.87839199565E+00 -94.07035075E-03
+50.82000E-06 -9.21005029989E+00 -97.68844116E-03
+50.83500E-06 -4.89648243823E+00 -27.13567811E-03
+50.85000E-06 +3.03115579448E+00 +59.69849182E-03
+50.86500E-06 +8.74371863864E+00 +101.30653158E-03
+50.88000E-06 +7.69447240284E+00 +66.93467265E-03
+50.89500E-06 +1.16582915250E+00 -16.28140685E-03
+50.91000E-06 -6.41206033465E+00 -90.45226033E-03
+50.92500E-06 -9.21005029989E+00 -99.49748638E-03
+50.94000E-06 -5.36281409910E+00 -36.18090414E-03
+50.95500E-06 +2.33165830323E+00 +50.65326579E-03
+50.97000E-06 +8.39396989320E+00 +103.11557678E-03
+50.98500E-06 +8.27738697814E+00 +72.36180828E-03
+51.00000E-06 +1.86532664350E+00 -9.04522603E-03
+51.01500E-06 -5.71256284378E+00 -86.83416992E-03
+51.03000E-06 -9.21005029976E+00 -101.30653158E-03
+51.04500E-06 -5.94572867504E+00 -41.60803976E-03
+51.06000E-06 +1.63216081211E+00 +43.41708496E-03
+51.07500E-06 +7.92763823233E+00 +99.49748637E-03
+51.09000E-06 +8.39396989371E+00 +77.78894389E-03
+51.10500E-06 +2.56482413462E+00 -1.80904520E-03
+51.12000E-06 -5.24623118277E+00 -79.59798909E-03
+51.13500E-06 -9.09346738445E+00 -103.11557678E-03
+51.15000E-06 -6.41206033579E+00 -50.65326579E-03
+51.16500E-06 +932.66332098E-03 +36.18090413E-03
+51.18000E-06 +7.57788948676E+00 +94.07035075E-03
+51.19500E-06 +8.51055280877E+00 +83.21607951E-03
+51.21000E-06 +3.26432162575E+00 +7.23618083E-03
+51.22500E-06 -4.54673369177E+00 -72.36180827E-03
+51.24000E-06 -8.97688446926E+00 -101.30653158E-03
+51.25500E-06 -6.99497491147E+00 -56.08040142E-03
+51.27000E-06 +233.16582973E-03 +28.94472330E-03
+51.28500E-06 +6.99497491096E+00 +94.07035074E-03
+51.30000E-06 +8.74371863915E+00 +85.02512472E-03
+51.31500E-06 +3.84723620181E+00 +14.47236166E-03
+51.33000E-06 -3.73065328546E+00 -66.93467264E-03
+51.34500E-06 -8.62713572383E+00 -103.11557679E-03
+51.36000E-06 -7.46130657209E+00 -63.31658224E-03
+51.37500E-06 -582.91457645E-03 +19.89949727E-03
+51.39000E-06 +6.52864325008E+00 +88.64321513E-03
+51.40500E-06 +8.74371863915E+00 +90.45226034E-03
+51.42000E-06 +4.54673369281E+00 +21.70854249E-03
+51.43500E-06 -3.14773870939E+00 -59.69849182E-03
+51.45000E-06 -8.39396989320E+00 -101.30653158E-03
+51.46500E-06 -7.57788948754E+00 -68.74371786E-03
+51.48000E-06 -1.39899498263E+00 +10.85427124E-03
+51.49500E-06 +5.94572867401E+00 +83.21607951E-03
+51.51000E-06 +8.74371863902E+00 +92.26130555E-03
+51.52500E-06 +5.12964826862E+00 +30.75376852E-03
+51.54000E-06 -2.33165830321E+00 -54.27135619E-03
+51.55500E-06 -8.04422114763E+00 -101.30653157E-03
+51.57000E-06 -7.92763823284E+00 -74.17085348E-03
+51.58500E-06 -1.98190955883E+00 +5.42713561E-03
+51.60000E-06 +5.36281409820E+00 +77.78894389E-03
+51.61500E-06 +8.74371863888E+00 +94.07035076E-03
+51.63000E-06 +5.59597992950E+00 +37.98994935E-03
+51.64500E-06 -1.63216081209E+00 -45.22613016E-03
+51.66000E-06 -7.57788948688E+00 -99.49748637E-03
+51.67500E-06 -8.27738697827E+00 -81.40703431E-03
+51.69000E-06 -2.56482413464E+00 -3.61809042E-03
+51.70500E-06 +4.66331660695E+00 +72.36180827E-03
+51.72000E-06 +8.51055280864E+00 +95.87939596E-03
+51.73500E-06 +6.06231159011E+00 +43.41708497E-03
+51.75000E-06 -932.66332083E-03 -36.18090413E-03
+51.76500E-06 -7.22814074119E+00 -94.07035075E-03
+51.78000E-06 -8.27738697840E+00 -85.02512472E-03
+51.79500E-06 -3.26432162577E+00 -10.85427125E-03
+51.81000E-06 +4.08040203101E+00 +66.93467264E-03
+51.82500E-06 +8.39396989319E+00 +95.87939596E-03
+51.84000E-06 +6.41206033568E+00 +50.65326580E-03
+51.85500E-06 -233.16582984E-03 -28.94472330E-03
+51.87000E-06 -6.76180908044E+00 -90.45226033E-03
+51.88500E-06 -8.39396989346E+00 -88.64321513E-03
+51.90000E-06 -3.84723620170E+00 -21.70854249E-03
+51.91500E-06 +3.38090453988E+00 +59.69849182E-03
+51.93000E-06 +8.16080406281E+00 +95.87939596E-03
+51.94500E-06 +6.87839199629E+00 +57.88944662E-03
+51.96000E-06 +349.74874623E-03 -21.70854247E-03
+51.97500E-06 -6.29547741969E+00 -85.02512472E-03
+51.99000E-06 -8.39396989359E+00 -90.45226034E-03
+52.00500E-06 -4.43015077750E+00 -27.13567811E-03
+52.02000E-06 +2.79798996395E+00 +52.46231099E-03
+52.03500E-06 +7.69447240206E+00 +94.07035075E-03
+52.05000E-06 +7.11155782667E+00 +63.31658224E-03
+52.06500E-06 +1.16582915241E+00 -14.47236165E-03
+52.08000E-06 -5.82914575867E+00 -81.40703430E-03
+52.09500E-06 -8.27738697827E+00 -90.45226034E-03
+52.11000E-06 -4.89648243825E+00 -32.56281373E-03
+52.12500E-06 +2.09849247282E+00 +45.22613016E-03
+52.14000E-06 +7.34472365664E+00 +88.64321513E-03
+52.15500E-06 +7.34472365691E+00 +66.93467265E-03
+52.17000E-06 +1.74874372835E+00 -5.42713562E-03
+52.18500E-06 -5.01306535276E+00 -77.78894388E-03
+52.20000E-06 -8.27738697813E+00 -92.26130554E-03
+52.21500E-06 -5.36281409901E+00 -41.60803976E-03
+52.23000E-06 +1.39899498170E+00 +39.79899454E-03
+52.24500E-06 +6.99497491094E+00 +88.64321513E-03
+52.26000E-06 +7.46130657210E+00 +70.55276307E-03
+52.27500E-06 +2.33165830428E+00 +1.80904521E-03
+52.29000E-06 -4.43015077669E+00 -70.55276306E-03
+52.30500E-06 -8.04422114789E+00 -92.26130555E-03
+52.32000E-06 -5.82914575962E+00 -47.03517538E-03
+52.33500E-06 +816.08040562E-03 +30.75376851E-03
+52.35000E-06 +6.52864325033E+00 +85.02512471E-03
+52.36500E-06 +7.57788948728E+00 +75.97989868E-03
+52.38000E-06 +2.91457288022E+00 +7.23618084E-03
+52.39500E-06 -3.84723620075E+00 -63.31658223E-03
+52.41000E-06 -7.81105531752E+00 -92.26130554E-03
+52.42500E-06 -6.06231159027E+00 -52.46231100E-03
+52.44000E-06 -410E-12 +23.51758768E-03
+52.45500E-06 +6.06231158930E+00 +79.59798910E-03
+52.47000E-06 +7.57788948742E+00 +77.78894389E-03
+52.48500E-06 +3.49748745616E+00 +14.47236166E-03
+52.50000E-06 -3.26432162482E+00 -57.88944661E-03
+52.51500E-06 -7.57788948687E+00 -90.45226034E-03
+52.53000E-06 -6.41206033556E+00 -56.08040142E-03
+52.54500E-06 -582.91457649E-03 +14.47236165E-03
+52.56000E-06 +5.59597992869E+00 +75.97989868E-03
+52.57500E-06 +7.57788948729E+00 +77.78894389E-03
+52.59000E-06 +3.96381911691E+00 +19.89949728E-03
+52.60500E-06 -2.56482413369E+00 -52.46231099E-03
+52.62000E-06 -7.34472365650E+00 -88.64321513E-03
+52.63500E-06 -6.64522616579E+00 -61.50753703E-03
+52.65000E-06 -1.04924623752E+00 +9.04522603E-03
+52.66500E-06 +5.12964826780E+00 +72.36180827E-03
+52.68000E-06 +7.57788948715E+00 +83.21607951E-03
+52.69500E-06 +4.43015077752E+00 +28.94472331E-03
+52.71000E-06 -1.98190955762E+00 -43.41708496E-03
+52.72500E-06 -6.99497491093E+00 -85.02512472E-03
+52.74000E-06 -6.87839199617E+00 -66.93467265E-03
+52.75500E-06 -1.74874372822E+00 +1.80904520E-03
+52.77000E-06 +4.54673369173E+00 +66.93467265E-03
+52.78500E-06 +7.46130657182E+00 +81.40703431E-03
+52.80000E-06 +4.77989952308E+00 +34.37185893E-03
+52.81500E-06 -1.28241206649E+00 -36.18090413E-03
+52.83000E-06 -6.52864325018E+00 -83.21607951E-03
+52.84500E-06 -6.87839199617E+00 -68.74371786E-03
+52.86000E-06 -2.21507538912E+00 -5.42713562E-03
+52.87500E-06 +3.84723620088E+00 +61.50753703E-03
+52.89000E-06 +7.11155782654E+00 +81.40703430E-03
+52.90500E-06 +5.12964826851E+00 +37.98994935E-03
+52.92000E-06 -816.08040574E-03 -28.94472331E-03
+52.93500E-06 -6.06231158943E+00 -79.59798910E-03
+52.95000E-06 -6.99497491135E+00 -70.55276307E-03
+52.96500E-06 -2.79798996505E+00 -10.85427125E-03
+52.98000E-06 +3.38090453999E+00 +52.46231100E-03
+52.99500E-06 +6.99497491121E+00 +81.40703430E-03
+53.01000E-06 +5.36281409902E+00 +45.22613017E-03
+53.02500E-06 -116.58291476E-03 -25.32663289E-03
+53.04000E-06 -5.71256284359E+00 -75.97989868E-03
+53.05500E-06 -6.99497491136E+00 -74.17085348E-03
+53.07000E-06 -3.26432162566E+00 -16.28140687E-03
+53.08500E-06 +2.79798996406E+00 +48.84422058E-03
+53.10000E-06 +6.76180908070E+00 +77.78894389E-03
+53.11500E-06 +5.71256284444E+00 +48.84422059E-03
+53.13000E-06 +466.33166132E-03 -16.28140686E-03
+53.14500E-06 -5.12964826794E+00 -72.36180827E-03
+53.16000E-06 -6.99497491121E+00 -75.97989869E-03
+53.17500E-06 -3.73065328641E+00 -23.51758769E-03
+53.19000E-06 +2.21507538812E+00 +43.41708496E-03
+53.20500E-06 +6.41206033513E+00 +77.78894389E-03
+53.22000E-06 +5.94572867467E+00 +52.46231100E-03
+53.23500E-06 +932.66332207E-03 -10.85427123E-03
+53.25000E-06 -4.66331660719E+00 -65.12562744E-03
+53.26500E-06 -6.99497491107E+00 -77.78894389E-03
+53.28000E-06 -4.19698494702E+00 -28.94472331E-03
+53.29500E-06 +1.63216081218E+00 +36.18090413E-03
+53.31000E-06 +6.06231158943E+00 +75.97989868E-03
+53.32500E-06 +5.94572867482E+00 +56.08040141E-03
+53.34000E-06 +1.51557789786E+00 -5.42713561E-03
+53.35500E-06 -4.08040203125E+00 -61.50753703E-03
+53.37000E-06 -6.76180908084E+00 -75.97989868E-03
+53.38500E-06 -4.43015077754E+00 -34.37185893E-03
+53.40000E-06 +1.04924623610E+00 +30.75376851E-03
+53.41500E-06 +5.71256284387E+00 +72.36180827E-03
+53.43000E-06 +6.06231159001E+00 +59.69849183E-03
+53.44500E-06 +1.98190955861E+00 +1.80904521E-03
+53.46000E-06 -3.61407037050E+00 -57.88944661E-03
+53.47500E-06 -6.52864325032E+00 -75.97989868E-03
+53.49000E-06 -4.77989952295E+00 -39.79899456E-03
+53.50500E-06 +466.33166031E-03 +23.51758768E-03
+53.52000E-06 +5.24623118326E+00 +70.55276306E-03
+53.53500E-06 +6.06231158986E+00 +59.69849183E-03
+53.55000E-06 +2.33165830418E+00 +7.23618083E-03
+53.56500E-06 -3.03115579457E+00 -52.46231099E-03
+53.58000E-06 -6.29547742009E+00 -77.78894389E-03
+53.59500E-06 -5.12964826837E+00 -43.41708497E-03
+53.61000E-06 -440E-12 +18.09045206E-03
+53.62500E-06 +4.89648243741E+00 +65.12562744E-03
+53.64000E-06 +5.94572867483E+00 +65.12562745E-03
+53.65500E-06 +2.79798996493E+00 +12.66331645E-03
+53.67000E-06 -2.56482413367E+00 -47.03517537E-03
+53.68500E-06 -6.06231158957E+00 -75.97989868E-03
+53.70000E-06 -5.01306535348E+00 -50.65326579E-03
+53.71500E-06 -582.91457623E-03 +12.66331644E-03
+53.73000E-06 +4.43015077681E+00 +61.50753703E-03
+53.74500E-06 +6.17889450476E+00 +65.12562745E-03
+53.76000E-06 +3.14773871049E+00 +18.09045207E-03
+53.77500E-06 -1.98190955773E+00 -43.41708496E-03
+53.79000E-06 -5.71256284401E+00 -70.55276306E-03
+53.80500E-06 -5.24623118371E+00 -50.65326579E-03
+53.82000E-06 -1.04924623698E+00 +5.42713562E-03
+53.83500E-06 +3.84723620102E+00 +56.08040141E-03
+53.85000E-06 +5.94572867453E+00 +65.12562744E-03
+53.86500E-06 +3.49748745590E+00 +21.70854249E-03
+53.88000E-06 -1.51557789698E+00 -34.37185893E-03
+53.89500E-06 -5.47939701363E+00 -70.55276306E-03
+53.91000E-06 -5.36281409890E+00 -54.27135620E-03
+53.92500E-06 -1.51557789788E+00 -1.80904521E-03
+53.94000E-06 +3.49748745516E+00 +50.65326579E-03
+53.95500E-06 +5.82914575934E+00 +65.12562744E-03
+53.97000E-06 +3.73065328643E+00 +27.13567810E-03
+53.98500E-06 -932.66332120E-03 -28.94472331E-03
+54.00000E-06 -5.24623118296E+00 -66.93467265E-03
+54.01500E-06 -5.47939701378E+00 -54.27135621E-03
+54.03000E-06 -1.86532664329E+00 -3.61809042E-03
+54.04500E-06 +3.03115579441E+00 +47.03517537E-03
+54.06000E-06 +5.47939701378E+00 +63.31658224E-03
+54.07500E-06 +3.96381911696E+00 +32.56281373E-03
+54.09000E-06 -582.91457533E-03 -25.32663289E-03
+54.10500E-06 -4.77989952236E+00 -63.31658223E-03
+54.12000E-06 -5.59597992897E+00 -54.27135621E-03
+54.13500E-06 -2.21507538900E+00 -10.85427125E-03
+54.15000E-06 +2.44824121862E+00 +41.60803975E-03
+54.16500E-06 +5.36281409860E+00 +63.31658224E-03
+54.18000E-06 +4.19698494703E+00 +32.56281373E-03
+54.19500E-06 -116.58291458E-03 -19.89949727E-03
+54.21000E-06 -4.31356786176E+00 -59.69849182E-03
+54.22500E-06 -5.47939701378E+00 -59.69849183E-03
+54.24000E-06 -2.68140704960E+00 -14.47236166E-03
+54.25500E-06 +2.09849247291E+00 +37.98994934E-03
+54.27000E-06 +5.12964826822E+00 +61.50753703E-03
+54.28500E-06 +4.43015077725E+00 +39.79899455E-03
+54.30000E-06 +349.74874587E-03 -14.47236165E-03
+54.31500E-06 -4.08040203108E+00 -54.27135620E-03
+54.33000E-06 -5.36281409860E+00 -57.88944662E-03
+54.34500E-06 -2.79798996510E+00 -19.89949728E-03
+54.36000E-06 +1.51557789712E+00 +32.56281372E-03
+54.37500E-06 +4.77989952251E+00 +59.69849182E-03
+54.39000E-06 +4.43015077741E+00 +39.79899455E-03
+54.40500E-06 +699.49749158E-03 -7.23618082E-03
+54.42000E-06 -3.38090454042E+00 -52.46231099E-03
+54.43500E-06 -5.36281409844E+00 -59.69849182E-03
+54.45000E-06 -3.14773871035E+00 -23.51758769E-03
+54.46500E-06 +1.16582915141E+00 +25.32663289E-03
+54.48000E-06 +4.54673369213E+00 +57.88944661E-03
+54.49500E-06 +4.54673369244E+00 +43.41708496E-03
+54.51000E-06 +1.16582915233E+00 +0.0E+00
+54.52500E-06 -3.03115579470E+00 -47.03517537E-03
+54.54000E-06 -5.01306535319E+00 -59.69849182E-03
+54.55500E-06 -3.38090454057E+00 -27.13567810E-03
+54.57000E-06 +699.49749081E-03 +21.70854248E-03
+54.58500E-06 +4.19698494642E+00 +52.46231100E-03
+54.60000E-06 +4.54673369229E+00 +47.03517538E-03
+54.61500E-06 +1.51557789774E+00 +1.80904521E-03
+54.63000E-06 -2.79798996402E+00 -41.60803975E-03
+54.64500E-06 -4.89648243769E+00 -57.88944662E-03
+54.66000E-06 -3.61407037110E+00 -32.56281372E-03
+54.67500E-06 +233.16583006E-03 +16.28140686E-03
+54.69000E-06 +3.96381911604E+00 +50.65326579E-03
+54.70500E-06 +4.54673369244E+00 +45.22613017E-03
+54.72000E-06 +1.74874372827E+00 +5.42713563E-03
+54.73500E-06 -2.21507538824E+00 -37.98994934E-03
+54.75000E-06 -4.66331660748E+00 -56.08040141E-03
+54.76500E-06 -3.73065328614E+00 -36.18090414E-03
+54.78000E-06 -310E-12 +10.85427124E-03
+54.79500E-06 +3.49748745545E+00 +47.03517538E-03
+54.81000E-06 +4.54673369229E+00 +47.03517538E-03
+54.82500E-06 +2.09849247368E+00 +10.85427124E-03
+54.84000E-06 -1.86532664268E+00 -32.56281372E-03
+54.85500E-06 -4.43015077710E+00 -56.08040141E-03
+54.87000E-06 -3.73065328629E+00 -36.18090414E-03
+54.88500E-06 -349.74874587E-03 +7.23618082E-03
+54.90000E-06 +3.26432162476E+00 +43.41708496E-03
+54.91500E-06 +4.43015077710E+00 +48.84422058E-03
+54.93000E-06 +2.44824121908E+00 +14.47236166E-03
+54.94500E-06 -1.39899498209E+00 -30.75376851E-03
+54.96000E-06 -4.31356786176E+00 -52.46231100E-03
+54.97500E-06 -3.96381911651E+00 -37.98994935E-03
+54.99000E-06 -816.08040647E-03 +3.61809041E-03
+55.00500E-06 +2.79798996433E+00 +41.60803975E-03
+55.02000E-06 +4.43015077694E+00 +47.03517538E-03
+55.03500E-06 +2.56482413443E+00 +16.28140687E-03
+55.05000E-06 -1.04924623637E+00 -25.32663289E-03
+55.06500E-06 -3.84723620117E+00 -48.84422058E-03
+55.08000E-06 -3.96381911651E+00 -39.79899455E-03
+55.09500E-06 -1.04924623716E+00 -1.80904521E-03
+55.11000E-06 +2.44824121877E+00 +36.18090413E-03
+55.12500E-06 +4.19698494657E+00 +47.03517537E-03
+55.14000E-06 +2.79798996464E+00 +16.28140687E-03
+55.15500E-06 -699.49749080E-03 -21.70854248E-03
+55.17000E-06 -3.61407037063E+00 -47.03517538E-03
+55.18500E-06 -3.96381911651E+00 -41.60803976E-03
+55.20000E-06 -1.51557789759E+00 -5.42713562E-03
+55.21500E-06 +2.09849247304E+00 +34.37185892E-03
+55.23000E-06 +4.08040203138E+00 +47.03517538E-03
+55.24500E-06 +2.91457287983E+00 +23.51758769E-03
+55.26000E-06 -349.74874524E-03 -18.09045206E-03
+55.27500E-06 -3.38090454026E+00 -45.22613017E-03
+55.29000E-06 -3.96381911635E+00 -41.60803976E-03
+55.30500E-06 -1.63216081278E+00 -10.85427124E-03
+55.32000E-06 +1.63216081246E+00 +30.75376851E-03
+55.33500E-06 +3.73065328598E+00 +45.22613017E-03
+55.35000E-06 +2.91457288015E+00 +27.13567811E-03
+55.36500E-06 +480E-12 -12.66331644E-03
+55.38000E-06 -3.03115579470E+00 -43.41708496E-03
+55.39500E-06 -3.96381911619E+00 -43.41708496E-03
+55.41000E-06 -1.86532664315E+00 -12.66331645E-03
+55.42500E-06 +1.39899498192E+00 +25.32663289E-03
+55.44000E-06 +3.61407037063E+00 +43.41708496E-03
+55.45500E-06 +3.03115579518E+00 +28.94472331E-03
+55.47000E-06 +233.16583086E-03 -9.04522603E-03
+55.48500E-06 -2.68140704914E+00 -37.98994934E-03
+55.50000E-06 -3.73065328614E+00 -41.60803976E-03
+55.51500E-06 -2.09849247353E+00 -14.47236166E-03
+55.53000E-06 +1.16582915138E+00 +21.70854248E-03
+55.54500E-06 +3.38090454026E+00 +39.79899455E-03
+55.56000E-06 +2.91457288000E+00 +28.94472331E-03
+55.57500E-06 +466.33166107E-03 -3.61809041E-03
+55.59000E-06 -2.33165830358E+00 -36.18090413E-03
+55.60500E-06 -3.73065328582E+00 -41.60803976E-03
+55.62000E-06 -2.21507538888E+00 -19.89949727E-03
+55.63500E-06 +699.49749096E-03 +16.28140686E-03
+55.65000E-06 +3.14773870988E+00 +41.60803975E-03
+55.66500E-06 +3.26432162507E+00 +28.94472331E-03
+55.68000E-06 +699.49749145E-03 +0.0E+00
+55.69500E-06 -2.09849247320E+00 -34.37185892E-03
+55.71000E-06 -3.49748745561E+00 -41.60803976E-03
+55.72500E-06 -2.44824121892E+00 -19.89949728E-03
+55.74000E-06 +466.33166042E-03 +12.66331645E-03
+55.75500E-06 +2.79798996449E+00 +37.98994934E-03
+55.77000E-06 +3.14773871021E+00 +30.75376852E-03
+55.78500E-06 +1.16582915187E+00 +1.80904521E-03
+55.80000E-06 -1.86532664283E+00 -28.94472331E-03
+55.81500E-06 -3.38090454042E+00 -41.60803976E-03
+55.83000E-06 -2.56482413411E+00 -21.70854249E-03
+55.84500E-06 +233.16583005E-03 +10.85427124E-03
+55.86000E-06 +2.56482413411E+00 +32.56281372E-03
+55.87500E-06 +3.03115579502E+00 +30.75376852E-03
+55.89000E-06 +1.16582915220E+00 +3.61809042E-03
+55.90500E-06 -1.51557789726E+00 -27.13567810E-03
+55.92000E-06 -3.14773871005E+00 -36.18090414E-03
+55.93500E-06 -2.56482413428E+00 -25.32663289E-03
+55.95000E-06 -330E-12 +7.23618082E-03
+55.96500E-06 +2.33165830357E+00 +32.56281372E-03
+55.98000E-06 +3.03115579486E+00 +30.75376852E-03
+55.99500E-06 +1.51557789759E+00 +5.42713563E-03
+56.01000E-06 -1.16582915170E+00 -21.70854248E-03
+56.02500E-06 -2.91457287967E+00 -37.98994934E-03
+56.04000E-06 -2.68140704930E+00 -23.51758769E-03
+56.05500E-06 -233.16583071E-03 +3.61809041E-03
+56.07000E-06 +2.09849247320E+00 +28.94472331E-03
+56.08500E-06 +2.91457287984E+00 +32.56281372E-03
+56.10000E-06 +1.63216081278E+00 +7.23618083E-03
+56.11500E-06 -1.04924623635E+00 -19.89949727E-03
+56.13000E-06 -2.79798996432E+00 -34.37185893E-03
+56.14500E-06 -2.68140704946E+00 -27.13567810E-03
+56.16000E-06 -582.91457627E-03 +0.0E+00
+56.17500E-06 +1.74874372764E+00 +27.13567810E-03
+56.19000E-06 +2.79798996449E+00 +32.56281372E-03
+56.20500E-06 +1.74874372797E+00 +12.66331645E-03
+56.22000E-06 -699.49749095E-03 -16.28140686E-03
+56.23500E-06 -2.68140704896E+00 -34.37185893E-03
+56.25000E-06 -2.68140704930E+00 -27.13567810E-03
+56.26500E-06 -699.49749162E-03 -1.80904521E-03
+56.28000E-06 +1.63216081245E+00 +23.51758769E-03
+56.29500E-06 +2.68140704930E+00 +30.75376851E-03
+56.31000E-06 +1.74874372814E+00 +12.66331645E-03
+56.32500E-06 -349.74874539E-03 -10.85427124E-03
+56.34000E-06 -2.33165830374E+00 -32.56281372E-03
+56.35500E-06 -2.56482413428E+00 -27.13567810E-03
+56.37000E-06 -932.66332166E-03 -3.61809042E-03
+56.38500E-06 +1.28241206689E+00 +19.89949727E-03
+56.40000E-06 +2.56482413428E+00 +30.75376851E-03
+56.41500E-06 +1.86532664316E+00 +16.28140686E-03
+56.43000E-06 -233.16583004E-03 -10.85427124E-03
+56.44500E-06 -2.21507538838E+00 -30.75376851E-03
+56.46000E-06 -2.56482413411E+00 -28.94472331E-03
+56.47500E-06 -1.04924623685E+00 -5.42713562E-03
+56.49000E-06 +1.16582915153E+00 +19.89949727E-03
+56.50500E-06 +2.56482413394E+00 +28.94472331E-03
+56.52000E-06 +1.86532664316E+00 +16.28140687E-03
+56.53500E-06 +170E-12 -7.23618083E-03
+56.55000E-06 -2.09849247302E+00 -28.94472331E-03
+56.56500E-06 -2.56482413411E+00 -27.13567810E-03
+56.58000E-06 -1.16582915221E+00 -9.04522603E-03
+56.59500E-06 +816.08040631E-03 +16.28140686E-03
+56.61000E-06 +2.21507538855E+00 +27.13567810E-03
+56.62500E-06 +1.98190955818E+00 +18.09045207E-03
+56.64000E-06 +233.16583054E-03 -3.61809041E-03
+56.65500E-06 -1.86532664265E+00 -25.32663289E-03
+56.67000E-06 -2.44824121892E+00 -28.94472331E-03
+56.68500E-06 -1.28241206723E+00 -10.85427125E-03
+56.70000E-06 +699.49749078E-03 +10.85427124E-03
+56.71500E-06 +1.98190955835E+00 +27.13567810E-03
+56.73000E-06 +1.98190955835E+00 +19.89949727E-03
+56.74500E-06 +349.74874556E-03 -5.42713561E-03
+56.76000E-06 -1.63216081245E+00 -23.51758769E-03
+56.77500E-06 -2.33165830357E+00 -27.13567810E-03
+56.79000E-06 -1.39899498241E+00 -10.85427124E-03
+56.80500E-06 +466.33166058E-03 +12.66331644E-03
+56.82000E-06 +1.98190955801E+00 +21.70854249E-03
+56.83500E-06 +1.98190955835E+00 +21.70854248E-03
+56.85000E-06 +582.91457611E-03 -1.80904520E-03
+56.86500E-06 -1.39899498207E+00 -21.70854248E-03
+56.88000E-06 -2.33165830357E+00 -27.13567810E-03
+56.89500E-06 -1.63216081262E+00 -14.47236166E-03
+56.91000E-06 +233.16583020E-03 +7.23618083E-03
+56.92500E-06 +1.74874372780E+00 +21.70854248E-03
+56.94000E-06 +1.98190955818E+00 +16.28140687E-03
+56.95500E-06 +699.49749129E-03 +1.80904521E-03
+56.97000E-06 -1.16582915152E+00 -18.09045207E-03
+56.98500E-06 -2.09849247354E+00 -25.32663290E-03
+57.00000E-06 -1.51557789760E+00 -14.47236166E-03
+57.01500E-06 -170E-12 +5.42713562E-03
+57.03000E-06 +1.63216081244E+00 +21.70854248E-03
+57.04500E-06 +1.86532664316E+00 +19.89949727E-03
+57.06000E-06 +816.08040631E-03 +10E-12
+57.07500E-06 -1.04924623616E+00 -14.47236165E-03
+57.09000E-06 -1.98190955800E+00 -23.51758769E-03
+57.10500E-06 -1.63216081279E+00 -16.28140686E-03
+57.12000E-06 -116.58291536E-03 +5.42713561E-03
+57.13500E-06 +1.39899498207E+00 +19.89949727E-03
+57.15000E-06 +1.86532664299E+00 +19.89949727E-03
+57.16500E-06 +932.66332167E-03 +3.61809041E-03
+57.18000E-06 -816.08040596E-03 -16.28140686E-03
+57.19500E-06 -1.86532664282E+00 -23.51758769E-03
+57.21000E-06 -1.51557789778E+00 -18.09045207E-03
+57.22500E-06 -233.16583072E-03 +3.61809041E-03
+57.24000E-06 +1.28241206688E+00 +18.09045207E-03
+57.25500E-06 +1.74874372780E+00 +19.89949728E-03
+57.27000E-06 +932.66332167E-03 +7.23618083E-03
+57.28500E-06 -582.91457576E-03 -12.66331645E-03
+57.30000E-06 -1.74874372780E+00 -25.32663289E-03
+57.31500E-06 -1.63216081279E+00 -16.28140686E-03
+57.33000E-06 -349.74874574E-03 +0.0E+00
+57.34500E-06 +1.04924623651E+00 +16.28140686E-03
+57.36000E-06 +1.63216081262E+00 +19.89949727E-03
+57.37500E-06 +932.66332167E-03 +5.42713563E-03
+57.39000E-06 -466.33166040E-03 -10.85427124E-03
+57.40500E-06 -1.51557789743E+00 -19.89949728E-03
+57.42000E-06 -1.63216081279E+00 -18.09045207E-03
+57.43500E-06 -582.91457593E-03 -3.61809041E-03
+57.45000E-06 +932.66332150E-03 +14.47236165E-03
+57.46500E-06 +1.63216081262E+00 +18.09045207E-03
+57.48000E-06 +1.04924623668E+00 +9.04522603E-03
+57.49500E-06 -233.16583020E-03 -9.04522603E-03
+57.51000E-06 -1.39899498224E+00 -19.89949727E-03
+57.52500E-06 -1.63216081244E+00 -16.28140687E-03
+57.54000E-06 -582.91457611E-03 -5.42713562E-03
+57.55500E-06 +699.49749112E-03 +12.66331645E-03
+57.57000E-06 +1.51557789761E+00 +18.09045206E-03
+57.58500E-06 +1.16582915187E+00 +9.04522603E-03
+57.60000E-06 -116.58291519E-03 -7.23618083E-03
+57.61500E-06 -1.39899498206E+00 -18.09045206E-03
+57.63000E-06 -1.63216081244E+00 -16.28140686E-03
+57.64500E-06 -699.49749130E-03 -3.61809042E-03
+57.66000E-06 +699.49749077E-03 +10.85427124E-03
+57.67500E-06 +1.39899498224E+00 +18.09045206E-03
+57.69000E-06 +1.16582915187E+00 +10.85427124E-03
+57.70500E-06 +180E-12 -5.42713562E-03
+57.72000E-06 -1.16582915169E+00 -16.28140686E-03
+57.73500E-06 -1.51557789743E+00 -18.09045207E-03
+57.75000E-06 -816.08040649E-03 -7.23618083E-03
+57.76500E-06 +466.33166075E-03 +10.85427123E-03
+57.78000E-06 +1.28241206706E+00 +14.47236165E-03
+57.79500E-06 +1.16582915187E+00 +10.85427124E-03
+57.81000E-06 +116.58291537E-03 -3.61809041E-03
+57.82500E-06 -1.04924623668E+00 -14.47236165E-03
+57.84000E-06 -1.51557789743E+00 -16.28140686E-03
+57.85500E-06 -816.08040631E-03 -7.23618083E-03
+57.87000E-06 +349.74874538E-03 +7.23618083E-03
+57.88500E-06 +1.16582915187E+00 +14.47236165E-03
+57.90000E-06 +1.16582915187E+00 +10.85427124E-03
+57.91500E-06 +233.16583037E-03 -1.80904521E-03
+57.93000E-06 -932.66332150E-03 -14.47236165E-03
+57.94500E-06 -1.39899498242E+00 -16.28140686E-03
+57.96000E-06 -932.66332150E-03 -9.04522603E-03
+57.97500E-06 +233.16583019E-03 +5.42713562E-03
+57.99000E-06 +1.16582915187E+00 +14.47236165E-03
+58.00500E-06 +1.16582915187E+00 +12.66331644E-03
+58.02000E-06 +349.74874556E-03 -3.61809041E-03
+58.03500E-06 -699.49749130E-03 -12.66331645E-03
+58.05000E-06 -1.28241206706E+00 -16.28140686E-03
+58.06500E-06 -932.66332150E-03 -9.04522604E-03
+58.08000E-06 -180E-12 +3.61809041E-03
+58.09500E-06 +1.04924623650E+00 +12.66331645E-03
+58.11000E-06 +1.04924623686E+00 +10.85427124E-03
+58.12500E-06 +466.33166075E-03 +1.80904521E-03
+58.14000E-06 -582.91457593E-03 -10.85427124E-03
+58.15500E-06 -1.16582915205E+00 -16.28140686E-03
+58.17000E-06 -932.66332150E-03 -9.04522604E-03
+58.18500E-06 -180E-12 +1.80904521E-03
+58.20000E-06 +816.08040631E-03 +12.66331645E-03
+58.21500E-06 +1.04924623686E+00 +12.66331645E-03
+58.23000E-06 +466.33166093E-03 +10E-12
+58.24500E-06 -466.33166075E-03 -9.04522604E-03
+58.26000E-06 -1.04924623668E+00 -14.47236165E-03
+58.27500E-06 -932.66332150E-03 -9.04522604E-03
+58.29000E-06 -116.58291519E-03 +1.80904520E-03
+58.30500E-06 +816.08040594E-03 +9.04522604E-03
+58.32000E-06 +1.04924623668E+00 +10.85427124E-03
+58.33500E-06 +466.33166075E-03 +1.80904521E-03
+58.35000E-06 -349.74874556E-03 -9.04522603E-03
+58.36500E-06 -1.04924623650E+00 -14.47236165E-03
+58.38000E-06 -932.66332168E-03 -12.66331645E-03
+58.39500E-06 -233.16583037E-03 +0.0E+00
+58.41000E-06 +699.49749094E-03 +9.04522603E-03
+58.42500E-06 +932.66332168E-03 +10.85427124E-03
+58.44000E-06 +466.33166093E-03 +3.61809041E-03
+58.45500E-06 -349.74874556E-03 -7.23618082E-03
+58.47000E-06 -932.66332150E-03 -10.85427124E-03
+58.48500E-06 -932.66332150E-03 -9.04522604E-03
+58.50000E-06 -233.16583056E-03 -1.80904521E-03
+58.51500E-06 +582.91457575E-03 +9.04522603E-03
+58.53000E-06 +932.66332131E-03 +10.85427124E-03
+58.54500E-06 +582.91457575E-03 +3.61809042E-03
+58.56000E-06 -233.16583037E-03 -7.23618082E-03
+58.57500E-06 -932.66332150E-03 -12.66331644E-03
+58.59000E-06 -932.66332150E-03 -9.04522604E-03
+58.60500E-06 -349.74874556E-03 -0.0E+00
+58.62000E-06 +582.91457575E-03 +5.42713563E-03
+58.63500E-06 +932.66332168E-03 +10.85427124E-03
+58.65000E-06 +582.91457612E-03 +7.23618082E-03
+58.66500E-06 -116.58291519E-03 -5.42713562E-03
+58.68000E-06 -932.66332131E-03 -9.04522604E-03
+58.69500E-06 -932.66332168E-03 -10.85427124E-03
+58.71000E-06 -349.74874556E-03 -3.61809041E-03
+58.72500E-06 +349.74874556E-03 +7.23618082E-03
+58.74000E-06 +816.08040631E-03 +10.85427124E-03
+58.75500E-06 +466.33166093E-03 +7.23618083E-03
+58.77000E-06 -116.58291500E-03 -3.61809041E-03
+58.78500E-06 -699.49749112E-03 -10.85427124E-03
+58.80000E-06 -932.66332131E-03 -10.85427124E-03
+58.81500E-06 -349.74874575E-03 -3.61809041E-03
+58.83000E-06 +349.74874537E-03 +5.42713562E-03
+58.84500E-06 +699.49749112E-03 +9.04522603E-03
+58.86000E-06 +582.91457593E-03 +3.61809042E-03
+58.87500E-06 +190E-12 -3.61809041E-03
+58.89000E-06 -699.49749112E-03 -10.85427124E-03
+58.90500E-06 -816.08040650E-03 -10.85427124E-03
+58.92000E-06 -349.74874575E-03 -5.42713562E-03
+58.93500E-06 +233.16583019E-03 +5.42713562E-03
+58.95000E-06 +699.49749112E-03 +7.23618083E-03
+58.96500E-06 +582.91457612E-03 +5.42713562E-03
+58.98000E-06 +116.58291519E-03 -3.61809041E-03
+58.99500E-06 -582.91457593E-03 -7.23618083E-03
+59.01000E-06 -816.08040631E-03 -10.85427124E-03
+59.02500E-06 -466.33166094E-03 -5.42713562E-03
+59.04000E-06 +116.58291500E-03 +5.42713561E-03
+59.05500E-06 +699.49749093E-03 +5.42713562E-03
+59.07000E-06 +582.91457593E-03 +5.42713562E-03
+59.08500E-06 +116.58291519E-03 -1.80904521E-03
+59.10000E-06 -466.33166094E-03 -9.04522603E-03
+59.11500E-06 -816.08040631E-03 -10.85427124E-03
+59.13000E-06 -466.33166094E-03 -5.42713562E-03
+59.14500E-06 +116.58291500E-03 +1.80904521E-03
+59.16000E-06 +582.91457593E-03 +7.23618083E-03
+59.17500E-06 +582.91457612E-03 +5.42713562E-03
+59.19000E-06 +233.16583018E-03 -1.80904521E-03
+59.20500E-06 -349.74874556E-03 -9.04522603E-03
+59.22000E-06 -699.49749112E-03 -10.85427124E-03
+59.23500E-06 -582.91457593E-03 -3.61809042E-03
+59.25000E-06 +116.58291500E-03 +1.80904520E-03
+59.26500E-06 +466.33166056E-03 +5.42713562E-03
+59.28000E-06 +349.74874594E-03 +7.23618082E-03
+59.29500E-06 +116.58291519E-03 +0.0E+00
+59.31000E-06 -349.74874556E-03 -5.42713562E-03
+59.32500E-06 -699.49749093E-03 -9.04522603E-03
+59.34000E-06 -466.33166094E-03 -7.23618082E-03
+59.35500E-06 +0.0E+00 +1.80904521E-03
+59.37000E-06 +466.33166075E-03 +5.42713562E-03
+59.38500E-06 +582.91457593E-03 +3.61809042E-03
+59.40000E-06 +233.16583037E-03 +1.80904521E-03
+59.41500E-06 -349.74874556E-03 -3.61809041E-03
+59.43000E-06 -582.91457613E-03 -7.23618083E-03
+59.44500E-06 -582.91457574E-03 -5.42713562E-03
+59.46000E-06 +0.0E+00 +0.0E+00
+59.47500E-06 +233.16583057E-03 +5.42713562E-03
+59.49000E-06 +466.33166094E-03 +5.42713562E-03
+59.50500E-06 +349.74874518E-03 +1.80904521E-03
+59.52000E-06 -233.16583057E-03 -5.42713562E-03
+59.53500E-06 -582.91457593E-03 -5.42713562E-03
+59.55000E-06 -466.33166094E-03 -5.42713562E-03
+59.56500E-06 -116.58291519E-03 -1.80904521E-03
+59.58000E-06 +349.74874537E-03 +3.61809041E-03
+59.59500E-06 +466.33166075E-03 +5.42713562E-03
+59.61000E-06 +233.16583037E-03 +1.80904521E-03
+59.62500E-06 -116.58291538E-03 -3.61809041E-03
+59.64000E-06 -582.91457593E-03 -7.23618083E-03
+59.65500E-06 -582.91457593E-03 -7.23618082E-03
+59.67000E-06 -233.16583037E-03 +0.0E+00
+59.68500E-06 +349.74874537E-03 +3.61809041E-03
+59.70000E-06 +466.33166075E-03 +1.80904521E-03
+59.71500E-06 +233.16583057E-03 +0.0E+00
+59.73000E-06 -116.58291519E-03 -3.61809041E-03
+59.74500E-06 -466.33166094E-03 -9.04522603E-03
+59.76000E-06 -582.91457593E-03 -5.42713562E-03
+59.77500E-06 -233.16583037E-03 -1.80904521E-03
+59.79000E-06 +233.16583037E-03 +3.61809041E-03
+59.80500E-06 +466.33166075E-03 +3.61809041E-03
+59.82000E-06 +466.33166036E-03 +1.80904521E-03
+59.83500E-06 -116.58291519E-03 -3.61809041E-03
+59.85000E-06 -466.33166055E-03 -5.42713562E-03
+59.86500E-06 -466.33166094E-03 -7.23618082E-03
+59.88000E-06 -349.74874556E-03 -1.80904521E-03
+59.89500E-06 +233.16582998E-03 +3.61809041E-03
+59.91000E-06 +349.74874576E-03 +5.42713562E-03
+59.92500E-06 +233.16583057E-03 +1.80904521E-03
+59.94000E-06 +0.0E+00 -3.61809041E-03
+59.95500E-06 -466.33166055E-03 -5.42713562E-03
+59.97000E-06 -466.33166075E-03 -5.42713562E-03
+59.98500E-06 -116.58291558E-03 -1.80904521E-03
+60.00000E-06 +0.0E+00 +3.61809041E-03
+60.01500E-06 +349.74874536E-03 +3.61809042E-03
+60.03000E-06 +233.16583037E-03 +3.61809041E-03
+60.04500E-06 +200E-12 -1.80904521E-03
+60.06000E-06 -349.74874556E-03 -7.23618083E-03
+60.07500E-06 -466.33166075E-03 -5.42713562E-03
+60.09000E-06 -349.74874556E-03 -1.80904521E-03
+60.10500E-06 +116.58291519E-03 +0.0E+00
+60.12000E-06 +349.74874536E-03 +3.61809041E-03
+60.13500E-06 +233.16583037E-03 +1.80904521E-03
+60.15000E-06 +0.0E+00 -1.80904521E-03
+60.16500E-06 -349.74874536E-03 -5.42713562E-03
+60.18000E-06 -466.33166055E-03 -9.04522603E-03
+60.19500E-06 -349.74874536E-03 -5.42713562E-03
+60.21000E-06 +200E-12 +1.80904520E-03
+60.22500E-06 +349.74874536E-03 +3.61809041E-03
+60.24000E-06 +233.16583037E-03 +3.61809041E-03
+60.25500E-06 +0.0E+00 -0.0E+00
+60.27000E-06 -233.16583057E-03 -3.61809041E-03
+60.28500E-06 -349.74874556E-03 -3.61809042E-03
+60.30000E-06 -233.16583037E-03 -3.61809041E-03
+60.31500E-06 +0.0E+00 +0.0E+00
+60.33000E-06 +233.16583037E-03 +5.42713562E-03
+60.34500E-06 +233.16583037E-03 +1.80904521E-03
+60.36000E-06 -200E-12 +0.0E+00
+60.37500E-06 -233.16583037E-03 -3.61809041E-03
+60.39000E-06 -349.74874556E-03 -3.61809042E-03
+60.40500E-06 -233.16583037E-03 -3.61809041E-03
+60.42000E-06 +0.0E+00 +0.0E+00
+60.43500E-06 +233.16583037E-03 +1.80904521E-03
+60.45000E-06 +233.16583037E-03 +0.0E+00
+60.46500E-06 +116.58291519E-03 -1.80904520E-03
+60.48000E-06 -233.16583017E-03 -1.80904521E-03
+60.49500E-06 -349.74874556E-03 -5.42713562E-03
+60.51000E-06 -349.74874556E-03 -3.61809041E-03
+60.52500E-06 +0.0E+00 -10E-12
+60.54000E-06 +233.16583037E-03 +3.61809041E-03
+60.55500E-06 +233.16583037E-03 +1.80904521E-03
+60.57000E-06 +116.58291499E-03 +0.0E+00
+60.58500E-06 -116.58291539E-03 -5.42713562E-03
+60.60000E-06 -466.33166055E-03 -5.42713562E-03
+60.61500E-06 -349.74874556E-03 -3.61809041E-03
+60.63000E-06 +0.0E+00 -1.80904520E-03
+60.64500E-06 +116.58291519E-03 +1.80904521E-03
+60.66000E-06 +233.16583037E-03 +1.80904521E-03
+60.67500E-06 +200E-12 +1.80904521E-03
+60.69000E-06 -233.16582997E-03 -1.80904521E-03
+60.70500E-06 -233.16583078E-03 -5.42713562E-03
+60.72000E-06 -349.74874536E-03 -1.80904521E-03
+60.73500E-06 -116.58291519E-03 -3.61809041E-03
+60.75000E-06 +116.58291519E-03 +1.80904521E-03
+60.76500E-06 +233.16583037E-03 +1.80904521E-03
+60.78000E-06 +116.58291519E-03 -1.80904520E-03
+60.79500E-06 -233.16583017E-03 -3.61809041E-03
+60.81000E-06 -349.74874556E-03 -1.80904521E-03
+60.82500E-06 -233.16583058E-03 -3.61809042E-03
+60.84000E-06 -116.58291519E-03 -1.80904521E-03
+60.85500E-06 +200E-12 +1.80904520E-03
+60.87000E-06 +233.16583037E-03 +1.80904520E-03
+60.88500E-06 +116.58291519E-03 +0.0E+00
+60.90000E-06 -200E-12 -3.61809041E-03
+60.91500E-06 -233.16583037E-03 -3.61809041E-03
+60.93000E-06 -233.16583037E-03 -3.61809042E-03
+60.94500E-06 -116.58291539E-03 -1.80904520E-03
+60.96000E-06 +0.0E+00 +1.80904521E-03
+60.97500E-06 +116.58291519E-03 +1.80904521E-03
+60.99000E-06 +116.58291519E-03 +1.80904521E-03
+61.00500E-06 -116.58291498E-03 -1.80904521E-03
+61.02000E-06 -116.58291539E-03 -5.42713562E-03
+61.03500E-06 -233.16583037E-03 -1.80904521E-03
+61.05000E-06 -116.58291519E-03 -10E-12
+61.06500E-06 +116.58291498E-03 +0.0E+00
+61.08000E-06 +116.58291539E-03 +1.80904521E-03
+61.09500E-06 +116.58291519E-03 +1.80904521E-03
+61.11000E-06 -116.58291499E-03 -1.80904521E-03
+61.12500E-06 -116.58291519E-03 -3.61809041E-03
+61.14000E-06 -233.16583037E-03 -3.61809041E-03
+61.15500E-06 -116.58291519E-03 -1.80904520E-03
+61.17000E-06 +200E-12 +0.0E+00
+61.18500E-06 +116.58291499E-03 +3.61809041E-03
+61.20000E-06 +116.58291519E-03 +0.0E+00
+61.21500E-06 -116.58291499E-03 -1.80904520E-03
+61.23000E-06 -116.58291519E-03 -1.80904521E-03
+61.24500E-06 -349.74874517E-03 -1.80904521E-03
+61.26000E-06 -116.58291519E-03 -1.80904521E-03
+61.27500E-06 -116.58291499E-03 +0.0E+00
+61.29000E-06 +233.16583018E-03 +1.80904521E-03
+61.30500E-06 +116.58291519E-03 -0.0E+00
+61.32000E-06 -116.58291519E-03 -1.80904520E-03
+61.33500E-06 -233.16583018E-03 -3.61809041E-03
+61.35000E-06 -233.16583018E-03 -3.61809041E-03
+61.36500E-06 -116.58291519E-03 -1.80904521E-03
+61.38000E-06 +0.0E+00 -1.80904521E-03
+61.39500E-06 +190E-12 +1.80904521E-03
+61.41000E-06 +116.58291519E-03 +0.0E+00
+61.42500E-06 +116.58291500E-03 -3.61809041E-03
+61.44000E-06 -233.16583019E-03 -1.80904521E-03
+61.45500E-06 -116.58291519E-03 -1.80904521E-03
+61.47000E-06 -116.58291519E-03 -1.80904521E-03
+61.48500E-06 +0.0E+00 -0.0E+00
+61.50000E-06 +116.58291500E-03 +0.0E+00
+61.51500E-06 +180E-12 -1.80904520E-03
+61.53000E-06 +0.0E+00 -0.0E+00
+61.54500E-06 -116.58291537E-03 -3.61809041E-03
+61.56000E-06 -349.74874520E-03 -1.80904521E-03
+61.57500E-06 -116.58291519E-03 -0.0E+00
+61.59000E-06 -180E-12 +0.0E+00
+61.60500E-06 +0.0E+00 -1.80904520E-03
+61.62000E-06 +116.58291501E-03 -1.80904520E-03
+61.63500E-06 -116.58291501E-03 -1.80904520E-03
+61.65000E-06 -116.58291501E-03 -0.0E+00
+61.66500E-06 -116.58291536E-03 -5.42713561E-03
+61.68000E-06 -233.16583020E-03 -1.80904521E-03
+61.69500E-06 -116.58291501E-03 +0.0E+00
+61.71000E-06 +170E-12 +1.80904521E-03
+61.72500E-06 +116.58291519E-03 -0.0E+00
+61.74000E-06 +0.0E+00 -1.80904521E-03
+61.75500E-06 -170E-12 -1.80904521E-03
+61.77000E-06 -233.16583020E-03 -3.61809041E-03
+61.78500E-06 -116.58291536E-03 -1.80904521E-03
+61.80000E-06 -116.58291519E-03 +0.0E+00
+61.81500E-06 +0.0E+00 +0.0E+00
+61.83000E-06 +170E-12 +1.80904520E-03
+61.84500E-06 +170E-12 +0.0E+00
+61.86000E-06 -116.58291502E-03 -3.61809041E-03
+61.87500E-06 -116.58291535E-03 -0.0E+00
+61.89000E-06 -116.58291519E-03 -1.80904521E-03
+61.90500E-06 -170E-12 -1.80904520E-03
+61.92000E-06 +0.0E+00 +0.0E+00
+61.93500E-06 +0.0E+00 +0.0E+00
+61.95000E-06 -116.58291502E-03 +0.0E+00
+61.96500E-06 -160E-12 -1.80904521E-03
+61.98000E-06 -116.58291535E-03 -3.61809041E-03
+61.99500E-06 -116.58291519E-03 -1.80904520E-03
+62.01000E-06 -116.58291519E-03 -0.0E+00
+62.02500E-06 +0.0E+00 +0.0E+00
+62.04000E-06 +0.0E+00 +0.0E+00
+62.05500E-06 +0.0E+00 -1.80904520E-03
+62.07000E-06 -116.58291503E-03 -0.0E+00
+62.08500E-06 -116.58291519E-03 -1.80904521E-03
+62.10000E-06 -116.58291519E-03 -3.61809041E-03
+62.11500E-06 -116.58291503E-03 +0.0E+00
+62.13000E-06 +116.58291519E-03 -0.0E+00
+62.14500E-06 +0.0E+00 -0.0E+00
+62.16000E-06 -116.58291503E-03 -1.80904520E-03
+62.17500E-06 -116.58291519E-03 -1.80904521E-03
+62.19000E-06 -116.58291519E-03 -1.80904520E-03
+62.20500E-06 -116.58291519E-03 -1.80904521E-03
+62.22000E-06 -150E-12 -1.80904521E-03
+62.23500E-06 +0.0E+00 -1.80904520E-03
+62.25000E-06 +116.58291504E-03 +0.0E+00
+62.26500E-06 +116.58291504E-03 +0.0E+00
+62.28000E-06 -116.58291519E-03 -1.80904520E-03
+62.29500E-06 -116.58291519E-03 -1.80904521E-03
+62.31000E-06 -116.58291519E-03 -0.0E+00
+62.32500E-06 -116.58291519E-03 -1.80904521E-03
+62.34000E-06 +116.58291504E-03 -1.80904521E-03
+62.35500E-06 +116.58291504E-03 +0.0E+00
+62.37000E-06 +0.0E+00 +0.0E+00
+62.38500E-06 +0.0E+00 -1.80904521E-03
+62.40000E-06 -233.16583023E-03 -1.80904520E-03
+62.41500E-06 -116.58291519E-03 -1.80904521E-03
+62.43000E-06 -116.58291504E-03 -1.80904521E-03
+62.44500E-06 -140E-12 -0.0E+00
+62.46000E-06 +116.58291505E-03 -1.80904520E-03
+62.47500E-06 +140E-12 +0.0E+00
+62.49000E-06 -116.58291505E-03 +0.0E+00
+62.50500E-06 -116.58291519E-03 -1.80904521E-03
+62.52000E-06 -116.58291519E-03 -1.80904521E-03
+62.53500E-06 -116.58291519E-03 -1.80904521E-03
+62.55000E-06 +0.0E+00 +0.0E+00
+62.56500E-06 +0.0E+00 +1.80904521E-03
+62.58000E-06 +0.0E+00 -1.80904520E-03
+62.59500E-06 -116.58291519E-03 -1.80904520E-03
+62.61000E-06 -116.58291519E-03 -3.61809041E-03
+62.62500E-06 -116.58291519E-03 -1.80904520E-03
+62.64000E-06 -233.16583037E-03 -0.0E+00
+62.65500E-06 -116.58291505E-03 -1.80904520E-03
+62.67000E-06 +116.58291506E-03 +0.0E+00
+62.68500E-06 +0.0E+00 -0.0E+00
+62.70000E-06 +0.0E+00 -1.80904521E-03
+62.71500E-06 -116.58291519E-03 -1.80904520E-03
+62.73000E-06 -116.58291519E-03 -0.0E+00
+62.74500E-06 -260E-12 -1.80904521E-03
+62.76000E-06 -116.58291506E-03 -1.80904521E-03
+62.77500E-06 -116.58291506E-03 -1.80904521E-03
+62.79000E-06 +0.0E+00 +0.0E+00
+62.80500E-06 +130E-12 -0.0E+00
+62.82000E-06 -120E-12 -3.61809041E-03
+62.83500E-06 -233.16583025E-03 -0.0E+00
+62.85000E-06 -116.58291506E-03 -1.80904521E-03
+62.86500E-06 +116.58291506E-03 +0.0E+00
+62.88000E-06 -120E-12 +0.0E+00
+62.89500E-06 +0.0E+00 +0.0E+00
+62.91000E-06 +0.0E+00 -1.80904521E-03
+62.92500E-06 -116.58291519E-03 -0.0E+00
+62.94000E-06 -116.58291519E-03 -1.80904521E-03
+62.95500E-06 -116.58291519E-03 -1.80904521E-03
+62.97000E-06 -120E-12 -0.0E+00
+62.98500E-06 -120E-12 +0.0E+00
+63.00000E-06 -116.58291519E-03 -0.0E+00
+63.01500E-06 +0.0E+00 -1.80904520E-03
+63.03000E-06 -116.58291507E-03 -3.61809041E-03
+63.04500E-06 -110E-12 -1.80904521E-03
+63.06000E-06 -110E-12 -3.61809041E-03
+63.07500E-06 -116.58291507E-03 -1.80904521E-03
+63.09000E-06 +0.0E+00 +1.80904521E-03
+63.10500E-06 +0.0E+00 -0.0E+00
+63.12000E-06 -110E-12 +1.80904521E-03
+63.13500E-06 -116.58291519E-03 -1.80904521E-03
+63.15000E-06 -116.58291508E-03 -1.80904521E-03
+63.16500E-06 -116.58291508E-03 -1.80904521E-03
+63.18000E-06 -220E-12 -1.80904521E-03
+63.19500E-06 -116.58291508E-03 -1.80904521E-03
+63.21000E-06 +0.0E+00 -1.80904521E-03
+63.22500E-06 +0.0E+00 -1.80904521E-03
+63.24000E-06 -116.58291519E-03 -1.80904521E-03
+63.25500E-06 -116.58291519E-03 +0.0E+00
+63.27000E-06 +116.58291508E-03 -0.0E+00
+63.28500E-06 +0.0E+00 -1.80904521E-03
+63.30000E-06 +0.0E+00 -1.80904521E-03
+63.31500E-06 -116.58291508E-03 -1.80904521E-03
+63.33000E-06 +0.0E+00 +0.0E+00
+63.34500E-06 -100E-12 -1.80904521E-03
+63.36000E-06 -116.58291519E-03 -0.0E+00
+63.37500E-06 -233.16583027E-03 -0.0E+00
+63.39000E-06 -100E-12 -0.0E+00
+63.40500E-06 +0.0E+00 -1.80904521E-03
+63.42000E-06 -100E-12 -3.61809041E-03
+63.43500E-06 +0.0E+00 -0.0E+00
+63.45000E-06 -116.58291509E-03 -0.0E+00
+63.46500E-06 -100E-12 +0.0E+00
+63.48000E-06 -233.16583028E-03 -0.0E+00
+63.49500E-06 -116.58291519E-03 -1.80904521E-03
+63.51000E-06 +0.0E+00 +0.0E+00
+63.52500E-06 +0.0E+00 -0.0E+00
+63.54000E-06 -90E-12 -1.80904521E-03
+63.55500E-06 -116.58291519E-03 -1.80904521E-03
+63.57000E-06 -116.58291510E-03 +0.0E+00
+63.58500E-06 -90E-12 -1.80904521E-03
+63.60000E-06 -233.16583028E-03 -1.80904521E-03
+63.61500E-06 -116.58291510E-03 -1.80904521E-03
+63.63000E-06 +0.0E+00 -1.80904521E-03
+63.64500E-06 +90E-12 -1.80904521E-03
+63.66000E-06 -116.58291519E-03 -1.80904521E-03
+63.67500E-06 -116.58291519E-03 +0.0E+00
+63.69000E-06 -116.58291519E-03 -1.80904521E-03
+63.70500E-06 -80E-12 -1.80904521E-03
+63.72000E-06 -116.58291519E-03 -1.80904521E-03
+63.73500E-06 -80E-12 -1.80904521E-03
+63.75000E-06 +0.0E+00 -0.0E+00
+63.76500E-06 +116.58291511E-03 -0.0E+00
+63.78000E-06 +0.0E+00 -1.80904521E-03
+63.79500E-06 -116.58291519E-03 -1.80904521E-03
+63.81000E-06 -116.58291511E-03 -1.80904521E-03
+63.82500E-06 -80E-12 -1.80904521E-03
+63.84000E-06 -116.58291511E-03 +0.0E+00
+63.85500E-06 -80E-12 -0.0E+00
+63.87000E-06 +0.0E+00 -0.0E+00
+63.88500E-06 +0.0E+00 -0.0E+00
+63.90000E-06 +0.0E+00 -1.80904521E-03
+63.91500E-06 -116.58291519E-03 +0.0E+00
+63.93000E-06 +0.0E+00 +0.0E+00
+63.94500E-06 +0.0E+00 +0.0E+00
+63.96000E-06 -70E-12 +0.0E+00
+63.97500E-06 -116.58291511E-03 +0.0E+00
+63.99000E-06 -116.58291511E-03 -1.80904521E-03
+64.00500E-06 -116.58291519E-03 -1.80904521E-03
+64.02000E-06 -70E-12 -1.80904521E-03
+64.03500E-06 -116.58291519E-03 -1.80904521E-03
+64.05000E-06 +0.0E+00 -0.0E+00
+64.06500E-06 -70E-12 -1.80904521E-03
+64.08000E-06 -116.58291519E-03 -0.0E+00
+64.09500E-06 +0.0E+00 -1.80904521E-03
+64.11000E-06 -116.58291519E-03 -0.0E+00
+64.12500E-06 +0.0E+00 -1.80904521E-03
+64.14000E-06 +116.58291512E-03 -1.80904521E-03
+64.15500E-06 +0.0E+00 -1.80904521E-03
+64.17000E-06 +0.0E+00 -0.0E+00
+64.18500E-06 -60E-12 +0.0E+00
+64.20000E-06 -116.58291519E-03 -1.80904521E-03
+64.21500E-06 -116.58291512E-03 +0.0E+00
+64.23000E-06 +0.0E+00 -1.80904521E-03
+64.24500E-06 -116.58291513E-03 -1.80904521E-03
+64.26000E-06 -60E-12 -3.61809041E-03
+64.27500E-06 -116.58291513E-03 -0.0E+00
+64.29000E-06 +60E-12 +1.80904520E-03
+64.30500E-06 -60E-12 -3.61809041E-03
+64.32000E-06 -233.16583032E-03 +0.0E+00
+64.33500E-06 -116.58291519E-03 -1.80904521E-03
+64.35000E-06 -116.58291513E-03 +0.0E+00
+64.36500E-06 +0.0E+00 -1.80904521E-03
+64.38000E-06 +0.0E+00 -1.80904521E-03
+64.39500E-06 -50E-12 -1.80904521E-03
+64.41000E-06 -116.58291513E-03 -1.80904521E-03
+64.42500E-06 +0.0E+00 -1.80904521E-03
+64.44000E-06 -116.58291514E-03 +0.0E+00
+64.45500E-06 +0.0E+00 -1.80904521E-03
+64.47000E-06 -116.58291514E-03 -0.0E+00
+64.48500E-06 +0.0E+00 -0.0E+00
