x-axis 1 2
second Volt Volt
+34.56000E-06 -40.20100459E-03 +343.21606E-06
+34.57550E-06 -22.61306508E-03 -18.59298E-06
+34.59100E-06 -37.68844181E-03 +343.21606E-06
+34.60650E-06 -22.61306508E-03 +705.02510E-06
+34.62200E-06 -37.68844181E-03 +383.41706E-06
+34.63750E-06 -22.61306508E-03 +343.21606E-06
+34.65300E-06 -2.51256279E-03 +343.21606E-06
+34.66850E-06 +0.0E+00 +343.21606E-06
+34.68400E-06 +0.0E+00 +383.41706E-06
+34.69950E-06 -40.20100459E-03 +705.02510E-06
+34.71500E-06 -37.68844181E-03 -300.00001E-06
+34.73050E-06 -17.58793951E-03 -18.59298E-06
+34.74600E-06 -40.20100459E-03 +946.23113E-06
+34.76150E-06 +0.0E+00 +343.21606E-06
+34.77700E-06 -37.68844181E-03 +303.01505E-06
+34.79250E-06 -40.20100459E-03 -300.00001E-06
+34.80800E-06 +0.0E+00 +986.43213E-06
+34.82350E-06 -40.20100459E-03 +262.81405E-06
+34.83900E-06 -37.68844181E-03 +946.23113E-06
+34.85450E-06 -40.20100459E-03 +705.02510E-06
+34.87000E-06 -2.51256279E-03 +383.41706E-06
+34.88550E-06 -22.61306508E-03 +61.80903E-06
+34.90100E-06 -2.51256279E-03 +343.21606E-06
+34.91650E-06 +0.0E+00 +423.61807E-06
+34.93200E-06 +0.0E+00 -300.00001E-06
+34.94750E-06 -17.58793951E-03 -219.59801E-06
+34.96300E-06 -37.68844181E-03 +303.01505E-06
+34.97850E-06 -17.58793951E-03 -300.00001E-06
+34.99400E-06 -2.51256279E-03 +343.21606E-06
+35.00950E-06 +0.0E+00 +343.21606E-06
+35.02500E-06 -2.51256279E-03 +343.21606E-06
+35.04050E-06 +0.0E+00 -18.59298E-06
+35.05600E-06 -2.51256279E-03 -259.79901E-06
+35.07150E-06 -40.20100459E-03 -18.59298E-06
+35.08700E-06 +0.0E+00 -259.79901E-06
+35.10250E-06 -17.58793951E-03 -18.59298E-06
+35.11800E-06 -2.51256279E-03 -300.00001E-06
+35.13350E-06 -40.20100459E-03 -18.59298E-06
+35.14900E-06 -37.68844181E-03 +343.21606E-06
+35.16450E-06 -40.20100459E-03 +61.80903E-06
+35.18000E-06 +0.0E+00 +343.21606E-06
+35.19550E-06 -22.61306508E-03 -300.00001E-06
+35.21100E-06 +0.0E+00 -259.79901E-06
+35.22650E-06 -17.58793951E-03 -18.59298E-06
+35.24200E-06 -37.68844181E-03 +343.21606E-06
+35.25750E-06 -40.20100459E-03 +343.21606E-06
+35.27300E-06 -40.20100459E-03 +343.21606E-06
+35.28850E-06 -17.58793951E-03 +61.80903E-06
+35.30400E-06 -2.51256279E-03 -259.79901E-06
+35.31950E-06 +0.0E+00 +343.21606E-06
+35.33500E-06 +0.0E+00 +303.01505E-06
+35.35050E-06 +0.0E+00 +343.21606E-06
+35.36600E-06 +0.0E+00 +383.41706E-06
+35.38150E-06 -40.20100459E-03 +61.80903E-06
+35.39700E-06 -2.51256279E-03 +343.21606E-06
+35.41250E-06 -22.61306508E-03 +624.62309E-06
+35.42800E-06 +0.0E+00 -259.79901E-06
+35.44350E-06 +0.0E+00 +61.80903E-06
+35.45900E-06 +0.0E+00 -300.00001E-06
+35.47450E-06 -17.58793951E-03 -300.00001E-06
+35.49000E-06 -37.68844181E-03 +303.01505E-06
+35.50550E-06 -40.20100459E-03 +343.21606E-06
+35.52100E-06 -40.20100459E-03 +343.21606E-06
+35.53650E-06 -40.20100459E-03 -581.40705E-06
+35.55200E-06 -2.51256279E-03 -259.79901E-06
+35.56750E-06 +0.0E+00 +624.62309E-06
+35.58300E-06 -35.17587902E-03 -300.00001E-06
+35.59850E-06 -22.61306508E-03 -18.59298E-06
+35.61400E-06 -37.68844181E-03 +343.21606E-06
+35.62950E-06 -22.61306508E-03 +624.62309E-06
+35.64500E-06 -40.20100459E-03 -300.00001E-06
+35.66050E-06 -40.20100459E-03 +61.80903E-06
+35.67600E-06 -37.68844181E-03 +383.41706E-06
+35.69150E-06 +0.0E+00 -219.59801E-06
+35.70700E-06 +0.0E+00 -259.79901E-06
+35.72250E-06 -17.58793951E-03 -380.40202E-06
+35.73800E-06 -37.68844181E-03 -340.20102E-06
+35.75350E-06 +0.0E+00 -300.00001E-06
+35.76900E-06 -2.51256279E-03 +343.21606E-06
+35.78450E-06 -40.20100459E-03 +343.21606E-06
+35.80000E-06 -2.51256279E-03 -259.79901E-06
+35.81550E-06 +0.0E+00 -300.00001E-06
+35.83100E-06 -37.68844181E-03 -259.79901E-06
+35.84650E-06 -40.20100459E-03 -18.59298E-06
+35.86200E-06 -2.51256279E-03 -259.79901E-06
+35.87750E-06 -40.20100459E-03 -18.59298E-06
+35.89300E-06 -40.20100459E-03 +343.21606E-06
+35.90850E-06 -22.61306508E-03 +343.21606E-06
+35.92400E-06 -2.51256279E-03 +343.21606E-06
+35.93950E-06 +0.0E+00 -581.40705E-06
+35.95500E-06 +0.0E+00 -259.79901E-06
+35.97050E-06 -40.20100459E-03 -661.80906E-06
+35.98600E-06 +0.0E+00 +946.23113E-06
+36.00150E-06 +0.0E+00 +61.80903E-06
+36.01700E-06 -2.51256279E-03 -340.20102E-06
+36.03250E-06 +0.0E+00 +343.21606E-06
+36.04800E-06 -2.51256279E-03 -300.00001E-06
+36.06350E-06 +0.0E+00 -300.00001E-06
+36.07900E-06 -37.68844181E-03 +343.21606E-06
+36.09450E-06 -40.20100459E-03 +423.61807E-06
+36.11000E-06 -40.20100459E-03 -259.79901E-06
+36.12550E-06 -22.61306508E-03 +61.80903E-06
+36.14100E-06 -40.20100459E-03 -259.79901E-06
+36.15650E-06 -40.20100459E-03 -300.00001E-06
+36.17200E-06 +0.0E+00 +343.21606E-06
+36.18750E-06 +0.0E+00 +61.80903E-06
+36.20300E-06 +0.0E+00 -903.01508E-06
+36.21850E-06 -40.20100459E-03 -661.80906E-06
+36.23400E-06 -37.68844181E-03 +343.21606E-06
+36.24950E-06 -22.61306508E-03 +343.21606E-06
+36.26500E-06 +0.0E+00 -259.79901E-06
+36.28050E-06 -22.61306508E-03 +61.80903E-06
+36.29600E-06 -2.51256279E-03 +343.21606E-06
+36.31150E-06 -17.58793951E-03 -300.00001E-06
+36.32700E-06 -40.20100459E-03 +262.81405E-06
+36.34250E-06 -40.20100459E-03 -300.00001E-06
+36.35800E-06 +0.0E+00 +383.41706E-06
+36.37350E-06 -22.61306508E-03 +343.21606E-06
+36.38900E-06 -2.51256279E-03 +946.23113E-06
+36.40450E-06 -22.61306508E-03 -300.00001E-06
+36.42000E-06 +0.0E+00 +343.21606E-06
+36.43550E-06 +0.0E+00 +61.80903E-06
+36.45100E-06 +0.0E+00 -259.79901E-06
+36.46650E-06 -17.58793951E-03 +262.81405E-06
+36.48200E-06 -40.20100459E-03 -300.00001E-06
+36.49750E-06 -17.58793951E-03 +61.80903E-06
+36.51300E-06 -37.68844181E-03 -259.79901E-06
+36.52850E-06 -40.20100459E-03 +61.80903E-06
+36.54400E-06 -2.51256279E-03 -259.79901E-06
+36.55950E-06 +0.0E+00 -18.59298E-06
+36.57500E-06 -37.68844181E-03 -300.00001E-06
+36.59050E-06 -62.81406968E-03 +61.80903E-06
+36.60600E-06 -40.20100459E-03 -300.00001E-06
+36.62150E-06 -17.58793951E-03 +61.80903E-06
+36.63700E-06 -40.20100459E-03 -259.79901E-06
+36.65250E-06 -40.20100459E-03 +624.62309E-06
+36.66800E-06 -2.51256279E-03 +343.21606E-06
+36.68350E-06 -17.58793951E-03 +705.02510E-06
+36.69900E-06 -2.51256279E-03 -300.00001E-06
+36.71450E-06 -22.61306509E-03 +262.81405E-06
+36.73000E-06 +0.0E+00 +303.01505E-06
+36.74550E-06 -22.61306509E-03 +624.62309E-06
+36.76100E-06 +0.0E+00 +946.23113E-06
+36.77650E-06 -40.20100459E-03 -581.40705E-06
+36.79200E-06 -37.68844181E-03 +343.21606E-06
+36.80750E-06 +0.0E+00 -18.59298E-06
+36.82300E-06 +0.0E+00 +906.03012E-06
+36.83850E-06 -40.20100459E-03 +343.21606E-06
+36.85400E-06 -40.20100459E-03 -300.00001E-06
+36.86950E-06 -22.61306509E-03 +624.62309E-06
+36.88500E-06 +0.0E+00 +946.23113E-06
+36.90050E-06 -40.20100459E-03 +61.80903E-06
+36.91600E-06 -2.51256279E-03 -219.59801E-06
+36.93150E-06 +0.0E+00 +705.02510E-06
+36.94700E-06 +0.0E+00 +343.21606E-06
+36.96250E-06 -17.58793951E-03 -300.00001E-06
+36.97800E-06 -37.68844181E-03 +343.21606E-06
+36.99350E-06 -40.20100459E-03 +343.21606E-06
+37.00900E-06 -37.68844181E-03 +343.21606E-06
+37.02450E-06 -17.58793951E-03 +343.21606E-06
+37.04000E-06 -2.51256279E-03 +303.01505E-06
+37.05550E-06 +0.0E+00 +343.21606E-06
+37.07100E-06 -37.68844181E-03 -219.59801E-06
+37.08650E-06 -40.20100459E-03 +343.21606E-06
+37.10200E-06 -40.20100459E-03 -259.79901E-06
+37.11750E-06 -22.61306509E-03 +705.02510E-06
+37.13300E-06 +0.0E+00 +343.21606E-06
+37.14850E-06 -40.20100459E-03 +343.21606E-06
+37.16400E-06 -2.51256279E-03 +343.21606E-06
+37.17950E-06 +40.20100459E-03 +61.80903E-06
+37.19500E-06 +0.0E+00 -903.01508E-06
+37.21050E-06 -40.20100459E-03 -18.59298E-06
+37.22600E-06 -40.20100459E-03 -300.00001E-06
+37.24150E-06 -22.61306509E-03 -300.00001E-06
+37.25700E-06 +0.0E+00 +303.01505E-06
+37.27250E-06 -40.20100459E-03 +61.80903E-06
+37.28800E-06 -40.20100459E-03 -259.79901E-06
+37.30350E-06 +0.0E+00 +343.21606E-06
+37.31900E-06 +0.0E+00 +303.01505E-06
+37.33450E-06 -40.20100459E-03 +343.21606E-06
+37.35000E-06 -40.20100459E-03 +343.21606E-06
+37.36550E-06 -5.02512558E-03 +343.21606E-06
+37.38100E-06 -2.51256279E-03 +343.21606E-06
+37.39650E-06 +0.0E+00 +705.02510E-06
+37.41200E-06 -40.20100459E-03 +383.41706E-06
+37.42750E-06 +0.0E+00 +61.80903E-06
+37.44300E-06 +0.0E+00 -259.79901E-06
+37.45850E-06 -40.20100459E-03 -18.59298E-06
+37.47400E-06 -2.51256279E-03 -300.00001E-06
+37.48950E-06 -40.20100459E-03 -300.00001E-06
+37.50500E-06 +0.0E+00 +343.21606E-06
+37.52050E-06 -40.20100459E-03 -300.00001E-06
+37.53600E-06 -42.71356738E-03 +343.21606E-06
+37.55150E-06 +0.0E+00 -300.00001E-06
+37.56700E-06 +0.0E+00 +303.01505E-06
+37.58250E-06 -40.20100459E-03 +343.21606E-06
+37.59800E-06 -42.71356738E-03 +343.21606E-06
+37.61350E-06 -17.58793951E-03 +624.62309E-06
+37.62900E-06 -2.51256279E-03 +946.23113E-06
+37.64450E-06 -22.61306509E-03 -18.59298E-06
+37.66000E-06 -40.20100459E-03 +303.01505E-06
+37.67550E-06 +0.0E+00 +343.21606E-06
+37.69100E-06 +0.0E+00 -300.00001E-06
+37.70650E-06 -57.78894410E-03 -18.59298E-06
+37.72200E-06 -40.20100459E-03 +303.01505E-06
+37.73750E-06 -40.20100459E-03 +343.21606E-06
+37.75300E-06 +0.0E+00 +946.23113E-06
+37.76850E-06 -40.20100459E-03 +61.80903E-06
+37.78400E-06 -42.71356738E-03 -259.79901E-06
+37.79950E-06 +0.0E+00 -18.59298E-06
+37.81500E-06 +0.0E+00 -300.00001E-06
+37.83050E-06 -17.58793951E-03 +343.21606E-06
+37.84600E-06 -42.71356738E-03 +383.41706E-06
+37.86150E-06 -22.61306509E-03 +343.21606E-06
+37.87700E-06 -2.51256279E-03 +343.21606E-06
+37.89250E-06 -40.20100459E-03 -18.59298E-06
+37.90800E-06 -40.20100459E-03 -259.79901E-06
+37.92350E-06 -17.58793951E-03 +343.21606E-06
+37.93900E-06 +40.20100459E-03 -903.01508E-06
+37.95450E-06 -22.61306509E-03 -661.80906E-06
+37.97000E-06 -37.68844181E-03 +303.01505E-06
+37.98550E-06 -40.20100459E-03 +705.02510E-06
+38.00100E-06 +37.68844181E-03 +343.21606E-06
+38.01650E-06 -17.58793951E-03 +343.21606E-06
+38.03200E-06 -40.20100459E-03 -259.79901E-06
+38.04750E-06 -22.61306509E-03 -18.59298E-06
+38.06300E-06 +2.51256279E-03 +946.23113E-06
+38.07850E-06 -17.58793951E-03 +624.62309E-06
+38.09400E-06 -42.71356738E-03 -259.79901E-06
+38.10950E-06 -22.61306509E-03 +61.80903E-06
+38.12500E-06 +37.68844181E-03 +986.43213E-06
+38.14050E-06 +0.0E+00 +343.21606E-06
+38.15600E-06 -40.20100459E-03 +343.21606E-06
+38.17150E-06 +0.0E+00 +343.21606E-06
+38.18700E-06 +40.20100459E-03 -300.00001E-06
+38.20250E-06 -17.58793951E-03 -18.59298E-06
+38.21800E-06 -40.20100459E-03 +303.01505E-06
+38.23350E-06 -40.20100459E-03 +343.21606E-06
+38.24900E-06 +0.0E+00 +303.01505E-06
+38.26450E-06 -40.20100459E-03 +343.21606E-06
+38.28000E-06 -42.71356738E-03 +343.21606E-06
+38.29550E-06 +0.0E+00 +343.21606E-06
+38.31100E-06 +2.51256279E-03 -300.00001E-06
+38.32650E-06 +0.0E+00 -300.00001E-06
+38.34200E-06 -42.71356738E-03 +303.01505E-06
+38.35750E-06 -22.61306509E-03 +262.81405E-06
+38.37300E-06 +0.0E+00 +303.01505E-06
+38.38850E-06 -22.61306509E-03 +705.02510E-06
+38.40400E-06 -80.40200919E-03 +343.21606E-06
+38.41950E-06 -22.61306509E-03 -581.40705E-06
+38.43500E-06 +2.51256279E-03 -903.01508E-06
+38.45050E-06 -17.58793951E-03 -18.59298E-06
+38.46600E-06 -40.20100459E-03 +262.81405E-06
+38.48150E-06 -17.58793951E-03 +343.21606E-06
+38.49700E-06 +40.20100459E-03 +343.21606E-06
+38.51250E-06 -17.58793951E-03 -300.00001E-06
+38.52800E-06 -118.09045100E-03 +343.21606E-06
+38.54350E-06 -40.20100459E-03 +624.62309E-06
+38.55900E-06 +40.20100459E-03 +303.01505E-06
+38.57450E-06 +0.0E+00 -18.59298E-06
+38.59000E-06 -42.71356738E-03 +303.01505E-06
+38.60550E-06 -40.20100459E-03 +343.21606E-06
+38.62100E-06 +0.0E+00 +343.21606E-06
+38.63650E-06 +0.0E+00 -300.00001E-06
+38.65200E-06 -77.88944640E-03 -300.00001E-06
+38.66750E-06 -40.20100459E-03 +61.80903E-06
+38.68300E-06 +37.68844181E-03 -259.79901E-06
+38.69850E-06 +22.61306509E-03 -380.40202E-06
+38.71400E-06 -80.40200919E-03 +906.03012E-06
+38.72950E-06 -40.20100459E-03 +61.80903E-06
+38.74500E-06 +2.51256279E-03 +986.43213E-06
+38.76050E-06 +0.0E+00 -300.00001E-06
+38.77600E-06 -80.40200919E-03 +383.41706E-06
+38.79150E-06 -57.78894410E-03 -18.59298E-06
+38.80700E-06 +40.20100459E-03 -300.00001E-06
+38.82250E-06 +22.61306509E-03 -300.00001E-06
+38.83800E-06 -80.40200919E-03 +343.21606E-06
+38.85350E-06 -45.22613017E-03 +343.21606E-06
+38.86900E-06 +0.0E+00 +303.01505E-06
+38.88450E-06 +0.0E+00 +343.21606E-06
+38.90000E-06 -80.40200919E-03 +383.41706E-06
+38.91550E-06 -85.42713477E-03 +705.02510E-06
+38.93100E-06 +37.68844181E-03 +343.21606E-06
+38.94650E-06 +22.61306509E-03 -18.59298E-06
+38.96200E-06 -80.40200919E-03 +946.23113E-06
+38.97750E-06 -62.81406968E-03 +624.62309E-06
+38.99300E-06 +37.68844181E-03 +343.21606E-06
+39.00850E-06 +0.0E+00 +61.80903E-06
+39.02400E-06 -77.88944640E-03 +343.21606E-06
+39.03950E-06 -57.78894410E-03 +624.62309E-06
+39.05500E-06 +2.51256279E-03 +946.23113E-06
+39.07050E-06 +0.0E+00 -300.00001E-06
+39.08600E-06 -77.88944640E-03 -259.79901E-06
+39.10150E-06 -57.78894410E-03 +986.43213E-06
+39.11700E-06 +37.68844181E-03 +303.01505E-06
+39.13250E-06 +62.81406968E-03 -300.00001E-06
+39.14800E-06 -42.71356738E-03 +343.21606E-06
+39.16350E-06 -40.20100459E-03 +61.80903E-06
+39.17900E-06 +40.20100459E-03 +343.21606E-06
+39.19450E-06 +22.61306509E-03 -300.00001E-06
+39.21000E-06 -80.40200919E-03 +946.23113E-06
+39.22550E-06 -80.40200919E-03 +986.43213E-06
+39.24100E-06 +37.68844181E-03 +383.41706E-06
+39.25650E-06 +40.20100459E-03 +61.80903E-06
+39.27200E-06 -42.71356738E-03 +343.21606E-06
+39.28750E-06 -80.40200919E-03 +624.62309E-06
+39.30300E-06 +40.20100459E-03 -300.00001E-06
+39.31850E-06 +22.61306509E-03 -300.00001E-06
+39.33400E-06 -80.40200919E-03 +303.01505E-06
+39.34950E-06 -80.40200919E-03 -18.59298E-06
+39.36500E-06 +0.0E+00 +303.01505E-06
+39.38050E-06 +40.20100459E-03 +343.21606E-06
+39.39600E-06 -80.40200919E-03 -300.00001E-06
+39.41150E-06 -103.01507427E-03 -581.40705E-06
+39.42700E-06 +37.68844181E-03 -903.01508E-06
+39.44250E-06 +103.01507427E-03 +262.81405E-06
+39.45800E-06 -77.88944640E-03 +303.01505E-06
+39.47350E-06 -97.98994870E-03 +986.43213E-06
+39.48900E-06 +37.68844181E-03 -300.00001E-06
+39.50450E-06 +62.81406968E-03 +61.80903E-06
+39.52000E-06 -40.20100459E-03 -300.00001E-06
+39.53550E-06 -120.60301378E-03 +262.81405E-06
+39.55100E-06 +0.0E+00 -259.79901E-06
+39.56650E-06 +40.20100459E-03 -300.00001E-06
+39.58200E-06 -80.40200919E-03 +986.43213E-06
+39.59750E-06 -103.01507427E-03 +61.80903E-06
+39.61300E-06 +0.0E+00 +1.02663314E-03
+39.62850E-06 +80.40200919E-03 +61.80903E-06
+39.64400E-06 -77.88944640E-03 +986.43213E-06
+39.65950E-06 -120.60301378E-03 +705.02510E-06
+39.67500E-06 +0.0E+00 -259.79901E-06
+39.69050E-06 +80.40200919E-03 +262.81405E-06
+39.70600E-06 -77.88944640E-03 +343.21606E-06
+39.72150E-06 -103.01507428E-03 +343.21606E-06
+39.73700E-06 -2.51256279E-03 +303.01505E-06
+39.75250E-06 +80.40200919E-03 +61.80903E-06
+39.76800E-06 -77.88944640E-03 +303.01505E-06
+39.78350E-06 -143.21607887E-03 -18.59298E-06
+39.79900E-06 +0.0E+00 +906.03012E-06
+39.81450E-06 +80.40200919E-03 +343.21606E-06
+39.83000E-06 -40.20100459E-03 +343.21606E-06
+39.84550E-06 -120.60301378E-03 +624.62309E-06
+39.86100E-06 -2.51256279E-03 +946.23113E-06
+39.87650E-06 +80.40200919E-03 +61.80903E-06
+39.89200E-06 -77.88944640E-03 -300.00001E-06
+39.90750E-06 -160.80401838E-03 -18.59298E-06
+39.92300E-06 -2.51256279E-03 -259.79901E-06
+39.93850E-06 +80.40200919E-03 -300.00001E-06
+39.95400E-06 -37.68844181E-03 -300.00001E-06
+39.96950E-06 -143.21607887E-03 +61.80903E-06
+39.98500E-06 -2.51256279E-03 +343.21606E-06
+40.00050E-06 +120.60301378E-03 +343.21606E-06
+40.01600E-06 -37.68844181E-03 -259.79901E-06
+40.03150E-06 -160.80401838E-03 +343.21606E-06
+40.04700E-06 +0.0E+00 +946.23113E-06
+40.06250E-06 +120.60301378E-03 +343.21606E-06
+40.07800E-06 -37.68844181E-03 +343.21606E-06
+40.09350E-06 -138.19095329E-03 +343.21606E-06
+40.10900E-06 -2.51256279E-03 +343.21606E-06
+40.12450E-06 +97.98994870E-03 -300.00001E-06
+40.14000E-06 -37.68844181E-03 -259.79901E-06
+40.15550E-06 -160.80401838E-03 +343.21606E-06
+40.17100E-06 -2.51256279E-03 -259.79901E-06
+40.18650E-06 +120.60301378E-03 -18.59298E-06
+40.20200E-06 -37.68844181E-03 +303.01505E-06
+40.21750E-06 -201.00502297E-03 +624.62309E-06
+40.23300E-06 -42.71356738E-03 +343.21606E-06
+40.24850E-06 +120.60301378E-03 -300.00001E-06
+40.26400E-06 +2.51256279E-03 -259.79901E-06
+40.27950E-06 -201.00502297E-03 +343.21606E-06
+40.29500E-06 -5.02512558E-03 +303.01505E-06
+40.31050E-06 +120.60301378E-03 -300.00001E-06
+40.32600E-06 -37.68844181E-03 +343.21606E-06
+40.34150E-06 -160.80401838E-03 +343.21606E-06
+40.35700E-06 -42.71356738E-03 +946.23113E-06
+40.37250E-06 +138.19095329E-03 +61.80903E-06
+40.38800E-06 +2.51256279E-03 -300.00001E-06
+40.40350E-06 -160.80401838E-03 +343.21606E-06
+40.41900E-06 -5.02512558E-03 +383.41706E-06
+40.43450E-06 +143.21607887E-03 -300.00001E-06
+40.45000E-06 +2.51256279E-03 -340.20102E-06
+40.46550E-06 -201.00502297E-03 +624.62309E-06
+40.48100E-06 -42.71356738E-03 +946.23113E-06
+40.49650E-06 +160.80401838E-03 +343.21606E-06
+40.51200E-06 +5.02512558E-03 -300.00001E-06
+40.52750E-06 -178.39195789E-03 +986.43213E-06
+40.54300E-06 -80.40200919E-03 +303.01505E-06
+40.55850E-06 +138.19095329E-03 +986.43213E-06
+40.57400E-06 +5.02512558E-03 +383.41706E-06
+40.58950E-06 -218.59296248E-03 +624.62309E-06
+40.60500E-06 -45.22613017E-03 +946.23113E-06
+40.62050E-06 +178.39195789E-03 -300.00001E-06
+40.63600E-06 +42.71356738E-03 -259.79901E-06
+40.65150E-06 -178.39195789E-03 +343.21606E-06
+40.66700E-06 -82.91457198E-03 +343.21606E-06
+40.68250E-06 +201.00502297E-03 +624.62309E-06
+40.69800E-06 +5.02512558E-03 -340.20102E-06
+40.71350E-06 -223.61808806E-03 +986.43213E-06
+40.72900E-06 -85.42713477E-03 +343.21606E-06
+40.74450E-06 +178.39195789E-03 +343.21606E-06
+40.76000E-06 +45.22613017E-03 -300.00001E-06
+40.77550E-06 -218.59296248E-03 -18.59298E-06
+40.79100E-06 -123.11557657E-03 +986.43213E-06
+40.80650E-06 +138.19095329E-03 +61.80903E-06
+40.82200E-06 +82.91457198E-03 -300.00001E-06
+40.83750E-06 -218.59296248E-03 -300.00001E-06
+40.85300E-06 -123.11557657E-03 +303.01505E-06
+40.86850E-06 +178.39195789E-03 +423.61807E-06
+40.88400E-06 +82.91457198E-03 +343.21606E-06
+40.89950E-06 -201.00502297E-03 +343.21606E-06
+40.91500E-06 -123.11557657E-03 +986.43213E-06
+40.93050E-06 +178.39195789E-03 -300.00001E-06
+40.94600E-06 +85.42713477E-03 -943.21609E-06
+40.96150E-06 -201.00502297E-03 +343.21606E-06
+40.97700E-06 -163.31658117E-03 +343.21606E-06
+40.99250E-06 +183.41708346E-03 +61.80903E-06
+41.00800E-06 +123.11557657E-03 -300.00001E-06
+41.02350E-06 -218.59296248E-03 +986.43213E-06
+41.03900E-06 -165.82914396E-03 +1.54924620E-03
+41.05450E-06 +155.77889280E-03 +624.62309E-06
+41.07000E-06 +123.11557657E-03 +303.01505E-06
+41.08550E-06 -218.59296248E-03 +705.02510E-06
+41.10100E-06 -163.31658117E-03 +986.43213E-06
+41.11650E-06 +178.39195789E-03 -300.00001E-06
+41.13200E-06 +160.80401838E-03 -300.00001E-06
+41.14750E-06 -218.59296248E-03 +343.21606E-06
+41.16300E-06 -163.31658117E-03 +383.41706E-06
+41.17850E-06 +178.39195789E-03 -18.59298E-06
+41.19400E-06 +163.31658117E-03 +303.01505E-06
+41.20950E-06 -218.59296248E-03 +343.21606E-06
+41.22500E-06 -203.51758576E-03 +1.58944720E-03
+41.24050E-06 +178.39195789E-03 +705.02510E-06
+41.25600E-06 +165.82914396E-03 -259.79901E-06
+41.27150E-06 -218.59296248E-03 +343.21606E-06
+41.28700E-06 -203.51758576E-03 +986.43213E-06
+41.30250E-06 +155.77889280E-03 +705.02510E-06
+41.31800E-06 +165.82914396E-03 -259.79901E-06
+41.33350E-06 -236.18090199E-03 -18.59298E-06
+41.34900E-06 -206.03014855E-03 +946.23113E-06
+41.36450E-06 +178.39195789E-03 +423.61807E-06
+41.38000E-06 +203.51758576E-03 -300.00001E-06
+41.39550E-06 -195.97989739E-03 +343.21606E-06
+41.41100E-06 -243.71859036E-03 +986.43213E-06
+41.42650E-06 +155.77889280E-03 -380.40202E-06
+41.44200E-06 +203.51758576E-03 -340.20102E-06
+41.45750E-06 -218.59296248E-03 +343.21606E-06
+41.47300E-06 -243.71859036E-03 +946.23113E-06
+41.48850E-06 +155.77889280E-03 +343.21606E-06
+41.50400E-06 +206.03014855E-03 -903.01508E-06
+41.51950E-06 -195.97989739E-03 +262.81405E-06
+41.53500E-06 -283.91959495E-03 +946.23113E-06
+41.55050E-06 +155.77889280E-03 +343.21606E-06
+41.56600E-06 +243.71859036E-03 +343.21606E-06
+41.58150E-06 -213.56783690E-03 +343.21606E-06
+41.59700E-06 -283.91959495E-03 +986.43213E-06
+41.61250E-06 +133.16582771E-03 -300.00001E-06
+41.62800E-06 +283.91959495E-03 -300.00001E-06
+41.64350E-06 -213.56783690E-03 +61.80903E-06
+41.65900E-06 -324.12059955E-03 -219.59800E-06
+41.67450E-06 +155.77889280E-03 +343.21606E-06
+41.69000E-06 +246.23115315E-03 +303.01505E-06
+41.70550E-06 -218.59296248E-03 +624.62309E-06
+41.72100E-06 -326.63316233E-03 +946.23113E-06
+41.73650E-06 +155.77889280E-03 +705.02510E-06
+41.75200E-06 +283.91959495E-03 -300.00001E-06
+41.76750E-06 -173.36683231E-03 +262.81405E-06
+41.78300E-06 -364.32160414E-03 +946.23113E-06
+41.79850E-06 +133.16582771E-03 +343.21606E-06
+41.81400E-06 +321.60803676E-03 -259.79901E-06
+41.82950E-06 -173.36683231E-03 -300.00001E-06
+41.84500E-06 -326.63316233E-03 +946.23113E-06
+41.86050E-06 +133.16582771E-03 -300.00001E-06
+41.87600E-06 +359.29647856E-03 -903.01508E-06
+41.89150E-06 -173.36683231E-03 +343.21606E-06
+41.90700E-06 -402.01004595E-03 -259.79901E-06
+41.92250E-06 +75.37688361E-03 -18.59298E-06
+41.93800E-06 +361.80904135E-03 -340.20102E-06
+41.95350E-06 -133.16582771E-03 +343.21606E-06
+41.96900E-06 -366.83416693E-03 +1.58944720E-03
+41.98450E-06 +110.55276263E-03 +1.06683414E-03
+42.00000E-06 +364.32160414E-03 -259.79901E-06
+42.01550E-06 -133.16582771E-03 +343.21606E-06
+42.03100E-06 -442.21105054E-03 +1.58944720E-03
+42.04650E-06 +92.96482312E-03 +986.43213E-06
+42.06200E-06 +402.01004595E-03 -300.00001E-06
+42.07750E-06 -92.96482312E-03 +61.80903E-06
+42.09300E-06 -404.52260873E-03 +1.54924620E-03
+42.10850E-06 +70.35175803E-03 +343.21606E-06
+42.12400E-06 +439.69848775E-03 -903.01508E-06
+42.13950E-06 -110.55276263E-03 -300.00001E-06
+42.15500E-06 -442.21105054E-03 +343.21606E-06
+42.17050E-06 +52.76381852E-03 +343.21606E-06
+42.18600E-06 +404.52260873E-03 +303.01505E-06
+42.20150E-06 -110.55276263E-03 -18.59298E-06
+42.21700E-06 -482.41205513E-03 +343.21606E-06
+42.23250E-06 +52.76381852E-03 +423.61807E-06
+42.24800E-06 +442.21105054E-03 -259.79901E-06
+42.26350E-06 -70.35175803E-03 -300.00001E-06
+42.27900E-06 -482.41205513E-03 +946.23113E-06
+42.29450E-06 +30.15075344E-03 +986.43213E-06
+42.31000E-06 +442.21105054E-03 -300.00001E-06
+42.32550E-06 -70.35175803E-03 -300.00001E-06
+42.34100E-06 -482.41205513E-03 +946.23113E-06
+42.35650E-06 +12.56281393E-03 +705.02510E-06
+42.37200E-06 +479.89949235E-03 -903.01508E-06
+42.38750E-06 -12.56281393E-03 -581.40705E-06
+42.40300E-06 -484.92461792E-03 -219.59800E-06
+42.41850E-06 -10.05025116E-03 +624.62309E-06
+42.43400E-06 +482.41205513E-03 -943.21609E-06
+42.44950E-06 -12.56281393E-03 -661.80906E-06
+42.46500E-06 -520.10049694E-03 +946.23113E-06
+42.48050E-06 -50.25125575E-03 +1.34824117E-03
+42.49600E-06 +479.89949235E-03 -300.00001E-06
+42.51150E-06 -7.53768835E-03 -300.00001E-06
+42.52700E-06 -560.30150153E-03 +906.03012E-06
+42.54250E-06 -90.45226035E-03 +986.43213E-06
+42.55800E-06 +479.89949235E-03 -259.79901E-06
+42.57350E-06 +27.63819067E-03 -300.00001E-06
+42.58900E-06 -560.30150153E-03 +986.43213E-06
+42.60450E-06 -90.45226035E-03 +705.02510E-06
+42.62000E-06 +479.89949235E-03 -943.21609E-06
+42.63550E-06 +72.86432084E-03 -943.21609E-06
+42.65100E-06 -560.30150153E-03 +343.21606E-06
+42.66650E-06 -148.24120445E-03 +1.54924620E-03
+42.68200E-06 +520.10049694E-03 -259.79901E-06
+42.69750E-06 +90.45226035E-03 -18.59298E-06
+42.71300E-06 -560.30150153E-03 +383.41706E-06
+42.72850E-06 -153.26633003E-03 +1.34824117E-03
+42.74400E-06 +557.78893874E-03 -300.00001E-06
+42.75950E-06 +130.65326494E-03 -661.80906E-06
+42.77500E-06 -600.50250613E-03 +303.01505E-06
+42.79050E-06 -170.85426954E-03 +705.02510E-06
+42.80600E-06 +555.27637596E-03 +343.21606E-06
+42.82150E-06 +148.24120445E-03 -300.00001E-06
+42.83700E-06 -597.98994334E-03 +986.43213E-06
+42.85250E-06 -211.05527413E-03 +1.34824117E-03
+42.86800E-06 +557.78893874E-03 -300.00001E-06
+42.88350E-06 +193.46733462E-03 -943.21609E-06
+42.89900E-06 -597.98994334E-03 +343.21606E-06
+42.91450E-06 -233.66833922E-03 +624.62309E-06
+42.93000E-06 +557.78893874E-03 -943.21609E-06
+42.94550E-06 +211.05527413E-03 -300.00001E-06
+42.96100E-06 -557.78893874E-03 +946.23113E-06
+42.97650E-06 -291.45728332E-03 +986.43213E-06
+42.99200E-06 +557.78893874E-03 -903.01508E-06
+43.00750E-06 +251.25627873E-03 -943.21609E-06
+43.02300E-06 -633.16582236E-03 +946.23113E-06
+43.03850E-06 -291.45728332E-03 +1.26783916E-03
+43.05400E-06 +592.96481776E-03 -300.00001E-06
+43.06950E-06 +273.86934381E-03 -943.21609E-06
+43.08500E-06 -597.98994334E-03 +986.43213E-06
+43.10050E-06 -354.27135300E-03 +1.62964821E-03
+43.11600E-06 +592.96481776E-03 +383.41706E-06
+43.13150E-06 +314.07034841E-03 -1.22462312E-03
+43.14700E-06 -597.98994334E-03 +343.21606E-06
+43.16250E-06 -371.85929251E-03 +1.26783916E-03
+43.17800E-06 +590.45225497E-03 -259.79901E-06
+43.19350E-06 +331.65828791E-03 -300.00001E-06
+43.20900E-06 -595.47738055E-03 +946.23113E-06
+43.22450E-06 -394.47235760E-03 +1.99145725E-03
+43.24000E-06 +555.27637596E-03 +383.41706E-06
+43.25550E-06 +394.47235760E-03 -661.80906E-06
+43.27100E-06 -592.96481776E-03 +946.23113E-06
+43.28650E-06 -474.87436679E-03 +986.43213E-06
+43.30200E-06 +587.93969218E-03 +383.41706E-06
+43.31750E-06 +434.67336219E-03 -581.40705E-06
+43.33300E-06 -630.65325956E-03 +946.23113E-06
+43.34850E-06 -492.46230629E-03 +1.62964821E-03
+43.36400E-06 +552.76381317E-03 -300.00001E-06
+43.37950E-06 +474.87436679E-03 -943.21609E-06
+43.39500E-06 -592.96481776E-03 +343.21606E-06
+43.41050E-06 -515.07537138E-03 +1.54924620E-03
+43.42600E-06 +550.25125038E-03 +343.21606E-06
+43.44150E-06 +515.07537138E-03 -943.21609E-06
+43.45700E-06 -590.45225497E-03 +303.01505E-06
+43.47250E-06 -555.27637597E-03 +1.99145725E-03
+43.48800E-06 +550.25125038E-03 +423.61807E-06
+43.50350E-06 +555.27637597E-03 -943.21609E-06
+43.51900E-06 -590.45225497E-03 +906.03012E-06
+43.53450E-06 -595.47738057E-03 +2.27286428E-03
+43.55000E-06 +547.73868759E-03 +383.41706E-06
+43.56550E-06 +595.47738057E-03 -943.21609E-06
+43.58100E-06 -587.93969218E-03 +343.21606E-06
+43.59650E-06 -653.26632467E-03 +1.91105524E-03
+43.61200E-06 +545.22612480E-03 +1.02663314E-03
+43.62750E-06 +613.06532008E-03 -1.22462312E-03
+43.64300E-06 -547.73868759E-03 -300.00001E-06
+43.65850E-06 -693.46732927E-03 +1.26783916E-03
+43.67400E-06 +507.53768299E-03 +1.54924620E-03
+43.68950E-06 +675.87938976E-03 -943.21609E-06
+43.70500E-06 -510.05024578E-03 +303.01505E-06
+43.72050E-06 -693.46732927E-03 +1.99145725E-03
+43.73600E-06 +467.33667840E-03 -179.39700E-06
+43.75150E-06 +693.46732927E-03 -1.58643216E-03
+43.76700E-06 -507.53768299E-03 +303.01505E-06
+43.78250E-06 -756.28139895E-03 +1.26783916E-03
+43.79800E-06 +467.33667840E-03 +383.41706E-06
+43.81350E-06 +733.66833386E-03 -1.22462312E-03
+43.82900E-06 -505.02512020E-03 -943.21609E-06
+43.84450E-06 -814.07034305E-03 +2.27286428E-03
+43.86000E-06 +462.31155282E-03 +383.41706E-06
+43.87550E-06 +814.07034305E-03 -1.22462312E-03
+43.89100E-06 -464.82411561E-03 -943.21609E-06
+43.90650E-06 -871.85928715E-03 +1.54924620E-03
+43.92200E-06 +386.93466921E-03 +343.21606E-06
+43.93750E-06 +831.65828256E-03 -581.40705E-06
+43.95300E-06 -427.13567380E-03 +303.01505E-06
+43.96850E-06 -894.47235224E-03 +1.26783916E-03
+43.98400E-06 +384.42210642E-03 +383.41706E-06
+43.99950E-06 +871.85928715E-03 -2.22964823E-03
+44.01500E-06 -422.11054822E-03 -380.40202E-06
+44.03050E-06 -912.06029175E-03 +1.26783916E-03
+44.04600E-06 +344.22110182E-03 +1.02663314E-03
+44.06150E-06 +912.06029175E-03 -1.30502513E-03
+44.07700E-06 -379.39698084E-03 -300.00001E-06
+44.09250E-06 -934.67335683E-03 +1.91105524E-03
+44.10800E-06 +301.50753444E-03 +986.43213E-06
+44.12350E-06 +952.26129634E-03 -1.22462312E-03
+44.13900E-06 -339.19597624E-03 -943.21609E-06
+44.15450E-06 -1.03266330553E+00 +1.54924620E-03
+44.17000E-06 +263.81909263E-03 +1.58944720E-03
+44.18550E-06 +952.26129634E-03 -1.58643216E-03
+44.20100E-06 -261.30652984E-03 -340.20102E-06
+44.21650E-06 -1.05025124504E+00 +1.62964821E-03
+44.23200E-06 +183.41708344E-03 +423.61807E-06
+44.24750E-06 +1.01005024044E+00 -1.58643216E-03
+44.26300E-06 -261.30652984E-03 -380.40202E-06
+44.27850E-06 -1.05025124504E+00 +1.62964821E-03
+44.29400E-06 +180.90452065E-03 +1.02663314E-03
+44.30950E-06 +1.02763817995E+00 -943.21609E-06
+44.32500E-06 -218.59296246E-03 -340.20102E-06
+44.34050E-06 -1.09045224963E+00 +1.99145725E-03
+44.35600E-06 +138.19095327E-03 +1.02663314E-03
+44.37150E-06 +1.10804018914E+00 -1.50603015E-03
+44.38700E-06 -175.87939507E-03 -943.21609E-06
+44.40250E-06 -1.10804018914E+00 +1.26783916E-03
+44.41800E-06 +97.98994867E-03 +2.27286428E-03
+44.43350E-06 +1.12562812865E+00 -1.58643216E-03
+44.44900E-06 -100.50251146E-03 -983.41709E-06
+44.46450E-06 -1.17085425882E+00 +2.27286428E-03
+44.48000E-06 +57.78894408E-03 +1.02663314E-03
+44.49550E-06 +1.14824119374E+00 -1.30502513E-03
+44.51100E-06 -57.78894408E-03 -943.21609E-06
+44.52650E-06 -1.20603013784E+00 +1.62964821E-03
+44.54200E-06 -22.61306511E-03 +1.62964821E-03
+44.55750E-06 +1.14824119374E+00 -1.22462312E-03
+44.57300E-06 -15.07537670E-03 -983.41709E-06
+44.58850E-06 -1.22864320292E+00 +1.91105524E-03
+44.60400E-06 -25.12562790E-03 +1.62964821E-03
+44.61950E-06 +1.18844219833E+00 -1.86783919E-03
+44.63500E-06 +62.81406970E-03 -1.58643216E-03
+44.65050E-06 -1.24623114243E+00 +1.26783916E-03
+44.66600E-06 -103.01507430E-03 +1.02663314E-03
+44.68150E-06 +1.20603013784E+00 -1.30502513E-03
+44.69700E-06 +103.01507430E-03 -983.41709E-06
+44.71250E-06 -1.26381908194E+00 +1.26783916E-03
+44.72800E-06 -143.21607889E-03 +1.71005022E-03
+44.74350E-06 +1.24623114243E+00 -1.22462312E-03
+44.75900E-06 +143.21607889E-03 -1.02361810E-03
+44.77450E-06 -1.28643214703E+00 +1.26783916E-03
+44.79000E-06 -223.61808808E-03 +1.66984921E-03
+44.80550E-06 +1.24120601685E+00 -1.22462312E-03
+44.82100E-06 +223.61808808E-03 -943.21609E-06
+44.83650E-06 -1.30402008653E+00 +986.43213E-06
+44.85200E-06 -304.02009727E-03 +2.91608035E-03
+44.86750E-06 +1.28140702145E+00 -862.81408E-06
+44.88300E-06 +304.02009727E-03 -2.22964823E-03
+44.89850E-06 -1.29899496095E+00 +1.26783916E-03
+44.91400E-06 -344.22110187E-03 +1.62964821E-03
+44.92950E-06 +1.24120601685E+00 -1.22462312E-03
+44.94500E-06 +381.90954367E-03 -1.62663317E-03
+44.96050E-06 -1.29899496095E+00 +1.26783916E-03
+44.97600E-06 -427.13567385E-03 +1.66984921E-03
+44.99150E-06 +1.25879395636E+00 -1.58643216E-03
+45.00700E-06 +424.62311106E-03 -983.41709E-06
+45.02250E-06 -1.33919596555E+00 +1.26783916E-03
+45.03800E-06 -507.53768304E-03 +1.62964821E-03
+45.05350E-06 +1.27638189587E+00 -943.21609E-06
+45.06900E-06 +505.02512025E-03 -2.18944723E-03
+45.08450E-06 -1.29899496095E+00 +1.62964821E-03
+45.10000E-06 -547.73868763E-03 +2.31306528E-03
+45.11550E-06 +1.27638189587E+00 -581.40705E-06
+45.13100E-06 +585.42712943E-03 -2.22964823E-03
+45.14650E-06 -1.33417083997E+00 +906.03012E-06
+45.16200E-06 -628.14069682E-03 +2.87587935E-03
+45.17750E-06 +1.25376883078E+00 -581.40705E-06
+45.19300E-06 +623.11557124E-03 -2.22964823E-03
+45.20850E-06 -1.31155777488E+00 +343.21606E-06
+45.22400E-06 -706.03014322E-03 +2.91608035E-03
+45.23950E-06 +1.25376883078E+00 -581.40705E-06
+45.25500E-06 +706.03014322E-03 -2.26984924E-03
+45.27050E-06 -1.31658290046E+00 +1.26783916E-03
+45.28600E-06 -748.74371060E-03 +2.27286428E-03
+45.30150E-06 +1.25376883078E+00 -581.40705E-06
+45.31700E-06 +748.74371060E-03 -1.62663317E-03
+45.33250E-06 -1.27135677029E+00 +986.43213E-06
+45.34800E-06 -864.32159881E-03 +2.95628136E-03
+45.36350E-06 +1.25376883078E+00 -581.40705E-06
+45.37900E-06 +864.32159881E-03 -2.87286431E-03
+45.39450E-06 -1.29396983537E+00 +262.81405E-06
+45.41000E-06 -907.03516619E-03 +2.91608035E-03
+45.42550E-06 +1.22613064011E+00 -219.59800E-06
+45.44100E-06 +944.72360800E-03 -2.26984924E-03
+45.45650E-06 -1.28894470979E+00 +624.62309E-06
+45.47200E-06 -1.02512561719E+00 +2.91608035E-03
+45.48750E-06 +1.23115576569E+00 -581.40705E-06
+45.50300E-06 +987.43717538E-03 -2.26984924E-03
+45.51850E-06 -1.23115576569E+00 +624.62309E-06
+45.53400E-06 -1.10301506358E+00 +2.95628136E-03
+45.54950E-06 +1.18592963552E+00 +343.21606E-06
+45.56500E-06 +1.02763817998E+00 -2.26984924E-03
+45.58050E-06 -1.22613064011E+00 +624.62309E-06
+45.59600E-06 -1.14572863097E+00 +2.91608035E-03
+45.61150E-06 +1.14572863092E+00 -219.59800E-06
+45.62700E-06 +1.14824119376E+00 -3.51608038E-03
+45.64250E-06 -1.20351757502E+00 -380.40202E-06
+45.65800E-06 -1.22613064016E+00 +2.91608035E-03
+45.67350E-06 +1.14070350534E+00 +61.80903E-06
+45.68900E-06 +1.18592963556E+00 -2.87286431E-03
+45.70450E-06 -1.16331657043E+00 +343.21606E-06
+45.72000E-06 -1.33919596557E+00 +2.91608035E-03
+45.73550E-06 +1.07788943566E+00 +423.61807E-06
+45.75100E-06 +1.26633164475E+00 -2.87286431E-03
+45.76650E-06 -1.12311556583E+00 -18.59298E-06
+45.78200E-06 -1.38190953296E+00 +2.91608035E-03
+45.79750E-06 +1.03768843106E+00 +705.02510E-06
+45.81300E-06 +1.34170852836E+00 -2.22964823E-03
+45.82850E-06 -1.06030149615E+00 +262.81405E-06
+45.84400E-06 -1.42462310034E+00 +2.91608035E-03
+45.85950E-06 +997.48742647E-03 +142.21104E-06
+45.87500E-06 +1.42462310034E+00 -3.47587938E-03
+45.89050E-06 -1.02010049155E+00 -380.40202E-06
+45.90600E-06 -1.49999998395E+00 +2.87587935E-03
+45.92150E-06 +957.28642187E-03 +343.21606E-06
+45.93700E-06 +1.46482410494E+00 -2.83266330E-03
+45.95250E-06 -952.26129629E-03 -661.80906E-06
+45.96800E-06 -1.58040199314E+00 +2.95628136E-03
+45.98350E-06 +894.47235219E-03 +1.34824117E-03
+45.99900E-06 +1.58040199314E+00 -2.26984924E-03
+46.01450E-06 -934.67335679E-03 +262.81405E-06
+46.03000E-06 -1.62060299773E+00 +3.51909542E-03
+46.04550E-06 +814.07034300E-03 +986.43213E-06
+46.06100E-06 +1.62060299773E+00 -2.83266330E-03
+46.07650E-06 -831.65828251E-03 -380.40202E-06
+46.09200E-06 -1.69849244413E+00 +2.87587935E-03
+46.10750E-06 +796.48240349E-03 +1.06683414E-03
+46.12300E-06 +1.69849244413E+00 -3.47587938E-03
+46.13850E-06 -768.84421283E-03 -742.21106E-06
+46.15400E-06 -1.77889445332E+00 +3.47889442E-03
+46.16950E-06 +688.44220364E-03 +1.62964821E-03
+46.18500E-06 +1.70100500692E+00 -2.22964823E-03
+46.20050E-06 -711.05526872E-03 -943.21609E-06
+46.21600E-06 -1.81658289513E+00 +3.51909542E-03
+46.23150E-06 +608.04019445E-03 +1.62964821E-03
+46.24700E-06 +1.81658289513E+00 -2.83266330E-03
+46.26250E-06 -625.62813395E-03 -380.40202E-06
+46.27800E-06 -1.89698490432E+00 +3.51909542E-03
+46.29350E-06 +527.63818526E-03 +1.99145725E-03
+46.30900E-06 +1.85427133693E+00 -2.87286431E-03
+46.32450E-06 -545.22612476E-03 -1.94824120E-03
+46.34000E-06 -1.93718590891E+00 +2.27286428E-03
+46.35550E-06 +464.82411558E-03 +1.71005022E-03
+46.37100E-06 +1.89698490432E+00 -4.07889445E-03
+46.38650E-06 -464.82411558E-03 -1.30502513E-03
+46.40200E-06 -1.97236178792E+00 +3.47889442E-03
+46.41750E-06 +361.80904130E-03 +2.35326629E-03
+46.43300E-06 +1.93216078333E+00 -2.18944723E-03
+46.44850E-06 -402.01004589E-03 -1.30502513E-03
+46.46400E-06 -2.01256279252E+00 +2.27286428E-03
+46.47950E-06 +304.02009720E-03 +1.99145725E-03
+46.49500E-06 +1.97236178792E+00 -2.83266330E-03
+46.51050E-06 -304.02009720E-03 -661.80906E-06
+46.52600E-06 -2.05276379711E+00 +2.87587935E-03
+46.54150E-06 +223.61808801E-03 +2.99648236E-03
+46.55700E-06 +2.05025123432E+00 -2.79246230E-03
+46.57250E-06 -241.20602751E-03 -1.66683417E-03
+46.58800E-06 -2.08793967613E+00 +2.87587935E-03
+46.60350E-06 +120.60301373E-03 +2.35326629E-03
+46.61900E-06 +2.04773867153E+00 -2.83266330E-03
+46.63450E-06 -120.60301373E-03 -1.30502513E-03
+46.65000E-06 -2.12562811793E+00 +2.87587935E-03
+46.66550E-06 +40.20100454E-03 +3.27788939E-03
+46.68100E-06 +2.08793967613E+00 -2.18944723E-03
+46.69650E-06 -40.20100454E-03 -1.94824120E-03
+46.71200E-06 -2.16331655973E+00 +2.87587935E-03
+46.72750E-06 -57.78894416E-03 +3.63969844E-03
+46.74300E-06 +2.12562811793E+00 -2.79246230E-03
+46.75850E-06 +62.81406974E-03 -1.94824120E-03
+46.77400E-06 -2.20351756433E+00 +2.87587935E-03
+46.78950E-06 -160.80401843E-03 +2.99648236E-03
+46.80500E-06 +2.12311555514E+00 -2.18944723E-03
+46.82050E-06 +183.41708352E-03 -2.31005024E-03
+46.83600E-06 -2.20100500154E+00 +2.87587935E-03
+46.85150E-06 -241.20602762E-03 +2.99648236E-03
+46.86700E-06 +2.16080399694E+00 -2.18944723E-03
+46.88250E-06 +263.81909271E-03 -2.31005024E-03
+46.89800E-06 -2.23869344334E+00 +2.83567834E-03
+46.91350E-06 -384.42210649E-03 +3.27788939E-03
+46.92900E-06 +2.16080399694E+00 -2.14924623E-03
+46.94450E-06 +384.42210649E-03 -2.22964823E-03
+46.96000E-06 -2.27386932236E+00 +2.87587935E-03
+46.97550E-06 -482.41205519E-03 +3.27788939E-03
+46.99100E-06 +2.16080399694E+00 -2.18944723E-03
+47.00650E-06 +464.82411568E-03 -2.22964823E-03
+47.02200E-06 -2.23618088055E+00 +3.47889442E-03
+47.03750E-06 -567.83918996E-03 +3.27788939E-03
+47.05300E-06 +2.23366831776E+00 -1.46582915E-03
+47.06850E-06 +603.01506897E-03 -2.31005024E-03
+47.08400E-06 -2.23618088055E+00 +2.19246227E-03
+47.09950E-06 -665.82913866E-03 +3.63969844E-03
+47.11500E-06 +2.19346731317E+00 -2.75226129E-03
+47.13050E-06 +688.44220375E-03 -2.59145728E-03
+47.14600E-06 -2.23366831776E+00 +2.75527633E-03
+47.16150E-06 -768.84421293E-03 +4.20251250E-03
+47.17700E-06 +2.22613062939E+00 -1.50603015E-03
+47.19250E-06 +804.02009195E-03 -2.59145728E-03
+47.20800E-06 -2.22864319218E+00 +2.19246227E-03
+47.22350E-06 -907.03516622E-03 +2.91608035E-03
+47.23900E-06 +2.19095475038E+00 -1.50603015E-03
+47.25450E-06 +924.62310573E-03 -2.59145728E-03
+47.27000E-06 -2.19095475038E+00 +2.19246227E-03
+47.28550E-06 -964.82411033E-03 +4.84572857E-03
+47.30100E-06 +2.18341706200E+00 -1.50603015E-03
+47.31650E-06 +1.00502511492E+00 -2.59145728E-03
+47.33200E-06 -2.18592962479E+00 +2.19246227E-03
+47.34750E-06 -1.08542712411E+00 +4.56432154E-03
+47.36300E-06 +2.10804017840E+00 -1.46582915E-03
+47.37850E-06 +1.12562812871E+00 -3.59648239E-03
+47.39400E-06 -2.14321605741E+00 +2.15226127E-03
+47.40950E-06 -1.18844219839E+00 +4.56432154E-03
+47.42500E-06 +2.10050249002E+00 -862.81408E-06
+47.44050E-06 +1.22361807740E+00 -3.51608038E-03
+47.45600E-06 -2.13819093183E+00 +986.43213E-06
+47.47150E-06 -1.32663315168E+00 +4.20251250E-03
+47.48700E-06 +2.06030148543E+00 -259.79901E-06
+47.50250E-06 +1.34422109119E+00 -3.87788942E-03
+47.51800E-06 -2.10050249002E+00 +1.58944720E-03
+47.53350E-06 -1.44723616546E+00 +5.20753762E-03
+47.54900E-06 +1.98241203903E+00 -219.59800E-06
+47.56450E-06 +1.42462310037E+00 -3.87788942E-03
+47.58000E-06 -2.05527635985E+00 +906.03012E-06
+47.59550E-06 -1.52763817465E+00 +4.56432154E-03
+47.61100E-06 +1.97738691345E+00 -179.39700E-06
+47.62650E-06 +1.54522611416E+00 -4.23969846E-03
+47.64200E-06 -1.97738691345E+00 +946.23113E-06
+47.65750E-06 -1.60804018384E+00 +5.20753762E-03
+47.67300E-06 +1.89447234147E+00 +1.02663314E-03
+47.68850E-06 +1.62562812335E+00 -3.87788942E-03
+47.70400E-06 -1.96984922508E+00 +946.23113E-06
+47.71950E-06 -1.72361807204E+00 +5.48894465E-03
+47.73500E-06 +1.85427133687E+00 +383.41706E-06
+47.75050E-06 +1.74120601155E+00 -3.51608038E-03
+47.76600E-06 -1.85175877408E+00 +906.03012E-06
+47.78150E-06 -1.80402008123E+00 +4.84572857E-03
+47.79700E-06 +1.84673364850E+00 +423.61807E-06
+47.81250E-06 +1.84422108583E+00 -4.15929646E-03
+47.82800E-06 -1.76884420210E+00 +303.01505E-06
+47.84350E-06 -1.92462309502E+00 +4.84572857E-03
+47.85900E-06 +1.72864319751E+00 +463.81907E-06
+47.87450E-06 +1.94221103452E+00 -3.87788942E-03
+47.89000E-06 -1.72864319751E+00 +262.81405E-06
+47.90550E-06 -2.00502510421E+00 +4.84572857E-03
+47.92100E-06 +1.64321606274E+00 +423.61807E-06
+47.93650E-06 +2.02261304371E+00 -4.15929646E-03
+47.95200E-06 -1.64321606274E+00 +222.61305E-06
+47.96750E-06 -2.12060299241E+00 +4.84572857E-03
+47.98300E-06 +1.52512561174E+00 +1.71005022E-03
+47.99850E-06 +2.09798992732E+00 -3.51608038E-03
+48.01400E-06 -1.52261304895E+00 +906.03012E-06
+48.02950E-06 -2.16080399700E+00 +5.40854264E-03
+48.04500E-06 +1.48241204436E+00 +1.71005022E-03
+48.06050E-06 +2.17839193651E+00 -3.51608038E-03
+48.07600E-06 -1.47989948157E+00 -380.40202E-06
+48.09150E-06 -2.27638188521E+00 +5.48894465E-03
+48.10700E-06 +1.35929646778E+00 +504.02008E-06
+48.12250E-06 +2.28140701079E+00 -4.15929646E-03
+48.13800E-06 -1.36180903057E+00 -380.40202E-06
+48.15350E-06 -2.33919595489E+00 +5.12713561E-03
+48.16900E-06 +1.31407033760E+00 +1.71005022E-03
+48.18450E-06 +2.33919595489E+00 -4.44070349E-03
+48.20000E-06 -1.27889445859E+00 -380.40202E-06
+48.21550E-06 -2.45477384309E+00 +4.84572857E-03
+48.23100E-06 +1.19346732382E+00 +1.71005022E-03
+48.24650E-06 +2.39195977341E+00 -4.15929646E-03
+48.26200E-06 -1.19597988661E+00 -1.02361810E-03
+48.27750E-06 -2.49497484768E+00 +5.40854264E-03
+48.29300E-06 +1.07788943562E+00 +2.39346729E-03
+48.30850E-06 +2.49497484769E+00 -4.15929646E-03
+48.32400E-06 -1.03517586823E+00 -380.40202E-06
+48.33950E-06 -2.55276379179E+00 +5.48894465E-03
+48.35500E-06 +954.77385904E-03 +2.35326629E-03
+48.37050E-06 +2.53015072670E+00 -3.87788942E-03
+48.38600E-06 -952.26129625E-03 -1.06381910E-03
+48.40150E-06 -2.59296479638E+00 +5.12713561E-03
+48.41700E-06 +869.34672427E-03 +2.99648236E-03
+48.43250E-06 +2.61055273589E+00 -4.15929646E-03
+48.44800E-06 -829.14571968E-03 -1.02361810E-03
+48.46350E-06 -2.66834167999E+00 +5.12713561E-03
+48.47900E-06 +713.56783148E-03 +2.99648236E-03
+48.49450E-06 +2.60552761030E+00 -3.79748741E-03
+48.51000E-06 -708.54270589E-03 -1.62663317E-03
+48.52550E-06 -2.72613062409E+00 +5.12713561E-03
+48.54100E-06 +590.45225490E-03 +2.99648236E-03
+48.55650E-06 +2.68592961949E+00 -4.44070349E-03
+48.57200E-06 -550.25125031E-03 -1.62663317E-03
+48.58750E-06 -2.72613062409E+00 +4.48391953E-03
+48.60300E-06 +469.84924112E-03 +2.39346729E-03
+48.61850E-06 +2.74371856359E+00 -4.07889445E-03
+48.63400E-06 -429.64823652E-03 -1.06381910E-03
+48.64950E-06 -2.80653263328E+00 +5.12713561E-03
+48.66500E-06 +349.24622733E-03 +4.24271350E-03
+48.68050E-06 +2.78391956819E+00 -3.07386933E-03
+48.69600E-06 -346.73366454E-03 -1.62663317E-03
+48.71150E-06 -2.84170851229E+00 +5.40854264E-03
+48.72700E-06 +228.64321355E-03 +2.99648236E-03
+48.74250E-06 +2.79648238211E+00 -2.79246230E-03
+48.75800E-06 -228.64321355E-03 -1.66683417E-03
+48.77350E-06 -2.85929645180E+00 +5.04673360E-03
+48.78900E-06 +105.52763697E-03 +4.92613058E-03
+48.80450E-06 +2.83668338671E+00 -3.43567837E-03
+48.82000E-06 -105.52763697E-03 -1.66683417E-03
+48.83550E-06 -2.87688439130E+00 +4.12211049E-03
+48.85100E-06 -15.07537681E-03 +4.28291451E-03
+48.86650E-06 +2.83668338671E+00 -3.51608038E-03
+48.88200E-06 +17.58793960E-03 -2.31005024E-03
+48.89750E-06 -2.91708539590E+00 +4.12211049E-03
+48.91300E-06 -170.85426961E-03 +4.24271351E-03
+48.92850E-06 +2.87185926572E+00 -2.79246230E-03
+48.94400E-06 +211.05527420E-03 -2.35025125E-03
+48.95950E-06 -2.91206027031E+00 +3.76030145E-03
+48.97500E-06 -296.48240897E-03 +4.24271351E-03
+48.99050E-06 +2.82663313554E+00 -3.15427134E-03
+49.00600E-06 +296.48240897E-03 -2.31005024E-03
+49.02150E-06 -2.91206027031E+00 +3.47889442E-03
+49.03700E-06 -414.57285997E-03 +4.24271351E-03
+49.05250E-06 +2.84422107505E+00 -3.43567837E-03
+49.06800E-06 +454.77386456E-03 -2.91306531E-03
+49.08350E-06 -2.86683414014E+00 +3.84070346E-03
+49.09900E-06 -535.17587375E-03 +4.28291451E-03
+49.11450E-06 +2.84422107505E+00 -2.59145728E-03
+49.13000E-06 +577.88944114E-03 -2.95326632E-03
+49.14550E-06 -2.86683414014E+00 +4.40351752E-03
+49.16100E-06 -693.46732934E-03 +4.24271351E-03
+49.17650E-06 +2.82160800996E+00 -2.71206029E-03
+49.19200E-06 +695.97989213E-03 -3.55628139E-03
+49.20750E-06 -2.86180901456E+00 +3.47889442E-03
+49.22300E-06 -851.75878493E-03 +4.88592958E-03
+49.23850E-06 +2.79899494487E+00 -2.51105527E-03
+49.25400E-06 +891.95978952E-03 -2.31005024E-03
+49.26950E-06 -2.79899494487E+00 +3.76030145E-03
+49.28500E-06 -974.87436150E-03 +4.92613058E-03
+49.30050E-06 +2.75879394028E+00 -1.42562814E-03
+49.31600E-06 +974.87436150E-03 -3.55628139E-03
+49.33150E-06 -2.79899494487E+00 +2.83567834E-03
+49.34700E-06 -1.05527637069E+00 +4.96633159E-03
+49.36250E-06 +2.71356781010E+00 -1.50603015E-03
+49.37800E-06 +1.09296481249E+00 -3.59648239E-03
+49.39350E-06 -2.75376881469E+00 +3.11708538E-03
+49.40900E-06 -1.21356782628E+00 +6.09195972E-03
+49.42450E-06 +2.67336680551E+00 -1.78743718E-03
+49.44000E-06 +1.21356782628E+00 -2.95326632E-03
+49.45550E-06 -2.70854268452E+00 +2.11206026E-03
+49.47100E-06 -1.33165827727E+00 +6.13216072E-03
+49.48650E-06 +2.62814067533E+00 -1.14422111E-03
+49.50200E-06 +1.37185928186E+00 -3.55628139E-03
+49.51750E-06 -2.64572861483E+00 +2.83567834E-03
+49.53300E-06 -1.45226129105E+00 +5.52914565E-03
+49.54850E-06 +2.58793967073E+00 -782.41207E-06
+49.56400E-06 +1.45226129105E+00 -3.55628139E-03
+49.57950E-06 -2.60552761024E+00 +1.91105524E-03
+49.59500E-06 -1.57035174205E+00 +5.56934666E-03
+49.61050E-06 +2.50251253596E+00 -862.81408E-06
+49.62600E-06 +1.57286430484E+00 -4.23969846E-03
+49.64150E-06 -2.52512560105E+00 +2.47386930E-03
+49.65700E-06 -1.69095475583E+00 +6.17236173E-03
+49.67250E-06 +2.45728640578E+00 -862.81408E-06
+49.68800E-06 +1.72864319763E+00 -4.80251253E-03
+49.70350E-06 -2.50251253596E+00 +1.54924620E-03
+49.71900E-06 -1.77135676502E+00 +5.52914565E-03
+49.73450E-06 +2.35929645709E+00 +142.21104E-06
+49.75000E-06 +1.80904520682E+00 -4.80251253E-03
+49.76550E-06 -2.37688439659E+00 +1.54924620E-03
+49.78100E-06 -1.92713565782E+00 +5.52914565E-03
+49.79650E-06 +2.27386932232E+00 -139.19600E-06
+49.81200E-06 +1.92462309502E+00 -4.80251253E-03
+49.82750E-06 -2.27386932232E+00 +1.54924620E-03
+49.84300E-06 -2.04271354602E+00 +6.17236173E-03
+49.85850E-06 +2.19346731313E+00 +423.61807E-06
+49.87400E-06 +2.00753766701E+00 -4.19949746E-03
+49.88950E-06 -2.19346731313E+00 +1.54924620E-03
+49.90500E-06 -2.08542711340E+00 +6.77537679E-03
+49.92050E-06 +2.11306530394E+00 +785.42711E-06
+49.93600E-06 +2.12311555521E+00 -4.80251253E-03
+49.95150E-06 -2.13065324344E+00 +544.22108E-06
+49.96700E-06 -2.20351756440E+00 +6.73517579E-03
+49.98250E-06 +2.01005022966E+00 +785.42711E-06
+49.99800E-06 +2.20100500160E+00 -4.80251253E-03
+50.01350E-06 -2.00502510408E+00 +262.81405E-06
+50.02900E-06 -2.24371856899E+00 +6.77537679E-03
+50.04450E-06 +1.90703515538E+00 +785.42711E-06
+50.06000E-06 +2.28140701079E+00 -4.15929646E-03
+50.07550E-06 -1.90703515538E+00 +262.81405E-06
+50.09100E-06 -2.36180901998E+00 +6.13216072E-03
+50.10650E-06 +1.78643214160E+00 +1.34824117E-03
+50.12200E-06 +2.39949746179E+00 -4.80251253E-03
+50.13750E-06 -1.80402008110E+00 +1.18743716E-03
+50.15300E-06 -2.43969846638E+00 +6.73517579E-03
+50.16850E-06 +1.68341706732E+00 +2.07185926E-03
+50.18400E-06 +2.43718590359E+00 -4.76231152E-03
+50.19950E-06 -1.66080400223E+00 +182.41204E-06
+50.21500E-06 -2.55778891737E+00 +6.05175871E-03
+50.23050E-06 +1.58040199304E+00 +1.42864318E-03
+50.24600E-06 +2.51256278720E+00 -4.76231152E-03
+50.26150E-06 -1.55778892795E+00 +262.81405E-06
+50.27700E-06 -2.59547735918E+00 +6.09195972E-03
+50.29250E-06 +1.45477385367E+00 +1.71005022E-03
+50.30800E-06 +2.59296479638E+00 -5.40552760E-03
+50.32350E-06 -1.45477385367E+00 -661.80906E-06
+50.33900E-06 -2.63316580098E+00 +5.48894465E-03
+50.35450E-06 +1.33417083989E+00 +2.07185926E-03
+50.37000E-06 +2.63316580098E+00 -5.40552760E-03
+50.38550E-06 -1.33417083989E+00 -380.40202E-06
+50.40100E-06 -2.71105524738E+00 +6.09195972E-03
+50.41650E-06 +1.21356782610E+00 +2.07185926E-03
+50.43200E-06 +2.71105524738E+00 -5.40552760E-03
+50.44750E-06 -1.19095476102E+00 -380.40202E-06
+50.46300E-06 -2.78894469377E+00 +6.09195972E-03
+50.47850E-06 +1.05276380773E+00 +2.71507533E-03
+50.49400E-06 +2.74623112639E+00 -4.11909545E-03
+50.50950E-06 -1.07537687282E+00 -1.02361810E-03
+50.52500E-06 -2.78894469377E+00 +6.05175871E-03
+50.54050E-06 +967.33667295E-03 +2.63467332E-03
+50.55600E-06 +2.78391956819E+00 -4.72211052E-03
+50.57150E-06 -891.95978935E-03 -1.30502513E-03
+50.58700E-06 -2.82412057279E+00 +5.44874364E-03
+50.60250E-06 +806.53265458E-03 +2.99648236E-03
+50.61800E-06 +2.82160800999E+00 -4.76231152E-03
+50.63350E-06 -788.94471507E-03 -1.02361810E-03
+50.64900E-06 -2.86180901459E+00 +4.80552757E-03
+50.66450E-06 +708.54270588E-03 +2.35326629E-03
+50.68000E-06 +2.86180901459E+00 -4.68190951E-03
+50.69550E-06 -685.92964079E-03 -1.38542714E-03
+50.71100E-06 -2.93718589819E+00 +6.05175871E-03
+50.72650E-06 +565.32662701E-03 +3.63969844E-03
+50.74200E-06 +2.89447233081E+00 -4.11909545E-03
+50.75750E-06 -547.73868750E-03 -661.80906E-06
+50.77300E-06 -2.93467333540E+00 +6.05175871E-03
+50.78850E-06 +404.52260863E-03 +3.92110547E-03
+50.80400E-06 +2.89447233081E+00 -3.43567837E-03
+50.81950E-06 -404.52260863E-03 -1.94824120E-03
+50.83500E-06 -2.93467333540E+00 +4.80552757E-03
+50.85050E-06 +306.53265993E-03 +3.27788939E-03
+50.86600E-06 +2.89447233081E+00 -4.11909545E-03
+50.88150E-06 -266.33165534E-03 -1.38542714E-03
+50.89700E-06 -2.93467333540E+00 +5.36834163E-03
+50.91250E-06 +163.31658106E-03 +3.63969844E-03
+50.92800E-06 +2.88944720523E+00 -4.07889445E-03
+50.94350E-06 -128.14070205E-03 -1.66683417E-03
+50.95900E-06 -2.93467333540E+00 +4.76532656E-03
+50.97450E-06 +25.12562777E-03 +4.28291451E-03
+50.99000E-06 +2.88693464243E+00 -4.03869344E-03
+51.00550E-06 -2.51256268E-03 -1.94824120E-03
+51.02100E-06 -2.92964820982E+00 +4.72512556E-03
+51.03650E-06 -95.47738602E-03 +4.28291451E-03
+51.05200E-06 +2.88442207964E+00 -3.39547737E-03
+51.06750E-06 +153.26633012E-03 -1.94824120E-03
+51.08300E-06 -2.92462308424E+00 +4.12211049E-03
+51.09850E-06 -216.08039980E-03 +4.20251250E-03
+51.11400E-06 +2.88442207964E+00 -3.47587938E-03
+51.12950E-06 +256.28140439E-03 -2.31005024E-03
+51.14500E-06 -2.88190951685E+00 +4.12211049E-03
+51.16050E-06 -349.24622750E-03 +4.28291451E-03
+51.17600E-06 +2.84170851225E+00 -3.39547737E-03
+51.19150E-06 +376.88441818E-03 -2.59145728E-03
+51.20700E-06 -2.84170851225E+00 +3.47889442E-03
+51.22250E-06 -515.07537147E-03 +4.28291451E-03
+51.23800E-06 +2.79899494487E+00 -2.83266330E-03
+51.25350E-06 +515.07537147E-03 -2.95326632E-03
+51.26900E-06 -2.83668338667E+00 +3.51909542E-03
+51.28450E-06 -618.09044574E-03 +4.92613058E-03
+51.30000E-06 +2.79396981928E+00 -2.79246230E-03
+51.31550E-06 +635.67838525E-03 -2.59145728E-03
+51.33100E-06 -2.79396981928E+00 +3.47889442E-03
+51.34650E-06 -716.08039444E-03 +4.56432154E-03
+51.36200E-06 +2.71356781010E+00 -2.14924623E-03
+51.37750E-06 +733.66833394E-03 -2.31005024E-03
+51.39300E-06 -2.74874368911E+00 +3.47889442E-03
+51.40850E-06 -814.07034313E-03 +4.92613058E-03
+51.42400E-06 +2.71105524730E+00 -2.10904522E-03
+51.43950E-06 +876.88441282E-03 -2.59145728E-03
+51.45500E-06 -2.70854268451E+00 +3.47889442E-03
+51.47050E-06 -957.28642201E-03 +5.20753762E-03
+51.48600E-06 +2.58793967073E+00 -1.50603015E-03
+51.50150E-06 +957.28642201E-03 -2.95326632E-03
+51.51700E-06 -2.62814067532E+00 +2.83567834E-03
+51.53250E-06 -1.07286431021E+00 +5.20753762E-03
+51.54800E-06 +2.58542710794E+00 -2.10904522E-03
+51.56350E-06 +1.11809044038E+00 -3.23467335E-03
+51.57900E-06 -2.54773866613E+00 +2.23266328E-03
+51.59450E-06 -1.17587938449E+00 +5.20753762E-03
+51.61000E-06 +2.46733665694E+00 -903.01508E-06
+51.62550E-06 +1.19346732399E+00 -3.59648239E-03
+51.64100E-06 -2.50502509875E+00 +2.19246227E-03
+51.65650E-06 -1.26884420760E+00 +4.92613058E-03
+51.67200E-06 +2.42211052676E+00 -1.46582915E-03
+51.68750E-06 +1.29145727269E+00 -3.87788942E-03
+51.70300E-06 -2.46231153136E+00 +1.54924620E-03
+51.71850E-06 -1.35427134237E+00 +6.13216072E-03
+51.73400E-06 +2.34170851758E+00 -862.81408E-06
+51.74950E-06 +1.38944722138E+00 -3.87788942E-03
+51.76500E-06 -2.37939695938E+00 +2.19246227E-03
+51.78050E-06 -1.46984923057E+00 +5.20753762E-03
+51.79600E-06 +2.29648238740E+00 -822.61307E-06
+51.81150E-06 +1.51005023517E+00 -3.87788942E-03
+51.82700E-06 -2.25628138280E+00 +906.03012E-06
+51.84250E-06 -1.56783917927E+00 +4.84572857E-03
+51.85800E-06 +2.17587937361E+00 -219.59800E-06
+51.87350E-06 +1.54522611418E+00 -4.23969846E-03
+51.88900E-06 -2.17336681082E+00 +1.50904519E-03
+51.90450E-06 -1.64824118845E+00 +5.48894465E-03
+51.92000E-06 +2.09547736442E+00 -179.39700E-06
+51.93550E-06 +1.64824118845E+00 -4.23969846E-03
+51.95100E-06 -2.05527635983E+00 +1.54924620E-03
+51.96650E-06 -1.74623113715E+00 +5.85075369E-03
+51.98200E-06 +1.97236178785E+00 +423.61807E-06
+51.99750E-06 +1.72864319764E+00 -4.15929646E-03
+52.01300E-06 -2.01256279244E+00 +1.50904519E-03
+52.02850E-06 -1.80402008125E+00 +5.20753762E-03
+52.04400E-06 +1.92964822046E+00 +463.81907E-06
+52.05950E-06 +1.80402008125E+00 -3.87788942E-03
+52.07500E-06 -1.92713565767E+00 +946.23113E-06
+52.09050E-06 -1.84422108585E+00 +5.48894465E-03
+52.10600E-06 +1.81155776947E+00 +423.61807E-06
+52.12150E-06 +1.84422108585E+00 -3.87788942E-03
+52.13700E-06 -1.80653264388E+00 +906.03012E-06
+52.15250E-06 -1.92462309503E+00 +5.48894465E-03
+52.16800E-06 +1.72613063469E+00 -179.39700E-06
+52.18350E-06 +1.92462309503E+00 -3.87788942E-03
+52.19900E-06 -1.72613063469E+00 +865.82912E-06
+52.21450E-06 -1.99999997864E+00 +5.48894465E-03
+52.23000E-06 +1.60552762091E+00 +1.02663314E-03
+52.24550E-06 +1.98241203913E+00 -4.15929646E-03
+52.26100E-06 -1.56532661632E+00 +906.03012E-06
+52.27650E-06 -2.01758791814E+00 +5.20753762E-03
+52.29200E-06 +1.48241204434E+00 +1.06683414E-03
+52.30750E-06 +2.04020098323E+00 -3.79748741E-03
+52.32300E-06 -1.48241204434E+00 +303.01505E-06
+52.33850E-06 -2.09798992733E+00 +4.84572857E-03
+52.35400E-06 +1.36180903055E+00 +1.62964821E-03
+52.36950E-06 +2.07537686224E+00 -4.15929646E-03
+52.38500E-06 -1.36180903055E+00 +262.81405E-06
+52.40050E-06 -2.13316580634E+00 +5.85075369E-03
+52.41600E-06 +1.28140702136E+00 +1.71005022E-03
+52.43150E-06 +2.09798992733E+00 -4.52110550E-03
+52.44700E-06 -1.24120601677E+00 +222.61305E-06
+52.46250E-06 -2.17839193652E+00 +4.76532656E-03
+52.47800E-06 +1.16080400758E+00 +1.06683414E-03
+52.49350E-06 +2.15577887143E+00 -4.15929646E-03
+52.50900E-06 -1.16080400758E+00 -380.40202E-06
+52.52450E-06 -2.21356781553E+00 +5.48894465E-03
+52.54000E-06 +1.04020099379E+00 +1.10703515E-03
+52.55550E-06 +2.17336681094E+00 -4.44070349E-03
+52.57100E-06 -1.04020099379E+00 -983.41709E-06
+52.58650E-06 -2.23115575504E+00 +5.12713561E-03
+52.60200E-06 +919.59798001E-03 +1.66984921E-03
+52.61750E-06 +2.18592962486E+00 -4.15929646E-03
+52.63300E-06 -919.59798001E-03 -380.40202E-06
+52.64850E-06 -2.22613062945E+00 +4.84572857E-03
+52.66400E-06 +839.19597082E-03 +1.75025122E-03
+52.67950E-06 +2.22613062945E+00 -4.15929646E-03
+52.69500E-06 -798.99496622E-03 -1.02361810E-03
+52.71050E-06 -2.22613062945E+00 +4.48391953E-03
+52.72600E-06 +718.59295704E-03 +1.71005022E-03
+52.74150E-06 +2.22613062945E+00 -3.79748741E-03
+52.75700E-06 -718.59295704E-03 -380.40202E-06
+52.77250E-06 -2.26633163405E+00 +4.84572857E-03
+52.78800E-06 +597.98994325E-03 +2.39346729E-03
+52.80350E-06 +2.24371856896E+00 -4.15929646E-03
+52.81900E-06 -597.98994325E-03 -983.41709E-06
+52.83450E-06 -2.28391957355E+00 +4.48391953E-03
+52.85000E-06 +517.58793406E-03 +2.35326629E-03
+52.86550E-06 +2.22110550387E+00 -3.43567837E-03
+52.88100E-06 -479.89949226E-03 -340.20102E-06
+52.89650E-06 -2.26130650846E+00 +4.20251250E-03
+52.91200E-06 +396.98492028E-03 +2.35326629E-03
+52.92750E-06 +2.19849243878E+00 -3.23467335E-03
+52.94300E-06 -359.29647848E-03 -380.40202E-06
+52.95850E-06 -2.27889444797E+00 +4.48391953E-03
+52.97400E-06 +278.89446929E-03 +2.95628136E-03
+52.98950E-06 +2.21608037829E+00 -3.15427134E-03
+53.00500E-06 -278.89446929E-03 -983.41709E-06
+53.02050E-06 -2.25628138288E+00 +4.20251250E-03
+53.03600E-06 +158.29145550E-03 +3.03668337E-03
+53.05150E-06 +2.21608037829E+00 -3.43567837E-03
+53.06700E-06 -158.29145550E-03 -1.62663317E-03
+53.08250E-06 -2.21608037829E+00 +4.12211049E-03
+53.09800E-06 +77.88944631E-03 +3.59949743E-03
+53.11350E-06 +2.19346731320E+00 -2.22964823E-03
+53.12900E-06 -75.37688352E-03 -983.41709E-06
+53.14450E-06 -2.23366831779E+00 +4.12211049E-03
+53.16000E-06 -37.68844189E-03 +3.59949743E-03
+53.17550E-06 +2.15326630860E+00 -2.51105527E-03
+53.19100E-06 +40.20100468E-03 -1.66683417E-03
+53.20650E-06 -2.21105525270E+00 +3.19748739E-03
+53.22200E-06 -123.11557666E-03 +3.55929643E-03
+53.23750E-06 +2.10804017842E+00 -2.14924623E-03
+53.25300E-06 +123.11557666E-03 -1.66683417E-03
+53.26850E-06 -2.17085424811E+00 +3.84070346E-03
+53.28400E-06 -201.00502306E-03 +3.59949743E-03
+53.29950E-06 +2.08542711333E+00 -2.43065326E-03
+53.31500E-06 +241.20602765E-03 -2.87286431E-03
+53.33050E-06 -2.14824118302E+00 +3.11708538E-03
+53.34600E-06 -281.40703225E-03 +3.59949743E-03
+53.36150E-06 +2.04522610874E+00 -2.14924623E-03
+53.37700E-06 +356.78391585E-03 -1.66683417E-03
+53.39250E-06 -2.06281404824E+00 +3.19748739E-03
+53.40800E-06 -399.49748324E-03 +3.59949743E-03
+53.42350E-06 +2.02261304365E+00 -2.14924623E-03
+53.43900E-06 +399.49748324E-03 -2.26984924E-03
+53.45450E-06 -2.06281404824E+00 +3.19748739E-03
+53.47000E-06 -442.21105062E-03 +4.20251250E-03
+53.48550E-06 +1.96482409955E+00 -1.50603015E-03
+53.50100E-06 +479.89949243E-03 -2.22964823E-03
+53.51650E-06 -1.98241203905E+00 +2.83567834E-03
+53.53200E-06 -557.78893882E-03 +3.63969844E-03
+53.54750E-06 +1.94221103446E+00 -1.86783919E-03
+53.56300E-06 +597.98994342E-03 -2.91306531E-03
+53.57850E-06 -1.89698490428E+00 +2.55427131E-03
+53.59400E-06 -638.19094801E-03 +4.20251250E-03
+53.60950E-06 +1.87437183919E+00 -1.50603015E-03
+53.62500E-06 +597.98994342E-03 -1.66683417E-03
+53.64050E-06 -1.87437183919E+00 +2.55427131E-03
+53.65600E-06 -718.59295720E-03 +4.24271351E-03
+53.67150E-06 +1.79396983000E+00 -1.86783919E-03
+53.68700E-06 +716.08039441E-03 -2.26984924E-03
+53.70250E-06 -1.81658289509E+00 +2.83567834E-03
+53.71800E-06 -758.79396180E-03 +4.24271351E-03
+53.73350E-06 +1.73618088590E+00 -862.81408E-06
+53.74900E-06 +798.99496639E-03 -2.87286431E-03
+53.76450E-06 -1.75376882541E+00 +2.55427131E-03
+53.78000E-06 -874.37185000E-03 +3.59949743E-03
+53.79550E-06 +1.67336681622E+00 -862.81408E-06
+53.81100E-06 +836.68340819E-03 -2.87286431E-03
+53.82650E-06 -1.67336681622E+00 +1.54924620E-03
+53.84200E-06 -914.57285459E-03 +4.16231150E-03
+53.85750E-06 +1.61055274653E+00 -581.40705E-06
+53.87300E-06 +912.06029180E-03 -2.26984924E-03
+53.88850E-06 -1.65075375113E+00 +1.91105524E-03
+53.90400E-06 -954.77385919E-03 +3.59949743E-03
+53.91950E-06 +1.54773867685E+00 -862.81408E-06
+53.93500E-06 +992.46230099E-03 -2.91306531E-03
+53.95050E-06 -1.58793968144E+00 +1.54924620E-03
+53.96600E-06 -1.03266330558E+00 +3.55929643E-03
+53.98150E-06 +1.48994973275E+00 -862.81408E-06
+53.99700E-06 +1.03015074279E+00 -2.91306531E-03
+54.01250E-06 -1.50753767225E+00 +1.18743716E-03
+54.02800E-06 -1.07286431018E+00 +3.59949743E-03
+54.04350E-06 +1.40954772356E+00 -219.59800E-06
+54.05900E-06 +1.07035174738E+00 -3.47587938E-03
+54.07450E-06 -1.42713566306E+00 +624.62309E-06
+54.09000E-06 -1.10804018919E+00 +4.16231150E-03
+54.10550E-06 +1.34673365387E+00 -219.59800E-06
+54.12100E-06 +1.11055275198E+00 -2.26984924E-03
+54.13650E-06 -1.34170852829E+00 +1.26783916E-03
+54.15200E-06 -1.22361807739E+00 +4.20251250E-03
+54.16750E-06 +1.22613064009E+00 +423.61807E-06
+54.18300E-06 +1.14824119378E+00 -2.26984924E-03
+54.19850E-06 -1.28391958419E+00 +1.26783916E-03
+54.21400E-06 -1.22613064018E+00 +3.55929643E-03
+54.22950E-06 +1.18592963550E+00 +423.61807E-06
+54.24500E-06 +1.18592963558E+00 -2.22964823E-03
+54.26050E-06 -1.18090450991E+00 +624.62309E-06
+54.27600E-06 -1.22613064018E+00 +3.55929643E-03
+54.29150E-06 +1.12311556581E+00 +142.21104E-06
+54.30700E-06 +1.18592963558E+00 -2.83266330E-03
+54.32250E-06 -1.14070350532E+00 -380.40202E-06
+54.33800E-06 -1.30402008658E+00 +3.51909542E-03
+54.35350E-06 +1.04271355662E+00 +785.42711E-06
+54.36900E-06 +1.22613064018E+00 -2.83266330E-03
+54.38450E-06 -1.06030149613E+00 +624.62309E-06
+54.40000E-06 -1.30150752378E+00 +3.55929643E-03
+54.41550E-06 +979.89948694E-03 +705.02510E-06
+54.43100E-06 +1.26381908198E+00 -2.87286431E-03
+54.44650E-06 -1.00251255203E+00 -18.59298E-06
+54.46200E-06 -1.34170852838E+00 +3.55929643E-03
+54.47750E-06 +876.88441266E-03 +705.02510E-06
+54.49300E-06 +1.26381908198E+00 -2.22964823E-03
+54.50850E-06 -917.08541725E-03 +343.21606E-06
+54.52400E-06 -1.37939697018E+00 +4.16231150E-03
+54.53950E-06 +819.09546856E-03 +423.61807E-06
+54.55500E-06 +1.33668340279E+00 -2.83266330E-03
+54.57050E-06 -836.68340806E-03 +544.22108E-06
+54.58600E-06 -1.37939697018E+00 +2.87587935E-03
+54.60150E-06 +761.30652446E-03 +705.02510E-06
+54.61700E-06 +1.29899496099E+00 -2.22964823E-03
+54.63250E-06 -738.69345937E-03 -18.59298E-06
+54.64800E-06 -1.37688440739E+00 +2.91608035E-03
+54.66350E-06 +680.90451527E-03 +1.34824117E-03
+54.67900E-06 +1.33417084000E+00 -2.22964823E-03
+54.69450E-06 -698.49245477E-03 -380.40202E-06
+54.71000E-06 -1.37688440739E+00 +3.51909542E-03
+54.72550E-06 +577.88944099E-03 +1.62964821E-03
+54.74100E-06 +1.33668340279E+00 -2.22964823E-03
+54.75650E-06 -618.09044558E-03 -18.59298E-06
+54.77200E-06 -1.41206028640E+00 +2.87587935E-03
+54.78750E-06 +537.68843640E-03 +1.42864318E-03
+54.80300E-06 +1.33668340279E+00 -2.83266330E-03
+54.81850E-06 -515.07537131E-03 -1.02361810E-03
+54.83400E-06 -1.37437184459E+00 +2.87587935E-03
+54.84950E-06 +434.67336212E-03 +1.34824117E-03
+54.86500E-06 +1.36934671901E+00 -2.22964823E-03
+54.88050E-06 -434.67336212E-03 -300.00001E-06
+54.89600E-06 -1.40954772360E+00 +3.51909542E-03
+54.91150E-06 +394.47235752E-03 +1.34824117E-03
+54.92700E-06 +1.32914571441E+00 -2.22964823E-03
+54.94250E-06 -417.08542261E-03 -661.80906E-06
+54.95800E-06 -1.33165827721E+00 +2.87587935E-03
+54.97350E-06 +319.09547392E-03 +1.34824117E-03
+54.98900E-06 +1.32914571441E+00 -1.54623116E-03
+55.00450E-06 -336.68341342E-03 -661.80906E-06
+55.02000E-06 -1.33165827721E+00 +2.27286428E-03
+55.03550E-06 +256.28140423E-03 +1.71005022E-03
+55.05100E-06 +1.32914571441E+00 -2.83266330E-03
+55.06650E-06 -256.28140423E-03 -1.30502513E-03
+55.08200E-06 -1.32663315162E+00 +2.83567834E-03
+55.09750E-06 +193.46733455E-03 +986.43213E-06
+55.11300E-06 +1.28643214703E+00 -1.54623116E-03
+55.12850E-06 -198.49246013E-03 -300.00001E-06
+55.14400E-06 -1.36683415622E+00 +2.27286428E-03
+55.15950E-06 +135.67839045E-03 +2.63467332E-03
+55.17500E-06 +1.24623114243E+00 -2.18944723E-03
+55.19050E-06 -118.09045094E-03 -661.80906E-06
+55.20600E-06 -1.32663315162E+00 +2.87587935E-03
+55.22150E-06 +77.88944635E-03 +1.99145725E-03
+55.23700E-06 +1.24371857964E+00 -2.14924623E-03
+55.25250E-06 -77.88944635E-03 -661.80906E-06
+55.26800E-06 -1.28391958423E+00 +2.87587935E-03
+55.28350E-06 +15.07537666E-03 +1.71005022E-03
+55.29900E-06 +1.28140702144E+00 -1.54623116E-03
+55.31450E-06 -37.68844175E-03 -661.80906E-06
+55.33000E-06 -1.24371857964E+00 +2.19246227E-03
+55.34550E-06 -42.71356743E-03 +1.62964821E-03
+55.36100E-06 +1.20100501225E+00 -1.58643216E-03
+55.37650E-06 +65.32663252E-03 -661.80906E-06
+55.39200E-06 -1.20351757504E+00 +1.62964821E-03
+55.40750E-06 -105.52763712E-03 +1.62964821E-03
+55.42300E-06 +1.16331657045E+00 -943.21609E-06
+55.43850E-06 +60.30150694E-03 -943.21609E-06
+55.45400E-06 -1.23869345405E+00 +1.62964821E-03
+55.46950E-06 -140.70351613E-03 +1.34824117E-03
+55.48500E-06 +1.12311556585E+00 -1.54623116E-03
+55.50050E-06 +140.70351613E-03 -661.80906E-06
+55.51600E-06 -1.16080400766E+00 +2.23266328E-03
+55.53150E-06 -185.92964631E-03 +1.99145725E-03
+55.54700E-06 +1.12060300306E+00 -1.50603015E-03
+55.56250E-06 +180.90452072E-03 -1.66683417E-03
+55.57800E-06 -1.16080400766E+00 +2.19246227E-03
+55.59350E-06 -243.71859041E-03 +2.27286428E-03
+55.60900E-06 +1.04020099387E+00 -943.21609E-06
+55.62450E-06 +221.10552532E-03 -1.30502513E-03
+55.64000E-06 -1.11557787748E+00 +1.58944720E-03
+55.65550E-06 -278.89446942E-03 +1.62964821E-03
+55.67100E-06 +999.99998928E-03 -943.21609E-06
+55.68650E-06 +261.30652991E-03 -1.02361810E-03
+55.70200E-06 -1.07537687288E+00 +1.62964821E-03
+55.71750E-06 -301.50753451E-03 +1.62964821E-03
+55.73300E-06 +997.48742649E-03 -903.01508E-06
+55.74850E-06 +278.89446942E-03 -1.30502513E-03
+55.76400E-06 -997.48742649E-03 +1.62964821E-03
+55.77950E-06 -381.90954370E-03 +2.27286428E-03
+55.79500E-06 +954.77385910E-03 -943.21609E-06
+55.81050E-06 +319.09547401E-03 -1.58643216E-03
+55.82600E-06 -994.97486369E-03 +946.23113E-06
+55.84150E-06 -359.29647861E-03 +1.91105524E-03
+55.85700E-06 +952.26129630E-03 -259.79901E-06
+55.87250E-06 +381.90954370E-03 -2.22964823E-03
+55.88800E-06 -954.77385910E-03 +1.58944720E-03
+55.90350E-06 -462.31155289E-03 +1.62964821E-03
+55.91900E-06 +874.37184991E-03 -903.01508E-06
+55.93450E-06 +399.49748320E-03 -1.30502513E-03
+55.95000E-06 -914.57285450E-03 +946.23113E-06
+55.96550E-06 -457.28642730E-03 +1.62964821E-03
+55.98100E-06 +834.17084531E-03 -259.79901E-06
+55.99650E-06 +439.69848780E-03 -1.30502513E-03
+56.01200E-06 -836.68340811E-03 +946.23113E-06
+56.02750E-06 -457.28642730E-03 +1.34824117E-03
+56.04300E-06 +791.45727793E-03 -300.00001E-06
+56.05850E-06 +497.48743189E-03 -1.94824120E-03
+56.07400E-06 -834.17084531E-03 +946.23113E-06
+56.08950E-06 -479.89949239E-03 +2.27286428E-03
+56.10500E-06 +753.76883612E-03 -903.01508E-06
+56.12050E-06 +474.87436680E-03 -1.58643216E-03
+56.13600E-06 -829.14571973E-03 +986.43213E-06
+56.15150E-06 -577.88944108E-03 +1.62964821E-03
+56.16700E-06 +713.56783153E-03 +343.21606E-06
+56.18250E-06 +497.48743189E-03 -943.21609E-06
+56.19800E-06 -751.25627333E-03 +946.23113E-06
+56.21350E-06 -555.27637599E-03 +2.27286428E-03
+56.22900E-06 +673.36682693E-03 -219.59800E-06
+56.24450E-06 +515.07537140E-03 -1.58643216E-03
+56.26000E-06 -675.87938973E-03 +303.01505E-06
+56.27550E-06 -572.86431550E-03 +705.02510E-06
+56.29100E-06 +633.16582234E-03 -862.81408E-06
+56.30650E-06 +532.66331090E-03 -1.58643216E-03
+56.32200E-06 -668.34170135E-03 +906.03012E-06
+56.33750E-06 -595.47738059E-03 +1.91105524E-03
+56.35300E-06 +628.14069675E-03 -259.79901E-06
+56.36850E-06 +537.68843649E-03 -1.30502513E-03
+56.38400E-06 -628.14069675E-03 +343.21606E-06
+56.39950E-06 -613.06532009E-03 +1.62964821E-03
+56.41500E-06 +550.25125036E-03 +303.01505E-06
+56.43050E-06 +572.86431550E-03 -943.21609E-06
+56.44600E-06 -592.96481775E-03 +906.03012E-06
+56.46150E-06 -635.67838518E-03 +1.91105524E-03
+56.47700E-06 +510.05024576E-03 +383.41706E-06
+56.49250E-06 +572.86431550E-03 -1.30502513E-03
+56.50800E-06 -547.73868756E-03 +303.01505E-06
+56.52350E-06 -613.06532009E-03 +1.62964821E-03
+56.53900E-06 +469.84924117E-03 -259.79901E-06
+56.55450E-06 +590.45225500E-03 -1.30502513E-03
+56.57000E-06 -510.05024576E-03 -340.20102E-06
+56.58550E-06 -613.06532009E-03 +2.19246227E-03
+56.60100E-06 +429.64823657E-03 +343.21606E-06
+56.61650E-06 +613.06532009E-03 -581.40705E-06
+56.63200E-06 -472.36180396E-03 +343.21606E-06
+56.64750E-06 -630.65325960E-03 +1.62964821E-03
+56.66300E-06 +389.44723198E-03 +1.02663314E-03
+56.67850E-06 +590.45225500E-03 -943.21609E-06
+56.69400E-06 -429.64823657E-03 +986.43213E-06
+56.70950E-06 -648.24119910E-03 +1.26783916E-03
+56.72500E-06 +349.24622738E-03 +343.21606E-06
+56.74050E-06 +590.45225500E-03 -943.21609E-06
+56.75600E-06 -349.24622738E-03 +343.21606E-06
+56.77150E-06 -630.65325960E-03 +1.62964821E-03
+56.78700E-06 +311.55778558E-03 +383.41706E-06
+56.80250E-06 +590.45225500E-03 -943.21609E-06
+56.81800E-06 -349.24622738E-03 +262.81405E-06
+56.83350E-06 -630.65325960E-03 +2.27286428E-03
+56.84900E-06 +268.84421819E-03 +383.41706E-06
+56.86450E-06 +590.45225500E-03 -1.58643216E-03
+56.88000E-06 -309.04522279E-03 -300.00001E-06
+56.89550E-06 -648.24119910E-03 +1.26783916E-03
+56.91100E-06 +228.64321360E-03 +1.02663314E-03
+56.92650E-06 +567.83918991E-03 -300.00001E-06
+56.94200E-06 -268.84421819E-03 +946.23113E-06
+56.95750E-06 -648.24119910E-03 +2.27286428E-03
+56.97300E-06 +226.13065081E-03 +986.43213E-06
+56.98850E-06 +585.42712941E-03 -581.40705E-06
+57.00400E-06 -231.15577639E-03 -300.00001E-06
+57.01950E-06 -648.24119910E-03 +1.34824117E-03
+57.03500E-06 +150.75376720E-03 +986.43213E-06
+57.05050E-06 +567.83918991E-03 -1.58643216E-03
+57.06600E-06 -228.64321360E-03 -340.20102E-06
+57.08150E-06 -608.04019451E-03 +1.91105524E-03
+57.09700E-06 +148.24120441E-03 +1.02663314E-03
+57.11250E-06 +585.42712941E-03 -581.40705E-06
+57.12800E-06 -150.75376720E-03 -300.00001E-06
+57.14350E-06 -625.62813401E-03 +1.34824117E-03
+57.15900E-06 +108.04019982E-03 +986.43213E-06
+57.17450E-06 +545.22612482E-03 -943.21609E-06
+57.19000E-06 -153.26633000E-03 -340.20102E-06
+57.20550E-06 -585.42712941E-03 +1.34824117E-03
+57.22100E-06 +108.04019982E-03 +986.43213E-06
+57.23650E-06 +562.81406432E-03 -661.80906E-06
+57.25200E-06 -108.04019982E-03 -300.00001E-06
+57.26750E-06 -585.42712941E-03 +1.62964821E-03
+57.28300E-06 +30.15075342E-03 +1.02663314E-03
+57.29850E-06 +522.61305973E-03 -943.21609E-06
+57.31400E-06 -110.55276261E-03 -340.20102E-06
+57.32950E-06 -562.81406432E-03 +1.91105524E-03
+57.34500E-06 +67.83919522E-03 +343.21606E-06
+57.36050E-06 +505.02512023E-03 -581.40705E-06
+57.37600E-06 -67.83919522E-03 +303.01505E-06
+57.39150E-06 -580.40200383E-03 +1.26783916E-03
+57.40700E-06 +27.63819063E-03 +986.43213E-06
+57.42250E-06 +499.99999464E-03 +61.80903E-06
+57.43800E-06 -67.83919522E-03 +343.21606E-06
+57.45350E-06 -567.83918991E-03 +1.26783916E-03
+57.46900E-06 -7.53768838E-03 +986.43213E-06
+57.48450E-06 +505.02512023E-03 -581.40705E-06
+57.50000E-06 +7.53768838E-03 -903.01508E-06
+57.51550E-06 -522.61305973E-03 +986.43213E-06
+57.53100E-06 -47.73869298E-03 +383.41706E-06
+57.54650E-06 +482.41205513E-03 -661.80906E-06
+57.56200E-06 -30.15075342E-03 -340.20102E-06
+57.57750E-06 -482.41205513E-03 +1.26783916E-03
+57.59300E-06 -50.25125577E-03 +986.43213E-06
+57.60850E-06 +459.79899004E-03 +61.80903E-06
+57.62400E-06 +47.73869298E-03 -903.01508E-06
+57.63950E-06 -499.99999464E-03 +1.26783916E-03
+57.65500E-06 -90.45226036E-03 +946.23113E-06
+57.67050E-06 +419.59798545E-03 -300.00001E-06
+57.68600E-06 +47.73869298E-03 -983.41709E-06
+57.70150E-06 -499.99999464E-03 +1.26783916E-03
+57.71700E-06 -87.93969757E-03 +1.58944720E-03
+57.73250E-06 +437.18592495E-03 -581.40705E-06
+57.74800E-06 +87.93969757E-03 -300.00001E-06
+57.76350E-06 -442.21105054E-03 +705.02510E-06
+57.77900E-06 -87.93969757E-03 +423.61807E-06
+57.79450E-06 +402.01004595E-03 -300.00001E-06
+57.81000E-06 +87.93969757E-03 -340.20102E-06
+57.82550E-06 -442.21105054E-03 +986.43213E-06
+57.84100E-06 -165.82914397E-03 +383.41706E-06
+57.85650E-06 +379.39698085E-03 +61.80903E-06
+57.87200E-06 +90.45226036E-03 -903.01508E-06
+57.88750E-06 -437.18592495E-03 +624.62309E-06
+57.90300E-06 -130.65326496E-03 +986.43213E-06
+57.91850E-06 +356.78391576E-03 -219.59800E-06
+57.93400E-06 +125.62813937E-03 -300.00001E-06
+57.94950E-06 -402.01004595E-03 +986.43213E-06
+57.96500E-06 -163.31658117E-03 +986.43213E-06
+57.98050E-06 +356.78391576E-03 +61.80903E-06
+57.99600E-06 +165.82914397E-03 -300.00001E-06
+58.01150E-06 -379.39698085E-03 +986.43213E-06
+58.02700E-06 -165.82914397E-03 +383.41706E-06
+58.04250E-06 +339.19597626E-03 -300.00001E-06
+58.05800E-06 +163.31658117E-03 +303.01505E-06
+58.07350E-06 -379.39698085E-03 +343.21606E-06
+58.08900E-06 -168.34170676E-03 +343.21606E-06
+58.10450E-06 +339.19597626E-03 -581.40705E-06
+58.12000E-06 +128.14070216E-03 -943.21609E-06
+58.13550E-06 -356.78391576E-03 -18.59298E-06
+58.15100E-06 -206.03014856E-03 +986.43213E-06
+58.16650E-06 +276.38190657E-03 -300.00001E-06
+58.18200E-06 +165.82914397E-03 -943.21609E-06
+58.19750E-06 -339.19597626E-03 +624.62309E-06
+58.21300E-06 -168.34170676E-03 +986.43213E-06
+58.22850E-06 +298.99497167E-03 +61.80903E-06
+58.24400E-06 +206.03014856E-03 -300.00001E-06
+58.25950E-06 -298.99497167E-03 +61.80903E-06
+58.27500E-06 -206.03014856E-03 +423.61807E-06
+58.29050E-06 +258.79396707E-03 -18.59298E-06
+58.30600E-06 +168.34170676E-03 -380.40202E-06
+58.32150E-06 -293.96984608E-03 +343.21606E-06
+58.33700E-06 -206.03014856E-03 +343.21606E-06
+58.35250E-06 +236.18090198E-03 +61.80903E-06
+58.36800E-06 +203.51758577E-03 -300.00001E-06
+58.38350E-06 -276.38190657E-03 +624.62309E-06
+58.39900E-06 -206.03014856E-03 +946.23113E-06
+58.41450E-06 +213.56783689E-03 +705.02510E-06
+58.43000E-06 +203.51758577E-03 +303.01505E-06
+58.44550E-06 -276.38190657E-03 +343.21606E-06
+58.46100E-06 -208.54271135E-03 +946.23113E-06
+58.47650E-06 +236.18090198E-03 +61.80903E-06
+58.49200E-06 +203.51758577E-03 -300.00001E-06
+58.50750E-06 -236.18090198E-03 +343.21606E-06
+58.52300E-06 -243.71859036E-03 +383.41706E-06
+58.53850E-06 +195.97989739E-03 +61.80903E-06
+58.55400E-06 +163.31658117E-03 -340.20102E-06
+58.56950E-06 -218.59296248E-03 +624.62309E-06
+58.58500E-06 -206.03014856E-03 +383.41706E-06
+58.60050E-06 +178.39195788E-03 +61.80903E-06
+58.61600E-06 +201.00502297E-03 -903.01508E-06
+58.63150E-06 -236.18090198E-03 -661.80906E-06
+58.64700E-06 -243.71859036E-03 +986.43213E-06
+58.66250E-06 +155.77889279E-03 +61.80903E-06
+58.67800E-06 +203.51758577E-03 -300.00001E-06
+58.69350E-06 -178.39195788E-03 +343.21606E-06
+58.70900E-06 -243.71859036E-03 +1.02663314E-03
+58.72450E-06 +173.36683229E-03 +343.21606E-06
+58.74000E-06 +203.51758577E-03 -300.00001E-06
+58.75550E-06 -195.97989739E-03 +343.21606E-06
+58.77100E-06 -243.71859036E-03 +986.43213E-06
+58.78650E-06 +115.57788820E-03 +343.21606E-06
+58.80200E-06 +163.31658117E-03 -300.00001E-06
+58.81750E-06 -155.77889279E-03 +343.21606E-06
+58.83300E-06 -206.03014856E-03 +946.23113E-06
+58.84850E-06 +115.57788820E-03 -300.00001E-06
+58.86400E-06 +201.00502297E-03 -300.00001E-06
+58.87950E-06 -155.77889279E-03 -18.59298E-06
+58.89500E-06 -241.20602757E-03 +986.43213E-06
+58.91050E-06 +97.98994869E-03 +343.21606E-06
+58.92600E-06 +203.51758577E-03 -300.00001E-06
+58.94150E-06 -155.77889279E-03 +343.21606E-06
+58.95700E-06 -243.71859036E-03 +946.23113E-06
+58.97250E-06 +115.57788820E-03 +986.43213E-06
+58.98800E-06 +201.00502297E-03 -300.00001E-06
+59.00350E-06 -115.57788820E-03 -300.00001E-06
+59.01900E-06 -203.51758577E-03 +383.41706E-06
+59.03450E-06 +97.98994869E-03 -18.59298E-06
+59.05000E-06 +163.31658117E-03 +303.01505E-06
+59.06550E-06 -115.57788820E-03 +624.62309E-06
+59.08100E-06 -206.03014856E-03 +946.23113E-06
+59.09650E-06 +75.37688360E-03 +61.80903E-06
+59.11200E-06 +163.31658117E-03 -903.01508E-06
+59.12750E-06 -138.19095329E-03 -18.59298E-06
+59.14300E-06 -278.89446937E-03 +946.23113E-06
+59.15850E-06 +35.17587901E-03 +705.02510E-06
+59.17400E-06 +198.49246018E-03 -300.00001E-06
+59.18950E-06 -75.37688360E-03 +624.62309E-06
+59.20500E-06 -241.20602757E-03 +986.43213E-06
+59.22050E-06 +35.17587901E-03 +705.02510E-06
+59.23600E-06 +201.00502297E-03 -300.00001E-06
+59.25150E-06 -97.98994869E-03 +61.80903E-06
+59.26700E-06 -203.51758577E-03 +343.21606E-06
+59.28250E-06 +35.17587901E-03 +624.62309E-06
+59.29800E-06 +160.80401838E-03 +343.21606E-06
+59.31350E-06 -75.37688360E-03 +624.62309E-06
+59.32900E-06 -201.00502297E-03 +946.23113E-06
+59.34450E-06 +17.58793950E-03 +343.21606E-06
+59.36000E-06 +163.31658117E-03 -300.00001E-06
+59.37550E-06 -57.78894410E-03 +624.62309E-06
+59.39100E-06 -201.00502297E-03 +946.23113E-06
+59.40650E-06 -5.02512559E-03 +986.43213E-06
+59.42200E-06 +158.29145558E-03 +303.01505E-06
+59.43750E-06 -57.78894410E-03 -18.59298E-06
+59.45300E-06 -163.31658117E-03 +986.43213E-06
+59.46850E-06 -5.02512559E-03 +624.62309E-06
+59.48400E-06 +160.80401838E-03 +343.21606E-06
+59.49950E-06 -35.17587901E-03 -581.40705E-06
+59.51500E-06 -201.00502297E-03 +383.41706E-06
+59.53050E-06 +17.58793950E-03 +343.21606E-06
+59.54600E-06 +158.29145558E-03 -340.20102E-06
+59.56150E-06 -17.58793950E-03 -18.59298E-06
+59.57700E-06 -201.00502297E-03 +946.23113E-06
+59.59250E-06 -22.61306509E-03 +61.80903E-06
+59.60800E-06 +160.80401838E-03 -259.79901E-06
+59.62350E-06 -17.58793950E-03 -18.59298E-06
+59.63900E-06 -201.00502297E-03 +303.01505E-06
+59.65450E-06 -45.22613018E-03 +705.02510E-06
+59.67000E-06 +120.60301378E-03 +343.21606E-06
+59.68550E-06 -17.58793950E-03 -18.59298E-06
+59.70100E-06 -198.49246018E-03 +946.23113E-06
+59.71650E-06 -45.22613018E-03 +624.62309E-06
+59.73200E-06 +118.09045099E-03 +343.21606E-06
+59.74750E-06 -17.58793950E-03 +61.80903E-06
+59.76300E-06 -160.80401838E-03 -219.59800E-06
+59.77850E-06 -22.61306509E-03 -18.59298E-06
+59.79400E-06 +158.29145558E-03 -300.00001E-06
+59.80950E-06 -17.58793950E-03 +343.21606E-06
+59.82500E-06 -160.80401838E-03 +946.23113E-06
+59.84050E-06 -22.61306509E-03 +705.02510E-06
+59.85600E-06 +118.09045099E-03 -300.00001E-06
+59.87150E-06 -17.58793950E-03 +61.80903E-06
+59.88700E-06 -160.80401838E-03 +303.01505E-06
+59.90250E-06 -45.22613018E-03 +343.21606E-06
+59.91800E-06 +120.60301378E-03 -300.00001E-06
+59.93350E-06 -17.58793950E-03 -300.00001E-06
+59.94900E-06 -160.80401838E-03 +343.21606E-06
+59.96450E-06 -62.81406969E-03 +343.21606E-06
+59.98000E-06 +118.09045099E-03 -300.00001E-06
+59.99550E-06 +22.61306509E-03 +343.21606E-06
+60.01100E-06 -158.29145558E-03 -259.79901E-06
+60.02650E-06 -62.81406969E-03 +343.21606E-06
+60.04200E-06 +80.40200919E-03 -300.00001E-06
+60.05750E-06 +22.61306509E-03 +61.80903E-06
+60.07300E-06 -158.29145558E-03 +343.21606E-06
+60.08850E-06 -62.81406969E-03 +61.80903E-06
+60.10400E-06 +80.40200919E-03 -300.00001E-06
+60.11950E-06 +22.61306509E-03 -18.59298E-06
+60.13500E-06 -158.29145558E-03 +343.21606E-06
+60.15050E-06 -62.81406969E-03 +986.43213E-06
+60.16600E-06 +120.60301378E-03 -259.79901E-06
+60.18150E-06 +22.61306509E-03 +343.21606E-06
+60.19700E-06 -120.60301378E-03 -259.79901E-06
+60.21250E-06 -62.81406969E-03 +705.02510E-06
+60.22800E-06 +77.88944639E-03 +343.21606E-06
+60.24350E-06 +22.61306509E-03 -581.40705E-06
+60.25900E-06 -158.29145558E-03 -259.79901E-06
+60.27450E-06 -62.81406969E-03 -18.59298E-06
+60.29000E-06 +77.88944639E-03 +303.01505E-06
+60.30550E-06 +22.61306509E-03 +343.21606E-06
+60.32100E-06 -80.40200919E-03 +986.43213E-06
+60.33650E-06 -62.81406969E-03 +343.21606E-06
+60.35200E-06 +77.88944639E-03 -862.81408E-06
+60.36750E-06 +22.61306509E-03 -300.00001E-06
+60.38300E-06 -155.77889279E-03 +946.23113E-06
+60.39850E-06 -85.42713478E-03 +986.43213E-06
+60.41400E-06 +75.37688360E-03 +343.21606E-06
+60.42950E-06 +22.61306509E-03 +343.21606E-06
+60.44500E-06 -118.09045099E-03 +986.43213E-06
+60.46050E-06 -62.81406969E-03 +61.80903E-06
+60.47600E-06 +40.20100459E-03 +343.21606E-06
+60.49150E-06 +62.81406969E-03 +61.80903E-06
+60.50700E-06 -120.60301378E-03 -259.79901E-06
+60.52250E-06 -62.81406969E-03 -18.59298E-06
+60.53800E-06 +75.37688360E-03 +303.01505E-06
+60.55350E-06 +0.0E+00 -18.59298E-06
+60.56900E-06 -77.88944639E-03 +343.21606E-06
+60.58450E-06 -62.81406969E-03 +423.61807E-06
+60.60000E-06 +40.20100459E-03 -259.79901E-06
+60.61550E-06 +45.22613018E-03 -18.59298E-06
+60.63100E-06 -118.09045099E-03 +343.21606E-06
+60.64650E-06 -80.40200919E-03 +343.21606E-06
+60.66200E-06 +0.0E+00 +343.21606E-06
+60.67750E-06 +45.22613018E-03 +61.80903E-06
+60.69300E-06 -115.57788819E-03 +946.23113E-06
+60.70850E-06 -85.42713478E-03 -300.00001E-06
+60.72400E-06 +37.68844180E-03 +343.21606E-06
+60.73950E-06 +40.20100459E-03 +61.80903E-06
+60.75500E-06 -77.88944639E-03 +343.21606E-06
+60.77050E-06 -57.78894410E-03 +624.62309E-06
+60.78600E-06 +2.51256279E-03 +303.01505E-06
+60.80150E-06 +40.20100459E-03 +343.21606E-06
+60.81700E-06 -80.40200919E-03 +343.21606E-06
+60.83250E-06 -97.98994869E-03 +61.80903E-06
+60.84800E-06 +37.68844180E-03 -259.79901E-06
+60.86350E-06 +40.20100459E-03 -300.00001E-06
+60.87900E-06 -77.88944639E-03 +946.23113E-06
+60.89450E-06 -80.40200919E-03 +986.43213E-06
+60.91000E-06 +37.68844180E-03 -259.79901E-06
+60.92550E-06 +22.61306509E-03 -18.59298E-06
+60.94100E-06 -77.88944639E-03 -259.79901E-06
+60.95650E-06 -57.78894410E-03 +705.02510E-06
+60.97200E-06 +37.68844180E-03 +343.21606E-06
+60.98750E-06 +40.20100459E-03 +61.80903E-06
+61.00300E-06 -75.37688360E-03 -300.00001E-06
+61.01850E-06 -80.40200919E-03 +624.62309E-06
+61.03400E-06 +0.0E+00 +946.23113E-06
+61.04950E-06 +40.20100459E-03 +61.80903E-06
+61.06500E-06 -40.20100459E-03 +343.21606E-06
+61.08050E-06 -80.40200919E-03 +705.02510E-06
+61.09600E-06 +0.0E+00 -259.79901E-06
+61.11150E-06 +22.61306509E-03 -18.59298E-06
+61.12700E-06 -77.88944639E-03 -300.00001E-06
+61.14250E-06 -80.40200919E-03 +343.21606E-06
+61.15800E-06 -2.51256279E-03 +343.21606E-06
+61.17350E-06 +0.0E+00 +624.62309E-06
+61.18900E-06 -37.68844180E-03 -300.00001E-06
+61.20450E-06 -80.40200919E-03 +705.02510E-06
+61.22000E-06 +35.17587901E-03 +343.21606E-06
+61.23550E-06 +22.61306509E-03 +705.02510E-06
+61.25100E-06 -37.68844180E-03 -259.79901E-06
+61.26650E-06 -80.40200919E-03 -18.59298E-06
+61.28200E-06 -2.51256279E-03 +303.01505E-06
+61.29750E-06 +22.61306509E-03 +343.21606E-06
+61.31300E-06 -37.68844180E-03 +343.21606E-06
+61.32850E-06 -62.81406969E-03 +61.80903E-06
+61.34400E-06 +0.0E+00 -259.79901E-06
+61.35950E-06 +40.20100459E-03 +624.62309E-06
+61.37500E-06 -2.51256279E-03 +303.01505E-06
+61.39050E-06 -80.40200919E-03 +986.43213E-06
+61.40600E-06 -2.51256279E-03 +986.43213E-06
+61.42150E-06 +0.0E+00 +986.43213E-06
+61.43700E-06 -37.68844180E-03 -259.79901E-06
+61.45250E-06 -62.81406969E-03 +986.43213E-06
+61.46800E-06 +37.68844180E-03 +343.21606E-06
+61.48350E-06 +22.61306509E-03 +61.80903E-06
+61.49900E-06 -40.20100459E-03 -259.79901E-06
+61.51450E-06 -57.78894410E-03 +624.62309E-06
+61.53000E-06 -2.51256279E-03 +303.01505E-06
+61.54550E-06 +22.61306509E-03 +343.21606E-06
+61.56100E-06 -37.68844180E-03 -300.00001E-06
+61.57650E-06 -62.81406969E-03 +61.80903E-06
+61.59200E-06 -2.51256279E-03 +303.01505E-06
+61.60750E-06 +40.20100459E-03 -300.00001E-06
+61.62300E-06 -75.37688360E-03 -300.00001E-06
+61.63850E-06 -80.40200919E-03 +705.02510E-06
+61.65400E-06 -40.20100459E-03 +986.43213E-06
+61.66950E-06 +22.61306509E-03 +61.80903E-06
+61.68500E-06 -40.20100459E-03 +303.01505E-06
+61.70050E-06 -80.40200919E-03 +624.62309E-06
+61.71600E-06 +0.0E+00 +383.41706E-06
+61.73150E-06 +0.0E+00 +343.21606E-06
+61.74700E-06 +0.0E+00 -259.79901E-06
+61.76250E-06 -57.78894410E-03 -18.59298E-06
+61.77800E-06 -2.51256279E-03 -300.00001E-06
+61.79350E-06 +17.58793950E-03 +343.21606E-06
+61.80900E-06 +0.0E+00 +986.43213E-06
+61.82450E-06 -62.81406969E-03 +343.21606E-06
+61.84000E-06 -40.20100459E-03 -300.00001E-06
+61.85550E-06 +0.0E+00 +343.21606E-06
+61.87100E-06 +0.0E+00 +343.21606E-06
+61.88650E-06 -80.40200919E-03 +705.02510E-06
+61.90200E-06 -40.20100459E-03 +946.23113E-06
+61.91750E-06 +0.0E+00 +343.21606E-06
+61.93300E-06 -40.20100459E-03 +946.23113E-06
+61.94850E-06 -40.20100459E-03 +61.80903E-06
+61.96400E-06 -42.71356739E-03 +383.41706E-06
+61.97950E-06 +40.20100459E-03 -300.00001E-06
+61.99500E-06 +0.0E+00 +343.21606E-06
+62.01050E-06 -62.81406969E-03 +624.62309E-06
+62.02600E-06 -40.20100459E-03 +303.01505E-06
+62.04150E-06 +17.58793950E-03 +343.21606E-06
+62.05700E-06 +0.0E+00 +303.01505E-06
+62.07250E-06 -62.81406969E-03 +343.21606E-06
+62.08800E-06 -40.20100459E-03 +343.21606E-06
+62.10350E-06 +22.61306509E-03 -18.59298E-06
+62.11900E-06 -37.68844180E-03 +303.01505E-06
+62.13450E-06 -40.20100459E-03 +423.61807E-06
+62.15000E-06 -40.20100459E-03 +383.41706E-06
+62.16550E-06 +0.0E+00 +343.21606E-06
+62.18100E-06 +0.0E+00 -300.00001E-06
+62.19650E-06 -62.81406969E-03 -300.00001E-06
+62.21200E-06 -2.51256279E-03 +343.21606E-06
+62.22750E-06 +22.61306509E-03 -300.00001E-06
+62.24300E-06 +0.0E+00 -259.79901E-06
+62.25850E-06 -57.78894410E-03 +61.80903E-06
+62.27400E-06 -37.68844180E-03 +343.21606E-06
+62.28950E-06 +0.0E+00 +343.21606E-06
+62.30500E-06 +0.0E+00 +303.01505E-06
+62.32050E-06 -17.58793950E-03 -18.59298E-06
+62.33600E-06 -37.68844180E-03 +303.01505E-06
+62.35150E-06 +0.0E+00 +705.02510E-06
+62.36700E-06 +0.0E+00 +343.21606E-06
+62.38250E-06 -40.20100459E-03 +986.43213E-06
+62.39800E-06 -42.71356739E-03 -300.00001E-06
+62.41350E-06 +0.0E+00 +624.62309E-06
+62.42900E-06 +0.0E+00 +383.41706E-06
+62.44450E-06 -40.20100459E-03 +343.21606E-06
+62.46000E-06 +0.0E+00 +383.41706E-06
+62.47550E-06 +22.61306509E-03 +61.80903E-06
+62.49100E-06 +0.0E+00 -259.79901E-06
+62.50650E-06 -22.61306509E-03 -18.59298E-06
+62.52200E-06 -40.20100459E-03 +343.21606E-06
+62.53750E-06 +0.0E+00 +624.62309E-06
+62.55300E-06 +0.0E+00 +946.23113E-06
+62.56850E-06 -40.20100459E-03 +61.80903E-06
+62.58400E-06 -40.20100459E-03 +383.41706E-06
+62.59950E-06 -17.58793950E-03 +986.43213E-06
+62.61500E-06 -37.68844180E-03 +343.21606E-06
+62.63050E-06 -40.20100459E-03 +986.43213E-06
+62.64600E-06 -40.20100459E-03 +383.41706E-06
+62.66150E-06 -40.20100459E-03 +986.43213E-06
+62.67700E-06 +0.0E+00 +946.23113E-06
+62.69250E-06 -62.81406969E-03 +705.02510E-06
+62.70800E-06 -40.20100459E-03 +343.21606E-06
+62.72350E-06 +0.0E+00 -300.00001E-06
+62.73900E-06 +0.0E+00 -300.00001E-06
+62.75450E-06 -17.58793950E-03 -18.59298E-06
+62.77000E-06 -40.20100459E-03 +343.21606E-06
+62.78550E-06 +0.0E+00 +343.21606E-06
+62.80100E-06 +0.0E+00 -300.00001E-06
+62.81650E-06 -40.20100459E-03 +423.61807E-06
+62.83200E-06 -2.51256279E-03 -259.79901E-06
+62.84750E-06 +0.0E+00 +61.80903E-06
+62.86300E-06 -40.20100459E-03 +343.21606E-06
+62.87850E-06 -40.20100459E-03 +343.21606E-06
+62.89400E-06 -40.20100459E-03 +383.41706E-06
+62.90950E-06 -40.20100459E-03 +343.21606E-06
+62.92500E-06 +0.0E+00 +343.21606E-06
+62.94050E-06 -17.58793950E-03 +61.80903E-06
+62.95600E-06 -40.20100459E-03 +303.01505E-06
+62.97150E-06 -17.58793950E-03 +705.02510E-06
+62.98700E-06 +0.0E+00 +383.41706E-06
+63.00250E-06 -40.20100459E-03 +624.62309E-06
+63.01800E-06 -40.20100459E-03 +906.03012E-06
+63.03350E-06 +0.0E+00 +624.62309E-06
+63.04900E-06 +0.0E+00 +343.21606E-06
+63.06450E-06 -17.58793950E-03 +705.02510E-06
+63.08000E-06 -40.20100459E-03 +343.21606E-06
+63.09550E-06 +0.0E+00 +343.21606E-06
+63.11100E-06 -37.68844180E-03 +946.23113E-06
+63.12650E-06 -62.81406969E-03 -300.00001E-06
+63.14200E-06 -40.20100459E-03 +343.21606E-06
+63.15750E-06 +0.0E+00 +624.62309E-06
+63.17300E-06 -37.68844180E-03 +303.01505E-06
+63.18850E-06 +0.0E+00 +61.80903E-06
+63.20400E-06 -40.20100459E-03 +343.21606E-06
+63.21950E-06 +0.0E+00 +423.61807E-06
+63.23500E-06 +0.0E+00 -259.79901E-06
+63.25050E-06 -17.58793950E-03 -18.59298E-06
+63.26600E-06 -40.20100459E-03 +303.01505E-06
+63.28150E-06 -5.02512559E-03 +343.21606E-06
+63.29700E-06 -37.68844180E-03 +303.01505E-06
+63.31250E-06 -22.61306509E-03 +343.21606E-06
+63.32800E-06 -2.51256279E-03 -219.59800E-06
+63.34350E-06 -40.20100459E-03 +624.62309E-06
+63.35900E-06 +37.68844180E-03 +906.03012E-06
+63.37450E-06 -22.61306509E-03 +986.43213E-06
+63.39000E-06 -5.02512559E-03 +343.21606E-06
+63.40550E-06 -22.61306509E-03 +624.62309E-06
+63.42100E-06 +0.0E+00 +946.23113E-06
+63.43650E-06 -22.61306509E-03 +705.02510E-06
+63.45200E-06 -40.20100459E-03 +986.43213E-06
+63.46750E-06 +0.0E+00 +343.21606E-06
+63.48300E-06 +2.51256280E-03 +343.21606E-06
+63.49850E-06 -17.58793950E-03 -380.40202E-06
+63.51400E-06 -40.20100459E-03 +343.21606E-06
+63.52950E-06 -22.61306509E-03 +61.80903E-06
+63.54500E-06 +0.0E+00 -259.79901E-06
+63.56050E-06 -22.61306509E-03 +624.62309E-06
+63.57600E-06 +0.0E+00 -259.79901E-06
+63.59150E-06 -17.58793950E-03 +705.02510E-06
+63.60700E-06 -37.68844180E-03 +946.23113E-06
+63.62250E-06 -40.20100459E-03 +705.02510E-06
+63.63800E-06 -42.71356739E-03 +343.21606E-06
+63.65350E-06 +0.0E+00 +61.80903E-06
+63.66900E-06 -37.68844180E-03 +343.21606E-06
+63.68450E-06 +0.0E+00 +343.21606E-06
+63.70000E-06 -2.51256280E-03 +986.43213E-06
+63.71550E-06 -22.61306509E-03 +61.80903E-06
+63.73100E-06 +0.0E+00 -219.59800E-06
+63.74650E-06 -40.20100459E-03 -18.59298E-06
+63.76200E-06 -40.20100459E-03 +303.01505E-06
+63.77750E-06 -40.20100459E-03 +343.21606E-06
+63.79300E-06 -37.68844180E-03 +343.21606E-06
+63.80850E-06 +0.0E+00 +61.80903E-06
+63.82400E-06 -2.51256280E-03 -259.79901E-06
+63.83950E-06 -17.58793950E-03 +343.21606E-06
+63.85500E-06 +0.0E+00 -259.79901E-06
+63.87050E-06 -40.20100459E-03 +61.80903E-06
+63.88600E-06 -40.20100459E-03 +986.43213E-06
+63.90150E-06 -17.58793950E-03 +705.02510E-06
+63.91700E-06 +0.0E+00 +986.43213E-06
+63.93250E-06 -40.20100459E-03 +343.21606E-06
+63.94800E-06 -37.68844180E-03 +343.21606E-06
+63.96350E-06 -17.58793950E-03 +705.02510E-06
+63.97900E-06 -37.68844180E-03 -300.00001E-06
+63.99450E-06 +0.0E+00 +343.21606E-06
+64.01000E-06 -40.20100459E-03 -300.00001E-06
+64.02550E-06 -17.58793950E-03 +343.21606E-06
+64.04100E-06 +0.0E+00 +946.23113E-06
+64.05650E-06 +0.0E+00 +343.21606E-06
+64.07200E-06 -37.68844180E-03 +343.21606E-06
+64.08750E-06 +0.0E+00 +343.21606E-06
+64.10300E-06 -2.51256280E-03 +946.23113E-06
+64.11850E-06 -17.58793950E-03 +705.02510E-06
+64.13400E-06 -40.20100459E-03 +383.41706E-06
+64.14950E-06 -40.20100459E-03 +624.62309E-06
+64.16500E-06 -37.68844180E-03 +986.43213E-06
+64.18050E-06 +22.61306509E-03 +343.21606E-06
+64.19600E-06 -37.68844180E-03 +383.41706E-06
+64.21150E-06 -17.58793950E-03 +61.80903E-06
+64.22700E-06 +37.68844180E-03 +343.21606E-06
+64.24250E-06 +0.0E+00 -380.40202E-06
+64.25800E-06 +0.0E+00 +343.21606E-06
+64.27350E-06 -22.61306509E-03 +343.21606E-06
+64.28900E-06 -40.20100459E-03 +343.21606E-06
+64.30450E-06 -40.20100459E-03 +343.21606E-06
+64.32000E-06 -2.51256280E-03 +343.21606E-06
+64.33550E-06 -17.58793950E-03 +61.80903E-06
+64.35100E-06 -37.68844180E-03 +343.21606E-06
+64.36650E-06 -40.20100459E-03 +705.02510E-06
+64.38200E-06 -40.20100459E-03 +343.21606E-06
+64.39750E-06 -40.20100459E-03 +624.62309E-06
+64.41300E-06 -2.51256280E-03 -259.79901E-06
+64.42850E-06 +0.0E+00 +343.21606E-06
+64.44400E-06 +0.0E+00 -259.79901E-06
+64.45950E-06 -22.61306509E-03 -581.40705E-06
+64.47500E-06 +0.0E+00 -259.79901E-06
+64.49050E-06 +0.0E+00 -380.40202E-06
+64.50600E-06 -2.51256280E-03 +303.01505E-06
+64.52150E-06 -40.20100459E-03 +343.21606E-06
+64.53700E-06 -37.68844180E-03 +343.21606E-06
+64.55250E-06 -22.61306509E-03 +61.80903E-06
+64.56800E-06 -37.68844180E-03 -259.79901E-06
+64.58350E-06 -17.58793950E-03 -18.59298E-06
+64.59900E-06 +0.0E+00 +946.23113E-06
+64.61450E-06 -17.58793950E-03 +343.21606E-06
+64.63000E-06 -40.20100459E-03 +343.21606E-06
+64.64550E-06 -40.20100459E-03 +343.21606E-06
+64.66100E-06 +0.0E+00 -259.79901E-06
+64.67650E-06 -22.61306509E-03 +343.21606E-06
+64.69200E-06 -37.68844180E-03 +383.41706E-06
+64.70750E-06 -22.61306509E-03 +61.80903E-06
+64.72300E-06 -2.51256280E-03 -300.00001E-06
+64.73850E-06 -40.20100459E-03 -300.00001E-06
+64.75400E-06 -40.20100459E-03 -259.79901E-06
+64.76950E-06 -40.20100459E-03 +343.21606E-06
+64.78500E-06 +0.0E+00 +343.21606E-06
+64.80050E-06 -22.61306509E-03 +343.21606E-06
+64.81600E-06 +0.0E+00 -219.59800E-06
+64.83150E-06 -17.58793950E-03 +624.62309E-06
+64.84700E-06 -37.68844180E-03 +303.01505E-06
+64.86250E-06 -22.61306509E-03 +343.21606E-06
+64.87800E-06 +0.0E+00 +383.41706E-06
+64.89350E-06 -40.20100459E-03 +624.62309E-06
+64.90900E-06 -40.20100459E-03 +383.41706E-06
+64.92450E-06 +0.0E+00 +343.21606E-06
+64.94000E-06 -37.68844180E-03 +383.41706E-06
+64.95550E-06 -17.58793950E-03 -300.00001E-06
+64.97100E-06 -2.51256280E-03 -259.79901E-06
+64.98650E-06 +0.0E+00 -18.59298E-06
+65.00200E-06 -37.68844180E-03 +343.21606E-06
+65.01750E-06 +0.0E+00 -18.59298E-06
+65.03300E-06 -2.51256280E-03 +343.21606E-06
+65.04850E-06 +0.0E+00 +343.21606E-06
+65.06400E-06 -2.51256280E-03 +343.21606E-06
+65.07950E-06 -17.58793950E-03 +986.43213E-06
+65.09500E-06 +0.0E+00 +946.23113E-06
+65.11050E-06 -17.58793950E-03 +343.21606E-06
+65.12600E-06 +0.0E+00 +343.21606E-06
+65.14150E-06 +0.0E+00 -18.59298E-06
+65.15700E-06 -2.51256280E-03 +343.21606E-06
+65.17250E-06 -17.58793950E-03 +1.34824117E-03
+65.18800E-06 +0.0E+00 -300.00001E-06
+65.20350E-06 -17.58793950E-03 -300.00001E-06
+65.21900E-06 -40.20100459E-03 -903.01508E-06
+65.23450E-06 -17.58793950E-03 -18.59298E-06
+65.25000E-06 -2.51256280E-03 -300.00001E-06
+65.26550E-06 +0.0E+00 -661.80906E-06
+65.28100E-06 -37.68844180E-03 +343.21606E-06
+65.29650E-06 +0.0E+00 -300.00001E-06
+65.31200E-06 -2.51256280E-03 +343.21606E-06
+65.32750E-06 +0.0E+00 +624.62309E-06
+65.34300E-06 +0.0E+00 -300.00001E-06
+65.35850E-06 +0.0E+00 -300.00001E-06
+65.37400E-06 -37.68844180E-03 -259.79901E-06
+65.38950E-06 -22.61306509E-03 +343.21606E-06
+65.40500E-06 -37.68844180E-03 +946.23113E-06
+65.42050E-06 -22.61306509E-03 +343.21606E-06
+65.43600E-06 +0.0E+00 +986.43213E-06
+65.45150E-06 -40.20100459E-03 +343.21606E-06
+65.46700E-06 +0.0E+00 +383.41706E-06
+65.48250E-06 -17.58793950E-03 +343.21606E-06
+65.49800E-06 -37.68844180E-03 +343.21606E-06
+65.51350E-06 -40.20100459E-03 -18.59298E-06
+65.52900E-06 +0.0E+00 +343.21606E-06
+65.54450E-06  
