x-axis SCL1 SDA1
second Volt Volt
+34.50000E-06 -168.84422302E-03 -8.99999961E-03
+34.51500E-06 -84.42211151E-03 -37.14070283E-03
+34.53000E-06 -84.42211151E-03 -37.14070283E-03
+34.54500E-06 -84.42211151E-03 -8.99999961E-03
+34.56000E-06 -168.84422302E-03 -8.99999961E-03
+34.57500E-06 -84.42211151E-03 -37.14070283E-03
+34.59000E-06 -84.42211151E-03 -37.14070283E-03
+34.60500E-06 -84.42211151E-03 -8.99999961E-03
+34.62000E-06 -168.84422302E-03 -37.14070283E-03
+34.63500E-06 -84.42211151E-03 -8.99999961E-03
+34.65000E-06 -168.84422302E-03 -37.14070283E-03
+34.66500E-06 -84.42211151E-03 -8.99999961E-03
+34.68000E-06 -168.84422302E-03 -8.99999961E-03
+34.69500E-06 -84.42211151E-03 -37.14070283E-03
+34.71000E-06 -168.84422302E-03 -8.99999961E-03
+34.72500E-06 -168.84422302E-03 -8.99999961E-03
+34.74000E-06 -168.84422302E-03 -8.99999961E-03
+34.75500E-06 -84.42211151E-03 -37.14070283E-03
+34.77000E-06 -84.42211151E-03 -37.14070283E-03
+34.78500E-06 -84.42211151E-03 -37.14070283E-03
+34.80000E-06 -168.84422302E-03 -8.99999961E-03
+34.81500E-06 -84.42211151E-03 -37.14070283E-03
+34.83000E-06 -168.84422302E-03 -8.99999961E-03
+34.84500E-06 -84.42211151E-03 -8.99999961E-03
+34.86000E-06 -168.84422302E-03 -8.99999961E-03
+34.87500E-06 -84.42211151E-03 -8.99999961E-03
+34.89000E-06 -84.42211151E-03 -8.99999961E-03
+34.90500E-06 -84.42211151E-03 -8.99999961E-03
+34.92000E-06 -84.42211151E-03 -8.99999961E-03
+34.93500E-06 -84.42211151E-03 -37.14070283E-03
+34.95000E-06 -168.84422302E-03 -8.99999961E-03
+34.96500E-06 -84.42211151E-03 -8.99999961E-03
+34.98000E-06 -168.84422302E-03 -8.99999961E-03
+34.99500E-06 -84.42211151E-03 -37.14070283E-03
+35.01000E-06 -84.42211151E-03 -37.14070283E-03
+35.02500E-06 -168.84422302E-03 -37.14070283E-03
+35.04000E-06 -168.84422302E-03 -8.99999961E-03
+35.05500E-06 -168.84422302E-03 -37.14070283E-03
+35.07000E-06 -168.84422302E-03 -8.99999961E-03
+35.08500E-06 -168.84422302E-03 -37.14070283E-03
+35.10000E-06 -168.84422302E-03 -8.99999961E-03
+35.11500E-06 -168.84422302E-03 -37.14070283E-03
+35.13000E-06 -84.42211151E-03 -37.14070283E-03
+35.14500E-06 -168.84422302E-03 -8.99999961E-03
+35.16000E-06 -84.42211151E-03 -37.14070283E-03
+35.17500E-06 -84.42211152E-03 -37.14070283E-03
+35.19000E-06 -168.84422302E-03 -8.99999961E-03
+35.20500E-06 -168.84422302E-03 -8.99999961E-03
+35.22000E-06 -84.42211151E-03 -8.99999961E-03
+35.23500E-06 -168.84422302E-03 -8.99999961E-03
+35.25000E-06 -84.42211152E-03 -65.28140604E-03
+35.26500E-06 -168.84422302E-03 -37.14070283E-03
+35.28000E-06 -84.42211151E-03 -37.14070283E-03
+35.29500E-06 -168.84422302E-03 -37.14070283E-03
+35.31000E-06 -168.84422302E-03 -37.14070283E-03
+35.32500E-06 -84.42211152E-03 -37.14070283E-03
+35.34000E-06 -168.84422302E-03 -37.14070283E-03
+35.35500E-06 -253.26633453E-03 -8.99999961E-03
+35.37000E-06 -84.42211151E-03 -8.99999961E-03
+35.38500E-06 -84.42211151E-03 -8.99999961E-03
+35.40000E-06 -168.84422302E-03 -8.99999961E-03
+35.41500E-06 -168.84422302E-03 -37.14070283E-03
+35.43000E-06 -168.84422302E-03 -8.99999961E-03
+35.44500E-06 -168.84422302E-03 -8.99999961E-03
+35.46000E-06 -84.42211151E-03 -8.99999961E-03
+35.47500E-06 -84.42211151E-03 -37.14070283E-03
+35.49000E-06 -10E-12 -37.14070283E-03
+35.50500E-06 -168.84422302E-03 -8.99999961E-03
+35.52000E-06 -168.84422302E-03 -37.14070283E-03
+35.53500E-06 -168.84422302E-03 -37.14070283E-03
+35.55000E-06 -168.84422302E-03 -8.99999961E-03
+35.56500E-06 -84.42211151E-03 -8.99999961E-03
+35.58000E-06 -84.42211152E-03 -8.99999961E-03
+35.59500E-06 -84.42211152E-03 -8.99999961E-03
+35.61000E-06 -84.42211151E-03 -65.28140604E-03
+35.62500E-06 -84.42211151E-03 -8.99999961E-03
+35.64000E-06 -84.42211151E-03 -8.99999961E-03
+35.65500E-06 -84.42211152E-03 -8.99999961E-03
+35.67000E-06 -168.84422302E-03 -37.14070283E-03
+35.68500E-06 -168.84422302E-03 -8.99999961E-03
+35.70000E-06 -84.42211151E-03 -8.99999961E-03
+35.71500E-06 -10E-12 -8.99999961E-03
+35.73000E-06 -168.84422302E-03 -37.14070283E-03
+35.74500E-06 -168.84422302E-03 -8.99999961E-03
+35.76000E-06 -168.84422302E-03 -8.99999961E-03
+35.77500E-06 -84.42211152E-03 -8.99999961E-03
+35.79000E-06 -168.84422302E-03 -37.14070283E-03
+35.80500E-06 -84.42211153E-03 -8.99999961E-03
+35.82000E-06 -168.84422302E-03 -37.14070283E-03
+35.83500E-06 -84.42211151E-03 -8.99999962E-03
+35.85000E-06 -10E-12 -37.14070283E-03
+35.86500E-06 -84.42211150E-03 -8.99999961E-03
+35.88000E-06 -84.42211151E-03 +19.14070360E-03
+35.89500E-06 -84.42211152E-03 -37.14070283E-03
+35.91000E-06 -253.26633453E-03 -8.99999961E-03
+35.92500E-06 -168.84422301E-03 -8.99999961E-03
+35.94000E-06 -84.42211151E-03 -8.99999961E-03
+35.95500E-06 -84.42211151E-03 -8.99999962E-03
+35.97000E-06 -84.42211151E-03 -37.14070283E-03
+35.98500E-06 -84.42211151E-03 -8.99999961E-03
+36.00000E-06 -84.42211151E-03 -8.99999961E-03
+36.01500E-06 -84.42211152E-03 -37.14070283E-03
+36.03000E-06 -168.84422301E-03 +19.14070360E-03
+36.04500E-06 -168.84422303E-03 -8.99999961E-03
+36.06000E-06 -84.42211151E-03 -37.14070283E-03
+36.07500E-06 -84.42211151E-03 -8.99999962E-03
+36.09000E-06 -84.42211151E-03 -65.28140604E-03
+36.10500E-06 -84.42211151E-03 -8.99999962E-03
+36.12000E-06 -168.84422301E-03 -8.99999962E-03
+36.13500E-06 -84.42211152E-03 -37.14070283E-03
+36.15000E-06 -168.84422302E-03 -37.14070283E-03
+36.16500E-06 -84.42211151E-03 -8.99999961E-03
+36.18000E-06 -168.84422302E-03 -8.99999962E-03
+36.19500E-06 -84.42211151E-03 -8.99999962E-03
+36.21000E-06 -84.42211151E-03 -37.14070283E-03
+36.22500E-06 -84.42211151E-03 -37.14070283E-03
+36.24000E-06 -168.84422301E-03 -8.99999961E-03
+36.25500E-06 -168.84422301E-03 -37.14070283E-03
+36.27000E-06 -168.84422301E-03 -37.14070283E-03
+36.28500E-06 -84.42211152E-03 -8.99999961E-03
+36.30000E-06 -168.84422302E-03 -8.99999962E-03
+36.31500E-06 -84.42211152E-03 -37.14070283E-03
+36.33000E-06 -168.84422301E-03 -37.14070283E-03
+36.34500E-06 -168.84422302E-03 -8.99999961E-03
+36.36000E-06 -168.84422301E-03 -8.99999961E-03
+36.37500E-06 -84.42211152E-03 -8.99999962E-03
+36.39000E-06 -253.26633452E-03 -8.99999961E-03
+36.40500E-06 -84.42211152E-03 -37.14070283E-03
+36.42000E-06 -168.84422302E-03 -8.99999962E-03
+36.43500E-06 -84.42211151E-03 -8.99999962E-03
+36.45000E-06 -84.42211151E-03 -37.14070283E-03
+36.46500E-06 -84.42211151E-03 -8.99999961E-03
+36.48000E-06 -84.42211151E-03 -8.99999962E-03
+36.49500E-06 -84.42211152E-03 -37.14070283E-03
+36.51000E-06 -168.84422302E-03 -8.99999961E-03
+36.52500E-06 -168.84422302E-03 -8.99999961E-03
+36.54000E-06 -168.84422301E-03 -8.99999961E-03
+36.55500E-06 -84.42211152E-03 -8.99999962E-03
+36.57000E-06 -84.42211151E-03 -37.14070283E-03
+36.58500E-06 -84.42211151E-03 -37.14070282E-03
+36.60000E-06 -84.42211151E-03 -8.99999962E-03
+36.61500E-06 -84.42211151E-03 -37.14070283E-03
+36.63000E-06 -168.84422302E-03 -8.99999961E-03
+36.64500E-06 -84.42211152E-03 -37.14070282E-03
+36.66000E-06 -168.84422301E-03 -8.99999961E-03
+36.67500E-06 -168.84422301E-03 -8.99999962E-03
+36.69000E-06 -84.42211151E-03 -37.14070283E-03
+36.70500E-06 -84.42211151E-03 -8.99999961E-03
+36.72000E-06 -168.84422301E-03 -8.99999962E-03
+36.73500E-06 -84.42211152E-03 -8.99999962E-03
+36.75000E-06 -168.84422301E-03 -37.14070282E-03
+36.76500E-06 -84.42211151E-03 -8.99999961E-03
+36.78000E-06 -84.42211151E-03 -37.14070282E-03
+36.79500E-06 -84.42211151E-03 -8.99999962E-03
+36.81000E-06 -84.42211151E-03 -37.14070282E-03
+36.82500E-06 -84.42211151E-03 -8.99999961E-03
+36.84000E-06 -84.42211151E-03 -8.99999962E-03
+36.85500E-06 -84.42211151E-03 -37.14070283E-03
+36.87000E-06 -168.84422301E-03 -8.99999961E-03
+36.88500E-06 -84.42211152E-03 -8.99999961E-03
+36.90000E-06 -84.42211151E-03 -8.99999961E-03
+36.91500E-06 -84.42211151E-03 -37.14070283E-03
+36.93000E-06 -84.42211151E-03 -37.14070283E-03
+36.94500E-06 -84.42211151E-03 -37.14070282E-03
+36.96000E-06 -168.84422301E-03 -37.14070283E-03
+36.97500E-06 -84.42211153E-03 -37.14070283E-03
+36.99000E-06 -84.42211151E-03 -8.99999961E-03
+37.00500E-06 -84.42211153E-03 -8.99999961E-03
+37.02000E-06 -84.42211151E-03 -8.99999961E-03
+37.03500E-06 +0.0E+00 -37.14070283E-03
+37.05000E-06 -84.42211151E-03 -37.14070283E-03
+37.06500E-06 -84.42211153E-03 -8.99999961E-03
+37.08000E-06 -168.84422301E-03 -37.14070283E-03
+37.09500E-06 -168.84422302E-03 -8.99999961E-03
+37.11000E-06 -168.84422302E-03 -8.99999961E-03
+37.12500E-06 -84.42211151E-03 -8.99999961E-03
+37.14000E-06 -84.42211151E-03 -8.99999961E-03
+37.15500E-06 -84.42211151E-03 -8.99999962E-03
+37.17000E-06 -84.42211151E-03 -37.14070282E-03
+37.18500E-06 -168.84422301E-03 -37.14070282E-03
+37.20000E-06 -84.42211153E-03 -8.99999962E-03
+37.21500E-06 -84.42211153E-03 -8.99999961E-03
+37.23000E-06 -84.42211151E-03 -8.99999961E-03
+37.24500E-06 -84.42211151E-03 -8.99999961E-03
+37.26000E-06 -84.42211151E-03 -8.99999962E-03
+37.27500E-06 -84.42211150E-03 -37.14070282E-03
+37.29000E-06 -20E-12 -37.14070283E-03
+37.30500E-06 -84.42211153E-03 -8.99999961E-03
+37.32000E-06 -168.84422301E-03 -8.99999961E-03
+37.33500E-06 -168.84422302E-03 -37.14070283E-03
+37.35000E-06 -168.84422302E-03 -37.14070282E-03
+37.36500E-06 -84.42211151E-03 -37.14070283E-03
+37.38000E-06 -84.42211151E-03 -37.14070283E-03
+37.39500E-06 -84.42211150E-03 -37.14070283E-03
+37.41000E-06 +0.0E+00 -37.14070283E-03
+37.42500E-06 -168.84422301E-03 -37.14070282E-03
+37.44000E-06 -168.84422302E-03 -8.99999962E-03
+37.45500E-06 -253.26633452E-03 -37.14070283E-03
+37.47000E-06 -168.84422304E-03 -8.99999961E-03
+37.48500E-06 -84.42211151E-03 -8.99999961E-03
+37.50000E-06 -84.42211151E-03 -8.99999961E-03
+37.51500E-06 -84.42211149E-03 -37.14070283E-03
+37.53000E-06 -84.42211149E-03 -65.28140603E-03
+37.54500E-06 -84.42211153E-03 -37.14070282E-03
+37.56000E-06 -168.84422301E-03 -8.99999961E-03
+37.57500E-06 -84.42211153E-03 -8.99999961E-03
+37.59000E-06 -168.84422302E-03 -8.99999961E-03
+37.60500E-06 -84.42211153E-03 -8.99999961E-03
+37.62000E-06 -84.42211151E-03 -8.99999961E-03
+37.63500E-06 -168.84422299E-03 -8.99999962E-03
+37.65000E-06 -84.42211151E-03 -65.28140603E-03
+37.66500E-06 -168.84422300E-03 -37.14070283E-03
+37.68000E-06 -168.84422302E-03 -8.99999962E-03
+37.69500E-06 -253.26633453E-03 -37.14070282E-03
+37.71000E-06 -168.84422302E-03 -8.99999961E-03
+37.72500E-06 -168.84422300E-03 -8.99999961E-03
+37.74000E-06 -84.42211151E-03 -8.99999962E-03
+37.75500E-06 -20E-12 -37.14070283E-03
+37.77000E-06 -84.42211151E-03 -37.14070283E-03
+37.78500E-06 -84.42211151E-03 -8.99999961E-03
+37.80000E-06 -84.42211153E-03 -8.99999961E-03
+37.81500E-06 -168.84422304E-03 -8.99999961E-03
+37.83000E-06 -168.84422302E-03 -8.99999961E-03
+37.84500E-06 -84.42211151E-03 -8.99999961E-03
+37.86000E-06 -84.42211149E-03 -37.14070283E-03
+37.87500E-06 +0.0E+00 -37.14070284E-03
+37.89000E-06 -84.42211151E-03 -37.14070283E-03
+37.90500E-06 -168.84422302E-03 -37.14070283E-03
+37.92000E-06 -168.84422302E-03 -8.99999962E-03
+37.93500E-06 -168.84422304E-03 -8.99999961E-03
+37.95000E-06 -168.84422304E-03 -8.99999961E-03
+37.96500E-06 -84.42211151E-03 -8.99999961E-03
+37.98000E-06 -84.42211151E-03 -37.14070282E-03
+37.99500E-06 -84.42211151E-03 -8.99999962E-03
+38.01000E-06 -20E-12 -65.28140604E-03
+38.02500E-06 -84.42211153E-03 -8.99999961E-03
+38.04000E-06 -168.84422302E-03 -37.14070283E-03
+38.05500E-06 -168.84422304E-03 -37.14070283E-03
+38.07000E-06 -168.84422302E-03 -8.99999961E-03
+38.08500E-06 -168.84422302E-03 -8.99999961E-03
+38.10000E-06 -84.42211151E-03 -8.99999962E-03
+38.11500E-06 +0.0E+00 -37.14070283E-03
+38.13000E-06 -84.42211153E-03 -37.14070283E-03
+38.14500E-06 -84.42211151E-03 -37.14070282E-03
+38.16000E-06 -168.84422302E-03 -8.99999962E-03
+38.17500E-06 -168.84422302E-03 -37.14070283E-03
+38.19000E-06 -168.84422302E-03 +19.14070360E-03
+38.20500E-06 -84.42211153E-03 -8.99999961E-03
+38.22000E-06 +0.0E+00 -8.99999962E-03
+38.23500E-06 +0.0E+00 -8.99999962E-03
+38.25000E-06 -84.42211151E-03 -65.28140604E-03
+38.26500E-06 -253.26633451E-03 -37.14070282E-03
+38.28000E-06 -253.26633451E-03 -8.99999962E-03
+38.29500E-06 -253.26633451E-03 -37.14070282E-03
+38.31000E-06 -168.84422302E-03 -8.99999961E-03
+38.32500E-06 -168.84422300E-03 -8.99999961E-03
+38.34000E-06 -84.42211151E-03 -37.14070283E-03
+38.35500E-06 +0.0E+00 -37.14070283E-03
+38.37000E-06 -84.42211151E-03 -37.14070283E-03
+38.38500E-06 -84.42211153E-03 -8.99999962E-03
+38.40000E-06 -168.84422304E-03 -8.99999962E-03
+38.41500E-06 -168.84422304E-03 -37.14070282E-03
+38.43000E-06 -253.26633451E-03 -8.99999961E-03
+38.44500E-06 -84.42211151E-03 -8.99999961E-03
+38.46000E-06 -84.42211149E-03 -8.99999961E-03
+38.47500E-06 -84.42211149E-03 -8.99999962E-03
+38.49000E-06 -84.42211151E-03 -65.28140604E-03
+38.50500E-06 -168.84422302E-03 -8.99999961E-03
+38.52000E-06 -168.84422302E-03 -8.99999962E-03
+38.53500E-06 -168.84422305E-03 -8.99999961E-03
+38.55000E-06 -168.84422302E-03 -8.99999961E-03
+38.56500E-06 -84.42211151E-03 -8.99999961E-03
+38.58000E-06 +0.0E+00 -8.99999962E-03
+38.59500E-06 +0.0E+00 -37.14070284E-03
+38.61000E-06 +0.0E+00 -37.14070282E-03
+38.62500E-06 -168.84422302E-03 -8.99999961E-03
+38.64000E-06 -168.84422302E-03 -8.99999961E-03
+38.65500E-06 -168.84422305E-03 -8.99999961E-03
+38.67000E-06 -253.26633451E-03 -8.99999960E-03
+38.68500E-06 -84.42211151E-03 -8.99999961E-03
+38.70000E-06 +84.42211149E-03 -37.14070283E-03
+38.71500E-06 +0.0E+00 -8.99999962E-03
+38.73000E-06 -168.84422300E-03 -37.14070283E-03
+38.74500E-06 -168.84422302E-03 -37.14070282E-03
+38.76000E-06 -168.84422305E-03 -8.99999961E-03
+38.77500E-06 -253.26633453E-03 -37.14070282E-03
+38.79000E-06 -253.26633451E-03 -8.99999961E-03
+38.80500E-06 -20E-12 -8.99999961E-03
+38.82000E-06 +84.42211151E-03 -37.14070283E-03
+38.83500E-06 +84.42211149E-03 -37.14070283E-03
+38.85000E-06 -84.42211151E-03 -65.28140604E-03
+38.86500E-06 -168.84422302E-03 -37.14070282E-03
+38.88000E-06 -168.84422305E-03 -8.99999961E-03
+38.89500E-06 -253.26633456E-03 -8.99999961E-03
+38.91000E-06 -168.84422302E-03 -8.99999961E-03
+38.92500E-06 -84.42211149E-03 -37.14070282E-03
+38.94000E-06 +84.42211149E-03 -8.99999962E-03
+38.95500E-06 +84.42211149E-03 -37.14070283E-03
+38.97000E-06 -84.42211151E-03 -37.14070282E-03
+38.98500E-06 -168.84422302E-03 -8.99999961E-03
+39.00000E-06 -253.26633451E-03 -8.99999962E-03
+39.01500E-06 -253.26633453E-03 -8.99999961E-03
+39.03000E-06 -168.84422302E-03 -8.99999961E-03
+39.04500E-06 -30E-12 -8.99999961E-03
+39.06000E-06 +30E-12 -37.14070283E-03
+39.07500E-06 +0.0E+00 -37.14070284E-03
+39.09000E-06 -30E-12 -65.28140604E-03
+39.10500E-06 -168.84422302E-03 -8.99999962E-03
+39.12000E-06 -253.26633453E-03 -8.99999961E-03
+39.13500E-06 -337.68844607E-03 -8.99999961E-03
+39.15000E-06 -168.84422302E-03 -8.99999960E-03
+39.16500E-06 -84.42211149E-03 -8.99999962E-03
+39.18000E-06 +30E-12 -65.28140604E-03
+39.19500E-06 +84.42211151E-03 -37.14070284E-03
+39.21000E-06 -84.42211148E-03 -37.14070283E-03
+39.22500E-06 -253.26633453E-03 -37.14070283E-03
+39.24000E-06 -337.68844602E-03 -8.99999961E-03
+39.25500E-06 -253.26633453E-03 -8.99999960E-03
+39.27000E-06 -168.84422300E-03 -8.99999961E-03
+39.28500E-06 -84.42211148E-03 -8.99999961E-03
+39.30000E-06 +84.42211151E-03 -8.99999962E-03
+39.31500E-06 +84.42211151E-03 -37.14070284E-03
+39.33000E-06 -84.42211154E-03 -65.28140603E-03
+39.34500E-06 -253.26633451E-03 -8.99999961E-03
+39.36000E-06 -337.68844604E-03 -8.99999961E-03
+39.37500E-06 -253.26633456E-03 -8.99999961E-03
+39.39000E-06 -168.84422302E-03 -8.99999961E-03
+39.40500E-06 +0.0E+00 -37.14070283E-03
+39.42000E-06 +84.42211154E-03 -65.28140604E-03
+39.43500E-06 +84.42211151E-03 -65.28140604E-03
+39.45000E-06 -84.42211154E-03 -65.28140604E-03
+39.46500E-06 -337.68844604E-03 -8.99999961E-03
+39.48000E-06 -337.68844604E-03 +19.14070359E-03
+39.49500E-06 -253.26633456E-03 -8.99999961E-03
+39.51000E-06 -168.84422302E-03 -37.14070282E-03
+39.52500E-06 -30E-12 -37.14070282E-03
+39.54000E-06 +84.42211154E-03 -65.28140604E-03
+39.55500E-06 +84.42211151E-03 -37.14070284E-03
+39.57000E-06 +0.0E+00 -65.28140604E-03
+39.58500E-06 -337.68844604E-03 -8.99999961E-03
+39.60000E-06 -337.68844607E-03 -8.99999962E-03
+39.61500E-06 -253.26633456E-03 -8.99999960E-03
+39.63000E-06 -168.84422299E-03 -37.14070281E-03
+39.64500E-06 +84.42211148E-03 -37.14070282E-03
+39.66000E-06 +84.42211151E-03 -37.14070283E-03
+39.67500E-06 +84.42211151E-03 -65.28140604E-03
+39.69000E-06 -84.42211151E-03 -37.14070283E-03
+39.70500E-06 -422.11055753E-03 +19.14070359E-03
+39.72000E-06 -506.53266904E-03 +19.14070359E-03
+39.73500E-06 -337.68844607E-03 -37.14070281E-03
+39.75000E-06 -84.42211151E-03 +19.14070359E-03
+39.76500E-06 +0.0E+00 -37.14070283E-03
+39.78000E-06 +168.84422302E-03 -37.14070283E-03
+39.79500E-06 +84.42211151E-03 -65.28140604E-03
+39.81000E-06 -84.42211151E-03 -65.28140604E-03
+39.82500E-06 -422.11055753E-03 -8.99999961E-03
+39.84000E-06 -337.68844607E-03 +19.14070359E-03
+39.85500E-06 -337.68844607E-03 -8.99999961E-03
+39.87000E-06 -168.84422302E-03 -8.99999961E-03
+39.88500E-06 +84.42211148E-03 -8.99999961E-03
+39.90000E-06 +168.84422302E-03 -37.14070283E-03
+39.91500E-06 +84.42211151E-03 -65.28140604E-03
+39.93000E-06 -168.84422302E-03 -37.14070283E-03
+39.94500E-06 -422.11055756E-03 +19.14070360E-03
+39.96000E-06 -422.11055756E-03 +19.14070359E-03
+39.97500E-06 -253.26633456E-03 -8.99999960E-03
+39.99000E-06 -84.42211151E-03 -37.14070282E-03
+40.00500E-06 +168.84422302E-03 -37.14070284E-03
+40.02000E-06 +168.84422302E-03 -37.14070283E-03
+40.03500E-06 +84.42211154E-03 -37.14070284E-03
+40.05000E-06 -168.84422302E-03 -37.14070283E-03
+40.06500E-06 -506.53266904E-03 -8.99999960E-03
+40.08000E-06 -422.11055756E-03 +19.14070360E-03
+40.09500E-06 -253.26633456E-03 -8.99999961E-03
+40.11000E-06 -84.42211151E-03 -8.99999961E-03
+40.12500E-06 +84.42211154E-03 -37.14070283E-03
+40.14000E-06 +253.26633453E-03 -65.28140604E-03
+40.15500E-06 +84.42211151E-03 -37.14070284E-03
+40.17000E-06 -253.26633450E-03 -37.14070282E-03
+40.18500E-06 -422.11055756E-03 -8.99999960E-03
+40.20000E-06 -506.53266904E-03 -8.99999960E-03
+40.21500E-06 -337.68844604E-03 -8.99999960E-03
+40.23000E-06 -168.84422299E-03 -8.99999961E-03
+40.24500E-06 +253.26633453E-03 -37.14070283E-03
+40.26000E-06 +253.26633453E-03 -65.28140604E-03
+40.27500E-06 +30E-12 -65.28140604E-03
+40.29000E-06 -168.84422305E-03 -37.14070283E-03
+40.30500E-06 -422.11055756E-03 -8.99999961E-03
+40.32000E-06 -422.11055756E-03 +19.14070359E-03
+40.33500E-06 -253.26633457E-03 -8.99999959E-03
+40.35000E-06 -84.42211151E-03 -37.14070282E-03
+40.36500E-06 +253.26633453E-03 -37.14070283E-03
+40.38000E-06 +253.26633453E-03 -65.28140603E-03
+40.39500E-06 +30E-12 -37.14070284E-03
+40.41000E-06 -168.84422306E-03 -37.14070282E-03
+40.42500E-06 -506.53266907E-03 +19.14070359E-03
+40.44000E-06 -590.95478055E-03 +47.28140680E-03
+40.45500E-06 -253.26633460E-03 -8.99999959E-03
+40.47000E-06 +0.0E+00 -8.99999961E-03
+40.48500E-06 +337.68844604E-03 -37.14070283E-03
+40.50000E-06 +253.26633457E-03 -65.28140604E-03
+40.51500E-06 +30E-12 -65.28140604E-03
+40.53000E-06 -253.26633453E-03 -65.28140603E-03
+40.54500E-06 -506.53266900E-03 -8.99999960E-03
+40.56000E-06 -590.95478058E-03 +19.14070360E-03
+40.57500E-06 -253.26633457E-03 +47.28140680E-03
+40.59000E-06 +0.0E+00 -8.99999961E-03
+40.60500E-06 +253.26633453E-03 -37.14070283E-03
+40.62000E-06 +253.26633457E-03 -65.28140604E-03
+40.63500E-06 +84.42211151E-03 -37.14070284E-03
+40.65000E-06 -337.68844604E-03 -8.99999961E-03
+40.66500E-06 -590.95478054E-03 +19.14070360E-03
+40.68000E-06 -506.53266910E-03 +19.14070362E-03
+40.69500E-06 -253.26633457E-03 -8.99999961E-03
+40.71000E-06 +84.42211148E-03 -37.14070282E-03
+40.72500E-06 +337.68844604E-03 -65.28140604E-03
+40.74000E-06 +253.26633457E-03 -65.28140604E-03
+40.75500E-06 +30E-12 -65.28140604E-03
+40.77000E-06 -422.11055756E-03 -37.14070283E-03
+40.78500E-06 -590.95478061E-03 +47.28140681E-03
+40.80000E-06 -590.95478058E-03 +47.28140681E-03
+40.81500E-06 -253.26633457E-03 -8.99999960E-03
+40.83000E-06 +40E-12 -37.14070282E-03
+40.84500E-06 +337.68844604E-03 -37.14070284E-03
+40.86000E-06 +337.68844604E-03 -93.42210926E-03
+40.87500E-06 +0.0E+00 -37.14070284E-03
+40.89000E-06 -337.68844608E-03 -37.14070283E-03
+40.90500E-06 -675.37689209E-03 +47.28140681E-03
+40.92000E-06 -590.95478058E-03 +47.28140682E-03
+40.93500E-06 -253.26633457E-03 -8.99999960E-03
+40.95000E-06 +168.84422299E-03 -37.14070283E-03
+40.96500E-06 +422.11055756E-03 -65.28140604E-03
+40.98000E-06 +253.26633457E-03 -93.42210925E-03
+40.99500E-06 -84.42211144E-03 -65.28140606E-03
+41.01000E-06 -337.68844608E-03 -8.99999961E-03
+41.02500E-06 -759.79900356E-03 +19.14070360E-03
+41.04000E-06 -675.37689205E-03 +47.28140681E-03
+41.05500E-06 -253.26633453E-03 +19.14070360E-03
+41.07000E-06 +168.84422302E-03 -37.14070283E-03
+41.08500E-06 +506.53266907E-03 -65.28140604E-03
+41.10000E-06 +337.68844608E-03 -93.42210926E-03
+41.11500E-06 +0.0E+00 -37.14070284E-03
+41.13000E-06 -422.11055756E-03 -37.14070282E-03
+41.14500E-06 -675.37689209E-03 +75.42211001E-03
+41.16000E-06 -590.95478058E-03 +47.28140682E-03
+41.17500E-06 -168.84422310E-03 -8.99999960E-03
+41.19000E-06 +253.26633453E-03 -37.14070283E-03
+41.20500E-06 +506.53266907E-03 -65.28140606E-03
+41.22000E-06 +337.68844608E-03 -65.28140604E-03
+41.23500E-06 +0.0E+00 -65.28140604E-03
+41.25000E-06 -506.53266907E-03 -8.99999960E-03
+41.26500E-06 -844.22111507E-03 +47.28140682E-03
+41.28000E-06 -590.95478058E-03 +47.28140682E-03
+41.29500E-06 -168.84422302E-03 +19.14070360E-03
+41.31000E-06 +337.68844604E-03 -37.14070283E-03
+41.32500E-06 +590.95478058E-03 -93.42210925E-03
+41.34000E-06 +506.53266903E-03 -93.42210926E-03
+41.35500E-06 +0.0E+00 -65.28140604E-03
+41.37000E-06 -590.95478058E-03 -8.99999961E-03
+41.38500E-06 -759.79900360E-03 +47.28140682E-03
+41.40000E-06 -675.37689209E-03 +75.42211004E-03
+41.41500E-06 -84.42211159E-03 +19.14070362E-03
+41.43000E-06 +337.68844601E-03 -37.14070283E-03
+41.44500E-06 +675.37689205E-03 -65.28140604E-03
+41.46000E-06 +506.53266907E-03 -93.42210927E-03
+41.47500E-06 -168.84422298E-03 -65.28140606E-03
+41.49000E-06 -675.37689205E-03 -8.99999960E-03
+41.50500E-06 -928.64322662E-03 +75.42211004E-03
+41.52000E-06 -675.37689205E-03 +47.28140682E-03
+41.53500E-06 -80E-12 -8.99999960E-03
+41.55000E-06 +337.68844604E-03 -37.14070283E-03
+41.56500E-06 +675.37689205E-03 -121.56281246E-03
+41.58000E-06 +337.68844608E-03 -121.56281248E-03
+41.59500E-06 -84.42211151E-03 -65.28140604E-03
+41.61000E-06 -675.37689213E-03 -8.99999961E-03
+41.62500E-06 -1.01306533810E+00 +47.28140682E-03
+41.64000E-06 -675.37689209E-03 +47.28140682E-03
+41.65500E-06 -80E-12 -8.99999960E-03
+41.67000E-06 +506.53266903E-03 -37.14070284E-03
+41.68500E-06 +675.37689209E-03 -93.42210926E-03
+41.70000E-06 +337.68844613E-03 -121.56281246E-03
+41.71500E-06 -168.84422302E-03 -65.28140604E-03
+41.73000E-06 -844.22111507E-03 -8.99999960E-03
+41.74500E-06 -1.01306533809E+00 +75.42211002E-03
+41.76000E-06 -675.37689209E-03 +47.28140682E-03
+41.77500E-06 -84.42211155E-03 +19.14070360E-03
+41.79000E-06 +590.95478054E-03 -65.28140604E-03
+41.80500E-06 +759.79900360E-03 -93.42210926E-03
+41.82000E-06 +337.68844609E-03 -93.42210926E-03
+41.83500E-06 -253.26633449E-03 -37.14070284E-03
+41.85000E-06 -844.22111511E-03 -8.99999960E-03
+41.86500E-06 -1.01306533813E+00 +75.42211004E-03
+41.88000E-06 -590.95478062E-03 +75.42211004E-03
+41.89500E-06 +84.42211143E-03 -8.99999959E-03
+41.91000E-06 +590.95478058E-03 -65.28140603E-03
+41.92500E-06 +759.79900364E-03 -121.56281246E-03
+41.94000E-06 +506.53266907E-03 -121.56281248E-03
+41.95500E-06 -253.26633449E-03 -65.28140604E-03
+41.97000E-06 -928.64322658E-03 +19.14070360E-03
+41.98500E-06 -1.01306533818E+00 +75.42211005E-03
+42.00000E-06 -675.37689209E-03 +75.42211004E-03
+42.01500E-06 +84.42211147E-03 -8.99999960E-03
+42.03000E-06 +759.79900356E-03 -93.42210925E-03
+42.04500E-06 +844.22111511E-03 -149.70351568E-03
+42.06000E-06 +337.68844609E-03 -121.56281249E-03
+42.07500E-06 -337.68844604E-03 -37.14070284E-03
+42.09000E-06 -1.01306533813E+00 +19.14070362E-03
+42.10500E-06 -1.09748744965E+00 +103.56281325E-03
+42.12000E-06 -590.95478058E-03 +103.56281325E-03
+42.13500E-06 +168.84422298E-03 +19.14070360E-03
+42.15000E-06 +759.79900360E-03 -93.42210925E-03
+42.16500E-06 +844.22111515E-03 -121.56281248E-03
+42.18000E-06 +337.68844609E-03 -121.56281248E-03
+42.19500E-06 -422.11055751E-03 -65.28140604E-03
+42.21000E-06 -1.01306533813E+00 +47.28140683E-03
+42.22500E-06 -1.18190956111E+00 +131.70351647E-03
+42.24000E-06 -675.37689205E-03 +75.42211005E-03
+42.25500E-06 +253.26633449E-03 -8.99999960E-03
+42.27000E-06 +844.22111516E-03 -93.42210926E-03
+42.28500E-06 +928.64322667E-03 -149.70351569E-03
+42.30000E-06 +337.68844609E-03 -121.56281248E-03
+42.31500E-06 -590.95478049E-03 -8.99999964E-03
+42.33000E-06 -1.18190956116E+00 +47.28140682E-03
+42.34500E-06 -1.18190956116E+00 +131.70351647E-03
+42.36000E-06 -590.95478062E-03 +103.56281324E-03
+42.37500E-06 +168.84422307E-03 -37.14070281E-03
+42.39000E-06 +928.64322662E-03 -121.56281248E-03
+42.40500E-06 +1.01306533813E+00 -149.70351571E-03
+42.42000E-06 +337.68844609E-03 -93.42210928E-03
+42.43500E-06 -590.95478058E-03 -8.99999963E-03
+42.45000E-06 -1.26633167262E+00 +47.28140683E-03
+42.46500E-06 -1.26633167267E+00 +131.70351648E-03
+42.48000E-06 -590.95478062E-03 +103.56281325E-03
+42.49500E-06 +422.11055747E-03 -8.99999961E-03
+42.51000E-06 +1.09748744960E+00 -149.70351566E-03
+42.52500E-06 +1.09748744960E+00 -149.70351569E-03
+42.54000E-06 +253.26633458E-03 -93.42210929E-03
+42.55500E-06 -590.95478058E-03 -8.99999963E-03
+42.57000E-06 -1.35075378418E+00 +75.42211005E-03
+42.58500E-06 -1.26633167267E+00 +103.56281328E-03
+42.60000E-06 -506.53266911E-03 +75.42211004E-03
+42.61500E-06 +506.53266898E-03 -37.14070283E-03
+42.63000E-06 +1.09748744965E+00 -149.70351568E-03
+42.64500E-06 +1.01306533813E+00 -177.84421891E-03
+42.66000E-06 +253.26633458E-03 -121.56281249E-03
+42.67500E-06 -759.79900356E-03 -8.99999963E-03
+42.69000E-06 -1.35075378423E+00 +75.42211004E-03
+42.70500E-06 -1.26633167267E+00 +159.84421968E-03
+42.72000E-06 -506.53266907E-03 +75.42211004E-03
+42.73500E-06 +590.95478053E-03 -37.14070283E-03
+42.75000E-06 +1.26633167267E+00 -149.70351569E-03
+42.76500E-06 +1.09748744965E+00 -177.84421891E-03
+42.78000E-06 +168.84422311E-03 -121.56281249E-03
+42.79500E-06 -928.64322658E-03 -37.14070284E-03
+42.81000E-06 -1.43517589574E+00 +75.42211005E-03
+42.82500E-06 -1.35075378418E+00 +159.84421968E-03
+42.84000E-06 -422.11055760E-03 +103.56281324E-03
+42.85500E-06 +675.37689209E-03 -65.28140603E-03
+42.87000E-06 +1.35075378413E+00 -149.70351569E-03
+42.88500E-06 +1.18190956106E+00 -177.84421893E-03
+42.90000E-06 +168.84422302E-03 -121.56281249E-03
+42.91500E-06 -1.01306533804E+00 -8.99999963E-03
+42.93000E-06 -1.60402011871E+00 +103.56281325E-03
+42.94500E-06 -1.35075378418E+00 +159.84421970E-03
+42.96000E-06 -422.11055756E-03 +103.56281324E-03
+42.97500E-06 +759.79900355E-03 -37.14070283E-03
+42.99000E-06 +1.43517589569E+00 -177.84421891E-03
+43.00500E-06 +1.09748744969E+00 -205.98492213E-03
+43.02000E-06 +84.42211156E-03 -121.56281249E-03
+43.03500E-06 -1.09748744960E+00 +19.14070359E-03
+43.05000E-06 -1.60402011876E+00 +131.70351647E-03
+43.06500E-06 -1.35075378423E+00 +187.98492292E-03
+43.08000E-06 -337.68844604E-03 +103.56281325E-03
+43.09500E-06 +928.64322658E-03 -93.42210925E-03
+43.11000E-06 +1.43517589574E+00 -205.98492213E-03
+43.12500E-06 +1.09748744969E+00 -177.84421893E-03
+43.14000E-06 -84.42211141E-03 -121.56281251E-03
+43.15500E-06 -1.26633167257E+00 +19.14070360E-03
+43.17000E-06 -1.68844223027E+00 +159.84421968E-03
+43.18500E-06 -1.35075378423E+00 +187.98492290E-03
+43.20000E-06 -253.26633458E-03 +103.56281325E-03
+43.21500E-06 +1.01306533809E+00 -65.28140604E-03
+43.23000E-06 +1.60402011871E+00 -205.98492213E-03
+43.24500E-06 +1.09748744969E+00 -205.98492213E-03
+43.26000E-06 -168.84422292E-03 -93.42210928E-03
+43.27500E-06 -1.35075378413E+00 +47.28140679E-03
+43.29000E-06 -1.85728645330E+00 +159.84421970E-03
+43.30500E-06 -1.35075378423E+00 +216.12562610E-03
+43.32000E-06 -168.84422307E-03 +103.56281324E-03
+43.33500E-06 +1.18190956111E+00 -93.42210926E-03
+43.35000E-06 +1.60402011871E+00 -205.98492213E-03
+43.36500E-06 +1.09748744970E+00 -234.12562534E-03
+43.38000E-06 -168.84422297E-03 -93.42210928E-03
+43.39500E-06 -1.43517589569E+00 +47.28140680E-03
+43.41000E-06 -2.02613067632E+00 +187.98492290E-03
+43.42500E-06 -1.35075378428E+00 +216.12562613E-03
+43.44000E-06 -50E-12 +103.56281325E-03
+43.45500E-06 +1.26633167257E+00 -121.56281246E-03
+43.47000E-06 +1.77286434174E+00 -234.12562534E-03
+43.48500E-06 +1.09748744970E+00 -234.12562534E-03
+43.50000E-06 -337.68844594E-03 -121.56281248E-03
+43.51500E-06 -1.60402011866E+00 +75.42211000E-03
+43.53000E-06 -2.02613067627E+00 +187.98492292E-03
+43.54500E-06 -1.35075378423E+00 +244.26632933E-03
+43.56000E-06 +84.42211146E-03 +103.56281324E-03
+43.57500E-06 +1.43517589564E+00 -121.56281246E-03
+43.59000E-06 +1.85728645325E+00 -234.12562536E-03
+43.60500E-06 +1.09748744970E+00 -262.26632856E-03
+43.62000E-06 -337.68844599E-03 -121.56281249E-03
+43.63500E-06 -1.77286434168E+00 +75.42211002E-03
+43.65000E-06 -2.11055278783E+00 +216.12562612E-03
+43.66500E-06 -1.26633167277E+00 +244.26632933E-03
+43.68000E-06 +253.26633448E-03 +103.56281324E-03
+43.69500E-06 +1.51959800715E+00 -149.70351568E-03
+43.71000E-06 +1.85728645325E+00 -290.40703177E-03
+43.72500E-06 +1.01306533819E+00 -262.26632856E-03
+43.74000E-06 -506.53266896E-03 -121.56281248E-03
+43.75500E-06 -1.94170856471E+00 +103.56281322E-03
+43.77000E-06 -2.19497489934E+00 +244.26632933E-03
+43.78500E-06 -1.35075378418E+00 +216.12562613E-03
+43.80000E-06 +337.68844594E-03 +103.56281323E-03
+43.81500E-06 +1.77286434163E+00 -149.70351569E-03
+43.83000E-06 +1.94170856476E+00 -290.40703176E-03
+43.84500E-06 +1.01306533819E+00 -290.40703176E-03
+43.86000E-06 -590.95478053E-03 -93.42210928E-03
+43.87500E-06 -1.94170856476E+00 +131.70351645E-03
+43.89000E-06 -2.36381912231E+00 +244.26632935E-03
+43.90500E-06 -1.18190956126E+00 +244.26632933E-03
+43.92000E-06 +422.11055750E-03 +47.28140684E-03
+43.93500E-06 +1.77286434168E+00 -177.84421889E-03
+43.95000E-06 +2.02613067632E+00 -318.54773499E-03
+43.96500E-06 +928.64322673E-03 -290.40703177E-03
+43.98000E-06 -759.79900350E-03 -93.42210926E-03
+43.99500E-06 -2.11055278773E+00 +131.70351645E-03
+44.01000E-06 -2.36381912237E+00 +272.40703255E-03
+44.02500E-06 -1.26633167267E+00 +216.12562615E-03
+44.04000E-06 +590.95478047E-03 +47.28140682E-03
+44.05500E-06 +2.02613067616E+00 -205.98492211E-03
+44.07000E-06 +2.11055278778E+00 -318.54773499E-03
+44.08500E-06 +928.64322668E-03 -290.40703177E-03
+44.10000E-06 -928.64322652E-03 -65.28140606E-03
+44.11500E-06 -2.36381912226E+00 +159.84421967E-03
+44.13000E-06 -2.36381912237E+00 +272.40703257E-03
+44.14500E-06 -1.18190956121E+00 +244.26632935E-03
+44.16000E-06 +759.79900349E-03 +19.14070360E-03
+44.17500E-06 +2.11055278773E+00 -205.98492213E-03
+44.19000E-06 +2.11055278783E+00 -346.68843821E-03
+44.20500E-06 +844.22111522E-03 -262.26632859E-03
+44.22000E-06 -1.09748744954E+00 -65.28140604E-03
+44.23500E-06 -2.36381912237E+00 +187.98492288E-03
+44.25000E-06 -2.44824123393E+00 +300.54773578E-03
+44.26500E-06 -1.09748744975E+00 +244.26632935E-03
+44.28000E-06 +928.64322651E-03 +47.28140680E-03
+44.29500E-06 +2.27939701080E+00 -262.26632852E-03
+44.31000E-06 +2.27939701086E+00 -374.82914142E-03
+44.32500E-06 +759.79900371E-03 -262.26632859E-03
+44.34000E-06 -1.18190956110E+00 -37.14070285E-03
+44.35500E-06 -2.61708545685E+00 +216.12562610E-03
+44.37000E-06 -2.53266334539E+00 +328.68843900E-03
+44.38500E-06 -1.01306533819E+00 +272.40703255E-03
+44.40000E-06 +1.09748744954E+00 +19.14070359E-03
+44.41500E-06 +2.44824123377E+00 -262.26632856E-03
+44.43000E-06 +2.27939701080E+00 -374.82914142E-03
+44.44500E-06 +675.37689220E-03 -290.40703177E-03
+44.46000E-06 -1.35075378418E+00 -37.14070283E-03
+44.47500E-06 -2.78592967982E+00 +272.40703251E-03
+44.49000E-06 -2.53266334539E+00 +356.82914220E-03
+44.50500E-06 -844.22111528E-03 +244.26632933E-03
+44.52000E-06 +1.26633167261E+00 -37.14070281E-03
+44.53500E-06 +2.70150756825E+00 -290.40703176E-03
+44.55000E-06 +2.27939701086E+00 -402.96984464E-03
+44.56500E-06 +675.37689215E-03 -290.40703179E-03
+44.58000E-06 -1.60402011860E+00 -8.99999963E-03
+44.59500E-06 -2.95477390284E+00 +272.40703251E-03
+44.61000E-06 -2.53266334539E+00 +356.82914222E-03
+44.62500E-06 -759.79900371E-03 +244.26632935E-03
+44.64000E-06 +1.43517589558E+00 -37.14070283E-03
+44.65500E-06 +2.70150756836E+00 -318.54773497E-03
+44.67000E-06 +2.27939701092E+00 -402.96984466E-03
+44.68500E-06 +506.53266912E-03 -290.40703179E-03
+44.70000E-06 -1.68844223022E+00 +19.14070358E-03
+44.71500E-06 -3.03919601440E+00 +300.54773573E-03
+44.73000E-06 -2.61708545691E+00 +384.96984541E-03
+44.74500E-06 -675.37689215E-03 +216.12562616E-03
+44.76000E-06 +1.68844223011E+00 -37.14070285E-03
+44.77500E-06 +2.87035179132E+00 -346.68843819E-03
+44.79000E-06 +2.36381912237E+00 -431.11054786E-03
+44.80500E-06 +253.26633471E-03 -262.26632860E-03
+44.82000E-06 -2.02613067615E+00 +19.14070358E-03
+44.83500E-06 -3.20804023737E+00 +328.68843896E-03
+44.85000E-06 -2.61708545691E+00 +384.96984543E-03
+44.86500E-06 -506.53266918E-03 +216.12562616E-03
+44.88000E-06 +1.85728645319E+00 -65.28140604E-03
+44.89500E-06 +3.03919601435E+00 -374.82914140E-03
+44.91000E-06 +2.36381912237E+00 -459.25125105E-03
+44.92500E-06 +168.84422314E-03 -262.26632858E-03
+44.94000E-06 -2.19497489918E+00 +47.28140680E-03
+44.95500E-06 -3.37688446039E+00 +328.68843896E-03
+44.97000E-06 -2.53266334545E+00 +413.11054865E-03
+44.98500E-06 -422.11055767E-03 +216.12562614E-03
+45.00000E-06 +2.02613067615E+00 -93.42210926E-03
+45.01500E-06 +3.12361812586E+00 -402.96984464E-03
+45.03000E-06 +2.27939701092E+00 -459.25125107E-03
+45.04500E-06 +120E-12 -262.26632860E-03
+45.06000E-06 -2.44824123371E+00 +75.42211002E-03
+45.07500E-06 -3.46130657196E+00 +356.82914218E-03
+45.09000E-06 -2.61708545697E+00 +441.25125187E-03
+45.10500E-06 -168.84422314E-03 +244.26632935E-03
+45.12000E-06 +2.27939701074E+00 -121.56281248E-03
+45.13500E-06 +3.29246234894E+00 -431.11054784E-03
+45.15000E-06 +2.27939701092E+00 -487.39195427E-03
+45.16500E-06 -168.84422290E-03 -262.26632856E-03
+45.18000E-06 -2.53266334528E+00 +103.56281323E-03
+45.19500E-06 -3.63015079498E+00 +384.96984539E-03
+45.21000E-06 -2.53266334546E+00 +441.25125187E-03
+45.22500E-06 -180E-12 +216.12562616E-03
+45.24000E-06 +2.44824123377E+00 -177.84421889E-03
+45.25500E-06 +3.37688446045E+00 -459.25125107E-03
+45.27000E-06 +2.11055278796E+00 -515.53265750E-03
+45.28500E-06 -337.68844592E-03 -234.12562536E-03
+45.30000E-06 -2.78592967981E+00 +131.70351645E-03
+45.31500E-06 -3.79899501795E+00 +413.11054861E-03
+45.33000E-06 -2.44824123395E+00 +441.25125187E-03
+45.34500E-06 +84.42211145E-03 +216.12562614E-03
+45.36000E-06 +2.61708545673E+00 -177.84421891E-03
+45.37500E-06 +3.54572868341E+00 -487.39195427E-03
+45.39000E-06 +2.19497489941E+00 -515.53265750E-03
+45.40500E-06 -422.11055743E-03 -262.26632856E-03
+45.42000E-06 -2.95477390283E+00 +159.84421966E-03
+45.43500E-06 -3.79899501801E+00 +469.39195506E-03
+45.45000E-06 -2.36381912244E+00 +469.39195508E-03
+45.46500E-06 +337.68844592E-03 +216.12562614E-03
+45.48000E-06 +2.95477390277E+00 -234.12562530E-03
+45.49500E-06 +3.63015079498E+00 -543.67336070E-03
+45.51000E-06 +2.11055278790E+00 -543.67336072E-03
+45.52500E-06 -759.79900342E-03 -205.98492217E-03
+45.54000E-06 -3.37688446033E+00 +187.98492290E-03
+45.55500E-06 -3.88341712952E+00 +469.39195506E-03
+45.57000E-06 -2.36381912238E+00 +497.53265830E-03
+45.58500E-06 +506.53266901E-03 +216.12562612E-03
+45.60000E-06 +3.12361812585E+00 -262.26632854E-03
+45.61500E-06 +3.71457290649E+00 -543.67336072E-03
+45.63000E-06 +2.02613067633E+00 -543.67336072E-03
+45.64500E-06 -928.64322650E-03 -205.98492215E-03
+45.66000E-06 -3.46130657190E+00 +244.26632929E-03
+45.67500E-06 -3.96783924109E+00 +525.67336150E-03
+45.69000E-06 -2.27939701087E+00 +497.53265830E-03
+45.70500E-06 +844.22111493E-03 +187.98492292E-03
+45.72000E-06 +3.29246234881E+00 -290.40703175E-03
+45.73500E-06 +3.88341712939E+00 -599.95476711E-03
+45.75000E-06 +1.85728645350E+00 -571.81406394E-03
+45.76500E-06 -1.18190956097E+00 -177.84421893E-03
+45.78000E-06 -3.71457290643E+00 +272.40703251E-03
+45.79500E-06 -4.13668346405E+00 +553.81406469E-03
+45.81000E-06 -2.11055278797E+00 +497.53265830E-03
+45.82500E-06 +928.64322656E-03 +131.70351651E-03
+45.84000E-06 +3.54572868335E+00 -318.54773499E-03
+45.85500E-06 +3.88341712952E+00 -628.09547035E-03
+45.87000E-06 +1.77286434186E+00 -543.67336074E-03
+45.88500E-06 -1.43517589550E+00 -177.84421893E-03
+45.90000E-06 -3.88341712945E+00 +300.54773574E-03
+45.91500E-06 -4.13668346411E+00 +581.95476791E-03
+45.93000E-06 -1.94170856489E+00 +497.53265830E-03
+45.94500E-06 +1.26633167248E+00 +131.70351649E-03
+45.96000E-06 +3.71457290649E+00 -346.68843819E-03
+45.97500E-06 +3.88341712964E+00 -656.23617356E-03
+45.99000E-06 +1.68844223035E+00 -571.81406396E-03
+46.00500E-06 -1.68844223003E+00 -177.84421891E-03
+46.02000E-06 -4.05226135247E+00 +328.68843896E-03
+46.03500E-06 -4.22110557563E+00 +638.23617432E-03
+46.05000E-06 -1.77286434193E+00 +497.53265832E-03
+46.06500E-06 +1.51959800701E+00 +131.70351649E-03
+46.08000E-06 +3.88341712952E+00 -402.96984462E-03
+46.09500E-06 +3.96783924109E+00 -656.23617359E-03
+46.11000E-06 +1.51959800733E+00 -543.67336074E-03
+46.12500E-06 -1.94170856456E+00 -93.42210930E-03
+46.14000E-06 -4.30552768701E+00 +384.96984537E-03
+46.15500E-06 -4.22110557563E+00 +638.23617434E-03
+46.17000E-06 -1.68844223035E+00 +497.53265832E-03
+46.18500E-06 +1.85728645305E+00 +75.42211006E-03
+46.20000E-06 +4.13668346399E+00 -459.25125105E-03
+46.21500E-06 +4.05226135247E+00 -712.51758000E-03
+46.23000E-06 +1.26633167286E+00 -543.67336074E-03
+46.24500E-06 -2.19497489916E+00 -65.28140611E-03
+46.26000E-06 -4.55879402148E+00 +413.11054856E-03
+46.27500E-06 -4.22110557569E+00 +694.51758077E-03
+46.29000E-06 -1.51959800740E+00 +497.53265830E-03
+46.30500E-06 +2.11055278758E+00 +47.28140686E-03
+46.32000E-06 +4.30552768701E+00 -487.39195427E-03
+46.33500E-06 +4.05226135254E+00 -740.65828321E-03
+46.35000E-06 +1.18190956136E+00 -571.81406394E-03
+46.36500E-06 -2.44824123369E+00 -65.28140609E-03
+46.38000E-06 -4.64321613312E+00 +469.39195504E-03
+46.39500E-06 -4.22110557563E+00 +722.65828396E-03
+46.41000E-06 -1.26633167287E+00 +497.53265832E-03
+46.42500E-06 +2.36381912212E+00 +19.14070363E-03
+46.44000E-06 +4.55879402147E+00 -515.53265748E-03
+46.45500E-06 +4.05226135254E+00 -740.65828326E-03
+46.47000E-06 +928.64322682E-03 -543.67336074E-03
+46.48500E-06 -2.78592967974E+00 -8.99999966E-03
+46.50000E-06 -4.81206035614E+00 +525.67336145E-03
+46.51500E-06 -4.13668346418E+00 +722.65828401E-03
+46.53000E-06 -1.01306533834E+00 +525.67336152E-03
+46.54500E-06 +2.61708545665E+00 -8.99999961E-03
+46.56000E-06 +4.72763824456E+00 -571.81406391E-03
+46.57500E-06 +3.88341712958E+00 -796.93968967E-03
+46.59000E-06 +675.37689229E-03 -543.67336074E-03
+46.60500E-06 -3.03919601427E+00 -8.99999966E-03
+46.62000E-06 -5.06532669061E+00 +525.67336147E-03
+46.63500E-06 -4.13668346419E+00 +750.79898722E-03
+46.65000E-06 -844.22111532E-03 +469.39195511E-03
+46.66500E-06 +2.95477390269E+00 -65.28140600E-03
+46.68000E-06 +4.89648246758E+00 -599.95476713E-03
+46.69500E-06 +3.88341712958E+00 -825.08039288E-03
+46.71000E-06 +422.11055783E-03 -543.67336074E-03
+46.72500E-06 -3.29246234880E+00 +47.28140677E-03
+46.74000E-06 -5.14974880219E+00 +581.95476790E-03
+46.75500E-06 -4.05226135268E+00 +750.79898722E-03
+46.77000E-06 -590.95478078E-03 +469.39195511E-03
+46.78500E-06 +3.20804023729E+00 -93.42210924E-03
+46.80000E-06 +5.06532669061E+00 -628.09547037E-03
+46.81500E-06 +3.71457290670E+00 -825.08039288E-03
+46.83000E-06 +168.84422330E-03 -515.53265753E-03
+46.84500E-06 -3.63015079478E+00 +75.42211001E-03
+46.86000E-06 -5.40301513672E+00 +638.23617434E-03
+46.87500E-06 -4.05226135268E+00 +778.93969044E-03
+46.89000E-06 -253.26633474E-03 +441.25125192E-03
+46.90500E-06 +3.46130657175E+00 -121.56281245E-03
+46.92000E-06 +5.14974880219E+00 -684.37687680E-03
+46.93500E-06 +3.71457290663E+00 -853.22109610E-03
+46.95000E-06 +210E-12 -543.67336072E-03
+46.96500E-06 -3.79899501787E+00 +131.70351645E-03
+46.98000E-06 -5.40301513672E+00 +666.37687755E-03
+46.99500E-06 -3.79899501821E+00 +807.08039366E-03
+47.01000E-06 -280E-12 +413.11054870E-03
+47.02500E-06 +3.79899501780E+00 -205.98492210E-03
+47.04000E-06 +5.31859302514E+00 -712.51757999E-03
+47.05500E-06 +3.63015079512E+00 -881.36179931E-03
+47.07000E-06 -337.68844576E-03 -487.39195431E-03
+47.08500E-06 -4.13668346391E+00 +159.84421966E-03
+47.10000E-06 -5.57185935974E+00 +722.65828399E-03
+47.11500E-06 -3.79899501815E+00 +835.22109685E-03
+47.13000E-06 +168.84422281E-03 +413.11054868E-03
+47.14500E-06 +3.96783924089E+00 -234.12562530E-03
+47.16000E-06 +5.31859302521E+00 -768.79898645E-03
+47.17500E-06 +3.46130657217E+00 -909.50250253E-03
+47.19000E-06 -675.37689174E-03 -431.11054790E-03
+47.20500E-06 -4.38994979844E+00 +216.12562607E-03
+47.22000E-06 -5.65628147132E+00 +750.79898720E-03
+47.23500E-06 -3.63015079512E+00 +835.22109687E-03
+47.25000E-06 +590.95478029E-03 +384.96984549E-03
+47.26500E-06 +4.30552768686E+00 -262.26632853E-03
+47.28000E-06 +5.40301513679E+00 -796.93968967E-03
+47.29500E-06 +3.29246234915E+00 -909.50250253E-03
+47.31000E-06 -928.64322634E-03 -431.11054790E-03
+47.32500E-06 -4.72763824441E+00 +272.40703250E-03
+47.34000E-06 -5.82512569427E+00 +778.93969044E-03
+47.35500E-06 -3.54572868361E+00 +835.22109687E-03
+47.37000E-06 +759.79900339E-03 +356.82914225E-03
+47.38500E-06 +4.55879402139E+00 -318.54773497E-03
+47.40000E-06 +5.48743724830E+00 -853.22109610E-03
+47.41500E-06 +3.03919601462E+00 -909.50250255E-03
+47.43000E-06 -1.26633167238E+00 -402.96984469E-03
+47.44500E-06 -4.89648246758E+00 +328.68843893E-03
+47.46000E-06 -5.74070358284E+00 +863.36180004E-03
+47.47500E-06 -3.29246234915E+00 +863.36180007E-03
+47.49000E-06 +1.18190956094E+00 +328.68843903E-03
+47.50500E-06 +4.81206035600E+00 -346.68843821E-03
+47.52000E-06 +5.48743724837E+00 -909.50250251E-03
+47.53500E-06 +2.95477390311E+00 -909.50250253E-03
+47.55000E-06 -1.60402011842E+00 -374.82914147E-03
+47.56500E-06 -5.14974880211E+00 +356.82914215E-03
+47.58000E-06 -5.90954780579E+00 +891.50250328E-03
+47.59500E-06 -3.12361812613E+00 +863.36180011E-03
+47.61000E-06 +1.43517589540E+00 +300.54773581E-03
+47.62500E-06 +5.06532669053E+00 -431.11054781E-03
+47.64000E-06 +5.57185935989E+00 -937.64320575E-03
+47.65500E-06 +2.70150756858E+00 -909.50250256E-03
+47.67000E-06 -1.85728645295E+00 -318.54773504E-03
+47.68500E-06 -5.48743724801E+00 +413.11054861E-03
+47.70000E-06 -5.90954780571E+00 +919.64320650E-03
+47.71500E-06 -2.87035179160E+00 +863.36180009E-03
+47.73000E-06 +1.77286434151E+00 +244.26632943E-03
+47.74500E-06 +5.23417091362E+00 -487.39195424E-03
+47.76000E-06 +5.65628147125E+00 -993.92461215E-03
+47.77500E-06 +2.36381912261E+00 -937.64320575E-03
+47.79000E-06 -2.11055278756E+00 -290.40703180E-03
+47.80500E-06 -5.65628147110E+00 +469.39195504E-03
+47.82000E-06 -5.82512569435E+00 +947.78390971E-03
+47.83500E-06 -2.53266334563E+00 +863.36180009E-03
+47.85000E-06 +2.11055278748E+00 +216.12562619E-03
+47.86500E-06 +5.48743724816E+00 -543.67336067E-03
+47.88000E-06 +5.57185935989E+00 -1.02206531537E+00
+47.89500E-06 +2.19497489959E+00 -909.50250256E-03
+47.91000E-06 -2.53266334504E+00 -234.12562542E-03
+47.92500E-06 -5.90954780556E+00 +525.67336145E-03
+47.94000E-06 -5.74070358291E+00 +975.92461295E-03
+47.95500E-06 -2.36381912261E+00 +835.22109690E-03
+47.97000E-06 +2.44824123353E+00 +187.98492295E-03
+47.98500E-06 +5.65628147118E+00 -571.81406391E-03
+48.00000E-06 +5.57185935982E+00 -1.05020601861E+00
+48.01500E-06 +1.94170856506E+00 -909.50250253E-03
+48.03000E-06 -2.87035179108E+00 -205.98492220E-03
+48.04500E-06 -5.99396991722E+00 +581.95476788E-03
+48.06000E-06 -5.74070358284E+00 +1.03220601936E+00
+48.07500E-06 -2.11055278793E+00 +835.22109690E-03
+48.09000E-06 +2.87035179108E+00 +131.70351654E-03
+48.10500E-06 +5.90954780563E+00 -628.09547034E-03
+48.12000E-06 +5.40301513687E+00 -1.07834672183E+00
+48.13500E-06 +1.68844223045E+00 -881.36179937E-03
+48.15000E-06 -3.29246234856E+00 -177.84421896E-03
+48.16500E-06 -6.16281414024E+00 +638.23617431E-03
+48.18000E-06 -5.65628147140E+00 +1.06034672258E+00
+48.19500E-06 -1.85728645348E+00 +835.22109690E-03
+48.21000E-06 +3.12361812561E+00 +75.42211011E-03
+48.22500E-06 +6.07839202866E+00 -684.37687678E-03
+48.24000E-06 +5.40301513687E+00 -1.10648742504E+00
+48.25500E-06 +1.35075378441E+00 -881.36179934E-03
+48.27000E-06 -3.54572868317E+00 -121.56281253E-03
+48.28500E-06 -6.33165836334E+00 +694.51758074E-03
+48.30000E-06 -5.57185935989E+00 +1.08848742579E+00
+48.31500E-06 -1.51959800751E+00 +807.08039371E-03
+48.33000E-06 +3.46130657165E+00 +19.14070368E-03
+48.34500E-06 +6.16281414024E+00 -768.79898642E-03
+48.36000E-06 +5.23417091385E+00 -1.13462812826E+00
+48.37500E-06 +1.09748744988E+00 -853.22109612E-03
+48.39000E-06 -3.88341712921E+00 -93.42210929E-03
+48.40500E-06 -6.50050258629E+00 +722.65828398E-03
+48.42000E-06 -5.48743724846E+00 +1.08848742582E+00
+48.43500E-06 -1.18190956147E+00 +807.08039366E-03
+48.45000E-06 +3.71457290626E+00 -8.99999951E-03
+48.46500E-06 +6.33165836326E+00 -768.79898642E-03
+48.48000E-06 +5.06532669083E+00 -1.16276883148E+00
+48.49500E-06 +675.37689248E-03 -825.08039293E-03
+48.51000E-06 -4.22110557525E+00 -37.14070288E-03
+48.52500E-06 -6.58492469788E+00 +807.08039363E-03
+48.54000E-06 -5.31859302536E+00 +1.14476883223E+00
+48.55500E-06 -844.22111535E-03 +778.93969047E-03
+48.57000E-06 +4.05226135230E+00 -65.28140597E-03
+48.58500E-06 +6.41608047485E+00 -853.22109605E-03
+48.60000E-06 +5.06532669083E+00 -1.19090953467E+00
+48.61500E-06 +422.11055787E-03 -796.93968972E-03
+48.63000E-06 -4.38994979835E+00 +47.28140677E-03
+48.64500E-06 -6.66934680947E+00 +863.36180004E-03
+48.66000E-06 -5.14974880242E+00 +1.14476883225E+00
+48.67500E-06 -506.53266938E-03 +750.79898722E-03
+48.69000E-06 +4.38994979835E+00 -121.56281240E-03
+48.70500E-06 +6.50050258636E+00 -881.36179931E-03
+48.72000E-06 +4.81206035638E+00 -1.19090953469E+00
+48.73500E-06 +84.42211183E-03 -768.79898650E-03
+48.75000E-06 -4.72763824439E+00 +75.42210998E-03
+48.76500E-06 -6.75376892090E+00 +891.50250325E-03
+48.78000E-06 -4.89648246789E+00 +1.17290953547E+00
+48.79500E-06 -168.84422342E-03 +722.65828404E-03
+48.81000E-06 +4.64321613288E+00 -205.98492202E-03
+48.82500E-06 +6.58492469796E+00 -937.64320572E-03
+48.84000E-06 +4.64321613328E+00 -1.21905023791E+00
+48.85500E-06 -253.26633421E-03 -740.65828329E-03
+48.87000E-06 -4.98090457900E+00 +131.70351642E-03
+48.88500E-06 -6.92261314384E+00 +947.78390968E-03
+48.90000E-06 -4.81206035630E+00 +1.20105023866E+00
+48.91500E-06 +84.42211127E-03 +694.51758082E-03
+48.93000E-06 +4.89648246733E+00 -234.12562524E-03
+48.94500E-06 +6.66934680939E+00 -1.02206531534E+00
+48.96000E-06 +4.38994979883E+00 -1.19090953475E+00
+48.97500E-06 -590.95478026E-03 -712.51758004E-03
+48.99000E-06 -5.31859302489E+00 +216.12562606E-03
+49.00500E-06 -6.92261314392E+00 +975.92461295E-03
+49.02000E-06 -4.38994979891E+00 +1.17290953547E+00
+49.03500E-06 +506.53266874E-03 +638.23617439E-03
+49.05000E-06 +5.14974880194E+00 -318.54773488E-03
+49.06500E-06 +6.66934680947E+00 -1.05020601858E+00
+49.08000E-06 +4.05226135286E+00 -1.21905023794E+00
+49.09500E-06 -928.64322630E-03 -684.37687683E-03
+49.11000E-06 -5.57185935950E+00 +272.40703247E-03
+49.12500E-06 -6.92261314392E+00 +1.03220601933E+00
+49.14000E-06 -4.22110557589E+00 +1.17290953547E+00
+49.15500E-06 +928.64322630E-03 +610.09547117E-03
+49.17000E-06 +5.40301513656E+00 -374.82914131E-03
+49.18500E-06 +6.66934680939E+00 -1.10648742502E+00
+49.20000E-06 +3.79899501841E+00 -1.21905023794E+00
+49.21500E-06 -1.26633167242E+00 -628.09547042E-03
+49.23000E-06 -5.82512569403E+00 +328.68843893E-03
+49.24500E-06 -6.92261314400E+00 +1.08848742576E+00
+49.26000E-06 -3.88341712993E+00 +1.17290953547E+00
+49.27500E-06 +1.26633167234E+00 +553.81406474E-03
+49.29000E-06 +5.57185935958E+00 -431.11054775E-03
+49.30500E-06 +6.66934680947E+00 -1.13462812823E+00
+49.32000E-06 +3.63015079531E+00 -1.19090953475E+00
+49.33500E-06 -1.68844222981E+00 -599.95476718E-03
+49.35000E-06 -6.07839202848E+00 +384.96984533E-03
+49.36500E-06 -6.83819103249E+00 +1.11662812901E+00
+49.38000E-06 -3.71457290683E+00 +1.20105023866E+00
+49.39500E-06 +1.68844222989E+00 +497.53265833E-03
+49.41000E-06 +5.90954780562E+00 -487.39195420E-03
+49.42500E-06 +6.58492469796E+00 -1.19090953467E+00
+49.44000E-06 +3.29246234927E+00 -1.19090953475E+00
+49.45500E-06 -2.02613067602E+00 -515.53265759E-03
+49.47000E-06 -6.24723625166E+00 +441.25125182E-03
+49.48500E-06 -6.83819103241E+00 +1.14476883225E+00
+49.50000E-06 -3.37688446078E+00 +1.17290953550E+00
+49.51500E-06 +2.02613067585E+00 +469.39195509E-03
+49.53000E-06 +6.07839202856E+00 -543.67336061E-03
+49.54500E-06 +6.50050258645E+00 -1.21905023788E+00
+49.56000E-06 +2.95477390323E+00 -1.19090953472E+00
+49.57500E-06 -2.44824123349E+00 -487.39195434E-03
+49.59000E-06 -6.33165836326E+00 +497.53265822E-03
+49.60500E-06 -6.66934680947E+00 +1.20105023866E+00
+49.62000E-06 -3.03919601483E+00 +1.17290953547E+00
+49.63500E-06 +2.36381912189E+00 +413.11054869E-03
+49.65000E-06 +6.16281414024E+00 -599.95476707E-03
+49.66500E-06 +6.41608047494E+00 -1.24719094110E+00
+49.68000E-06 +2.61708545719E+00 -1.19090953472E+00
+49.69500E-06 -2.70150756802E+00 -431.11054791E-03
+49.71000E-06 -6.50050258628E+00 +581.95476787E-03
+49.72500E-06 -6.50050258653E+00 +1.22919094187E+00
+49.74000E-06 -2.78592968021E+00 +1.17290953547E+00
+49.75500E-06 +2.61708545651E+00 +328.68843904E-03
+49.77000E-06 +6.33165836317E+00 -656.23617350E-03
+49.78500E-06 +6.24723625200E+00 -1.27533164431E+00
+49.80000E-06 +2.27939701123E+00 -1.16276883153E+00
+49.81500E-06 -3.12361812557E+00 -374.82914148E-03
+49.83000E-06 -6.75376892073E+00 +638.23617430E-03
+49.84500E-06 -6.50050258645E+00 +1.25733164512E+00
+49.86000E-06 -2.36381912266E+00 +1.14476883225E+00
+49.87500E-06 +2.95477390255E+00 +300.54773579E-03
+49.89000E-06 +6.50050258628E+00 -740.65828315E-03
+49.90500E-06 +6.07839202898E+00 -1.33161305075E+00
+49.92000E-06 +2.02613067661E+00 -1.16276883151E+00
+49.93500E-06 -3.37688446019E+00 -318.54773505E-03
+49.95000E-06 -6.75376892081E+00 +694.51758073E-03
+49.96500E-06 -6.16281414058E+00 +1.28547234830E+00
+49.98000E-06 -2.11055278804E+00 +1.08848742585E+00
+49.99500E-06 +3.37688446010E+00 +216.12562617E-03
+50.01000E-06 +6.58492469779E+00 -796.93968955E-03
+50.02500E-06 +5.90954780596E+00 -1.33161305077E+00
+50.04000E-06 +1.60402011915E+00 -1.10648742507E+00
+50.05500E-06 -3.71457290623E+00 -262.26632859E-03
+50.07000E-06 -6.92261314383E+00 +750.79898717E-03
+50.08500E-06 -6.07839202898E+00 +1.28547234830E+00
+50.10000E-06 -1.68844223057E+00 +1.08848742585E+00
+50.11500E-06 +3.63015079464E+00 +216.12562615E-03
+50.13000E-06 +6.66934680930E+00 -825.08039280E-03
+50.14500E-06 +5.74070358294E+00 -1.35975375396E+00
+50.16000E-06 +1.18190956168E+00 -1.07834672186E+00
+50.17500E-06 -3.96783924085E+00 -205.98492218E-03
+50.19000E-06 -7.00703525526E+00 +807.08039360E-03
+50.20500E-06 -5.90954780596E+00 +1.31361305155E+00
+50.22000E-06 -1.43517589604E+00 +1.03220601942E+00
+50.23500E-06 +3.96783924068E+00 +103.56281331E-03
+50.25000E-06 +6.75376892081E+00 -909.50250241E-03
+50.26500E-06 +5.48743724841E+00 -1.38789445718E+00
+50.28000E-06 +928.64322697E-03 -1.05020601870E+00
+50.29500E-06 -4.30552768681E+00 -149.70351575E-03
+50.31000E-06 -7.00703525543E+00 +863.36180003E-03
+50.32500E-06 -5.74070358294E+00 +1.31361305155E+00
+50.34000E-06 -1.01306533849E+00 +975.92461301E-03
+50.35500E-06 +4.22110557521E+00 +47.28140688E-03
+50.37000E-06 +6.75376892081E+00 -965.78390890E-03
+50.38500E-06 +5.23417091396E+00 -1.38789445718E+00
+50.40000E-06 +590.95478093E-03 -1.02206531545E+00
+50.41500E-06 -4.64321613267E+00 -65.28140613E-03
+50.43000E-06 -7.00703525534E+00 +919.64320646E-03
+50.44500E-06 -5.48743724832E+00 +1.34175375479E+00
+50.46000E-06 -590.95478111E-03 +975.92461301E-03
+50.47500E-06 +4.38994979832E+00 +19.14070363E-03
+50.49000E-06 +6.66934680939E+00 -1.02206531531E+00
+50.50500E-06 +4.98090457934E+00 -1.38789445721E+00
+50.52000E-06 +168.84422338E-03 -993.92461221E-03
+50.53500E-06 -4.81206035587E+00 +19.14070348E-03
+50.55000E-06 -7.09145736685E+00 +975.92461289E-03
+50.56500E-06 -5.14974880236E+00 +1.34175375474E+00
+50.58000E-06 -253.26633489E-03 +919.64320655E-03
+50.59500E-06 +4.64321613285E+00 -93.42210920E-03
+50.61000E-06 +6.66934680939E+00 -1.05020601852E+00
+50.62500E-06 +4.72763824490E+00 -1.38789445721E+00
+50.64000E-06 -168.84422248E-03 -965.78390899E-03
+50.65500E-06 -5.06532669040E+00 +47.28140676E-03
+50.67000E-06 -7.00703525534E+00 +1.00406531608E+00
+50.68500E-06 -4.81206035641E+00 +1.34175375479E+00
+50.70000E-06 +84.42211115E-03 +863.36180015E-03
+50.71500E-06 +4.89648246747E+00 -149.70351560E-03
+50.73000E-06 +6.66934680939E+00 -1.10648742495E+00
+50.74500E-06 +4.47437191037E+00 -1.38789445718E+00
+50.76000E-06 -506.53266870E-03 -881.36179941E-03
+50.77500E-06 -5.23417091342E+00 +131.70351638E-03
+50.79000E-06 -7.00703525534E+00 +1.06034672251E+00
+50.80500E-06 -4.55879402197E+00 +1.34175375476E+00
+50.82000E-06 +422.11055719E-03 +807.08039372E-03
+50.83500E-06 +5.14974880191E+00 -177.84421885E-03
+50.85000E-06 +6.58492469788E+00 -1.16276883136E+00
+50.86500E-06 +4.13668346432E+00 -1.35975375399E+00
+50.88000E-06 -844.22111466E-03 -825.08039297E-03
+50.89500E-06 -5.40301513654E+00 +187.98492281E-03
+50.91000E-06 -6.83819103250E+00 +1.08848742579E+00
+50.92500E-06 -4.30552768744E+00 +1.31361305161E+00
+50.94000E-06 +759.79900323E-03 +750.79898729E-03
+50.95500E-06 +5.23417091351E+00 -262.26632850E-03
+50.97000E-06 +6.58492469778E+00 -1.16276883142E+00
+50.98500E-06 +3.88341712988E+00 -1.38789445718E+00
+51.00000E-06 -1.18190956079E+00 -796.93968973E-03
+51.01500E-06 -5.65628147098E+00 +244.26632924E-03
+51.03000E-06 -6.75376892090E+00 +1.14476883219E+00
+51.04500E-06 -3.96783924130E+00 +1.31361305158E+00
+51.06000E-06 +1.01306533786E+00 +722.65828407E-03
+51.07500E-06 +5.40301513653E+00 -318.54773493E-03
+51.09000E-06 +6.33165836343E+00 -1.21905023782E+00
+51.10500E-06 +3.54572868375E+00 -1.33161305080E+00
+51.12000E-06 -1.51959800683E+00 -712.51758011E-03
+51.13500E-06 -5.74070358258E+00 +300.54773570E-03
+51.15000E-06 -6.58492469788E+00 +1.14476883219E+00
+51.16500E-06 -3.63015079535E+00 +1.31361305158E+00
+51.18000E-06 +1.43517589541E+00 +666.37687764E-03
+51.19500E-06 +5.57185935946E+00 -374.82914136E-03
+51.21000E-06 +6.24723625192E+00 -1.24719094103E+00
+51.22500E-06 +3.12361812638E+00 -1.35975375399E+00
+51.24000E-06 -1.85728645278E+00 -684.37687686E-03
+51.25500E-06 -5.90954780560E+00 +328.68843895E-03
+51.27000E-06 -6.41608047495E+00 +1.17290953544E+00
+51.28500E-06 -3.20804023789E+00 +1.28547234836E+00
+51.30000E-06 +1.77286434136E+00 +581.95476802E-03
+51.31500E-06 +5.65628147097E+00 -459.25125101E-03
+51.33000E-06 +6.16281414041E+00 -1.24719094109E+00
+51.34500E-06 +2.87035179176E+00 -1.33161305077E+00
+51.36000E-06 -2.11055278750E+00 -599.95476722E-03
+51.37500E-06 -5.90954780569E+00 +441.25125178E-03
+51.39000E-06 -6.33165836344E+00 +1.20105023865E+00
+51.40500E-06 -2.87035179176E+00 +1.25733164515E+00
+51.42000E-06 +2.11055278750E+00 +525.67336156E-03
+51.43500E-06 +5.74070358258E+00 -515.53265744E-03
+51.45000E-06 +5.99396991730E+00 -1.30347234746E+00
+51.46500E-06 +2.53266334572E+00 -1.30347234756E+00
+51.48000E-06 -2.36381912203E+00 -571.81406400E-03
+51.49500E-06 -6.07839202862E+00 +497.53265822E-03
+51.51000E-06 -6.07839202900E+00 +1.22919094187E+00
+51.52500E-06 -2.61708545723E+00 +1.25733164512E+00
+51.54000E-06 +2.36381912203E+00 +497.53265834E-03
+51.55500E-06 +5.82512569409E+00 -571.81406390E-03
+51.57000E-06 +5.74070358286E+00 -1.30347234753E+00
+51.58500E-06 +2.19497489967E+00 -1.24719094116E+00
+51.60000E-06 -2.78592967949E+00 -487.39195435E-03
+51.61500E-06 -5.99396991720E+00 +553.81406465E-03
+51.63000E-06 -5.82512569447E+00 +1.25733164505E+00
+51.64500E-06 -2.27939701119E+00 +1.20105023872E+00
+51.66000E-06 +2.61708545656E+00 +441.25125191E-03
+51.67500E-06 +5.90954780560E+00 -628.09547034E-03
+51.69000E-06 +5.57185935993E+00 -1.33161305074E+00
+51.70500E-06 +1.85728645363E+00 -1.19090953476E+00
+51.72000E-06 -2.95477390270E+00 -431.11054792E-03
+51.73500E-06 -6.16281414013E+00 +610.09547108E-03
+51.75000E-06 -5.74070358286E+00 +1.25733164508E+00
+51.76500E-06 -1.94170856514E+00 +1.17290953550E+00
+51.78000E-06 +2.78592967968E+00 +384.96984545E-03
+51.79500E-06 +5.82512569418E+00 -656.23617355E-03
+51.81000E-06 +5.23417091399E+00 -1.33161305074E+00
+51.82500E-06 +1.60402011900E+00 -1.19090953469E+00
+51.84000E-06 -3.20804023714E+00 -346.68843827E-03
+51.85500E-06 -6.16281414022E+00 +638.23617433E-03
+51.87000E-06 -5.40301513701E+00 +1.25733164512E+00
+51.88500E-06 -1.60402011910E+00 +1.14476883228E+00
+51.90000E-06 +3.03919601411E+00 +300.54773583E-03
+51.91500E-06 +5.90954780569E+00 -740.65828317E-03
+51.93000E-06 +5.06532669087E+00 -1.35975375393E+00
+51.94500E-06 +1.26633167296E+00 -1.13462812829E+00
+51.96000E-06 -3.37688446016E+00 -290.40703187E-03
+51.97500E-06 -6.07839202871E+00 +694.51758073E-03
+51.99000E-06 -5.14974880238E+00 +1.28547234830E+00
+52.00500E-06 -1.26633167296E+00 +1.08848742585E+00
+52.02000E-06 +3.29246234874E+00 +216.12562621E-03
+52.03500E-06 +5.82512569418E+00 -768.79898642E-03
+52.05000E-06 +4.81206035634E+00 -1.33161305077E+00
+52.06500E-06 +844.22111550E-03 -1.10648742508E+00
+52.08000E-06 -3.63015079469E+00 -234.12562541E-03
+52.09500E-06 -5.99396991730E+00 +750.79898716E-03
+52.11000E-06 -4.98090457926E+00 +1.28547234833E+00
+52.12500E-06 -1.01306533843E+00 +1.06034672264E+00
+52.14000E-06 +3.46130657167E+00 +159.84421978E-03
+52.15500E-06 +5.82512569418E+00 -825.08039282E-03
+52.17000E-06 +4.55879402190E+00 -1.35975375396E+00
+52.18500E-06 +506.53266956E-03 -1.05020601864E+00
+52.20000E-06 -3.88341712922E+00 -177.84421898E-03
+52.21500E-06 -5.99396991730E+00 +778.93969041E-03
+52.23000E-06 -4.64321613322E+00 +1.28547234833E+00
+52.24500E-06 -590.95478107E-03 +975.92461302E-03
+52.26000E-06 +3.71457290610E+00 +103.56281332E-03
+52.27500E-06 +5.65628147115E+00 -853.22109607E-03
+52.29000E-06 +4.22110557586E+00 -1.33161305077E+00
+52.30500E-06 +253.26633483E-03 -1.02206531540E+00
+52.32000E-06 -4.05226135224E+00 -121.56281254E-03
+52.33500E-06 -5.82512569427E+00 +807.08039362E-03
+52.35000E-06 -4.38994979888E+00 +1.25733164512E+00
+52.36500E-06 -253.26633503E-03 +919.64320659E-03
+52.38000E-06 +3.79899501781E+00 +47.28140689E-03
+52.39500E-06 +5.65628147115E+00 -909.50250246E-03
+52.41000E-06 +3.88341712982E+00 -1.30347234756E+00
+52.42500E-06 -84.42211111E-03 -965.78390900E-03
+52.44000E-06 -4.13668346375E+00 -65.28140611E-03
+52.45500E-06 -5.82512569438E+00 +863.36180002E-03
+52.47000E-06 -4.13668346425E+00 +1.25733164515E+00
+52.48500E-06 -84.42211181E-03 +891.50250334E-03
+52.50000E-06 +3.88341712942E+00 -8.99999958E-03
+52.51500E-06 +5.48743724823E+00 -937.64320571E-03
+52.53000E-06 +3.63015079538E+00 -1.30347234756E+00
+52.54500E-06 -422.11055715E-03 -881.36179938E-03
+52.56000E-06 -4.30552768677E+00 +19.14070350E-03
+52.57500E-06 -5.74070358276E+00 +891.50250327E-03
+52.59000E-06 -3.79899501831E+00 +1.25733164512E+00
+52.60500E-06 +253.26633423E-03 +835.22109694E-03
+52.62000E-06 +4.05226135234E+00 -65.28140598E-03
+52.63500E-06 +5.31859302531E+00 -965.78390893E-03
+52.65000E-06 +3.46130657216E+00 -1.30347234756E+00
+52.66500E-06 -590.95478028E-03 -853.22109613E-03
+52.68000E-06 -4.38994979838E+00 +47.28140675E-03
+52.69500E-06 -5.57185935974E+00 +919.64320645E-03
+52.71000E-06 -3.46130657237E+00 +1.22919094187E+00
+52.72500E-06 +506.53266876E-03 +778.93969051E-03
+52.74000E-06 +4.13668346385E+00 -121.56281241E-03
+52.75500E-06 +5.23417091370E+00 -993.92461215E-03
+52.77000E-06 +3.12361812612E+00 -1.27533164434E+00
+52.78500E-06 -928.64322632E-03 -796.93968973E-03
+52.80000E-06 -4.47437190989E+00 +131.70351637E-03
+52.81500E-06 -5.31859302531E+00 +975.92461289E-03
+52.83000E-06 -3.20804023773E+00 +1.20105023868E+00
+52.84500E-06 +759.79900319E-03 +722.65828404E-03
+52.86000E-06 +4.22110557536E+00 -177.84421884E-03
+52.87500E-06 +5.06532669067E+00 -993.92461218E-03
+52.89000E-06 +2.78592968008E+00 -1.24719094109E+00
+52.90500E-06 -1.09748744934E+00 -740.65828327E-03
+52.92000E-06 -4.47437190989E+00 +187.98492280E-03
+52.93500E-06 -5.14974880239E+00 +947.78390970E-03
+52.95000E-06 -2.95477390310E+00 +1.17290953547E+00
+52.96500E-06 +928.64322642E-03 +666.37687764E-03
+52.98000E-06 +4.22110557546E+00 -234.12562531E-03
+52.99500E-06 +4.89648246765E+00 -1.02206531536E+00
+53.01000E-06 +2.44824123424E+00 -1.21905023791E+00
+53.02500E-06 -1.43517589538E+00 -684.37687684E-03
+53.04000E-06 -4.55879402140E+00 +244.26632920E-03
+53.05500E-06 -5.06532669078E+00 +975.92461292E-03
+53.07000E-06 -2.61708545716E+00 +1.14476883225E+00
+53.08500E-06 +1.35075378377E+00 +581.95476803E-03
+53.10000E-06 +4.30552768697E+00 -290.40703174E-03
+53.11500E-06 +4.72763824463E+00 -1.05020601858E+00
+53.13000E-06 +2.27939701101E+00 -1.21905023787E+00
+53.14500E-06 -1.60402011840E+00 -628.09547044E-03
+53.16000E-06 -4.55879402150E+00 +272.40703248E-03
+53.17500E-06 -4.81206035635E+00 +1.00406531614E+00
+53.19000E-06 -2.27939701112E+00 +1.11662812904E+00
+53.20500E-06 +1.43517589548E+00 +553.81406475E-03
+53.22000E-06 +4.30552768697E+00 -346.68843814E-03
+53.23500E-06 +4.47437191020E+00 -1.02206531540E+00
+53.25000E-06 +1.94170856497E+00 -1.16276883148E+00
+53.26500E-06 -1.85728645283E+00 -543.67336079E-03
+53.28000E-06 -4.55879402150E+00 +328.68843888E-03
+53.29500E-06 -4.55879402182E+00 +1.00406531617E+00
+53.31000E-06 -2.02613067658E+00 +1.08848742582E+00
+53.32500E-06 +1.68844222991E+00 +497.53265831E-03
+53.34000E-06 +4.22110557556E+00 -374.82914135E-03
+53.35500E-06 +4.22110557577E+00 -1.07834672183E+00
+53.37000E-06 +1.77286434184E+00 -1.13462812826E+00
+53.38500E-06 -1.94170856444E+00 -487.39195439E-03
+53.40000E-06 -4.55879402140E+00 +356.82914213E-03
+53.41500E-06 -4.47437191020E+00 +1.00406531617E+00
+53.43000E-06 -1.77286434205E+00 +1.06034672260E+00
+53.44500E-06 +1.77286434142E+00 +441.25125188E-03
+53.46000E-06 +4.22110557556E+00 -431.11054782E-03
+53.47500E-06 +4.13668346416E+00 -1.05020601861E+00
+53.49000E-06 +1.43517589590E+00 -1.07834672186E+00
+53.50500E-06 -2.19497489898E+00 -431.11054793E-03
+53.52000E-06 -4.47437191010E+00 +384.96984538E-03
+53.53500E-06 -4.22110557567E+00 +1.03220601932E+00
+53.55000E-06 -1.51959800752E+00 +1.00406531621E+00
+53.56500E-06 +1.94170856455E+00 +356.82914230E-03
+53.58000E-06 +4.22110557546E+00 -487.39195418E-03
+53.59500E-06 +3.88341712952E+00 -1.05020601861E+00
+53.61000E-06 +1.09748744996E+00 -1.05020601861E+00
+53.62500E-06 -2.36381912199E+00 -374.82914149E-03
+53.64000E-06 -4.47437190999E+00 +413.11054859E-03
+53.65500E-06 -3.96783924124E+00 +1.00406531613E+00
+53.67000E-06 -1.26633167288E+00 +975.92461295E-03
+53.68500E-06 +2.19497489886E+00 +328.68843905E-03
+53.70000E-06 +4.13668346394E+00 -515.53265743E-03
+53.71500E-06 +3.71457290649E+00 -1.07834672183E+00
+53.73000E-06 +844.22111543E-03 -1.02206531536E+00
+53.74500E-06 -2.44824123350E+00 -318.54773506E-03
+53.76000E-06 -4.38994979858E+00 +497.53265821E-03
+53.77500E-06 -3.79899501822E+00 +1.03220601935E+00
+53.79000E-06 -1.09748744975E+00 +919.64320652E-03
+53.80500E-06 +2.27939701048E+00 +272.40703262E-03
+53.82000E-06 +4.13668346394E+00 -543.67336068E-03
+53.83500E-06 +3.29246234915E+00 -1.05020601861E+00
+53.85000E-06 +590.95478079E-03 -965.78390896E-03
+53.86500E-06 -2.61708545663E+00 -290.40703185E-03
+53.88000E-06 -4.30552768696E+00 +553.81406460E-03
+53.89500E-06 -3.54572868380E+00 +1.00406531613E+00
+53.91000E-06 -759.79900382E-03 +863.36180013E-03
+53.92500E-06 +2.36381912210E+00 +216.12562619E-03
+53.94000E-06 +3.96783924092E+00 -571.81406390E-03
+53.95500E-06 +3.20804023764E+00 -1.05020601861E+00
+53.97000E-06 +422.11055777E-03 -909.50250257E-03
+53.98500E-06 -2.61708545674E+00 -234.12562541E-03
+54.00000E-06 -4.13668346405E+00 +525.67336146E-03
+54.01500E-06 -3.20804023775E+00 +975.92461292E-03
+54.03000E-06 -506.53266928E-03 +807.08039369E-03
+54.04500E-06 +2.44824123361E+00 +159.84421976E-03
+54.06000E-06 +3.88341712952E+00 -628.09547030E-03
+54.07500E-06 +2.95477390300E+00 -1.02206531543E+00
+54.09000E-06 +253.26633464E-03 -881.36179928E-03
+54.10500E-06 -2.70150756814E+00 -177.84421898E-03
+54.12000E-06 -4.05226135254E+00 +553.81406467E-03
+54.13500E-06 -3.12361812613E+00 +975.92461295E-03
+54.15000E-06 -337.68844615E-03 +778.93969044E-03
+54.16500E-06 +2.53266334512E+00 +103.56281333E-03
+54.18000E-06 +3.79899501801E+00 -628.09547030E-03
+54.19500E-06 +2.70150756858E+00 -993.92461222E-03
+54.21000E-06 +220E-12 -796.93968970E-03
+54.22500E-06 -2.78592967965E+00 -121.56281255E-03
+54.24000E-06 -3.96783924103E+00 +581.95476785E-03
+54.25500E-06 -2.78592968009E+00 +947.78390974E-03
+54.27000E-06 -168.84422324E-03 +722.65828405E-03
+54.28500E-06 +2.61708545663E+00 +75.42211007E-03
+54.30000E-06 +3.71457290649E+00 -628.09547033E-03
+54.31500E-06 +2.44824123405E+00 -993.92461222E-03
+54.33000E-06 -253.26633431E-03 -768.79898649E-03
+54.34500E-06 -2.95477390256E+00 -93.42210930E-03
+54.36000E-06 -3.88341712952E+00 +610.09547111E-03
+54.37500E-06 -2.61708545718E+00 +919.64320660E-03
+54.39000E-06 +84.42211140E-03 +694.51758083E-03
+54.40500E-06 +2.61708545674E+00 +47.28140686E-03
+54.42000E-06 +3.54572868347E+00 -656.23617355E-03
+54.43500E-06 +2.27939701091E+00 -965.78390896E-03
+54.45000E-06 -422.11055733E-03 -740.65828323E-03
+54.46500E-06 -2.95477390267E+00 -37.14070287E-03
+54.48000E-06 -3.63015079498E+00 +638.23617429E-03
+54.49500E-06 -2.27939701114E+00 +919.64320652E-03
+54.51000E-06 +253.26633431E-03 +638.23617443E-03
+54.52500E-06 +2.61708545674E+00 -37.14070275E-03
+54.54000E-06 +3.37688446045E+00 -656.23617359E-03
+54.55500E-06 +1.94170856498E+00 -937.64320582E-03
+54.57000E-06 -590.95478036E-03 -656.23617362E-03
+54.58500E-06 -2.87035179127E+00 -8.99999965E-03
+54.60000E-06 -3.54572868347E+00 +638.23617432E-03
+54.61500E-06 -2.11055278800E+00 +891.50250331E-03
+54.63000E-06 +337.68844582E-03 +610.09547114E-03
+54.64500E-06 +2.61708545674E+00 -65.28140601E-03
+54.66000E-06 +3.20804023754E+00 -684.37687680E-03
+54.67500E-06 +1.85728645347E+00 -937.64320578E-03
+54.69000E-06 -675.37689198E-03 -628.09547037E-03
+54.70500E-06 -2.95477390267E+00 +47.28140678E-03
+54.72000E-06 -3.46130657196E+00 +666.37687750E-03
+54.73500E-06 -1.85728645347E+00 +863.36180009E-03
+54.75000E-06 +590.95478047E-03 +553.81406475E-03
+54.76500E-06 +2.70150756825E+00 -93.42210919E-03
+54.78000E-06 +3.03919601452E+00 -712.51757998E-03
+54.79500E-06 +1.60402011883E+00 -881.36179935E-03
+54.81000E-06 -928.64322651E-03 -599.95476715E-03
+54.82500E-06 -2.87035179138E+00 +103.56281318E-03
+54.84000E-06 -3.20804023754E+00 +694.51758072E-03
+54.85500E-06 -1.60402011905E+00 +807.08039369E-03
+54.87000E-06 +675.37689186E-03 +525.67336150E-03
+54.88500E-06 +2.61708545673E+00 -121.56281244E-03
+54.90000E-06 +2.95477390289E+00 -684.37687680E-03
+54.91500E-06 +1.35075378441E+00 -881.36179931E-03
+54.93000E-06 -1.01306533791E+00 -543.67336076E-03
+54.94500E-06 -2.95477390255E+00 +131.70351639E-03
+54.96000E-06 -3.03919601452E+00 +666.37687758E-03
+54.97500E-06 -1.51959800743E+00 +807.08039366E-03
+54.99000E-06 +928.64322628E-03 +441.25125192E-03
+55.00500E-06 +2.61708545673E+00 -177.84421883E-03
+55.02000E-06 +2.78592967987E+00 -712.51757998E-03
+55.03500E-06 +1.18190956127E+00 -825.08039292E-03
+55.05000E-06 -1.09748744953E+00 -487.39195429E-03
+55.06500E-06 -2.87035179127E+00 +159.84421965E-03
+55.08000E-06 -2.87035179150E+00 +666.37687758E-03
+55.09500E-06 -1.26633167313E+00 +750.79898726E-03
+55.11000E-06 +928.64322651E-03 +413.11054871E-03
+55.12500E-06 +2.53266334534E+00 -205.98492209E-03
+55.14000E-06 +2.53266334545E+00 -712.51757998E-03
+55.15500E-06 +1.01306533825E+00 -796.93968970E-03
+55.17000E-06 -1.26633167255E+00 -431.11054789E-03
+55.18500E-06 -2.78592967987E+00 +159.84421968E-03
+55.20000E-06 -2.78592967999E+00 +638.23617432E-03
+55.21500E-06 -1.18190956127E+00 +722.65828405E-03
+55.23000E-06 +928.64322651E-03 +356.82914224E-03
+55.24500E-06 +2.53266334511E+00 -234.12562530E-03
+55.26000E-06 +2.36381912243E+00 -712.51757998E-03
+55.27500E-06 +759.79900383E-03 -768.79898649E-03
+55.29000E-06 -1.35075378395E+00 -402.96984464E-03
+55.30500E-06 -2.70150756836E+00 +216.12562608E-03
+55.32000E-06 -2.53266334557E+00 +666.37687754E-03
+55.33500E-06 -1.01306533837E+00 +722.65828405E-03
+55.35000E-06 +1.09748744941E+00 +328.68843902E-03
+55.36500E-06 +2.53266334510E+00 -262.26632852E-03
+55.38000E-06 +2.27939701092E+00 -712.51757998E-03
+55.39500E-06 +675.37689221E-03 -740.65828327E-03
+55.41000E-06 -1.43517589546E+00 -346.68843825E-03
+55.42500E-06 -2.61708545696E+00 +244.26632926E-03
+55.44000E-06 -2.44824123394E+00 +666.37687754E-03
+55.45500E-06 -759.79900383E-03 +666.37687758E-03
+55.47000E-06 +1.18190956116E+00 +272.40703259E-03
+55.48500E-06 +2.36381912220E+00 -290.40703170E-03
+55.50000E-06 +2.02613067639E+00 -684.37687676E-03
+55.51500E-06 +506.53266918E-03 -684.37687684E-03
+55.53000E-06 -1.43517589569E+00 -318.54773503E-03
+55.54500E-06 -2.61708545673E+00 +272.40703251E-03
+55.56000E-06 -2.19497489953E+00 +638.23617436E-03
+55.57500E-06 -675.37689232E-03 +610.09547118E-03
+55.59000E-06 +1.18190956104E+00 +244.26632937E-03
+55.60500E-06 +2.27939701080E+00 -290.40703174E-03
+55.62000E-06 +1.85728645348E+00 -684.37687680E-03
+55.63500E-06 +337.68844628E-03 -656.23617366E-03
+55.65000E-06 -1.51959800708E+00 -290.40703181E-03
+55.66500E-06 -2.44824123383E+00 +272.40703251E-03
+55.68000E-06 -2.19497489929E+00 +638.23617436E-03
+55.69500E-06 -506.53266930E-03 +581.95476797E-03
+55.71000E-06 +1.35075378406E+00 +187.98492294E-03
+55.72500E-06 +2.19497489941E+00 -346.68843813E-03
+55.74000E-06 +1.68844223046E+00 -684.37687680E-03
+55.75500E-06 +84.42211187E-03 -628.09547041E-03
+55.77000E-06 -1.51959800708E+00 -262.26632856E-03
+55.78500E-06 -2.53266334510E+00 +300.54773573E-03
+55.80000E-06 -1.94170856488E+00 +638.23617432E-03
+55.81500E-06 -337.68844628E-03 +553.81406475E-03
+55.83000E-06 +1.35075378394E+00 +159.84421972E-03
+55.84500E-06 +2.11055278778E+00 -346.68843817E-03
+55.86000E-06 +1.60402011883E+00 -684.37687680E-03
+55.87500E-06 +240E-12 -571.81406402E-03
+55.89000E-06 -1.51959800720E+00 -205.98492217E-03
+55.90500E-06 -2.36381912220E+00 +328.68843894E-03
+55.92000E-06 -1.77286434186E+00 +638.23617428E-03
+55.93500E-06 -253.26633477E-03 +497.53265836E-03
+55.95000E-06 +1.35075378406E+00 +131.70351647E-03
+55.96500E-06 +2.11055278766E+00 -346.68843821E-03
+55.98000E-06 +1.51959800720E+00 -628.09547037E-03
+55.99500E-06 +120E-12 -543.67336072E-03
+56.01000E-06 -1.60402011859E+00 -177.84421887E-03
+56.02500E-06 -2.27939701068E+00 +328.68843894E-03
+56.04000E-06 -1.60402011883E+00 +581.95476797E-03
+56.05500E-06 -84.42211175E-03 +497.53265832E-03
+56.07000E-06 +1.35075378406E+00 +103.56281329E-03
+56.08500E-06 +1.85728645325E+00 -374.82914138E-03
+56.10000E-06 +1.26633167279E+00 -628.09547037E-03
+56.11500E-06 -253.26633429E-03 -515.53265754E-03
+56.13000E-06 -1.60402011859E+00 -121.56281248E-03
+56.14500E-06 -2.11055278778E+00 +356.82914212E-03
+56.16000E-06 -1.43517589569E+00 +553.81406471E-03
+56.17500E-06 -240E-12 +441.25125189E-03
+56.19000E-06 +1.35075378418E+00 +75.42211004E-03
+56.20500E-06 +1.85728645325E+00 -374.82914142E-03
+56.22000E-06 +1.18190956128E+00 -628.09547033E-03
+56.23500E-06 -253.26633441E-03 -487.39195433E-03
+56.25000E-06 -1.60402011859E+00 -121.56281244E-03
+56.26500E-06 -2.02613067627E+00 +356.82914212E-03
+56.28000E-06 -1.18190956140E+00 +581.95476789E-03
+56.29500E-06 +84.42211139E-03 +413.11054871E-03
+56.31000E-06 +1.35075378406E+00 +19.14070364E-03
+56.32500E-06 +1.77286434174E+00 -402.96984464E-03
+56.34000E-06 +928.64322675E-03 -571.81406398E-03
+56.35500E-06 -253.26633441E-03 -459.25125111E-03
+56.37000E-06 -1.51959800732E+00 -93.42210922E-03
+56.38500E-06 -1.94170856476E+00 +356.82914212E-03
+56.40000E-06 -1.18190956128E+00 +553.81406467E-03
+56.41500E-06 +168.84422290E-03 +384.96984541E-03
+56.43000E-06 +1.35075378406E+00 -8.99999953E-03
+56.44500E-06 +1.60402011871E+00 -374.82914138E-03
+56.46000E-06 +844.22111536E-03 -571.81406390E-03
+56.47500E-06 -506.53266882E-03 -402.96984468E-03
+56.49000E-06 -1.60402011871E+00 -65.28140600E-03
+56.50500E-06 -1.94170856464E+00 +356.82914220E-03
+56.52000E-06 -1.01306533838E+00 +525.67336150E-03
+56.53500E-06 +253.26633441E-03 +356.82914228E-03
+56.55000E-06 +1.26633167267E+00 -8.99999961E-03
+56.56500E-06 +1.60402011859E+00 -374.82914142E-03
+56.58000E-06 +759.79900372E-03 -543.67336072E-03
+56.59500E-06 -506.53266894E-03 -374.82914151E-03
+56.61000E-06 -1.51959800733E+00 -8.99999965E-03
+56.62500E-06 -1.68844223035E+00 +356.82914216E-03
+56.64000E-06 -928.64322675E-03 +497.53265824E-03
+56.65500E-06 +337.68844592E-03 +300.54773581E-03
+56.67000E-06 +1.26633167267E+00 -37.14070283E-03
+56.68500E-06 +1.43517589569E+00 -402.96984464E-03
+56.70000E-06 +590.95478070E-03 -515.53265755E-03
+56.71500E-06 -590.95478045E-03 -346.68843825E-03
+56.73000E-06 -1.51959800733E+00 -8.99999961E-03
+56.74500E-06 -1.60402011871E+00 +356.82914216E-03
+56.76000E-06 -844.22111511E-03 +469.39195502E-03
+56.77500E-06 +337.68844592E-03 +272.40703259E-03
+56.79000E-06 +1.18190956128E+00 -37.14070279E-03
+56.80500E-06 +1.26633167267E+00 -402.96984460E-03
+56.82000E-06 +506.53266919E-03 -487.39195429E-03
+56.83500E-06 -675.37689197E-03 -318.54773503E-03
+56.85000E-06 -1.51959800708E+00 +19.14070356E-03
+56.86500E-06 -1.60402011859E+00 +356.82914212E-03
+56.88000E-06 -675.37689221E-03 +469.39195502E-03
+56.89500E-06 +422.11055731E-03 +244.26632937E-03
+56.91000E-06 +1.26633167254E+00 -93.42210918E-03
+56.92500E-06 +1.18190956128E+00 -374.82914142E-03
+56.94000E-06 +422.11055756E-03 -459.25125111E-03
+56.95500E-06 -675.37689196E-03 -290.40703186E-03
+56.97000E-06 -1.43517589569E+00 +47.28140678E-03
+56.98500E-06 -1.43517589569E+00 +328.68843898E-03
+57.00000E-06 -675.37689209E-03 +441.25125180E-03
+57.01500E-06 +422.11055743E-03 +216.12562616E-03
+57.03000E-06 +1.18190956116E+00 -93.42210922E-03
+57.04500E-06 +1.01306533839E+00 -374.82914146E-03
+57.06000E-06 +337.68844604E-03 -459.25125107E-03
+57.07500E-06 -675.37689209E-03 -262.26632860E-03
+57.09000E-06 -1.43517589569E+00 +47.28140686E-03
+57.10500E-06 -1.35075378405E+00 +356.82914211E-03
+57.12000E-06 -506.53266919E-03 +384.96984541E-03
+57.13500E-06 +506.53266894E-03 +187.98492294E-03
+57.15000E-06 +1.09748744965E+00 -93.42210926E-03
+57.16500E-06 +1.01306533826E+00 -374.82914142E-03
+57.18000E-06 +253.26633466E-03 -402.96984468E-03
+57.19500E-06 -759.79900347E-03 -234.12562538E-03
+57.21000E-06 -1.35075378418E+00 +75.42211004E-03
+57.22500E-06 -1.18190956116E+00 +356.82914216E-03
+57.24000E-06 -422.11055768E-03 +356.82914220E-03
+57.25500E-06 +506.53266894E-03 +159.84421977E-03
+57.27000E-06 +1.09748744965E+00 -149.70351565E-03
+57.28500E-06 +844.22111524E-03 -346.68843825E-03
+57.30000E-06 +168.84422315E-03 -402.96984464E-03
+57.31500E-06 -759.79900347E-03 -205.98492217E-03
+57.33000E-06 -1.35075378405E+00 +75.42211004E-03
+57.34500E-06 -1.09748744977E+00 +328.68843894E-03
+57.36000E-06 -337.68844617E-03 +356.82914220E-03
+57.37500E-06 +422.11055768E-03 +131.70351651E-03
+57.39000E-06 +928.64322662E-03 -149.70351561E-03
+57.40500E-06 +844.22111511E-03 -374.82914138E-03
+57.42000E-06 +84.42211164E-03 -402.96984464E-03
+57.43500E-06 -759.79900360E-03 -177.84421899E-03
+57.45000E-06 -1.26633167254E+00 +103.56281325E-03
+57.46500E-06 -1.01306533813E+00 +356.82914211E-03
+57.48000E-06 -337.68844604E-03 +356.82914216E-03
+57.49500E-06 +590.95478032E-03 +131.70351651E-03
+57.51000E-06 +928.64322675E-03 -149.70351565E-03
+57.52500E-06 +759.79900373E-03 -318.54773508E-03
+57.54000E-06 +130E-12 -346.68843825E-03
+57.55500E-06 -759.79900360E-03 -177.84421895E-03
+57.57000E-06 -1.18190956116E+00 +103.56281325E-03
+57.58500E-06 -928.64322662E-03 +328.68843894E-03
+57.60000E-06 -168.84422328E-03 +300.54773577E-03
+57.61500E-06 +506.53266907E-03 +131.70351647E-03
+57.63000E-06 +928.64322662E-03 -177.84421887E-03
+57.64500E-06 +675.37689209E-03 -346.68843816E-03
+57.66000E-06 +130E-12 -318.54773508E-03
+57.67500E-06 -759.79900347E-03 -121.56281252E-03
+57.69000E-06 -1.18190956103E+00 +103.56281330E-03
+57.70500E-06 -844.22111511E-03 +328.68843898E-03
+57.72000E-06 -168.84422315E-03 +300.54773577E-03
+57.73500E-06 +590.95478045E-03 +75.42211008E-03
+57.75000E-06 +844.22111511E-03 -177.84421887E-03
+57.76500E-06 +590.95478071E-03 -318.54773499E-03
+57.78000E-06 -84.42211138E-03 -318.54773503E-03
+57.79500E-06 -759.79900360E-03 -121.56281252E-03
+57.81000E-06 -1.01306533826E+00 +103.56281325E-03
+57.82500E-06 -844.22111511E-03 +272.40703259E-03
+57.84000E-06 -84.42211151E-03 +244.26632933E-03
+57.85500E-06 +506.53266907E-03 +47.28140691E-03
+57.87000E-06 +759.79900360E-03 -177.84421891E-03
+57.88500E-06 +506.53266907E-03 -290.40703182E-03
+57.90000E-06 -84.42211151E-03 -290.40703177E-03
+57.91500E-06 -759.79900347E-03 -121.56281248E-03
+57.93000E-06 -1.01306533813E+00 +131.70351651E-03
+57.94500E-06 -675.37689222E-03 +272.40703259E-03
+57.96000E-06 -84.42211151E-03 +216.12562616E-03
+57.97500E-06 +590.95478032E-03 +47.28140686E-03
+57.99000E-06 +759.79900347E-03 -177.84421887E-03
+58.00500E-06 +506.53266907E-03 -290.40703182E-03
+58.02000E-06 -253.26633427E-03 -262.26632860E-03
+58.03500E-06 -759.79900347E-03 -93.42210930E-03
+58.05000E-06 -928.64322662E-03 +103.56281330E-03
+58.06500E-06 -675.37689209E-03 +272.40703255E-03
+58.08000E-06 +0.0E+00 +216.12562612E-03
+58.09500E-06 +506.53266907E-03 +47.28140686E-03
+58.11000E-06 +675.37689222E-03 -177.84421891E-03
+58.12500E-06 +422.11055756E-03 -290.40703182E-03
+58.14000E-06 -168.84422302E-03 -234.12562539E-03
+58.15500E-06 -759.79900347E-03 -37.14070287E-03
+58.17000E-06 -844.22111524E-03 +103.56281330E-03
+58.18500E-06 -506.53266907E-03 +244.26632933E-03
+58.20000E-06 +0.0E+00 +216.12562607E-03
+58.21500E-06 +506.53266907E-03 -8.99999952E-03
+58.23000E-06 +590.95478058E-03 -177.84421891E-03
+58.24500E-06 +337.68844604E-03 -290.40703173E-03
+58.26000E-06 -337.68844591E-03 -234.12562534E-03
+58.27500E-06 -759.79900360E-03 -37.14070287E-03
+58.29000E-06 -844.22111498E-03 +131.70351647E-03
+58.30500E-06 -506.53266920E-03 +244.26632938E-03
+58.32000E-06 +0.0E+00 +187.98492290E-03
+58.33500E-06 +506.53266907E-03 -37.14070270E-03
+58.35000E-06 +590.95478045E-03 -177.84421891E-03
+58.36500E-06 +253.26633453E-03 -290.40703173E-03
+58.38000E-06 -253.26633453E-03 -205.98492217E-03
+58.39500E-06 -759.79900373E-03 -37.14070287E-03
+58.41000E-06 -844.22111511E-03 +103.56281330E-03
+58.42500E-06 -506.53266907E-03 +216.12562616E-03
+58.44000E-06 +130E-12 +159.84421964E-03
+58.45500E-06 +506.53266893E-03 -37.14070274E-03
+58.47000E-06 +422.11055769E-03 -177.84421887E-03
+58.48500E-06 +84.42211164E-03 -262.26632856E-03
+58.50000E-06 -337.68844604E-03 -177.84421895E-03
+58.51500E-06 -675.37689209E-03 -8.99999970E-03
+58.53000E-06 -759.79900360E-03 +131.70351647E-03
+58.54500E-06 -422.11055756E-03 +216.12562612E-03
+58.56000E-06 +84.42211151E-03 +159.84421968E-03
+58.57500E-06 +422.11055742E-03 -37.14070274E-03
+58.59000E-06 +422.11055756E-03 -177.84421891E-03
+58.60500E-06 +84.42211178E-03 -234.12562534E-03
+58.62000E-06 -337.68844604E-03 -149.70351574E-03
+58.63500E-06 -675.37689209E-03 -8.99999966E-03
+58.65000E-06 -675.37689222E-03 +131.70351647E-03
+58.66500E-06 -422.11055756E-03 +216.12562612E-03
+58.68000E-06 +84.42211165E-03 +159.84421968E-03
+58.69500E-06 +422.11055756E-03 -37.14070278E-03
+58.71000E-06 +337.68844631E-03 -177.84421891E-03
+58.72500E-06 +130E-12 -205.98492222E-03
+58.74000E-06 -337.68844604E-03 -177.84421891E-03
+58.75500E-06 -675.37689209E-03 -8.99999961E-03
+58.77000E-06 -590.95478071E-03 +103.56281330E-03
+58.78500E-06 -337.68844618E-03 +187.98492290E-03
+58.80000E-06 +168.84422289E-03 +131.70351647E-03
+58.81500E-06 +337.68844604E-03 -37.14070283E-03
+58.83000E-06 +337.68844604E-03 -177.84421891E-03
+58.84500E-06 +84.42211151E-03 -205.98492217E-03
+58.86000E-06 -422.11055742E-03 -121.56281252E-03
+58.87500E-06 -675.37689209E-03 +19.14070356E-03
+58.89000E-06 -675.37689209E-03 +103.56281330E-03
+58.90500E-06 -253.26633467E-03 +187.98492290E-03
+58.92000E-06 +84.42211151E-03 +103.56281321E-03
+58.93500E-06 +337.68844591E-03 -37.14070283E-03
+58.95000E-06 +253.26633467E-03 -149.70351569E-03
+58.96500E-06 +140E-12 -205.98492213E-03
+58.98000E-06 -422.11055756E-03 -121.56281248E-03
+58.99500E-06 -675.37689195E-03 +19.14070356E-03
+59.01000E-06 -590.95478044E-03 +103.56281330E-03
+59.02500E-06 -253.26633467E-03 +159.84421973E-03
+59.04000E-06 +84.42211165E-03 +103.56281321E-03
+59.05500E-06 +337.68844604E-03 -65.28140600E-03
+59.07000E-06 +253.26633467E-03 -177.84421891E-03
+59.08500E-06 -84.42211137E-03 -177.84421896E-03
+59.10000E-06 -422.11055742E-03 -121.56281248E-03
+59.11500E-06 -675.37689195E-03 +19.14070360E-03
+59.13000E-06 -506.53266893E-03 +103.56281330E-03
+59.14500E-06 -168.84422316E-03 +159.84421973E-03
+59.16000E-06 +84.42211151E-03 +75.42211004E-03
+59.17500E-06 +337.68844591E-03 -65.28140604E-03
+59.19000E-06 +253.26633467E-03 -149.70351569E-03
+59.20500E-06 +0.0E+00 -177.84421891E-03
+59.22000E-06 -422.11055728E-03 -93.42210931E-03
+59.23500E-06 -590.95478044E-03 +19.14070356E-03
+59.25000E-06 -506.53266907E-03 +75.42211013E-03
+59.26500E-06 -253.26633453E-03 +131.70351651E-03
+59.28000E-06 +253.26633426E-03 +75.42211004E-03
+59.29500E-06 +337.68844591E-03 -65.28140600E-03
+59.31000E-06 +253.26633440E-03 -177.84421886E-03
+59.32500E-06 -84.42211151E-03 -177.84421891E-03
+59.34000E-06 -422.11055728E-03 -93.42210926E-03
+59.35500E-06 -590.95478044E-03 +47.28140673E-03
+59.37000E-06 -337.68844618E-03 +103.56281325E-03
+59.38500E-06 -168.84422316E-03 +103.56281334E-03
+59.40000E-06 +168.84422302E-03 +47.28140682E-03
+59.41500E-06 +337.68844591E-03 -65.28140604E-03
+59.43000E-06 +168.84422316E-03 -149.70351569E-03
+59.44500E-06 -84.42211151E-03 -177.84421886E-03
+59.46000E-06 -337.68844604E-03 -93.42210931E-03
+59.47500E-06 -422.11055756E-03 +19.14070356E-03
+59.49000E-06 -422.11055756E-03 +103.56281330E-03
+59.50500E-06 -253.26633439E-03 +131.70351647E-03
+59.52000E-06 +168.84422302E-03 +47.28140687E-03
+59.53500E-06 +168.84422302E-03 -65.28140609E-03
+59.55000E-06 +84.42211151E-03 -149.70351565E-03
+59.56500E-06 -168.84422288E-03 -121.56281252E-03
+59.58000E-06 -337.68844604E-03 -65.28140609E-03
+59.59500E-06 -422.11055756E-03 +19.14070360E-03
+59.61000E-06 -337.68844604E-03 +75.42211008E-03
+59.62500E-06 -168.84422302E-03 +103.56281325E-03
+59.64000E-06 +168.84422288E-03 +19.14070360E-03
+59.65500E-06 +253.26633439E-03 -65.28140609E-03
+59.67000E-06 +84.42211165E-03 -149.70351569E-03
+59.68500E-06 -168.84422302E-03 -121.56281248E-03
+59.70000E-06 -337.68844604E-03 -65.28140609E-03
+59.71500E-06 -422.11055742E-03 +19.14070360E-03
+59.73000E-06 -337.68844590E-03 +103.56281325E-03
+59.74500E-06 -84.42211151E-03 +103.56281325E-03
+59.76000E-06 +168.84422288E-03 +19.14070360E-03
+59.77500E-06 +168.84422316E-03 -93.42210926E-03
+59.79000E-06 +84.42211151E-03 -149.70351569E-03
+59.80500E-06 -84.42211165E-03 -121.56281252E-03
+59.82000E-06 -337.68844604E-03 -65.28140604E-03
+59.83500E-06 -422.11055742E-03 +47.28140673E-03
+59.85000E-06 -253.26633467E-03 +75.42211004E-03
+59.86500E-06 -84.42211151E-03 +75.42211008E-03
+59.88000E-06 +84.42211151E-03 +19.14070360E-03
+59.89500E-06 +168.84422288E-03 -65.28140604E-03
+59.91000E-06 +84.42211137E-03 -121.56281252E-03
+59.92500E-06 -168.84422288E-03 -93.42210931E-03
+59.94000E-06 -337.68844604E-03 -65.28140604E-03
+59.95500E-06 -337.68844619E-03 +19.14070360E-03
+59.97000E-06 -253.26633453E-03 +47.28140691E-03
+59.98500E-06 -84.42211151E-03 +103.56281325E-03
+60.00000E-06 +84.42211165E-03 -8.99999957E-03
+60.01500E-06 +168.84422288E-03 -93.42210921E-03
+60.03000E-06 +0.0E+00 -121.56281248E-03
+60.04500E-06 -168.84422316E-03 -121.56281243E-03
+60.06000E-06 -337.68844590E-03 -37.14070283E-03
+60.07500E-06 -337.68844619E-03 +47.28140677E-03
+60.09000E-06 -253.26633453E-03 +75.42211004E-03
+60.10500E-06 -84.42211165E-03 +75.42211004E-03
+60.12000E-06 +84.42211137E-03 +19.14070360E-03
+60.13500E-06 +84.42211151E-03 -65.28140604E-03
+60.15000E-06 +140E-12 -121.56281248E-03
+60.16500E-06 -168.84422288E-03 -93.42210931E-03
+60.18000E-06 -253.26633453E-03 -8.99999966E-03
+60.19500E-06 -337.68844604E-03 +19.14070360E-03
+60.21000E-06 -168.84422317E-03 +47.28140687E-03
+60.22500E-06 -84.42211151E-03 +75.42211004E-03
+60.24000E-06 +84.42211151E-03 +19.14070360E-03
+60.25500E-06 +168.84422288E-03 -65.28140609E-03
+60.27000E-06 +0.0E+00 -93.42210926E-03
+60.28500E-06 -168.84422317E-03 -93.42210926E-03
+60.30000E-06 -337.68844604E-03 -8.99999966E-03
+60.31500E-06 -337.68844590E-03 +19.14070356E-03
+60.33000E-06 -168.84422317E-03 +47.28140687E-03
+60.34500E-06 -84.42211137E-03 +47.28140682E-03
+60.36000E-06 +84.42211151E-03 -8.99999961E-03
+60.37500E-06 +84.42211151E-03 -93.42210931E-03
+60.39000E-06 -168.84422273E-03 -121.56281248E-03
+60.40500E-06 -168.84422317E-03 -65.28140604E-03
+60.42000E-06 -337.68844590E-03 -8.99999961E-03
+60.43500E-06 -337.68844604E-03 +19.14070356E-03
+60.45000E-06 -168.84422317E-03 +47.28140687E-03
+60.46500E-06 -140E-12 +47.28140687E-03
+60.48000E-06 +84.42211166E-03 -8.99999966E-03
+60.49500E-06 +84.42211151E-03 -93.42210926E-03
+60.51000E-06 -84.42211137E-03 -93.42210926E-03
+60.52500E-06 -253.26633453E-03 -65.28140604E-03
+60.54000E-06 -253.26633453E-03 -8.99999966E-03
+60.55500E-06 -253.26633468E-03 +19.14070360E-03
+60.57000E-06 -168.84422302E-03 +47.28140687E-03
+60.58500E-06 -84.42211137E-03 +19.14070365E-03
+60.60000E-06 +84.42211151E-03 -8.99999966E-03
+60.61500E-06 +0.0E+00 -65.28140604E-03
+60.63000E-06 -168.84422288E-03 -93.42210926E-03
+60.64500E-06 -168.84422302E-03 -65.28140604E-03
+60.66000E-06 -337.68844590E-03 -8.99999961E-03
+60.67500E-06 -253.26633453E-03 +47.28140677E-03
+60.69000E-06 -168.84422302E-03 +19.14070365E-03
+60.70500E-06 +0.0E+00 +47.28140682E-03
+60.72000E-06 +84.42211151E-03 -37.14070283E-03
+60.73500E-06 +84.42211137E-03 -93.42210926E-03
+60.75000E-06 -168.84422288E-03 -93.42210926E-03
+60.76500E-06 -168.84422288E-03 -65.28140604E-03
+60.78000E-06 -253.26633453E-03 -8.99999966E-03
+60.79500E-06 -253.26633439E-03 +19.14070355E-03
+60.81000E-06 -84.42211166E-03 +47.28140687E-03
+60.82500E-06 -150E-12 +19.14070360E-03
+60.84000E-06 +150E-12 -37.14070283E-03
+60.85500E-06 +84.42211136E-03 -93.42210921E-03
+60.87000E-06 -168.84422288E-03 -93.42210926E-03
+60.88500E-06 -168.84422317E-03 -65.28140604E-03
+60.90000E-06 -253.26633453E-03 -8.99999956E-03
+60.91500E-06 -253.26633439E-03 +19.14070360E-03
+60.93000E-06 -84.42211166E-03 +19.14070365E-03
+60.94500E-06 -150E-12 +19.14070360E-03
+60.96000E-06 +84.42211136E-03 -8.99999966E-03
+60.97500E-06 +0.0E+00 -65.28140604E-03
+60.99000E-06 -84.42211151E-03 -93.42210921E-03
+61.00500E-06 -253.26633439E-03 -37.14070288E-03
+61.02000E-06 -337.68844590E-03 -8.99999956E-03
+61.03500E-06 -168.84422302E-03 +19.14070355E-03
+61.05000E-06 -253.26633439E-03 +19.14070360E-03
+61.06500E-06 -84.42211151E-03 -8.99999961E-03
+61.08000E-06 +150E-12 -8.99999971E-03
+61.09500E-06 -150E-12 -65.28140600E-03
+61.11000E-06 -168.84422302E-03 -93.42210921E-03
+61.12500E-06 -168.84422317E-03 -37.14070288E-03
+61.14000E-06 -168.84422317E-03 -8.99999956E-03
+61.15500E-06 -84.42211166E-03 +47.28140677E-03
+61.17000E-06 -84.42211165E-03 +19.14070360E-03
+61.18500E-06 -84.42211151E-03 +19.14070360E-03
+61.20000E-06 -84.42211137E-03 -8.99999966E-03
+61.21500E-06 +84.42211137E-03 -93.42210917E-03
+61.23000E-06 -168.84422288E-03 -93.42210921E-03
+61.24500E-06 -253.26633439E-03 -37.14070288E-03
+61.26000E-06 -168.84422302E-03 +19.14070360E-03
+61.27500E-06 -168.84422302E-03 +19.14070356E-03
+61.29000E-06 -280E-12 +19.14070365E-03
+61.30500E-06 -84.42211151E-03 -8.99999961E-03
+61.32000E-06 +0.0E+00 -37.14070278E-03
+61.33500E-06 +0.0E+00 -65.28140604E-03
+61.35000E-06 -84.42211151E-03 -65.28140604E-03
+61.36500E-06 -253.26633453E-03 -37.14070283E-03
+61.38000E-06 -253.26633440E-03 -8.99999957E-03
+61.39500E-06 -168.84422302E-03 +19.14070356E-03
+61.41000E-06 -84.42211165E-03 +19.14070365E-03
+61.42500E-06 -84.42211151E-03 +19.14070356E-03
+61.44000E-06 -84.42211138E-03 -8.99999966E-03
+61.45500E-06 -84.42211151E-03 -65.28140604E-03
+61.47000E-06 -168.84422289E-03 -65.28140600E-03
+61.48500E-06 -168.84422302E-03 -37.14070283E-03
+61.50000E-06 -168.84422316E-03 -8.99999961E-03
+61.51500E-06 -168.84422302E-03 +19.14070356E-03
+61.53000E-06 -84.42211151E-03 +19.14070365E-03
+61.54500E-06 +0.0E+00 +19.14070360E-03
+61.56000E-06 +0.0E+00 -8.99999966E-03
+61.57500E-06 -130E-12 -65.28140604E-03
+61.59000E-06 -168.84422302E-03 -37.14070287E-03
+61.60500E-06 -168.84422302E-03 -37.14070283E-03
+61.62000E-06 -84.42211164E-03 -8.99999966E-03
+61.63500E-06 -84.42211164E-03 +19.14070356E-03
+61.65000E-06 -84.42211151E-03 +19.14070365E-03
+61.66500E-06 -84.42211151E-03 -8.99999961E-03
+61.68000E-06 -84.42211138E-03 -37.14070283E-03
+61.69500E-06 -130E-12 -65.28140600E-03
+61.71000E-06 -168.84422302E-03 -65.28140600E-03
+61.72500E-06 -253.26633441E-03 -37.14070283E-03
+61.74000E-06 -253.26633441E-03 -8.99999965E-03
+61.75500E-06 -168.84422302E-03 +19.14070356E-03
+61.77000E-06 -120E-12 -37.14070275E-03
+61.78500E-06 -84.42211151E-03 -8.99999961E-03
+61.80000E-06 -120E-12 -37.14070287E-03
+61.81500E-06 -84.42211163E-03 -65.28140600E-03
+61.83000E-06 -168.84422302E-03 -65.28140600E-03
+61.84500E-06 -168.84422314E-03 -37.14070283E-03
+61.86000E-06 -253.26633441E-03 +19.14070356E-03
+61.87500E-06 -168.84422290E-03 -8.99999961E-03
+61.89000E-06 -84.42211151E-03 -8.99999957E-03
+61.90500E-06 -84.42211151E-03 -8.99999965E-03
+61.92000E-06 +0.0E+00 -37.14070283E-03
+61.93500E-06 -84.42211151E-03 -65.28140601E-03
+61.95000E-06 -168.84422290E-03 -37.14070287E-03
+61.96500E-06 -168.84422290E-03 -8.99999961E-03
+61.98000E-06 -84.42211163E-03 -8.99999957E-03
+61.99500E-06 -84.42211163E-03 +19.14070356E-03
+62.01000E-06 -84.42211151E-03 -8.99999957E-03
+62.02500E-06 -120E-12 -8.99999961E-03
+62.04000E-06 -84.42211151E-03 -8.99999961E-03
+62.05500E-06 -84.42211151E-03 -65.28140601E-03
+62.07000E-06 -168.84422291E-03 -37.14070283E-03
+62.08500E-06 -168.84422314E-03 -37.14070279E-03
+62.10000E-06 -84.42211151E-03 -8.99999961E-03
+62.11500E-06 -168.84422302E-03 +47.28140674E-03
+62.13000E-06 -84.42211162E-03 -8.99999958E-03
+62.14500E-06 -220E-12 +19.14070357E-03
+62.16000E-06 -84.42211140E-03 -37.14070287E-03
+62.17500E-06 -84.42211162E-03 -65.28140601E-03
+62.19000E-06 -168.84422302E-03 -37.14070283E-03
+62.20500E-06 -168.84422302E-03 -37.14070279E-03
+62.22000E-06 -168.84422313E-03 -8.99999961E-03
+62.23500E-06 -84.42211151E-03 +19.14070357E-03
+62.25000E-06 -110E-12 -37.14070279E-03
+62.26500E-06 -84.42211151E-03 -37.14070279E-03
+62.28000E-06 +0.0E+00 -37.14070283E-03
+62.29500E-06 -84.42211162E-03 -65.28140601E-03
+62.31000E-06 -253.26633443E-03 -37.14070283E-03
+62.32500E-06 -168.84422302E-03 -8.99999961E-03
+62.34000E-06 -168.84422302E-03 -8.99999961E-03
+62.35500E-06 -168.84422302E-03 -8.99999961E-03
+62.37000E-06 -84.42211151E-03 -8.99999958E-03
+62.38500E-06 -168.84422292E-03 -37.14070279E-03
+62.40000E-06 -84.42211151E-03 -37.14070283E-03
+62.41500E-06 -84.42211161E-03 -37.14070283E-03
+62.43000E-06 -168.84422302E-03 -8.99999961E-03
+62.44500E-06 -84.42211161E-03 -8.99999961E-03
+62.46000E-06 -168.84422292E-03 -8.99999961E-03
+62.47500E-06 -84.42211151E-03 +19.14070357E-03
+62.49000E-06 -84.42211151E-03 -37.14070280E-03
+62.50500E-06 -100E-12 -37.14070280E-03
+62.52000E-06 -84.42211151E-03 -8.99999965E-03
+62.53500E-06 -100E-12 -37.14070283E-03
+62.55000E-06 -168.84422302E-03 -8.99999965E-03
+62.56500E-06 -168.84422302E-03 -8.99999961E-03
+62.58000E-06 -84.42211161E-03 -8.99999961E-03
+62.59500E-06 -84.42211151E-03 -8.99999961E-03
+62.61000E-06 -84.42211151E-03 -37.14070280E-03
+62.62500E-06 -84.42211151E-03 -8.99999961E-03
+62.64000E-06 -84.42211142E-03 -8.99999964E-03
+62.65500E-06 -190E-12 -37.14070283E-03
+62.67000E-06 -168.84422293E-03 -37.14070283E-03
+62.68500E-06 -168.84422302E-03 -8.99999961E-03
+62.70000E-06 -84.42211161E-03 -8.99999958E-03
+62.71500E-06 -84.42211151E-03 -8.99999961E-03
+62.73000E-06 -84.42211142E-03 -37.14070283E-03
+62.74500E-06 -168.84422293E-03 -8.99999958E-03
+62.76000E-06 -168.84422293E-03 -8.99999964E-03
+62.77500E-06 -84.42211151E-03 -37.14070283E-03
+62.79000E-06 -168.84422302E-03 -37.14070283E-03
+62.80500E-06 -84.42211151E-03 -8.99999961E-03
+62.82000E-06 -168.84422311E-03 -8.99999961E-03
+62.83500E-06 -168.84422293E-03 +19.14070357E-03
+62.85000E-06 -84.42211160E-03 -8.99999961E-03
+62.86500E-06 +0.0E+00 -8.99999961E-03
+62.88000E-06 -168.84422285E-03 -8.99999961E-03
+62.89500E-06 -84.42211169E-03 -65.28140602E-03
+62.91000E-06 -168.84422302E-03 -37.14070283E-03
+62.92500E-06 -168.84422302E-03 -8.99999964E-03
+62.94000E-06 -84.42211160E-03 -8.99999958E-03
+62.95500E-06 -84.42211160E-03 +19.14070355E-03
+62.97000E-06 -84.42211151E-03 -37.14070280E-03
+62.98500E-06 -84.42211160E-03 -8.99999961E-03
+63.00000E-06 -84.42211151E-03 -8.99999964E-03
+63.01500E-06 -80E-12 -37.14070283E-03
+63.03000E-06 -253.26633437E-03 -37.14070283E-03
+63.04500E-06 -168.84422311E-03 -37.14070280E-03
+63.06000E-06 -168.84422294E-03 +19.14070360E-03
+63.07500E-06 -84.42211151E-03 -8.99999964E-03
+63.09000E-06 -80E-12 -37.14070280E-03
+63.10500E-06 -80E-12 -37.14070280E-03
+63.12000E-06 -84.42211151E-03 -37.14070283E-03
+63.13500E-06 -84.42211159E-03 -37.14070283E-03
+63.15000E-06 -168.84422294E-03 -37.14070280E-03
+63.16500E-06 -168.84422294E-03 -37.14070280E-03
+63.18000E-06 -84.42211151E-03 -8.99999961E-03
+63.19500E-06 -84.42211143E-03 -37.14070283E-03
+63.21000E-06 -84.42211151E-03 -37.14070280E-03
+63.22500E-06 -84.42211151E-03 -8.99999961E-03
+63.24000E-06 -168.84422295E-03 -8.99999964E-03
+63.25500E-06 -168.84422302E-03 -37.14070283E-03
+63.27000E-06 -84.42211151E-03 -37.14070280E-03
+63.28500E-06 -168.84422310E-03 -8.99999961E-03
+63.30000E-06 -168.84422310E-03 -8.99999961E-03
+63.31500E-06 -168.84422295E-03 -37.14070285E-03
+63.33000E-06 -70E-12 -37.14070280E-03
+63.34500E-06 -84.42211151E-03 -37.14070280E-03
+63.36000E-06 -84.42211151E-03 -8.99999964E-03
+63.37500E-06 -84.42211158E-03 -37.14070283E-03
+63.39000E-06 -168.84422302E-03 -8.99999964E-03
+63.40500E-06 -84.42211158E-03 -8.99999961E-03
+63.42000E-06 -84.42211144E-03 -8.99999964E-03
+63.43500E-06 -84.42211151E-03 -8.99999964E-03
+63.45000E-06 -84.42211158E-03 -37.14070278E-03
+63.46500E-06 -168.84422302E-03 -8.99999959E-03
+63.48000E-06 -84.42211158E-03 -37.14070283E-03
+63.49500E-06 -84.42211158E-03 -37.14070283E-03
+63.51000E-06 -168.84422295E-03 -8.99999961E-03
+63.52500E-06 -84.42211165E-03 -8.99999963E-03
+63.54000E-06 -84.42211151E-03 +19.14070358E-03
+63.55500E-06 -84.42211158E-03 -37.14070283E-03
+63.57000E-06 -84.42211158E-03 -37.14070283E-03
+63.58500E-06 -84.42211151E-03 -8.99999961E-03
+63.60000E-06 -84.42211151E-03 -8.99999963E-03
+63.61500E-06 -84.42211158E-03 -37.14070281E-03
+63.63000E-06 -168.84422296E-03 -8.99999961E-03
+63.64500E-06 -84.42211157E-03 -8.99999961E-03
+63.66000E-06 -84.42211151E-03 -8.99999961E-03
+63.67500E-06 -84.42211151E-03 -8.99999965E-03
+63.69000E-06 -84.42211157E-03 -37.14070281E-03
+63.70500E-06 -168.84422302E-03 -8.99999961E-03
+63.72000E-06 -168.84422296E-03 -8.99999963E-03
+63.73500E-06 -84.42211157E-03 -37.14070281E-03
+63.75000E-06 -84.42211157E-03 -37.14070281E-03
+63.76500E-06 -84.42211151E-03 -8.99999961E-03
+63.78000E-06 -84.42211151E-03 -8.99999961E-03
+63.79500E-06 -168.84422296E-03 -8.99999963E-03
+63.81000E-06 -84.42211151E-03 -37.14070281E-03
+63.82500E-06 -168.84422302E-03 -37.14070281E-03
+63.84000E-06 -84.42211151E-03 -37.14070283E-03
+63.85500E-06 -168.84422302E-03 -65.28140603E-03
+63.87000E-06 -168.84422302E-03 -37.14070283E-03
+63.88500E-06 -84.42211151E-03 -8.99999963E-03
+63.90000E-06 -84.42211151E-03 -8.99999961E-03
+63.91500E-06 -84.42211151E-03 -8.99999963E-03
+63.93000E-06 -168.84422302E-03 -37.14070281E-03
+63.94500E-06 -168.84422302E-03 -37.14070281E-03
+63.96000E-06 -168.84422297E-03 -8.99999963E-03
+63.97500E-06 -168.84422302E-03 -37.14070285E-03
+63.99000E-06 -168.84422302E-03 -8.99999961E-03
+64.00500E-06 -168.84422297E-03 -8.99999961E-03
+64.02000E-06 -168.84422297E-03 -8.99999961E-03
+64.03500E-06 -168.84422292E-03 -8.99999963E-03
+64.05000E-06 -84.42211156E-03 -37.14070283E-03
+64.06500E-06 -168.84422302E-03 -8.99999961E-03
+64.08000E-06 -168.84422302E-03 -8.99999963E-03
+64.09500E-06 -84.42211156E-03 -37.14070283E-03
+64.11000E-06 -253.26633444E-03 -37.14070281E-03
+64.12500E-06 -84.42211156E-03 -8.99999963E-03
+64.14000E-06 -84.42211151E-03 +19.14070357E-03
+64.15500E-06 -84.42211151E-03 -8.99999963E-03
+64.17000E-06 -84.42211156E-03 -37.14070281E-03
+64.18500E-06 -168.84422298E-03 -8.99999961E-03
+64.20000E-06 -168.84422298E-03 -8.99999961E-03
+64.21500E-06 -168.84422307E-03 -37.14070283E-03
+64.23000E-06 -84.42211151E-03 -8.99999961E-03
+64.24500E-06 -168.84422298E-03 -8.99999961E-03
+64.26000E-06 -84.42211155E-03 -8.99999961E-03
+64.27500E-06 -84.42211155E-03 -8.99999963E-03
+64.29000E-06 -84.42211155E-03 -37.14070281E-03
+64.30500E-06 -84.42211155E-03 -8.99999961E-03
+64.32000E-06 -84.42211151E-03 -8.99999963E-03
+64.33500E-06 -168.84422302E-03 -8.99999961E-03
+64.35000E-06 -168.84422298E-03 -8.99999961E-03
+64.36500E-06 -84.42211151E-03 -8.99999961E-03
+64.38000E-06 -84.42211147E-03 +19.14070359E-03
+64.39500E-06 -84.42211151E-03 -8.99999963E-03
+64.41000E-06 -84.42211155E-03 -37.14070282E-03
+64.42500E-06 -84.42211151E-03 -8.99999961E-03
+64.44000E-06 -168.84422302E-03 -8.99999963E-03
+64.45500E-06 -84.42211155E-03 -8.99999961E-03
+64.47000E-06 -168.84422302E-03 -8.99999961E-03
+64.48500E-06 -84.42211151E-03 -8.99999961E-03
