x-axis 1 2
second Volt Volt
+23.90000E-06  
+23.92500E-06 -20.10050230E-03 -5.54522593E-03
+23.95000E-06 -60.30150689E-03 -2.53015058E-03
+23.97500E-06 -20.10050230E-03 -5.54522593E-03
+24.00000E-06 -20.10050230E-03 -17.60552730E-03
+24.02500E-06 +0.0E+00 -8.56030127E-03
+24.05000E-06 -80.40200919E-03 +3.50000011E-03
+24.07500E-06 -20.10050230E-03 -5.54522593E-03
+24.10000E-06 -80.40200919E-03 +3.50000011E-03
+24.12500E-06 -40.20100459E-03 -8.56030127E-03
+24.15000E-06 -20.10050230E-03 -8.56030127E-03
+24.17500E-06 +0.0E+00 +484.92476E-06
+24.20000E-06 -20.10050230E-03 -17.60552730E-03
+24.22500E-06 +0.0E+00 +484.92476E-06
+24.25000E-06 +0.0E+00 -5.54522593E-03
+24.27500E-06 +0.0E+00 +3.50000011E-03
+24.30000E-06 -140.70351608E-03 -8.56030127E-03
+24.32500E-06 -20.10050230E-03 -8.56030127E-03
+24.35000E-06 -60.30150689E-03 +3.50000011E-03
+24.37500E-06 -60.30150689E-03 -8.56030127E-03
+24.40000E-06 -80.40200919E-03 -17.60552730E-03
+24.42500E-06 -80.40200919E-03 -11.57537661E-03
+24.45000E-06 -80.40200919E-03 -8.56030127E-03
+24.47500E-06 -80.40200919E-03 -5.54522593E-03
+24.50000E-06 -80.40200919E-03 -8.56030127E-03
+24.52500E-06 -20.10050230E-03 -8.56030127E-03
+24.55000E-06 -60.30150689E-03 +484.92476E-06
+24.57500E-06 -20.10050230E-03 -5.54522593E-03
+24.60000E-06 -80.40200919E-03 -20.62060265E-03
+24.62500E-06 +0.0E+00 -11.57537661E-03
+24.65000E-06 +0.0E+00 -11.57537661E-03
+24.67500E-06 -60.30150689E-03 -8.56030127E-03
+24.70000E-06 -20.10050230E-03 -8.56030127E-03
+24.72500E-06 -80.40200919E-03 -20.62060265E-03
+24.75000E-06 -60.30150689E-03 -8.56030127E-03
+24.77500E-06 -80.40200919E-03 -5.54522593E-03
+24.80000E-06 -20.10050230E-03 -8.56030127E-03
+24.82500E-06 -20.10050230E-03 -8.56030127E-03
+24.85000E-06 -80.40200919E-03 -8.56030127E-03
+24.87500E-06 -80.40200919E-03 +484.92476E-06
+24.90000E-06 +0.0E+00 -8.56030127E-03
+24.92500E-06 -20.10050230E-03 -5.54522593E-03
+24.95000E-06 +0.0E+00 +484.92476E-06
+24.97500E-06 -60.30150689E-03 +484.92476E-06
+25.00000E-06 -20.10050230E-03 -17.60552730E-03
+25.02500E-06 +0.0E+00 -11.57537661E-03
+25.05000E-06 -20.10050230E-03 +484.92476E-06
+25.07500E-06 -80.40200919E-03 -5.54522593E-03
+25.10000E-06 -80.40200919E-03 -8.56030127E-03
+25.12500E-06 -20.10050230E-03 -5.54522593E-03
+25.15000E-06 +0.0E+00 -11.57537661E-03
+25.17500E-06 +0.0E+00 +3.50000011E-03
+25.20000E-06 -20.10050230E-03 -8.56030127E-03
+25.22500E-06 +0.0E+00 -2.53015058E-03
+25.25000E-06 -20.10050229E-03 -20.62060265E-03
+25.27500E-06 -60.30150689E-03 +3.50000011E-03
+25.30000E-06 -60.30150689E-03 -5.54522593E-03
+25.32500E-06 -20.10050229E-03 +3.50000011E-03
+25.35000E-06 -80.40200919E-03 +484.92476E-06
+25.37500E-06 +0.0E+00 +3.50000011E-03
+25.40000E-06 -60.30150689E-03 -20.62060265E-03
+25.42500E-06 +0.0E+00 +484.92476E-06
+25.45000E-06 -60.30150689E-03 -8.56030127E-03
+25.47500E-06 -80.40200919E-03 -8.56030127E-03
+25.50000E-06 -140.70351608E-03 +3.50000011E-03
+25.52500E-06 +0.0E+00 +3.50000011E-03
+25.55000E-06 +0.0E+00 -8.56030127E-03
+25.57500E-06 +0.0E+00 -5.54522593E-03
+25.60000E-06 -80.40200919E-03 -8.56030127E-03
+25.62500E-06 +0.0E+00 -11.57537661E-03
+25.65000E-06 -60.30150689E-03 +484.92476E-06
+25.67500E-06 +0.0E+00 -5.54522593E-03
+25.70000E-06 -140.70351608E-03 -5.54522593E-03
+25.72500E-06 -60.30150690E-03 -8.56030127E-03
+25.75000E-06 -80.40200919E-03 -8.56030127E-03
+25.77500E-06 -20.10050229E-03 -5.54522593E-03
+25.80000E-06 +0.0E+00 -8.56030127E-03
+25.82500E-06 -20.10050229E-03 -8.56030127E-03
+25.85000E-06 +0.0E+00 +484.92476E-06
+25.87500E-06 +0.0E+00 -5.54522593E-03
+25.90000E-06 -80.40200919E-03 -8.56030127E-03
+25.92500E-06 -80.40200919E-03 -5.54522593E-03
+25.95000E-06 -80.40200919E-03 +484.92476E-06
+25.97500E-06 -80.40200919E-03 +3.50000011E-03
+26.00000E-06 +0.0E+00 -20.62060265E-03
+26.02500E-06 +0.0E+00 -2.53015058E-03
+26.05000E-06 +0.0E+00 +484.92476E-06
+26.07500E-06 +0.0E+00 -5.54522593E-03
+26.10000E-06 -20.10050229E-03 -8.56030127E-03
+26.12500E-06 -20.10050229E-03 +484.92476E-06
+26.15000E-06 -80.40200919E-03 +484.92476E-06
+26.17500E-06 +0.0E+00 -8.56030127E-03
+26.20000E-06 +0.0E+00 -17.60552730E-03
+26.22500E-06 -60.30150690E-03 -11.57537661E-03
+26.25000E-06 +0.0E+00 +484.92476E-06
+26.27500E-06 -80.40200919E-03 +3.50000011E-03
+26.30000E-06 +0.0E+00 -8.56030127E-03
+26.32500E-06 -80.40200919E-03 -8.56030127E-03
+26.35000E-06 -80.40200919E-03 -8.56030127E-03
+26.37500E-06 -20.10050229E-03 -5.54522593E-03
+26.40000E-06 -80.40200919E-03 -8.56030127E-03
+26.42500E-06 +0.0E+00 -8.56030127E-03
+26.45000E-06 +0.0E+00 +484.92476E-06
+26.47500E-06 -60.30150690E-03 +3.50000011E-03
+26.50000E-06 -20.10050229E-03 -8.56030127E-03
+26.52500E-06 -20.10050229E-03 -5.54522593E-03
+26.55000E-06 +0.0E+00 +3.50000011E-03
+26.57500E-06 -80.40200919E-03 -5.54522593E-03
+26.60000E-06 -60.30150690E-03 +484.92476E-06
+26.62500E-06 +0.0E+00 -11.57537661E-03
+26.65000E-06 +0.0E+00 -8.56030127E-03
+26.67500E-06 +0.0E+00 +6.51507545E-03
+26.70000E-06 -60.30150690E-03 +484.92476E-06
+26.72500E-06 -80.40200919E-03 -5.54522593E-03
+26.75000E-06 +0.0E+00 +484.92476E-06
+26.77500E-06 +0.0E+00 -8.56030127E-03
+26.80000E-06 +0.0E+00 -17.60552730E-03
+26.82500E-06 -60.30150690E-03 -11.57537661E-03
+26.85000E-06 -60.30150690E-03 +3.50000011E-03
+26.87500E-06 -80.40200919E-03 +484.92476E-06
+26.90000E-06 +0.0E+00 -5.54522593E-03
+26.92500E-06 -80.40200919E-03 -17.60552730E-03
+26.95000E-06 +0.0E+00 +484.92476E-06
+26.97500E-06 -80.40200919E-03 -17.60552730E-03
+27.00000E-06 -20.10050229E-03 -5.54522593E-03
+27.02500E-06 +0.0E+00 -8.56030127E-03
+27.05000E-06 -60.30150690E-03 +484.92476E-06
+27.07500E-06 -60.30150690E-03 -5.54522593E-03
+27.10000E-06 -80.40200919E-03 -11.57537661E-03
+27.12500E-06 +0.0E+00 -5.54522593E-03
+27.15000E-06 -60.30150690E-03 -8.56030127E-03
+27.17500E-06 -60.30150690E-03 -8.56030127E-03
+27.20000E-06 -80.40200919E-03 -17.60552731E-03
+27.22500E-06 +0.0E+00 -2.53015058E-03
+27.25000E-06 +0.0E+00 +484.92476E-06
+27.27500E-06 -60.30150690E-03 -8.56030127E-03
+27.30000E-06 -80.40200919E-03 -8.56030127E-03
+27.32500E-06 -20.10050229E-03 -5.54522593E-03
+27.35000E-06 +0.0E+00 +484.92476E-06
+27.37500E-06 -80.40200919E-03 -5.54522593E-03
+27.40000E-06 -20.10050229E-03 -5.54522593E-03
+27.42500E-06 -60.30150690E-03 +484.92476E-06
+27.45000E-06 -60.30150690E-03 +484.92476E-06
+27.47500E-06 +0.0E+00 -5.54522593E-03
+27.50000E-06 -20.10050229E-03 +3.50000011E-03
+27.52500E-06 +0.0E+00 -8.56030127E-03
+27.55000E-06 -60.30150690E-03 +484.92476E-06
+27.57500E-06 -60.30150690E-03 -5.54522593E-03
+27.60000E-06 -80.40200919E-03 -17.60552731E-03
+27.62500E-06 +0.0E+00 -8.56030127E-03
+27.65000E-06 +0.0E+00 -8.56030127E-03
+27.67500E-06 -80.40200919E-03 +3.50000011E-03
+27.70000E-06 -140.70351609E-03 +484.92476E-06
+27.72500E-06 +0.0E+00 -5.54522593E-03
+27.75000E-06 +0.0E+00 +484.92476E-06
+27.77500E-06 -60.30150690E-03 +3.50000011E-03
+27.80000E-06 -80.40200919E-03 -5.54522593E-03
+27.82500E-06 +0.0E+00 -11.57537661E-03
+27.85000E-06 -80.40200919E-03 -2.53015058E-03
+27.87500E-06 -60.30150690E-03 -5.54522593E-03
+27.90000E-06 -80.40200919E-03 +484.92476E-06
+27.92500E-06 -20.10050229E-03 -8.56030127E-03
+27.95000E-06 +0.0E+00 +3.50000011E-03
+27.97500E-06 +0.0E+00 -5.54522593E-03
+28.00000E-06 -20.10050229E-03 -20.62060265E-03
+28.02500E-06 +0.0E+00 -11.57537661E-03
+28.05000E-06 +0.0E+00 +3.50000011E-03
+28.07500E-06 -60.30150690E-03 +3.50000011E-03
+28.10000E-06 -140.70351609E-03 -8.56030127E-03
+28.12500E-06 -100.50251148E-03 -8.56030127E-03
+28.15000E-06 -20.10050229E-03 +484.92476E-06
+28.17500E-06 +0.0E+00 -8.56030127E-03
+28.20000E-06 -20.10050229E-03 -8.56030127E-03
+28.22500E-06 -20.10050229E-03 -8.56030127E-03
+28.25000E-06 -60.30150690E-03 +484.92476E-06
+28.27500E-06 -20.10050229E-03 +3.50000011E-03
+28.30000E-06 +0.0E+00 -8.56030127E-03
+28.32500E-06 -40.20100458E-03 +3.50000011E-03
+28.35000E-06 +0.0E+00 +484.92476E-06
+28.37500E-06 -60.30150690E-03 -17.60552731E-03
+28.40000E-06 -20.10050229E-03 -14.59045196E-03
+28.42500E-06 -80.40200919E-03 -8.56030127E-03
+28.45000E-06 -80.40200919E-03 -11.57537661E-03
+28.47500E-06 -20.10050229E-03 -8.56030127E-03
+28.50000E-06 -140.70351609E-03 -5.54522593E-03
+28.52500E-06 -40.20100458E-03 -17.60552731E-03
+28.55000E-06 +0.0E+00 +484.92476E-06
+28.57500E-06 -20.10050229E-03 +484.92476E-06
+28.60000E-06 +0.0E+00 +3.50000011E-03
+28.62500E-06 +0.0E+00 -11.57537661E-03
+28.65000E-06 -60.30150690E-03 -5.54522593E-03
+28.67500E-06 -60.30150690E-03 +484.92476E-06
+28.70000E-06 -80.40200919E-03 -8.56030127E-03
+28.72500E-06 -20.10050229E-03 -5.54522593E-03
+28.75000E-06 -80.40200919E-03 +3.50000011E-03
+28.77500E-06 -20.10050229E-03 +3.50000011E-03
+28.80000E-06 -80.40200919E-03 -17.60552731E-03
+28.82500E-06 +0.0E+00 -8.56030127E-03
+28.85000E-06 -60.30150690E-03 -8.56030127E-03
+28.87500E-06 -60.30150690E-03 +484.92476E-06
+28.90000E-06 -20.10050229E-03 +3.50000011E-03
+28.92500E-06 +0.0E+00 -8.56030127E-03
+28.95000E-06 -60.30150690E-03 +484.92476E-06
+28.97500E-06 +0.0E+00 -8.56030127E-03
+29.00000E-06 -20.10050229E-03 -17.60552731E-03
+29.02500E-06 +0.0E+00 -8.56030127E-03
+29.05000E-06 +0.0E+00 -8.56030127E-03
+29.07500E-06 -80.40200919E-03 +3.50000011E-03
+29.10000E-06 -80.40200919E-03 +484.92476E-06
+29.12500E-06 -80.40200919E-03 -5.54522593E-03
+29.15000E-06 -60.30150690E-03 +3.50000011E-03
+29.17500E-06 -20.10050229E-03 -8.56030127E-03
+29.20000E-06 -60.30150690E-03 -17.60552731E-03
+29.22500E-06 -20.10050229E-03 +484.92476E-06
+29.25000E-06 +60.30150690E-03 +484.92476E-06
+29.27500E-06 -20.10050229E-03 +3.50000011E-03
+29.30000E-06 +0.0E+00 -8.56030127E-03
+29.32500E-06 -20.10050229E-03 -8.56030127E-03
+29.35000E-06 -80.40200919E-03 -8.56030127E-03
+29.37500E-06 -80.40200919E-03 -17.60552731E-03
+29.40000E-06 -40.20100457E-03 -17.60552731E-03
+29.42500E-06 +0.0E+00 -8.56030127E-03
+29.45000E-06 -60.30150690E-03 +484.92477E-06
+29.47500E-06 -60.30150690E-03 +3.50000011E-03
+29.50000E-06 -60.30150690E-03 -8.56030127E-03
+29.52500E-06 -20.10050229E-03 +3.50000011E-03
+29.55000E-06 -80.40200919E-03 -5.54522593E-03
+29.57500E-06 -80.40200919E-03 +3.50000011E-03
+29.60000E-06 -20.10050229E-03 -5.54522593E-03
+29.62500E-06 +0.0E+00 -11.57537661E-03
+29.65000E-06 +0.0E+00 +3.50000011E-03
+29.67500E-06 +0.0E+00 +3.50000011E-03
+29.70000E-06 -120.60301381E-03 -8.56030127E-03
+29.72500E-06 +0.0E+00 -5.54522593E-03
+29.75000E-06 -80.40200919E-03 +3.50000011E-03
+29.77500E-06 -80.40200919E-03 -5.54522593E-03
+29.80000E-06 -20.10050229E-03 -8.56030127E-03
+29.82500E-06 +0.0E+00 -8.56030127E-03
+29.85000E-06 -60.30150690E-03 -2.53015058E-03
+29.87500E-06 -80.40200919E-03 +3.50000011E-03
+29.90000E-06 -120.60301381E-03 -8.56030127E-03
+29.92500E-06 -80.40200919E-03 -5.54522593E-03
+29.95000E-06 -80.40200919E-03 -2.53015058E-03
+29.97500E-06 -60.30150690E-03 -8.56030127E-03
+30.00000E-06 -20.10050229E-03 -8.56030127E-03
+30.02500E-06 +0.0E+00 -11.57537661E-03
+30.05000E-06 -60.30150690E-03 -5.54522593E-03
+30.07500E-06 -60.30150690E-03 -5.54522593E-03
+30.10000E-06 -140.70351609E-03 -8.56030127E-03
+30.12500E-06 -20.10050229E-03 -17.60552731E-03
+30.15000E-06 -60.30150690E-03 -5.54522593E-03
+30.17500E-06 -80.40200919E-03 +484.92477E-06
+30.20000E-06 -80.40200919E-03 -17.60552731E-03
+30.22500E-06 +0.0E+00 +484.92477E-06
+30.25000E-06 -60.30150690E-03 +3.50000011E-03
+30.27500E-06 -60.30150690E-03 +3.50000011E-03
+30.30000E-06 +0.0E+00 -8.56030127E-03
+30.32500E-06 +0.0E+00 -8.56030127E-03
+30.35000E-06 +0.0E+00 -8.56030127E-03
+30.37500E-06 +0.0E+00 -5.54522593E-03
+30.40000E-06 -20.10050228E-03 -17.60552731E-03
+30.42500E-06 -60.30150690E-03 +484.92477E-06
+30.45000E-06 -80.40200919E-03 -8.56030127E-03
+30.47500E-06 -60.30150690E-03 +3.50000011E-03
+30.50000E-06 -120.60301381E-03 -5.54522593E-03
+30.52500E-06 -40.20100457E-03 -8.56030127E-03
+30.55000E-06 -80.40200919E-03 -11.57537661E-03
+30.57500E-06 -20.10050228E-03 -5.54522593E-03
+30.60000E-06 -20.10050228E-03 -20.62060265E-03
+30.62500E-06 +0.0E+00 -2.53015058E-03
+30.65000E-06 +0.0E+00 +3.50000011E-03
+30.67500E-06 -60.30150690E-03 -5.54522593E-03
+30.70000E-06 -120.60301381E-03 +484.92477E-06
+30.72500E-06 -20.10050228E-03 -11.57537661E-03
+30.75000E-06 +0.0E+00 +484.92477E-06
+30.77500E-06 -80.40200919E-03 -5.54522593E-03
+30.80000E-06 -80.40200919E-03 -14.59045196E-03
+30.82500E-06 +0.0E+00 -11.57537661E-03
+30.85000E-06 -60.30150691E-03 +6.51507545E-03
+30.87500E-06 -20.10050228E-03 +484.92477E-06
+30.90000E-06 -140.70351609E-03 -8.56030127E-03
+30.92500E-06 -20.10050228E-03 -5.54522593E-03
+30.95000E-06 +0.0E+00 -11.57537661E-03
+30.97500E-06 -60.30150691E-03 -8.56030127E-03
+31.00000E-06 +0.0E+00 -17.60552731E-03
+31.02500E-06 +60.30150691E-03 -8.56030127E-03
+31.05000E-06 +0.0E+00 +484.92477E-06
+31.07500E-06 -80.40200919E-03 -5.54522593E-03
+31.10000E-06 -80.40200919E-03 -8.56030127E-03
+31.12500E-06 -80.40200919E-03 -17.60552731E-03
+31.15000E-06 -60.30150691E-03 -8.56030127E-03
+31.17500E-06 -80.40200919E-03 -8.56030127E-03
+31.20000E-06 +0.0E+00 -17.60552731E-03
+31.22500E-06 -60.30150691E-03 -2.53015058E-03
+31.25000E-06 -20.10050228E-03 +484.92477E-06
+31.27500E-06 -60.30150691E-03 +484.92477E-06
+31.30000E-06 +0.0E+00 -8.56030127E-03
+31.32500E-06 -80.40200919E-03 -8.56030127E-03
+31.35000E-06 -60.30150691E-03 -8.56030127E-03
+31.37500E-06 -80.40200919E-03 -8.56030127E-03
+31.40000E-06 -20.10050228E-03 -8.56030127E-03
+31.42500E-06 -80.40200919E-03 -11.57537661E-03
+31.45000E-06 +0.0E+00 -8.56030127E-03
+31.47500E-06 -40.20100462E-03 -8.56030127E-03
+31.50000E-06 -140.70351610E-03 +3.50000011E-03
+31.52500E-06 -80.40200919E-03 -17.60552731E-03
+31.55000E-06 -60.30150691E-03 -8.56030127E-03
+31.57500E-06 -60.30150691E-03 -8.56030127E-03
+31.60000E-06 -20.10050228E-03 -17.60552731E-03
+31.62500E-06 -20.10050228E-03 -2.53015058E-03
+31.65000E-06 +0.0E+00 +484.92477E-06
+31.67500E-06 -60.30150691E-03 -8.56030127E-03
+31.70000E-06 -60.30150691E-03 -8.56030127E-03
+31.72500E-06 -20.10050228E-03 -8.56030127E-03
+31.75000E-06 +0.0E+00 -8.56030127E-03
+31.77500E-06 -80.40200919E-03 -5.54522593E-03
+31.80000E-06 -20.10050228E-03 -5.54522593E-03
+31.82500E-06 -20.10050228E-03 +484.92477E-06
+31.85000E-06 -60.30150691E-03 -8.56030127E-03
+31.87500E-06 -60.30150691E-03 -5.54522593E-03
+31.90000E-06 +0.0E+00 -8.56030127E-03
+31.92500E-06 -20.10050228E-03 -8.56030127E-03
+31.95000E-06 -60.30150691E-03 -11.57537661E-03
+31.97500E-06 -60.30150691E-03 -8.56030127E-03
+32.00000E-06 -20.10050228E-03 -17.60552731E-03
+32.02500E-06 +0.0E+00 -20.62060265E-03
+32.05000E-06 -20.10050228E-03 +3.50000011E-03
+32.07500E-06 -60.30150691E-03 +484.92477E-06
+32.10000E-06 -80.40200919E-03 -8.56030127E-03
+32.12500E-06 -20.10050228E-03 -8.56030127E-03
+32.15000E-06 -60.30150691E-03 +484.92477E-06
+32.17500E-06 -80.40200919E-03 -8.56030127E-03
+32.20000E-06 -20.10050228E-03 -8.56030127E-03
+32.22500E-06 -80.40200919E-03 -2.53015058E-03
+32.25000E-06 -20.10050228E-03 -8.56030127E-03
+32.27500E-06 -80.40200919E-03 -8.56030127E-03
+32.30000E-06 +0.0E+00 -8.56030127E-03
+32.32500E-06 -40.20100456E-03 -5.54522593E-03
+32.35000E-06 +0.0E+00 -8.56030127E-03
+32.37500E-06 +0.0E+00 -8.56030127E-03
+32.40000E-06 -80.40200919E-03 -17.60552731E-03
+32.42500E-06 +20.10050228E-03 -11.57537661E-03
+32.45000E-06 +0.0E+00 +484.92477E-06
+32.47500E-06 -20.10050228E-03 -8.56030127E-03
+32.50000E-06 -20.10050228E-03 -5.54522593E-03
+32.52500E-06 -20.10050228E-03 -17.60552731E-03
+32.55000E-06 -60.30150691E-03 -8.56030127E-03
+32.57500E-06 -80.40200919E-03 -8.56030127E-03
+32.60000E-06 -20.10050228E-03 -17.60552731E-03
+32.62500E-06 -60.30150691E-03 -8.56030127E-03
+32.65000E-06 -60.30150691E-03 -8.56030127E-03
+32.67500E-06 +0.0E+00 -8.56030127E-03
+32.70000E-06 -140.70351610E-03 -8.56030127E-03
+32.72500E-06 -20.10050228E-03 -5.54522593E-03
+32.75000E-06 +0.0E+00 -11.57537661E-03
+32.77500E-06 -80.40200919E-03 -5.54522593E-03
+32.80000E-06 -20.10050228E-03 -17.60552731E-03
+32.82500E-06 +0.0E+00 -8.56030127E-03
+32.85000E-06 -60.30150691E-03 +12.54522614E-03
+32.87500E-06 -80.40200919E-03 -5.54522593E-03
+32.90000E-06 -80.40200919E-03 -8.56030127E-03
+32.92500E-06 -20.10050228E-03 -8.56030127E-03
+32.95000E-06 +0.0E+00 +3.50000011E-03
+32.97500E-06 -60.30150691E-03 +3.50000011E-03
+33.00000E-06 -60.30150691E-03 -8.56030127E-03
+33.02500E-06 +0.0E+00 -11.57537661E-03
+33.05000E-06 -60.30150691E-03 -8.56030127E-03
+33.07500E-06 -80.40200919E-03 -5.54522593E-03
+33.10000E-06 -80.40200919E-03 -8.56030127E-03
+33.12500E-06 -40.20100456E-03 -5.54522593E-03
+33.15000E-06 -80.40200919E-03 -8.56030127E-03
+33.17500E-06 -80.40200919E-03 -8.56030127E-03
+33.20000E-06 -20.10050228E-03 -8.56030127E-03
+33.22500E-06 -60.30150691E-03 -11.57537661E-03
+33.25000E-06 -60.30150691E-03 -8.56030127E-03
+33.27500E-06 -80.40200919E-03 -5.54522593E-03
+33.30000E-06 -60.30150691E-03 +3.50000011E-03
+33.32500E-06 -20.10050228E-03 -8.56030127E-03
+33.35000E-06 -60.30150691E-03 +3.50000011E-03
+33.37500E-06 -60.30150691E-03 -5.54522593E-03
+33.40000E-06 -20.10050228E-03 -8.56030127E-03
+33.42500E-06 -60.30150691E-03 -11.57537661E-03
+33.45000E-06 +60.30150691E-03 +3.50000011E-03
+33.47500E-06 -60.30150691E-03 -8.56030127E-03
+33.50000E-06 -20.10050228E-03 -11.57537661E-03
+33.52500E-06 -20.10050228E-03 -5.54522593E-03
+33.55000E-06 -60.30150691E-03 -20.62060265E-03
+33.57500E-06 -60.30150691E-03 +3.50000011E-03
+33.60000E-06 +0.0E+00 -8.56030127E-03
+33.62500E-06 +0.0E+00 -5.54522593E-03
+33.65000E-06 -80.40200919E-03 +484.92477E-06
+33.67500E-06 -80.40200919E-03 -8.56030127E-03
+33.70000E-06 -80.40200919E-03 -8.56030127E-03
+33.72500E-06 -80.40200919E-03 -17.60552731E-03
+33.75000E-06 -80.40200919E-03 -11.57537661E-03
+33.77500E-06 -80.40200919E-03 -8.56030127E-03
+33.80000E-06 +0.0E+00 -17.60552731E-03
+33.82500E-06 -20.10050228E-03 -2.53015058E-03
+33.85000E-06 -80.40200919E-03 +484.92477E-06
+33.87500E-06 -60.30150691E-03 +3.50000011E-03
+33.90000E-06 -60.30150691E-03 -8.56030127E-03
+33.92500E-06 -20.10050228E-03 -8.56030127E-03
+33.95000E-06 -80.40200919E-03 +484.92477E-06
+33.97500E-06 -80.40200919E-03 -5.54522593E-03
+34.00000E-06 -80.40200919E-03 -8.56030127E-03
+34.02500E-06 +0.0E+00 -8.56030127E-03
+34.05000E-06 -80.40200919E-03 +484.92477E-06
+34.07500E-06 -80.40200919E-03 +3.50000011E-03
+34.10000E-06 -60.30150691E-03 -8.56030127E-03
+34.12500E-06 -80.40200919E-03 -20.62060265E-03
+34.15000E-06 -60.30150691E-03 +3.50000011E-03
+34.17500E-06 +0.0E+00 -5.54522593E-03
+34.20000E-06 +0.0E+00 -20.62060265E-03
+34.22500E-06 -80.40200919E-03 -17.60552731E-03
+34.25000E-06 -60.30150691E-03 +3.50000011E-03
+34.27500E-06 +0.0E+00 -5.54522593E-03
+34.30000E-06 -60.30150691E-03 +484.92477E-06
+34.32500E-06 -20.10050228E-03 -17.60552731E-03
+34.35000E-06 -80.40200919E-03 +484.92477E-06
+34.37500E-06 -80.40200919E-03 -5.54522593E-03
+34.40000E-06 +0.0E+00 -8.56030127E-03
+34.42500E-06 -60.30150691E-03 -2.53015058E-03
+34.45000E-06 +0.0E+00 +484.92477E-06
+34.47500E-06 -60.30150691E-03 -5.54522593E-03
+34.50000E-06 -80.40200919E-03 -5.54522593E-03
+34.52500E-06 -80.40200919E-03 +484.92477E-06
+34.55000E-06 -60.30150691E-03 -11.57537661E-03
+34.57500E-06 -80.40200919E-03 -5.54522593E-03
+34.60000E-06 -20.10050228E-03 -8.56030127E-03
+34.62500E-06 +0.0E+00 +484.92477E-06
+34.65000E-06 +0.0E+00 -11.57537661E-03
+34.67500E-06 -60.30150691E-03 +484.92477E-06
+34.70000E-06 -60.30150691E-03 -5.54522593E-03
+34.72500E-06 -20.10050228E-03 -8.56030127E-03
+34.75000E-06 -60.30150691E-03 +3.50000011E-03
+34.77500E-06 +0.0E+00 +3.50000011E-03
+34.80000E-06 -80.40200919E-03 -17.60552731E-03
+34.82500E-06 -60.30150691E-03 -11.57537661E-03
+34.85000E-06 -80.40200919E-03 +484.92477E-06
+34.87500E-06 -80.40200919E-03 +484.92477E-06
+34.90000E-06 -80.40200919E-03 -11.57537661E-03
+34.92500E-06 -60.30150691E-03 -17.60552731E-03
+34.95000E-06 -60.30150691E-03 -2.53015057E-03
+34.97500E-06 -80.40200919E-03 -8.56030127E-03
+35.00000E-06 -60.30150691E-03 -5.54522593E-03
+35.02500E-06 -60.30150691E-03 +484.92477E-06
+35.05000E-06 +0.0E+00 -2.53015057E-03
+35.07500E-06 -60.30150691E-03 -8.56030127E-03
+35.10000E-06 -20.10050228E-03 +3.50000011E-03
+35.12500E-06 -20.10050228E-03 +3.50000011E-03
+35.15000E-06 -80.40200919E-03 -2.53015057E-03
+35.17500E-06 -60.30150691E-03 -8.56030127E-03
+35.20000E-06 -20.10050228E-03 -14.59045197E-03
+35.22500E-06 -20.10050228E-03 +484.92477E-06
+35.25000E-06 +0.0E+00 +3.50000011E-03
+35.27500E-06 +0.0E+00 -8.56030127E-03
+35.30000E-06 -80.40200919E-03 -5.54522593E-03
+35.32500E-06 -80.40200919E-03 -8.56030127E-03
+35.35000E-06 -80.40200919E-03 -8.56030127E-03
+35.37500E-06 -80.40200919E-03 -8.56030127E-03
+35.40000E-06 +0.0E+00 -5.54522593E-03
+35.42500E-06 +0.0E+00 -11.57537661E-03
+35.45000E-06 -60.30150691E-03 +484.92477E-06
+35.47500E-06 -80.40200919E-03 -5.54522593E-03
+35.50000E-06 -60.30150691E-03 -5.54522593E-03
+35.52500E-06 -80.40200919E-03 -8.56030127E-03
+35.55000E-06 -60.30150691E-03 -8.56030127E-03
+35.57500E-06 -80.40200919E-03 +484.92477E-06
+35.60000E-06 +0.0E+00 -8.56030127E-03
+35.62500E-06 -60.30150691E-03 -8.56030127E-03
+35.65000E-06 +0.0E+00 -8.56030127E-03
+35.67500E-06 -60.30150691E-03 -2.53015057E-03
+35.70000E-06 -80.40200919E-03 -8.56030127E-03
+35.72500E-06 -40.20100455E-03 -5.54522593E-03
+35.75000E-06 -60.30150691E-03 -11.57537661E-03
+35.77500E-06 -80.40200919E-03 -8.56030127E-03
+35.80000E-06 -20.10050227E-03 -8.56030127E-03
+35.82500E-06 +0.0E+00 -11.57537661E-03
+35.85000E-06 +0.0E+00 -2.53015057E-03
+35.87500E-06 +0.0E+00 -5.54522593E-03
+35.90000E-06 -80.40200919E-03 -8.56030127E-03
+35.92500E-06 -20.10050227E-03 +484.92477E-06
+35.95000E-06 +0.0E+00 -11.57537661E-03
+35.97500E-06 -80.40200919E-03 -14.59045197E-03
+36.00000E-06 -20.10050227E-03 -20.62060265E-03
+36.02500E-06 +0.0E+00 -8.56030127E-03
+36.05000E-06 -20.10050227E-03 -8.56030127E-03
+36.07500E-06 -60.30150692E-03 -5.54522593E-03
+36.10000E-06 -80.40200919E-03 -5.54522593E-03
+36.12500E-06 +0.0E+00 -5.54522593E-03
+36.15000E-06 -80.40200919E-03 -8.56030127E-03
+36.17500E-06 -80.40200919E-03 -17.60552731E-03
+36.20000E-06 -20.10050227E-03 -17.60552731E-03
+36.22500E-06 +0.0E+00 -2.53015057E-03
+36.25000E-06 +0.0E+00 +484.92477E-06
+36.27500E-06 -60.30150692E-03 -17.60552731E-03
+36.30000E-06 -80.40200919E-03 +3.50000011E-03
+36.32500E-06 -20.10050227E-03 +484.92477E-06
+36.35000E-06 -60.30150692E-03 +484.92477E-06
+36.37500E-06 -80.40200919E-03 +484.92477E-06
+36.40000E-06 -20.10050227E-03 -14.59045197E-03
+36.42500E-06 +0.0E+00 -2.53015057E-03
+36.45000E-06 +60.30150692E-03 -8.56030127E-03
+36.47500E-06 -60.30150692E-03 +3.50000011E-03
+36.50000E-06 -80.40200919E-03 -5.54522593E-03
+36.52500E-06 +0.0E+00 -8.56030127E-03
+36.55000E-06 +0.0E+00 -17.60552731E-03
+36.57500E-06 +0.0E+00 -5.54522593E-03
+36.60000E-06 -20.10050227E-03 -17.60552731E-03
+36.62500E-06 -80.40200919E-03 +484.92477E-06
+36.65000E-06 -60.30150692E-03 +484.92477E-06
+36.67500E-06 -60.30150692E-03 -5.54522593E-03
+36.70000E-06 -60.30150692E-03 +3.50000011E-03
+36.72500E-06 -40.20100454E-03 -17.60552731E-03
+36.75000E-06 -80.40200919E-03 -8.56030127E-03
+36.77500E-06 -20.10050227E-03 -8.56030127E-03
+36.80000E-06 -20.10050227E-03 -14.59045197E-03
+36.82500E-06 +0.0E+00 -11.57537661E-03
+36.85000E-06 +0.0E+00 +3.50000011E-03
+36.87500E-06 -60.30150692E-03 +12.54522615E-03
+36.90000E-06 -140.70351611E-03 -8.56030127E-03
+36.92500E-06 -80.40200919E-03 -17.60552731E-03
+36.95000E-06 -80.40200919E-03 -8.56030127E-03
+36.97500E-06 -60.30150692E-03 +3.50000011E-03
+37.00000E-06 +0.0E+00 -5.54522593E-03
+37.02500E-06 -20.10050227E-03 -11.57537661E-03
+37.05000E-06 -60.30150692E-03 +484.92477E-06
+37.07500E-06 -60.30150692E-03 +3.50000011E-03
+37.10000E-06 -60.30150692E-03 -8.56030127E-03
+37.12500E-06 -20.10050227E-03 -17.60552731E-03
+37.15000E-06 +0.0E+00 -11.57537661E-03
+37.17500E-06 -80.40200919E-03 -8.56030127E-03
+37.20000E-06 -80.40200919E-03 -17.60552731E-03
+37.22500E-06 -80.40200919E-03 -20.62060265E-03
+37.25000E-06 -60.30150692E-03 +484.92477E-06
+37.27500E-06 -60.30150692E-03 -8.56030127E-03
+37.30000E-06 -80.40200919E-03 -5.54522593E-03
+37.32500E-06 -80.40200919E-03 -8.56030127E-03
+37.35000E-06 -60.30150692E-03 -11.57537661E-03
+37.37500E-06 -20.10050227E-03 -8.56030127E-03
+37.40000E-06 +0.0E+00 -17.60552731E-03
+37.42500E-06 -20.10050227E-03 -20.62060265E-03
+37.45000E-06 -80.40200919E-03 +3.50000011E-03
+37.47500E-06 -80.40200919E-03 +3.50000011E-03
+37.50000E-06 -80.40200919E-03 -5.54522593E-03
+37.52500E-06 -80.40200919E-03 -5.54522593E-03
+37.55000E-06 +20.10050227E-03 -11.57537661E-03
+37.57500E-06 -60.30150692E-03 +3.50000011E-03
+37.60000E-06 -20.10050227E-03 -20.62060265E-03
+37.62500E-06 -80.40200919E-03 -2.53015057E-03
+37.65000E-06 -20.10050227E-03 +3.50000011E-03
+37.67500E-06 -20.10050227E-03 +484.92477E-06
+37.70000E-06 +0.0E+00 -8.56030127E-03
+37.72500E-06 -20.10050227E-03 -17.60552731E-03
+37.75000E-06 -60.30150692E-03 -11.57537661E-03
+37.77500E-06 -100.50251146E-03 -8.56030127E-03
+37.80000E-06 +0.0E+00 -17.60552731E-03
+37.82500E-06 +0.0E+00 -8.56030127E-03
+37.85000E-06 +20.10050227E-03 -8.56030127E-03
+37.87500E-06 +0.0E+00 -5.54522593E-03
+37.90000E-06 -140.70351611E-03 -8.56030127E-03
+37.92500E-06 -100.50251146E-03 -11.57537661E-03
+37.95000E-06 -60.30150692E-03 +3.50000011E-03
+37.97500E-06 +0.0E+00 -5.54522593E-03
+38.00000E-06 +0.0E+00 -17.60552731E-03
+38.02500E-06 +0.0E+00 -11.57537661E-03
+38.05000E-06 -80.40200919E-03 -11.57537661E-03
+38.07500E-06 -60.30150692E-03 -8.56030127E-03
+38.10000E-06 +0.0E+00 +484.92477E-06
+38.12500E-06 +40.20100465E-03 +3.50000011E-03
+38.15000E-06 -20.10050227E-03 +484.92477E-06
+38.17500E-06 -80.40200919E-03 -8.56030127E-03
+38.20000E-06 -100.50251146E-03 -17.60552731E-03
+38.22500E-06 +0.0E+00 -8.56030127E-03
+38.25000E-06 -60.30150692E-03 -8.56030127E-03
+38.27500E-06 +0.0E+00 +3.50000011E-03
+38.30000E-06 +0.0E+00 -8.56030127E-03
+38.32500E-06 -100.50251146E-03 -17.60552731E-03
+38.35000E-06 -140.70351611E-03 -8.56030127E-03
+38.37500E-06 -20.10050227E-03 -5.54522593E-03
+38.40000E-06 +0.0E+00 -8.56030127E-03
+38.42500E-06 +60.30150692E-03 +484.92477E-06
+38.45000E-06 -20.10050227E-03 +484.92477E-06
+38.47500E-06 -140.70351611E-03 -11.57537661E-03
+38.50000E-06 -140.70351611E-03 -5.54522593E-03
+38.52500E-06 -80.40200919E-03 +3.50000011E-03
+38.55000E-06 +20.10050227E-03 +21.59045218E-03
+38.57500E-06 +0.0E+00 -5.54522593E-03
+38.60000E-06 -20.10050227E-03 -11.57537661E-03
+38.62500E-06 -80.40200919E-03 -8.56030127E-03
+38.65000E-06 -80.40200919E-03 +484.92477E-06
+38.67500E-06 +20.10050227E-03 +6.51507545E-03
+38.70000E-06 +60.30150692E-03 +484.92477E-06
+38.72500E-06 +60.30150692E-03 +484.92477E-06
+38.75000E-06 -80.40200919E-03 -11.57537661E-03
+38.77500E-06 -140.70351611E-03 -14.59045197E-03
+38.80000E-06 -60.30150692E-03 -5.54522593E-03
+38.82500E-06 +20.10050227E-03 -8.56030127E-03
+38.85000E-06 +80.40200919E-03 +484.92477E-06
+38.87500E-06 +0.0E+00 -11.57537661E-03
+38.90000E-06 -140.70351611E-03 -8.56030127E-03
+38.92500E-06 -160.80401838E-03 -8.56030127E-03
+38.95000E-06 +0.0E+00 -5.54522593E-03
+38.97500E-06 +0.0E+00 +3.50000011E-03
+39.00000E-06 +60.30150692E-03 -8.56030127E-03
+39.02500E-06 +0.0E+00 -2.53015057E-03
+39.05000E-06 -180.90452065E-03 -8.56030127E-03
+39.07500E-06 -80.40200919E-03 +3.50000011E-03
+39.10000E-06 -60.30150692E-03 +6.51507545E-03
+39.12500E-06 +60.30150692E-03 +6.51507545E-03
+39.15000E-06 +0.0E+00 +484.92477E-06
+39.17500E-06 -100.50251146E-03 -5.54522593E-03
+39.20000E-06 -160.80401838E-03 -29.66582869E-03
+39.22500E-06 -80.40200919E-03 -8.56030127E-03
+39.25000E-06 +60.30150692E-03 +12.54522615E-03
+39.27500E-06 +80.40200919E-03 +3.50000011E-03
+39.30000E-06 +0.0E+00 +484.92477E-06
+39.32500E-06 -120.60301372E-03 -17.60552731E-03
+39.35000E-06 -221.10552530E-03 -2.53015057E-03
+39.37500E-06 -80.40200919E-03 +3.50000011E-03
+39.40000E-06 +80.40200919E-03 +484.92477E-06
+39.42500E-06 +140.70351611E-03 -8.56030127E-03
+39.45000E-06 -60.30150692E-03 +3.50000011E-03
+39.47500E-06 -180.90452065E-03 -17.60552731E-03
+39.50000E-06 -281.40703222E-03 -5.54522593E-03
+39.52500E-06 +0.0E+00 +6.51507545E-03
+39.55000E-06 +160.80401838E-03 +3.50000011E-03
+39.57500E-06 +60.30150692E-03 -8.56030127E-03
+39.60000E-06 -80.40200919E-03 -20.62060265E-03
+39.62500E-06 -221.10552530E-03 -20.62060265E-03
+39.65000E-06 -160.80401838E-03 +3.50000011E-03
+39.67500E-06 +20.10050227E-03 +6.51507545E-03
+39.70000E-06 +160.80401838E-03 +3.50000011E-03
+39.72500E-06 +60.30150692E-03 -5.54522593E-03
+39.75000E-06 -160.80401838E-03 -11.57537661E-03
+39.77500E-06 -180.90452064E-03 -20.62060265E-03
+39.80000E-06 -160.80401838E-03 -5.54522593E-03
+39.82500E-06 +140.70351611E-03 +12.54522615E-03
+39.85000E-06 +160.80401838E-03 +21.59045218E-03
+39.87500E-06 +0.0E+00 -8.56030127E-03
+39.90000E-06 -160.80401838E-03 -11.57537661E-03
+39.92500E-06 -180.90452064E-03 -17.60552731E-03
+39.95000E-06 -80.40200919E-03 +3.50000011E-03
+39.97500E-06 +160.80401838E-03 +3.50000011E-03
+40.00000E-06 +140.70351611E-03 -8.56030127E-03
+40.02500E-06 -20.10050227E-03 -20.62060265E-03
+40.05000E-06 -261.30652983E-03 -23.63567799E-03
+40.07500E-06 -221.10552530E-03 -8.56030127E-03
+40.10000E-06 +20.10050227E-03 +6.51507545E-03
+40.12500E-06 +160.80401838E-03 +15.56030149E-03
+40.15000E-06 +80.40200919E-03 -8.56030127E-03
+40.17500E-06 -100.50251145E-03 -20.62060265E-03
+40.20000E-06 -261.30652983E-03 -20.62060265E-03
+40.22500E-06 -140.70351611E-03 +484.92477E-06
+40.25000E-06 +100.50251145E-03 +24.60552752E-03
+40.27500E-06 +221.10552530E-03 +3.50000011E-03
+40.30000E-06 +60.30150692E-03 -8.56030127E-03
+40.32500E-06 -241.20602757E-03 -32.68090403E-03
+40.35000E-06 -381.90954368E-03 -17.60552731E-03
+40.37500E-06 -140.70351611E-03 -8.56030127E-03
+40.40000E-06 +160.80401838E-03 -5.54522593E-03
+40.42500E-06 +160.80401838E-03 +484.92477E-06
+40.45000E-06 -20.10050227E-03 +484.92477E-06
+40.47500E-06 -261.30652983E-03 -20.62060265E-03
+40.50000E-06 -301.50753449E-03 -8.56030127E-03
+40.52500E-06 -60.30150692E-03 +3.50000011E-03
+40.55000E-06 +241.20602757E-03 +12.54522615E-03
+40.57500E-06 +140.70351611E-03 -8.56030127E-03
+40.60000E-06 -120.60301372E-03 -11.57537661E-03
+40.62500E-06 -341.70853902E-03 -23.63567799E-03
+40.65000E-06 -301.50753449E-03 +3.50000011E-03
+40.67500E-06 +100.50251145E-03 +15.56030149E-03
+40.70000E-06 +261.30652983E-03 +12.54522615E-03
+40.72500E-06 +140.70351611E-03 +484.92477E-06
+40.75000E-06 -241.20602757E-03 -23.63567799E-03
+40.77500E-06 -402.01004595E-03 -26.65075335E-03
+40.80000E-06 -160.80401838E-03 -5.54522593E-03
+40.82500E-06 +180.90452064E-03 +12.54522615E-03
+40.85000E-06 +321.60803676E-03 +12.54522615E-03
+40.87500E-06 +60.30150692E-03 -11.57537661E-03
+40.90000E-06 -402.01004595E-03 -32.68090403E-03
+40.92500E-06 -402.01004595E-03 -32.68090403E-03
+40.95000E-06 -60.30150692E-03 +3.50000011E-03
+40.97500E-06 +261.30652983E-03 +24.60552753E-03
+41.00000E-06 +301.50753449E-03 +3.50000011E-03
+41.02500E-06 -100.50251145E-03 -23.63567799E-03
+41.05000E-06 -341.70853902E-03 -29.66582869E-03
+41.07500E-06 -381.90954368E-03 -5.54522593E-03
+41.10000E-06 +40.20100453E-03 +18.57537683E-03
+41.12500E-06 +402.01004595E-03 +27.62060286E-03
+41.15000E-06 +221.10552530E-03 +3.50000011E-03
+41.17500E-06 -180.90452064E-03 -32.68090403E-03
+41.20000E-06 -422.11054821E-03 -50.77135610E-03
+41.22500E-06 -281.40703223E-03 -8.56030127E-03
+41.25000E-06 +180.90452064E-03 +27.62060286E-03
+41.27500E-06 +402.01004595E-03 +24.60552753E-03
+41.30000E-06 +60.30150693E-03 -8.56030127E-03
+41.32500E-06 -341.70853902E-03 -41.72613007E-03
+41.35000E-06 -562.81406432E-03 -20.62060265E-03
+41.37500E-06 -140.70351611E-03 +6.51507545E-03
+41.40000E-06 +321.60803676E-03 +21.59045217E-03
+41.42500E-06 +381.90954368E-03 +15.56030149E-03
+41.45000E-06 +40.20100466E-03 -20.62060265E-03
+41.47500E-06 -482.41205513E-03 -41.72613007E-03
+41.50000E-06 -542.71356206E-03 -17.60552731E-03
+41.52500E-06 -60.30150693E-03 +15.56030149E-03
+41.55000E-06 +482.41205513E-03 +33.65075356E-03
+41.57500E-06 +381.90954368E-03 -8.56030127E-03
+41.60000E-06 -120.60301371E-03 -53.78643144E-03
+41.62500E-06 -623.11557125E-03 -35.69597937E-03
+41.65000E-06 -402.01004595E-03 -8.56030127E-03
+41.67500E-06 +180.90452064E-03 +27.62060286E-03
+41.70000E-06 +482.41205513E-03 +36.66582890E-03
+41.72500E-06 +221.10552530E-03 +484.92477E-06
+41.75000E-06 -261.30652983E-03 -38.71105471E-03
+41.77500E-06 -703.51758044E-03 -32.68090403E-03
+41.80000E-06 -241.20602757E-03 -5.54522593E-03
+41.82500E-06 +341.70853902E-03 +36.66582890E-03
+41.85000E-06 +582.91456659E-03 +12.54522615E-03
+41.87500E-06 +140.70351612E-03 -11.57537661E-03
+41.90000E-06 -502.51255740E-03 -56.80150678E-03
+41.92500E-06 -643.21607351E-03 -29.66582869E-03
+41.95000E-06 -120.60301385E-03 +18.57537683E-03
+41.97500E-06 +502.51255740E-03 +36.66582890E-03
+42.00000E-06 +542.71356206E-03 +6.51507545E-03
+42.02500E-06 -20.10050226E-03 -44.74120541E-03
+42.05000E-06 -663.31657578E-03 -56.80150678E-03
+42.07500E-06 -542.71356206E-03 -17.60552731E-03
+42.10000E-06 +60.30150679E-03 +39.68090424E-03
+42.12500E-06 +643.21607351E-03 +48.72613028E-03
+42.15000E-06 +442.21105061E-03 +484.92477E-06
+42.17500E-06 -281.40703209E-03 -35.69597937E-03
+42.20000E-06 -804.02009189E-03 -62.83165748E-03
+42.22500E-06 -442.21105061E-03 +3.50000011E-03
+42.25000E-06 +301.50753435E-03 +39.68090424E-03
+42.27500E-06 +723.61808270E-03 +27.62060286E-03
+42.30000E-06 +301.50753449E-03 -11.57537661E-03
+42.32500E-06 -522.61305966E-03 -65.84673282E-03
+42.35000E-06 -804.02009189E-03 -53.78643144E-03
+42.37500E-06 -261.30652997E-03 +6.51507545E-03
+42.40000E-06 +502.51255740E-03 +54.75628096E-03
+42.42500E-06 +763.81908737E-03 +24.60552753E-03
+42.45000E-06 +40.20100467E-03 -26.65075333E-03
+42.47500E-06 -743.71858496E-03 -68.86180816E-03
+42.50000E-06 -844.22109656E-03 -20.62060265E-03
+42.52500E-06 -40.20100467E-03 +33.65075354E-03
+42.55000E-06 +683.41707804E-03 +63.80150700E-03
+42.57500E-06 +703.51758044E-03 +12.54522615E-03
+42.60000E-06 -201.00502290E-03 -53.78643144E-03
+42.62500E-06 -884.42210108E-03 -56.80150678E-03
+42.65000E-06 -683.41707818E-03 -17.60552731E-03
+42.67500E-06 +281.40703209E-03 +42.69597958E-03
+42.70000E-06 +884.42210108E-03 +51.74120562E-03
+42.72500E-06 +442.21105061E-03 -11.57537661E-03
+42.75000E-06 -522.61305966E-03 -50.77135608E-03
+42.77500E-06 -1.04522611946E+00 -56.80150678E-03
+42.80000E-06 -522.61305980E-03 -2.53015059E-03
+42.82500E-06 +522.61305966E-03 +60.78643166E-03
+42.85000E-06 +964.82411027E-03 +48.72613028E-03
+42.87500E-06 +261.30652998E-03 -23.63567799E-03
+42.90000E-06 -824.12059415E-03 -68.86180816E-03
+42.92500E-06 -984.92461253E-03 -50.77135611E-03
+42.95000E-06 -120.60301386E-03 +21.59045216E-03
+42.97500E-06 +884.42210108E-03 +66.81658234E-03
+43.00000E-06 +864.32159882E-03 +15.56030149E-03
+43.02500E-06 +20.10050241E-03 -53.78643142E-03
+43.05000E-06 -1.04522611946E+00 -83.93718488E-03
+43.07500E-06 -924.62310575E-03 -29.66582869E-03
+43.10000E-06 +140.70351597E-03 +48.72613028E-03
+43.12500E-06 +1.06532662172E+00 +72.84673304E-03
+43.15000E-06 +703.51758044E-03 +12.54522615E-03
+43.17500E-06 -442.21105047E-03 -80.92210954E-03
+43.20000E-06 -1.20603013784E+00 -89.96733558E-03
+43.22500E-06 -683.41707818E-03 -14.59045197E-03
+43.25000E-06 +522.61305965E-03 +75.86180838E-03
+43.27500E-06 +1.18592963558E+00 +72.84673304E-03
+43.30000E-06 +502.51255755E-03 -14.59045195E-03
+43.32500E-06 -783.91958948E-03 -71.87688350E-03
+43.35000E-06 -1.26633164477E+00 -77.90703420E-03
+43.37500E-06 -402.01004610E-03 +33.65075354E-03
+43.40000E-06 +864.32159867E-03 +78.87688372E-03
+43.42500E-06 +1.24623114251E+00 +48.72613028E-03
+43.45000E-06 +160.80401853E-03 -50.77135608E-03
+43.47500E-06 -1.08542712398E+00 -102.02763696E-03
+43.50000E-06 -1.24623114251E+00 -53.78643144E-03
+43.52500E-06 -40.20100467E-03 +54.75628096E-03
+43.55000E-06 +1.16582913317E+00 +96.96733580E-03
+43.57500E-06 +1.06532662187E+00 +33.65075357E-03
+43.60000E-06 -221.10552516E-03 -95.99748626E-03
+43.62500E-06 -1.36683415622E+00 -105.04271230E-03
+43.65000E-06 -1.06532662187E+00 -17.60552731E-03
+43.67500E-06 +402.01004579E-03 +81.89195906E-03
+43.70000E-06 +1.30653264928E+00 +84.90703442E-03
+43.72500E-06 +824.12059430E-03 -14.59045195E-03
+43.75000E-06 -723.61808255E-03 -95.99748626E-03
+43.77500E-06 -1.52763817459E+00 -102.02763696E-03
+43.80000E-06 -743.71858512E-03 +484.92475E-06
+43.82500E-06 +924.62310560E-03 +90.93718510E-03
+43.85000E-06 +1.42713566315E+00 +72.84673304E-03
+43.87500E-06 +482.41205529E-03 -35.69597937E-03
+43.90000E-06 -1.16582913316E+00 -126.14823972E-03
+43.92500E-06 -1.50753767234E+00 -74.89195886E-03
+43.95000E-06 -301.50753466E-03 +45.71105492E-03
+43.97500E-06 +1.24623114235E+00 +118.07286319E-03
+44.00000E-06 +1.32663315170E+00 +36.66582890E-03
+44.02500E-06 -20.10050210E-03 -77.90703418E-03
+44.05000E-06 -1.56783917911E+00 -126.14823972E-03
+44.07500E-06 -1.40703516089E+00 -47.75628077E-03
+44.10000E-06 +180.90452048E-03 +90.93718510E-03
+44.12500E-06 +1.54773867685E+00 +121.08793855E-03
+44.15000E-06 +1.14572863106E+00 +18.57537685E-03
+44.17500E-06 -562.81406417E-03 -111.07286297E-03
+44.20000E-06 -1.76884420216E+00 -135.19346576E-03
+44.22500E-06 -1.06532662187E+00 -5.54522593E-03
+44.25000E-06 +723.61808254E-03 +115.05778785E-03
+44.27500E-06 +1.74874369990E+00 +106.01256184E-03
+44.30000E-06 +743.71858512E-03 -14.59045195E-03
+44.32500E-06 -1.08542712381E+00 -135.19346573E-03
+44.35000E-06 -1.90954771828E+00 -111.07286300E-03
+44.37500E-06 -623.11557141E-03 +36.66582888E-03
+44.40000E-06 +1.26633164461E+00 +118.07286319E-03
+44.42500E-06 +1.80904520683E+00 +78.87688374E-03
+44.45000E-06 +221.10552547E-03 -62.83165746E-03
+44.47500E-06 -1.58793968137E+00 -153.28391781E-03
+44.50000E-06 -1.78894470458E+00 -62.83165749E-03
+44.52500E-06 -60.30150709E-03 +69.83165768E-03
+44.55000E-06 +1.66834169055E+00 +142.19346597E-03
+44.57500E-06 +1.54773867701E+00 +42.69597961E-03
+44.60000E-06 -281.40703192E-03 -123.13316435E-03
+44.62500E-06 -1.96984922505E+00 -153.28391781E-03
+44.65000E-06 -1.52763817475E+00 -32.68090403E-03
+44.67500E-06 +582.91456642E-03 +127.11808923E-03
+44.70000E-06 +1.94974872280E+00 +145.20854131E-03
+44.72500E-06 +1.18592963574E+00 -5.54522591E-03
+44.75000E-06 -964.82411011E-03 -156.29899315E-03
+44.77500E-06 -2.17085424811E+00 -144.23869180E-03
+44.80000E-06 -1.02512561736E+00 +12.54522612E-03
+44.82500E-06 +1.18592963542E+00 +148.22361665E-03
+44.85000E-06 +2.15075374585E+00 +115.05778788E-03
+44.87500E-06 +703.51758061E-03 -53.78643142E-03
+44.90000E-06 -1.60804018362E+00 -180.41959591E-03
+44.92500E-06 -2.21105525278E+00 -105.04271232E-03
+44.95000E-06 -442.21105079E-03 +72.84673302E-03
+44.97500E-06 +1.76884420200E+00 +169.32914407E-03
+45.00000E-06 +1.94974872296E+00 +69.83165770E-03
+45.02500E-06 -40.20100435E-03 -114.08793831E-03
+45.05000E-06 -2.13065324343E+00 -186.44974661E-03
+45.07500E-06 -1.94974872296E+00 -68.86180819E-03
+45.10000E-06 +221.10552498E-03 +115.05778785E-03
+45.12500E-06 +2.21105525262E+00 +169.32914407E-03
+45.15000E-06 +1.66834169088E+00 +30.63567823E-03
+45.17500E-06 -743.71858479E-03 -168.35929453E-03
+45.20000E-06 -2.37185927100E+00 -183.43467127E-03
+45.22500E-06 -1.54773867718E+00 -14.59045197E-03
+45.25000E-06 +1.00502511461E+00 +175.35929474E-03
+45.27500E-06 +2.41206027567E+00 +154.25376735E-03
+45.30000E-06 +1.16582913349E+00 -29.66582866E-03
+45.32500E-06 -1.46733666749E+00 -201.52512332E-03
+45.35000E-06 -2.55276379180E+00 -147.25376713E-03
+45.37500E-06 -904.52260367E-03 +48.72613026E-03
+45.40000E-06 +1.76884420199E+00 +187.41959612E-03
+45.42500E-06 +2.43216077810E+00 +115.05778788E-03
+45.45000E-06 +422.11054854E-03 -92.98241089E-03
+45.47500E-06 -2.15075374568E+00 -213.58542470E-03
+45.50000E-06 -2.47236178278E+00 -117.10301370E-03
+45.52500E-06 -180.90452097E-03 +118.07286319E-03
+45.55000E-06 +2.33165826632E+00 +208.52512354E-03
+45.57500E-06 +2.17085424827E+00 +72.84673307E-03
+45.60000E-06 -381.90954335E-03 -159.31406849E-03
+45.62500E-06 -2.61306529856E+00 -222.63065074E-03
+45.65000E-06 -2.05025123458E+00 -35.69597939E-03
+45.67500E-06 +703.51758011E-03 +169.32914404E-03
+45.70000E-06 +2.67336680550E+00 +181.38944545E-03
+45.72500E-06 +1.66834169089E+00 +3.50000013E-03
+45.75000E-06 -1.24623114218E+00 -207.55527400E-03
+45.77500E-06 -2.89447233081E+00 -204.54019869E-03
+45.80000E-06 -1.40703516107E+00 +12.54522612E-03
+45.82500E-06 +1.56783917893E+00 +220.58542492E-03
+45.85000E-06 +2.85427132630E+00 +172.34421943E-03
+45.87500E-06 +924.62310593E-03 -83.93718485E-03
+45.90000E-06 -2.11055274100E+00 -240.72110280E-03
+45.92500E-06 -2.91457283323E+00 -156.29899317E-03
+45.95000E-06 -582.91456692E-03 +96.96733577E-03
+45.97500E-06 +2.35175876857E+00 +235.66080164E-03
+46.00000E-06 +2.65326630341E+00 +102.99748650E-03
+46.02500E-06 +20.10050260E-03 -153.28391778E-03
+46.05000E-06 -2.79396981919E+00 -249.76632884E-03
+46.07500E-06 -2.55276379197E+00 -89.96733561E-03
+46.10000E-06 +261.30652948E-03 +169.32914404E-03
+46.12500E-06 +2.91457283306E+00 +241.69095234E-03
+46.15000E-06 +2.23115575521E+00 +36.66582893E-03
+46.17500E-06 -864.32159848E-03 -219.61557538E-03
+46.20000E-06 -3.21608036757E+00 -252.78140420E-03
+46.22500E-06 -2.01005023008E+00 -20.62060267E-03
+46.25000E-06 +1.30653264893E+00 +226.61557559E-03
+46.27500E-06 +3.19597986531E+00 +214.55527424E-03
+46.30000E-06 +1.54773867720E+00 -44.74120538E-03
+46.32500E-06 -1.90954771794E+00 -264.84170555E-03
+46.35000E-06 -3.27638187450E+00 -216.60050007E-03
+46.37500E-06 -1.18592963593E+00 +54.75628093E-03
+46.40000E-06 +2.23115575469E+00 +259.78140439E-03
+46.42500E-06 +3.17587936306E+00 +160.28391805E-03
+46.45000E-06 +582.91456693E-03 -120.11808899E-03
+46.47500E-06 -2.73366831225E+00 -288.96230831E-03
+46.50000E-06 -3.13567835855E+00 -141.22361646E-03
+46.52500E-06 -160.80401873E-03 +139.17839058E-03
+46.55000E-06 +2.91457283289E+00 +277.87185647E-03
+46.57500E-06 +2.77386931729E+00 +90.93718512E-03
+46.60000E-06 -422.11054785E-03 -210.57034934E-03
+46.62500E-06 -3.27638187432E+00 -291.97738368E-03
+46.65000E-06 -2.65326630360E+00 -56.80150681E-03
+46.67500E-06 +904.52260298E-03 +217.57034955E-03
+46.70000E-06 +3.41708539045E+00 +262.79647976E-03
+46.72500E-06 +2.17085424846E+00 +12.54522618E-03
+46.75000E-06 -1.60804018343E+00 -258.81155485E-03
+46.77500E-06 -3.61809041351E+00 -261.82663024E-03
+46.80000E-06 -1.76884420252E+00 +21.59045214E-03
+46.82500E-06 +2.01005022937E+00 +271.84170577E-03
+46.85000E-06 +3.59798991126E+00 +220.58542495E-03
+46.87500E-06 +1.26633164513E+00 -83.93718485E-03
+46.90000E-06 -2.55276379144E+00 -307.05276036E-03
+46.92500E-06 -3.63819091594E+00 -201.52512335E-03
+46.95000E-06 -844.22109694E-03 +121.08793853E-03
+46.97500E-06 +2.85427132594E+00 +317.06783595E-03
+47.00000E-06 +3.35678388387E+00 +148.22361668E-03
+47.02500E-06 +120.60301423E-03 -180.41959588E-03
+47.05000E-06 -3.37688438576E+00 -331.17336315E-03
+47.07500E-06 -3.19597986549E+00 -123.13316441E-03
+47.10000E-06 +281.40703171E-03 +220.58542489E-03
+47.12500E-06 +3.51758790189E+00 +311.03768527E-03
+47.15000E-06 +2.81407032198E+00 +57.77135635E-03
+47.17500E-06 -1.06532662135E+00 -270.87185623E-03
+47.20000E-06 -3.87939694333E+00 -325.14321247E-03
+47.22500E-06 -2.49246228523E+00 -29.66582872E-03
+47.25000E-06 +1.56783917873E+00 +286.91708249E-03
+47.27500E-06 +3.91959794802E+00 +301.99245926E-03
+47.30000E-06 +1.98994972784E+00 -44.74120538E-03
+47.32500E-06 -2.27135675918E+00 -328.15828778E-03
+47.35000E-06 -3.97989945495E+00 -261.82663024E-03
+47.37500E-06 -1.48743717046E+00 +78.87688369E-03
+47.40000E-06 +2.63316580062E+00 +332.14321266E-03
+47.42500E-06 +3.87939694351E+00 +217.57034961E-03
+47.45000E-06 +824.12059469E-03 -144.23869174E-03
+47.47500E-06 -3.25628137188E+00 -358.30904124E-03
+47.50000E-06 -3.83919593901E+00 -174.38944526E-03
+47.52500E-06 -261.30653037E-03 +190.43467143E-03
+47.55000E-06 +3.55778890639E+00 +359.27889078E-03
+47.57500E-06 +3.41708539082E+00 +130.13316462E-03
+47.60000E-06 -442.21105008E-03 -249.76632881E-03
+47.62500E-06 -3.93969845008E+00 -364.33919195E-03
+47.65000E-06 -3.15577886100E+00 -74.89195889E-03
+47.67500E-06 +1.00502511440E+00 +280.88693178E-03
+47.70000E-06 +4.06030146396E+00 +332.14321269E-03
+47.72500E-06 +2.63316580136E+00 +18.57537688E-03
+47.75000E-06 -1.78894470404E+00 -331.17336312E-03
+47.77500E-06 -4.32160799396E+00 -322.12813714E-03
+47.80000E-06 -2.23115575542E+00 +15.56030143E-03
+47.82500E-06 +2.29145726143E+00 +344.20351404E-03
+47.85000E-06 +4.16080397558E+00 +268.82663046E-03
+47.87500E-06 +1.54773867741E+00 -89.96733553E-03
+47.90000E-06 -2.97487433962E+00 -382.42964400E-03
+47.92500E-06 -4.28140698946E+00 -255.79647957E-03
+47.95000E-06 -984.92461308E-03 +151.23869196E-03
+47.97500E-06 +3.33668338107E+00 +386.41456888E-03
+48.00000E-06 +3.99999995739E+00 +181.38944547E-03
+48.02500E-06 +261.30653038E-03 -219.61557535E-03
+48.05000E-06 -3.85929644089E+00 -391.47487004E-03
+48.07500E-06 -3.73869342758E+00 -147.25376716E-03
+48.10000E-06 +321.60803619E-03 +256.76632903E-03
+48.12500E-06 +4.08040196621E+00 +383.39949354E-03
+48.15000E-06 +3.29648237713E+00 +90.93718515E-03
+48.17500E-06 -1.10552762583E+00 -301.02260966E-03
+48.20000E-06 -4.46231150990E+00 -394.48994541E-03
+48.22500E-06 -2.99497484282E+00 -38.71105476E-03
+48.25000E-06 +1.76884420159E+00 +338.17336334E-03
+48.27500E-06 +4.54271351928E+00 +350.23366477E-03
+48.30000E-06 +2.29145726237E+00 -41.72613001E-03
+48.32500E-06 -2.47236178204E+00 -385.44471934E-03
+48.35000E-06 -4.62311552847E+00 -319.11306180E-03
+48.37500E-06 -1.76884420273E+00 +93.95226040E-03
+48.40000E-06 +2.99497484187E+00 +395.45979489E-03
+48.42500E-06 +4.42211050559E+00 +262.79647979E-03
+48.45000E-06 +984.92461309E-03 -162.32914379E-03
+48.47500E-06 -3.59798991088E+00 -418.61054813E-03
+48.50000E-06 -4.32160799416E+00 -219.61557543E-03
+48.52500E-06 -422.11054877E-03 +205.51004815E-03
+48.55000E-06 +4.02010045926E+00 +413.55024697E-03
+48.57500E-06 +3.85929644146E+00 +163.29899342E-03
+48.60000E-06 -402.01004537E-03 -288.96230828E-03
+48.62500E-06 -4.40201000296E+00 -424.64069884E-03
+48.65000E-06 -3.61809041390E+00 -108.05778769E-03
+48.67500E-06 +1.04522611888E+00 +317.06783592E-03
+48.70000E-06 +4.56281402134E+00 +401.48994562E-03
+48.72500E-06 +3.01507534507E+00 +21.59045222E-03
+48.75000E-06 -1.84924621077E+00 -382.42964397E-03
+48.77500E-06 -4.74371854216E+00 -382.42964403E-03
+48.80000E-06 -2.51256278769E+00 +27.62060281E-03
+48.82500E-06 +2.51256278672E+00 +395.45979489E-03
+48.85000E-06 +4.70351753766E+00 +335.15828806E-03
+48.87500E-06 +1.82914570968E+00 -102.02763690E-03
+48.90000E-06 -3.15577886023E+00 -433.68592485E-03
+48.92500E-06 -4.74371854235E+00 -301.02260975E-03
+48.95000E-06 -1.12562812923E+00 +166.31406867E-03
+48.97500E-06 +3.61809041312E+00 +440.68592507E-03
+49.00000E-06 +4.40201000335E+00 +217.57034961E-03
+49.02500E-06 +321.60803735E-03 -234.69095206E-03
+49.05000E-06 -4.22110548213E+00 -442.73115089E-03
+49.07500E-06 -4.20100498048E+00 -168.35929459E-03
+49.10000E-06 +321.60803617E-03 +283.90200712E-03
+49.12500E-06 +4.48241201215E+00 +431.64069905E-03
+49.15000E-06 +3.61809041390E+00 +93.95226049E-03
+49.17500E-06 -1.14572863030E+00 -349.26381517E-03
+49.20000E-06 -4.78391954665E+00 -442.73115092E-03
+49.22500E-06 -3.25628137265E+00 -35.69597942E-03
+49.25000E-06 +1.84924621076E+00 +365.30904143E-03
+49.27500E-06 +4.82412055135E+00 +386.41456891E-03
+49.30000E-06 +2.51256278770E+00 -32.68090397E-03
+49.32500E-06 -2.63316580040E+00 -436.70100019E-03
+49.35000E-06 -4.96482406748E+00 -364.33919198E-03
+49.37500E-06 -1.94974872338E+00 +87.92210970E-03
+49.40000E-06 +3.13567835798E+00 +431.64069903E-03
+49.42500E-06 +4.74371854236E+00 +295.96230859E-03
+49.45000E-06 +1.18592963619E+00 -186.44974655E-03
+49.47500E-06 -3.83919593843E+00 -469.86682899E-03
+49.50000E-06 -4.62311552868E+00 -240.72110286E-03
+49.52500E-06 -422.11054879E-03 +229.63065090E-03
+49.55000E-06 +4.16080397519E+00 +461.79145249E-03
+49.57500E-06 +4.14070347354E+00 +175.35929480E-03
+49.60000E-06 -402.01004535E-03 -313.08291104E-03
+49.62500E-06 -4.58291452358E+00 -472.88190435E-03
+49.65000E-06 -3.85929644148E+00 -117.10301374E-03
+49.67500E-06 +1.04522611885E+00 +347.21858935E-03
+49.70000E-06 +4.80402004890E+00 +437.67084976E-03
+49.72500E-06 +3.23618087042E+00 +30.63567826E-03
+49.75000E-06 -1.86934671299E+00 -406.55024673E-03
+49.77500E-06 -5.06532657892E+00 -406.55024679E-03
+49.80000E-06 -2.67336680610E+00 +18.57537676E-03
+49.82500E-06 +2.55276379120E+00 +431.64069902E-03
+49.85000E-06 +4.88442205829E+00 +359.27889082E-03
+49.87500E-06 +1.92964822115E+00 -92.98241086E-03
+49.90000E-06 -3.31658287860E+00 -472.88190432E-03
+49.92500E-06 -4.92462306299E+00 -316.09798646E-03
+49.95000E-06 -1.28643214764E+00 +172.34421934E-03
+49.97500E-06 +3.75879392924E+00 +467.82160316E-03
+50.00000E-06 +4.60301502643E+00 +238.67587703E-03
+50.02500E-06 +442.21105125E-03 -258.81155482E-03
+50.05000E-06 -4.28140698907E+00 -478.91205503E-03
+50.07500E-06 -4.34170849662E+00 -198.51004805E-03
+50.10000E-06 +261.30652920E-03 +298.97738383E-03
+50.12500E-06 +4.56281402133E+00 +476.86682923E-03
+50.15000E-06 +3.77889443230E+00 +121.08793862E-03
+50.17500E-06 -1.06532662109E+00 -355.29396584E-03
+50.20000E-06 -4.82412055114E+00 -457.80652764E-03
+50.22500E-06 -3.39698488881E+00 -56.80150685E-03
+50.25000E-06 +1.78894470379E+00 +410.53517160E-03
+50.27500E-06 +4.90452256054E+00 +413.55024700E-03
+50.30000E-06 +2.59296479692E+00 -29.66582863E-03
+50.32500E-06 -2.55276379119E+00 -448.76130157E-03
+50.35000E-06 -4.96482406748E+00 -385.44471940E-03
+50.37500E-06 -2.01005023035E+00 +109.02763711E-03
+50.40000E-06 +3.15577886021E+00 +446.71607574E-03
+50.42500E-06 +4.82412055155E+00 +320.08291134E-03
+50.45000E-06 +1.18592963621E+00 -168.35929446E-03
+50.47500E-06 -3.77889443147E+00 -481.92713036E-03
+50.50000E-06 -4.64321603093E+00 -261.82663028E-03
+50.52500E-06 -542.71356270E-03 +232.64572623E-03
+50.55000E-06 +4.14070347293E+00 +482.89697991E-03
+50.57500E-06 +4.20100498050E+00 +196.46482222E-03
+50.60000E-06 -341.70853838E-03 -316.09798637E-03
+50.62500E-06 -4.58291452357E+00 -484.94220573E-03
+50.65000E-06 -3.85929644149E+00 -132.17839045E-03
+50.67500E-06 +964.82410964E-03 +347.21858934E-03
+50.70000E-06 +4.66331653276E+00 +443.70100043E-03
+50.72500E-06 +3.17587936349E+00 +39.68090431E-03
+50.75000E-06 -1.76884420153E+00 -409.56532206E-03
+50.77500E-06 -4.92462306278E+00 -427.65577421E-03
+50.80000E-06 -2.73366831306E+00 +18.57537676E-03
+50.82500E-06 +2.39195977280E+00 +434.65577436E-03
+50.85000E-06 +4.80402004910E+00 +371.33919220E-03
+50.87500E-06 +1.92964822117E+00 -95.99748619E-03
+50.90000E-06 -3.15577886020E+00 -472.88190432E-03
+50.92500E-06 -4.82412055156E+00 -325.14321251E-03
+50.95000E-06 -1.28643214766E+00 +160.28391796E-03
+50.97500E-06 +3.53768840390E+00 +473.85175386E-03
+51.00000E-06 +4.46231151031E+00 +259.78140445E-03
+51.02500E-06 +482.41205577E-03 -246.75125344E-03
+51.05000E-06 -4.12060297068E+00 -497.00250711E-03
+51.07500E-06 -4.20100498050E+00 -201.52512339E-03
+51.10000E-06 +100.50251079E-03 +295.96230849E-03
+51.12500E-06 +4.34170849600E+00 +461.79145249E-03
+51.15000E-06 +3.69849242313E+00 +121.08793862E-03
+51.17500E-06 -984.92461187E-03 -352.27889051E-03
+51.20000E-06 -4.70351753746E+00 -454.79145230E-03
+51.22500E-06 -3.25628137269E+00 -59.81658218E-03
+51.25000E-06 +1.66834169009E+00 +389.42964418E-03
+51.27500E-06 +4.74371854216E+00 +413.55024700E-03
+51.30000E-06 +2.53266328999E+00 -20.62060258E-03
+51.32500E-06 -2.39195977279E+00 -439.71607552E-03
+51.35000E-06 -4.72361803991E+00 -376.39949336E-03
+51.37500E-06 -2.01005023037E+00 +87.92210969E-03
+51.40000E-06 +2.91457283262E+00 +455.76130178E-03
+51.42500E-06 +4.58291452400E+00 +308.02260997E-03
+51.45000E-06 +1.22613064073E+00 -168.35929446E-03
+51.47500E-06 -3.45728639470E+00 -478.91205503E-03
+51.50000E-06 -4.38190950113E+00 -264.84170562E-03
+51.52500E-06 -582.91456721E-03 +220.58542485E-03
+51.55000E-06 +3.81909543616E+00 +470.83667853E-03
+51.57500E-06 +3.97989945519E+00 +196.46482223E-03
+51.60000E-06 -241.20602692E-03 -304.03768499E-03
+51.62500E-06 -4.20100497986E+00 -472.88190435E-03
+51.65000E-06 -3.61809041394E+00 -132.17839046E-03
+51.67500E-06 +824.12059349E-03 +344.20351401E-03
+51.70000E-06 +4.32160799375E+00 +437.67084976E-03
+51.72500E-06 +3.09547735433E+00 +51.74120569E-03
+51.75000E-06 -1.64824118783E+00 -397.50502068E-03
+51.77500E-06 -4.58291452378E+00 -424.64069887E-03
+51.80000E-06 -2.53266329000E+00 +12.54522608E-03
+51.82500E-06 +2.13065324297E+00 +410.53517160E-03
+51.85000E-06 +4.42211050540E+00 +362.29396616E-03
+51.87500E-06 +1.80904520730E+00 -92.98241085E-03
+51.90000E-06 -2.83417082342E+00 -448.76130156E-03
+51.92500E-06 -4.38190950092E+00 -313.08291113E-03
+51.95000E-06 -1.22613064074E+00 +148.22361658E-03
+51.97500E-06 +3.13567835794E+00 +440.68592507E-03
+52.00000E-06 +4.14070347357E+00 +238.67587704E-03
+52.02500E-06 +502.51255804E-03 -231.67587672E-03
+52.05000E-06 -3.65829141778E+00 -463.83667831E-03
+52.07500E-06 -3.81909543681E+00 -192.47989735E-03
+52.10000E-06 +80.40200853E-03 +283.90200711E-03
+52.12500E-06 +3.91959794781E+00 +443.70100044E-03
+52.15000E-06 +3.31658287944E+00 +115.05778792E-03
+52.17500E-06 -864.32159818E-03 -325.14321241E-03
+52.20000E-06 -4.20100498008E+00 -442.73115092E-03
+52.22500E-06 -2.97487434044E+00 -71.87688356E-03
+52.25000E-06 +1.42713566250E+00 +365.30904143E-03
+52.27500E-06 +4.18090447783E+00 +386.41456891E-03
+52.30000E-06 +2.31155776469E+00 -20.62060258E-03
+52.32500E-06 -2.13065324296E+00 -415.59547277E-03
+52.35000E-06 -4.24120598478E+00 -343.23366456E-03
+52.37500E-06 -1.80904520731E+00 +84.90703435E-03
+52.40000E-06 +2.49246228442E+00 +419.58039765E-03
+52.42500E-06 +4.06030146416E+00 +308.02260997E-03
+52.45000E-06 +1.16582913380E+00 -150.26884241E-03
+52.47500E-06 -3.03517584650E+00 -442.73115089E-03
+52.50000E-06 -3.93969845049E+00 -252.78140424E-03
+52.52500E-06 -582.91456724E-03 +205.51004814E-03
+52.55000E-06 +3.33668338101E+00 +434.65577439E-03
+52.57500E-06 +3.49748740006E+00 +184.40452085E-03
+52.60000E-06 -140.70351546E-03 -276.90200690E-03
+52.62500E-06 -3.71859292472E+00 -436.70100022E-03
+52.65000E-06 -3.17587936331E+00 -111.07286304E-03
+52.67500E-06 +683.41707755E-03 +308.02260987E-03
+52.70000E-06 +3.75879392942E+00 +404.50502096E-03
+52.72500E-06 +2.65326630369E+00 +51.74120569E-03
+52.75000E-06 -1.32663315106E+00 -367.35426725E-03
+52.77500E-06 -3.93969845027E+00 -382.42964403E-03
+52.80000E-06 -2.25125625775E+00 +484.92470E-06
+52.82500E-06 +1.78894470395E+00 +374.35426747E-03
+52.85000E-06 +3.83919593884E+00 +329.12813736E-03
+52.87500E-06 +1.64824118894E+00 -68.86180809E-03
+52.90000E-06 -2.41206027522E+00 -400.52009605E-03
+52.92500E-06 -3.79899493436E+00 -291.97738371E-03
+52.95000E-06 -1.10552762686E+00 +130.13316453E-03
+52.97500E-06 +2.71356780974E+00 +407.52009627E-03
+53.00000E-06 +3.47738689760E+00 +214.55527428E-03
+53.02500E-06 +462.31155335E-03 -207.55527396E-03
+53.05000E-06 -3.13567835815E+00 -406.55024676E-03
+53.07500E-06 -3.27638187474E+00 -168.35929459E-03
+53.10000E-06 +20.10050178E-03 +223.60050022E-03
+53.12500E-06 +3.27638187429E+00 +395.45979492E-03
+53.15000E-06 +2.85427132656E+00 +102.99748654E-03
+53.17500E-06 -723.61808224E-03 -298.00753432E-03
+53.20000E-06 -3.51758790185E+00 -394.48994541E-03
+53.22500E-06 -2.59296479675E+00 -62.83165752E-03
+53.25000E-06 +1.14572863043E+00 +314.05276058E-03
+53.27500E-06 +3.53768840432E+00 +332.14321269E-03
+53.30000E-06 +1.94974872324E+00 -14.59045191E-03
+53.32500E-06 -1.70854269475E+00 -355.29396587E-03
+53.35000E-06 -3.51758790208E+00 -310.06783576E-03
+53.37500E-06 -1.60804018424E+00 +51.74120555E-03
+53.40000E-06 +2.07035173622E+00 +359.27889075E-03
+53.42500E-06 +3.33668338146E+00 +262.79647979E-03
+53.45000E-06 +984.92461297E-03 -135.19346569E-03
+53.47500E-06 -2.55276379135E+00 -376.39949329E-03
+53.50000E-06 -3.29648237699E+00 -219.61557544E-03
+53.52500E-06 -482.41205560E-03 +163.29899333E-03
+53.55000E-06 +2.69346730749E+00 +365.30904146E-03
+53.57500E-06 +2.89447233104E+00 +154.25376739E-03
+53.60000E-06 -100.50251097E-03 -234.69095209E-03
+53.62500E-06 -3.03517584672E+00 -367.35426729E-03
+53.65000E-06 -2.63316580123E+00 -111.07286304E-03
+53.67500E-06 +482.41205467E-03 +244.70602764E-03
+53.70000E-06 +3.03517584671E+00 +344.20351407E-03
+53.72500E-06 +2.19095475081E+00 +45.71105498E-03
+53.75000E-06 -1.04522611899E+00 -288.96230827E-03
+53.77500E-06 -3.21608036757E+00 -316.09798644E-03
+53.80000E-06 -1.86934671406E+00 -11.57537668E-03
+53.82500E-06 +1.42713566270E+00 +311.03768524E-03
+53.85000E-06 +3.11557785614E+00 +277.87185651E-03
+53.87500E-06 +1.30653264973E+00 -59.81658208E-03
+53.90000E-06 -1.88944721559E+00 -340.21858916E-03
+53.92500E-06 -3.09547735390E+00 -243.73617820E-03
+53.95000E-06 -904.52260379E-03 +115.05778781E-03
+53.97500E-06 +2.11055274092E+00 +332.14321266E-03
+54.00000E-06 +2.83417082409E+00 +184.40452082E-03
+54.02500E-06 +462.31155337E-03 -171.37436983E-03
+54.05000E-06 -2.49246228463E+00 -346.24873986E-03
+54.07500E-06 -2.65326630348E+00 -144.23869184E-03
+54.10000E-06 -80.40200966E-03 +187.41959608E-03
+54.12500E-06 +2.63316580077E+00 +326.11306199E-03
+54.15000E-06 +2.25125625753E+00 +102.99748654E-03
+54.17500E-06 -542.71356161E-03 -246.75125347E-03
+54.20000E-06 -2.77386931691E+00 -325.14321248E-03
+54.22500E-06 -1.96984922549E+00 -53.78643148E-03
+54.25000E-06 +864.32159837E-03 +253.75125368E-03
+54.27500E-06 +2.75376881467E+00 +283.90200718E-03
+54.30000E-06 +1.56783917954E+00 -11.57537657E-03
+54.32500E-06 -1.34673365350E+00 -291.97738364E-03
+54.35000E-06 -2.81407032162E+00 -252.78140421E-03
+54.37500E-06 -1.22613064055E+00 +33.65075350E-03
+54.40000E-06 +1.48743716964E+00 +286.91708248E-03
+54.42500E-06 +2.63316580100E+00 +208.52512358E-03
+54.45000E-06 +763.81908765E-03 -111.07286293E-03
+54.47500E-06 -2.01005022949E+00 -301.02260969E-03
+54.50000E-06 -2.59296479653E+00 -177.40452060E-03
+54.52500E-06 -442.21105090E-03 +127.11808919E-03
+54.55000E-06 +2.09045223868E+00 +298.97738390E-03
+54.57500E-06 +2.25125625754E+00 +124.10301393E-03
+54.60000E-06 -60.30150647E-03 -189.46482191E-03
+54.62500E-06 -2.39195977320E+00 -298.00753435E-03
+54.65000E-06 -2.09045223916E+00 -92.98241095E-03
+54.67500E-06 +361.80904099E-03 +208.52512350E-03
+54.70000E-06 +2.37185927096E+00 +274.85678114E-03
+54.72500E-06 +1.72864319793E+00 +39.68090428E-03
+54.75000E-06 -763.81908694E-03 -234.69095209E-03
+54.77500E-06 -2.43216077791E+00 -258.81155488E-03
+54.80000E-06 -1.42713566341E+00 -5.54522597E-03
+54.82500E-06 +1.06532662145E+00 +247.72110301E-03
+54.85000E-06 +2.39195977344E+00 +211.54019891E-03
+54.87500E-06 +1.02512561746E+00 -47.75628070E-03
+54.90000E-06 -1.46733666740E+00 -276.90200693E-03
+54.92500E-06 -2.41206027567E+00 -192.47989732E-03
+54.95000E-06 -763.81908766E-03 +93.95226043E-03
+54.97500E-06 +1.60804018354E+00 +268.82663043E-03
+55.00000E-06 +2.13065324363E+00 +139.17839064E-03
+55.02500E-06 +281.40703253E-03 -132.17839035E-03
+55.05000E-06 -1.82914570887E+00 -264.84170555E-03
+55.07500E-06 -1.96984922526E+00 -126.14823976E-03
+55.10000E-06 -60.30150720E-03 +145.20854128E-03
+55.12500E-06 +1.94974872278E+00 +253.75125372E-03
+55.15000E-06 +1.74874370017E+00 +75.86180841E-03
+55.17500E-06 -341.70853875E-03 -195.49497262E-03
+55.20000E-06 -2.05025123420E+00 -255.79647955E-03
+55.22500E-06 -1.58793968179E+00 -44.74120544E-03
+55.25000E-06 +603.01506855E-03 +202.49497283E-03
+55.27500E-06 +2.01005022973E+00 +214.55527425E-03
+55.30000E-06 +1.12562812889E+00 +6.51507548E-03
+55.32500E-06 -924.62310531E-03 -228.66080142E-03
+55.35000E-06 -2.09045223892E+00 -204.54019870E-03
+55.37500E-06 -944.72360828E-03 +30.63567816E-03
+55.40000E-06 +1.12562812840E+00 +205.51004817E-03
+55.42500E-06 +1.92964822054E+00 +154.25376736E-03
+55.45000E-06 +562.81406457E-03 -80.92210950E-03
+55.47500E-06 -1.38693465820E+00 -237.70602746E-03
+55.50000E-06 -1.88944721607E+00 -144.23869180E-03
+55.52500E-06 -321.60803700E-03 +99.98241110E-03
+55.55000E-06 +1.50753767211E+00 +223.60050025E-03
+55.57500E-06 +1.62814068627E+00 +99.98241117E-03
+55.60000E-06 -20.10050199E-03 -144.23869177E-03
+55.62500E-06 -1.70854269521E+00 -225.64572608E-03
+55.65000E-06 -1.52763817484E+00 -71.87688353E-03
+55.67500E-06 +180.90452037E-03 +166.31406870E-03
+55.70000E-06 +1.68844219297E+00 +205.51004821E-03
+55.72500E-06 +1.28643214727E+00 +27.62060290E-03
+55.75000E-06 -562.81406407E-03 -183.43467124E-03
+55.77500E-06 -1.78894470440E+00 -192.47989732E-03
+55.80000E-06 -1.04522611971E+00 -17.60552735E-03
+55.82500E-06 +783.91958941E-03 +166.31406870E-03
+55.85000E-06 +1.68844219297E+00 +154.25376736E-03
+55.87500E-06 +723.61808295E-03 -32.68090399E-03
+55.90000E-06 -1.10552762616E+00 -204.54019866E-03
+55.92500E-06 -1.74874369993E+00 -150.26884248E-03
+55.95000E-06 -542.71356234E-03 +57.77135629E-03
+55.97500E-06 +1.08542712393E+00 +187.41959612E-03
+56.00000E-06 +1.50753767236E+00 +106.01256184E-03
+56.02500E-06 +241.20602782E-03 -92.98241088E-03
+56.05000E-06 -1.32663315149E+00 -201.52512332E-03
+56.07500E-06 -1.48743717012E+00 -95.99748629E-03
+56.10000E-06 -80.40200944E-03 +118.07286318E-03
+56.12500E-06 +1.30653264926E+00 +172.34421941E-03
+56.15000E-06 +1.18592963560E+00 +60.78643170E-03
+56.17500E-06 -241.20602731E-03 -135.19346572E-03
+56.20000E-06 -1.46733666764E+00 -195.49497265E-03
+56.22500E-06 -1.08542712418E+00 -47.75628078E-03
+56.25000E-06 +381.90954346E-03 +151.23869198E-03
+56.27500E-06 +1.36683415622E+00 +157.26884269E-03
+56.30000E-06 +824.12059438E-03 -5.54522590E-03
+56.32500E-06 -643.21607326E-03 -171.37436986E-03
+56.35000E-06 -1.44723616540E+00 -159.31406852E-03
+56.37500E-06 -683.41707823E-03 +15.56030145E-03
+56.40000E-06 +763.81908717E-03 +154.25376732E-03
+56.42500E-06 +1.32663315175E+00 +115.05778789E-03
+56.45000E-06 +422.11054843E-03 -53.78643141E-03
+56.47500E-06 -1.00502511474E+00 -168.35929452E-03
+56.50000E-06 -1.34673365398E+00 -111.07286301E-03
+56.52500E-06 -281.40703229E-03 +57.77135629E-03
+56.55000E-06 +1.00502511474E+00 +151.23869198E-03
+56.57500E-06 +1.10552762641E+00 +60.78643166E-03
+56.60000E-06 +20.10050249E-03 -99.01256159E-03
+56.62500E-06 -1.14572863088E+00 -165.34421919E-03
+56.65000E-06 -1.08542712418E+00 -41.72613007E-03
+56.67500E-06 +60.30150670E-03 +106.01256180E-03
+56.70000E-06 +1.06532662169E+00 +145.20854131E-03
+56.72500E-06 +824.12059438E-03 +33.65075357E-03
+56.75000E-06 -361.80904122E-03 -123.13316435E-03
+56.77500E-06 -1.20603013784E+00 -147.25376714E-03
+56.80000E-06 -743.71858519E-03 -14.59045198E-03
+56.82500E-06 +462.31155264E-03 +124.10301389E-03
+56.85000E-06 +1.06532662169E+00 +118.07286322E-03
+56.87500E-06 +502.51255763E-03 -26.65075332E-03
+56.90000E-06 -683.41707798E-03 -141.22361643E-03
+56.92500E-06 -1.12562812865E+00 -102.02763696E-03
+56.95000E-06 -361.80904148E-03 +42.69597958E-03
+56.97500E-06 +743.71858494E-03 +127.11808923E-03
+57.00000E-06 +1.00502511499E+00 +69.83165771E-03
+57.02500E-06 +180.90452087E-03 -68.86180812E-03
+57.05000E-06 -904.52260331E-03 -150.26884248E-03
+57.07500E-06 -964.82411027E-03 -68.86180820E-03
+57.10000E-06 -100.50251168E-03 +69.83165767E-03
+57.12500E-06 +884.42210108E-03 +112.04271251E-03
+57.15000E-06 +763.81908743E-03 +42.69597962E-03
+57.17500E-06 -140.70351589E-03 -95.99748625E-03
+57.20000E-06 -924.62310555E-03 -132.17839043E-03
+57.22500E-06 -763.81908743E-03 -17.60552731E-03
+57.25000E-06 +221.10552507E-03 +81.89195905E-03
+57.27500E-06 +904.52260331E-03 +109.02763718E-03
+57.30000E-06 +522.61305986E-03 +484.92477E-06
+57.32500E-06 -442.21105041E-03 -123.13316435E-03
+57.35000E-06 -944.72360804E-03 -102.02763696E-03
+57.37500E-06 -442.21105067E-03 +9.53015078E-03
+57.40000E-06 +442.21105041E-03 +102.99748647E-03
+57.42500E-06 +864.32159885E-03 +69.83165771E-03
+57.45000E-06 +281.40703229E-03 -41.72613003E-03
+57.47500E-06 -623.11557102E-03 -108.05778763E-03
+57.50000E-06 -924.62310581E-03 -68.86180816E-03
+57.52500E-06 -261.30653006E-03 +45.71105491E-03
+57.55000E-06 +603.01506879E-03 +112.04271251E-03
+57.57500E-06 +763.81908743E-03 +48.72613029E-03
+57.60000E-06 -40.20100446E-03 -80.92210954E-03
+57.62500E-06 -743.71858493E-03 -126.14823972E-03
+57.65000E-06 -643.21607351E-03 -29.66582869E-03
+57.67500E-06 +60.30150669E-03 +69.83165767E-03
+57.70000E-06 +723.61808270E-03 +87.92210976E-03
+57.72500E-06 +522.61305986E-03 +15.56030149E-03
+57.75000E-06 -261.30652980E-03 -86.95226021E-03
+57.77500E-06 -743.71858493E-03 -102.02763696E-03
+57.80000E-06 -522.61305986E-03 -14.59045198E-03
+57.82500E-06 +341.70853899E-03 +75.86180838E-03
+57.85000E-06 +663.31657574E-03 +72.84673304E-03
+57.87500E-06 +341.70853925E-03 -14.59045194E-03
+57.90000E-06 -422.11054818E-03 -95.99748625E-03
+57.92500E-06 -723.61808270E-03 -83.93718492E-03
+57.95000E-06 -341.70853925E-03 +18.57537682E-03
+57.97500E-06 +442.21105041E-03 +78.87688371E-03
+58.00000E-06 +603.01506905E-03 +39.68090424E-03
+58.02500E-06 +120.60301392E-03 -38.71105470E-03
+58.05000E-06 -522.61305960E-03 -92.98241092E-03
+58.07500E-06 -643.21607351E-03 -50.77135611E-03
+58.10000E-06 -120.60301392E-03 +42.69597958E-03
+58.12500E-06 +502.51255737E-03 +66.81658233E-03
+58.15000E-06 +462.31155290E-03 +15.56030149E-03
+58.17500E-06 -140.70351588E-03 -62.83165745E-03
+58.20000E-06 -643.21607351E-03 -89.96733558E-03
+58.22500E-06 -442.21105067E-03 -29.66582869E-03
+58.25000E-06 +60.30150669E-03 +54.75628096E-03
+58.27500E-06 +562.81406432E-03 +60.78643167E-03
+58.30000E-06 +301.50753453E-03 -11.57537660E-03
+58.32500E-06 -281.40703203E-03 -77.90703421E-03
+58.35000E-06 -623.11557128E-03 -68.86180816E-03
+58.37500E-06 -361.80904149E-03 -5.54522594E-03
+58.40000E-06 +261.30652980E-03 +57.77135629E-03
+58.42500E-06 +502.51255736E-03 +36.66582891E-03
+58.45000E-06 +160.80401838E-03 -23.63567798E-03
+58.47500E-06 -482.41205513E-03 -80.92210954E-03
+58.50000E-06 -603.01506905E-03 -53.78643145E-03
+58.52500E-06 -140.70351615E-03 +30.63567820E-03
+58.55000E-06 +402.01004595E-03 +63.80150700E-03
+58.57500E-06 +402.01004595E-03 +24.60552753E-03
+58.60000E-06 +40.20100473E-03 -44.74120541E-03
+58.62500E-06 -442.21105040E-03 -71.87688350E-03
+58.65000E-06 -462.31155291E-03 -32.68090403E-03
+58.67500E-06 -60.30150696E-03 +39.68090424E-03
+58.70000E-06 +361.80904122E-03 +60.78643167E-03
+58.72500E-06 +301.50753453E-03 +3.50000011E-03
+58.75000E-06 -180.90452061E-03 -50.77135607E-03
+58.77500E-06 -482.41205513E-03 -53.78643145E-03
+58.80000E-06 -241.20602757E-03 -17.60552731E-03
+58.82500E-06 +201.00502284E-03 +42.69597958E-03
+58.85000E-06 +402.01004595E-03 +45.71105495E-03
+58.87500E-06 +140.70351615E-03 -20.62060265E-03
+58.90000E-06 -301.50753453E-03 -56.80150678E-03
+58.92500E-06 -482.41205513E-03 -53.78643145E-03
+58.95000E-06 -160.80401838E-03 +6.51507544E-03
+58.97500E-06 +180.90452061E-03 +51.74120562E-03
+59.00000E-06 +381.90954372E-03 +15.56030149E-03
+59.02500E-06 +60.30150696E-03 -35.69597936E-03
+59.05000E-06 -321.60803676E-03 -68.86180816E-03
+59.07500E-06 -321.60803676E-03 -29.66582869E-03
+59.10000E-06 -120.60301392E-03 +21.59045215E-03
+59.12500E-06 +241.20602757E-03 +51.74120562E-03
+59.15000E-06 +241.20602757E-03 +12.54522615E-03
+59.17500E-06 -100.50251142E-03 -32.68090403E-03
+59.20000E-06 -402.01004595E-03 -56.80150678E-03
+59.22500E-06 -241.20602757E-03 -8.56030127E-03
+59.25000E-06 +40.20100446E-03 +27.62060286E-03
+59.27500E-06 +301.50753453E-03 +36.66582891E-03
+59.30000E-06 +160.80401838E-03 +484.92477E-06
+59.32500E-06 -180.90452061E-03 -44.74120541E-03
+59.35000E-06 -321.60803676E-03 -35.69597936E-03
+59.37500E-06 -221.10552534E-03 -5.54522594E-03
+59.40000E-06 +100.50251142E-03 +21.59045215E-03
+59.42500E-06 +301.50753453E-03 +24.60552753E-03
+59.45000E-06 +0.0E+00 -20.62060265E-03
+59.47500E-06 -241.20602757E-03 -44.74120541E-03
+59.50000E-06 -301.50753453E-03 -29.66582869E-03
+59.52500E-06 -60.30150696E-03 +15.56030149E-03
+59.55000E-06 +160.80401838E-03 +27.62060286E-03
+59.57500E-06 +241.20602757E-03 +12.54522615E-03
+59.60000E-06 -20.10050223E-03 -35.69597936E-03
+59.62500E-06 -241.20602757E-03 -44.74120541E-03
+59.65000E-06 -301.50753453E-03 -20.62060265E-03
+59.67500E-06 +0.0E+00 +36.66582891E-03
+59.70000E-06 +241.20602757E-03 +27.62060286E-03
+59.72500E-06 +160.80401838E-03 +3.50000011E-03
+59.75000E-06 -80.40200919E-03 -35.69597936E-03
+59.77500E-06 -301.50753453E-03 -29.66582869E-03
+59.80000E-06 -160.80401838E-03 -14.59045198E-03
+59.82500E-06 +80.40200919E-03 +15.56030149E-03
+59.85000E-06 +180.90452061E-03 +24.60552753E-03
+59.87500E-06 +60.30150696E-03 -11.57537660E-03
+59.90000E-06 -160.80401838E-03 -35.69597936E-03
+59.92500E-06 -321.60803676E-03 -32.68090403E-03
+59.95000E-06 -80.40200919E-03 +3.50000011E-03
+59.97500E-06 +100.50251142E-03 +24.60552753E-03
+60.00000E-06 +221.10552534E-03 +12.54522615E-03
+60.02500E-06 +0.0E+00 -11.57537660E-03
+60.05000E-06 -180.90452060E-03 -35.69597936E-03
+60.07500E-06 -241.20602757E-03 -20.62060265E-03
+60.10000E-06 +0.0E+00 +15.56030149E-03
+60.12500E-06 +140.70351615E-03 +18.57537682E-03
+60.15000E-06 +160.80401838E-03 +12.54522615E-03
+60.17500E-06 -100.50251142E-03 -29.66582869E-03
+60.20000E-06 -221.10552534E-03 -44.74120541E-03
+60.22500E-06 -221.10552534E-03 -20.62060265E-03
+60.25000E-06 +80.40200919E-03 +15.56030149E-03
+60.27500E-06 +100.50251142E-03 +24.60552753E-03
+60.30000E-06 +60.30150696E-03 +484.92477E-06
+60.32500E-06 -100.50251142E-03 -32.68090403E-03
+60.35000E-06 -180.90452060E-03 -32.68090403E-03
+60.37500E-06 -140.70351615E-03 -5.54522594E-03
+60.40000E-06 +0.0E+00 +30.63567820E-03
+60.42500E-06 +100.50251142E-03 +484.92477E-06
+60.45000E-06 +0.0E+00 -20.62060265E-03
+60.47500E-06 -120.60301364E-03 -23.63567798E-03
+60.50000E-06 -221.10552534E-03 -20.62060265E-03
+60.52500E-06 -80.40200919E-03 +3.50000011E-03
+60.55000E-06 +80.40200919E-03 +6.51507544E-03
+60.57500E-06 +20.10050223E-03 +3.50000011E-03
+60.60000E-06 -20.10050223E-03 -29.66582869E-03
+60.62500E-06 -160.80401838E-03 -32.68090403E-03
+60.65000E-06 -201.00502312E-03 -8.56030127E-03
+60.67500E-06 -60.30150696E-03 +18.57537682E-03
+60.70000E-06 +80.40200919E-03 +15.56030149E-03
+60.72500E-06 +60.30150696E-03 -8.56030127E-03
+60.75000E-06 -60.30150696E-03 -8.56030127E-03
+60.77500E-06 -160.80401838E-03 -29.66582869E-03
+60.80000E-06 -140.70351615E-03 -17.60552731E-03
+60.82500E-06 +20.10050222E-03 +3.50000011E-03
+60.85000E-06 +80.40200919E-03 +15.56030149E-03
+60.87500E-06 +0.0E+00 -8.56030127E-03
+60.90000E-06 -140.70351615E-03 -32.68090403E-03
+60.92500E-06 -221.10552534E-03 -26.65075336E-03
+60.95000E-06 -60.30150696E-03 +484.92477E-06
+60.97500E-06 +0.0E+00 -5.54522594E-03
+61.00000E-06 +80.40200919E-03 +3.50000011E-03
+61.02500E-06 +0.0E+00 -11.57537660E-03
+61.05000E-06 -100.50251141E-03 -20.62060265E-03
+61.07500E-06 -100.50251141E-03 -17.60552731E-03
+61.10000E-06 -60.30150696E-03 +3.50000011E-03
+61.12500E-06 +0.0E+00 +6.51507544E-03
+61.15000E-06 +80.40200919E-03 +484.92477E-06
+61.17500E-06 -80.40200919E-03 -29.66582869E-03
+61.20000E-06 -100.50251141E-03 -20.62060265E-03
+61.22500E-06 -80.40200919E-03 -11.57537660E-03
+61.25000E-06 +0.0E+00 +12.54522615E-03
+61.27500E-06 +20.10050222E-03 +15.56030149E-03
+61.30000E-06 +0.0E+00 +3.50000011E-03
+61.32500E-06 -40.20100445E-03 -20.62060265E-03
+61.35000E-06 -140.70351615E-03 -20.62060265E-03
+61.37500E-06 -140.70351615E-03 -17.60552732E-03
+61.40000E-06 +0.0E+00 +3.50000011E-03
+61.42500E-06 +60.30150697E-03 +12.54522615E-03
+61.45000E-06 +0.0E+00 -11.57537660E-03
+61.47500E-06 -140.70351615E-03 -20.62060265E-03
+61.50000E-06 -140.70351615E-03 -17.60552732E-03
+61.52500E-06 -100.50251141E-03 +3.50000011E-03
+61.55000E-06 +0.0E+00 -5.54522594E-03
+61.57500E-06 +0.0E+00 +3.50000011E-03
+61.60000E-06 -20.10050222E-03 -20.62060265E-03
+61.62500E-06 -80.40200919E-03 -17.60552732E-03
+61.65000E-06 -80.40200919E-03 -17.60552732E-03
+61.67500E-06 -80.40200919E-03 +3.50000011E-03
+61.70000E-06 +0.0E+00 +3.50000011E-03
+61.72500E-06 -20.10050222E-03 -5.54522594E-03
+61.75000E-06 -80.40200919E-03 -8.56030127E-03
+61.77500E-06 -160.80401838E-03 -8.56030127E-03
+61.80000E-06 -80.40200919E-03 -14.59045198E-03
+61.82500E-06 +0.0E+00 +3.50000011E-03
+61.85000E-06 +0.0E+00 +3.50000011E-03
+61.87500E-06 -80.40200919E-03 -8.56030127E-03
+61.90000E-06 -20.10050222E-03 -11.57537660E-03
+61.92500E-06 -100.50251141E-03 -8.56030127E-03
+61.95000E-06 -60.30150697E-03 +484.92477E-06
+61.97500E-06 +0.0E+00 -17.60552732E-03
+62.00000E-06 +0.0E+00 +3.50000011E-03
+62.02500E-06 -20.10050222E-03 -8.56030127E-03
+62.05000E-06 -80.40200919E-03 -20.62060265E-03
+62.07500E-06 -80.40200919E-03 -5.54522594E-03
+62.10000E-06 -60.30150697E-03 +484.92477E-06
+62.12500E-06 +60.30150697E-03 +9.53015077E-03
+62.15000E-06 +20.10050222E-03 -8.56030127E-03
+62.17500E-06 -20.10050222E-03 -8.56030127E-03
+62.20000E-06 -100.50251141E-03 -26.65075336E-03
+62.22500E-06 -80.40200919E-03 -17.60552732E-03
+62.25000E-06 -60.30150697E-03 +3.50000011E-03
+62.27500E-06 -60.30150697E-03 +12.54522615E-03
+62.30000E-06 -60.30150697E-03 -8.56030127E-03
+62.32500E-06 -20.10050222E-03 -17.60552732E-03
+62.35000E-06 -80.40200919E-03 +484.92477E-06
+62.37500E-06 -20.10050222E-03 -8.56030127E-03
+62.40000E-06 +0.0E+00 -8.56030127E-03
+62.42500E-06 +0.0E+00 -8.56030127E-03
+62.45000E-06 -40.20100475E-03 +484.92477E-06
+62.47500E-06 -80.40200919E-03 -20.62060265E-03
+62.50000E-06 -20.10050222E-03 -8.56030127E-03
+62.52500E-06 -80.40200919E-03 -8.56030127E-03
+62.55000E-06 -60.30150697E-03 -8.56030127E-03
+62.57500E-06 +0.0E+00 -8.56030127E-03
+62.60000E-06 -20.10050222E-03 -8.56030127E-03
+62.62500E-06 -20.10050222E-03 -11.57537660E-03
+62.65000E-06 -60.30150697E-03 +484.92477E-06
+62.67500E-06 -60.30150697E-03 +6.51507544E-03
+62.70000E-06 +0.0E+00 +3.50000011E-03
+62.72500E-06 -20.10050222E-03 +3.50000011E-03
+62.75000E-06 +0.0E+00 -11.57537660E-03
+62.77500E-06 -80.40200919E-03 -17.60552732E-03
+62.80000E-06 -80.40200919E-03 -17.60552732E-03
+62.82500E-06 +0.0E+00 +484.92477E-06
+62.85000E-06 +0.0E+00 -2.53015056E-03
+62.87500E-06 -60.30150697E-03 +484.92477E-06
+62.90000E-06 -80.40200919E-03 -8.56030127E-03
+62.92500E-06 -100.50251141E-03 -17.60552732E-03
+62.95000E-06 -60.30150697E-03 +484.92477E-06
+62.97500E-06 -20.10050222E-03 -8.56030127E-03
+63.00000E-06 +0.0E+00 -5.54522594E-03
+63.02500E-06 +0.0E+00 +484.92477E-06
+63.05000E-06 -20.10050222E-03 -11.57537660E-03
+63.07500E-06 -80.40200919E-03 -8.56030127E-03
+63.10000E-06 -80.40200919E-03 +484.92477E-06
+63.12500E-06 +0.0E+00 -8.56030127E-03
+63.15000E-06 -80.40200919E-03 -11.57537660E-03
+63.17500E-06 -60.30150697E-03 -11.57537660E-03
+63.20000E-06 -80.40200919E-03 -8.56030127E-03
+63.22500E-06 +0.0E+00 -8.56030127E-03
+63.25000E-06 +0.0E+00 +6.51507544E-03
+63.27500E-06 -60.30150697E-03 +3.50000011E-03
+63.30000E-06 -80.40200919E-03 +3.50000011E-03
+63.32500E-06 -100.50251141E-03 -17.60552732E-03
+63.35000E-06 -80.40200919E-03 -8.56030127E-03
+63.37500E-06 +0.0E+00 -5.54522594E-03
+63.40000E-06 +0.0E+00 -17.60552732E-03
+63.42500E-06 +0.0E+00 +484.92478E-06
+63.45000E-06 +0.0E+00 -8.56030127E-03
+63.47500E-06 -80.40200919E-03 +484.92478E-06
+63.50000E-06 -140.70351616E-03 -8.56030127E-03
+63.52500E-06 -80.40200919E-03 -5.54522594E-03
+63.55000E-06 -60.30150697E-03 +484.92478E-06
+63.57500E-06 +0.0E+00 -5.54522594E-03
+63.60000E-06 +0.0E+00 -20.62060265E-03
+63.62500E-06 -20.10050222E-03 -8.56030127E-03
+63.65000E-06 -20.10050222E-03 -8.56030127E-03
+63.67500E-06 -80.40200919E-03 +3.50000011E-03
+63.70000E-06 -60.30150697E-03 +484.92478E-06
+63.72500E-06 +0.0E+00 -8.56030127E-03
+63.75000E-06 -20.10050222E-03 -11.57537660E-03
+63.77500E-06 -80.40200919E-03 -8.56030127E-03
+63.80000E-06 -20.10050222E-03 -17.60552732E-03
+63.82500E-06 +0.0E+00 -8.56030127E-03
+63.85000E-06 -60.30150697E-03 +484.92478E-06
+63.87500E-06 -80.40200919E-03 -5.54522594E-03
+63.90000E-06 -80.40200919E-03 -8.56030127E-03
+63.92500E-06 -40.20100444E-03 -14.59045198E-03
+63.95000E-06 -60.30150697E-03 -8.56030127E-03
+63.97500E-06 -20.10050222E-03 -8.56030127E-03
+64.00000E-06 +0.0E+00 -14.59045198E-03
+64.02500E-06 +0.0E+00 -20.62060265E-03
+64.05000E-06 -60.30150697E-03 +484.92478E-06
+64.07500E-06 -80.40200919E-03 +484.92478E-06
+64.10000E-06 -60.30150697E-03 -8.56030127E-03
+64.12500E-06 -80.40200919E-03 -8.56030127E-03
+64.15000E-06 -60.30150697E-03 -8.56030127E-03
+64.17500E-06 -60.30150697E-03 -8.56030127E-03
+64.20000E-06 -20.10050222E-03 -5.54522594E-03
+64.22500E-06 -80.40200919E-03 -11.57537660E-03
+64.25000E-06 +0.0E+00 +484.92478E-06
+64.27500E-06 -80.40200919E-03 +484.92478E-06
+64.30000E-06 -80.40200919E-03 +484.92478E-06
+64.32500E-06 -20.10050222E-03 -8.56030127E-03
+64.35000E-06 -80.40200919E-03 +484.92478E-06
+64.37500E-06 +0.0E+00 -17.60552732E-03
+64.40000E-06 -60.30150697E-03 -20.62060265E-03
+64.42500E-06 +0.0E+00 -2.53015056E-03
+64.45000E-06 +0.0E+00 -8.56030127E-03
+64.47500E-06 -60.30150697E-03 -5.54522594E-03
+64.50000E-06 -140.70351616E-03 -8.56030127E-03
+64.52500E-06 -100.50251141E-03 -5.54522594E-03
+64.55000E-06 -60.30150697E-03 -11.57537660E-03
+64.57500E-06 -60.30150697E-03 +3.50000011E-03
+64.60000E-06 -80.40200919E-03 -8.56030127E-03
+64.62500E-06 -20.10050222E-03 -11.57537660E-03
+64.65000E-06 -60.30150697E-03 +3.50000011E-03
+64.67500E-06 -60.30150697E-03 -11.57537660E-03
+64.70000E-06 -20.10050222E-03 +3.50000011E-03
+64.72500E-06 -20.10050222E-03 -8.56030127E-03
+64.75000E-06 -60.30150697E-03 -8.56030127E-03
+64.77500E-06 -80.40200919E-03 -8.56030127E-03
+64.80000E-06 -20.10050222E-03 -5.54522594E-03
+64.82500E-06 +0.0E+00 +484.92478E-06
+64.85000E-06 +0.0E+00 +484.92478E-06
+64.87500E-06 -80.40200919E-03 -5.54522594E-03
+64.90000E-06 -80.40200919E-03 -5.54522594E-03
+64.92500E-06 -20.10050222E-03 -5.54522594E-03
+64.95000E-06 +0.0E+00 +484.92478E-06
+64.97500E-06 -60.30150697E-03 +3.50000011E-03
+65.00000E-06 -20.10050222E-03 -14.59045198E-03
+65.02500E-06 -60.30150697E-03 -11.57537660E-03
+65.05000E-06 -60.30150697E-03 +3.50000011E-03
+65.07500E-06 +0.0E+00 -5.54522594E-03
+65.10000E-06 -20.10050222E-03 -8.56030127E-03
+65.12500E-06 -100.50251141E-03 +484.92478E-06
+65.15000E-06 -80.40200919E-03 +3.50000011E-03
+65.17500E-06 +0.0E+00 -8.56030127E-03
+65.20000E-06 +0.0E+00 -17.60552732E-03
+65.22500E-06 -20.10050222E-03 -8.56030127E-03
+65.25000E-06 -80.40200919E-03 +484.92478E-06
+65.27500E-06 -60.30150697E-03 -8.56030127E-03
+65.30000E-06 -60.30150697E-03 -8.56030127E-03
+65.32500E-06 +0.0E+00 -8.56030127E-03
+65.35000E-06 -60.30150697E-03 +484.92478E-06
+65.37500E-06 -80.40200919E-03 -8.56030127E-03
+65.40000E-06 -80.40200919E-03 -20.62060265E-03
+65.42500E-06 -80.40200919E-03 -11.57537660E-03
+65.45000E-06 -20.10050222E-03 +484.92478E-06
+65.47500E-06 -60.30150697E-03 +484.92478E-06
+65.50000E-06 -80.40200919E-03 -5.54522594E-03
+65.52500E-06 +0.0E+00 -17.60552732E-03
+65.55000E-06 +0.0E+00 -8.56030127E-03
+65.57500E-06 +0.0E+00 -5.54522594E-03
+65.60000E-06 +0.0E+00 -17.60552732E-03
+65.62500E-06 +0.0E+00 -11.57537660E-03
+65.65000E-06 -80.40200919E-03 +484.92478E-06
+65.67500E-06 +0.0E+00 -5.54522594E-03
+65.70000E-06 -80.40200919E-03 +3.50000011E-03
+65.72500E-06 +0.0E+00 -8.56030127E-03
+65.75000E-06 -60.30150697E-03 -11.57537660E-03
+65.77500E-06 -60.30150697E-03 -8.56030127E-03
+65.80000E-06 -20.10050222E-03 -8.56030127E-03
+65.82500E-06 +0.0E+00 -2.53015056E-03
+65.85000E-06 -60.30150697E-03 -11.57537660E-03
+65.87500E-06 -60.30150697E-03 -5.54522594E-03
+65.90000E-06 -80.40200919E-03 -5.54522594E-03
+65.92500E-06 -40.20100443E-03 -5.54522594E-03
+65.95000E-06 -20.10050222E-03 -8.56030127E-03
+65.97500E-06 -80.40200919E-03 -8.56030127E-03
+66.00000E-06 +0.0E+00 -17.60552732E-03
+66.02500E-06 +0.0E+00 -8.56030127E-03
+66.05000E-06 +0.0E+00 +3.50000011E-03
+66.07500E-06 -60.30150697E-03 -5.54522594E-03
+66.10000E-06 -60.30150697E-03 -8.56030127E-03
+66.12500E-06 -80.40200919E-03 +3.50000011E-03
+66.15000E-06 -20.10050221E-03 +3.50000011E-03
+66.17500E-06 -80.40200919E-03 -17.60552732E-03
+66.20000E-06 -20.10050221E-03 -17.60552732E-03
+66.22500E-06 -60.30150697E-03 -8.56030127E-03
+66.25000E-06 +0.0E+00 +484.92478E-06
+66.27500E-06 -80.40200919E-03 -8.56030127E-03
+66.30000E-06 -80.40200919E-03 -8.56030127E-03
+66.32500E-06 -40.20100443E-03 -11.57537660E-03
+66.35000E-06 +0.0E+00 +3.50000011E-03
+66.37500E-06 -80.40200919E-03 +484.92478E-06
+66.40000E-06 -60.30150697E-03 -20.62060265E-03
+66.42500E-06 -80.40200919E-03 +484.92478E-06
+66.45000E-06 +0.0E+00 -8.56030127E-03
+66.47500E-06 -60.30150697E-03 -8.56030127E-03
+66.50000E-06 -80.40200919E-03 -5.54522594E-03
+66.52500E-06 -20.10050221E-03 -17.60552732E-03
+66.55000E-06 -80.40200919E-03 -17.60552732E-03
+66.57500E-06 +0.0E+00 -8.56030127E-03
+66.60000E-06 -80.40200919E-03 -11.57537660E-03
+66.62500E-06 -20.10050221E-03 -20.62060265E-03
+66.65000E-06 -80.40200919E-03 +484.92478E-06
+66.67500E-06 +0.0E+00 +3.50000011E-03
+66.70000E-06 -80.40200919E-03 -5.54522594E-03
+66.72500E-06 -80.40200919E-03 +484.92478E-06
+66.75000E-06 -80.40200919E-03 -5.54522594E-03
+66.77500E-06 -80.40200919E-03 -17.60552732E-03
+66.80000E-06 +0.0E+00 -8.56030127E-03
+66.82500E-06 +0.0E+00 -2.53015056E-03
+66.85000E-06 -60.30150698E-03 -17.60552732E-03
+66.87500E-06 -80.40200919E-03 -8.56030127E-03
+66.90000E-06 -80.40200919E-03 +484.92478E-06
+66.92500E-06 -40.20100443E-03 +3.50000011E-03
+66.95000E-06 -60.30150698E-03 -2.53015056E-03
+66.97500E-06 -80.40200919E-03 -8.56030127E-03
+67.00000E-06 -20.10050221E-03 -17.60552732E-03
+67.02500E-06 -60.30150698E-03 -11.57537660E-03
+67.05000E-06 -80.40200919E-03 +484.92478E-06
+67.07500E-06 -60.30150698E-03 -8.56030127E-03
+67.10000E-06 -80.40200919E-03 -8.56030127E-03
+67.12500E-06 -80.40200919E-03 -8.56030127E-03
+67.15000E-06 -60.30150698E-03 +3.50000011E-03
+67.17500E-06 -60.30150698E-03 +3.50000011E-03
+67.20000E-06 -20.10050221E-03 -8.56030127E-03
+67.22500E-06 +0.0E+00 -8.56030127E-03
+67.25000E-06 -60.30150698E-03 -2.53015056E-03
+67.27500E-06 -60.30150698E-03 -5.54522594E-03
+67.30000E-06 -80.40200919E-03 -5.54522594E-03
+67.32500E-06 -80.40200919E-03 -17.60552732E-03
+67.35000E-06 +0.0E+00 -5.54522594E-03
+67.37500E-06 -20.10050221E-03 +3.50000011E-03
+67.40000E-06 -20.10050221E-03 -17.60552732E-03
+67.42500E-06 +0.0E+00 -20.62060265E-03
+67.45000E-06 -80.40200919E-03 +484.92478E-06
+67.47500E-06 -80.40200919E-03 +484.92478E-06
+67.50000E-06 -80.40200919E-03 -5.54522594E-03
+67.52500E-06 -80.40200919E-03 -8.56030127E-03
+67.55000E-06 +0.0E+00 +3.50000011E-03
+67.57500E-06 -60.30150698E-03 +3.50000011E-03
+67.60000E-06 +0.0E+00 -17.60552732E-03
+67.62500E-06 +0.0E+00 +484.92478E-06
+67.65000E-06 -80.40200919E-03 +484.92478E-06
+67.67500E-06 -80.40200919E-03 +3.50000011E-03
+67.70000E-06 -80.40200919E-03 -5.54522594E-03
+67.72500E-06 +0.0E+00 -8.56030127E-03
+67.75000E-06 -80.40200919E-03 -8.56030127E-03
+67.77500E-06 -20.10050221E-03 -8.56030127E-03
+67.80000E-06 -20.10050221E-03 -8.56030127E-03
+67.82500E-06 +0.0E+00 -8.56030127E-03
+67.85000E-06 -60.30150698E-03 -20.62060265E-03
+67.87500E-06 -80.40200919E-03 -8.56030127E-03
+67.90000E-06 -20.10050221E-03 +3.50000011E-03
+67.92500E-06 -20.10050221E-03 -17.60552732E-03
+67.95000E-06 -60.30150698E-03 +3.50000011E-03
+67.97500E-06 -80.40200919E-03 -8.56030127E-03
+68.00000E-06 -60.30150698E-03 -5.54522594E-03
+68.02500E-06 -60.30150698E-03 -11.57537660E-03
+68.05000E-06 -60.30150698E-03 -8.56030127E-03
+68.07500E-06 -80.40200919E-03 +484.92478E-06
+68.10000E-06 -20.10050221E-03 -8.56030127E-03
+68.12500E-06 +0.0E+00 -8.56030127E-03
+68.15000E-06 -20.10050221E-03 -8.56030127E-03
+68.17500E-06 -80.40200919E-03 -5.54522594E-03
+68.20000E-06 -80.40200919E-03 -17.60552732E-03
+68.22500E-06 +0.0E+00 -11.57537660E-03
+68.25000E-06 -60.30150698E-03 -8.56030127E-03
+68.27500E-06 -40.20100477E-03 -8.56030127E-03
+68.30000E-06 -80.40200919E-03 -5.54522594E-03
+68.32500E-06 +0.0E+00 -5.54522594E-03
+68.35000E-06 +0.0E+00 -8.56030127E-03
+68.37500E-06 -80.40200919E-03 -8.56030127E-03
+68.40000E-06 +0.0E+00 -17.60552732E-03
+68.42500E-06 -20.10050221E-03 +484.92478E-06
+68.45000E-06 -60.30150698E-03 -8.56030127E-03
+68.47500E-06 -20.10050221E-03 +3.50000011E-03
+68.50000E-06 -60.30150698E-03 +484.92478E-06
+68.52500E-06 -20.10050221E-03 +3.50000011E-03
+68.55000E-06 -20.10050221E-03 +484.92478E-06
+68.57500E-06 -60.30150698E-03 -5.54522594E-03
+68.60000E-06 -20.10050221E-03 -8.56030127E-03
+68.62500E-06 +0.0E+00 -17.60552732E-03
+68.65000E-06 -60.30150698E-03 -17.60552732E-03
+68.67500E-06 -80.40200919E-03 +484.92478E-06
+68.70000E-06 -20.10050221E-03 -8.56030127E-03
+68.72500E-06 -80.40200919E-03 +484.92478E-06
+68.75000E-06 -20.10050221E-03 -11.57537660E-03
+68.77500E-06 +0.0E+00 -5.54522594E-03
+68.80000E-06 -20.10050221E-03 -8.56030127E-03
+68.82500E-06 +0.0E+00 -11.57537660E-03
+68.85000E-06 +0.0E+00 +3.50000011E-03
+68.87500E-06 -80.40200919E-03 +484.92478E-06
+68.90000E-06 -140.70351617E-03 +3.50000011E-03
+68.92500E-06 -80.40200919E-03 -5.54522594E-03
+68.95000E-06 -60.30150698E-03 -8.56030127E-03
+68.97500E-06 -60.30150698E-03 -5.54522594E-03
+69.00000E-06 +0.0E+00 -17.60552732E-03
+69.02500E-06 +0.0E+00 +484.92478E-06
+69.05000E-06 +0.0E+00 +484.92478E-06
+69.07500E-06 -80.40200919E-03 -5.54522594E-03
+69.10000E-06 -20.10050221E-03 -5.54522594E-03
+69.12500E-06 -20.10050221E-03 -8.56030127E-03
+69.15000E-06 -60.30150698E-03 -8.56030127E-03
+69.17500E-06 -80.40200919E-03 +3.50000011E-03
+69.20000E-06 -20.10050221E-03 -8.56030127E-03
+69.22500E-06 +0.0E+00 -11.57537660E-03
+69.25000E-06 +0.0E+00 +484.92478E-06
+69.27500E-06 +0.0E+00 -8.56030127E-03
+69.30000E-06 -80.40200919E-03 +3.50000011E-03
+69.32500E-06 +0.0E+00 -17.60552732E-03
+69.35000E-06 +0.0E+00 -8.56030127E-03
+69.37500E-06 -80.40200919E-03 -8.56030127E-03
+69.40000E-06 -20.10050221E-03 -17.60552732E-03
+69.42500E-06 +0.0E+00 -20.62060265E-03
+69.45000E-06 -60.30150698E-03 +484.92478E-06
+69.47500E-06 -80.40200919E-03 +484.92478E-06
+69.50000E-06 -20.10050221E-03 -5.54522594E-03
+69.52500E-06 -80.40200919E-03 -8.56030127E-03
+69.55000E-06 +0.0E+00 -8.56030127E-03
+69.57500E-06 +0.0E+00 -5.54522594E-03
+69.60000E-06 -20.10050221E-03 -17.60552732E-03
+69.62500E-06 -20.10050221E-03 -17.60552732E-03
+69.65000E-06 -20.10050221E-03 +3.50000011E-03
+69.67500E-06 -80.40200919E-03 -8.56030127E-03
+69.70000E-06 -140.70351617E-03 -8.56030127E-03
+69.72500E-06 -20.10050221E-03 -17.60552732E-03
+69.75000E-06 -60.30150698E-03 +484.92478E-06
+69.77500E-06 -80.40200919E-03 +484.92478E-06
+69.80000E-06 -20.10050221E-03 -5.54522594E-03
+69.82500E-06 -20.10050221E-03 -11.57537660E-03
+69.85000E-06 -80.40200919E-03 -8.56030127E-03
+69.87500E-06 -80.40200919E-03 +3.50000011E-03
+69.90000E-06 -80.40200919E-03 +3.50000011E-03
+69.92500E-06 -20.10050221E-03 -17.60552732E-03
+69.95000E-06 +0.0E+00 -8.56030127E-03
+69.97500E-06 -80.40200919E-03 -5.54522594E-03
+70.00000E-06 -20.10050221E-03 -17.60552732E-03
+70.02500E-06 +0.0E+00 -8.56030127E-03
+70.05000E-06 +0.0E+00 +484.92478E-06
+70.07500E-06 -80.40200919E-03 -5.54522594E-03
+70.10000E-06 -80.40200919E-03 +3.50000011E-03
+70.12500E-06 -20.10050221E-03 -17.60552732E-03
+70.15000E-06 +0.0E+00 +3.50000011E-03
+70.17500E-06 -20.10050221E-03 -5.54522594E-03
+70.20000E-06 -60.30150698E-03 -5.54522594E-03
+70.22500E-06 -60.30150698E-03 -8.56030127E-03
+70.25000E-06 -60.30150698E-03 -8.56030127E-03
+70.27500E-06 -80.40200919E-03 +3.50000011E-03
+70.30000E-06 -80.40200919E-03 +484.92478E-06
+70.32500E-06 -20.10050221E-03 -8.56030127E-03
+70.35000E-06 -60.30150698E-03 -8.56030127E-03
+70.37500E-06 +0.0E+00 -20.62060265E-03
+70.40000E-06 +0.0E+00 -8.56030127E-03
+70.42500E-06 +0.0E+00 -11.57537660E-03
+70.45000E-06 -80.40200919E-03 +484.92478E-06
+70.47500E-06 -60.30150698E-03 -8.56030127E-03
+70.50000E-06 -60.30150698E-03 -8.56030127E-03
+70.52500E-06 -60.30150698E-03 -5.54522594E-03
+70.55000E-06 -60.30150698E-03 -8.56030127E-03
+70.57500E-06 -20.10050221E-03 -5.54522594E-03
+70.60000E-06 -20.10050221E-03 -8.56030127E-03
+70.62500E-06 -60.30150698E-03 -8.56030127E-03
+70.65000E-06 -60.30150698E-03 -8.56030127E-03
+70.67500E-06 -80.40200919E-03 +3.50000011E-03
+70.70000E-06 -80.40200919E-03 -8.56030127E-03
+70.72500E-06 -40.20100441E-03 +484.92478E-06
+70.75000E-06 +0.0E+00 -11.57537660E-03
+70.77500E-06 -80.40200919E-03 -5.54522594E-03
+70.80000E-06 -80.40200919E-03 -17.60552732E-03
+70.82500E-06 -60.30150698E-03 -11.57537660E-03
+70.85000E-06 +0.0E+00 -20.62060265E-03
+70.87500E-06 +0.0E+00 +3.50000011E-03
+70.90000E-06 -60.30150698E-03 +3.50000011E-03
+70.92500E-06 -20.10050220E-03 +484.92478E-06
+70.95000E-06 -60.30150698E-03 -8.56030127E-03
+70.97500E-06 -80.40200919E-03 +484.92478E-06
+71.00000E-06 +0.0E+00 -8.56030127E-03
+71.02500E-06 -60.30150698E-03 -11.57537660E-03
+71.05000E-06 -20.10050220E-03 -14.59045199E-03
+71.07500E-06 -80.40200919E-03 +12.54522616E-03
+71.10000E-06 -80.40200919E-03 +3.50000011E-03
+71.12500E-06 -100.50251139E-03 -8.56030127E-03
+71.15000E-06 -40.20100478E-03 +484.92478E-06
+71.17500E-06 -60.30150698E-03 -17.60552732E-03
+71.20000E-06 -20.10050220E-03 -8.56030127E-03
+71.22500E-06 +0.0E+00 -11.57537660E-03
+71.25000E-06 -60.30150698E-03 +3.50000011E-03
+71.27500E-06 -60.30150698E-03 +484.92478E-06
+71.30000E-06 -80.40200919E-03 -5.54522594E-03
+71.32500E-06 +0.0E+00 -5.54522594E-03
+71.35000E-06 -60.30150698E-03 +3.50000011E-03
+71.37500E-06 -60.30150698E-03 -8.56030127E-03
+71.40000E-06 -80.40200919E-03 -17.60552732E-03
+71.42500E-06 -60.30150698E-03 -11.57537660E-03
+71.45000E-06 -60.30150698E-03 -8.56030127E-03
+71.47500E-06 -60.30150698E-03 +3.50000011E-03
+71.50000E-06 -80.40200919E-03 -5.54522594E-03
+71.52500E-06 +20.10050220E-03 -5.54522594E-03
+71.55000E-06 -20.10050220E-03 +484.92478E-06
+71.57500E-06 -80.40200919E-03 -17.60552732E-03
+71.60000E-06 -20.10050220E-03 -14.59045199E-03
+71.62500E-06 -60.30150699E-03 -11.57537660E-03
+71.65000E-06 -60.30150699E-03 +484.92478E-06
+71.67500E-06 -80.40200919E-03 -8.56030127E-03
+71.70000E-06 -140.70351617E-03 +3.50000011E-03
+71.72500E-06 +0.0E+00 -8.56030127E-03
+71.75000E-06 -60.30150699E-03 -8.56030127E-03
+71.77500E-06 -20.10050220E-03 +484.92478E-06
+71.80000E-06 -20.10050220E-03 -8.56030127E-03
+71.82500E-06 -60.30150699E-03 -8.56030127E-03
+71.85000E-06 -20.10050220E-03 -8.56030127E-03
+71.87500E-06 -60.30150699E-03 -5.54522594E-03
+71.90000E-06 -60.30150699E-03 -8.56030127E-03
+71.92500E-06 -20.10050220E-03 -8.56030127E-03
+71.95000E-06 -60.30150699E-03 -11.57537660E-03
+71.97500E-06 -80.40200919E-03 -5.54522594E-03
+72.00000E-06 +0.0E+00 -8.56030127E-03
+72.02500E-06 -60.30150699E-03 -8.56030127E-03
+72.05000E-06 +0.0E+00 -8.56030127E-03
+72.07500E-06 -60.30150699E-03 -8.56030127E-03
+72.10000E-06 -120.60301397E-03 -8.56030127E-03
+72.12500E-06 +0.0E+00 -8.56030127E-03
+72.15000E-06 +0.0E+00 +3.50000011E-03
+72.17500E-06 -60.30150699E-03 -8.56030127E-03
+72.20000E-06 -20.10050220E-03 -17.60552732E-03
+72.22500E-06 +0.0E+00 -11.57537660E-03
+72.25000E-06 +0.0E+00 +484.92478E-06
+72.27500E-06 -80.40200919E-03 -8.56030127E-03
+72.30000E-06 -80.40200919E-03 -8.56030127E-03
+72.32500E-06 -80.40200919E-03 -17.60552732E-03
+72.35000E-06 -80.40200919E-03 +484.92478E-06
+72.37500E-06 -80.40200919E-03 -11.57537660E-03
+72.40000E-06 -20.10050220E-03 -8.56030127E-03
+72.42500E-06 +0.0E+00 -20.62060265E-03
+72.45000E-06 -20.10050220E-03 -8.56030127E-03
+72.47500E-06 +0.0E+00 -20.62060265E-03
+72.50000E-06 -140.70351618E-03 -8.56030127E-03
+72.52500E-06 +0.0E+00 -8.56030127E-03
+72.55000E-06 -60.30150699E-03 +484.92478E-06
+72.57500E-06 -80.40200919E-03 -8.56030127E-03
+72.60000E-06 -20.10050220E-03 -8.56030127E-03
+72.62500E-06 +0.0E+00 +484.92478E-06
+72.65000E-06 -20.10050220E-03 -8.56030127E-03
+72.67500E-06 -60.30150699E-03 -8.56030127E-03
+72.70000E-06 -140.70351618E-03 -8.56030127E-03
+72.72500E-06 -20.10050220E-03 -8.56030127E-03
+72.75000E-06 +0.0E+00 +3.50000011E-03
+72.77500E-06 -80.40200919E-03 +3.50000011E-03
+72.80000E-06 -20.10050220E-03 -5.54522594E-03
+72.82500E-06 +0.0E+00 -8.56030127E-03
+72.85000E-06 +0.0E+00 +484.92478E-06
+72.87500E-06 -60.30150699E-03 -5.54522594E-03
+72.90000E-06 -60.30150699E-03 +3.50000011E-03
+72.92500E-06 -20.10050220E-03 -8.56030127E-03
+72.95000E-06 -60.30150699E-03 +484.92478E-06
+72.97500E-06 -20.10050220E-03 -8.56030127E-03
+73.00000E-06 +0.0E+00 -17.60552732E-03
+73.02500E-06 +0.0E+00 -8.56030127E-03
+73.05000E-06 -20.10050220E-03 -20.62060265E-03
+73.07500E-06 -80.40200919E-03 +3.50000011E-03
+73.10000E-06 -60.30150699E-03 -20.62060265E-03
+73.12500E-06 +40.20100479E-03 -5.54522594E-03
+73.15000E-06 -80.40200919E-03 +12.54522616E-03
+73.17500E-06 -80.40200919E-03 -5.54522594E-03
+73.20000E-06 +0.0E+00 -5.54522594E-03
+73.22500E-06 +0.0E+00 -8.56030127E-03
+73.25000E-06 +0.0E+00 -11.57537660E-03
+73.27500E-06 +0.0E+00 +484.92478E-06
+73.30000E-06 -80.40200919E-03 -8.56030127E-03
+73.32500E-06 -60.30150699E-03 -5.54522594E-03
+73.35000E-06 -80.40200919E-03 -8.56030127E-03
+73.37500E-06 -20.10050220E-03 -8.56030127E-03
+73.40000E-06 +0.0E+00 -14.59045199E-03
+73.42500E-06 -60.30150699E-03 -11.57537660E-03
+73.45000E-06 -60.30150699E-03 -8.56030127E-03
+73.47500E-06 -60.30150699E-03 +3.50000011E-03
+73.50000E-06 -20.10050220E-03 -8.56030127E-03
+73.52500E-06 -80.40200919E-03 -5.54522594E-03
+73.55000E-06 -60.30150699E-03 +3.50000011E-03
+73.57500E-06 -20.10050220E-03 -11.57537660E-03
+73.60000E-06 +0.0E+00 -8.56030127E-03
+73.62500E-06 +0.0E+00 -8.56030127E-03
+73.65000E-06 -80.40200919E-03 +484.92478E-06
+73.67500E-06 -80.40200919E-03 +484.92478E-06
+73.70000E-06 -80.40200919E-03 -8.56030127E-03
+73.72500E-06 -40.20100440E-03 -8.56030127E-03
+73.75000E-06 +0.0E+00 -8.56030127E-03
+73.77500E-06 -80.40200919E-03 +6.51507544E-03
+73.80000E-06 -60.30150699E-03 -17.60552732E-03
+73.82500E-06 -60.30150699E-03 -8.56030127E-03
+73.85000E-06 -80.40200919E-03 +484.92478E-06
+73.87500E-06 -60.30150699E-03 +3.50000011E-03
