x-axis SCL1 SDA1
second Volt Volt
+34.50000E-06 -39.19219971E-03 +4.82424628E-03
+34.51500E-06 -39.19219971E-03 -1.12550240E-03
+34.53000E-06 -39.19219971E-03 -7.07525108E-03
+34.54500E-06 -39.19219971E-03 -1.12550240E-03
+34.56000E-06 -39.19219971E-03 +4.82424628E-03
+34.57500E-06 -39.19219971E-03 -1.12550240E-03
+34.59000E-06 -97.08164632E-03 -1.12550240E-03
+34.60500E-06 -39.19219971E-03 -1.12550240E-03
+34.62000E-06 -39.19219971E-03 -1.12550240E-03
+34.63500E-06 +18.69724691E-03 -1.12550240E-03
+34.65000E-06 -39.19219971E-03 -7.07525108E-03
+34.66500E-06 -97.08164632E-03 -1.12550240E-03
+34.68000E-06 -39.19219971E-03 -1.12550240E-03
+34.69500E-06 -39.19219971E-03 -1.12550240E-03
+34.71000E-06 -97.08164632E-03 -1.12550240E-03
+34.72500E-06 -39.19219971E-03 -1.12550240E-03
+34.74000E-06 -39.19219971E-03 +4.82424628E-03
+34.75500E-06 -39.19219971E-03 +4.82424628E-03
+34.77000E-06 -39.19219971E-03 -7.07525108E-03
+34.78500E-06 -97.08164632E-03 -1.12550240E-03
+34.80000E-06 -97.08164632E-03 -1.12550240E-03
+34.81500E-06 -39.19219971E-03 -1.12550240E-03
+34.83000E-06 -97.08164632E-03 -1.12550240E-03
+34.84500E-06 -97.08164632E-03 -1.12550240E-03
+34.86000E-06 -97.08164632E-03 +4.82424628E-03
+34.87500E-06 -39.19219971E-03 -1.12550240E-03
+34.89000E-06 -39.19219971E-03 -1.12550240E-03
+34.90500E-06 -39.19219971E-03 -1.12550240E-03
+34.92000E-06 -39.19219971E-03 -1.12550240E-03
+34.93500E-06 -39.19219971E-03 -1.12550240E-03
+34.95000E-06 -39.19219971E-03 +4.82424628E-03
+34.96500E-06 -39.19219971E-03 -1.12550240E-03
+34.98000E-06 -39.19219971E-03 -1.12550240E-03
+34.99500E-06 -39.19219971E-03 -1.12550240E-03
+35.01000E-06 -39.19219971E-03 -1.12550240E-03
+35.02500E-06 -97.08164632E-03 -1.12550240E-03
+35.04000E-06 -39.19219971E-03 -1.12550240E-03
+35.05500E-06 -39.19219971E-03 -1.12550240E-03
+35.07000E-06 -97.08164632E-03 -1.12550240E-03
+35.08500E-06 -97.08164632E-03 -1.12550240E-03
+35.10000E-06 -39.19219970E-03 -1.12550240E-03
+35.11500E-06 -39.19219971E-03 -1.12550240E-03
+35.13000E-06 -39.19219971E-03 -7.07525108E-03
+35.14500E-06 -39.19219971E-03 -1.12550240E-03
+35.16000E-06 -39.19219971E-03 +4.82424628E-03
+35.17500E-06 -97.08164632E-03 -7.07525108E-03
+35.19000E-06 -39.19219971E-03 -1.12550240E-03
+35.20500E-06 -39.19219971E-03 -1.12550240E-03
+35.22000E-06 -39.19219971E-03 +4.82424628E-03
+35.23500E-06 -39.19219971E-03 -1.12550240E-03
+35.25000E-06 -39.19219971E-03 -7.07525108E-03
+35.26500E-06 -39.19219971E-03 -7.07525108E-03
+35.28000E-06 -97.08164632E-03 -1.12550240E-03
+35.29500E-06 +18.69724690E-03 -7.07525108E-03
+35.31000E-06 -39.19219971E-03 -1.12550240E-03
+35.32500E-06 -39.19219971E-03 -1.12550240E-03
+35.34000E-06 -39.19219971E-03 +4.82424628E-03
+35.35500E-06 +18.69724691E-03 -1.12550240E-03
+35.37000E-06 -39.19219971E-03 -7.07525108E-03
+35.38500E-06 -39.19219971E-03 -1.12550240E-03
+35.40000E-06 +18.69724691E-03 -1.12550240E-03
+35.41500E-06 -97.08164632E-03 -7.07525108E-03
+35.43000E-06 -97.08164632E-03 -1.12550240E-03
+35.44500E-06 -39.19219971E-03 -1.12550240E-03
+35.46000E-06 -39.19219970E-03 -1.12550240E-03
+35.47500E-06 -39.19219971E-03 -1.12550240E-03
+35.49000E-06 -39.19219971E-03 -7.07525108E-03
+35.50500E-06 -39.19219971E-03 -1.12550240E-03
+35.52000E-06 -39.19219971E-03 -1.12550240E-03
+35.53500E-06 -97.08164632E-03 -1.12550240E-03
+35.55000E-06 -39.19219971E-03 +4.82424628E-03
+35.56500E-06 -39.19219971E-03 -1.12550240E-03
+35.58000E-06 -39.19219971E-03 +4.82424628E-03
+35.59500E-06 -39.19219971E-03 -1.12550240E-03
+35.61000E-06 -39.19219971E-03 -7.07525108E-03
+35.62500E-06 -39.19219971E-03 -1.12550240E-03
+35.64000E-06 +18.69724690E-03 -1.12550240E-03
+35.65500E-06 +18.69724690E-03 -1.12550240E-03
+35.67000E-06 -97.08164632E-03 -1.12550240E-03
+35.68500E-06 -39.19219971E-03 -1.12550240E-03
+35.70000E-06 -39.19219970E-03 -1.12550240E-03
+35.71500E-06 -39.19219971E-03 -1.12550240E-03
+35.73000E-06 -39.19219971E-03 -7.07525108E-03
+35.74500E-06 -97.08164632E-03 -1.12550240E-03
+35.76000E-06 -39.19219971E-03 -1.12550240E-03
+35.77500E-06 -39.19219971E-03 -7.07525108E-03
+35.79000E-06 -97.08164632E-03 -1.12550240E-03
+35.80500E-06 -39.19219971E-03 -1.12550240E-03
+35.82000E-06 -97.08164632E-03 -1.12550240E-03
+35.83500E-06 -39.19219971E-03 -1.12550240E-03
+35.85000E-06 -39.19219971E-03 -7.07525108E-03
+35.86500E-06 -39.19219971E-03 -1.12550240E-03
+35.88000E-06 -39.19219971E-03 -1.12550240E-03
+35.89500E-06 -39.19219971E-03 -1.12550240E-03
+35.91000E-06 -39.19219971E-03 -1.12550240E-03
+35.92500E-06 -39.19219971E-03 -1.12550240E-03
+35.94000E-06 -39.19219970E-03 -1.12550240E-03
+35.95500E-06 -39.19219971E-03 -1.12550240E-03
+35.97000E-06 -39.19219971E-03 -1.12550240E-03
+35.98500E-06 -97.08164632E-03 +4.82424628E-03
+36.00000E-06 -39.19219970E-03 +4.82424628E-03
+36.01500E-06 -39.19219971E-03 -7.07525108E-03
+36.03000E-06 -97.08164632E-03 -1.12550240E-03
+36.04500E-06 -39.19219971E-03 -1.12550240E-03
+36.06000E-06 -39.19219971E-03 +4.82424628E-03
+36.07500E-06 -39.19219970E-03 -1.12550240E-03
+36.09000E-06 -39.19219971E-03 -7.07525108E-03
+36.10500E-06 -97.08164632E-03 -1.12550240E-03
+36.12000E-06 -39.19219971E-03 +4.82424628E-03
+36.13500E-06 -39.19219971E-03 -7.07525108E-03
+36.15000E-06 -97.08164631E-03 -1.12550240E-03
+36.16500E-06 -97.08164632E-03 -1.12550240E-03
+36.18000E-06 -39.19219971E-03 -1.12550240E-03
+36.19500E-06 -39.19219971E-03 -1.12550240E-03
+36.21000E-06 -39.19219971E-03 -1.12550240E-03
+36.22500E-06 -39.19219970E-03 -1.12550240E-03
+36.24000E-06 -39.19219971E-03 -1.12550240E-03
+36.25500E-06 -39.19219971E-03 -1.12550240E-03
+36.27000E-06 -97.08164632E-03 -1.12550240E-03
+36.28500E-06 -39.19219971E-03 -7.07525108E-03
+36.30000E-06 -97.08164632E-03 -1.12550240E-03
+36.31500E-06 -97.08164632E-03 -1.12550240E-03
+36.33000E-06 -39.19219971E-03 -7.07525108E-03
+36.34500E-06 -97.08164632E-03 -1.12550240E-03
+36.36000E-06 -97.08164632E-03 -1.12550240E-03
+36.37500E-06 -39.19219971E-03 -1.12550240E-03
+36.39000E-06 -97.08164632E-03 -1.12550240E-03
+36.40500E-06 -39.19219971E-03 -1.12550240E-03
+36.42000E-06 -39.19219971E-03 -1.12550240E-03
+36.43500E-06 -39.19219971E-03 -1.12550240E-03
+36.45000E-06 -39.19219971E-03 -7.07525108E-03
+36.46500E-06 -39.19219971E-03 +4.82424628E-03
+36.48000E-06 -39.19219971E-03 -1.12550240E-03
+36.49500E-06 -39.19219971E-03 -1.12550240E-03
+36.51000E-06 -39.19219970E-03 -1.12550240E-03
+36.52500E-06 -39.19219971E-03 -7.07525108E-03
+36.54000E-06 -39.19219971E-03 -1.12550240E-03
+36.55500E-06 -39.19219971E-03 -1.12550240E-03
+36.57000E-06 +18.69724690E-03 -7.07525108E-03
+36.58500E-06 -39.19219970E-03 -7.07525108E-03
+36.60000E-06 -39.19219972E-03 -1.12550240E-03
+36.61500E-06 +18.69724689E-03 -1.12550240E-03
+36.63000E-06 -97.08164631E-03 -1.12550240E-03
+36.64500E-06 -97.08164632E-03 -1.12550240E-03
+36.66000E-06 -97.08164632E-03 -1.12550240E-03
+36.67500E-06 -39.19219971E-03 -1.12550240E-03
+36.69000E-06 -39.19219971E-03 -1.12550240E-03
+36.70500E-06 -39.19219971E-03 -1.12550240E-03
+36.72000E-06 -39.19219971E-03 -1.12550240E-03
+36.73500E-06 -39.19219971E-03 -1.12550240E-03
+36.75000E-06 -97.08164632E-03 -1.12550240E-03
+36.76500E-06 -39.19219971E-03 -1.12550240E-03
+36.78000E-06 -97.08164631E-03 -1.12550240E-03
+36.79500E-06 +18.69724690E-03 -1.12550240E-03
+36.81000E-06 -97.08164632E-03 -7.07525108E-03
+36.82500E-06 -39.19219971E-03 +4.82424628E-03
+36.84000E-06 -39.19219971E-03 -7.07525108E-03
+36.85500E-06 -39.19219972E-03 -1.12550240E-03
+36.87000E-06 -97.08164631E-03 -1.12550240E-03
+36.88500E-06 -39.19219972E-03 +4.82424628E-03
+36.90000E-06 -39.19219971E-03 -1.12550240E-03
+36.91500E-06 -39.19219971E-03 -7.07525108E-03
+36.93000E-06 +18.69724690E-03 -1.12550240E-03
+36.94500E-06 -39.19219971E-03 -1.12550240E-03
+36.96000E-06 -39.19219970E-03 +4.82424628E-03
+36.97500E-06 -97.08164632E-03 -7.07525108E-03
+36.99000E-06 -39.19219970E-03 -1.12550240E-03
+37.00500E-06 -39.19219971E-03 -7.07525108E-03
+37.02000E-06 -97.08164631E-03 +4.82424628E-03
+37.03500E-06 -39.19219971E-03 -7.07525108E-03
+37.05000E-06 +18.69724691E-03 -7.07525108E-03
+37.06500E-06 -39.19219972E-03 +4.82424628E-03
+37.08000E-06 -39.19219971E-03 -1.12550240E-03
+37.09500E-06 -39.19219972E-03 -7.07525108E-03
+37.11000E-06 -39.19219971E-03 -1.12550240E-03
+37.12500E-06 -39.19219971E-03 -1.12550240E-03
+37.14000E-06 -39.19219972E-03 -1.12550240E-03
+37.15500E-06 -39.19219971E-03 -1.12550240E-03
+37.17000E-06 -97.08164632E-03 -7.07525108E-03
+37.18500E-06 -39.19219971E-03 +4.82424628E-03
+37.20000E-06 -97.08164631E-03 -1.12550240E-03
+37.21500E-06 -39.19219971E-03 -1.12550240E-03
+37.23000E-06 -97.08164633E-03 -1.12550240E-03
+37.24500E-06 -39.19219971E-03 -1.12550240E-03
+37.26000E-06 -39.19219972E-03 -1.12550240E-03
+37.27500E-06 +18.69724690E-03 +4.82424628E-03
+37.29000E-06 -39.19219972E-03 -7.07525108E-03
+37.30500E-06 -39.19219970E-03 +4.82424628E-03
+37.32000E-06 -39.19219971E-03 -1.12550240E-03
+37.33500E-06 -97.08164632E-03 -1.12550240E-03
+37.35000E-06 -97.08164631E-03 -1.12550240E-03
+37.36500E-06 -39.19219971E-03 -1.12550240E-03
+37.38000E-06 -39.19219971E-03 -1.12550240E-03
+37.39500E-06 -39.19219972E-03 -1.12550240E-03
+37.41000E-06 -39.19219971E-03 -7.07525108E-03
+37.42500E-06 -97.08164632E-03 -1.12550240E-03
+37.44000E-06 +18.69724691E-03 -1.12550240E-03
+37.45500E-06 -39.19219971E-03 -7.07525108E-03
+37.47000E-06 -39.19219971E-03 +4.82424628E-03
+37.48500E-06 -39.19219972E-03 -1.12550240E-03
+37.50000E-06 -39.19219970E-03 -1.12550240E-03
+37.51500E-06 -39.19219971E-03 -7.07525108E-03
+37.53000E-06 +18.69724690E-03 -1.12550240E-03
+37.54500E-06 -97.08164631E-03 -7.07525108E-03
+37.56000E-06 +18.69724690E-03 +4.82424628E-03
+37.57500E-06 -39.19219971E-03 -1.12550240E-03
+37.59000E-06 -97.08164631E-03 -1.12550240E-03
+37.60500E-06 -39.19219970E-03 -1.12550240E-03
+37.62000E-06 -97.08164631E-03 -1.12550240E-03
+37.63500E-06 +18.69724691E-03 -1.12550240E-03
+37.65000E-06 -39.19219972E-03 -1.12550240E-03
+37.66500E-06 +18.69724691E-03 -1.12550240E-03
+37.68000E-06 -97.08164632E-03 -1.12550240E-03
+37.69500E-06 -39.19219971E-03 -1.12550240E-03
+37.71000E-06 -97.08164634E-03 -1.12550240E-03
+37.72500E-06 -39.19219971E-03 +4.82424628E-03
+37.74000E-06 -97.08164631E-03 -1.12550240E-03
+37.75500E-06 +18.69724690E-03 +4.82424628E-03
+37.77000E-06 -97.08164631E-03 -7.07525108E-03
+37.78500E-06 -39.19219971E-03 -1.12550240E-03
+37.80000E-06 -39.19219971E-03 -7.07525108E-03
+37.81500E-06 -39.19219972E-03 -1.12550240E-03
+37.83000E-06 -97.08164631E-03 -1.12550240E-03
+37.84500E-06 -39.19219971E-03 +4.82424628E-03
+37.86000E-06 +18.69724691E-03 +4.82424628E-03
+37.87500E-06 -97.08164632E-03 -1.12550240E-03
+37.89000E-06 -39.19219971E-03 -1.12550240E-03
+37.90500E-06 -97.08164632E-03 -7.07525108E-03
+37.92000E-06 +18.69724691E-03 -1.12550240E-03
+37.93500E-06 -97.08164632E-03 -1.12550240E-03
+37.95000E-06 -39.19219969E-03 -1.12550240E-03
+37.96500E-06 -97.08164632E-03 -1.12550240E-03
+37.98000E-06 -39.19219969E-03 +4.82424628E-03
+37.99500E-06 -39.19219971E-03 -7.07525108E-03
+38.01000E-06 -39.19219971E-03 -7.07525108E-03
+38.02500E-06 -39.19219971E-03 -1.12550240E-03
+38.04000E-06 -39.19219972E-03 -1.12550240E-03
+38.05500E-06 -39.19219971E-03 -7.07525108E-03
+38.07000E-06 -97.08164634E-03 -1.12550240E-03
+38.08500E-06 +18.69724690E-03 -7.07525108E-03
+38.10000E-06 -97.08164634E-03 -1.12550240E-03
+38.11500E-06 +18.69724690E-03 -1.12550240E-03
+38.13000E-06 -97.08164632E-03 -7.07525108E-03
+38.14500E-06 +76.58669351E-03 +4.82424628E-03
+38.16000E-06 -39.19219974E-03 -1.12550240E-03
+38.17500E-06 +18.69724691E-03 -1.12550240E-03
+38.19000E-06 -97.08164632E-03 -1.12550240E-03
+38.20500E-06 -39.19219969E-03 -1.12550240E-03
+38.22000E-06 -97.08164631E-03 -1.12550240E-03
+38.23500E-06 -39.19219971E-03 +4.82424628E-03
+38.25000E-06 -39.19219971E-03 -1.12550240E-03
+38.26500E-06 -39.19219972E-03 +4.82424628E-03
+38.28000E-06 -39.19219971E-03 -1.12550240E-03
+38.29500E-06 -97.08164632E-03 +4.82424628E-03
+38.31000E-06 -39.19219969E-03 -1.12550240E-03
+38.32500E-06 -154.97109292E-03 -1.12550240E-03
+38.34000E-06 +18.69724691E-03 -1.12550240E-03
+38.35500E-06 -97.08164632E-03 -1.12550240E-03
+38.37000E-06 +18.69724689E-03 -1.12550240E-03
+38.38500E-06 -154.97109294E-03 -1.12550240E-03
+38.40000E-06 +18.69724691E-03 +4.82424628E-03
+38.41500E-06 -97.08164632E-03 -7.07525108E-03
+38.43000E-06 -39.19219971E-03 -1.12550240E-03
+38.44500E-06 -97.08164631E-03 -7.07525108E-03
+38.46000E-06 -39.19219969E-03 +4.82424628E-03
+38.47500E-06 -97.08164632E-03 -7.07525108E-03
+38.49000E-06 -39.19219971E-03 -7.07525108E-03
+38.50500E-06 -97.08164631E-03 -7.07525108E-03
+38.52000E-06 -97.08164632E-03 +4.82424628E-03
+38.53500E-06 +18.69724689E-03 -1.12550240E-03
+38.55000E-06 -97.08164634E-03 -1.12550240E-03
+38.56500E-06 +18.69724689E-03 -1.12550240E-03
+38.58000E-06 -154.97109294E-03 -1.12550240E-03
+38.59500E-06 +18.69724691E-03 +4.82424628E-03
+38.61000E-06 -154.97109294E-03 -7.07525108E-03
+38.62500E-06 +18.69724692E-03 +4.82424628E-03
+38.64000E-06 -97.08164632E-03 -7.07525108E-03
+38.65500E-06 +18.69724689E-03 +4.82424628E-03
+38.67000E-06 -97.08164631E-03 -1.12550240E-03
+38.68500E-06 +18.69724691E-03 +4.82424628E-03
+38.70000E-06 -97.08164632E-03 -7.07525108E-03
+38.71500E-06 +18.69724689E-03 +4.82424628E-03
+38.73000E-06 -39.19219971E-03 -7.07525108E-03
+38.74500E-06 -39.19219971E-03 -1.12550240E-03
+38.76000E-06 -39.19219969E-03 -7.07525108E-03
+38.77500E-06 -154.97109292E-03 -1.12550240E-03
+38.79000E-06 -39.19219971E-03 -1.12550240E-03
+38.80500E-06 -154.97109292E-03 -1.12550240E-03
+38.82000E-06 +76.58669353E-03 -1.12550240E-03
+38.83500E-06 -154.97109294E-03 -1.12550240E-03
+38.85000E-06 +76.58669351E-03 -7.07525108E-03
+38.86500E-06 -154.97109294E-03 -7.07525108E-03
+38.88000E-06 +76.58669351E-03 -1.12550240E-03
+38.89500E-06 -97.08164632E-03 -1.12550240E-03
+38.91000E-06 +18.69724691E-03 -1.12550240E-03
+38.92500E-06 -97.08164632E-03 -7.07525108E-03
+38.94000E-06 -39.19219969E-03 +4.82424628E-03
+38.95500E-06 -39.19219972E-03 -7.07525108E-03
+38.97000E-06 -97.08164631E-03 -1.12550240E-03
+38.98500E-06 -39.19219971E-03 -7.07525108E-03
+39.00000E-06 -97.08164634E-03 -1.12550240E-03
+39.01500E-06 +18.69724691E-03 -7.07525108E-03
+39.03000E-06 -154.97109296E-03 +4.82424628E-03
+39.04500E-06 +76.58669353E-03 -1.12550240E-03
+39.06000E-06 -97.08164634E-03 +4.82424628E-03
+39.07500E-06 +76.58669353E-03 +4.82424628E-03
+39.09000E-06 -154.97109294E-03 -7.07525108E-03
+39.10500E-06 +18.69724691E-03 +4.82424628E-03
+39.12000E-06 -154.97109294E-03 -7.07525108E-03
+39.13500E-06 +18.69724691E-03 +4.82424628E-03
+39.15000E-06 -154.97109294E-03 -7.07525108E-03
+39.16500E-06 +18.69724689E-03 +4.82424628E-03
+39.18000E-06 -97.08164631E-03 -7.07525108E-03
+39.19500E-06 -39.19219973E-03 +4.82424628E-03
+39.21000E-06 -39.19219971E-03 -7.07525108E-03
+39.22500E-06 -97.08164632E-03 +4.82424628E-03
+39.24000E-06 -39.19219969E-03 -1.12550240E-03
+39.25500E-06 -154.97109292E-03 -1.12550240E-03
+39.27000E-06 +18.69724691E-03 -1.12550240E-03
+39.28500E-06 -154.97109294E-03 -1.12550240E-03
+39.30000E-06 +76.58669353E-03 +4.82424628E-03
+39.31500E-06 -154.97109296E-03 -1.12550240E-03
+39.33000E-06 +134.47614012E-03 -7.07525108E-03
+39.34500E-06 -154.97109294E-03 -7.07525108E-03
+39.36000E-06 +134.47614012E-03 +4.82424628E-03
+39.37500E-06 -154.97109292E-03 -13.02499976E-03
+39.39000E-06 +76.58669351E-03 +4.82424628E-03
+39.40500E-06 -97.08164630E-03 -7.07525108E-03
+39.42000E-06 +18.69724689E-03 +10.77399496E-03
+39.43500E-06 -39.19219971E-03 -7.07525108E-03
+39.45000E-06 -97.08164634E-03 -1.12550240E-03
+39.46500E-06 -39.19219969E-03 -1.12550240E-03
+39.48000E-06 -97.08164634E-03 -1.12550240E-03
+39.49500E-06 +76.58669354E-03 -7.07525108E-03
+39.51000E-06 -212.86053956E-03 -1.12550240E-03
+39.52500E-06 +134.47614012E-03 -1.12550240E-03
+39.54000E-06 -154.97109296E-03 -1.12550240E-03
+39.55500E-06 +134.47614012E-03 +4.82424628E-03
+39.57000E-06 -212.86053954E-03 -7.07525108E-03
+39.58500E-06 +134.47614014E-03 +4.82424628E-03
+39.60000E-06 -212.86053954E-03 -7.07525108E-03
+39.61500E-06 +76.58669351E-03 +4.82424628E-03
+39.63000E-06 -154.97109294E-03 -18.97474844E-03
+39.64500E-06 +18.69724689E-03 +4.82424628E-03
+39.66000E-06 -97.08164630E-03 -13.02499976E-03
+39.67500E-06 -39.19219973E-03 +4.82424628E-03
+39.69000E-06 +18.69724691E-03 -13.02499976E-03
+39.70500E-06 -97.08164632E-03 +4.82424628E-03
+39.72000E-06 +18.69724691E-03 -1.12550240E-03
+39.73500E-06 -154.97109294E-03 -1.12550240E-03
+39.75000E-06 +134.47614014E-03 -1.12550240E-03
+39.76500E-06 -212.86053956E-03 -1.12550240E-03
+39.78000E-06 +134.47614014E-03 +4.82424628E-03
+39.79500E-06 -270.74998615E-03 -13.02499976E-03
+39.81000E-06 +134.47614014E-03 -1.12550240E-03
+39.82500E-06 -212.86053954E-03 -7.07525108E-03
+39.84000E-06 +76.58669353E-03 +4.82424628E-03
+39.85500E-06 -154.97109296E-03 -13.02499976E-03
+39.87000E-06 +76.58669350E-03 +10.77399496E-03
+39.88500E-06 -154.97109290E-03 -7.07525108E-03
+39.90000E-06 -39.19219971E-03 +10.77399496E-03
+39.91500E-06 +18.69724691E-03 -7.07525108E-03
+39.93000E-06 -97.08164634E-03 -1.12550240E-03
+39.94500E-06 +18.69724695E-03 -1.12550240E-03
+39.96000E-06 -97.08164634E-03 +4.82424628E-03
+39.97500E-06 +134.47614014E-03 -7.07525108E-03
+39.99000E-06 -212.86053958E-03 -1.12550240E-03
+40.00500E-06 +192.36558676E-03 +4.82424628E-03
+40.02000E-06 -270.74998617E-03 -7.07525108E-03
+40.03500E-06 +192.36558676E-03 +4.82424628E-03
+40.05000E-06 -270.74998617E-03 -13.02499976E-03
+40.06500E-06 +192.36558674E-03 +4.82424628E-03
+40.08000E-06 -270.74998613E-03 -13.02499976E-03
+40.09500E-06 +134.47614012E-03 +10.77399496E-03
+40.11000E-06 -154.97109292E-03 -13.02499976E-03
+40.12500E-06 +18.69724689E-03 +4.82424628E-03
+40.14000E-06 -39.19219969E-03 -13.02499976E-03
+40.15500E-06 -39.19219973E-03 +10.77399496E-03
+40.17000E-06 +18.69724693E-03 -13.02499976E-03
+40.18500E-06 -154.97109296E-03 +4.82424628E-03
+40.20000E-06 +134.47614014E-03 -1.12550240E-03
+40.21500E-06 -212.86053958E-03 -1.12550240E-03
+40.23000E-06 +192.36558676E-03 -1.12550240E-03
+40.24500E-06 -328.63943277E-03 -7.07525108E-03
+40.26000E-06 +192.36558676E-03 +4.82424628E-03
+40.27500E-06 -270.74998617E-03 -7.07525108E-03
+40.29000E-06 +250.25503335E-03 +4.82424628E-03
+40.30500E-06 -270.74998615E-03 -7.07525108E-03
+40.32000E-06 +134.47614014E-03 +10.77399496E-03
+40.33500E-06 -154.97109294E-03 -13.02499976E-03
+40.35000E-06 +76.58669350E-03 +10.77399496E-03
+40.36500E-06 -154.97109289E-03 -13.02499976E-03
+40.38000E-06 -39.19219973E-03 +10.77399496E-03
+40.39500E-06 +18.69724693E-03 -7.07525108E-03
+40.41000E-06 -154.97109296E-03 -1.12550240E-03
+40.42500E-06 +134.47614016E-03 -1.12550240E-03
+40.44000E-06 -212.86053958E-03 -1.12550240E-03
+40.45500E-06 +250.25503335E-03 -1.12550240E-03
+40.47000E-06 -386.52887940E-03 -1.12550240E-03
+40.48500E-06 +250.25503337E-03 +4.82424628E-03
+40.50000E-06 -328.63943276E-03 -7.07525108E-03
+40.51500E-06 +250.25503337E-03 +10.77399496E-03
+40.53000E-06 -270.74998619E-03 -18.97474844E-03
+40.54500E-06 +134.47614014E-03 +10.77399496E-03
+40.56000E-06 -270.74998615E-03 -18.97474844E-03
+40.57500E-06 +192.36558669E-03 +10.77399496E-03
+40.59000E-06 -154.97109292E-03 -13.02499976E-03
+40.60500E-06 -39.19219971E-03 +10.77399496E-03
+40.62000E-06 +18.69724693E-03 -13.02499976E-03
+40.63500E-06 -154.97109296E-03 +10.77399496E-03
+40.65000E-06 +134.47614014E-03 -13.02499976E-03
+40.66500E-06 -270.74998617E-03 -1.12550240E-03
+40.68000E-06 +192.36558678E-03 -1.12550240E-03
+40.69500E-06 -328.63943281E-03 -7.07525108E-03
+40.71000E-06 +250.25503337E-03 +4.82424628E-03
+40.72500E-06 -386.52887940E-03 -7.07525108E-03
+40.74000E-06 +308.14447999E-03 +10.77399496E-03
+40.75500E-06 -386.52887940E-03 -18.97474844E-03
+40.77000E-06 +250.25503337E-03 +10.77399496E-03
+40.78500E-06 -270.74998615E-03 -18.97474844E-03
+40.80000E-06 +192.36558671E-03 +22.67349231E-03
+40.81500E-06 -154.97109294E-03 -18.97474844E-03
+40.83000E-06 +76.58669350E-03 +16.72374364E-03
+40.84500E-06 -39.19219971E-03 -13.02499976E-03
+40.86000E-06 -97.08164635E-03 +10.77399496E-03
+40.87500E-06 +134.47614014E-03 -13.02499976E-03
+40.89000E-06 -270.74998620E-03 -1.12550240E-03
+40.90500E-06 +192.36558678E-03 -7.07525108E-03
+40.92000E-06 -328.63943281E-03 -1.12550240E-03
+40.93500E-06 +308.14447997E-03 +4.82424628E-03
+40.95000E-06 -444.41832600E-03 -13.02499976E-03
+40.96500E-06 +308.14448001E-03 +4.82424628E-03
+40.98000E-06 -444.41832602E-03 -18.97474844E-03
+40.99500E-06 +250.25503337E-03 +16.72374364E-03
+41.01000E-06 -328.63943279E-03 -24.92449712E-03
+41.02500E-06 +250.25503332E-03 +16.72374364E-03
+41.04000E-06 -270.74998615E-03 -18.97474844E-03
+41.05500E-06 +76.58669350E-03 +16.72374364E-03
+41.07000E-06 -97.08164630E-03 -18.97474844E-03
+41.08500E-06 -39.19219973E-03 +16.72374364E-03
+41.10000E-06 +76.58669355E-03 -18.97474844E-03
+41.11500E-06 -212.86053961E-03 +10.77399496E-03
+41.13000E-06 +250.25503337E-03 -7.07525108E-03
+41.14500E-06 -386.52887943E-03 +4.82424627E-03
+41.16000E-06 +366.03392661E-03 +4.82424628E-03
+41.17500E-06 -444.41832607E-03 -13.02499976E-03
+41.19000E-06 +308.14448004E-03 +10.77399496E-03
+41.20500E-06 -444.41832602E-03 -13.02499976E-03
+41.22000E-06 +366.03392658E-03 +22.67349232E-03
+41.23500E-06 -444.41832602E-03 -24.92449712E-03
+41.25000E-06 +308.14447999E-03 +16.72374364E-03
+41.26500E-06 -328.63943276E-03 -24.92449712E-03
+41.28000E-06 +192.36558671E-03 +22.67349231E-03
+41.29500E-06 -154.97109291E-03 -24.92449712E-03
+41.31000E-06 -39.19219973E-03 +16.72374364E-03
+41.32500E-06 +18.69724696E-03 -18.97474844E-03
+41.34000E-06 -154.97109299E-03 +10.77399496E-03
+41.35500E-06 +192.36558681E-03 -7.07525108E-03
+41.37000E-06 -386.52887946E-03 +4.82424628E-03
+41.38500E-06 +308.14448002E-03 -1.12550240E-03
+41.40000E-06 -502.30777266E-03 -7.07525109E-03
+41.41500E-06 +423.92337325E-03 +4.82424629E-03
+41.43000E-06 -560.19721925E-03 -18.97474844E-03
+41.44500E-06 +423.92337322E-03 +22.67349232E-03
+41.46000E-06 -560.19721920E-03 -18.97474845E-03
+41.47500E-06 +366.03392658E-03 +22.67349232E-03
+41.49000E-06 -386.52887938E-03 -30.87424580E-03
+41.50500E-06 +250.25503332E-03 +28.62324100E-03
+41.52000E-06 -270.74998612E-03 -30.87424580E-03
+41.53500E-06 +76.58669344E-03 +16.72374364E-03
+41.55000E-06 -97.08164627E-03 -30.87424579E-03
+41.56500E-06 -154.97109299E-03 +16.72374364E-03
+41.58000E-06 +134.47614020E-03 -13.02499976E-03
+41.59500E-06 -328.63943284E-03 +10.77399495E-03
+41.61000E-06 +308.14448002E-03 -7.07525107E-03
+41.62500E-06 -502.30777266E-03 -7.07525108E-03
+41.64000E-06 +423.92337325E-03 +4.82424628E-03
+41.65500E-06 -618.08666587E-03 -13.02499976E-03
+41.67000E-06 +481.81281984E-03 +16.72374364E-03
+41.68500E-06 -618.08666584E-03 -24.92449712E-03
+41.70000E-06 +481.81281981E-03 +28.62324100E-03
+41.71500E-06 -560.19721920E-03 -30.87424580E-03
+41.73000E-06 +308.14447996E-03 +28.62324100E-03
+41.74500E-06 -386.52887932E-03 -30.87424580E-03
+41.76000E-06 +192.36558670E-03 +28.62324100E-03
+41.77500E-06 -154.97109288E-03 -30.87424580E-03
+41.79000E-06 -97.08164638E-03 +22.67349232E-03
+41.80500E-06 +134.47614017E-03 -18.97474844E-03
+41.82000E-06 -328.63943284E-03 +16.72374364E-03
+41.83500E-06 +366.03392663E-03 -13.02499976E-03
+41.85000E-06 -502.30777269E-03 -7.07525108E-03
+41.86500E-06 +539.70226648E-03 +4.82424628E-03
+41.88000E-06 -675.97611248E-03 -13.02499976E-03
+41.89500E-06 +597.59171304E-03 +10.77399496E-03
+41.91000E-06 -733.86555907E-03 -24.92449712E-03
+41.92500E-06 +539.70226643E-03 +28.62324100E-03
+41.94000E-06 -618.08666584E-03 -30.87424580E-03
+41.95500E-06 +423.92337322E-03 +34.57298968E-03
+41.97000E-06 -444.41832596E-03 -42.77374316E-03
+41.98500E-06 +308.14447990E-03 +34.57298968E-03
+42.00000E-06 -212.86053950E-03 -36.82399448E-03
+42.01500E-06 +18.69724685E-03 +22.67349232E-03
+42.03000E-06 +18.69724697E-03 -24.92449712E-03
+42.04500E-06 -270.74998623E-03 +22.67349231E-03
+42.06000E-06 +308.14448005E-03 -18.97474843E-03
+42.07500E-06 -560.19721925E-03 +4.82424627E-03
+42.09000E-06 +539.70226648E-03 -7.07525107E-03
+42.10500E-06 -675.97611248E-03 -13.02499976E-03
+42.12000E-06 +655.48115972E-03 +16.72374364E-03
+42.13500E-06 -733.86555913E-03 -30.87424580E-03
+42.15000E-06 +655.48115966E-03 +28.62324100E-03
+42.16500E-06 -733.86555907E-03 -30.87424580E-03
+42.18000E-06 +539.70226643E-03 +34.57298968E-03
+42.19500E-06 -560.19721919E-03 -42.77374316E-03
+42.21000E-06 +366.03392658E-03 +34.57298968E-03
+42.22500E-06 -328.63943270E-03 -42.77374316E-03
+42.24000E-06 +76.58669347E-03 +34.57298968E-03
+42.25500E-06 -39.19219965E-03 -36.82399448E-03
+42.27000E-06 -212.86053964E-03 +28.62324100E-03
+42.28500E-06 +250.25503343E-03 -24.92449711E-03
+42.30000E-06 -502.30777270E-03 +10.77399496E-03
+42.31500E-06 +481.81281993E-03 -7.07525108E-03
+42.33000E-06 -733.86555913E-03 -7.07525108E-03
+42.34500E-06 +713.37060630E-03 +10.77399496E-03
+42.36000E-06 -849.64445233E-03 -18.97474844E-03
+42.37500E-06 +713.37060627E-03 +22.67349233E-03
+42.39000E-06 -907.53389889E-03 -30.87424581E-03
+42.40500E-06 +713.37060624E-03 +40.52273836E-03
+42.42000E-06 -675.97611245E-03 -42.77374316E-03
+42.43500E-06 +539.70226636E-03 +46.47248704E-03
+42.45000E-06 -444.41832596E-03 -54.67324052E-03
+42.46500E-06 +250.25503325E-03 +46.47248704E-03
+42.48000E-06 -154.97109285E-03 -42.77374316E-03
+42.49500E-06 -39.19219983E-03 +34.57298968E-03
+42.51000E-06 +192.36558682E-03 -30.87424579E-03
+42.52500E-06 -444.41832608E-03 +16.72374364E-03
+42.54000E-06 +481.81281990E-03 -13.02499976E-03
+42.55500E-06 -733.86555913E-03 +4.82424627E-03
+42.57000E-06 +713.37060633E-03 -1.12550239E-03
+42.58500E-06 -907.53389895E-03 -18.97474844E-03
+42.60000E-06 +829.14949957E-03 +28.62324100E-03
+42.61500E-06 -907.53389895E-03 -36.82399448E-03
+42.63000E-06 +829.14949950E-03 +40.52273836E-03
+42.64500E-06 -849.64445227E-03 -48.72349184E-03
+42.66000E-06 +655.48115962E-03 +52.42223572E-03
+42.67500E-06 -618.08666578E-03 -48.72349185E-03
+42.69000E-06 +366.03392654E-03 +46.47248704E-03
+42.70500E-06 -328.63943266E-03 -48.72349184E-03
+42.72000E-06 +18.69724682E-03 +40.52273836E-03
+42.73500E-06 +76.58669362E-03 -42.77374315E-03
+42.75000E-06 -386.52887950E-03 +28.62324100E-03
+42.76500E-06 +423.92337332E-03 -24.92449711E-03
+42.78000E-06 -675.97611255E-03 +10.77399495E-03
+42.79500E-06 +771.26005295E-03 -1.12550240E-03
+42.81000E-06 -907.53389901E-03 -18.97474844E-03
+42.82500E-06 +944.92839277E-03 +22.67349233E-03
+42.84000E-06 -1.02331279215E+00 -24.92449713E-03
+42.85500E-06 +944.92839274E-03 +40.52273836E-03
+42.87000E-06 -1.02331279209E+00 -48.72349184E-03
+42.88500E-06 +771.26005286E-03 +46.47248704E-03
+42.90000E-06 -791.75500562E-03 -54.67324052E-03
+42.91500E-06 +539.70226636E-03 +58.37198440E-03
+42.93000E-06 -444.41832592E-03 -60.62298920E-03
+42.94500E-06 +134.47614004E-03 +46.47248704E-03
+42.96000E-06 +18.69724701E-03 -48.72349184E-03
+42.97500E-06 -270.74998627E-03 +34.57298968E-03
+42.99000E-06 +366.03392670E-03 -30.87424580E-03
+43.00500E-06 -675.97611255E-03 +16.72374364E-03
+43.02000E-06 +713.37060640E-03 -7.07525107E-03
+43.03500E-06 -1.02331279218E+00 -7.07525109E-03
+43.05000E-06 +944.92839283E-03 +10.77399497E-03
+43.06500E-06 -1.19698113200E+00 -30.87424580E-03
+43.08000E-06 +1.06070728597E+00 +40.52273836E-03
+43.09500E-06 -1.13909168535E+00 -48.72349184E-03
+43.11000E-06 +1.00281783932E+00 +52.42223572E-03
+43.12500E-06 -965.42334547E-03 -60.62298920E-03
+43.14000E-06 +713.37060620E-03 +64.32173308E-03
+43.15500E-06 -618.08666574E-03 -66.57273788E-03
+43.17000E-06 +308.14447986E-03 +58.37198440E-03
+43.18500E-06 -212.86053942E-03 -60.62298920E-03
+43.20000E-06 -97.08164646E-03 +52.42223571E-03
+43.21500E-06 +308.14448009E-03 -42.77374315E-03
+43.23000E-06 -560.19721939E-03 +28.62324099E-03
+43.24500E-06 +655.48115982E-03 -18.97474843E-03
+43.26000E-06 -1.02331279222E+00 +4.82424627E-03
+43.27500E-06 +1.06070728603E+00 +10.77399496E-03
+43.29000E-06 -1.19698113206E+00 -24.92449712E-03
+43.30500E-06 +1.17648617923E+00 +34.57298969E-03
+43.32000E-06 -1.25487057861E+00 -48.72349185E-03
+43.33500E-06 +1.11859673258E+00 +52.42223573E-03
+43.35000E-06 -1.13909168531E+00 -66.57273788E-03
+43.36500E-06 +887.03894605E-03 +70.27148176E-03
+43.38000E-06 -791.75500558E-03 -72.52248656E-03
+43.39500E-06 +539.70226632E-03 +70.27148176E-03
+43.41000E-06 -328.63943265E-03 -72.52248656E-03
+43.42500E-06 +76.58669335E-03 +58.37198440E-03
+43.44000E-06 +192.36558689E-03 -54.67324051E-03
+43.45500E-06 -502.30777277E-03 +40.52273835E-03
+43.47000E-06 +597.59171324E-03 -30.87424579E-03
+43.48500E-06 -965.42334563E-03 +10.77399495E-03
+43.50000E-06 +1.06070728607E+00 -1.12550239E-03
+43.51500E-06 -1.25487057868E+00 -13.02499977E-03
+43.53000E-06 +1.23437562588E+00 +28.62324101E-03
+43.54500E-06 -1.42853891846E+00 -42.77374317E-03
+43.56000E-06 +1.29226507240E+00 +52.42223573E-03
+43.57500E-06 -1.25487057861E+00 -66.57273788E-03
+43.59000E-06 +1.11859673251E+00 +70.27148176E-03
+43.60500E-06 -1.02331279204E+00 -78.47223524E-03
+43.62000E-06 +713.37060616E-03 +82.17097912E-03
+43.63500E-06 -502.30777250E-03 -78.47223524E-03
+43.65000E-06 +192.36558658E-03 +70.27148176E-03
+43.66500E-06 -39.19219953E-03 -60.62298920E-03
+43.68000E-06 -328.63943296E-03 +52.42223571E-03
+43.69500E-06 +539.70226660E-03 -42.77374315E-03
+43.71000E-06 -849.64445251E-03 +28.62324099E-03
+43.72500E-06 +1.00281783952E+00 -13.02499975E-03
+43.74000E-06 -1.31276002533E+00 -7.07525109E-03
+43.75500E-06 +1.35015451912E+00 +22.67349233E-03
+43.77000E-06 -1.48642836515E+00 -42.77374317E-03
+43.78500E-06 +1.40804396570E+00 +52.42223573E-03
+43.80000E-06 -1.48642836504E+00 -66.57273789E-03
+43.81500E-06 +1.29226507236E+00 +76.22123045E-03
+43.83000E-06 -1.25487057850E+00 -90.37173260E-03
+43.84500E-06 +944.92839263E-03 +88.12072780E-03
+43.86000E-06 -791.75500557E-03 -96.32148128E-03
+43.87500E-06 +423.92337304E-03 +88.12072779E-03
+43.89000E-06 -212.86053938E-03 -84.42198391E-03
+43.90500E-06 -154.97109315E-03 +70.27148175E-03
+43.92000E-06 +423.92337340E-03 -60.62298919E-03
+43.93500E-06 -791.75500586E-03 +34.57298967E-03
+43.95000E-06 +944.92839291E-03 -18.97474843E-03
+43.96500E-06 -1.25487057876E+00 +4.82424627E-03
+43.98000E-06 +1.40804396577E+00 +10.77399497E-03
+43.99500E-06 -1.54431781176E+00 -36.82399449E-03
+44.01000E-06 +1.58171230555E+00 +40.52273837E-03
+44.02500E-06 -1.71798615147E+00 -66.57273789E-03
+44.04000E-06 +1.52382285882E+00 +76.22123045E-03
+44.05500E-06 -1.48642836500E+00 -90.37173260E-03
+44.07000E-06 +1.17648617909E+00 +100.02022516E-03
+44.08500E-06 -1.08120223858E+00 -96.32148128E-03
+44.10000E-06 +655.48115950E-03 +94.07047648E-03
+44.11500E-06 -444.41832580E-03 -96.32148128E-03
+44.13000E-06 +18.69724669E-03 +82.17097911E-03
+44.14500E-06 +250.25503359E-03 -66.57273787E-03
+44.16000E-06 -675.97611263E-03 +52.42223571E-03
+44.17500E-06 +887.03894630E-03 -36.82399447E-03
+44.19000E-06 -1.25487057879E+00 +16.72374363E-03
+44.20500E-06 +1.35015451923E+00 -1.12550238E-03
+44.22000E-06 -1.60220725842E+00 -24.92449713E-03
+44.23500E-06 +1.69749119878E+00 +40.52273837E-03
+44.25000E-06 -1.83376504477E+00 -66.57273789E-03
+44.26500E-06 +1.69749119870E+00 +70.27148177E-03
+44.28000E-06 -1.66009670489E+00 -90.37173261E-03
+44.29500E-06 +1.35015451897E+00 +100.02022516E-03
+44.31000E-06 -1.31276002508E+00 -108.22097864E-03
+44.32500E-06 +944.92839254E-03 +111.91972251E-03
+44.34000E-06 -618.08666564E-03 -108.22097863E-03
+44.35500E-06 +308.14447973E-03 +94.07047647E-03
+44.37000E-06 +18.69724714E-03 -90.37173259E-03
+44.38500E-06 -444.41832625E-03 +70.27148175E-03
+44.40000E-06 +771.26005315E-03 -48.72349183E-03
+44.41500E-06 -1.19698113218E+00 +28.62324099E-03
+44.43000E-06 +1.35015451923E+00 -13.02499975E-03
+44.44500E-06 -1.66009670507E+00 -7.07525110E-03
+44.46000E-06 +1.75538064547E+00 +34.57298969E-03
+44.47500E-06 -1.94954393804E+00 -54.67324053E-03
+44.49000E-06 +1.87115953855E+00 +70.27148177E-03
+44.50500E-06 -1.89165449135E+00 -90.37173261E-03
+44.52000E-06 +1.75538064516E+00 +100.02022517E-03
+44.53500E-06 -1.60220725815E+00 -114.17072732E-03
+44.55000E-06 +1.17648617904E+00 +123.81921987E-03
+44.56500E-06 -1.02331279191E+00 -120.12047600E-03
+44.58000E-06 +539.70226622E-03 +111.91972251E-03
+44.59500E-06 -212.86053932E-03 -108.22097863E-03
+44.61000E-06 -270.74998644E-03 +88.12072779E-03
+44.62500E-06 +539.70226673E-03 -72.52248655E-03
+44.64000E-06 -1.02331279238E+00 +52.42223570E-03
+44.65500E-06 +1.35015451924E+00 -36.82399446E-03
+44.67000E-06 -1.60220725854E+00 +4.82424626E-03
+44.68500E-06 +1.81327009209E+00 +22.67349233E-03
+44.70000E-06 -2.00743338470E+00 -42.77374318E-03
+44.71500E-06 +2.04482787844E+00 +64.32173309E-03
+44.73000E-06 -2.06532283123E+00 -90.37173261E-03
+44.74500E-06 +1.87115953855E+00 +100.02022517E-03
+44.76000E-06 -1.83376504461E+00 -120.12047600E-03
+44.77500E-06 +1.52382285873E+00 +123.81921988E-03
+44.79000E-06 -1.31276002499E+00 -132.01997336E-03
+44.80500E-06 +829.14949926E-03 +123.81921988E-03
+44.82000E-06 -502.30777236E-03 -120.12047599E-03
+44.83500E-06 +76.58669321E-03 +111.91972250E-03
+44.85000E-06 +308.14448027E-03 -102.27122994E-03
+44.86500E-06 -849.64445257E-03 +70.27148174E-03
+44.88000E-06 +1.11859673289E+00 -48.72349182E-03
+44.89500E-06 -1.60220725854E+00 +22.67349230E-03
+44.91000E-06 +1.75538064555E+00 +4.82424630E-03
+44.92500E-06 -2.06532283135E+00 -30.87424582E-03
+44.94000E-06 +2.16060677175E+00 +58.37198442E-03
+44.95500E-06 -2.23899117108E+00 -78.47223526E-03
+44.97000E-06 +2.10271732501E+00 +100.02022517E-03
+44.98500E-06 -2.12321227773E+00 -126.07022468E-03
+45.00000E-06 +1.75538064523E+00 +129.76896856E-03
+45.01500E-06 -1.60220725814E+00 -137.96972204E-03
+45.03000E-06 +1.17648617895E+00 +141.66846592E-03
+45.04500E-06 -791.75500544E-03 -137.96972203E-03
+45.06000E-06 +308.14447967E-03 +123.81921987E-03
+45.07500E-06 +76.58669381E-03 -114.17072731E-03
+45.09000E-06 -560.19721958E-03 +88.12072779E-03
+45.10500E-06 +944.92839309E-03 -72.52248654E-03
+45.12000E-06 -1.48642836531E+00 +40.52273834E-03
+45.13500E-06 +1.75538064556E+00 -18.97474842E-03
+45.15000E-06 -2.12321227805E+00 -13.02499978E-03
+45.16500E-06 +2.21849621841E+00 +40.52273838E-03
+45.18000E-06 -2.41265951097E+00 -72.52248658E-03
+45.19500E-06 +2.39216455809E+00 +94.07047649E-03
+45.21000E-06 -2.35477006419E+00 -126.07022468E-03
+45.22500E-06 +2.04482787831E+00 +135.71871725E-03
+45.24000E-06 -1.94954393779E+00 -149.86921940E-03
+45.25500E-06 +1.52382285860E+00 +147.61821460E-03
+45.27000E-06 -1.19698113170E+00 -149.86921940E-03
+45.28500E-06 +655.48115936E-03 +141.66846591E-03
+45.30000E-06 -212.86053923E-03 -132.01997335E-03
+45.31500E-06 -328.63943316E-03 +117.86947118E-03
+45.33000E-06 +771.26005321E-03 -96.32148126E-03
+45.34500E-06 -1.25487057894E+00 +64.32173306E-03
+45.36000E-06 +1.58171230584E+00 -36.82399446E-03
+45.37500E-06 -2.06532283148E+00 +4.82424626E-03
+45.39000E-06 +2.21849621849E+00 +28.62324102E-03
+45.40500E-06 -2.52843840420E+00 -54.67324055E-03
+45.42000E-06 +2.50794345140E+00 +88.12072782E-03
+45.43500E-06 -2.58632785074E+00 -108.22097866E-03
+45.45000E-06 +2.39216455801E+00 +129.76896857E-03
+45.46500E-06 -2.29688061744E+00 -155.81896808E-03
+45.48000E-06 +1.87115953833E+00 +165.46746064E-03
+45.49500E-06 -1.54431781143E+00 -167.71846544E-03
+45.51000E-06 +1.00281783905E+00 +159.51771195E-03
+45.52500E-06 -560.19721892E-03 -155.81896807E-03
+45.54000E-06 +18.69724653E-03 +135.71871722E-03
+45.55500E-06 +481.81282018E-03 -120.12047598E-03
+45.57000E-06 -1.02331279256E+00 +88.12072778E-03
+45.58500E-06 +1.46593341261E+00 -60.62298917E-03
+45.60000E-06 -2.00743338487E+00 +28.62324098E-03
+45.61500E-06 +2.21849621849E+00 +4.82424631E-03
+45.63000E-06 -2.64421729752E+00 -42.77374319E-03
+45.64500E-06 +2.62372234464E+00 +70.27148179E-03
+45.66000E-06 -2.75999619062E+00 -102.27122998E-03
+45.67500E-06 +2.62372234451E+00 +129.76896857E-03
+45.69000E-06 -2.52843840403E+00 -161.76871677E-03
+45.70500E-06 +2.21849621807E+00 +165.46746064E-03
+45.72000E-06 -1.89165449112E+00 -179.61796280E-03
+45.73500E-06 +1.40804396535E+00 +177.36695800E-03
+45.75000E-06 -1.02331279171E+00 -173.66821411E-03
+45.76500E-06 +308.14447960E-03 +159.51771195E-03
+45.78000E-06 +134.47614053E-03 -137.96972203E-03
+45.79500E-06 -791.75500611E-03 +117.86947117E-03
+45.81000E-06 +1.23437562624E+00 -90.37173257E-03
+45.82500E-06 -1.83376504507E+00 +52.42223570E-03
+45.84000E-06 +2.16060677197E+00 -18.97474842E-03
+45.85500E-06 -2.58632785104E+00 -18.97474847E-03
+45.87000E-06 +2.73950123791E+00 +58.37198443E-03
+45.88500E-06 -2.93366453052E+00 -96.32148130E-03
+45.90000E-06 +2.85528013101E+00 +117.86947123E-03
+45.91500E-06 -2.81788563711E+00 -149.86921942E-03
+45.93000E-06 +2.50794345119E+00 +171.41720933E-03
+45.94500E-06 -2.35477006400E+00 -185.56771148E-03
+45.96000E-06 +1.87115953819E+00 +183.31670668E-03
+45.97500E-06 -1.37064947148E+00 -197.46720883E-03
+45.99000E-06 +713.37060591E-03 +183.31670667E-03
+46.00500E-06 -212.86053912E-03 -167.71846542E-03
+46.02000E-06 -444.41832646E-03 +141.66846590E-03
+46.03500E-06 +944.92839321E-03 -114.17072730E-03
+46.05000E-06 -1.66009670531E+00 +76.22123042E-03
+46.06500E-06 +1.98693843221E+00 -48.72349181E-03
+46.08000E-06 -2.47054895785E+00 +4.82424625E-03
+46.09500E-06 +2.73950123800E+00 +28.62324104E-03
+46.11000E-06 -3.04944342379E+00 -78.47223526E-03
+46.12500E-06 +3.02894847091E+00 +105.96997387E-03
+46.14000E-06 -3.10733287023E+00 -143.91947074E-03
+46.15500E-06 +2.85528013088E+00 +171.41720933E-03
+46.17000E-06 -2.64421729717E+00 -191.51746016E-03
+46.18500E-06 +2.16060677140E+00 +207.11570140E-03
+46.20000E-06 -1.77587559779E+00 -203.41695752E-03
+46.21500E-06 +1.17648617874E+00 +201.16595271E-03
+46.23000E-06 -675.97611199E-03 -191.51746015E-03
+46.24500E-06 -97.08164677E-03 +171.41720930E-03
+46.26000E-06 +597.59171352E-03 -137.96972202E-03
+46.27500E-06 -1.31276002571E+00 +111.91972249E-03
+46.29000E-06 +1.75538064580E+00 -78.47223520E-03
+46.30500E-06 -2.35477006467E+00 +34.57298965E-03
+46.32000E-06 +2.73950123800E+00 +10.77399499E-03
+46.33500E-06 -3.04944342388E+00 -54.67324055E-03
+46.35000E-06 +3.14472736423E+00 +94.07047651E-03
+46.36500E-06 -3.33889065678E+00 -132.01997338E-03
+46.38000E-06 +3.08683791743E+00 +165.46746065E-03
+46.39500E-06 -2.99155397686E+00 -191.51746017E-03
+46.41000E-06 +2.56583289770E+00 +207.11570140E-03
+46.42500E-06 -2.29688061724E+00 -215.31645488E-03
+46.44000E-06 +1.63960175171E+00 +219.01519875E-03
+46.45500E-06 -1.08120223834E+00 -215.31645486E-03
+46.47000E-06 +366.03392610E-03 +195.21620402E-03
+46.48500E-06 +192.36558731E-03 -173.66821409E-03
+46.50000E-06 -965.42334602E-03 +141.66846589E-03
+46.51500E-06 +1.52382285934E+00 -102.27122993E-03
+46.53000E-06 -2.18110172492E+00 +58.37198437E-03
+46.54500E-06 +2.62372234491E+00 -24.92449708E-03
+46.56000E-06 -3.04944342393E+00 -30.87424583E-03
+46.57500E-06 +3.20261681089E+00 +70.27148179E-03
+46.59000E-06 -3.51255899663E+00 -114.17072735E-03
+46.60500E-06 +3.31839570394E+00 +147.61821463E-03
+46.62000E-06 -3.28100121003E+00 -185.56771149E-03
+46.63500E-06 +2.97105902406E+00 +213.06545008E-03
+46.65000E-06 -2.58632785049E+00 -233.16570092E-03
+46.66500E-06 +2.04482787801E+00 +230.91469611E-03
+46.68000E-06 -1.54431781126E+00 -233.16570091E-03
+46.69500E-06 +829.14949898E-03 +219.01519875E-03
+46.71000E-06 -270.74998561E-03 -197.46720882E-03
+46.72500E-06 -560.19721981E-03 +177.36695797E-03
+46.74000E-06 +1.11859673318E+00 -137.96972201E-03
+46.75500E-06 -1.89165449189E+00 +94.07047644E-03
+46.77000E-06 +2.39216455855E+00 -54.67324048E-03
+46.78500E-06 -2.93366453075E+00 +4.82424624E-03
+46.80000E-06 +3.26050625756E+00 +40.52273840E-03
+46.81500E-06 -3.57044844339E+00 -96.32148131E-03
+46.83000E-06 +3.54995349045E+00 +135.71871727E-03
+46.84500E-06 -3.62833788967E+00 -173.66821414E-03
+46.86000E-06 +3.26050625718E+00 +207.11570141E-03
+46.87500E-06 -3.04944342337E+00 -227.21595225E-03
+46.89000E-06 +2.50794345093E+00 +242.81419348E-03
+46.90500E-06 -2.06532283070E+00 -245.06519828E-03
+46.92000E-06 +1.29226507194E+00 +242.81419347E-03
+46.93500E-06 -675.97611192E-03 -227.21595222E-03
+46.95000E-06 -212.86054008E-03 +201.16595270E-03
+46.96500E-06 +771.26005349E-03 -173.66821408E-03
+46.98000E-06 -1.54431781225E+00 +129.76896853E-03
+46.99500E-06 +2.16060677214E+00 -90.37173257E-03
+47.01000E-06 -2.81788563762E+00 +28.62324097E-03
+47.02500E-06 +3.14472736447E+00 +10.77399500E-03
+47.04000E-06 -3.51255899692E+00 -60.62298924E-03
+47.05500E-06 +3.66573238373E+00 +111.91972256E-03
+47.07000E-06 -3.80200622966E+00 -155.81896811E-03
+47.08500E-06 +3.54995349030E+00 +195.21620406E-03
+47.10000E-06 -3.39678010316E+00 -221.26620358E-03
+47.11500E-06 +2.97105902390E+00 +248.76394216E-03
+47.13000E-06 -2.47054895715E+00 -268.86419299E-03
+47.14500E-06 +1.81327009143E+00 +260.66343951E-03
+47.16000E-06 -1.19698113145E+00 -251.01494695E-03
+47.17500E-06 +366.03392598E-03 +230.91469610E-03
+47.19000E-06 +308.14448062E-03 -203.41695749E-03
+47.20500E-06 -1.13909168600E+00 +165.46746061E-03
+47.22000E-06 +1.81327009254E+00 -120.12047596E-03
+47.23500E-06 -2.52843840469E+00 +76.22123039E-03
+47.25000E-06 +3.02894847129E+00 -30.87424575E-03
+47.26500E-06 -3.51255899687E+00 -30.87424585E-03
+47.28000E-06 +3.72362183044E+00 +88.12072784E-03
+47.29500E-06 -3.91778512299E+00 -137.96972208E-03
+47.31000E-06 +3.78151127686E+00 +183.31670671E-03
+47.32500E-06 -3.74411678285E+00 -221.26620359E-03
+47.34000E-06 +3.37628515025E+00 +254.71369084E-03
+47.35500E-06 -3.04944342321E+00 -268.86419300E-03
+47.37000E-06 +2.27638566440E+00 +272.56293688E-03
+47.38500E-06 -1.77587559755E+00 -268.86419299E-03
+47.40000E-06 +887.03894551E-03 +254.71369082E-03
+47.41500E-06 -212.86053887E-03 -233.16570089E-03
+47.43000E-06 -675.97611318E-03 +201.16595268E-03
+47.44500E-06 +1.35015451972E+00 -155.81896804E-03
+47.46000E-06 -2.23899117167E+00 +111.91972247E-03
+47.47500E-06 +2.73950123836E+00 -60.62298915E-03
+47.49000E-06 -3.33889065718E+00 -7.07525113E-03
+47.50500E-06 +3.72362183054E+00 +58.37198444E-03
+47.52000E-06 -3.91778512314E+00 -108.22097869E-03
+47.53500E-06 +4.01306906333E+00 +159.51771200E-03
+47.55000E-06 -4.03356401602E+00 -209.36670623E-03
+47.56500E-06 +3.72362182999E+00 +242.81419350E-03
+47.58000E-06 -3.39678010305E+00 -262.91444434E-03
+47.59500E-06 +2.85528013055E+00 +284.46243423E-03
+47.61000E-06 -2.23899117052E+00 -292.66318771E-03
+47.62500E-06 +1.40804396505E+00 +278.51268554E-03
+47.64000E-06 -675.97611183E-03 -262.91444430E-03
+47.65500E-06 -154.97109369E-03 +230.91469609E-03
+47.67000E-06 +887.03894691E-03 -191.51746012E-03
+47.68500E-06 -1.77587559890E+00 +147.61821456E-03
+47.70000E-06 +2.45005400534E+00 -96.32148123E-03
+47.71500E-06 -3.16522231738E+00 +40.52273831E-03
+47.73000E-06 +3.66573238393E+00 +10.77399501E-03
+47.74500E-06 -4.03356401632E+00 -78.47223529E-03
+47.76000E-06 +4.12884795671E+00 +135.71871728E-03
+47.77500E-06 -4.20723235597E+00 -191.51746019E-03
+47.79000E-06 +3.95517961661E+00 +224.96494748E-03
+47.80500E-06 -3.80200622935E+00 -262.91444434E-03
+47.82000E-06 +3.26050625691E+00 +290.41218292E-03
+47.83500E-06 -2.75999619006E+00 -304.56268508E-03
+47.85000E-06 +1.92904898458E+00 +296.36193159E-03
+47.86500E-06 -1.25487057793E+00 -286.71343902E-03
+47.88000E-06 +366.03392584E-03 +260.66343949E-03
+47.89500E-06 +423.92337389E-03 -239.11544956E-03
+47.91000E-06 -1.37064947254E+00 +189.26645532E-03
+47.92500E-06 +2.04482787914E+00 -137.96972199E-03
+47.94000E-06 -2.93366453098E+00 +82.17097907E-03
+47.95500E-06 +3.37628515106E+00 -18.97474839E-03
+47.97000E-06 -3.97567456981E+00 -48.72349189E-03
+47.98500E-06 +4.12884795681E+00 +105.96997389E-03
+48.00000E-06 -4.32301124930E+00 -161.76871680E-03
+48.01500E-06 +4.24462684968E+00 +213.06545012E-03
+48.03000E-06 -4.14934290909E+00 -256.96469567E-03
+48.04500E-06 +3.66573238331E+00 +290.41218294E-03
+48.06000E-06 -3.22311176303E+00 -304.56268509E-03
+48.07500E-06 +2.56583289735E+00 +314.21117762E-03
+48.09000E-06 -1.89165449065E+00 -310.51243374E-03
+48.10500E-06 +944.92839199E-03 +290.41218290E-03
+48.12000E-06 -154.97109216E-03 -262.91444429E-03
+48.13500E-06 -791.75500650E-03 +224.96494740E-03
+48.15000E-06 +1.58171230628E+00 -179.61796275E-03
+48.16500E-06 -2.52843840483E+00 +123.81921983E-03
+48.18000E-06 +3.08683791809E+00 -60.62298915E-03
+48.19500E-06 -3.80200623007E+00 -1.12550246E-03
+48.21000E-06 +4.12884795687E+00 +64.32173314E-03
+48.22500E-06 -4.43879014254E+00 -132.01997341E-03
+48.24000E-06 +4.41829518963E+00 +183.31670672E-03
+48.25500E-06 -4.38090069571E+00 -239.11544963E-03
+48.27000E-06 +4.01306906300E+00 +272.56293691E-03
+48.28500E-06 -3.68622733600E+00 -304.56268509E-03
+48.30000E-06 +2.97105902375E+00 +320.16092632E-03
+48.31500E-06 -2.41265951023E+00 -322.41193111E-03
+48.33000E-06 +1.46593341157E+00 +314.21117762E-03
+48.34500E-06 -733.86555831E-03 -292.66318769E-03
+48.36000E-06 -328.63943358E-03 +260.66343948E-03
+48.37500E-06 +1.11859673336E+00 -221.26620351E-03
+48.39000E-06 -2.06532283196E+00 +165.46746059E-03
+48.40500E-06 +2.73950123845E+00 -102.27122991E-03
+48.42000E-06 -3.45466955059E+00 +40.52273831E-03
+48.43500E-06 +3.95517961718E+00 +22.67349238E-03
+48.45000E-06 -4.38090069608E+00 -96.32148133E-03
+48.46500E-06 +4.47618463635E+00 +153.56796333E-03
+48.48000E-06 -4.49667958905E+00 -215.31645492E-03
+48.49500E-06 +4.30251629618E+00 +260.66343955E-03
+48.51000E-06 -4.09145346236E+00 -298.61293642E-03
+48.52500E-06 +3.43417459673E+00 +320.16092634E-03
+48.54000E-06 -2.93366452982E+00 -334.31142848E-03
+48.55500E-06 +2.10271732434E+00 +332.06042366E-03
+48.57000E-06 -1.31276002440E+00 -328.36167977E-03
+48.58500E-06 +308.14447913E-03 +296.36193156E-03
+48.60000E-06 +481.81282065E-03 -251.01494692E-03
+48.61500E-06 -1.54431781254E+00 +207.11570135E-03
+48.63000E-06 +2.27638566569E+00 -149.86921934E-03
+48.64500E-06 -3.10733287096E+00 +88.12072774E-03
+48.66000E-06 +3.72362183078E+00 -18.97474837E-03
+48.67500E-06 -4.32301124952E+00 -48.72349191E-03
+48.69000E-06 +4.47618463646E+00 +111.91972258E-03
+48.70500E-06 -4.72823737551E+00 -179.61796286E-03
+48.72000E-06 +4.59196352932E+00 +236.86444484E-03
+48.73500E-06 -4.43879014216E+00 -286.71343907E-03
+48.75000E-06 +3.89729016970E+00 +320.16092634E-03
+48.76500E-06 -3.45466954935E+00 -334.31142849E-03
+48.78000E-06 +2.62372234393E+00 +349.90966971E-03
+48.79500E-06 -1.89165449061E+00 -340.26117715E-03
+48.81000E-06 +944.92839189E-03 +314.21117762E-03
+48.82500E-06 -97.08164545E-03 -292.66318767E-03
+48.84000E-06 -965.42334639E-03 +242.81419343E-03
+48.85500E-06 +1.81327009278E+00 -197.46720878E-03
+48.87000E-06 -2.75999619127E+00 +129.76896850E-03
+48.88500E-06 +3.37628515120E+00 -66.57273782E-03
+48.90000E-06 -4.03356401666E+00 -1.12550247E-03
+48.91500E-06 +4.36040574334E+00 +76.22123050E-03
+48.93000E-06 -4.67034792906E+00 -149.86921946E-03
+48.94500E-06 +4.64985297609E+00 +207.11570146E-03
+48.96000E-06 -4.61245848211E+00 -262.91444436E-03
+48.97500E-06 +4.24462684939E+00 +302.31168031E-03
+48.99000E-06 -3.85989567577E+00 -334.31142850E-03
+49.00500E-06 +3.14472736346E+00 +349.90966973E-03
+49.02000E-06 -2.47054895681E+00 -352.16067451E-03
+49.03500E-06 +1.58171230466E+00 +343.95992101E-03
+49.05000E-06 -675.97611160E-03 -322.41193109E-03
+49.06500E-06 -328.63943368E-03 +278.51268552E-03
+49.08000E-06 +1.23437562674E+00 -239.11544954E-03
+49.09500E-06 -2.18110172534E+00 +177.36695794E-03
+49.11000E-06 +2.91316957839E+00 -114.17072726E-03
+49.12500E-06 -3.74411678364E+00 +40.52273829E-03
+49.14000E-06 +4.24462685017E+00 +34.57298974E-03
+49.15500E-06 -4.67034792911E+00 -102.27123003E-03
+49.17000E-06 +4.76563186932E+00 +171.41720938E-03
+49.18500E-06 -4.78612682207E+00 -233.16570097E-03
+49.20000E-06 +4.47618463602E+00 +290.41218295E-03
+49.21500E-06 -4.32301124874E+00 -328.36167982E-03
+49.23000E-06 +3.54995348988E+00 +349.90966973E-03
+49.24500E-06 -2.99155397640E+00 -364.06017187E-03
+49.26000E-06 +2.04482787763E+00 +361.80916707E-03
+49.27500E-06 -1.31276002436E+00 -346.21092582E-03
+49.29000E-06 +250.25503241E-03 +308.26142893E-03
+49.30500E-06 +597.59171398E-03 -274.81394163E-03
+49.32000E-06 -1.66009670586E+00 +219.01519870E-03
+49.33500E-06 +2.45005400552E+00 -161.76871669E-03
+49.35000E-06 -3.39678010407E+00 +94.07047640E-03
+49.36500E-06 +3.89729017065E+00 -18.97474837E-03
+49.38000E-06 -4.49667958944E+00 -60.62298927E-03
+49.39500E-06 +4.64985297637E+00 +129.76896862E-03
+49.41000E-06 -4.90190571541E+00 -203.41695757E-03
+49.42500E-06 +4.64985297603E+00 +260.66343956E-03
+49.44000E-06 -4.49667958875E+00 -310.51243380E-03
+49.45500E-06 +3.95517961624E+00 +343.95992106E-03
+49.47000E-06 -3.51255899593E+00 -364.06017189E-03
+49.48500E-06 +2.62372234384E+00 +373.70866443E-03
+49.50000E-06 -1.89165449051E+00 -364.06017186E-03
+49.51500E-06 +887.03894524E-03 +343.95992100E-03
+49.53000E-06 +18.69724783E-03 -310.51243371E-03
+49.54500E-06 -1.08120223972E+00 +266.61318814E-03
+49.56000E-06 +1.92904898605E+00 -203.41695745E-03
+49.57500E-06 -2.87577508465E+00 +135.71871717E-03
+49.59000E-06 +3.49206404451E+00 -60.62298913E-03
+49.60500E-06 -4.20723235642E+00 -7.07525116E-03
+49.62000E-06 +4.53407408326E+00 +82.17097919E-03
+49.63500E-06 -4.84401626891E+00 -161.76871683E-03
+49.65000E-06 +4.82352131588E+00 +213.06545015E-03
+49.66500E-06 -4.72823737527E+00 -286.71343908E-03
+49.68000E-06 +4.36040574260E+00 +332.06042370E-03
+49.69500E-06 -3.91778512235E+00 -358.11042322E-03
+49.71000E-06 +3.14472736348E+00 +373.70866444E-03
+49.72500E-06 -2.47054895677E+00 -375.95966923E-03
+49.74000E-06 +1.46593341144E+00 +361.80916706E-03
+49.75500E-06 -618.08666494E-03 -340.26117712E-03
+49.77000E-06 -444.41832695E-03 +296.36193155E-03
+49.78500E-06 +1.35015451996E+00 -245.06519822E-03
+49.80000E-06 -2.29688061861E+00 +189.26645528E-03
+49.81500E-06 +3.08683791821E+00 -114.17072724E-03
+49.83000E-06 -3.91778512346E+00 +40.52273829E-03
+49.84500E-06 +4.30251629686E+00 +34.57298976E-03
+49.86000E-06 -4.72823737573E+00 -114.17072739E-03
+49.87500E-06 +4.76563186944E+00 +183.31670674E-03
+49.89000E-06 -4.84401626867E+00 -256.96469569E-03
+49.90500E-06 +4.59196352917E+00 +302.31168032E-03
+49.92000E-06 -4.32301124866E+00 -340.26117719E-03
+49.93500E-06 +3.66573238290E+00 +367.75891577E-03
+49.95000E-06 -3.04944342280E+00 -381.90941791E-03
+49.96500E-06 +2.04482787759E+00 +379.65841311E-03
+49.98000E-06 -1.25487057764E+00 -358.11042316E-03
+49.99500E-06 +192.36558581E-03 +326.11067496E-03
+50.01000E-06 +713.37060725E-03 -292.66318766E-03
+50.02500E-06 -1.77587559908E+00 +236.86444473E-03
+50.04000E-06 +2.56583289879E+00 -161.76871669E-03
+50.05500E-06 -3.45466955077E+00 +88.12072773E-03
+50.07000E-06 +3.95517961734E+00 -18.97474836E-03
+50.08500E-06 -4.55456903601E+00 -66.57273795E-03
+50.10000E-06 +4.76563186955E+00 +135.71871732E-03
+50.11500E-06 -4.90190571541E+00 -209.36670627E-03
+50.13000E-06 +4.70774242258E+00 +266.61318826E-03
+50.14500E-06 -4.49667958873E+00 -328.36167983E-03
+50.16000E-06 +3.95517961627E+00 +361.80916710E-03
+50.17500E-06 -3.39678010273E+00 -381.90941792E-03
+50.19000E-06 +2.56583289718E+00 +385.60816179E-03
+50.20500E-06 -1.83376504385E+00 -375.95966922E-03
+50.22000E-06 +829.14949858E-03 +355.85941836E-03
+50.23500E-06 +76.58669449E-03 -322.41193107E-03
+50.25000E-06 -1.13909168638E+00 +266.61318814E-03
+50.26500E-06 +1.98693843270E+00 -203.41695746E-03
+50.28000E-06 -2.93366453130E+00 +141.66846584E-03
+50.29500E-06 +3.54995349110E+00 -60.62298913E-03
+50.31000E-06 -4.32301124967E+00 -13.02499985E-03
+50.32500E-06 +4.59196352977E+00 +94.07047655E-03
+50.34000E-06 -4.84401626891E+00 -167.71846551E-03
+50.35500E-06 +4.82352131587E+00 +236.86444485E-03
+50.37000E-06 -4.72823737531E+00 -298.61293644E-03
+50.38500E-06 +4.30251629596E+00 +343.95992107E-03
+50.40000E-06 -3.85989567577E+00 -370.00992058E-03
+50.41500E-06 +3.08683791678E+00 +385.60816180E-03
+50.43000E-06 -2.41265951006E+00 -387.85916659E-03
+50.44500E-06 +1.40804396466E+00 +373.70866441E-03
+50.46000E-06 -502.30777172E-03 -346.21092580E-03
+50.47500E-06 -502.30777367E-03 +308.26142890E-03
+50.49000E-06 +1.35015452006E+00 -256.96469556E-03
+50.50500E-06 -2.41265951176E+00 +189.26645528E-03
+50.52000E-06 +3.14472736486E+00 -120.12047592E-03
+50.53500E-06 -3.85989567699E+00 +40.52273828E-03
+50.55000E-06 +4.30251629687E+00 +46.47248712E-03
+50.56500E-06 -4.72823737568E+00 -120.12047608E-03
+50.58000E-06 +4.76563186937E+00 +195.21620410E-03
+50.59500E-06 -4.78612682205E+00 -262.91444438E-03
+50.61000E-06 +4.53407408254E+00 +314.21117768E-03
+50.62500E-06 -4.14934290884E+00 -358.11042323E-03
+50.64000E-06 +3.54995348969E+00 +379.65841313E-03
+50.65500E-06 -2.93366452965E+00 -393.80891527E-03
+50.67000E-06 +1.98693843093E+00 +385.60816179E-03
+50.68500E-06 -1.13909168443E+00 -364.06017184E-03
+50.70000E-06 +134.47613915E-03 +332.06042364E-03
+50.71500E-06 +713.37060729E-03 -286.71343898E-03
+50.73000E-06 -1.77587559912E+00 +224.96494738E-03
+50.74500E-06 +2.56583289883E+00 -161.76871668E-03
+50.76000E-06 -3.45466955074E+00 +88.12072772E-03
+50.77500E-06 +3.95517961731E+00 -18.97474835E-03
+50.79000E-06 -4.49667958946E+00 -66.57273796E-03
+50.80500E-06 +4.64985297627E+00 +141.66846600E-03
+50.82000E-06 -4.78612682211E+00 -221.26620362E-03
+50.83500E-06 +4.64985297589E+00 +278.51268560E-03
+50.85000E-06 -4.38090069548E+00 -340.26117719E-03
+50.86500E-06 +3.83940072295E+00 +367.75891578E-03
+50.88000E-06 -3.28100120946E+00 -387.85916661E-03
+50.89500E-06 +2.50794345047E+00 +391.55791047E-03
+50.91000E-06 -1.71798615057E+00 -381.90941789E-03
+50.92500E-06 +655.48115875E-03 +355.85941836E-03
+50.94000E-06 +134.47614115E-03 -322.41193106E-03
+50.95500E-06 -1.13909168642E+00 +266.61318814E-03
+50.97000E-06 +2.04482787929E+00 -209.36670613E-03
+50.98500E-06 -2.93366453127E+00 +135.71871716E-03
+51.00000E-06 +3.49206404451E+00 -66.57273780E-03
+51.01500E-06 -4.20723235651E+00 -24.92449720E-03
+51.03000E-06 +4.36040574344E+00 +94.07047656E-03
+51.04500E-06 -4.78612682217E+00 -167.71846551E-03
+51.06000E-06 +4.64985297601E+00 +236.86444486E-03
+51.07500E-06 -4.55456903539E+00 -298.61293645E-03
+51.09000E-06 +4.12884795615E+00 +338.01017240E-03
+51.10500E-06 -3.62833788921E+00 -375.95966925E-03
+51.12000E-06 +2.97105902345E+00 +385.60816180E-03
+51.13500E-06 -2.23899117017E+00 -393.80891526E-03
+51.15000E-06 +1.29226507151E+00 +367.75891573E-03
+51.16500E-06 -444.41832507E-03 -346.21092579E-03
+51.18000E-06 -560.19722021E-03 +302.31168023E-03
+51.19500E-06 +1.46593341321E+00 -245.06519821E-03
+51.21000E-06 -2.41265951174E+00 +171.41720925E-03
+51.22500E-06 +3.02894847172E+00 -108.22097856E-03
+51.24000E-06 -3.74411678372E+00 +28.62324092E-03
+51.25500E-06 +4.18673740359E+00 +40.52273845E-03
+51.27000E-06 -4.55456903590E+00 -126.07022476E-03
+51.28500E-06 +4.59196352952E+00 +195.21620411E-03
+51.30000E-06 -4.61245848206E+00 -262.91444438E-03
+51.31500E-06 +4.30251629606E+00 +314.21117768E-03
+51.33000E-06 -3.91778512241E+00 -358.11042323E-03
+51.34500E-06 +3.31839570332E+00 +373.70866445E-03
+51.36000E-06 -2.70210674321E+00 -387.85916660E-03
+51.37500E-06 +1.81327009104E+00 +379.65841310E-03
+51.39000E-06 -1.08120223783E+00 -358.11042317E-03
+51.40500E-06 +18.69724594E-03 +326.11067495E-03
+51.42000E-06 +829.14950051E-03 -280.76369030E-03
+51.43500E-06 -1.77587559910E+00 +230.91469603E-03
+51.45000E-06 +2.50794345218E+00 -161.76871667E-03
+51.46500E-06 -3.33889065748E+00 +88.12072771E-03
+51.48000E-06 +3.78151127741E+00 -7.07525099E-03
+51.49500E-06 -4.32301124956E+00 -72.52248665E-03
+51.51000E-06 +4.41829518987E+00 +147.61821467E-03
+51.52500E-06 -4.55456903557E+00 -215.31645495E-03
+51.54000E-06 +4.36040574286E+00 +278.51268561E-03
+51.55500E-06 -4.14934290893E+00 -328.36167984E-03
+51.57000E-06 +3.60784293646E+00 +355.85941843E-03
+51.58500E-06 -3.10733286958E+00 -381.90941792E-03
+51.60000E-06 +2.33427511058E+00 +379.65841311E-03
+51.61500E-06 -1.54431781075E+00 -375.95966921E-03
+51.63000E-06 +539.70226548E-03 +343.95992100E-03
+51.64500E-06 +192.36558774E-03 -304.56268503E-03
+51.66000E-06 -1.19698113295E+00 +254.71369077E-03
+51.67500E-06 +1.98693843271E+00 -197.46720877E-03
+51.69000E-06 -2.81788563801E+00 +123.81921980E-03
+51.70500E-06 +3.31839570469E+00 -60.62298911E-03
+51.72000E-06 -3.91778512338E+00 -24.92449721E-03
+51.73500E-06 +4.18673740341E+00 +100.02022524E-03
+51.75000E-06 -4.43879014254E+00 -173.66821419E-03
+51.76500E-06 +4.36040574292E+00 +236.86444487E-03
+51.78000E-06 -4.26512180236E+00 -292.66318777E-03
+51.79500E-06 +3.83940072298E+00 +332.06042371E-03
+51.81000E-06 -3.33889065623E+00 -364.06017189E-03
+51.82500E-06 +2.68161179046E+00 +373.70866445E-03
+51.84000E-06 -2.00743338373E+00 -370.00992055E-03
+51.85500E-06 +1.11859673169E+00 +355.85941837E-03
+51.87000E-06 -386.52887841E-03 -328.36167975E-03
+51.88500E-06 -618.08666680E-03 +290.41218285E-03
+51.90000E-06 +1.40804396656E+00 -233.16570085E-03
+51.91500E-06 -2.23899117199E+00 +171.41720924E-03
+51.93000E-06 +2.85528013177E+00 -102.27122987E-03
+51.94500E-06 -3.57044844376E+00 +22.67349224E-03
+51.96000E-06 +3.95517961708E+00 +46.47248712E-03
+51.97500E-06 -4.26512180275E+00 -126.07022476E-03
+51.99000E-06 +4.30251629644E+00 +189.26645543E-03
+52.00500E-06 -4.32301124904E+00 -251.01494702E-03
+52.02000E-06 +3.95517961641E+00 +308.26142899E-03
+52.03500E-06 -3.62833788931E+00 -340.26117719E-03
+52.05000E-06 +3.02894847021E+00 +355.85941843E-03
+52.06500E-06 -2.47054895672E+00 -375.95966923E-03
+52.08000E-06 +1.63960175122E+00 +361.80916706E-03
+52.09500E-06 -907.53389801E-03 -346.21092581E-03
+52.11000E-06 -97.08164720E-03 +308.26142891E-03
+52.12500E-06 +829.14950048E-03 -268.86419293E-03
+52.14000E-06 -1.71798615245E+00 +213.06545000E-03
+52.15500E-06 +2.33427511230E+00 -143.91947064E-03
+52.17000E-06 -3.10733287097E+00 +70.27148168E-03
+52.18500E-06 +3.49206404435E+00 -1.12550232E-03
+52.20000E-06 -3.91778512326E+00 -72.52248664E-03
+52.21500E-06 +4.12884795666E+00 +141.66846600E-03
+52.23000E-06 -4.26512180242E+00 -215.31645494E-03
+52.24500E-06 +4.01306906309E+00 +266.61318826E-03
+52.26000E-06 -3.74411678274E+00 -310.51243379E-03
+52.27500E-06 +3.26050625680E+00 +343.95992105E-03
+52.29000E-06 -2.75999618992E+00 -364.06017188E-03
+52.30500E-06 +2.04482787766E+00 +367.75891574E-03
+52.32000E-06 -1.37064947099E+00 -352.16067450E-03
+52.33500E-06 +481.81281889E-03 +332.06042363E-03
+52.35000E-06 +250.25503433E-03 -286.71343898E-03
+52.36500E-06 -1.13909168630E+00 +236.86444474E-03
+52.38000E-06 +1.81327009283E+00 -185.56771140E-03
+52.39500E-06 -2.64421729805E+00 +123.81921979E-03
+52.41000E-06 +3.08683791811E+00 -54.67324043E-03
+52.42500E-06 -3.68622733680E+00 -24.92449720E-03
+52.44000E-06 +3.89729017026E+00 +100.02022523E-03
+52.45500E-06 -4.03356401622E+00 -161.76871684E-03
+52.47000E-06 +3.89729017006E+00 +224.96494750E-03
+52.48500E-06 -3.85989567603E+00 -280.76369040E-03
+52.50000E-06 +3.43417459678E+00 +320.16092635E-03
+52.51500E-06 -3.04944342313E+00 -346.21092586E-03
+52.53000E-06 +2.39216455741E+00 +349.90966972E-03
+52.54500E-06 -1.77587559730E+00 -352.16067451E-03
+52.56000E-06 +1.00281783842E+00 +338.01017232E-03
+52.57500E-06 -270.74998527E-03 -310.51243371E-03
+52.59000E-06 -618.08666670E-03 +266.61318815E-03
+52.60500E-06 +1.29226507329E+00 -215.31645481E-03
+52.62000E-06 -2.06532283210E+00 +159.51771188E-03
+52.63500E-06 +2.62372234526E+00 -96.32148120E-03
+52.65000E-06 -3.22311176408E+00 +10.77399489E-03
+52.66500E-06 +3.54995349077E+00 +46.47248713E-03
+52.68000E-06 -3.80200622997E+00 -120.12047607E-03
+52.69500E-06 +3.89729017005E+00 +183.31670674E-03
+52.71000E-06 -3.91778512264E+00 -239.11544965E-03
+52.72500E-06 +3.49206404346E+00 +284.46243428E-03
+52.74000E-06 -3.22311176304E+00 -322.41193114E-03
+52.75500E-06 +2.62372234401E+00 +338.01017236E-03
+52.77000E-06 -2.12321227712E+00 -352.16067451E-03
+52.78500E-06 +1.35015451831E+00 +338.01017234E-03
+52.80000E-06 -675.97611165E-03 -322.41193108E-03
+52.81500E-06 -154.97109385E-03 +284.46243420E-03
+52.83000E-06 +713.37060728E-03 -245.06519822E-03
+52.84500E-06 -1.54431781250E+00 +195.21620397E-03
+52.86000E-06 +2.16060677241E+00 -132.01997328E-03
+52.87500E-06 -2.87577508432E+00 +64.32173300E-03
+52.89000E-06 +3.14472736460E+00 -7.07525099E-03
+52.90500E-06 -3.57044844350E+00 -72.52248664E-03
+52.92000E-06 +3.66573238373E+00 +135.71871731E-03
+52.93500E-06 -3.80200622955E+00 -197.46720890E-03
+52.95000E-06 +3.54995349021E+00 +242.81419354E-03
+52.96500E-06 -3.33889065641E+00 -292.66318775E-03
+52.98000E-06 +2.79739068399E+00 +314.21117766E-03
+52.99500E-06 -2.47054895681E+00 -334.31142849E-03
+53.01000E-06 +1.81327009109E+00 +332.06042367E-03
+53.02500E-06 -1.13909168464E+00 -322.41193110E-03
+53.04000E-06 +366.03392576E-03 +302.31168023E-03
+53.05500E-06 +308.14448084E-03 -268.86419294E-03
+53.07000E-06 -1.08120223958E+00 +224.96494737E-03
+53.08500E-06 +1.63960175301E+00 -161.76871669E-03
+53.10000E-06 -2.41265951154E+00 +105.96997377E-03
+53.11500E-06 +2.79739068491E+00 -42.77374309E-03
+53.13000E-06 -3.22311176395E+00 -24.92449720E-03
+53.14500E-06 +3.37628515079E+00 +88.12072789E-03
+53.16000E-06 -3.57044844329E+00 -149.86921947E-03
+53.17500E-06 +3.43417459705E+00 +207.11570147E-03
+53.19000E-06 -3.39678010316E+00 -256.96469568E-03
+53.20500E-06 +3.02894847038E+00 +290.41218295E-03
+53.22000E-06 -2.64421729679E+00 -316.46218245E-03
+53.23500E-06 +2.10271732430E+00 +320.16092631E-03
+53.25000E-06 -1.54431781087E+00 -322.41193111E-03
+53.26500E-06 +771.26005206E-03 +308.26142893E-03
+53.28000E-06 -212.86053862E-03 -280.76369031E-03
+53.29500E-06 -618.08666673E-03 +242.81419343E-03
+53.31000E-06 +1.17648617995E+00 -197.46720877E-03
+53.32500E-06 -1.89165449207E+00 +141.66846585E-03
+53.34000E-06 +2.33427511213E+00 -78.47223517E-03
+53.35500E-06 -2.87577508433E+00 +16.72374356E-03
+53.37000E-06 +3.14472736440E+00 +40.52273844E-03
+53.38500E-06 -3.39678010345E+00 -114.17072739E-03
+53.40000E-06 +3.37628515050E+00 +165.46746070E-03
+53.41500E-06 -3.33889065668E+00 -221.26620361E-03
+53.43000E-06 +3.02894847052E+00 +260.66343956E-03
+53.44500E-06 -2.81788563678E+00 -286.71343906E-03
+53.46000E-06 +2.27638566429E+00 +308.26142897E-03
+53.47500E-06 -1.83376504408E+00 -310.51243376E-03
+53.49000E-06 +1.11859673189E+00 +296.36193158E-03
+53.50500E-06 -618.08666500E-03 -286.71343901E-03
+53.52000E-06 -154.97109374E-03 +254.71369079E-03
+53.53500E-06 +713.37060710E-03 -221.26620350E-03
+53.55000E-06 -1.48642836577E+00 +171.41720925E-03
+53.56500E-06 +1.87115953928E+00 -114.17072725E-03
+53.58000E-06 -2.52843840471E+00 +52.42223564E-03
+53.59500E-06 +2.73950123831E+00 +4.82424635E-03
+53.61000E-06 -3.10733287058E+00 -66.57273795E-03
+53.62500E-06 +3.14472736426E+00 +123.81921995E-03
+53.64000E-06 -3.22311176345E+00 -179.61796286E-03
+53.65500E-06 +3.02894847066E+00 +219.01519881E-03
+53.67000E-06 -2.87577508346E+00 -262.91444435E-03
+53.68500E-06 +2.45005400428E+00 +284.46243426E-03
+53.70000E-06 -2.06532283061E+00 -298.61293640E-03
+53.71500E-06 +1.52382285812E+00 +296.36193158E-03
+53.73000E-06 -965.42334483E-03 -292.66318769E-03
+53.74500E-06 +250.25503257E-03 +266.61318817E-03
+53.76000E-06 +250.25503418E-03 -233.16570087E-03
+53.77500E-06 -965.42334638E-03 +189.26645531E-03
+53.79000E-06 +1.46593341298E+00 -143.91947065E-03
+53.80500E-06 -2.06532283179E+00 +88.12072773E-03
+53.82000E-06 +2.39216455861E+00 -30.87424573E-03
+53.83500E-06 -2.81788563750E+00 -30.87424588E-03
+53.85000E-06 +2.97105902441E+00 +76.22123052E-03
+53.86500E-06 -3.04944342367E+00 -137.96972210E-03
+53.88000E-06 +2.97105902411E+00 +189.26645541E-03
+53.89500E-06 -2.87577508360E+00 -227.21595229E-03
+53.91000E-06 +2.45005400442E+00 +254.71369086E-03
+53.92500E-06 -2.23899117060E+00 -280.76369037E-03
+53.94000E-06 +1.69749119819E+00 +290.41218291E-03
+53.95500E-06 -1.25487057790E+00 -280.76369034E-03
+53.97000E-06 +597.59171233E-03 +266.61318818E-03
+53.98500E-06 -154.97109220E-03 -245.06519824E-03
+54.00000E-06 -560.19722000E-03 +207.11570135E-03
+54.01500E-06 +1.06070728660E+00 -167.71846538E-03
+54.03000E-06 -1.66009670556E+00 +117.86947114E-03
+54.04500E-06 +1.98693843238E+00 -66.57273781E-03
+54.06000E-06 -2.47054895796E+00 +10.77399489E-03
+54.07500E-06 +2.68161179140E+00 +46.47248710E-03
+54.09000E-06 -2.87577508397E+00 -102.27123002E-03
+54.10500E-06 +2.79739068441E+00 +147.61821466E-03
+54.12000E-06 -2.87577508367E+00 -197.46720888E-03
+54.13500E-06 +2.56583289765E+00 +230.91469615E-03
+54.15000E-06 -2.41265951037E+00 -256.96469565E-03
+54.16500E-06 +1.92904898464E+00 +266.61318821E-03
+54.18000E-06 -1.54431781105E+00 -274.81394167E-03
+54.19500E-06 +944.92839202E-03 +260.66343950E-03
+54.21000E-06 -444.41832534E-03 -251.01494693E-03
+54.22500E-06 -212.86054023E-03 +219.01519872E-03
+54.24000E-06 +655.48116037E-03 -191.51746010E-03
+54.25500E-06 -1.31276002587E+00 +141.66846587E-03
+54.27000E-06 +1.63960175261E+00 -102.27122988E-03
+54.28500E-06 -2.12321227827E+00 +46.47248697E-03
+54.30000E-06 +2.33427511186E+00 +4.82424635E-03
+54.31500E-06 -2.64421729759E+00 -60.62298927E-03
+54.33000E-06 +2.62372234464E+00 +105.96997391E-03
+54.34500E-06 -2.75999619052E+00 -161.76871681E-03
+54.36000E-06 +2.50794345118E+00 +201.16595276E-03
+54.37500E-06 -2.41265951059E+00 -227.21595227E-03
+54.39000E-06 +1.98693843133E+00 +248.76394217E-03
+54.40500E-06 -1.66009670443E+00 -256.96469565E-03
+54.42000E-06 +1.17648617862E+00 +260.66343950E-03
+54.43500E-06 -733.86555849E-03 -245.06519826E-03
+54.45000E-06 +192.36558615E-03 +230.91469608E-03
+54.46500E-06 +250.25503406E-03 -203.41695747E-03
+54.48000E-06 -907.53389956E-03 +159.51771191E-03
+54.49500E-06 +1.23437562646E+00 -126.07022462E-03
+54.51000E-06 -1.77587559857E+00 +76.22123037E-03
+54.52500E-06 +1.98693843224E+00 -24.92449706E-03
+54.54000E-06 -2.35477006458E+00 -30.87424586E-03
+54.55500E-06 +2.50794345140E+00 +76.22123049E-03
+54.57000E-06 -2.58632785082E+00 -126.07022473E-03
+54.58500E-06 +2.45005400464E+00 +165.46746068E-03
+54.60000E-06 -2.41265951066E+00 -197.46720887E-03
+54.61500E-06 +2.04482787809E+00 +219.01519878E-03
+54.63000E-06 -1.83376504442E+00 -239.11544962E-03
+54.64500E-06 +1.35015451854E+00 +242.81419348E-03
+54.66000E-06 -1.02331279157E+00 -239.11544959E-03
+54.67500E-06 +423.92337268E-03 +230.91469609E-03
+54.69000E-06 -97.08164555E-03 -215.31645483E-03
+54.70500E-06 -560.19721979E-03 +177.36695795E-03
+54.72000E-06 +944.92839331E-03 -143.91947066E-03
+54.73500E-06 -1.37064947242E+00 +100.02022510E-03
+54.75000E-06 +1.63960175263E+00 -54.67324046E-03
+54.76500E-06 -2.06532283158E+00 +4.82424622E-03
+54.78000E-06 +2.16060677186E+00 +34.57298974E-03
+54.79500E-06 -2.35477006443E+00 -84.42198398E-03
+54.81000E-06 +2.27638566494E+00 +123.81921994E-03
+54.82500E-06 -2.35477006412E+00 -167.71846548E-03
+54.84000E-06 +2.10271732478E+00 +195.21620406E-03
+54.85500E-06 -1.94954393757E+00 -215.31645490E-03
+54.87000E-06 +1.52382285839E+00 +230.91469612E-03
+54.88500E-06 -1.19698113149E+00 -233.16570091E-03
+54.90000E-06 +771.26005230E-03 +219.01519874E-03
+54.91500E-06 -270.74998570E-03 -209.36670618E-03
+54.93000E-06 -212.86054010E-03 +183.31670665E-03
+54.94500E-06 +539.70226708E-03 -155.81896803E-03
+54.96000E-06 -1.02331279281E+00 +123.81921982E-03
+54.97500E-06 +1.29226507293E+00 -78.47223518E-03
+54.99000E-06 -1.83376504504E+00 +34.57298962E-03
+55.00500E-06 +1.92904898540E+00 +4.82424634E-03
+55.02000E-06 -2.18110172458E+00 -48.72349190E-03
+55.03500E-06 +2.10271732517E+00 +100.02022520E-03
+55.05000E-06 -2.18110172443E+00 -137.96972208E-03
+55.06500E-06 +1.98693843170E+00 +165.46746068E-03
+55.08000E-06 -1.89165449111E+00 -197.46720886E-03
+55.09500E-06 +1.63960175169E+00 +207.11570142E-03
+55.11000E-06 -1.37064947141E+00 -215.31645489E-03
+55.12500E-06 +887.03894568E-03 +213.06545007E-03
+55.14000E-06 -618.08666532E-03 -203.41695751E-03
+55.15500E-06 +134.47613951E-03 +195.21620399E-03
+55.17000E-06 +250.25503385E-03 -173.66821407E-03
+55.18500E-06 -733.86555957E-03 +135.71871719E-03
+55.20000E-06 +1.06070728647E+00 -102.27122991E-03
+55.21500E-06 -1.42853891897E+00 +58.37198434E-03
+55.23000E-06 +1.63960175248E+00 -18.97474837E-03
+55.24500E-06 -1.94954393820E+00 -18.97474850E-03
+55.26000E-06 +1.92904898540E+00 +64.32173313E-03
+55.27500E-06 -2.00743338474E+00 -102.27123002E-03
+55.29000E-06 +1.92904898508E+00 +129.76896861E-03
+55.30500E-06 -1.89165449111E+00 -161.76871679E-03
+55.32000E-06 +1.63960175184E+00 +189.26645537E-03
+55.33500E-06 -1.48642836471E+00 -203.41695752E-03
+55.35000E-06 +1.00281783899E+00 +201.16595272E-03
+55.36500E-06 -791.75500524E-03 -197.46720883E-03
+55.38000E-06 +366.03392605E-03 +189.26645534E-03
+55.39500E-06 +18.69724739E-03 -173.66821409E-03
+55.41000E-06 -386.52887996E-03 +141.66846589E-03
+55.42500E-06 +713.37060678E-03 -114.17072728E-03
+55.44000E-06 -1.13909168581E+00 +82.17097906E-03
+55.45500E-06 +1.35015451940E+00 -42.77374310E-03
+55.47000E-06 -1.66009670520E+00 +4.82424623E-03
+55.48500E-06 +1.81327009201E+00 +34.57298974E-03
+55.50000E-06 -1.89165449150E+00 -78.47223529E-03
+55.51500E-06 +1.81327009201E+00 +105.96997387E-03
+55.53000E-06 -1.83376504465E+00 -137.96972207E-03
+55.54500E-06 +1.58171230530E+00 +159.51771198E-03
+55.56000E-06 -1.42853891817E+00 -179.61796282E-03
+55.57500E-06 +1.17648617875E+00 +183.31670670E-03
+55.59000E-06 -965.42334508E-03 -185.56771148E-03
+55.60500E-06 +481.81281944E-03 +183.31670666E-03
+55.62000E-06 -270.74998569E-03 -167.71846542E-03
+55.63500E-06 -154.97109350E-03 +153.56796323E-03
+55.65000E-06 +423.92337371E-03 -132.01997331E-03
+55.66500E-06 -907.53389935E-03 +100.02022511E-03
+55.68000E-06 +1.11859673294E+00 -60.62298916E-03
+55.69500E-06 -1.37064947220E+00 +22.67349228E-03
+55.71000E-06 +1.52382285909E+00 +10.77399501E-03
+55.72500E-06 -1.71798615166E+00 -48.72349188E-03
+55.74000E-06 +1.63960175216E+00 +82.17097916E-03
+55.75500E-06 -1.71798615141E+00 -108.22097869E-03
+55.77000E-06 +1.58171230538E+00 +129.76896859E-03
+55.78500E-06 -1.54431781132E+00 -155.81896811E-03
+55.80000E-06 +1.17648617899E+00 +171.41720933E-03
+55.81500E-06 -1.08120223839E+00 -179.61796280E-03
+55.83000E-06 +655.48115928E-03 +177.36695798E-03
+55.84500E-06 -386.52887900E-03 -167.71846542E-03
+55.86000E-06 +76.58669304E-03 +153.56796325E-03
+55.87500E-06 +250.25503378E-03 -137.96972201E-03
+55.89000E-06 -675.97611289E-03 +100.02022513E-03
+55.90500E-06 +829.14949986E-03 -78.47223520E-03
+55.92000E-06 -1.19698113236E+00 +40.52273831E-03
+55.93500E-06 +1.29226507271E+00 -13.02499972E-03
+55.95000E-06 -1.54431781181E+00 -24.92449716E-03
+55.96500E-06 +1.52382285893E+00 +52.42223576E-03
+55.98000E-06 -1.66009670488E+00 -84.42198396E-03
+55.99500E-06 +1.52382285877E+00 +111.91972255E-03
+56.01000E-06 -1.48642836495E+00 -143.91947073E-03
+56.02500E-06 +1.23437562552E+00 +147.61821462E-03
+56.04000E-06 -1.08120223847E+00 -161.76871677E-03
+56.05500E-06 +713.37060597E-03 +159.51771196E-03
+56.07000E-06 -618.08666546E-03 -161.76871675E-03
+56.08500E-06 +134.47613981E-03 +147.61821458E-03
+56.10000E-06 +18.69724724E-03 -137.96972201E-03
+56.11500E-06 -386.52887982E-03 +117.86947116E-03
+56.13000E-06 +597.59171340E-03 -96.32148123E-03
+56.14500E-06 -907.53389928E-03 +70.27148171E-03
+56.16000E-06 +1.06070728625E+00 -36.82399444E-03
+56.17500E-06 -1.31276002551E+00 -1.12550244E-03
+56.19000E-06 +1.35015451916E+00 +28.62324105E-03
+56.20500E-06 -1.48642836511E+00 -66.57273791E-03
+56.22000E-06 +1.40804396561E+00 +88.12072783E-03
+56.23500E-06 -1.37064947188E+00 -114.17072735E-03
+56.25000E-06 +1.23437562560E+00 +123.81921991E-03
+56.26500E-06 -1.08120223855E+00 -143.91947074E-03
+56.28000E-06 +829.14949929E-03 +147.61821461E-03
+56.29500E-06 -675.97611224E-03 -149.86921940E-03
+56.31000E-06 +308.14447966E-03 +141.66846591E-03
+56.32500E-06 -212.86053906E-03 -132.01997334E-03
+56.34000E-06 -212.86053989E-03 +117.86947117E-03
+56.35500E-06 +366.03392694E-03 -96.32148125E-03
+56.37000E-06 -733.86555943E-03 +64.32173305E-03
+56.38500E-06 +829.14949979E-03 -42.77374313E-03
+56.40000E-06 -1.13909168558E+00 +22.67349227E-03
+56.41500E-06 +1.17648617932E+00 +4.82424632E-03
+56.43000E-06 -1.37064947188E+00 -36.82399451E-03
+56.44500E-06 +1.29226507246E+00 +64.32173311E-03
+56.46000E-06 -1.31276002518E+00 -90.37173263E-03
+56.47500E-06 +1.17648617915E+00 +105.96997387E-03
+56.49000E-06 -1.19698113178E+00 -126.07022469E-03
+56.50500E-06 +887.03894590E-03 +135.71871725E-03
+56.52000E-06 -791.75500538E-03 -137.96972205E-03
+56.53500E-06 +539.70226612E-03 +141.66846590E-03
+56.55000E-06 -386.52887890E-03 -132.01997335E-03
+56.56500E-06 +18.69724657E-03 +117.86947117E-03
+56.58000E-06 +192.36558709E-03 -102.27122993E-03
+56.59500E-06 -444.41832644E-03 +88.12072776E-03
+56.61000E-06 +655.48115994E-03 -60.62298917E-03
+56.62500E-06 -907.53389912E-03 +34.57298964E-03
+56.64000E-06 +944.92839294E-03 -7.07525105E-03
+56.65500E-06 -1.13909168558E+00 -24.92449715E-03
+56.67000E-06 +1.11859673270E+00 +46.47248706E-03
+56.68500E-06 -1.31276002509E+00 -66.57273791E-03
+56.70000E-06 +1.17648617906E+00 +88.12072783E-03
+56.71500E-06 -1.13909168516E+00 -108.22097867E-03
+56.73000E-06 +887.03894590E-03 +111.91972254E-03
+56.74500E-06 -849.64445208E-03 -126.07022469E-03
+56.76000E-06 +539.70226620E-03 +129.76896855E-03
+56.77500E-06 -444.41832568E-03 -126.07022467E-03
+56.79000E-06 +76.58669327E-03 +117.86947118E-03
+56.80500E-06 -39.19219928E-03 -102.27122994E-03
+56.82000E-06 -328.63943313E-03 +88.12072777E-03
+56.83500E-06 +423.92337348E-03 -66.57273785E-03
+56.85000E-06 -733.86555927E-03 +46.47248701E-03
+56.86500E-06 +771.26005309E-03 -24.92449709E-03
+56.88000E-06 -965.42334574E-03 -1.12550244E-03
+56.89500E-06 +1.00281783938E+00 +22.67349236E-03
+56.91000E-06 -1.13909168541E+00 -48.72349187E-03
+56.92500E-06 +1.00281783930E+00 +70.27148178E-03
+56.94000E-06 -1.08120223871E+00 -90.37173261E-03
+56.95500E-06 +829.14949936E-03 +105.96997384E-03
+56.97000E-06 -849.64445208E-03 -114.17072733E-03
+56.98500E-06 +655.48115934E-03 +117.86947119E-03
+57.00000E-06 -560.19721891E-03 -120.12047600E-03
+57.01500E-06 +250.25503312E-03 +105.96997384E-03
+57.03000E-06 -154.97109260E-03 -102.27122995E-03
+57.04500E-06 -154.97109320E-03 +88.12072778E-03
+57.06000E-06 +250.25503363E-03 -72.52248653E-03
+57.07500E-06 -560.19721951E-03 +52.42223568E-03
+57.09000E-06 +655.48115986E-03 -42.77374312E-03
+57.10500E-06 -791.75500598E-03 +10.77399492E-03
+57.12000E-06 +887.03894624E-03 +10.77399500E-03
+57.13500E-06 -965.42334565E-03 -36.82399450E-03
+57.15000E-06 +944.92839277E-03 +46.47248707E-03
+57.16500E-06 -1.02331279210E+00 -72.52248658E-03
+57.18000E-06 +829.14949945E-03 +82.17097915E-03
+57.19500E-06 -849.64445216E-03 -96.32148130E-03
+57.21000E-06 +655.48115960E-03 +100.02022517E-03
+57.22500E-06 -560.19721899E-03 -102.27122996E-03
+57.24000E-06 +366.03392635E-03 +100.02022516E-03
+57.25500E-06 -212.86053930E-03 -102.27122995E-03
+57.27000E-06 -97.08164658E-03 +88.12072778E-03
+57.28500E-06 +134.47614040E-03 -78.47223521E-03
+57.30000E-06 -386.52887967E-03 +64.32173305E-03
+57.31500E-06 +481.81282001E-03 -42.77374314E-03
+57.33000E-06 -675.97611266E-03 +22.67349229E-03
+57.34500E-06 +713.37060648E-03 -7.07525105E-03
+57.36000E-06 -849.64445242E-03 -13.02499980E-03
+57.37500E-06 +829.14949954E-03 +34.57298971E-03
+57.39000E-06 -907.53389895E-03 -48.72349187E-03
+57.40500E-06 +771.26005292E-03 +64.32173311E-03
+57.42000E-06 -791.75500563E-03 -78.47223526E-03
+57.43500E-06 +655.48115942E-03 +88.12072781E-03
+57.45000E-06 -675.97611213E-03 -102.27122995E-03
+57.46500E-06 +366.03392643E-03 +94.07047648E-03
+57.48000E-06 -270.74998600E-03 -102.27122994E-03
+57.49500E-06 +76.58669326E-03 +82.17097911E-03
+57.51000E-06 -39.19219944E-03 -78.47223523E-03
+57.52500E-06 -328.63943288E-03 +64.32173306E-03
+57.54000E-06 +308.14448017E-03 -48.72349182E-03
+57.55500E-06 -502.30777281E-03 +34.57298964E-03
+57.57000E-06 +597.59171325E-03 -18.97474841E-03
+57.58500E-06 -733.86555910E-03 -1.12550243E-03
+57.60000E-06 +713.37060639E-03 +22.67349233E-03
+57.61500E-06 -791.75500581E-03 -36.82399450E-03
+57.63000E-06 +713.37060621E-03 +58.37198441E-03
+57.64500E-06 -791.75500554E-03 -66.57273790E-03
+57.66000E-06 +655.48115951E-03 +76.22123045E-03
+57.67500E-06 -618.08666569E-03 -84.42198394E-03
+57.69000E-06 +481.81281957E-03 +82.17097913E-03
+57.70500E-06 -386.52887914E-03 -90.37173259E-03
+57.72000E-06 +134.47613988E-03 +82.17097911E-03
+57.73500E-06 -154.97109267E-03 -78.47223523E-03
+57.75000E-06 -154.97109312E-03 +70.27148173E-03
+57.76500E-06 +192.36558694E-03 -54.67324050E-03
+57.78000E-06 -444.41832611E-03 +40.52273834E-03
+57.79500E-06 +423.92337340E-03 -24.92449711E-03
+57.81000E-06 -675.97611248E-03 +10.77399493E-03
+57.82500E-06 +597.59171316E-03 +10.77399498E-03
+57.84000E-06 -733.86555910E-03 -24.92449714E-03
+57.85500E-06 +597.59171307E-03 +40.52273838E-03
+57.87000E-06 -733.86555901E-03 -48.72349187E-03
+57.88500E-06 +597.59171289E-03 +58.37198442E-03
+57.90000E-06 -618.08666578E-03 -72.52248657E-03
+57.91500E-06 +423.92337304E-03 +76.22123044E-03
+57.93000E-06 -386.52887931E-03 -84.42198391E-03
+57.94500E-06 +250.25503311E-03 +76.22123042E-03
+57.96000E-06 -154.97109276E-03 -72.52248655E-03
+57.97500E-06 -39.19219998E-03 +58.37198439E-03
+57.99000E-06 +134.47614032E-03 -60.62298918E-03
+58.00500E-06 -270.74998644E-03 +46.47248702E-03
+58.02000E-06 +366.03392670E-03 -30.87424578E-03
+58.03500E-06 -444.41832620E-03 +16.72374360E-03
+58.05000E-06 +539.70226645E-03 -7.07525106E-03
+58.06500E-06 -618.08666587E-03 -13.02499979E-03
+58.08000E-06 +539.70226654E-03 +22.67349234E-03
+58.09500E-06 -675.97611248E-03 -42.77374317E-03
+58.11000E-06 +539.70226636E-03 +46.47248706E-03
+58.12500E-06 -618.08666569E-03 -60.62298920E-03
+58.14000E-06 +481.81281966E-03 +64.32173308E-03
+58.15500E-06 -444.41832584E-03 -72.52248656E-03
+58.17000E-06 +250.25503319E-03 +64.32173309E-03
+58.18500E-06 -212.86053937E-03 -72.52248655E-03
+58.20000E-06 +18.69724682E-03 +58.37198439E-03
+58.21500E-06 +18.69724709E-03 -60.62298917E-03
+58.23000E-06 -212.86053965E-03 +52.42223569E-03
+58.24500E-06 +192.36558694E-03 -36.82399446E-03
+58.26000E-06 -386.52887949E-03 +28.62324097E-03
+58.27500E-06 +423.92337331E-03 -13.02499974E-03
+58.29000E-06 -560.19721925E-03 -13.02499976E-03
+58.30500E-06 +423.92337331E-03 +10.77399499E-03
+58.32000E-06 -618.08666587E-03 -30.87424582E-03
+58.33500E-06 +481.81281975E-03 +34.57298970E-03
+58.35000E-06 -560.19721925E-03 -48.72349186E-03
+58.36500E-06 +423.92337313E-03 +52.42223573E-03
+58.38000E-06 -444.41832584E-03 -60.62298920E-03
+58.39500E-06 +308.14447972E-03 +64.32173307E-03
+58.41000E-06 -270.74998599E-03 -66.57273788E-03
+58.42500E-06 +76.58669343E-03 +58.37198440E-03
+58.44000E-06 -39.19219962E-03 -54.67324051E-03
+58.45500E-06 -97.08164651E-03 +46.47248703E-03
+58.47000E-06 +134.47614032E-03 -42.77374314E-03
+58.48500E-06 -328.63943288E-03 +34.57298965E-03
+58.50000E-06 +308.14448008E-03 -13.02499975E-03
+58.51500E-06 -444.41832611E-03 +4.82424625E-03
+58.53000E-06 +423.92337331E-03 -1.12550237E-03
+58.54500E-06 -560.19721916E-03 -24.92449713E-03
+58.56000E-06 +481.81281975E-03 +28.62324101E-03
+58.57500E-06 -560.19721916E-03 -42.77374317E-03
+58.59000E-06 +366.03392661E-03 +46.47248705E-03
+58.60500E-06 -444.41832584E-03 -48.72349185E-03
+58.62000E-06 +308.14447990E-03 +58.37198440E-03
+58.63500E-06 -270.74998608E-03 -60.62298920E-03
+58.65000E-06 +134.47613996E-03 +46.47248706E-03
+58.66500E-06 -154.97109275E-03 -60.62298919E-03
+58.68000E-06 -39.19219980E-03 +46.47248703E-03
+58.69500E-06 +76.58669362E-03 -42.77374314E-03
+58.71000E-06 -212.86053965E-03 +28.62324099E-03
+58.72500E-06 +192.36558694E-03 -24.92449710E-03
+58.74000E-06 -328.63943297E-03 +10.77399495E-03
+58.75500E-06 +308.14448008E-03 -1.12550239E-03
+58.77000E-06 -386.52887959E-03 -13.02499977E-03
+58.78500E-06 +366.03392661E-03 +16.72374366E-03
+58.80000E-06 -444.41832602E-03 -24.92449715E-03
+58.81500E-06 +308.14447999E-03 +34.57298969E-03
+58.83000E-06 -444.41832593E-03 -42.77374317E-03
+58.84500E-06 +250.25503328E-03 +40.52273837E-03
+58.86000E-06 -328.63943260E-03 -48.72349184E-03
+58.87500E-06 +134.47614005E-03 +52.42223571E-03
+58.89000E-06 -154.97109285E-03 -54.67324051E-03
+58.90500E-06 +18.69724672E-03 +46.47248703E-03
+58.92000E-06 +18.69724691E-03 -36.82399448E-03
+58.93500E-06 -154.97109313E-03 +34.57298967E-03
+58.95000E-06 +134.47614023E-03 -30.87424578E-03
+58.96500E-06 -270.74998627E-03 +16.72374362E-03
+58.98000E-06 +250.25503347E-03 -7.07525107E-03
+58.99500E-06 -328.63943288E-03 -7.07525110E-03
+59.01000E-06 +308.14447999E-03 +4.82424630E-03
+59.02500E-06 -444.41832593E-03 -24.92449713E-03
+59.04000E-06 +366.03392651E-03 +28.62324101E-03
+59.05500E-06 -386.52887940E-03 -36.82399449E-03
+59.07000E-06 +308.14447990E-03 +34.57298969E-03
+59.08500E-06 -328.63943260E-03 -42.77374317E-03
+59.10000E-06 +134.47614005E-03 +46.47248704E-03
+59.11500E-06 -212.86053946E-03 -42.77374317E-03
+59.13000E-06 +18.69724682E-03 +40.52273836E-03
+59.14500E-06 -39.19219961E-03 -36.82399447E-03
+59.16000E-06 -97.08164642E-03 +34.57298966E-03
+59.17500E-06 +76.58669362E-03 -30.87424578E-03
+59.19000E-06 -212.86053974E-03 +16.72374362E-03
+59.20500E-06 +192.36558676E-03 -13.02499974E-03
+59.22000E-06 -328.63943279E-03 +4.82424627E-03
+59.23500E-06 +250.25503337E-03 +4.82424628E-03
+59.25000E-06 -386.52887940E-03 -18.97474845E-03
+59.26500E-06 +308.14447999E-03 +16.72374366E-03
+59.28000E-06 -328.63943279E-03 -30.87424581E-03
+59.29500E-06 +250.25503328E-03 +34.57298968E-03
+59.31000E-06 -270.74998617E-03 -36.82399449E-03
+59.32500E-06 +134.47614014E-03 +34.57298968E-03
+59.34000E-06 -212.86053946E-03 -36.82399449E-03
+59.35500E-06 +18.69724691E-03 +40.52273835E-03
+59.37000E-06 -97.08164623E-03 -42.77374315E-03
+59.38500E-06 -97.08164632E-03 +28.62324100E-03
+59.40000E-06 +76.58669362E-03 -30.87424579E-03
+59.41500E-06 -154.97109303E-03 +22.67349231E-03
+59.43000E-06 +134.47614024E-03 -13.02499976E-03
+59.44500E-06 -270.74998627E-03 +4.82424627E-03
+59.46000E-06 +192.36558676E-03 -1.12550239E-03
+59.47500E-06 -328.63943269E-03 -7.07525109E-03
+59.49000E-06 +250.25503337E-03 +10.77399497E-03
+59.50500E-06 -328.63943269E-03 -24.92449713E-03
+59.52000E-06 +250.25503328E-03 +22.67349233E-03
+59.53500E-06 -270.74998617E-03 -30.87424581E-03
+59.55000E-06 +134.47614014E-03 +28.62324101E-03
+59.56500E-06 -270.74998617E-03 -36.82399448E-03
+59.58000E-06 +76.58669353E-03 +34.57298968E-03
+59.59500E-06 -154.97109284E-03 -36.82399449E-03
+59.61000E-06 -39.19219990E-03 +22.67349232E-03
+59.62500E-06 -39.19219951E-03 -30.87424579E-03
+59.64000E-06 -97.08164642E-03 +22.67349230E-03
+59.65500E-06 +76.58669353E-03 -24.92449710E-03
+59.67000E-06 -212.86053965E-03 +10.77399494E-03
+59.68500E-06 +134.47614024E-03 -7.07525107E-03
+59.70000E-06 -270.74998617E-03 -1.12550242E-03
+59.71500E-06 +192.36558685E-03 +4.82424629E-03
+59.73000E-06 -212.86053975E-03 -18.97474844E-03
+59.74500E-06 +250.25503328E-03 +16.72374366E-03
+59.76000E-06 -270.74998608E-03 -24.92449713E-03
+59.77500E-06 +134.47614014E-03 +22.67349233E-03
+59.79000E-06 -270.74998608E-03 -30.87424580E-03
+59.80500E-06 +134.47614005E-03 +28.62324101E-03
+59.82000E-06 -154.97109275E-03 -24.92449712E-03
+59.83500E-06 +18.69724681E-03 +28.62324099E-03
+59.85000E-06 -97.08164623E-03 -36.82399446E-03
+59.86500E-06 -97.08164632E-03 +16.72374364E-03
+59.88000E-06 +18.69724701E-03 -18.97474843E-03
+59.89500E-06 -154.97109304E-03 +10.77399495E-03
+59.91000E-06 +134.47614014E-03 -7.07525108E-03
+59.92500E-06 -270.74998617E-03 -1.12550240E-03
+59.94000E-06 +192.36558676E-03 +4.82424628E-03
+59.95500E-06 -212.86053965E-03 -7.07525109E-03
+59.97000E-06 +134.47614014E-03 +4.82424630E-03
+59.98500E-06 -270.74998617E-03 -18.97474845E-03
+60.00000E-06 +134.47614014E-03 +22.67349233E-03
+60.01500E-06 -212.86053956E-03 -30.87424580E-03
+60.03000E-06 +76.58669353E-03 +22.67349232E-03
+60.04500E-06 -154.97109284E-03 -24.92449712E-03
+60.06000E-06 +18.69724691E-03 +28.62324099E-03
+60.07500E-06 -39.19219971E-03 -24.92449712E-03
+60.09000E-06 -39.19219990E-03 +16.72374364E-03
+60.10500E-06 -39.19219951E-03 -18.97474843E-03
+60.12000E-06 -154.97109294E-03 +16.72374363E-03
+60.13500E-06 +76.58669353E-03 -13.02499975E-03
+60.15000E-06 -212.86053956E-03 +4.82424627E-03
+60.16500E-06 +76.58669362E-03 -1.12550239E-03
+60.18000E-06 -212.86053956E-03 -7.07525109E-03
+60.19500E-06 +134.47614004E-03 +10.77399496E-03
+60.21000E-06 -212.86053956E-03 -18.97474844E-03
+60.22500E-06 +134.47614014E-03 +16.72374365E-03
+60.24000E-06 -154.97109294E-03 -24.92449712E-03
+60.25500E-06 +76.58669353E-03 +16.72374364E-03
+60.27000E-06 -212.86053936E-03 -30.87424579E-03
+60.28500E-06 +76.58669343E-03 +22.67349232E-03
+60.30000E-06 -154.97109274E-03 -24.92449712E-03
+60.31500E-06 +18.69724681E-03 +16.72374364E-03
+60.33000E-06 -39.19219961E-03 -24.92449710E-03
+60.34500E-06 -97.08164642E-03 +10.77399496E-03
+60.36000E-06 +18.69724701E-03 -7.07525109E-03
+60.37500E-06 -154.97109294E-03 +4.82424627E-03
+60.39000E-06 +76.58669362E-03 -1.12550239E-03
+60.40500E-06 -154.97109294E-03 -1.12550240E-03
+60.42000E-06 +76.58669362E-03 +10.77399496E-03
+60.43500E-06 -154.97109304E-03 -7.07525110E-03
+60.45000E-06 +76.58669353E-03 +4.82424629E-03
+60.46500E-06 -154.97109294E-03 -24.92449711E-03
+60.48000E-06 +76.58669353E-03 +22.67349231E-03
+60.49500E-06 -97.08164632E-03 -18.97474845E-03
+60.51000E-06 +18.69724691E-03 +16.72374364E-03
+60.52500E-06 -97.08164632E-03 -24.92449711E-03
+60.54000E-06 -39.19219971E-03 +16.72374364E-03
+60.55500E-06 -39.19219971E-03 -18.97474844E-03
+60.57000E-06 -97.08164642E-03 +4.82424629E-03
+60.58500E-06 -39.19219961E-03 -18.97474843E-03
+60.60000E-06 -97.08164642E-03 +10.77399495E-03
+60.61500E-06 +76.58669353E-03 -13.02499974E-03
+60.63000E-06 -97.08164652E-03 -1.12550241E-03
+60.64500E-06 +18.69724701E-03 -1.12550239E-03
+60.66000E-06 -154.97109294E-03 -1.12550242E-03
+60.67500E-06 +134.47614004E-03 +10.77399496E-03
+60.69000E-06 -154.97109304E-03 -18.97474844E-03
+60.70500E-06 +18.69724701E-03 +10.77399496E-03
+60.72000E-06 -154.97109294E-03 -18.97474844E-03
+60.73500E-06 +18.69724691E-03 +10.77399497E-03
+60.75000E-06 -97.08164622E-03 -13.02499977E-03
+60.76500E-06 +18.69724681E-03 +16.72374364E-03
+60.78000E-06 -39.19219971E-03 -24.92449711E-03
+60.79500E-06 -39.19219981E-03 +16.72374362E-03
+60.81000E-06 +18.69724691E-03 -18.97474843E-03
+60.82500E-06 -97.08164642E-03 +10.77399495E-03
+60.84000E-06 +18.69724701E-03 -7.07525108E-03
+60.85500E-06 -154.97109294E-03 +4.82424627E-03
+60.87000E-06 +18.69724691E-03 -1.12550240E-03
+60.88500E-06 -154.97109294E-03 -1.12550241E-03
+60.90000E-06 +134.47614004E-03 +4.82424629E-03
+60.91500E-06 -154.97109294E-03 -13.02499976E-03
+60.93000E-06 +76.58669353E-03 +4.82424629E-03
+60.94500E-06 -154.97109294E-03 -7.07525109E-03
+60.96000E-06 +18.69724691E-03 +10.77399497E-03
+60.97500E-06 -97.08164642E-03 -13.02499977E-03
+60.99000E-06 -39.19219961E-03 +10.77399496E-03
+61.00500E-06 -97.08164622E-03 -13.02499976E-03
+61.02000E-06 -39.19219981E-03 +10.77399496E-03
+61.03500E-06 -39.19219971E-03 -13.02499977E-03
+61.05000E-06 -97.08164632E-03 -1.12550239E-03
+61.06500E-06 +18.69724691E-03 -1.12550241E-03
+61.08000E-06 -97.08164642E-03 +4.82424627E-03
+61.09500E-06 +18.69724691E-03 -1.12550240E-03
+61.11000E-06 -154.97109294E-03 -1.12550240E-03
+61.12500E-06 +76.58669353E-03 +4.82424629E-03
+61.14000E-06 -97.08164632E-03 -7.07525108E-03
+61.15500E-06 +18.69724691E-03 +10.77399496E-03
+61.17000E-06 -97.08164642E-03 -18.97474843E-03
+61.18500E-06 +18.69724691E-03 +10.77399496E-03
+61.20000E-06 -97.08164623E-03 -13.02499976E-03
+61.21500E-06 +18.69724691E-03 +10.77399496E-03
+61.23000E-06 -39.19219971E-03 -13.02499976E-03
+61.24500E-06 -39.19219980E-03 +10.77399496E-03
+61.26000E-06 -39.19219971E-03 -13.02499976E-03
+61.27500E-06 -154.97109284E-03 +10.77399494E-03
+61.29000E-06 +18.69724681E-03 -7.07525108E-03
+61.30500E-06 -97.08164632E-03 +4.82424628E-03
+61.32000E-06 +18.69724691E-03 -7.07525108E-03
+61.33500E-06 -154.97109284E-03 -1.12550240E-03
+61.35000E-06 +18.69724691E-03 +4.82424628E-03
+61.36500E-06 -97.08164632E-03 -7.07525107E-03
+61.38000E-06 +18.69724691E-03 +10.77399495E-03
+61.39500E-06 -97.08164632E-03 -7.07525109E-03
+61.41000E-06 +76.58669343E-03 -1.12550239E-03
+61.42500E-06 -97.08164632E-03 -13.02499976E-03
+61.44000E-06 -39.19219971E-03 +16.72374363E-03
+61.45500E-06 -97.08164632E-03 -13.02499976E-03
+61.47000E-06 -39.19219971E-03 +10.77399496E-03
+61.48500E-06 -39.19219971E-03 -13.02499975E-03
+61.50000E-06 -39.19219980E-03 +4.82424628E-03
+61.51500E-06 -39.19219971E-03 -7.07525110E-03
+61.53000E-06 -39.19219980E-03 -1.12550239E-03
+61.54500E-06 -39.19219962E-03 -7.07525107E-03
+61.56000E-06 -97.08164641E-03 -1.12550240E-03
+61.57500E-06 +18.69724691E-03 -1.12550240E-03
+61.59000E-06 -97.08164641E-03 -1.12550242E-03
+61.60500E-06 +18.69724691E-03 +4.82424628E-03
+61.62000E-06 -154.97109294E-03 -7.07525108E-03
+61.63500E-06 +18.69724700E-03 +10.77399495E-03
+61.65000E-06 -97.08164632E-03 -7.07525109E-03
+61.66500E-06 +18.69724682E-03 +4.82424628E-03
+61.68000E-06 -97.08164632E-03 -13.02499976E-03
+61.69500E-06 -39.19219979E-03 +4.82424628E-03
+61.71000E-06 -97.08164624E-03 -13.02499975E-03
+61.72500E-06 +18.69724674E-03 +4.82424629E-03
+61.74000E-06 -39.19219962E-03 -7.07525108E-03
+61.75500E-06 -39.19219971E-03 +4.82424627E-03
+61.77000E-06 +18.69724691E-03 -7.07525108E-03
+61.78500E-06 -154.97109285E-03 -1.12550240E-03
+61.80000E-06 +76.58669344E-03 -1.12550240E-03
+61.81500E-06 -97.08164632E-03 -1.12550240E-03
+61.83000E-06 +18.69724691E-03 +4.82424628E-03
+61.84500E-06 -97.08164624E-03 -1.12550240E-03
+61.86000E-06 +76.58669344E-03 +4.82424628E-03
+61.87500E-06 -97.08164632E-03 -7.07525109E-03
+61.89000E-06 +18.69724683E-03 -1.12550239E-03
+61.90500E-06 -39.19219971E-03 -13.02499975E-03
+61.92000E-06 -39.19219971E-03 +10.77399495E-03
+61.93500E-06 -39.19219979E-03 -7.07525109E-03
+61.95000E-06 -39.19219971E-03 +4.82424628E-03
+61.96500E-06 -39.19219971E-03 -7.07525107E-03
+61.98000E-06 -39.19219979E-03 +4.82424627E-03
+61.99500E-06 +18.69724691E-03 -7.07525109E-03
+62.01000E-06 -39.19219979E-03 -1.12550240E-03
+62.02500E-06 -39.19219963E-03 -7.07525108E-03
+62.04000E-06 -97.08164632E-03 +4.82424626E-03
+62.05500E-06 +18.69724691E-03 -1.12550239E-03
+62.07000E-06 -97.08164624E-03 -1.12550241E-03
+62.08500E-06 -39.19219971E-03 -1.12550239E-03
+62.10000E-06 -39.19219971E-03 -1.12550241E-03
+62.11500E-06 +18.69724683E-03 +4.82424626E-03
+62.13000E-06 -39.19219978E-03 -13.02499974E-03
+62.14500E-06 +18.69724691E-03 +4.82424628E-03
+62.16000E-06 -39.19219971E-03 -7.07525109E-03
+62.17500E-06 -39.19219971E-03 +4.82424628E-03
+62.19000E-06 -39.19219963E-03 -1.12550241E-03
+62.20500E-06 -39.19219971E-03 +4.82424628E-03
+62.22000E-06 -39.19219963E-03 -7.07525108E-03
+62.23500E-06 -39.19219971E-03 +4.82424627E-03
+62.25000E-06 -39.19219963E-03 -7.07525108E-03
+62.26500E-06 -39.19219971E-03 -1.12550240E-03
+62.28000E-06 -39.19219963E-03 -1.12550240E-03
+62.29500E-06 -97.08164632E-03 -7.07525107E-03
+62.31000E-06 -39.19219971E-03 -1.12550240E-03
+62.32500E-06 -39.19219971E-03 -1.12550240E-03
+62.34000E-06 -39.19219971E-03 +4.82424628E-03
+62.35500E-06 -97.08164632E-03 -7.07525109E-03
+62.37000E-06 +18.69724684E-03 -1.12550239E-03
+62.38500E-06 -97.08164625E-03 -7.07525108E-03
+62.40000E-06 +18.69724684E-03 +4.82424628E-03
+62.41500E-06 -39.19219978E-03 -13.02499975E-03
+62.43000E-06 -39.19219971E-03 +4.82424628E-03
+62.44500E-06 -39.19219971E-03 -7.07525107E-03
+62.46000E-06 -39.19219971E-03 +4.82424628E-03
+62.47500E-06 -39.19219971E-03 -7.07525108E-03
+62.49000E-06 -97.08164625E-03 -7.07525107E-03
+62.50500E-06 -39.19219964E-03 -1.12550240E-03
+62.52000E-06 -97.08164625E-03 -7.07525108E-03
+62.53500E-06 +18.69724684E-03 -1.12550240E-03
+62.55000E-06 -97.08164632E-03 -1.12550241E-03
+62.56500E-06 -39.19219964E-03 +4.82424628E-03
+62.58000E-06 -39.19219977E-03 -7.07525107E-03
+62.59500E-06 -39.19219971E-03 +4.82424627E-03
+62.61000E-06 -97.08164632E-03 -13.02499975E-03
+62.62500E-06 -39.19219971E-03 +4.82424629E-03
+62.64000E-06 -97.08164626E-03 -7.07525108E-03
+62.65500E-06 -39.19219977E-03 +4.82424627E-03
+62.67000E-06 -39.19219971E-03 -7.07525107E-03
+62.68500E-06 -97.08164632E-03 -1.12550239E-03
+62.70000E-06 -39.19219971E-03 -1.12550240E-03
+62.71500E-06 -39.19219977E-03 +4.82424627E-03
+62.73000E-06 -39.19219971E-03 -7.07525107E-03
+62.74500E-06 -97.08164632E-03 -1.12550240E-03
+62.76000E-06 +18.69724691E-03 -1.12550239E-03
+62.77500E-06 -39.19219977E-03 -7.07525107E-03
+62.79000E-06 -39.19219964E-03 -1.12550240E-03
+62.80500E-06 -39.19219971E-03 -7.07525108E-03
+62.82000E-06 +18.69724691E-03 +4.82424628E-03
+62.83500E-06 -97.08164626E-03 -7.07525108E-03
+62.85000E-06 -39.19219971E-03 -1.12550240E-03
+62.86500E-06 -39.19219971E-03 -7.07525108E-03
+62.88000E-06 -39.19219971E-03 -1.12550239E-03
+62.89500E-06 -39.19219971E-03 -7.07525107E-03
+62.91000E-06 -97.08164632E-03 -1.12550239E-03
+62.92500E-06 -39.19219965E-03 -1.12550239E-03
+62.94000E-06 -39.19219971E-03 +4.82424628E-03
+62.95500E-06 -39.19219965E-03 -1.12550241E-03
+62.97000E-06 -39.19219977E-03 -1.12550240E-03
+62.98500E-06 -39.19219965E-03 +4.82424627E-03
+63.00000E-06 -39.19219971E-03 -1.12550241E-03
+63.01500E-06 -39.19219976E-03 -1.12550240E-03
+63.03000E-06 -39.19219971E-03 -1.12550240E-03
+63.04500E-06 -39.19219971E-03 +4.82424628E-03
+63.06000E-06 -39.19219971E-03 -1.12550240E-03
+63.07500E-06 -39.19219971E-03 +4.82424627E-03
+63.09000E-06 -97.08164632E-03 -13.02499975E-03
+63.10500E-06 -39.19219965E-03 -1.12550239E-03
+63.12000E-06 -39.19219971E-03 -1.12550241E-03
+63.13500E-06 -39.19219976E-03 +4.82424627E-03
+63.15000E-06 -97.08164627E-03 -7.07525107E-03
+63.16500E-06 -39.19219971E-03 +4.82424628E-03
+63.18000E-06 -97.08164622E-03 -1.12550239E-03
+63.19500E-06 -39.19219976E-03 -1.12550240E-03
+63.21000E-06 -39.19219971E-03 -7.07525107E-03
+63.22500E-06 -39.19219971E-03 -1.12550240E-03
+63.24000E-06 +18.69724691E-03 -1.12550240E-03
+63.25500E-06 -97.08164632E-03 -1.12550241E-03
+63.27000E-06 -39.19219971E-03 -1.12550239E-03
+63.28500E-06 -97.08164627E-03 -7.07525107E-03
+63.30000E-06 -39.19219971E-03 -1.12550240E-03
+63.31500E-06 -97.08164627E-03 -7.07525108E-03
+63.33000E-06 -39.19219971E-03 -1.12550239E-03
+63.34500E-06 -39.19219976E-03 -1.12550240E-03
+63.36000E-06 -39.19219971E-03 -1.12550240E-03
+63.37500E-06 -97.08164632E-03 -7.07525108E-03
+63.39000E-06 -97.08164627E-03 -1.12550240E-03
+63.40500E-06 -97.08164632E-03 -1.12550240E-03
+63.42000E-06 -39.19219971E-03 -1.12550240E-03
+63.43500E-06 -39.19219971E-03 -1.12550241E-03
+63.45000E-06 -39.19219971E-03 -7.07525108E-03
+63.46500E-06 -39.19219971E-03 -1.12550240E-03
+63.48000E-06 -97.08164628E-03 -7.07525108E-03
+63.49500E-06 -39.19219966E-03 +4.82424628E-03
+63.51000E-06 -97.08164628E-03 -7.07525108E-03
+63.52500E-06 -39.19219971E-03 +4.82424628E-03
+63.54000E-06 -97.08164628E-03 -1.12550240E-03
+63.55500E-06 -39.19219971E-03 -1.12550240E-03
+63.57000E-06 -39.19219971E-03 -7.07525108E-03
+63.58500E-06 -39.19219971E-03 -1.12550240E-03
+63.60000E-06 -39.19219971E-03 -7.07525108E-03
+63.61500E-06 -39.19219975E-03 -7.07525108E-03
+63.63000E-06 -39.19219975E-03 -1.12550240E-03
+63.64500E-06 -39.19219975E-03 -1.12550240E-03
+63.66000E-06 -39.19219966E-03 -1.12550240E-03
+63.67500E-06 -39.19219971E-03 -1.12550240E-03
+63.69000E-06 +18.69724687E-03 -7.07525108E-03
+63.70500E-06 -39.19219975E-03 -1.12550240E-03
+63.72000E-06 -39.19219971E-03 -1.12550240E-03
+63.73500E-06 -97.08164632E-03 -1.12550240E-03
+63.75000E-06 -97.08164628E-03 -1.12550240E-03
+63.76500E-06 -39.19219971E-03 -7.07525108E-03
+63.78000E-06 -39.19219971E-03 -1.12550240E-03
+63.79500E-06 -39.19219975E-03 -1.12550240E-03
+63.81000E-06 -39.19219971E-03 -1.12550240E-03
+63.82500E-06 -39.19219971E-03 -1.12550240E-03
+63.84000E-06 -39.19219971E-03 +4.82424628E-03
+63.85500E-06 -39.19219975E-03 -1.12550240E-03
+63.87000E-06 -97.08164628E-03 -1.12550240E-03
+63.88500E-06 -39.19219967E-03 -1.12550240E-03
+63.90000E-06 -39.19219971E-03 -1.12550240E-03
+63.91500E-06 -39.19219971E-03 -1.12550240E-03
+63.93000E-06 -39.19219974E-03 -1.12550240E-03
+63.94500E-06 -39.19219971E-03 -7.07525108E-03
+63.96000E-06 -39.19219971E-03 -1.12550240E-03
+63.97500E-06 -39.19219971E-03 +4.82424628E-03
+63.99000E-06 -97.08164629E-03 -1.12550240E-03
+64.00500E-06 -39.19219971E-03 -1.12550240E-03
+64.02000E-06 -39.19219971E-03 -1.12550240E-03
+64.03500E-06 -39.19219971E-03 -1.12550240E-03
+64.05000E-06 -97.08164629E-03 -7.07525108E-03
+64.06500E-06 -39.19219971E-03 +4.82424628E-03
+64.08000E-06 -39.19219971E-03 -1.12550240E-03
+64.09500E-06 -39.19219974E-03 -7.07525107E-03
+64.11000E-06 -97.08164629E-03 -1.12550240E-03
+64.12500E-06 -39.19219971E-03 -1.12550240E-03
+64.14000E-06 -97.08164632E-03 +4.82424628E-03
+64.15500E-06 -39.19219971E-03 -1.12550240E-03
+64.17000E-06 -39.19219971E-03 -7.07525107E-03
+64.18500E-06 -39.19219971E-03 -1.12550240E-03
+64.20000E-06 -39.19219971E-03 -1.12550240E-03
+64.21500E-06 -39.19219974E-03 -7.07525108E-03
+64.23000E-06 -97.08164629E-03 -1.12550240E-03
+64.24500E-06 -39.19219971E-03 -7.07525108E-03
+64.26000E-06 -39.19219971E-03 -1.12550240E-03
+64.27500E-06 -39.19219971E-03 -1.12550240E-03
+64.29000E-06 -39.19219974E-03 -7.07525108E-03
+64.30500E-06 -39.19219971E-03 -7.07525108E-03
+64.32000E-06 -39.19219971E-03 -1.12550240E-03
+64.33500E-06 -39.19219971E-03 -1.12550240E-03
+64.35000E-06 -97.08164630E-03 -1.12550240E-03
+64.36500E-06 -39.19219971E-03 -1.12550240E-03
+64.38000E-06 -39.19219971E-03 +4.82424628E-03
+64.39500E-06 -39.19219971E-03 -1.12550240E-03
+64.41000E-06 -39.19219971E-03 -7.07525108E-03
+64.42500E-06 -39.19219968E-03 +4.82424628E-03
+64.44000E-06 -39.19219968E-03 -1.12550240E-03
+64.45500E-06 -97.08164632E-03 -1.12550240E-03
+64.47000E-06 -97.08164632E-03 -1.12550240E-03
+64.48500E-06 -39.19219971E-03 -1.12550240E-03
