x-axis 1 2
second Volt Volt
+24.69900E-06 -57.88944662E-03 +0.0E+00
+24.72400E-06 -28.94472331E-03 +0.0E+00
+24.74900E-06 -57.88944662E-03 +0.0E+00
+24.77400E-06 -28.94472331E-03 -5.62814064E-03
+24.79900E-06 +0.0E+00 +0.0E+00
+24.82400E-06 -28.94472331E-03 +0.0E+00
+24.84900E-06 -57.88944662E-03 +0.0E+00
+24.87400E-06 +0.0E+00 +2.81407032E-03
+24.89900E-06 -28.94472331E-03 +0.0E+00
+24.92400E-06 -28.94472331E-03 +0.0E+00
+24.94900E-06 -57.88944662E-03 -2.81407032E-03
+24.97400E-06 +0.0E+00 -2.81407032E-03
+24.99900E-06 -57.88944662E-03 +0.0E+00
+25.02400E-06 -57.88944662E-03 +0.0E+00
+25.04900E-06 -28.94472331E-03 +0.0E+00
+25.07400E-06 -28.94472331E-03 +5.62814064E-03
+25.09900E-06 -57.88944662E-03 -2.81407032E-03
+25.12400E-06 -86.83416992E-03 +0.0E+00
+25.14900E-06 +0.0E+00 +0.0E+00
+25.17400E-06 +0.0E+00 -5.62814064E-03
+25.19900E-06 +0.0E+00 -2.81407032E-03
+25.22400E-06 -28.94472331E-03 +0.0E+00
+25.24900E-06 -57.88944662E-03 -2.81407032E-03
+25.27400E-06 -86.83416992E-03 +0.0E+00
+25.29900E-06 +0.0E+00 -2.81407032E-03
+25.32400E-06 -57.88944662E-03 +0.0E+00
+25.34900E-06 -28.94472331E-03 +0.0E+00
+25.37400E-06 -28.94472331E-03 -2.81407032E-03
+25.39900E-06 -57.88944662E-03 +0.0E+00
+25.42400E-06 -57.88944662E-03 -2.81407032E-03
+25.44900E-06 +0.0E+00 +0.0E+00
+25.47400E-06 -28.94472331E-03 +2.81407032E-03
+25.49900E-06 -28.94472331E-03 -2.81407032E-03
+25.52400E-06 -57.88944662E-03 +0.0E+00
+25.54900E-06 -57.88944662E-03 +2.81407032E-03
+25.57400E-06 +0.0E+00 -2.81407032E-03
+25.59900E-06 -28.94472331E-03 -5.62814064E-03
+25.62400E-06 -28.94472331E-03 +0.0E+00
+25.64900E-06 -28.94472331E-03 +2.81407032E-03
+25.67400E-06 -57.88944661E-03 +2.81407032E-03
+25.69900E-06 -28.94472331E-03 -2.81407032E-03
+25.72400E-06 -28.94472331E-03 +0.0E+00
+25.74900E-06 -57.88944662E-03 +0.0E+00
+25.77400E-06 +0.0E+00 +0.0E+00
+25.79900E-06 -28.94472331E-03 -2.81407032E-03
+25.82400E-06 -57.88944662E-03 +0.0E+00
+25.84900E-06 -57.88944662E-03 +0.0E+00
+25.87400E-06 -57.88944662E-03 +0.0E+00
+25.89900E-06 -57.88944662E-03 +0.0E+00
+25.92400E-06 -57.88944662E-03 -2.81407032E-03
+25.94900E-06 -57.88944662E-03 +0.0E+00
+25.97400E-06 -28.94472331E-03 -2.81407032E-03
+25.99900E-06 -86.83416992E-03 +0.0E+00
+26.02400E-06 -28.94472331E-03 +0.0E+00
+26.04900E-06 -28.94472331E-03 +0.0E+00
+26.07400E-06 -86.83416992E-03 +0.0E+00
+26.09900E-06 -28.94472331E-03 -2.81407032E-03
+26.12400E-06 -28.94472331E-03 +0.0E+00
+26.14900E-06 -57.88944662E-03 +0.0E+00
+26.17400E-06 +0.0E+00 -2.81407032E-03
+26.19900E-06 -28.94472331E-03 +0.0E+00
+26.22400E-06 -57.88944662E-03 +0.0E+00
+26.24900E-06 -57.88944662E-03 +2.81407032E-03
+26.27400E-06 -28.94472331E-03 +0.0E+00
+26.29900E-06 -28.94472331E-03 +0.0E+00
+26.32400E-06 -57.88944662E-03 +0.0E+00
+26.34900E-06 -57.88944661E-03 -2.81407032E-03
+26.37400E-06 +0.0E+00 +0.0E+00
+26.39900E-06 +0.0E+00 +0.0E+00
+26.42400E-06 -57.88944662E-03 +0.0E+00
+26.44900E-06 -57.88944662E-03 +0.0E+00
+26.47400E-06 -86.83416992E-03 +0.0E+00
+26.49900E-06 -57.88944662E-03 +0.0E+00
+26.52400E-06 -57.88944662E-03 -2.81407032E-03
+26.54900E-06 -28.94472331E-03 +0.0E+00
+26.57400E-06 -28.94472331E-03 +0.0E+00
+26.59900E-06 +0.0E+00 +0.0E+00
+26.62400E-06 -57.88944662E-03 +0.0E+00
+26.64900E-06 -86.83416993E-03 +0.0E+00
+26.67400E-06 -28.94472331E-03 +0.0E+00
+26.69900E-06 -57.88944662E-03 +0.0E+00
+26.72400E-06 -57.88944662E-03 +0.0E+00
+26.74900E-06 -28.94472331E-03 +0.0E+00
+26.77400E-06 +10E-12 -2.81407032E-03
+26.79900E-06 -28.94472331E-03 -5.62814064E-03
+26.82400E-06 -57.88944662E-03 +0.0E+00
+26.84900E-06 -28.94472331E-03 -2.81407032E-03
+26.87400E-06 -28.94472330E-03 -2.81407032E-03
+26.89900E-06 -28.94472331E-03 +0.0E+00
+26.92400E-06 -28.94472330E-03 +0.0E+00
+26.94900E-06 -57.88944662E-03 +0.0E+00
+26.97400E-06 -57.88944662E-03 -5.62814064E-03
+26.99900E-06 +28.94472331E-03 -2.81407032E-03
+27.02400E-06 -57.88944662E-03 +0.0E+00
+27.04900E-06 +0.0E+00 -2.81407032E-03
+27.07400E-06 +0.0E+00 +0.0E+00
+27.09900E-06 -28.94472331E-03 +0.0E+00
+27.12400E-06 -28.94472331E-03 -2.81407032E-03
+27.14900E-06 -57.88944662E-03 -2.81407032E-03
+27.17400E-06 -28.94472331E-03 -2.81407032E-03
+27.19900E-06 -28.94472331E-03 -2.81407032E-03
+27.22400E-06 +0.0E+00 +0.0E+00
+27.24900E-06 -57.88944662E-03 +0.0E+00
+27.27400E-06 +0.0E+00 +0.0E+00
+27.29900E-06 -57.88944662E-03 +0.0E+00
+27.32400E-06 -28.94472330E-03 +0.0E+00
+27.34900E-06 -86.83416992E-03 +0.0E+00
+27.37400E-06 -28.94472330E-03 -2.81407032E-03
+27.39900E-06 -57.88944662E-03 -2.81407032E-03
+27.42400E-06 -57.88944662E-03 +0.0E+00
+27.44900E-06 -57.88944662E-03 -2.81407032E-03
+27.47400E-06 -28.94472330E-03 +0.0E+00
+27.49900E-06 -28.94472330E-03 -2.81407032E-03
+27.52400E-06 -57.88944662E-03 +0.0E+00
+27.54900E-06 -57.88944662E-03 +0.0E+00
+27.57400E-06 +0.0E+00 -2.81407032E-03
+27.59900E-06 -28.94472331E-03 +0.0E+00
+27.62400E-06 -28.94472331E-03 +0.0E+00
+27.64900E-06 -57.88944662E-03 +0.0E+00
+27.67400E-06 -28.94472330E-03 +0.0E+00
+27.69900E-06 -57.88944662E-03 +0.0E+00
+27.72400E-06 -57.88944662E-03 +0.0E+00
+27.74900E-06 -28.94472330E-03 +0.0E+00
+27.77400E-06 +0.0E+00 -5.62814064E-03
+27.79900E-06 +0.0E+00 -2.81407032E-03
+27.82400E-06 -28.94472331E-03 +0.0E+00
+27.84900E-06 -86.83416993E-03 +0.0E+00
+27.87400E-06 +0.0E+00 +0.0E+00
+27.89900E-06 -28.94472331E-03 +0.0E+00
+27.92400E-06 -28.94472331E-03 +0.0E+00
+27.94900E-06 -28.94472331E-03 +2.81407032E-03
+27.97400E-06 -57.88944662E-03 -2.81407032E-03
+27.99900E-06 -57.88944662E-03 -2.81407032E-03
+28.02400E-06 -57.88944662E-03 +0.0E+00
+28.04900E-06 -57.88944662E-03 +0.0E+00
+28.07400E-06 +0.0E+00 -2.81407032E-03
+28.09900E-06 +0.0E+00 -2.81407032E-03
+28.12400E-06 -86.83416992E-03 -2.81407032E-03
+28.14900E-06 -86.83416992E-03 +2.81407032E-03
+28.17400E-06 -57.88944662E-03 -2.81407032E-03
+28.19900E-06 -57.88944662E-03 -2.81407032E-03
+28.22400E-06 -57.88944662E-03 +0.0E+00
+28.24900E-06 -28.94472331E-03 +0.0E+00
+28.27400E-06 -28.94472330E-03 +0.0E+00
+28.29900E-06 -57.88944662E-03 +0.0E+00
+28.32400E-06 -57.88944662E-03 -2.81407032E-03
+28.34900E-06 -57.88944662E-03 +0.0E+00
+28.37400E-06 +0.0E+00 -0.0E+00
+28.39900E-06 -57.88944662E-03 -2.81407032E-03
+28.42400E-06 -57.88944662E-03 +2.81407032E-03
+28.44900E-06 -57.88944663E-03 +0.0E+00
+28.47400E-06 -57.88944662E-03 +0.0E+00
+28.49900E-06 -28.94472331E-03 +0.0E+00
+28.52400E-06 -57.88944662E-03 -2.81407032E-03
+28.54900E-06 -57.88944662E-03 +0.0E+00
+28.57400E-06 -28.94472330E-03 +0.0E+00
+28.59900E-06 -57.88944662E-03 -5.62814064E-03
+28.62400E-06 +0.0E+00 +0.0E+00
+28.64900E-06 -28.94472330E-03 +0.0E+00
+28.67400E-06 -28.94472331E-03 +0.0E+00
+28.69900E-06 -28.94472331E-03 -2.81407032E-03
+28.72400E-06 -86.83416993E-03 +0.0E+00
+28.74900E-06 -28.94472330E-03 +0.0E+00
+28.77400E-06 -28.94472331E-03 -2.81407032E-03
+28.79900E-06 -28.94472331E-03 -2.81407032E-03
+28.82400E-06 -57.88944662E-03 -2.81407032E-03
+28.84900E-06 -86.83416993E-03 +2.81407032E-03
+28.87400E-06 -28.94472330E-03 +0.0E+00
+28.89900E-06 -57.88944662E-03 +0.0E+00
+28.92400E-06 -57.88944662E-03 +0.0E+00
+28.94900E-06 -57.88944660E-03 +0.0E+00
+28.97400E-06 -28.94472330E-03 -2.81407032E-03
+28.99900E-06 -28.94472331E-03 -5.62814064E-03
+29.02400E-06 -28.94472331E-03 +0.0E+00
+29.04900E-06 -57.88944662E-03 +0.0E+00
+29.07400E-06 -28.94472330E-03 +5.62814064E-03
+29.09900E-06 -28.94472331E-03 +0.0E+00
+29.12400E-06 -86.83416993E-03 +2.81407032E-03
+29.14900E-06 -57.88944662E-03 -2.81407032E-03
+29.17400E-06 +0.0E+00 -5.62814064E-03
+29.19900E-06 -28.94472331E-03 -2.81407032E-03
+29.22400E-06 -28.94472331E-03 +0.0E+00
+29.24900E-06 -57.88944662E-03 +0.0E+00
+29.27400E-06 -57.88944662E-03 +0.0E+00
+29.29900E-06 -57.88944662E-03 +2.81407032E-03
+29.32400E-06 -57.88944662E-03 +2.81407032E-03
+29.34900E-06 -28.94472330E-03 +2.81407032E-03
+29.37400E-06 +0.0E+00 +0.0E+00
+29.39900E-06 -28.94472330E-03 -2.81407032E-03
+29.42400E-06 -57.88944662E-03 -2.81407032E-03
+29.44900E-06 -57.88944662E-03 +0.0E+00
+29.47400E-06 -28.94472330E-03 +2.81407032E-03
+29.49900E-06 +0.0E+00 +0.0E+00
+29.52400E-06 -28.94472330E-03 +2.81407032E-03
+29.54900E-06 -28.94472330E-03 +2.81407032E-03
+29.57400E-06 -28.94472330E-03 -2.81407032E-03
+29.59900E-06 -57.88944662E-03 -5.62814064E-03
+29.62400E-06 -57.88944662E-03 +0.0E+00
+29.64900E-06 -57.88944662E-03 +0.0E+00
+29.67400E-06 -57.88944662E-03 +0.0E+00
+29.69900E-06 -57.88944662E-03 +0.0E+00
+29.72400E-06 -57.88944662E-03 +0.0E+00
+29.74900E-06 -57.88944662E-03 -2.81407032E-03
+29.77400E-06 +0.0E+00 +2.81407032E-03
+29.79900E-06 -28.94472332E-03 -2.81407032E-03
+29.82400E-06 -57.88944662E-03 +0.0E+00
+29.84900E-06 -28.94472332E-03 +0.0E+00
+29.87400E-06 +0.0E+00 -2.81407032E-03
+29.89900E-06 -28.94472332E-03 +0.0E+00
+29.92400E-06 -28.94472330E-03 +0.0E+00
+29.94900E-06 -57.88944662E-03 +2.81407032E-03
+29.97400E-06 -57.88944662E-03 -2.81407032E-03
+29.99900E-06 -28.94472330E-03 -2.81407032E-03
+30.02400E-06 -57.88944662E-03 +0.0E+00
+30.04900E-06 -86.83416993E-03 +0.0E+00
+30.07400E-06 -57.88944662E-03 +0.0E+00
+30.09900E-06 -28.94472330E-03 +0.0E+00
+30.12400E-06 -57.88944662E-03 +2.81407032E-03
+30.14900E-06 -28.94472330E-03 +0.0E+00
+30.17400E-06 -57.88944662E-03 -2.81407032E-03
+30.19900E-06 -57.88944662E-03 +0.0E+00
+30.22400E-06 -57.88944662E-03 +0.0E+00
+30.24900E-06 +0.0E+00 +0.0E+00
+30.27400E-06 -28.94472330E-03 +0.0E+00
+30.29900E-06 -57.88944662E-03 +0.0E+00
+30.32400E-06 -28.94472330E-03 +0.0E+00
+30.34900E-06 -28.94472330E-03 -2.81407032E-03
+30.37400E-06 -57.88944662E-03 -2.81407032E-03
+30.39900E-06 -28.94472330E-03 -2.81407032E-03
+30.42400E-06 +0.0E+00 +0.0E+00
+30.44900E-06 -57.88944662E-03 +0.0E+00
+30.47400E-06 +0.0E+00 -2.81407032E-03
+30.49900E-06 -57.88944662E-03 +0.0E+00
+30.52400E-06 -57.88944662E-03 -2.81407032E-03
+30.54900E-06 -57.88944662E-03 +0.0E+00
+30.57400E-06 -28.94472330E-03 -2.81407032E-03
+30.59900E-06 -57.88944662E-03 -2.81407032E-03
+30.62400E-06 -57.88944662E-03 +2.81407032E-03
+30.64900E-06 -57.88944662E-03 +0.0E+00
+30.67400E-06 -57.88944662E-03 +0.0E+00
+30.69900E-06 -28.94472332E-03 +0.0E+00
+30.72400E-06 -28.94472332E-03 +0.0E+00
+30.74900E-06 -86.83416992E-03 +0.0E+00
+30.77400E-06 -57.88944662E-03 -5.62814064E-03
+30.79900E-06 -28.94472332E-03 -2.81407032E-03
+30.82400E-06 -57.88944662E-03 +0.0E+00
+30.84900E-06 -28.94472330E-03 +0.0E+00
+30.87400E-06 -57.88944660E-03 +0.0E+00
+30.89900E-06 +0.0E+00 +0.0E+00
+30.92400E-06 -57.88944662E-03 +0.0E+00
+30.94900E-06 -86.83416992E-03 +0.0E+00
+30.97400E-06 -28.94472330E-03 +0.0E+00
+30.99900E-06 -28.94472332E-03 +0.0E+00
+31.02400E-06 -57.88944662E-03 +0.0E+00
+31.04900E-06 -57.88944662E-03 +0.0E+00
+31.07400E-06 -28.94472332E-03 +0.0E+00
+31.09900E-06 -28.94472332E-03 -2.81407032E-03
+31.12400E-06 -28.94472332E-03 +0.0E+00
+31.14900E-06 -57.88944662E-03 +0.0E+00
+31.17400E-06 -28.94472332E-03 -5.62814064E-03
+31.19900E-06 -57.88944662E-03 +0.0E+00
+31.22400E-06 -57.88944662E-03 +0.0E+00
+31.24900E-06 -57.88944662E-03 +2.81407032E-03
+31.27400E-06 -28.94472330E-03 +0.0E+00
+31.29900E-06 -28.94472332E-03 +0.0E+00
+31.32400E-06 -57.88944662E-03 +0.0E+00
+31.34900E-06 -57.88944662E-03 +0.0E+00
+31.37400E-06 -28.94472330E-03 -5.62814064E-03
+31.39900E-06 -57.88944662E-03 -2.81407032E-03
+31.42400E-06 -57.88944662E-03 +0.0E+00
+31.44900E-06 -57.88944662E-03 +0.0E+00
+31.47400E-06 -57.88944662E-03 +0.0E+00
+31.49900E-06 +0.0E+00 +0.0E+00
+31.52400E-06 -57.88944662E-03 +0.0E+00
+31.54900E-06 -28.94472330E-03 +2.81407032E-03
+31.57400E-06 +0.0E+00 -0.0E+00
+31.59900E-06 +0.0E+00 -2.81407032E-03
+31.62400E-06 -57.88944662E-03 -2.81407032E-03
+31.64900E-06 -57.88944662E-03 +0.0E+00
+31.67400E-06 -28.94472330E-03 +0.0E+00
+31.69900E-06 -28.94472332E-03 +0.0E+00
+31.72400E-06 -28.94472332E-03 -2.81407032E-03
+31.74900E-06 -57.88944662E-03 -2.81407032E-03
+31.77400E-06 -28.94472332E-03 -2.81407032E-03
+31.79900E-06 -28.94472332E-03 +0.0E+00
+31.82400E-06 -57.88944662E-03 +0.0E+00
+31.84900E-06 -86.83416993E-03 +0.0E+00
+31.87400E-06 -28.94472332E-03 +2.81407032E-03
+31.89900E-06 -28.94472332E-03 -2.81407032E-03
+31.92400E-06 -28.94472332E-03 -2.81407032E-03
+31.94900E-06 -28.94472330E-03 +2.81407032E-03
+31.97400E-06 +0.0E+00 +0.0E+00
+31.99900E-06 -28.94472330E-03 -5.62814064E-03
+32.02400E-06 -57.88944662E-03 +0.0E+00
+32.04900E-06 -28.94472332E-03 +2.81407032E-03
+32.07400E-06 -57.88944660E-03 +0.0E+00
+32.09900E-06 -28.94472332E-03 +0.0E+00
+32.12400E-06 -28.94472330E-03 -2.81407032E-03
+32.14900E-06 -57.88944662E-03 +0.0E+00
+32.17400E-06 -28.94472330E-03 -2.81407032E-03
+32.19900E-06 -57.88944662E-03 -2.81407032E-03
+32.22400E-06 -28.94472330E-03 -2.81407032E-03
+32.24900E-06 -57.88944662E-03 +0.0E+00
+32.27400E-06 -28.94472330E-03 +0.0E+00
+32.29900E-06 -57.88944662E-03 +0.0E+00
+32.32400E-06 -57.88944662E-03 +0.0E+00
+32.34900E-06 -28.94472330E-03 +0.0E+00
+32.37400E-06 -28.94472332E-03 -2.81407032E-03
+32.39900E-06 -57.88944662E-03 -5.62814064E-03
+32.42400E-06 -28.94472332E-03 +0.0E+00
+32.44900E-06 -57.88944662E-03 +0.0E+00
+32.47400E-06 -57.88944662E-03 +0.0E+00
+32.49900E-06 +0.0E+00 +0.0E+00
+32.52400E-06 -86.83416994E-03 +0.0E+00
+32.54900E-06 -57.88944662E-03 +0.0E+00
+32.57400E-06 -28.94472330E-03 +0.0E+00
+32.59900E-06 -28.94472332E-03 -2.81407032E-03
+32.62400E-06 -57.88944662E-03 -2.81407032E-03
+32.64900E-06 -57.88944662E-03 +2.81407032E-03
+32.67400E-06 -57.88944662E-03 +0.0E+00
+32.69900E-06 -28.94472332E-03 +0.0E+00
+32.72400E-06 -28.94472330E-03 +0.0E+00
+32.74900E-06 -28.94472332E-03 +0.0E+00
+32.77400E-06 -57.88944662E-03 -2.81407032E-03
+32.79900E-06 -28.94472332E-03 -2.81407032E-03
+32.82400E-06 -57.88944662E-03 +2.81407032E-03
+32.84900E-06 -57.88944662E-03 +0.0E+00
+32.87400E-06 +20E-12 +0.0E+00
+32.89900E-06 -28.94472332E-03 +0.0E+00
+32.92400E-06 -57.88944662E-03 -2.81407032E-03
+32.94900E-06 -86.83416991E-03 +0.0E+00
+32.97400E-06 +0.0E+00 -5.62814064E-03
+32.99900E-06 -57.88944662E-03 -2.81407032E-03
+33.02400E-06 -28.94472332E-03 +0.0E+00
+33.04900E-06 -28.94472332E-03 +0.0E+00
+33.07400E-06 -28.94472330E-03 +2.81407032E-03
+33.09900E-06 -57.88944662E-03 +0.0E+00
+33.12400E-06 -28.94472332E-03 -2.81407032E-03
+33.14900E-06 -28.94472330E-03 +0.0E+00
+33.17400E-06 +0.0E+00 -0.0E+00
+33.19900E-06 +0.0E+00 +0.0E+00
+33.22400E-06 -57.88944662E-03 -2.81407032E-03
+33.24900E-06 -57.88944662E-03 +0.0E+00
+33.27400E-06 +0.0E+00 -2.81407032E-03
+33.29900E-06 -57.88944662E-03 -2.81407032E-03
+33.32400E-06 -57.88944662E-03 +0.0E+00
+33.34900E-06 -86.83416991E-03 -2.81407032E-03
+33.37400E-06 -28.94472332E-03 +0.0E+00
+33.39900E-06 +0.0E+00 -2.81407032E-03
+33.42400E-06 -86.83416994E-03 +0.0E+00
+33.44900E-06 -57.88944662E-03 +0.0E+00
+33.47400E-06 -57.88944659E-03 +0.0E+00
+33.49900E-06 -57.88944662E-03 -2.81407032E-03
+33.52400E-06 -57.88944662E-03 +0.0E+00
+33.54900E-06 -28.94472330E-03 +0.0E+00
+33.57400E-06 -57.88944662E-03 +0.0E+00
+33.59900E-06 -28.94472332E-03 +0.0E+00
+33.62400E-06 -28.94472332E-03 +0.0E+00
+33.64900E-06 -28.94472332E-03 +0.0E+00
+33.67400E-06 -28.94472332E-03 +0.0E+00
+33.69900E-06 -28.94472332E-03 +0.0E+00
+33.72400E-06 -57.88944662E-03 +0.0E+00
+33.74900E-06 -57.88944662E-03 +0.0E+00
+33.77400E-06 -28.94472330E-03 -2.81407032E-03
+33.79900E-06 -57.88944662E-03 -2.81407032E-03
+33.82400E-06 -28.94472330E-03 +0.0E+00
+33.84900E-06 -57.88944662E-03 +0.0E+00
+33.87400E-06 -28.94472330E-03 +2.81407032E-03
+33.89900E-06 -28.94472332E-03 +0.0E+00
+33.92400E-06 -28.94472332E-03 +0.0E+00
+33.94900E-06 -57.88944662E-03 +0.0E+00
+33.97400E-06 -28.94472332E-03 +0.0E+00
+33.99900E-06 -28.94472332E-03 -2.81407032E-03
+34.02400E-06 -57.88944662E-03 +2.81407032E-03
+34.04900E-06 -57.88944662E-03 +0.0E+00
+34.07400E-06 -57.88944662E-03 +0.0E+00
+34.09900E-06 -57.88944662E-03 +0.0E+00
+34.12400E-06 +0.0E+00 +0.0E+00
+34.14900E-06 -57.88944662E-03 -2.81407032E-03
+34.17400E-06 -28.94472329E-03 +0.0E+00
+34.19900E-06 -28.94472332E-03 +0.0E+00
+34.22400E-06 -28.94472332E-03 +0.0E+00
+34.24900E-06 +0.0E+00 +0.0E+00
+34.27400E-06 +0.0E+00 +0.0E+00
+34.29900E-06 -57.88944662E-03 +0.0E+00
+34.32400E-06 -57.88944662E-03 +0.0E+00
+34.34900E-06 -28.94472329E-03 +0.0E+00
+34.37400E-06 -28.94472332E-03 -2.81407032E-03
+34.39900E-06 -57.88944662E-03 -2.81407032E-03
+34.42400E-06 -57.88944662E-03 +0.0E+00
+34.44900E-06 -28.94472329E-03 +0.0E+00
+34.47400E-06 -28.94472332E-03 +0.0E+00
+34.49900E-06 -28.94472329E-03 +0.0E+00
+34.52400E-06 -28.94472329E-03 +0.0E+00
+34.54900E-06 -28.94472329E-03 -2.81407032E-03
+34.57400E-06 -28.94472332E-03 -2.81407032E-03
+34.59900E-06 -28.94472329E-03 -2.81407032E-03
+34.62400E-06 -57.88944662E-03 +0.0E+00
+34.64900E-06 -28.94472329E-03 +0.0E+00
+34.67400E-06 -28.94472332E-03 +0.0E+00
+34.69900E-06 -57.88944662E-03 -2.81407032E-03
+34.72400E-06 -28.94472329E-03 -2.81407032E-03
+34.74900E-06 -28.94472329E-03 +2.81407032E-03
+34.77400E-06 -57.88944662E-03 -2.81407032E-03
+34.79900E-06 -28.94472332E-03 -5.62814064E-03
+34.82400E-06 -57.88944662E-03 +0.0E+00
+34.84900E-06 -115.77889323E-03 +0.0E+00
+34.87400E-06 -28.94472332E-03 -2.81407032E-03
+34.89900E-06 -28.94472329E-03 -2.81407032E-03
+34.92400E-06 -57.88944662E-03 -2.81407032E-03
+34.94900E-06 -28.94472329E-03 +2.81407032E-03
+34.97400E-06 -28.94472332E-03 -2.81407032E-03
+34.99900E-06 +0.0E+00 -2.81407032E-03
+35.02400E-06 -57.88944662E-03 +0.0E+00
+35.04900E-06 -28.94472332E-03 +0.0E+00
+35.07400E-06 -57.88944662E-03 -2.81407032E-03
+35.09900E-06 -57.88944662E-03 +0.0E+00
+35.12400E-06 -57.88944662E-03 +0.0E+00
+35.14900E-06 -57.88944662E-03 +0.0E+00
+35.17400E-06 -28.94472329E-03 -2.81407032E-03
+35.19900E-06 -28.94472332E-03 -2.81407032E-03
+35.22400E-06 -28.94472332E-03 +0.0E+00
+35.24900E-06 -57.88944662E-03 +0.0E+00
+35.27400E-06 -28.94472329E-03 +0.0E+00
+35.29900E-06 -57.88944662E-03 +0.0E+00
+35.32400E-06 -57.88944662E-03 +0.0E+00
+35.34900E-06 -57.88944662E-03 -0.0E+00
+35.37400E-06 -57.88944662E-03 +0.0E+00
+35.39900E-06 -57.88944662E-03 -2.81407032E-03
+35.42400E-06 -57.88944662E-03 -2.81407032E-03
+35.44900E-06 -28.94472329E-03 +0.0E+00
+35.47400E-06 -28.94472329E-03 +0.0E+00
+35.49900E-06 -28.94472332E-03 -2.81407032E-03
+35.52400E-06 -86.83416994E-03 -2.81407032E-03
+35.54900E-06 -28.94472332E-03 +2.81407032E-03
+35.57400E-06 -57.88944662E-03 +0.0E+00
+35.59900E-06 -28.94472329E-03 +0.0E+00
+35.62400E-06 -28.94472329E-03 +0.0E+00
+35.64900E-06 -57.88944662E-03 +2.81407032E-03
+35.67400E-06 -28.94472329E-03 +0.0E+00
+35.69900E-06 -57.88944662E-03 +2.81407032E-03
+35.72400E-06 -28.94472329E-03 +0.0E+00
+35.74900E-06 -57.88944662E-03 +2.81407032E-03
+35.77400E-06 -28.94472329E-03 -2.81407032E-03
+35.79900E-06 -28.94472332E-03 -2.81407032E-03
+35.82400E-06 -57.88944662E-03 +0.0E+00
+35.84900E-06 -28.94472332E-03 +0.0E+00
+35.87400E-06 +28.94472332E-03 +2.81407032E-03
+35.89900E-06 +0.0E+00 -2.81407032E-03
+35.92400E-06 +0.0E+00 +2.81407032E-03
+35.94900E-06 -28.94472329E-03 +2.81407032E-03
+35.97400E-06 -57.88944662E-03 -0.0E+00
+35.99900E-06 -28.94472332E-03 -2.81407032E-03
+36.02400E-06 -57.88944662E-03 +0.0E+00
+36.04900E-06 -28.94472329E-03 +0.0E+00
+36.07400E-06 +0.0E+00 +0.0E+00
+36.09900E-06 -28.94472332E-03 +0.0E+00
+36.12400E-06 -57.88944662E-03 +0.0E+00
+36.14900E-06 -28.94472329E-03 +0.0E+00
+36.17400E-06 -57.88944662E-03 -5.62814065E-03
+36.19900E-06 -57.88944662E-03 -5.62814064E-03
+36.22400E-06 +0.0E+00 +0.0E+00
+36.24900E-06 -28.94472332E-03 +0.0E+00
+36.27400E-06 -57.88944658E-03 +2.81407032E-03
+36.29900E-06 -28.94472329E-03 -2.81407032E-03
+36.32400E-06 -86.83416991E-03 +0.0E+00
+36.34900E-06 -28.94472329E-03 -5.62814064E-03
+36.37400E-06 -57.88944662E-03 -5.62814064E-03
+36.39900E-06 -57.88944662E-03 -2.81407032E-03
+36.42400E-06 -57.88944662E-03 +0.0E+00
+36.44900E-06 -57.88944662E-03 +2.81407032E-03
+36.47400E-06 -86.83416991E-03 +0.0E+00
+36.49900E-06 -57.88944662E-03 -2.81407032E-03
+36.52400E-06 -86.83416991E-03 +0.0E+00
+36.54900E-06 -57.88944662E-03 +0.0E+00
+36.57400E-06 -57.88944662E-03 -2.81407032E-03
+36.59900E-06 -57.88944662E-03 +0.0E+00
+36.62400E-06 -57.88944662E-03 +0.0E+00
+36.64900E-06 -57.88944662E-03 +0.0E+00
+36.67400E-06 -57.88944662E-03 -2.81407032E-03
+36.69900E-06 -57.88944665E-03 +0.0E+00
+36.72400E-06 -57.88944662E-03 +0.0E+00
+36.74900E-06 -57.88944662E-03 +0.0E+00
+36.77400E-06 -57.88944662E-03 -2.81407032E-03
+36.79900E-06 -57.88944662E-03 +0.0E+00
+36.82400E-06 -57.88944662E-03 -5.62814064E-03
+36.84900E-06 -57.88944662E-03 +0.0E+00
+36.87400E-06 -57.88944658E-03 +0.0E+00
+36.89900E-06 -57.88944662E-03 +0.0E+00
+36.92400E-06 -57.88944662E-03 +2.81407032E-03
+36.94900E-06 -57.88944662E-03 +0.0E+00
+36.97400E-06 -57.88944662E-03 -2.81407032E-03
+36.99900E-06 -28.94472333E-03 -2.81407032E-03
+37.02400E-06 -57.88944662E-03 +0.0E+00
+37.04900E-06 -57.88944662E-03 +0.0E+00
+37.07400E-06 -86.83416991E-03 +2.81407032E-03
+37.09900E-06 -57.88944662E-03 -2.81407032E-03
+37.12400E-06 -57.88944662E-03 +0.0E+00
+37.14900E-06 -86.83416991E-03 +2.81407032E-03
+37.17400E-06 -57.88944662E-03 -2.81407032E-03
+37.19900E-06 -28.94472329E-03 -2.81407032E-03
+37.22400E-06 -57.88944662E-03 +0.0E+00
+37.24900E-06 +0.0E+00 +2.81407032E-03
+37.27400E-06 -28.94472329E-03 +0.0E+00
+37.29900E-06 -57.88944662E-03 +0.0E+00
+37.32400E-06 -86.83416994E-03 +2.81407032E-03
+37.34900E-06 -28.94472333E-03 +0.0E+00
+37.37400E-06 +0.0E+00 +0.0E+00
+37.39900E-06 +0.0E+00 -2.81407032E-03
+37.42400E-06 +0.0E+00 +0.0E+00
+37.44900E-06 -86.83416994E-03 +0.0E+00
+37.47400E-06 -28.94472329E-03 +0.0E+00
+37.49900E-06 +28.94472329E-03 +2.81407032E-03
+37.52400E-06 -57.88944662E-03 +2.81407032E-03
+37.54900E-06 -28.94472329E-03 +2.81407032E-03
+37.57400E-06 +0.0E+00 -5.62814064E-03
+37.59900E-06 +0.0E+00 -2.81407032E-03
+37.62400E-06 -28.94472333E-03 +0.0E+00
+37.64900E-06 +0.0E+00 +0.0E+00
+37.67400E-06 -28.94472329E-03 +0.0E+00
+37.69900E-06 +0.0E+00 +0.0E+00
+37.72400E-06 +0.0E+00 -2.81407032E-03
+37.74900E-06 +0.0E+00 +0.0E+00
+37.77400E-06 +28.94472329E-03 +0.0E+00
+37.79900E-06 +28.94472329E-03 -2.81407032E-03
+37.82400E-06 -28.94472333E-03 +0.0E+00
+37.84900E-06 -28.94472329E-03 +0.0E+00
+37.87400E-06 +28.94472333E-03 +0.0E+00
+37.89900E-06 -28.94472333E-03 +0.0E+00
+37.92400E-06 +28.94472329E-03 +0.0E+00
+37.94900E-06 -28.94472329E-03 +0.0E+00
+37.97400E-06 +0.0E+00 -5.62814065E-03
+37.99900E-06 +0.0E+00 +0.0E+00
+38.02400E-06 -28.94472333E-03 -2.81407032E-03
+38.04900E-06 -28.94472329E-03 +0.0E+00
+38.07400E-06 +0.0E+00 +0.0E+00
+38.09900E-06 -28.94472333E-03 -5.62814064E-03
+38.12400E-06 -28.94472329E-03 -2.81407032E-03
+38.14900E-06 -28.94472329E-03 +0.0E+00
+38.17400E-06 -28.94472329E-03 -2.81407032E-03
+38.19900E-06 -40E-12 -2.81407032E-03
+38.22400E-06 -28.94472329E-03 -2.81407032E-03
+38.24900E-06 -57.88944662E-03 +0.0E+00
+38.27400E-06 -86.83416991E-03 +5.62814064E-03
+38.29900E-06 -57.88944662E-03 +0.0E+00
+38.32400E-06 -57.88944662E-03 +0.0E+00
+38.34900E-06 -86.83416991E-03 +0.0E+00
+38.37400E-06 -28.94472329E-03 -5.62814064E-03
+38.39900E-06 -57.88944662E-03 +0.0E+00
+38.42400E-06 -86.83416990E-03 -2.81407032E-03
+38.44900E-06 -57.88944662E-03 +0.0E+00
+38.47400E-06 -57.88944658E-03 +0.0E+00
+38.49900E-06 -57.88944662E-03 +0.0E+00
+38.52400E-06 -57.88944662E-03 -2.81407032E-03
+38.54900E-06 -86.83416990E-03 +0.0E+00
+38.57400E-06 -57.88944662E-03 -2.81407032E-03
+38.59900E-06 -115.77889323E-03 -5.62814064E-03
+38.62400E-06 -86.83416990E-03 -2.81407032E-03
+38.64900E-06 -115.77889323E-03 +0.0E+00
+38.67400E-06 -115.77889323E-03 +0.0E+00
+38.69900E-06 -86.83416994E-03 +0.0E+00
+38.72400E-06 -115.77889323E-03 -2.81407032E-03
+38.74900E-06 -115.77889323E-03 -2.81407032E-03
+38.77400E-06 -144.72361652E-03 -2.81407032E-03
+38.79900E-06 -173.66833985E-03 -5.62814064E-03
+38.82400E-06 -144.72361652E-03 +0.0E+00
+38.84900E-06 -173.66833985E-03 +0.0E+00
+38.87400E-06 -115.77889323E-03 +0.0E+00
+38.89900E-06 -144.72361656E-03 +0.0E+00
+38.92400E-06 -173.66833985E-03 +0.0E+00
+38.94900E-06 -144.72361656E-03 +0.0E+00
+38.97400E-06 -115.77889323E-03 -2.81407032E-03
+38.99900E-06 -115.77889323E-03 +0.0E+00
+39.02400E-06 -115.77889323E-03 +0.0E+00
+39.04900E-06 -115.77889323E-03 +2.81407032E-03
+39.07400E-06 -86.83416990E-03 +0.0E+00
+39.09900E-06 -115.77889323E-03 +2.81407032E-03
+39.12400E-06 -115.77889323E-03 +0.0E+00
+39.14900E-06 -115.77889323E-03 +2.81407032E-03
+39.17400E-06 -86.83416990E-03 -0.0E+00
+39.19900E-06 -57.88944662E-03 +0.0E+00
+39.22400E-06 -57.88944662E-03 +2.81407032E-03
+39.24900E-06 -57.88944666E-03 +0.0E+00
+39.27400E-06 -57.88944662E-03 +2.81407032E-03
+39.29900E-06 -57.88944662E-03 +2.81407032E-03
+39.32400E-06 -28.94472333E-03 +2.81407032E-03
+39.34900E-06 -28.94472333E-03 +2.81407032E-03
+39.37400E-06 -28.94472333E-03 +2.81407032E-03
+39.39900E-06 +0.0E+00 +2.81407032E-03
+39.42400E-06 +0.0E+00 +5.62814064E-03
+39.44900E-06 +0.0E+00 +2.81407032E-03
+39.47400E-06 +28.94472329E-03 +5.62814064E-03
+39.49900E-06 +28.94472329E-03 +2.81407032E-03
+39.52400E-06 +28.94472329E-03 +5.62814064E-03
+39.54900E-06 +57.88944662E-03 +5.62814064E-03
+39.57400E-06 +57.88944662E-03 -0.0E+00
+39.59900E-06 +86.83416990E-03 +2.81407032E-03
+39.62400E-06 +86.83416990E-03 +5.62814064E-03
+39.64900E-06 +86.83416990E-03 +0.0E+00
+39.67400E-06 +57.88944662E-03 +8.44221097E-03
+39.69900E-06 +144.72361652E-03 +2.81407032E-03
+39.72400E-06 +115.77889323E-03 +0.0E+00
+39.74900E-06 +115.77889323E-03 +0.0E+00
+39.77400E-06 +115.77889323E-03 +0.0E+00
+39.79900E-06 +144.72361652E-03 +0.0E+00
+39.82400E-06 +115.77889323E-03 +5.62814064E-03
+39.84900E-06 +115.77889323E-03 +2.81407032E-03
+39.87400E-06 +115.77889323E-03 +2.81407032E-03
+39.89900E-06 +115.77889323E-03 +0.0E+00
+39.92400E-06 +115.77889323E-03 +0.0E+00
+39.94900E-06 +115.77889323E-03 +0.0E+00
+39.97400E-06 +115.77889323E-03 -2.81407032E-03
+39.99900E-06 +115.77889323E-03 -2.81407032E-03
+40.02400E-06 +115.77889323E-03 +0.0E+00
+40.04900E-06 +144.72361656E-03 +0.0E+00
+40.07400E-06 +86.83416995E-03 -2.81407032E-03
+40.09900E-06 +86.83416995E-03 -5.62814064E-03
+40.12400E-06 +57.88944662E-03 -2.81407032E-03
+40.14900E-06 +57.88944662E-03 -5.62814064E-03
+40.17400E-06 +57.88944666E-03 -5.62814064E-03
+40.19900E-06 +57.88944662E-03 -5.62814064E-03
+40.22400E-06 +28.94472333E-03 -5.62814064E-03
+40.24900E-06 +0.0E+00 -5.62814064E-03
+40.27400E-06 -57.88944657E-03 -5.62814064E-03
+40.29900E-06 +28.94472333E-03 -5.62814065E-03
+40.32400E-06 -57.88944662E-03 -5.62814064E-03
+40.34900E-06 -28.94472329E-03 -5.62814064E-03
+40.37400E-06 -57.88944657E-03 -11.25628129E-03
+40.39900E-06 -115.77889319E-03 -8.44221096E-03
+40.42400E-06 -115.77889319E-03 -5.62814064E-03
+40.44900E-06 -144.72361652E-03 -8.44221096E-03
+40.47400E-06 -202.61306313E-03 -5.62814064E-03
+40.49900E-06 -144.72361652E-03 -8.44221097E-03
+40.52400E-06 -202.61306313E-03 -8.44221096E-03
+40.54900E-06 -173.66833980E-03 -5.62814064E-03
+40.57400E-06 -202.61306313E-03 -8.44221097E-03
+40.59900E-06 -260.50250980E-03 -8.44221096E-03
+40.62400E-06 -260.50250975E-03 -8.44221097E-03
+40.64900E-06 -260.50250975E-03 -5.62814064E-03
+40.67400E-06 -289.44723308E-03 -5.62814064E-03
+40.69900E-06 -318.39195637E-03 -5.62814064E-03
+40.72400E-06 -347.33667970E-03 -2.81407032E-03
+40.74900E-06 -376.28140298E-03 +0.0E+00
+40.77400E-06 -347.33667970E-03 -8.44221097E-03
+40.79900E-06 -347.33667970E-03 -5.62814064E-03
+40.82400E-06 -347.33667970E-03 -5.62814064E-03
+40.84900E-06 -347.33667970E-03 -5.62814064E-03
+40.87400E-06 -347.33667970E-03 -0.0E+00
+40.89900E-06 -347.33667970E-03 -2.81407032E-03
+40.92400E-06 -347.33667970E-03 +0.0E+00
+40.94900E-06 -376.28140303E-03 -2.81407032E-03
+40.97400E-06 -347.33667970E-03 +2.81407032E-03
+40.99900E-06 -347.33667970E-03 +0.0E+00
+41.02400E-06 -318.39195641E-03 +0.0E+00
+41.04900E-06 -318.39195641E-03 +5.62814064E-03
+41.07400E-06 -318.39195641E-03 +5.62814064E-03
+41.09900E-06 -260.50250984E-03 +2.81407032E-03
+41.12400E-06 -260.50250980E-03 +5.62814064E-03
+41.14900E-06 -231.55778651E-03 +5.62814064E-03
+41.17400E-06 -173.66833989E-03 +5.62814064E-03
+41.19900E-06 -231.55778651E-03 +5.62814064E-03
+41.22400E-06 -144.72361656E-03 +8.44221096E-03
+41.24900E-06 -173.66833989E-03 +11.25628129E-03
+41.27400E-06 -115.77889328E-03 +8.44221096E-03
+41.29900E-06 -57.88944666E-03 +11.25628129E-03
+41.32400E-06 -28.94472333E-03 +11.25628129E-03
+41.34900E-06 -28.94472333E-03 +14.07035161E-03
+41.37400E-06 +57.88944657E-03 +8.44221096E-03
+41.39900E-06 +57.88944657E-03 +11.25628129E-03
+41.42400E-06 +115.77889319E-03 +11.25628129E-03
+41.44900E-06 +86.83416990E-03 +11.25628129E-03
+41.47400E-06 +173.66833980E-03 +11.25628129E-03
+41.49900E-06 +202.61306313E-03 +11.25628129E-03
+41.52400E-06 +173.66833980E-03 +14.07035161E-03
+41.54900E-06 +260.50250975E-03 +14.07035161E-03
+41.57400E-06 +318.39195637E-03 +8.44221096E-03
+41.59900E-06 +318.39195637E-03 +8.44221097E-03
+41.62400E-06 +347.33667970E-03 +8.44221097E-03
+41.64900E-06 +405.22612627E-03 +11.25628129E-03
+41.67400E-06 +405.22612631E-03 +11.25628129E-03
+41.69900E-06 +434.17084960E-03 +11.25628129E-03
+41.72400E-06 +463.11557288E-03 +8.44221097E-03
+41.74900E-06 +463.11557288E-03 +5.62814064E-03
+41.77400E-06 +463.11557293E-03 +5.62814064E-03
+41.79900E-06 +492.06029621E-03 +2.81407032E-03
+41.82400E-06 +521.00501955E-03 +2.81407032E-03
+41.84900E-06 +521.00501955E-03 +2.81407032E-03
+41.87400E-06 +521.00501955E-03 +0.0E+00
+41.89900E-06 +492.06029626E-03 +0.0E+00
+41.92400E-06 +521.00501955E-03 +0.0E+00
+41.94900E-06 +434.17084965E-03 +0.0E+00
+41.97400E-06 +521.00501959E-03 -5.62814064E-03
+41.99900E-06 +492.06029626E-03 -8.44221096E-03
+42.02400E-06 +434.17084965E-03 -2.81407032E-03
+42.04900E-06 +492.06029626E-03 -8.44221096E-03
+42.07400E-06 +434.17084969E-03 -8.44221096E-03
+42.09900E-06 +376.28140303E-03 -14.07035161E-03
+42.12400E-06 +347.33667975E-03 -11.25628128E-03
+42.14900E-06 +289.44723313E-03 -11.25628129E-03
+42.17400E-06 +260.50250985E-03 -14.07035161E-03
+42.19900E-06 +202.61306323E-03 -14.07035161E-03
+42.22400E-06 +202.61306323E-03 -16.88442193E-03
+42.24900E-06 +144.72361661E-03 -14.07035161E-03
+42.27400E-06 +86.83417000E-03 -16.88442192E-03
+42.29900E-06 +28.94472338E-03 -19.69849225E-03
+42.32400E-06 -57.88944652E-03 -19.69849225E-03
+42.34900E-06 -57.88944652E-03 -19.69849225E-03
+42.37400E-06 -115.77889313E-03 -25.32663290E-03
+42.39900E-06 -231.55778637E-03 -22.51256257E-03
+42.42400E-06 -260.50250970E-03 -19.69849225E-03
+42.44900E-06 -318.39195631E-03 -19.69849225E-03
+42.47400E-06 -347.33667960E-03 -19.69849225E-03
+42.49900E-06 -405.22612626E-03 -19.69849225E-03
+42.52400E-06 -434.17084955E-03 -19.69849225E-03
+42.54900E-06 -549.94974278E-03 -22.51256257E-03
+42.57400E-06 -578.89446611E-03 -25.32663290E-03
+42.59900E-06 -636.78391273E-03 -22.51256257E-03
+42.62400E-06 -694.67335934E-03 -19.69849225E-03
+42.64900E-06 -723.61808268E-03 -16.88442193E-03
+42.67400E-06 -752.56280596E-03 -16.88442193E-03
+42.69900E-06 -810.45225258E-03 -19.69849225E-03
+42.72400E-06 -839.39697591E-03 -16.88442193E-03
+42.74900E-06 -868.34169924E-03 -14.07035161E-03
+42.77400E-06 -897.28642253E-03 -11.25628129E-03
+42.79900E-06 -926.23114586E-03 -11.25628129E-03
+42.82400E-06 -955.17586914E-03 -8.44221097E-03
+42.84900E-06 -926.23114586E-03 -2.81407032E-03
+42.87400E-06 -955.17586914E-03 -2.81407032E-03
+42.89900E-06 -897.28642258E-03 -2.81407032E-03
+42.92400E-06 -955.17586919E-03 -2.81407032E-03
+42.94900E-06 -955.17586919E-03 -0.0E+00
+42.97400E-06 -926.23114591E-03 +2.81407032E-03
+42.99900E-06 -897.28642263E-03 +2.81407032E-03
+43.02400E-06 -839.39697601E-03 +5.62814064E-03
+43.04900E-06 -839.39697601E-03 +14.07035161E-03
+43.07400E-06 -781.50752934E-03 +16.88442192E-03
+43.09900E-06 -723.61808278E-03 +14.07035161E-03
+43.12400E-06 -636.78391288E-03 +14.07035161E-03
+43.14900E-06 -578.89446621E-03 +19.69849225E-03
+43.17400E-06 -578.89446627E-03 +16.88442192E-03
+43.19900E-06 -521.00501965E-03 +16.88442193E-03
+43.22400E-06 -434.17084975E-03 +25.32663289E-03
+43.24900E-06 -318.39195652E-03 +28.14070321E-03
+43.27400E-06 -231.55778657E-03 +28.14070322E-03
+43.29900E-06 -202.61306329E-03 +25.32663289E-03
+43.32400E-06 -115.77889339E-03 +28.14070322E-03
+43.34900E-06 -28.94472344E-03 +30.95477354E-03
+43.37400E-06 +115.77889313E-03 +28.14070322E-03
+43.39900E-06 +144.72361641E-03 +33.76884386E-03
+43.42400E-06 +260.50250964E-03 +33.76884386E-03
+43.44900E-06 +318.39195626E-03 +33.76884386E-03
+43.47400E-06 +463.11557282E-03 +33.76884386E-03
+43.49900E-06 +549.94974272E-03 +28.14070322E-03
+43.52400E-06 +636.78391267E-03 +33.76884386E-03
+43.54900E-06 +752.56280590E-03 +33.76884386E-03
+43.57400E-06 +810.45225252E-03 +30.95477354E-03
+43.59900E-06 +839.39697585E-03 +30.95477354E-03
+43.62400E-06 +955.17586909E-03 +30.95477354E-03
+43.64900E-06 +1.04201003904E+00 +25.32663290E-03
+43.67400E-06 +1.09989948565E+00 +28.14070322E-03
+43.69900E-06 +1.15778893227E+00 +28.14070322E-03
+43.72400E-06 +1.15778893227E+00 +25.32663290E-03
+43.74900E-06 +1.24462310222E+00 +22.51256258E-03
+43.77400E-06 +1.30251254884E+00 +16.88442193E-03
+43.79900E-06 +1.30251254884E+00 +14.07035162E-03
+43.82400E-06 +1.33145727217E+00 +14.07035162E-03
+43.84900E-06 +1.33145727217E+00 +14.07035161E-03
+43.87400E-06 +1.30251254889E+00 +5.62814065E-03
+43.89900E-06 +1.30251254889E+00 +2.81407032E-03
+43.92400E-06 +1.30251254889E+00 +2.81407033E-03
+43.94900E-06 +1.27356782561E+00 +10E-12
+43.97400E-06 +1.27356782561E+00 -5.62814064E-03
+43.99900E-06 +1.21567837899E+00 -11.25628128E-03
+44.02400E-06 +1.18673365571E+00 -11.25628128E-03
+44.04900E-06 +1.15778893243E+00 -16.88442192E-03
+44.07400E-06 +1.07095476254E+00 -19.69849225E-03
+44.09900E-06 +1.01306531592E+00 -25.32663289E-03
+44.12400E-06 +955.17586930E-03 -28.14070321E-03
+44.14900E-06 +810.45225279E-03 -28.14070321E-03
+44.17400E-06 +752.56280617E-03 -36.58291418E-03
+44.19900E-06 +694.67335956E-03 -39.39698450E-03
+44.22400E-06 +549.94974299E-03 -36.58291418E-03
+44.24900E-06 +434.17084976E-03 -36.58291418E-03
+44.27400E-06 +318.39195658E-03 -42.21105482E-03
+44.29900E-06 +202.61306335E-03 -45.02512515E-03
+44.32400E-06 +28.94472350E-03 -50.65326579E-03
+44.34900E-06 -57.88944640E-03 -47.83919546E-03
+44.37400E-06 -202.61306296E-03 -50.65326579E-03
+44.39900E-06 -318.39195619E-03 -53.46733611E-03
+44.42400E-06 -492.06029604E-03 -50.65326579E-03
+44.44900E-06 -607.83918928E-03 -50.65326579E-03
+44.47400E-06 -752.56280579E-03 -53.46733611E-03
+44.49900E-06 -839.39697574E-03 -53.46733611E-03
+44.52400E-06 -984.12059231E-03 -53.46733611E-03
+44.54900E-06 -1.09989948554E+00 -53.46733611E-03
+44.57400E-06 -1.24462310211E+00 -50.65326579E-03
+44.59900E-06 -1.36040199534E+00 -50.65326579E-03
+44.62400E-06 -1.41829144196E+00 -45.02512515E-03
+44.64900E-06 -1.53407033519E+00 -45.02512515E-03
+44.67400E-06 -1.62090450514E+00 -39.39698451E-03
+44.69900E-06 -1.67879395176E+00 -39.39698451E-03
+44.72400E-06 -1.79457284504E+00 -39.39698451E-03
+44.74900E-06 -1.85246229166E+00 -30.95477354E-03
+44.77400E-06 -1.91035173828E+00 -36.58291419E-03
+44.79900E-06 -1.93929646161E+00 -33.76884386E-03
+44.82400E-06 -2.02613063157E+00 -19.69849225E-03
+44.84900E-06 -2.02613063151E+00 -16.88442194E-03
+44.87400E-06 -2.02613063157E+00 -14.07035162E-03
+44.89900E-06 -1.99718590829E+00 -8.44221097E-03
+44.92400E-06 -1.96824118501E+00 -5.62814065E-03
+44.94900E-06 -1.93929646173E+00 +2.81407031E-03
+44.97400E-06 -1.91035173845E+00 +2.81407031E-03
+44.99900E-06 -1.88140701511E+00 +8.44221096E-03
+45.02400E-06 -1.76562812194E+00 +16.88442192E-03
+45.04900E-06 -1.73668339866E+00 +19.69849224E-03
+45.07400E-06 -1.67879395204E+00 +25.32663289E-03
+45.09900E-06 -1.53407033553E+00 +28.14070321E-03
+45.12400E-06 -1.41829144230E+00 +36.58291418E-03
+45.14900E-06 -1.27356782578E+00 +45.02512514E-03
+45.17400E-06 -1.18673365589E+00 +45.02512514E-03
+45.19900E-06 -1.04201003938E+00 +45.02512514E-03
+45.22400E-06 -926.23114609E-03 +56.28140643E-03
+45.24900E-06 -752.56280630E-03 +56.28140643E-03
+45.27400E-06 -549.94974312E-03 +59.09547675E-03
+45.29900E-06 -376.28140332E-03 +64.72361739E-03
+45.32400E-06 -231.55778676E-03 +64.72361739E-03
+45.34900E-06 -57.88944691E-03 +70.35175804E-03
+45.37400E-06 +115.77889294E-03 +70.35175804E-03
+45.39900E-06 +231.55778617E-03 +67.53768772E-03
+45.42400E-06 +492.06029598E-03 +70.35175804E-03
+45.44900E-06 +665.72863582E-03 +73.16582836E-03
+45.47400E-06 +839.39697567E-03 +75.97989869E-03
+45.49900E-06 +1.04201003880E+00 +78.79396901E-03
+45.52400E-06 +1.18673365537E+00 +70.35175804E-03
+45.54900E-06 +1.33145727188E+00 +75.97989869E-03
+45.57400E-06 +1.50512561178E+00 +70.35175804E-03
+45.59900E-06 +1.70773867491E+00 +64.72361740E-03
+45.62400E-06 +1.76562812159E+00 +64.72361740E-03
+45.64900E-06 +1.93929646144E+00 +61.90954708E-03
+45.67400E-06 +2.05507535473E+00 +61.90954708E-03
+45.69900E-06 +2.17085424796E+00 +56.28140644E-03
+45.72400E-06 +2.25768841791E+00 +47.83919548E-03
+45.74900E-06 +2.37346731114E+00 +47.83919548E-03
+45.77400E-06 +2.40241203448E+00 +39.39698451E-03
+45.79900E-06 +2.48924620444E+00 +33.76884387E-03
+45.82400E-06 +2.54713565111E+00 +30.95477355E-03
+45.84900E-06 +2.57608037439E+00 +28.14070323E-03
+45.87400E-06 +2.57608037445E+00 +19.69849226E-03
+45.89900E-06 +2.54713565117E+00 +16.88442194E-03
+45.92400E-06 +2.54713565117E+00 +5.62814065E-03
+45.94900E-06 +2.51819092795E+00 +10E-12
+45.97400E-06 +2.48924620462E+00 -11.25628128E-03
+45.99900E-06 +2.37346731144E+00 -16.88442192E-03
+46.02400E-06 +2.34452258816E+00 -22.51256256E-03
+46.04900E-06 +2.19979897160E+00 -28.14070320E-03
+46.07400E-06 +2.08402007842E+00 -33.76884385E-03
+46.09900E-06 +1.96824118519E+00 -42.21105482E-03
+46.12400E-06 +1.82351756868E+00 -50.65326578E-03
+46.14900E-06 +1.62090450555E+00 -53.46733610E-03
+46.17400E-06 +1.47618088898E+00 -64.72361739E-03
+46.19900E-06 +1.30251254920E+00 -64.72361739E-03
+46.22400E-06 +1.09989948607E+00 -70.35175803E-03
+46.24900E-06 +926.23114622E-03 -78.79396900E-03
+46.27400E-06 +694.67335976E-03 -81.60803932E-03
+46.29900E-06 +492.06029663E-03 -84.42210964E-03
+46.32400E-06 +231.55778683E-03 -90.05025029E-03
+46.34900E-06 +28.94472371E-03 -92.86432061E-03
+46.37400E-06 -202.61306276E-03 -98.49246125E-03
+46.39900E-06 -434.17084922E-03 -104.12060190E-03
+46.42400E-06 -694.67335903E-03 -98.49246125E-03
+46.44900E-06 -955.17586877E-03 -98.49246125E-03
+46.47400E-06 -1.15778893195E+00 -101.30653158E-03
+46.49900E-06 -1.38934671842E+00 -98.49246126E-03
+46.52400E-06 -1.62090450488E+00 -101.30653158E-03
+46.54900E-06 -1.82351756807E+00 -95.67839094E-03
+46.57400E-06 -1.99718590792E+00 -98.49246126E-03
+46.59900E-06 -2.19979897111E+00 -95.67839094E-03
+46.62400E-06 -2.40241203429E+00 -90.05025030E-03
+46.64900E-06 -2.54713565086E+00 -87.23617998E-03
+46.67400E-06 -2.72080399071E+00 -84.42210965E-03
+46.69900E-06 -2.86552760735E+00 -70.35175805E-03
+46.72400E-06 -2.98130650058E+00 -73.16582837E-03
+46.74900E-06 -3.06814067053E+00 -61.90954709E-03
+46.77400E-06 -3.18391956376E+00 -59.09547677E-03
+46.79900E-06 -3.24180901044E+00 -50.65326580E-03
+46.82400E-06 -3.29969845706E+00 -42.21105483E-03
+46.84900E-06 -3.32864318046E+00 -36.58291420E-03
+46.87400E-06 -3.32864318046E+00 -25.32663291E-03
+46.89900E-06 -3.35758790380E+00 -16.88442195E-03
+46.92400E-06 -3.27075373391E+00 -11.25628130E-03
+46.94900E-06 -3.24180901063E+00 -10E-12
+46.97400E-06 -3.18391956408E+00 +5.62814062E-03
+46.99900E-06 -3.09708539418E+00 +19.69849224E-03
+47.02400E-06 -3.03919594757E+00 +25.32663288E-03
+47.04900E-06 -2.83658288444E+00 +36.58291417E-03
+47.07400E-06 -2.72080399121E+00 +45.02512513E-03
+47.09900E-06 -2.54713565143E+00 +53.46733610E-03
+47.12400E-06 -2.37346731158E+00 +61.90954706E-03
+47.14900E-06 -2.19979897179E+00 +67.53768771E-03
+47.17400E-06 -1.96824118533E+00 +78.79396899E-03
+47.19900E-06 -1.76562812220E+00 +81.60803932E-03
+47.22400E-06 -1.56301505902E+00 +92.86432060E-03
+47.24900E-06 -1.27356782600E+00 +98.49246125E-03
+47.27400E-06 -1.01306531626E+00 +106.93467222E-03
+47.29900E-06 -723.61808318E-03 +106.93467222E-03
+47.32400E-06 -492.06029671E-03 +109.74874253E-03
+47.34900E-06 -202.61306363E-03 +121.00502383E-03
+47.37400E-06 +144.72361606E-03 +118.19095350E-03
+47.39900E-06 +376.28140246E-03 +121.00502383E-03
+47.42400E-06 +636.78391227E-03 +121.00502383E-03
+47.44900E-06 +955.17586869E-03 +123.81909415E-03
+47.47400E-06 +1.21567837843E+00 +123.81909415E-03
+47.49900E-06 +1.53407033485E+00 +123.81909415E-03
+47.52400E-06 +1.76562812131E+00 +126.63316448E-03
+47.54900E-06 +2.02613063111E+00 +123.81909415E-03
+47.57400E-06 +2.31557786426E+00 +115.37688319E-03
+47.59900E-06 +2.48924620411E+00 +112.56281288E-03
+47.62400E-06 +2.74974871391E+00 +115.37688320E-03
+47.64900E-06 +2.95236177710E+00 +109.74874255E-03
+47.67400E-06 +3.12603011701E+00 +104.12060191E-03
+47.69900E-06 +3.27075373359E+00 +98.49246127E-03
+47.72400E-06 +3.41547735016E+00 +87.23617999E-03
+47.74900E-06 +3.56020096673E+00 +84.42210967E-03
+47.77400E-06 +3.70492458331E+00 +70.35175806E-03
+47.79900E-06 +3.73386930665E+00 +59.09547677E-03
+47.82400E-06 +3.79175875333E+00 +53.46733613E-03
+47.84900E-06 +3.82070347667E+00 +45.02512516E-03
+47.87400E-06 +3.82070347667E+00 +33.76884388E-03
+47.89900E-06 +3.82070347673E+00 +25.32663291E-03
+47.92400E-06 +3.79175875346E+00 +14.07035163E-03
+47.94900E-06 +3.76281403025E+00 +5.62814066E-03
+47.97400E-06 +3.64703513702E+00 -5.62814063E-03
+47.99900E-06 +3.56020096712E+00 -19.69849223E-03
+48.02400E-06 +3.41547735062E+00 -30.95477352E-03
+48.04900E-06 +3.27075373411E+00 -42.21105481E-03
+48.07400E-06 +3.09708539433E+00 -50.65326577E-03
+48.09900E-06 +2.89447233120E+00 -61.90954706E-03
+48.12400E-06 +2.72080399136E+00 -70.35175802E-03
+48.14900E-06 +2.46030148162E+00 -78.79396899E-03
+48.17400E-06 +2.25768841849E+00 -95.67839092E-03
+48.19900E-06 +1.96824118541E+00 -101.30653157E-03
+48.22400E-06 +1.73668339901E+00 -106.93467221E-03
+48.24900E-06 +1.41829144266E+00 -112.56281285E-03
+48.27400E-06 +1.12884420958E+00 -118.19095350E-03
+48.29900E-06 +839.39697650E-03 -129.44723479E-03
+48.32400E-06 +521.00502014E-03 -129.44723478E-03
+48.34900E-06 +231.55778706E-03 -135.07537543E-03
+48.37400E-06 -115.77889263E-03 -140.70351607E-03
+48.39900E-06 -434.17084906E-03 -149.14572704E-03
+48.42400E-06 -752.56280541E-03 -146.33165672E-03
+48.44900E-06 -1.09989948510E+00 -146.33165672E-03
+48.47400E-06 -1.41829144153E+00 -146.33165672E-03
+48.49900E-06 -1.73668339788E+00 -146.33165673E-03
+48.52400E-06 -1.96824118441E+00 -149.14572705E-03
+48.54900E-06 -2.31557786411E+00 -146.33165673E-03
+48.57400E-06 -2.60502509726E+00 -143.51758641E-03
+48.59900E-06 -2.83658288372E+00 -137.88944577E-03
+48.62400E-06 -3.09708539353E+00 -132.26130513E-03
+48.64900E-06 -3.35758790340E+00 -126.63316448E-03
+48.67400E-06 -3.56020096659E+00 -118.19095352E-03
+48.69900E-06 -3.73386930644E+00 -112.56281288E-03
+48.72400E-06 -3.93648236963E+00 -104.12060192E-03
+48.74900E-06 -3.99437181624E+00 -98.49246127E-03
+48.77400E-06 -4.13909543289E+00 -90.05025031E-03
+48.79900E-06 -4.22592960284E+00 -78.79396902E-03
+48.82400E-06 -4.25487432625E+00 -64.72361741E-03
+48.84900E-06 -4.37065321949E+00 -53.46733613E-03
+48.87400E-06 -4.37065321949E+00 -42.21105485E-03
+48.89900E-06 -4.31276377294E+00 -28.14070324E-03
+48.92400E-06 -4.22592960312E+00 -16.88442195E-03
+48.94900E-06 -4.22592960312E+00 -30E-12
+48.97400E-06 -4.11015070995E+00 +5.62814062E-03
+48.99900E-06 -3.99437181679E+00 +19.69849223E-03
+49.02400E-06 -3.90753764690E+00 +33.76884384E-03
+49.04900E-06 -3.73386930705E+00 +42.21105480E-03
+49.07400E-06 -3.53125624393E+00 +53.46733609E-03
+49.09900E-06 -3.32864318081E+00 +70.35175802E-03
+49.12400E-06 -3.09708539441E+00 +78.79396899E-03
+49.14900E-06 -2.83658288467E+00 +92.86432060E-03
+49.17400E-06 -2.54713565166E+00 +101.30653156E-03
+49.19900E-06 -2.28663314186E+00 +106.93467221E-03
+49.22400E-06 -1.99718590885E+00 +123.81909414E-03
+49.24900E-06 -1.70773867576E+00 +123.81909414E-03
+49.27400E-06 -1.38934671941E+00 +135.07537542E-03
+49.29900E-06 -1.04201003971E+00 +140.70351607E-03
+49.32400E-06 -694.67336009E-03 +149.14572704E-03
+49.34900E-06 -376.28140367E-03 +154.77386768E-03
+49.37400E-06 -28.94472397E-03 +160.40200832E-03
+49.39900E-06 +318.39195573E-03 +157.58793801E-03
+49.42400E-06 +636.78391208E-03 +163.21607865E-03
+49.44900E-06 +1.01306531512E+00 +166.03014897E-03
+49.47400E-06 +1.36040199482E+00 +166.03014898E-03
+49.49900E-06 +1.64984922790E+00 +163.21607865E-03
+49.52400E-06 +1.93929646105E+00 +163.21607866E-03
+49.54900E-06 +2.28663314074E+00 +163.21607866E-03
+49.57400E-06 +2.60502509717E+00 +154.77386769E-03
+49.59900E-06 +2.92341705359E+00 +146.33165674E-03
+49.62400E-06 +3.12603011678E+00 +149.14572706E-03
+49.64900E-06 +3.38653262659E+00 +137.88944577E-03
+49.67400E-06 +3.61809041312E+00 +132.26130513E-03
+49.69900E-06 +3.82070347632E+00 +129.44723481E-03
+49.72400E-06 +3.96542709289E+00 +115.37688320E-03
+49.74900E-06 +4.11015070954E+00 +104.12060192E-03
+49.77400E-06 +4.25487432611E+00 +92.86432063E-03
+49.79900E-06 +4.34170849600E+00 +81.60803935E-03
+49.82400E-06 +4.37065321949E+00 +75.97989871E-03
+49.84900E-06 +4.45748738937E+00 +59.09547678E-03
+49.87400E-06 +4.42854266617E+00 +50.65326581E-03
+49.89900E-06 +4.42854266617E+00 +36.58291421E-03
+49.92400E-06 +4.37065321963E+00 +25.32663293E-03
+49.94900E-06 +4.31276377308E+00 +11.25628131E-03
+49.97400E-06 +4.25487432654E+00 -5.62814062E-03
+49.99900E-06 +4.05226126335E+00 -22.51256255E-03
+50.02400E-06 +3.96542709353E+00 -33.76884383E-03
+50.04900E-06 +3.76281403041E+00 -42.21105480E-03
+50.07400E-06 +3.56020096736E+00 -56.28140640E-03
+50.09900E-06 +3.38653262751E+00 -67.53768770E-03
+50.12400E-06 +3.15497484105E+00 -81.60803930E-03
+50.14900E-06 +2.89447233131E+00 -95.67839091E-03
+50.17400E-06 +2.63396982157E+00 -106.93467220E-03
+50.19900E-06 +2.31557786522E+00 -118.19095349E-03
+50.22400E-06 +2.02613063221E+00 -129.44723477E-03
+50.24900E-06 +1.73668339913E+00 -129.44723477E-03
+50.27400E-06 +1.36040199616E+00 -140.70351607E-03
+50.29900E-06 +1.07095476308E+00 -151.95979735E-03
+50.32400E-06 +723.61808339E-03 -157.58793800E-03
+50.34900E-06 +376.28140369E-03 -160.40200832E-03
+50.37400E-06 -28.94472262E-03 -166.03014897E-03
+50.39900E-06 -318.39195570E-03 -171.65828962E-03
+50.42400E-06 -665.72863540E-03 -171.65828962E-03
+50.44900E-06 -1.01306531509E+00 -168.84421930E-03
+50.47400E-06 -1.33145727152E+00 -171.65828962E-03
+50.49900E-06 -1.70773867449E+00 -171.65828962E-03
+50.52400E-06 -1.99718590764E+00 -168.84421930E-03
+50.54900E-06 -2.37346731068E+00 -168.84421930E-03
+50.57400E-06 -2.60502509714E+00 -166.03014899E-03
+50.59900E-06 -2.86552760695E+00 -163.21607866E-03
+50.62400E-06 -3.18391956338E+00 -154.77386770E-03
+50.64900E-06 -3.35758790330E+00 -146.33165674E-03
+50.67400E-06 -3.61809041311E+00 -137.88944578E-03
+50.69900E-06 -3.79175875296E+00 -129.44723482E-03
+50.72400E-06 -3.96542709288E+00 -121.00502385E-03
+50.74900E-06 -4.11015070946E+00 -106.93467224E-03
+50.77400E-06 -4.16804015614E+00 -101.30653160E-03
+50.79900E-06 -4.34170849607E+00 -90.05025031E-03
+50.82400E-06 -4.37065321941E+00 -75.97989871E-03
+50.84900E-06 -4.39959794276E+00 -61.90954710E-03
+50.87400E-06 -4.42854266610E+00 -47.83919549E-03
+50.89900E-06 -4.39959794283E+00 -36.58291421E-03
+50.92400E-06 -4.34170849636E+00 -22.51256260E-03
+50.94900E-06 -4.28381904975E+00 -5.62814067E-03
+50.97400E-06 -4.22592960320E+00 +2.81407029E-03
+50.99900E-06 -4.08120598670E+00 +14.07035158E-03
+51.02400E-06 -3.93648237020E+00 +30.95477351E-03
+51.04900E-06 -3.79175875369E+00 +42.21105479E-03
+51.07400E-06 -3.58914569057E+00 +53.46733609E-03
+51.09900E-06 -3.32864318084E+00 +70.35175802E-03
+51.12400E-06 -3.15497484107E+00 +81.60803930E-03
+51.14900E-06 -2.92341705460E+00 +95.67839091E-03
+51.17400E-06 -2.60502509832E+00 +98.49246123E-03
+51.19900E-06 -2.37346731186E+00 +109.74874253E-03
+51.22400E-06 -2.08402007878E+00 +123.81909414E-03
+51.24900E-06 -1.76562812243E+00 +132.26130510E-03
+51.27400E-06 -1.50512561262E+00 +137.88944575E-03
+51.29900E-06 -1.15778893300E+00 +146.33165671E-03
+51.32400E-06 -810.45225330E-03 +154.77386768E-03
+51.34900E-06 -492.06029687E-03 +157.58793800E-03
+51.37400E-06 -202.61306387E-03 +160.40200832E-03
+51.39900E-06 +144.72361582E-03 +163.21607865E-03
+51.42400E-06 +492.06029552E-03 +166.03014897E-03
+51.44900E-06 +752.56280533E-03 +166.03014897E-03
+51.47400E-06 +1.12884420837E+00 +168.84421930E-03
+51.49900E-06 +1.41829144146E+00 +166.03014898E-03
+51.52400E-06 +1.76562812115E+00 +166.03014898E-03
+51.54900E-06 +1.99718590769E+00 +166.03014898E-03
+51.57400E-06 +2.28663314077E+00 +157.58793802E-03
+51.59900E-06 +2.54713565051E+00 +154.77386770E-03
+51.62400E-06 +2.83658288366E+00 +149.14572706E-03
+51.64900E-06 +2.98130650024E+00 +140.70351610E-03
+51.67400E-06 +3.24180901013E+00 +137.88944578E-03
+51.69900E-06 +3.38653262670E+00 +126.63316449E-03
+51.72400E-06 +3.56020096655E+00 +115.37688320E-03
+51.74900E-06 +3.67597985986E+00 +109.74874257E-03
+51.77400E-06 +3.82070347644E+00 +98.49246128E-03
+51.79900E-06 +3.90753764640E+00 +84.42210967E-03
+51.82400E-06 +3.93648236975E+00 +78.79396903E-03
+51.84900E-06 +3.99437181644E+00 +61.90954710E-03
+51.87400E-06 +3.96542709325E+00 +53.46733614E-03
+51.89900E-06 +3.96542709325E+00 +36.58291421E-03
+51.92400E-06 +3.93648236998E+00 +22.51256260E-03
+51.94900E-06 +3.82070347682E+00 +14.07035163E-03
+51.97400E-06 +3.73386930693E+00 +30E-12
+51.99900E-06 +3.70492458367E+00 -16.88442190E-03
+52.02400E-06 +3.53125624389E+00 -28.14070319E-03
+52.04900E-06 +3.32864318070E+00 -36.58291415E-03
+52.07400E-06 +3.18391956427E+00 -47.83919544E-03
+52.09900E-06 +3.03919594770E+00 -61.90954705E-03
+52.12400E-06 +2.77869343804E+00 -73.16582834E-03
+52.14900E-06 +2.57608037492E+00 -81.60803930E-03
+52.17400E-06 +2.37346731173E+00 -95.67839091E-03
+52.19900E-06 +2.08402007872E+00 -106.93467220E-03
+52.22400E-06 +1.82351756899E+00 -115.37688317E-03
+52.24900E-06 +1.59195978253E+00 -121.00502381E-03
+52.27400E-06 +1.33145727279E+00 -129.44723478E-03
+52.29900E-06 +1.01306531637E+00 -135.07537543E-03
+52.32400E-06 +694.67336002E-03 -140.70351607E-03
+52.34900E-06 +405.22612694E-03 -143.51758639E-03
+52.37400E-06 +173.66834047E-03 -149.14572704E-03
+52.39900E-06 -144.72361588E-03 -154.77386768E-03
+52.42400E-06 -463.11557231E-03 -154.77386769E-03
+52.44900E-06 -752.56280538E-03 -154.77386769E-03
+52.47400E-06 -1.01306531520E+00 -154.77386769E-03
+52.49900E-06 -1.24462310166E+00 -157.58793801E-03
+52.52400E-06 -1.53407033474E+00 -154.77386769E-03
+52.54900E-06 -1.82351756782E+00 -146.33165673E-03
+52.57400E-06 -2.02613063102E+00 -149.14572706E-03
+52.59900E-06 -2.25768841756E+00 -143.51758641E-03
+52.62400E-06 -2.51819092737E+00 -135.07537545E-03
+52.64900E-06 -2.69185926722E+00 -132.26130513E-03
+52.67400E-06 -2.86552760707E+00 -121.00502384E-03
+52.69900E-06 -3.06814067034E+00 -118.19095352E-03
+52.72400E-06 -3.15497484030E+00 -106.93467224E-03
+52.74900E-06 -3.27075373354E+00 -101.30653160E-03
+52.77400E-06 -3.32864318023E+00 -95.67839096E-03
+52.79900E-06 -3.41547735020E+00 -84.42210967E-03
+52.82400E-06 -3.50231152016E+00 -67.53768774E-03
+52.84900E-06 -3.47336679689E+00 -56.28140646E-03
+52.87400E-06 -3.53125624359E+00 -47.83919549E-03
+52.89900E-06 -3.47336679697E+00 -36.58291421E-03
+52.92400E-06 -3.47336679705E+00 -25.32663292E-03
+52.94900E-06 -3.41547735043E+00 -14.07035164E-03
+52.97400E-06 -3.29969845728E+00 -5.62814067E-03
+52.99900E-06 -3.24180901066E+00 +5.62814062E-03
+53.02400E-06 -3.15497484086E+00 +19.69849222E-03
+53.04900E-06 -2.98130650101E+00 +36.58291415E-03
+53.07400E-06 -2.80763816116E+00 +45.02512512E-03
+53.09900E-06 -2.66291454466E+00 +53.46733608E-03
+53.12400E-06 -2.51819092816E+00 +64.72361738E-03
+53.14900E-06 -2.31557786505E+00 +70.35175802E-03
+53.17400E-06 -2.11296480193E+00 +78.79396898E-03
+53.19900E-06 -1.85246229220E+00 +87.23617996E-03
+53.22400E-06 -1.73668339897E+00 +98.49246124E-03
+53.24900E-06 -1.41829144262E+00 +106.93467221E-03
+53.27400E-06 -1.18673365615E+00 +109.74874253E-03
+53.29900E-06 -955.17586969E-03 +121.00502382E-03
+53.32400E-06 -752.56280658E-03 +121.00502382E-03
+53.34900E-06 -492.06029676E-03 +123.81909414E-03
+53.37400E-06 -202.61306376E-03 +126.63316446E-03
+53.39900E-06 +28.94472270E-03 +132.26130511E-03
+53.42400E-06 +231.55778590E-03 +132.26130511E-03
+53.44900E-06 +549.94974233E-03 +135.07537544E-03
+53.47400E-06 +723.61808218E-03 +137.88944576E-03
+53.49900E-06 +955.17586864E-03 +132.26130512E-03
+53.52400E-06 +1.21567837845E+00 +132.26130512E-03
+53.54900E-06 +1.38934671830E+00 +132.26130512E-03
+53.57400E-06 +1.62090450485E+00 +123.81909416E-03
+53.59900E-06 +1.79457284461E+00 +121.00502384E-03
+53.62400E-06 +1.93929646127E+00 +121.00502384E-03
+53.64900E-06 +2.08402007777E+00 +112.56281287E-03
+53.67400E-06 +2.25768841770E+00 +104.12060191E-03
+53.69900E-06 +2.40241203429E+00 +101.30653159E-03
+53.72400E-06 +2.48924620425E+00 +92.86432063E-03
+53.74900E-06 +2.57608037422E+00 +84.42210966E-03
+53.77400E-06 +2.69185926745E+00 +75.97989870E-03
+53.79900E-06 +2.66291454418E+00 +67.53768774E-03
+53.82400E-06 +2.77869343749E+00 +61.90954710E-03
+53.84900E-06 +2.74974871415E+00 +50.65326581E-03
+53.87400E-06 +2.74974871431E+00 +39.39698453E-03
+53.89900E-06 +2.77869343758E+00 +30.95477356E-03
+53.92400E-06 +2.72080399096E+00 +22.51256260E-03
+53.94900E-06 +2.66291454443E+00 +14.07035164E-03
+53.97400E-06 +2.63396982116E+00 +2.81407034E-03
+53.99900E-06 +2.54713565128E+00 -8.44221094E-03
+54.02400E-06 +2.43135675804E+00 -16.88442191E-03
+54.04900E-06 +2.34452258816E+00 -22.51256256E-03
+54.07400E-06 +2.22874369501E+00 -33.76884384E-03
+54.09900E-06 +2.08402007843E+00 -45.02512513E-03
+54.12400E-06 +1.93929646193E+00 -53.46733609E-03
+54.14900E-06 +1.79457284552E+00 -59.09547673E-03
+54.17400E-06 +1.64984922893E+00 -67.53768770E-03
+54.19900E-06 +1.47618088909E+00 -75.97989866E-03
+54.22400E-06 +1.27356782597E+00 -78.79396899E-03
+54.24900E-06 +1.09989948612E+00 -81.60803931E-03
+54.27400E-06 +926.23114628E-03 -92.86432060E-03
+54.29900E-06 +694.67335981E-03 -95.67839093E-03
+54.32400E-06 +521.00501996E-03 -98.49246124E-03
+54.34900E-06 +347.33668020E-03 -101.30653157E-03
+54.37400E-06 +144.72361700E-03 -106.93467222E-03
+54.39900E-06 -57.88944620E-03 -106.93467221E-03
+54.42400E-06 -231.55778605E-03 -109.74874254E-03
+54.44900E-06 -405.22612589E-03 -106.93467222E-03
+54.47400E-06 -636.78391236E-03 -109.74874254E-03
+54.49900E-06 -781.50752894E-03 -109.74874255E-03
+54.52400E-06 -955.17586879E-03 -109.74874255E-03
+54.54900E-06 -1.12884420864E+00 -104.12060190E-03
+54.57400E-06 -1.27356782513E+00 -101.30653159E-03
+54.59900E-06 -1.41829144172E+00 -104.12060190E-03
+54.62400E-06 -1.53407033503E+00 -95.67839094E-03
+54.64900E-06 -1.67879395162E+00 -87.23617998E-03
+54.67400E-06 -1.82351756811E+00 -84.42210966E-03
+54.69900E-06 -1.88140701481E+00 -75.97989870E-03
+54.72400E-06 -1.99718590805E+00 -75.97989870E-03
+54.74900E-06 -2.05507535466E+00 -67.53768774E-03
+54.77400E-06 -2.08402007801E+00 -61.90954709E-03
+54.79900E-06 -2.17085424798E+00 -56.28140645E-03
+54.82400E-06 -2.17085424798E+00 -50.65326581E-03
+54.84900E-06 -2.19979897133E+00 -39.39698452E-03
+54.87400E-06 -2.22874369468E+00 -28.14070323E-03
+54.89900E-06 -2.17085424806E+00 -28.14070323E-03
+54.92400E-06 -2.17085424815E+00 -19.69849226E-03
+54.94900E-06 -2.14190952480E+00 -8.44221099E-03
+54.97400E-06 -2.02613063165E+00 -2.81407034E-03
+54.99900E-06 -1.99718590839E+00 +2.81407031E-03
+55.02400E-06 -1.91035173850E+00 +11.25628127E-03
+55.04900E-06 -1.85246229189E+00 +19.69849224E-03
+55.07400E-06 -1.76562812201E+00 +28.14070320E-03
+55.09900E-06 -1.64984922878E+00 +33.76884384E-03
+55.12400E-06 -1.50512561228E+00 +42.21105481E-03
+55.14900E-06 -1.44723616566E+00 +45.02512513E-03
+55.17400E-06 -1.30251254916E+00 +47.83919546E-03
+55.19900E-06 -1.21567837928E+00 +56.28140642E-03
+55.22400E-06 -1.07095476270E+00 +59.09547674E-03
+55.24900E-06 -926.23114620E-03 +67.53768771E-03
+55.27400E-06 -781.50752962E-03 +67.53768771E-03
+55.29900E-06 -665.72863639E-03 +70.35175803E-03
+55.32400E-06 -463.11557327E-03 +78.79396900E-03
+55.34900E-06 -347.33668004E-03 +78.79396900E-03
+55.37400E-06 -173.66834019E-03 +78.79396900E-03
+55.39900E-06 -57.88944696E-03 +78.79396901E-03
+55.42400E-06 +115.77889289E-03 +81.60803933E-03
+55.44900E-06 +202.61306285E-03 +78.79396901E-03
+55.47400E-06 +318.39195609E-03 +81.60803933E-03
+55.49900E-06 +463.11557258E-03 +78.79396901E-03
+55.52400E-06 +578.89446581E-03 +75.97989869E-03
+55.54900E-06 +694.67335913E-03 +75.97989869E-03
+55.57400E-06 +839.39697572E-03 +73.16582836E-03
+55.59900E-06 +955.17586895E-03 +70.35175804E-03
+55.62400E-06 +1.07095476218E+00 +73.16582837E-03
+55.64900E-06 +1.12884420880E+00 +70.35175804E-03
+55.67400E-06 +1.21567837877E+00 +61.90954708E-03
+55.69900E-06 +1.27356782538E+00 +61.90954708E-03
+55.72400E-06 +1.33145727200E+00 +53.46733612E-03
+55.74900E-06 +1.38934671870E+00 +50.65326580E-03
+55.77400E-06 +1.44723616532E+00 +47.83919547E-03
+55.79900E-06 +1.44723616532E+00 +39.39698452E-03
+55.82400E-06 +1.47618088858E+00 +33.76884388E-03
+55.84900E-06 +1.50512561193E+00 +28.14070323E-03
+55.87400E-06 +1.44723616540E+00 +25.32663291E-03
+55.89900E-06 +1.47618088867E+00 +16.88442194E-03
+55.92400E-06 +1.47618088876E+00 +14.07035162E-03
+55.94900E-06 +1.41829144214E+00 +8.44221098E-03
+55.97400E-06 +1.41829144214E+00 +10E-12
+55.99900E-06 +1.36040199552E+00 -2.81407031E-03
+56.02400E-06 +1.27356782564E+00 -11.25628127E-03
+56.04900E-06 +1.27356782564E+00 -11.25628128E-03
+56.07400E-06 +1.15778893250E+00 -14.07035160E-03
+56.09900E-06 +1.09989948588E+00 -22.51256256E-03
+56.12400E-06 +1.01306531592E+00 -28.14070320E-03
+56.14900E-06 +955.17586930E-03 -30.95477352E-03
+56.17400E-06 +868.34169942E-03 -42.21105481E-03
+56.19900E-06 +781.50752954E-03 -42.21105481E-03
+56.22400E-06 +694.67335957E-03 -45.02512514E-03
+56.24900E-06 +549.94974308E-03 -45.02512514E-03
+56.27400E-06 +492.06029646E-03 -47.83919546E-03
+56.29900E-06 +376.28140323E-03 -53.46733611E-03
+56.32400E-06 +289.44723326E-03 -59.09547674E-03
+56.34900E-06 +173.66834012E-03 -56.28140643E-03
+56.37400E-06 +86.83417015E-03 -56.28140643E-03
+56.39900E-06 -28.94472308E-03 -61.90954707E-03
+56.42400E-06 -115.77889305E-03 -61.90954708E-03
+56.44900E-06 -202.61306293E-03 -56.28140643E-03
+56.47400E-06 -289.44723281E-03 -59.09547675E-03
+56.49900E-06 -376.28140278E-03 -59.09547675E-03
+56.52400E-06 -492.06029601E-03 -56.28140643E-03
+56.54900E-06 -578.89446598E-03 -59.09547676E-03
+56.57400E-06 -578.89446598E-03 -56.28140643E-03
+56.59900E-06 -665.72863595E-03 -59.09547676E-03
+56.62400E-06 -723.61808248E-03 -53.46733612E-03
+56.64900E-06 -810.45225254E-03 -45.02512515E-03
+56.67400E-06 -897.28642242E-03 -45.02512515E-03
+56.69900E-06 -868.34169906E-03 -39.39698451E-03
+56.72400E-06 -926.23114577E-03 -39.39698451E-03
+56.74900E-06 -1.01306531565E+00 -39.39698451E-03
+56.77400E-06 -1.01306531565E+00 -36.58291419E-03
+56.79900E-06 -1.04201003900E+00 -30.95477354E-03
+56.82400E-06 -1.07095476235E+00 -28.14070322E-03
+56.84900E-06 -1.09989948571E+00 -22.51256258E-03
+56.87400E-06 -1.09989948571E+00 -14.07035161E-03
+56.89900E-06 -1.04201003909E+00 -14.07035162E-03
+56.92400E-06 -984.12059247E-03 -8.44221098E-03
+56.94900E-06 -984.12059247E-03 -8.44221098E-03
+56.97400E-06 -1.01306531583E+00 -2.81407033E-03
+56.99900E-06 -955.17586921E-03 -2.81407033E-03
+57.02400E-06 -955.17586921E-03 +8.44221096E-03
+57.04900E-06 -926.23114595E-03 +11.25628128E-03
+57.07400E-06 -839.39697598E-03 +11.25628128E-03
+57.09900E-06 -781.50752936E-03 +16.88442192E-03
+57.12400E-06 -752.56280610E-03 +19.69849225E-03
+57.14900E-06 -694.67335949E-03 +22.51256256E-03
+57.17400E-06 -665.72863622E-03 +22.51256256E-03
+57.19900E-06 -578.89446635E-03 +28.14070322E-03
+57.22400E-06 -521.00501973E-03 +30.95477353E-03
+57.24900E-06 -492.06029638E-03 +30.95477353E-03
+57.27400E-06 -376.28140314E-03 +30.95477353E-03
+57.29900E-06 -347.33667988E-03 +36.58291418E-03
+57.32400E-06 -260.50250991E-03 +36.58291418E-03
+57.34900E-06 -202.61306329E-03 +42.21105482E-03
+57.37400E-06 -144.72361668E-03 +36.58291418E-03
+57.39900E-06 -57.88944680E-03 +39.39698450E-03
+57.42400E-06 -28.94472345E-03 +39.39698450E-03
+57.44900E-06 -180E-12 +42.21105482E-03
+57.47400E-06 +86.83416979E-03 +39.39698450E-03
+57.49900E-06 +173.66833976E-03 +39.39698450E-03
+57.52400E-06 +231.55778628E-03 +36.58291419E-03
+57.54900E-06 +260.50250963E-03 +39.39698450E-03
+57.57400E-06 +318.39195634E-03 +33.76884386E-03
+57.59900E-06 +434.17084948E-03 +30.95477354E-03
+57.62400E-06 +434.17084948E-03 +33.76884387E-03
+57.64900E-06 +463.11557284E-03 +30.95477354E-03
+57.67400E-06 +492.06029610E-03 +30.95477354E-03
+57.69900E-06 +521.00501945E-03 +28.14070322E-03
+57.72400E-06 +578.89446607E-03 +28.14070323E-03
+57.74900E-06 +549.94974281E-03 +28.14070322E-03
+57.77400E-06 +549.94974281E-03 +22.51256257E-03
+57.79900E-06 +607.83918942E-03 +19.69849226E-03
+57.82400E-06 +578.89446616E-03 +16.88442194E-03
+57.84900E-06 +578.89446616E-03 +14.07035161E-03
+57.87400E-06 +578.89446616E-03 +11.25628130E-03
+57.89900E-06 +578.89446616E-03 +14.07035161E-03
+57.92400E-06 +607.83918942E-03 +5.62814065E-03
+57.94900E-06 +549.94974290E-03 +5.62814065E-03
+57.97400E-06 +549.94974290E-03 +2.81407033E-03
+57.99900E-06 +521.00501955E-03 +10E-12
+58.02400E-06 +492.06029628E-03 -2.81407032E-03
+58.04900E-06 +492.06029628E-03 -5.62814063E-03
+58.07400E-06 +492.06029628E-03 -5.62814063E-03
+58.09900E-06 +434.17084967E-03 -11.25628129E-03
+58.12400E-06 +376.28140305E-03 -8.44221096E-03
+58.14900E-06 +347.33667979E-03 -14.07035160E-03
+58.17400E-06 +347.33667979E-03 -14.07035160E-03
+58.19900E-06 +318.39195644E-03 -19.69849225E-03
+58.22400E-06 +289.44723318E-03 -19.69849225E-03
+58.24900E-06 +202.61306320E-03 -19.69849225E-03
+58.27400E-06 +202.61306330E-03 -19.69849225E-03
+58.29900E-06 +144.72361668E-03 -25.32663289E-03
+58.32400E-06 +115.77889333E-03 -19.69849225E-03
+58.34900E-06 +86.83417007E-03 -22.51256257E-03
+58.37400E-06 +57.88944671E-03 -25.32663290E-03
+58.39900E-06 -28.94472326E-03 -28.14070322E-03
+58.42400E-06 -86.83416978E-03 -22.51256257E-03
+58.44900E-06 -115.77889314E-03 -22.51256257E-03
+58.47400E-06 -115.77889314E-03 -25.32663290E-03
+58.49900E-06 -144.72361649E-03 -22.51256257E-03
+58.52400E-06 -202.61306301E-03 -22.51256257E-03
+58.54900E-06 -231.55778637E-03 -22.51256257E-03
+58.57400E-06 -231.55778637E-03 -25.32663290E-03
+58.59900E-06 -289.44723298E-03 -22.51256257E-03
+58.62400E-06 -318.39195634E-03 -22.51256257E-03
+58.64900E-06 -376.28140296E-03 -19.69849226E-03
+58.67400E-06 -376.28140296E-03 -19.69849226E-03
+58.69900E-06 -376.28140296E-03 -19.69849226E-03
+58.72400E-06 -405.22612622E-03 -16.88442193E-03
+58.74900E-06 -376.28140296E-03 -16.88442193E-03
+58.77400E-06 -405.22612631E-03 -19.69849226E-03
+58.79900E-06 -434.17084967E-03 -14.07035161E-03
+58.82400E-06 -434.17084957E-03 -11.25628129E-03
+58.84900E-06 -463.11557293E-03 -8.44221097E-03
+58.87400E-06 -434.17084957E-03 -5.62814064E-03
+58.89900E-06 -463.11557293E-03 -8.44221097E-03
+58.92400E-06 -434.17084957E-03 -8.44221097E-03
+58.94900E-06 -405.22612631E-03 -8.44221097E-03
+58.97400E-06 -405.22612631E-03 -2.81407033E-03
+58.99900E-06 -405.22612641E-03 -5.62814064E-03
+59.02400E-06 -376.28140305E-03 +2.81407032E-03
+59.04900E-06 -376.28140305E-03 +8.44221096E-03
+59.07400E-06 -318.39195644E-03 +2.81407032E-03
+59.09900E-06 -318.39195644E-03 +2.81407032E-03
+59.12400E-06 -289.44723308E-03 +5.62814064E-03
+59.14900E-06 -318.39195644E-03 +5.62814064E-03
+59.17400E-06 -260.50250982E-03 +8.44221096E-03
+59.19900E-06 -260.50250982E-03 +11.25628129E-03
+59.22400E-06 -260.50250982E-03 +8.44221096E-03
+59.24900E-06 -231.55778656E-03 +11.25628129E-03
+59.27400E-06 -144.72361659E-03 +11.25628129E-03
+59.29900E-06 -202.61306330E-03 +14.07035160E-03
+59.32400E-06 -115.77889333E-03 +16.88442193E-03
+59.34900E-06 -86.83416997E-03 +16.88442193E-03
+59.37400E-06 -115.77889333E-03 +11.25628128E-03
+59.39900E-06 -57.88944671E-03 +14.07035161E-03
+59.42400E-06 -57.88944662E-03 +14.07035160E-03
+59.44900E-06 -28.94472336E-03 +16.88442193E-03
+59.47400E-06 +0.0E+00 +16.88442193E-03
+59.49900E-06 -100E-12 +16.88442193E-03
+59.52400E-06 +57.88944652E-03 +16.88442193E-03
+59.54900E-06 +86.83416987E-03 +14.07035160E-03
+59.57400E-06 +86.83416987E-03 +14.07035160E-03
+59.59900E-06 +86.83416987E-03 +11.25628129E-03
+59.62400E-06 +86.83416987E-03 +11.25628129E-03
+59.64900E-06 +115.77889313E-03 +11.25628129E-03
+59.67400E-06 +144.72361649E-03 +14.07035161E-03
+59.69900E-06 +144.72361649E-03 +8.44221097E-03
+59.72400E-06 +144.72361649E-03 +11.25628130E-03
+59.74900E-06 +115.77889323E-03 +11.25628129E-03
+59.77400E-06 +144.72361649E-03 +5.62814064E-03
+59.79900E-06 +202.61306311E-03 +5.62814064E-03
+59.82400E-06 +115.77889323E-03 +5.62814064E-03
+59.84900E-06 +144.72361659E-03 +8.44221097E-03
+59.87400E-06 +173.66833985E-03 +5.62814064E-03
+59.89900E-06 +115.77889323E-03 +2.81407033E-03
+59.92400E-06 +173.66833985E-03 +2.81407033E-03
+59.94900E-06 +173.66833985E-03 -2.81407033E-03
+59.97400E-06 +202.61306311E-03 +0.0E+00
+59.99900E-06 +115.77889323E-03 +10E-12
+60.02400E-06 +144.72361659E-03 -2.81407032E-03
+60.04900E-06 +115.77889323E-03 +10E-12
+60.07400E-06 +144.72361659E-03 -2.81407032E-03
+60.09900E-06 +115.77889323E-03 -5.62814064E-03
+60.12400E-06 +115.77889323E-03 -5.62814063E-03
+60.14900E-06 +86.83416997E-03 +0.0E+00
+60.17400E-06 +86.83416997E-03 -5.62814064E-03
+60.19900E-06 +57.88944662E-03 -8.44221096E-03
+60.22400E-06 +28.94472336E-03 -5.62814064E-03
+60.24900E-06 +28.94472336E-03 -8.44221096E-03
+60.27400E-06 +28.94472336E-03 -8.44221096E-03
+60.29900E-06 +28.94472336E-03 -8.44221097E-03
+60.32400E-06 -28.94472326E-03 -8.44221096E-03
+60.34900E-06 -28.94472326E-03 -8.44221096E-03
+60.37400E-06 +0.0E+00 -11.25628129E-03
+60.39900E-06 +0.0E+00 -8.44221096E-03
+60.42400E-06 -57.88944662E-03 -8.44221096E-03
+60.44900E-06 -86.83416997E-03 -11.25628129E-03
+60.47400E-06 -86.83416987E-03 -8.44221096E-03
+60.49900E-06 -86.83416987E-03 -5.62814064E-03
+60.52400E-06 -115.77889323E-03 -5.62814064E-03
+60.54900E-06 -86.83416987E-03 -2.81407033E-03
+60.57400E-06 -57.88944662E-03 -8.44221097E-03
+60.59900E-06 -115.77889323E-03 -11.25628129E-03
+60.62400E-06 -115.77889323E-03 -11.25628129E-03
+60.64900E-06 -144.72361649E-03 -8.44221097E-03
+60.67400E-06 -144.72361649E-03 -5.62814064E-03
+60.69900E-06 -144.72361649E-03 -5.62814064E-03
+60.72400E-06 -115.77889323E-03 -5.62814064E-03
+60.74900E-06 -144.72361649E-03 -5.62814064E-03
+60.77400E-06 -173.66833985E-03 -5.62814064E-03
+60.79900E-06 -173.66833985E-03 -5.62814064E-03
+60.82400E-06 -144.72361649E-03 -8.44221097E-03
+60.84900E-06 -144.72361659E-03 -5.62814064E-03
+60.87400E-06 -173.66833985E-03 -2.81407033E-03
+60.89900E-06 -144.72361659E-03 -2.81407033E-03
+60.92400E-06 -173.66833985E-03 +0.0E+00
+60.94900E-06 -173.66833985E-03 -2.81407033E-03
+60.97400E-06 -173.66833985E-03 -2.81407033E-03
+60.99900E-06 -202.61306321E-03 +0.0E+00
+61.02400E-06 -144.72361659E-03 +0.0E+00
+61.04900E-06 -115.77889323E-03 +2.81407033E-03
+61.07400E-06 -144.72361649E-03 +5.62814064E-03
+61.09900E-06 -115.77889323E-03 -2.81407033E-03
+61.12400E-06 -115.77889323E-03 +2.81407033E-03
+61.14900E-06 -86.83416987E-03 +0.0E+00
+61.17400E-06 -115.77889333E-03 +2.81407032E-03
+61.19900E-06 -115.77889323E-03 +0.0E+00
+61.22400E-06 -86.83416998E-03 +2.81407033E-03
+61.24900E-06 -115.77889323E-03 +2.81407032E-03
+61.27400E-06 -86.83416987E-03 +2.81407032E-03
+61.29900E-06 -115.77889323E-03 +5.62814064E-03
+61.32400E-06 -86.83416998E-03 +2.81407032E-03
+61.34900E-06 -57.88944662E-03 +8.44221096E-03
+61.37400E-06 +0.0E+00 +2.81407032E-03
+61.39900E-06 -28.94472336E-03 +5.62814064E-03
+61.42400E-06 -57.88944662E-03 +5.62814064E-03
+61.44900E-06 +0.0E+00 +2.81407032E-03
+61.47400E-06 +0.0E+00 +2.81407033E-03
+61.49900E-06 +0.0E+00 +2.81407032E-03
+61.52400E-06 -57.88944662E-03 +5.62814064E-03
+61.54900E-06 +0.0E+00 +2.81407033E-03
+61.57400E-06 +0.0E+00 +2.81407032E-03
+61.59900E-06 +28.94472326E-03 +2.81407033E-03
+61.62400E-06 -57.88944662E-03 +2.81407032E-03
+61.64900E-06 +0.0E+00 +5.62814064E-03
+61.67400E-06 +28.94472336E-03 +0.0E+00
+61.69900E-06 +0.0E+00 +0.0E+00
+61.72400E-06 +0.0E+00 +2.81407033E-03
+61.74900E-06 +0.0E+00 +2.81407032E-03
+61.77400E-06 +28.94472326E-03 -10E-12
+61.79900E-06 -28.94472336E-03 +0.0E+00
+61.82400E-06 -28.94472336E-03 +2.81407032E-03
+61.84900E-06 +28.94472336E-03 +2.81407033E-03
+61.87400E-06 +0.0E+00 +0.0E+00
+61.89900E-06 +0.0E+00 +0.0E+00
+61.92400E-06 +0.0E+00 +2.81407032E-03
+61.94900E-06 -28.94472326E-03 +2.81407032E-03
+61.97400E-06 +28.94472326E-03 -5.62814064E-03
+61.99900E-06 +0.0E+00 -2.81407032E-03
+62.02400E-06 +0.0E+00 +5.62814064E-03
+62.04900E-06 +0.0E+00 -2.81407032E-03
+62.07400E-06 +28.94472336E-03 +0.0E+00
+62.09900E-06 +0.0E+00 -2.81407033E-03
+62.12400E-06 +0.0E+00 -2.81407032E-03
+62.14900E-06 +0.0E+00 +0.0E+00
+62.17400E-06 +0.0E+00 -5.62814064E-03
+62.19900E-06 -28.94472336E-03 -2.81407032E-03
+62.22400E-06 +0.0E+00 -2.81407032E-03
+62.24900E-06 -28.94472336E-03 +0.0E+00
+62.27400E-06 -28.94472326E-03 +0.0E+00
+62.29900E-06 +0.0E+00 +0.0E+00
+62.32400E-06 -86.83416987E-03 +0.0E+00
+62.34900E-06 -28.94472326E-03 +0.0E+00
+62.37400E-06 +0.0E+00 -2.81407033E-03
+62.39900E-06 -28.94472326E-03 -5.62814064E-03
+62.42400E-06 +0.0E+00 -2.81407032E-03
+62.44900E-06 -28.94472336E-03 +0.0E+00
+62.47400E-06 -57.88944651E-03 +0.0E+00
+62.49900E-06 -28.94472336E-03 -5.62814064E-03
+62.52400E-06 -28.94472336E-03 -2.81407032E-03
+62.54900E-06 -86.83416987E-03 -2.81407032E-03
+62.57400E-06 -28.94472326E-03 -2.81407033E-03
+62.59900E-06 -57.88944662E-03 -5.62814064E-03
+62.62400E-06 -28.94472336E-03 +2.81407033E-03
+62.64900E-06 -57.88944662E-03 -5.62814064E-03
+62.67400E-06 -86.83416987E-03 -2.81407033E-03
+62.69900E-06 -57.88944662E-03 +0.0E+00
+62.72400E-06 -28.94472336E-03 -2.81407032E-03
+62.74900E-06 -57.88944662E-03 +0.0E+00
+62.77400E-06 -28.94472326E-03 -2.81407033E-03
+62.79900E-06 -86.83416998E-03 -2.81407032E-03
+62.82400E-06 -57.88944662E-03 +0.0E+00
+62.84900E-06 -57.88944662E-03 +0.0E+00
+62.87400E-06 -86.83416987E-03 -2.81407033E-03
+62.89900E-06 -86.83416987E-03 -2.81407033E-03
+62.92400E-06 -57.88944662E-03 +0.0E+00
+62.94900E-06 -57.88944662E-03 +0.0E+00
+62.97400E-06 -86.83416998E-03 +0.0E+00
+62.99900E-06 -86.83416998E-03 +0.0E+00
+63.02400E-06 -86.83416998E-03 +0.0E+00
+63.04900E-06 -86.83416998E-03 -2.81407032E-03
+63.07400E-06 -86.83416987E-03 +0.0E+00
+63.09900E-06 -57.88944662E-03 +0.0E+00
+63.12400E-06 -57.88944662E-03 +0.0E+00
+63.14900E-06 -86.83416987E-03 +0.0E+00
+63.17400E-06 -57.88944662E-03 -5.62814065E-03
+63.19900E-06 -57.88944662E-03 -2.81407032E-03
+63.22400E-06 -57.88944662E-03 +0.0E+00
+63.24900E-06 -86.83416998E-03 +2.81407033E-03
+63.27400E-06 -86.83416987E-03 +0.0E+00
+63.29900E-06 -28.94472336E-03 -2.81407033E-03
+63.32400E-06 -57.88944662E-03 +0.0E+00
+63.34900E-06 +0.0E+00 +0.0E+00
+63.37400E-06 -57.88944662E-03 -2.81407033E-03
+63.39900E-06 -57.88944662E-03 +0.0E+00
+63.42400E-06 -57.88944662E-03 +5.62814064E-03
+63.44900E-06 -57.88944662E-03 +2.81407032E-03
+63.47400E-06 -57.88944662E-03 +2.81407033E-03
+63.49900E-06 -57.88944662E-03 +2.81407032E-03
+63.52400E-06 -57.88944662E-03 -2.81407032E-03
+63.54900E-06 -28.94472325E-03 +0.0E+00
+63.57400E-06 +110E-12 -2.81407033E-03
+63.59900E-06 -57.88944662E-03 -2.81407032E-03
+63.62400E-06 -57.88944662E-03 +2.81407032E-03
+63.64900E-06 -28.94472336E-03 +0.0E+00
+63.67400E-06 +0.0E+00 +2.81407033E-03
+63.69900E-06 -57.88944662E-03 +0.0E+00
+63.72400E-06 -28.94472336E-03 +0.0E+00
+63.74900E-06 -28.94472325E-03 +0.0E+00
+63.77400E-06 -57.88944662E-03 +0.0E+00
+63.79900E-06 -28.94472336E-03 -2.81407032E-03
+63.82400E-06 +0.0E+00 +2.81407033E-03
+63.84900E-06 -28.94472325E-03 +0.0E+00
+63.87400E-06 -28.94472325E-03 +0.0E+00
+63.89900E-06 -57.88944662E-03 +2.81407032E-03
+63.92400E-06 -28.94472336E-03 +0.0E+00
+63.94900E-06 -57.88944662E-03 -2.81407033E-03
+63.97400E-06 -57.88944662E-03 -2.81407032E-03
+63.99900E-06 -57.88944662E-03 +0.0E+00
+64.02400E-06 -28.94472336E-03 +0.0E+00
+64.04900E-06 -57.88944662E-03 +0.0E+00
+64.07400E-06 -86.83416987E-03 +0.0E+00
+64.09900E-06 -110E-12 +0.0E+00
+64.12400E-06 -57.88944662E-03 +0.0E+00
+64.14900E-06 -57.88944662E-03 +0.0E+00
+64.17400E-06 -28.94472325E-03 +0.0E+00
+64.19900E-06 -28.94472336E-03 +0.0E+00
+64.22400E-06 -28.94472325E-03 +2.81407033E-03
+64.24900E-06 -28.94472325E-03 +0.0E+00
+64.27400E-06 -28.94472325E-03 +0.0E+00
+64.29900E-06 -57.88944662E-03 -5.62814064E-03
+64.32400E-06 -57.88944662E-03 -2.81407032E-03
+64.34900E-06 -28.94472325E-03 -2.81407033E-03
+64.37400E-06 -28.94472325E-03 -2.81407033E-03
+64.39900E-06 -28.94472336E-03 -2.81407032E-03
+64.42400E-06 -28.94472336E-03 +2.81407033E-03
+64.44900E-06 -28.94472336E-03 +0.0E+00
+64.47400E-06 -28.94472325E-03 +0.0E+00
+64.49900E-06 -57.88944662E-03 -2.81407033E-03
+64.52400E-06 -57.88944662E-03 -5.62814064E-03
+64.54900E-06 -28.94472336E-03 -2.81407033E-03
+64.57400E-06 +0.0E+00 -2.81407033E-03
+64.59900E-06 -28.94472336E-03 -2.81407032E-03
+64.62400E-06 -28.94472336E-03 +2.81407032E-03
+64.64900E-06 -57.88944662E-03 +0.0E+00
+64.67400E-06 -57.88944662E-03 +0.0E+00
+64.69900E-06 -28.94472336E-03 -2.81407033E-03
+64.72400E-06 +0.0E+00 +0.0E+00
+64.74900E-06 -28.94472325E-03 +0.0E+00
+64.77400E-06 -28.94472325E-03 -2.81407033E-03
+64.79900E-06 +0.0E+00 -2.81407032E-03
+64.82400E-06 -57.88944662E-03 -2.81407032E-03
+64.84900E-06 -28.94472336E-03 +2.81407032E-03
+64.87400E-06 -28.94472325E-03 +0.0E+00
+64.89900E-06 -28.94472336E-03 -2.81407033E-03
+64.92400E-06 -57.88944662E-03 +0.0E+00
+64.94900E-06 -57.88944662E-03 +0.0E+00
+64.97400E-06 -57.88944662E-03 -2.81407033E-03
+64.99900E-06 -28.94472336E-03 -5.62814064E-03
+65.02400E-06 -57.88944662E-03 -2.81407033E-03
+65.04900E-06 -57.88944662E-03 +0.0E+00
+65.07400E-06 -57.88944662E-03 +0.0E+00
+65.09900E-06 -28.94472336E-03 -2.81407032E-03
+65.12400E-06 -28.94472325E-03 -2.81407032E-03
+65.14900E-06 +0.0E+00 +0.0E+00
+65.17400E-06 +0.0E+00 -2.81407032E-03
+65.19900E-06 -57.88944662E-03 +2.81407033E-03
+65.22400E-06 -57.88944662E-03 +10E-12
+65.24900E-06 -57.88944662E-03 +0.0E+00
+65.27400E-06 -28.94472336E-03 +0.0E+00
+65.29900E-06 -57.88944662E-03 +0.0E+00
+65.32400E-06 -28.94472336E-03 -2.81407032E-03
+65.34900E-06 -57.88944662E-03 +0.0E+00
+65.37400E-06 -57.88944662E-03 -2.81407033E-03
+65.39900E-06 -57.88944662E-03 -2.81407032E-03
+65.42400E-06 -86.83416998E-03 +0.0E+00
+65.44900E-06 -28.94472337E-03 -2.81407032E-03
+65.47400E-06 -57.88944662E-03 +0.0E+00
+65.49900E-06 +0.0E+00 +2.81407032E-03
+65.52400E-06 -57.88944662E-03 +0.0E+00
+65.54900E-06 -57.88944662E-03 +0.0E+00
+65.57400E-06 -28.94472325E-03 -2.81407033E-03
+65.59900E-06 -57.88944662E-03 +10E-12
+65.62400E-06 +0.0E+00 -2.81407032E-03
+65.64900E-06 -57.88944662E-03 -2.81407032E-03
+65.67400E-06 +0.0E+00 +0.0E+00
+65.69900E-06 -57.88944662E-03 +2.81407032E-03
+65.72400E-06 -57.88944662E-03 +0.0E+00
+65.74900E-06 -57.88944662E-03 -2.81407033E-03
+65.77400E-06 -57.88944662E-03 -2.81407033E-03
+65.79900E-06 -57.88944662E-03 +0.0E+00
+65.82400E-06 +0.0E+00 +2.81407033E-03
+65.84900E-06 -86.83416998E-03 +0.0E+00
+65.87400E-06 -57.88944662E-03 +0.0E+00
+65.89900E-06 -57.88944662E-03 +0.0E+00
+65.92400E-06 -28.94472337E-03 -2.81407032E-03
+65.94900E-06 -28.94472325E-03 -2.81407033E-03
+65.97400E-06 -28.94472325E-03 -2.81407033E-03
+65.99900E-06 -28.94472325E-03 -2.81407032E-03
+66.02400E-06 -28.94472337E-03 +0.0E+00
+66.04900E-06 -86.83416998E-03 +0.0E+00
+66.07400E-06 -28.94472325E-03 +0.0E+00
+66.09900E-06 -57.88944662E-03 -2.81407033E-03
+66.12400E-06 -28.94472325E-03 +2.81407033E-03
+66.14900E-06 -57.88944662E-03 +0.0E+00
+66.17400E-06 -28.94472325E-03 -2.81407033E-03
+66.19900E-06 -57.88944662E-03 -2.81407032E-03
+66.22400E-06 -57.88944662E-03 +0.0E+00
+66.24900E-06 -57.88944662E-03 +0.0E+00
+66.27400E-06 +0.0E+00 +2.81407032E-03
+66.29900E-06 -28.94472325E-03 -2.81407032E-03
+66.32400E-06 -57.88944662E-03 -2.81407032E-03
+66.34900E-06 -57.88944662E-03 +0.0E+00
+66.37400E-06 +0.0E+00 -2.81407033E-03
+66.39900E-06 -28.94472337E-03 -2.81407032E-03
+66.42400E-06 -57.88944662E-03 +2.81407032E-03
+66.44900E-06 -57.88944662E-03 +0.0E+00
+66.47400E-06 -28.94472325E-03 +0.0E+00
+66.49900E-06 +0.0E+00 +0.0E+00
+66.52400E-06 -86.83416987E-03 +2.81407033E-03
+66.54900E-06 -28.94472325E-03 +0.0E+00
+66.57400E-06 -57.88944662E-03 +2.81407032E-03
+66.59900E-06 -57.88944662E-03 -2.81407032E-03
+66.62400E-06 +0.0E+00 +0.0E+00
+66.64900E-06 -28.94472325E-03 +0.0E+00
+66.67400E-06 -86.83416987E-03 +0.0E+00
+66.69900E-06 -86.83416987E-03 -2.81407033E-03
+66.72400E-06 -57.88944662E-03 -2.81407032E-03
+66.74900E-06 -28.94472325E-03 +0.0E+00
+66.77400E-06 -28.94472337E-03 -2.81407033E-03
+66.79900E-06 -57.88944662E-03 -2.81407032E-03
+66.82400E-06 -57.88944662E-03 +0.0E+00
+66.84900E-06 +0.0E+00 +0.0E+00
+66.87400E-06 -57.88944662E-03 +2.81407032E-03
+66.89900E-06 -57.88944662E-03 -2.81407032E-03
+66.92400E-06 -28.94472325E-03 -2.81407032E-03
+66.94900E-06 -28.94472337E-03 +0.0E+00
+66.97400E-06 +0.0E+00 -2.81407033E-03
+66.99900E-06 -28.94472325E-03 +0.0E+00
+67.02400E-06 -57.88944662E-03 +0.0E+00
+67.04900E-06 -57.88944662E-03 +0.0E+00
+67.07400E-06 -57.88944662E-03 +0.0E+00
+67.09900E-06 -57.88944662E-03 -2.81407033E-03
+67.12400E-06 -57.88944662E-03 -2.81407032E-03
+67.14900E-06 -57.88944662E-03 +0.0E+00
+67.17400E-06 +0.0E+00 -2.81407033E-03
+67.19900E-06 -57.88944662E-03 -2.81407032E-03
+67.22400E-06 -57.88944662E-03 -2.81407032E-03
+67.24900E-06 -28.94472325E-03 +0.0E+00
+67.27400E-06 -57.88944650E-03 +0.0E+00
+67.29900E-06 -28.94472325E-03 -2.81407033E-03
+67.32400E-06 -86.83416998E-03 -2.81407032E-03
+67.34900E-06 -28.94472337E-03 +0.0E+00
+67.37400E-06 -57.88944662E-03 -5.62814064E-03
+67.39900E-06 -28.94472337E-03 -2.81407032E-03
+67.42400E-06 -57.88944662E-03 +0.0E+00
+67.44900E-06 -57.88944662E-03 +0.0E+00
+67.47400E-06 -28.94472337E-03 +0.0E+00
+67.49900E-06 -57.88944662E-03 +0.0E+00
+67.52400E-06 -28.94472337E-03 +0.0E+00
+67.54900E-06 -57.88944662E-03 +2.81407033E-03
+67.57400E-06 -57.88944662E-03 -5.62814065E-03
+67.59900E-06 -57.88944662E-03 +0.0E+00
+67.62400E-06 -28.94472337E-03 -2.81407032E-03
+67.64900E-06 -57.88944662E-03 +0.0E+00
+67.67400E-06 -57.88944662E-03 +0.0E+00
+67.69900E-06 -57.88944662E-03 +0.0E+00
+67.72400E-06 -57.88944662E-03 +2.81407033E-03
+67.74900E-06 -28.94472337E-03 -10E-12
+67.77400E-06 -28.94472337E-03 +0.0E+00
+67.79900E-06 -28.94472337E-03 -2.81407033E-03
+67.82400E-06 -28.94472337E-03 +2.81407033E-03
+67.84900E-06 -57.88944662E-03 +0.0E+00
+67.87400E-06 -57.88944662E-03 +0.0E+00
+67.89900E-06 -57.88944662E-03 +0.0E+00
+67.92400E-06 -57.88944662E-03 -2.81407032E-03
+67.94900E-06 -28.94472325E-03 +2.81407032E-03
+67.97400E-06 -28.94472325E-03 -2.81407033E-03
+67.99900E-06 -57.88944662E-03 -2.81407032E-03
+68.02400E-06 -57.88944662E-03 -2.81407033E-03
+68.04900E-06 -28.94472337E-03 +0.0E+00
+68.07400E-06 -28.94472337E-03 +0.0E+00
+68.09900E-06 -57.88944662E-03 -2.81407033E-03
+68.12400E-06 -57.88944662E-03 -2.81407032E-03
+68.14900E-06 -57.88944662E-03 +0.0E+00
+68.17400E-06 -28.94472325E-03 -10E-12
+68.19900E-06 -57.88944662E-03 +0.0E+00
+68.22400E-06 -57.88944662E-03 +0.0E+00
+68.24900E-06 -28.94472337E-03 +0.0E+00
+68.27400E-06 -28.94472337E-03 +2.81407032E-03
+68.29900E-06 +0.0E+00 +0.0E+00
+68.32400E-06 -28.94472337E-03 -2.81407032E-03
+68.34900E-06 -28.94472325E-03 +0.0E+00
+68.37400E-06 +0.0E+00 -10E-12
+68.39900E-06 -28.94472337E-03 -2.81407032E-03
+68.42400E-06 -57.88944662E-03 +0.0E+00
+68.44900E-06 -57.88944662E-03 +0.0E+00
+68.47400E-06 -57.88944649E-03 +0.0E+00
+68.49900E-06 -57.88944662E-03 +0.0E+00
+68.52400E-06 -28.94472337E-03 +0.0E+00
+68.54900E-06 -57.88944662E-03 +2.81407032E-03
+68.57400E-06 -28.94472325E-03 -2.81407033E-03
+68.59900E-06 +0.0E+00 -2.81407032E-03
+68.62400E-06 -57.88944662E-03 +0.0E+00
+68.64900E-06 -57.88944662E-03 +0.0E+00
+68.67400E-06 -28.94472337E-03 +0.0E+00
+68.69900E-06 -57.88944662E-03 -2.81407032E-03
+68.72400E-06 -28.94472337E-03 +0.0E+00
+68.74900E-06 -57.88944662E-03 +0.0E+00
+68.77400E-06 -28.94472325E-03 -2.81407033E-03
+68.79900E-06 -28.94472337E-03 -5.62814064E-03
+68.82400E-06 -57.88944662E-03 +0.0E+00
+68.84900E-06 -28.94472325E-03 +0.0E+00
+68.87400E-06 -57.88944662E-03 +0.0E+00
+68.89900E-06 -57.88944662E-03 +0.0E+00
+68.92400E-06 -57.88944662E-03 +2.81407033E-03
+68.94900E-06 -57.88944662E-03 +0.0E+00
+68.97400E-06 +0.0E+00 +0.0E+00
+68.99900E-06 -28.94472337E-03 -2.81407033E-03
+69.02400E-06 -28.94472337E-03 +0.0E+00
+69.04900E-06 -57.88944662E-03 +0.0E+00
+69.07400E-06 -57.88944662E-03 -10E-12
+69.09900E-06 +0.0E+00 +0.0E+00
+69.12400E-06 +0.0E+00 -2.81407032E-03
+69.14900E-06 -86.83416986E-03 +0.0E+00
+69.17400E-06 -57.88944662E-03 +0.0E+00
+69.19900E-06 -28.94472337E-03 -2.81407032E-03
+69.22400E-06 -28.94472325E-03 +0.0E+00
+69.24900E-06 +0.0E+00 -10E-12
+69.27400E-06 -28.94472325E-03 +0.0E+00
+69.29900E-06 -28.94472337E-03 -2.81407033E-03
+69.32400E-06 -86.83416986E-03 +0.0E+00
+69.34900E-06 -57.88944662E-03 +0.0E+00
+69.37400E-06 -57.88944662E-03 +0.0E+00
+69.39900E-06 -28.94472337E-03 -2.81407032E-03
+69.42400E-06 -28.94472337E-03 +0.0E+00
+69.44900E-06 -57.88944662E-03 +0.0E+00
+69.47400E-06 -86.83416986E-03 +0.0E+00
+69.49900E-06 -28.94472337E-03 +0.0E+00
+69.52400E-06 -57.88944662E-03 -5.62814064E-03
+69.54900E-06 -57.88944662E-03 +0.0E+00
+69.57400E-06 -57.88944662E-03 -2.81407033E-03
+69.59900E-06 +0.0E+00 -2.81407032E-03
+69.62400E-06 +0.0E+00 +0.0E+00
+69.64900E-06 -57.88944662E-03 +0.0E+00
+69.67400E-06 -57.88944649E-03 +0.0E+00
+69.69900E-06 -57.88944662E-03 +0.0E+00
+69.72400E-06 -28.94472337E-03 +0.0E+00
+69.74900E-06 -57.88944662E-03 +0.0E+00
+69.77400E-06 -28.94472324E-03 -2.81407033E-03
+69.79900E-06 +0.0E+00 -2.81407032E-03
+69.82400E-06 -57.88944662E-03 +0.0E+00
+69.84900E-06 -28.94472337E-03 +0.0E+00
+69.87400E-06 -57.88944662E-03 +2.81407033E-03
+69.89900E-06 -57.88944662E-03 +0.0E+00
+69.92400E-06 -57.88944662E-03 -2.81407032E-03
+69.94900E-06 -57.88944662E-03 +0.0E+00
+69.97400E-06 -57.88944662E-03 -2.81407033E-03
+69.99900E-06 +0.0E+00 +0.0E+00
+70.02400E-06 -28.94472337E-03 +0.0E+00
+70.04900E-06 -57.88944662E-03 +0.0E+00
+70.07400E-06 -28.94472324E-03 +0.0E+00
+70.09900E-06 -28.94472337E-03 +0.0E+00
+70.12400E-06 +0.0E+00 +0.0E+00
+70.14900E-06 +0.0E+00 +0.0E+00
+70.17400E-06 +130E-12 +0.0E+00
+70.19900E-06 -28.94472337E-03 -2.81407032E-03
+70.22400E-06 -57.88944662E-03 +0.0E+00
+70.24900E-06 -115.77889323E-03 +0.0E+00
+70.27400E-06 -57.88944662E-03 +0.0E+00
+70.29900E-06 -28.94472337E-03 +0.0E+00
+70.32400E-06 -57.88944662E-03 +0.0E+00
+70.34900E-06 -57.88944662E-03 +2.81407033E-03
+70.37400E-06 +0.0E+00 -2.81407033E-03
+70.39900E-06 +0.0E+00 -5.62814064E-03
+70.42400E-06 -86.83416999E-03 +0.0E+00
+70.44900E-06 -28.94472337E-03 +0.0E+00
+70.47400E-06 -28.94472337E-03 +2.81407033E-03
+70.49900E-06 +0.0E+00 +0.0E+00
+70.52400E-06 -28.94472324E-03 -2.81407032E-03
+70.54900E-06 -28.94472324E-03 +2.81407032E-03
+70.57400E-06 +0.0E+00 +0.0E+00
+70.59900E-06 -57.88944662E-03 -2.81407032E-03
+70.62400E-06 -28.94472324E-03 -2.81407032E-03
+70.64900E-06 -57.88944662E-03 +2.81407032E-03
+70.67400E-06 -28.94472324E-03 +0.0E+00
+70.69900E-06 -28.94472337E-03 +0.0E+00
+70.72400E-06 -57.88944662E-03 +2.81407033E-03
+70.74900E-06 -28.94472337E-03 +0.0E+00
+70.77400E-06 +0.0E+00 +0.0E+00
+70.79900E-06 -57.88944662E-03 -2.81407032E-03
+70.82400E-06 -57.88944662E-03 +0.0E+00
+70.84900E-06 -28.94472337E-03 +0.0E+00
+70.87400E-06 -86.83416986E-03 +0.0E+00
+70.89900E-06 -28.94472337E-03 +2.81407032E-03
+70.92400E-06 -57.88944662E-03 +0.0E+00
+70.94900E-06 -28.94472324E-03 +0.0E+00
+70.97400E-06 -28.94472324E-03 -2.81407033E-03
+70.99900E-06 -57.88944662E-03 -2.81407032E-03
+71.02400E-06 -28.94472337E-03 +0.0E+00
+71.04900E-06 -28.94472324E-03 +0.0E+00
+71.07400E-06 -28.94472324E-03 +0.0E+00
+71.09900E-06 -57.88944662E-03 +0.0E+00
+71.12400E-06 -28.94472324E-03 -2.81407032E-03
+71.14900E-06 -57.88944662E-03 +2.81407033E-03
+71.17400E-06 +0.0E+00 +0.0E+00
+71.19900E-06 -28.94472337E-03 -2.81407032E-03
+71.22400E-06 -57.88944662E-03 +0.0E+00
+71.24900E-06 -57.88944662E-03 +0.0E+00
+71.27400E-06 -57.88944662E-03 +0.0E+00
+71.29900E-06 -57.88944662E-03 +0.0E+00
+71.32400E-06 -28.94472337E-03 -2.81407032E-03
+71.34900E-06 -28.94472337E-03 +0.0E+00
+71.37400E-06 -57.88944662E-03 -5.62814064E-03
+71.39900E-06 -28.94472337E-03 -2.81407032E-03
+71.42400E-06 -86.83416999E-03 +0.0E+00
+71.44900E-06 -57.88944662E-03 +0.0E+00
+71.47400E-06 -86.83416986E-03 +0.0E+00
+71.49900E-06 -28.94472337E-03 +0.0E+00
+71.52400E-06 -57.88944662E-03 +0.0E+00
+71.54900E-06 -57.88944648E-03 +0.0E+00
+71.57400E-06 -28.94472337E-03 +0.0E+00
+71.59900E-06 -28.94472337E-03 +0.0E+00
+71.62400E-06 -57.88944662E-03 +0.0E+00
+71.64900E-06 -57.88944662E-03 +0.0E+00
+71.67400E-06 -28.94472324E-03 +0.0E+00
+71.69900E-06 -28.94472324E-03 +0.0E+00
+71.72400E-06 -28.94472337E-03 +0.0E+00
+71.74900E-06 -28.94472324E-03 +0.0E+00
+71.77400E-06 -57.88944648E-03 -2.81407033E-03
+71.79900E-06 -57.88944662E-03 -2.81407032E-03
+71.82400E-06 -28.94472324E-03 +0.0E+00
+71.84900E-06 -57.88944662E-03 +0.0E+00
+71.87400E-06 +0.0E+00 +5.62814064E-03
+71.89900E-06 -28.94472337E-03 -2.81407033E-03
+71.92400E-06 -57.88944662E-03 +0.0E+00
+71.94900E-06 -28.94472324E-03 -2.81407033E-03
+71.97400E-06 -28.94472324E-03 +0.0E+00
+71.99900E-06 -57.88944662E-03 -2.81407032E-03
+72.02400E-06 -28.94472324E-03 +0.0E+00
+72.04900E-06 -57.88944675E-03 +0.0E+00
+72.07400E-06 +0.0E+00 +0.0E+00
+72.09900E-06 -28.94472337E-03 -2.81407033E-03
+72.12400E-06 -86.83416999E-03 +0.0E+00
+72.14900E-06 -57.88944662E-03 +0.0E+00
+72.17400E-06 -28.94472337E-03 +0.0E+00
+72.19900E-06 -28.94472337E-03 +0.0E+00
+72.22400E-06 -28.94472337E-03 +0.0E+00
+72.24900E-06 -57.88944662E-03 +0.0E+00
+72.27400E-06 -57.88944662E-03 +2.81407033E-03
+72.29900E-06 -57.88944662E-03 +0.0E+00
+72.32400E-06 -57.88944662E-03 +0.0E+00
+72.34900E-06 -57.88944662E-03 +0.0E+00
+72.37400E-06 -28.94472324E-03 -2.81407033E-03
+72.39900E-06 -57.88944662E-03 -2.81407032E-03
+72.42400E-06 -57.88944662E-03 +0.0E+00
+72.44900E-06 -57.88944662E-03 +0.0E+00
+72.47400E-06 -28.94472324E-03 +0.0E+00
+72.49900E-06 -57.88944662E-03 +2.81407032E-03
+72.52400E-06 -57.88944662E-03 -2.81407032E-03
+72.54900E-06 -57.88944662E-03 +0.0E+00
+72.57400E-06 -28.94472324E-03 +0.0E+00
+72.59900E-06 -28.94472324E-03 -5.62814064E-03
+72.62400E-06 -28.94472338E-03 +0.0E+00
+72.64900E-06 -28.94472338E-03 +0.0E+00
+72.67400E-06 -57.88944662E-03 +0.0E+00
+72.69900E-06 -28.94472338E-03 +2.81407032E-03
+72.72400E-06 -57.88944662E-03 +0.0E+00
+72.74900E-06 -57.88944648E-03 +2.81407033E-03
+72.77400E-06 -28.94472338E-03 -10E-12
+72.79900E-06 -28.94472338E-03 +0.0E+00
+72.82400E-06 -57.88944662E-03 +2.81407033E-03
+72.84900E-06 -57.88944675E-03 +2.81407033E-03
+72.87400E-06 -57.88944662E-03 +0.0E+00
+72.89900E-06 -28.94472324E-03 +0.0E+00
+72.92400E-06 -86.83416999E-03 +0.0E+00
+72.94900E-06 -28.94472324E-03 +0.0E+00
+72.97400E-06 +0.0E+00 +0.0E+00
+72.99900E-06 -28.94472338E-03 +2.81407033E-03
+73.02400E-06 -28.94472324E-03 -2.81407033E-03
+73.04900E-06 -57.88944675E-03 +0.0E+00
+73.07400E-06 -57.88944662E-03 -2.81407032E-03
+73.09900E-06 +0.0E+00 +2.81407031E-03
+73.12400E-06 -28.94472324E-03 +0.0E+00
+73.14900E-06 +0.0E+00 +0.0E+00
+73.17400E-06 -28.94472324E-03 +0.0E+00
+73.19900E-06 -28.94472338E-03 +0.0E+00
+73.22400E-06 -57.88944662E-03 +0.0E+00
+73.24900E-06 -28.94472338E-03 +0.0E+00
+73.27400E-06 -57.88944662E-03 +0.0E+00
+73.29900E-06 -57.88944662E-03 -2.81407033E-03
+73.32400E-06 -57.88944662E-03 -2.81407031E-03
+73.34900E-06 -57.88944662E-03 +2.81407033E-03
+73.37400E-06 +0.0E+00 -2.81407033E-03
+73.39900E-06 -57.88944662E-03 -2.81407031E-03
+73.42400E-06 -57.88944662E-03 +10E-12
+73.44900E-06 -57.88944662E-03 +0.0E+00
+73.47400E-06 -57.88944662E-03 +0.0E+00
+73.49900E-06 +0.0E+00 +0.0E+00
+73.52400E-06 -57.88944662E-03 +0.0E+00
+73.54900E-06 -57.88944662E-03 +0.0E+00
+73.57400E-06 -28.94472338E-03 -2.81407031E-03
+73.59900E-06 -57.88944662E-03 +0.0E+00
+73.62400E-06 -57.88944662E-03 +2.81407031E-03
+73.64900E-06 -86.83416999E-03 +0.0E+00
+73.67400E-06 +0.0E+00 +0.0E+00
+73.69900E-06 -28.94472338E-03 +0.0E+00
+73.72400E-06 -57.88944675E-03 +0.0E+00
+73.74900E-06 -28.94472338E-03 +0.0E+00
+73.77400E-06 -57.88944662E-03 -2.81407033E-03
+73.79900E-06 -57.88944662E-03 -2.81407031E-03
+73.82400E-06 -28.94472338E-03 +0.0E+00
+73.84900E-06 -28.94472324E-03 +0.0E+00
+73.87400E-06 -28.94472324E-03 +0.0E+00
+73.89900E-06 +0.0E+00 -2.81407033E-03
+73.92400E-06 -86.83416999E-03 -2.81407031E-03
+73.94900E-06 -57.88944662E-03 -2.81407031E-03
+73.97400E-06 -57.88944662E-03 +0.0E+00
+73.99900E-06 -57.88944662E-03 +0.0E+00
+74.02400E-06 -86.83416999E-03 +0.0E+00
+74.04900E-06 -28.94472338E-03 +5.62814064E-03
+74.07400E-06 +0.0E+00 +0.0E+00
+74.09900E-06 -28.94472338E-03 +0.0E+00
+74.12400E-06 -28.94472338E-03 +0.0E+00
+74.14900E-06 -28.94472324E-03 +0.0E+00
+74.17400E-06 +0.0E+00 -2.81407033E-03
+74.19900E-06 -28.94472338E-03 +0.0E+00
+74.22400E-06 -57.88944662E-03 +0.0E+00
+74.24900E-06 -57.88944662E-03 +0.0E+00
+74.27400E-06 -86.83416985E-03 +0.0E+00
+74.29900E-06 -57.88944662E-03 -2.81407033E-03
+74.32400E-06 -57.88944662E-03 +0.0E+00
+74.34900E-06 -57.88944662E-03 +0.0E+00
+74.37400E-06 -57.88944662E-03 +0.0E+00
+74.39900E-06 +0.0E+00 -2.81407031E-03
+74.42400E-06 -57.88944662E-03 +0.0E+00
+74.44900E-06 -57.88944662E-03 +0.0E+00
+74.47400E-06 -57.88944662E-03 +2.81407031E-03
+74.49900E-06 -28.94472324E-03 +0.0E+00
+74.52400E-06 -28.94472324E-03 -2.81407031E-03
+74.54900E-06 -57.88944662E-03 +0.0E+00
+74.57400E-06 -28.94472324E-03 -2.81407033E-03
+74.59900E-06 +0.0E+00 -2.81407031E-03
+74.62400E-06 -57.88944662E-03 +2.81407033E-03
+74.64900E-06 -57.88944662E-03 +0.0E+00
+74.67400E-06 -28.94472338E-03 +2.81407033E-03
