x-axis 1 2
second Volt Volt
+23.90000E-06  
+23.92500E-06 -92.46230870E-03 -10.25125617E-03
+23.95000E-06 -184.92461741E-03 -3.41708539E-03
+23.97500E-06 -115.57788588E-03 -10.25125617E-03
+24.00000E-06 -92.46230870E-03 -10.25125617E-03
+24.02500E-06 -92.46230870E-03 +6.83417078E-03
+24.05000E-06 -92.46230870E-03 -10.25125617E-03
+24.07500E-06 -184.92461741E-03 +0.0E+00
+24.10000E-06 -115.57788588E-03 +0.0E+00
+24.12500E-06 -23.11557718E-03 -10.25125617E-03
+24.15000E-06 -161.80904023E-03 -10.25125617E-03
+24.17500E-06 -23.11557718E-03 -13.66834156E-03
+24.20000E-06 -92.46230870E-03 -10.25125617E-03
+24.22500E-06 -184.92461741E-03 -13.66834156E-03
+24.25000E-06 -161.80904023E-03 +0.0E+00
+24.27500E-06 -161.80904023E-03 +0.0E+00
+24.30000E-06 -23.11557718E-03 +0.0E+00
+24.32500E-06 -23.11557718E-03 +0.0E+00
+24.35000E-06 -161.80904023E-03 -10.25125617E-03
+24.37500E-06 -92.46230870E-03 +0.0E+00
+24.40000E-06 -69.34673153E-03 -13.66834156E-03
+24.42500E-06 -115.57788588E-03 -13.66834156E-03
+24.45000E-06 -184.92461741E-03 -3.41708539E-03
+24.47500E-06 -115.57788588E-03 -3.41708539E-03
+24.50000E-06 -92.46230870E-03 -3.41708539E-03
+24.52500E-06 -92.46230870E-03 +0.0E+00
+24.55000E-06 -161.80904023E-03 -13.66834156E-03
+24.57500E-06 -115.57788588E-03 -10.25125617E-03
+24.60000E-06 -92.46230870E-03 -13.66834156E-03
+24.62500E-06 -92.46230870E-03 -3.41708539E-03
+24.65000E-06 -92.46230870E-03 -3.41708539E-03
+24.67500E-06 -161.80904023E-03 -10.25125617E-03
+24.70000E-06 -92.46230870E-03 +0.0E+00
+24.72500E-06 -115.57788588E-03 -13.66834156E-03
+24.75000E-06 -184.92461741E-03 -3.41708539E-03
+24.77500E-06 -92.46230870E-03 +0.0E+00
+24.80000E-06 -161.80904024E-03 -13.66834156E-03
+24.82500E-06 -184.92461741E-03 -3.41708539E-03
+24.85000E-06 -161.80904024E-03 -13.66834156E-03
+24.87500E-06 -161.80904024E-03 -10.25125617E-03
+24.90000E-06 -92.46230870E-03 +0.0E+00
+24.92500E-06 -69.34673153E-03 +0.0E+00
+24.95000E-06 -161.80904024E-03 -3.41708539E-03
+24.97500E-06 -92.46230870E-03 -13.66834156E-03
+25.00000E-06 -92.46230870E-03 -23.91959773E-03
+25.02500E-06 -92.46230870E-03 -3.41708539E-03
+25.05000E-06 -92.46230870E-03 +0.0E+00
+25.07500E-06 -184.92461741E-03 -3.41708539E-03
+25.10000E-06 -92.46230870E-03 +0.0E+00
+25.12500E-06 -92.46230870E-03 -3.41708539E-03
+25.15000E-06 -92.46230870E-03 +0.0E+00
+25.17500E-06 -23.11557717E-03 +0.0E+00
+25.20000E-06 -115.57788588E-03 -13.66834156E-03
+25.22500E-06 -69.34673153E-03 -3.41708539E-03
+25.25000E-06 -92.46230870E-03 -3.41708539E-03
+25.27500E-06 -92.46230870E-03 -13.66834156E-03
+25.30000E-06 -46.23115435E-03 -13.66834156E-03
+25.32500E-06 -92.46230870E-03 -13.66834156E-03
+25.35000E-06 -92.46230870E-03 -13.66834156E-03
+25.37500E-06 -92.46230870E-03 +0.0E+00
+25.40000E-06 -92.46230870E-03 -13.66834156E-03
+25.42500E-06 -115.57788588E-03 -13.66834156E-03
+25.45000E-06 -92.46230870E-03 -3.41708539E-03
+25.47500E-06 -161.80904024E-03 -3.41708539E-03
+25.50000E-06 -115.57788588E-03 -10.25125617E-03
+25.52500E-06 -161.80904024E-03 -13.66834156E-03
+25.55000E-06 -161.80904024E-03 -3.41708539E-03
+25.57500E-06 -115.57788588E-03 -10.25125617E-03
+25.60000E-06 -92.46230870E-03 -10.25125617E-03
+25.62500E-06 -92.46230870E-03 -3.41708539E-03
+25.65000E-06 -161.80904024E-03 -10.25125617E-03
+25.67500E-06 -161.80904024E-03 -10.25125617E-03
+25.70000E-06 -115.57788588E-03 -3.41708539E-03
+25.72500E-06 -92.46230870E-03 -13.66834156E-03
+25.75000E-06 -161.80904024E-03 -3.41708539E-03
+25.77500E-06 -115.57788588E-03 -13.66834156E-03
+25.80000E-06 -92.46230870E-03 -13.66834156E-03
+25.82500E-06 -92.46230870E-03 -17.08542695E-03
+25.85000E-06 -161.80904024E-03 +0.0E+00
+25.87500E-06 -161.80904024E-03 +0.0E+00
+25.90000E-06 -46.23115434E-03 +10.25125617E-03
+25.92500E-06 -92.46230870E-03 -10.25125617E-03
+25.95000E-06 -115.57788588E-03 +0.0E+00
+25.97500E-06 -115.57788588E-03 -13.66834156E-03
+26.00000E-06 -92.46230870E-03 -10.25125617E-03
+26.02500E-06 -115.57788588E-03 -3.41708539E-03
+26.05000E-06 -161.80904024E-03 -13.66834156E-03
+26.07500E-06 -161.80904024E-03 +0.0E+00
+26.10000E-06 -115.57788588E-03 +0.0E+00
+26.12500E-06 -161.80904024E-03 -3.41708539E-03
+26.15000E-06 -92.46230870E-03 -13.66834156E-03
+26.17500E-06 -115.57788588E-03 +0.0E+00
+26.20000E-06 -161.80904024E-03 -10.25125617E-03
+26.22500E-06 -92.46230870E-03 -3.41708539E-03
+26.25000E-06 -92.46230870E-03 +0.0E+00
+26.27500E-06 -184.92461741E-03 -10.25125617E-03
+26.30000E-06 -115.57788588E-03 +0.0E+00
+26.32500E-06 -69.34673153E-03 +0.0E+00
+26.35000E-06 -184.92461741E-03 -17.08542695E-03
+26.37500E-06 -23.11557717E-03 +0.0E+00
+26.40000E-06 -92.46230870E-03 -10.25125617E-03
+26.42500E-06 -92.46230870E-03 -3.41708539E-03
+26.45000E-06 -92.46230870E-03 +0.0E+00
+26.47500E-06 -161.80904024E-03 -10.25125617E-03
+26.50000E-06 -115.57788588E-03 -10.25125617E-03
+26.52500E-06 -161.80904024E-03 -13.66834156E-03
+26.55000E-06 -92.46230870E-03 -3.41708539E-03
+26.57500E-06 -92.46230870E-03 -3.41708539E-03
+26.60000E-06 -92.46230870E-03 -10.25125617E-03
+26.62500E-06 -161.80904024E-03 -3.41708539E-03
+26.65000E-06 -92.46230870E-03 +0.0E+00
+26.67500E-06 -184.92461741E-03 +0.0E+00
+26.70000E-06 -115.57788588E-03 -10.25125617E-03
+26.72500E-06 -161.80904024E-03 -13.66834156E-03
+26.75000E-06 -161.80904024E-03 -3.41708539E-03
+26.77500E-06 -115.57788588E-03 +0.0E+00
+26.80000E-06 -184.92461741E-03 -10.25125617E-03
+26.82500E-06 +0.0E+00 -3.41708539E-03
+26.85000E-06 -92.46230870E-03 -10.25125617E-03
+26.87500E-06 -184.92461741E-03 -6.83417078E-03
+26.90000E-06 -115.57788587E-03 -10.25125617E-03
+26.92500E-06 -92.46230870E-03 -10.25125617E-03
+26.95000E-06 -115.57788587E-03 -3.41708539E-03
+26.97500E-06 -92.46230870E-03 +0.0E+00
+27.00000E-06 -115.57788587E-03 -13.66834156E-03
+27.02500E-06 -92.46230870E-03 -10.25125617E-03
+27.05000E-06 -161.80904024E-03 -3.41708539E-03
+27.07500E-06 -161.80904024E-03 -13.66834156E-03
+27.10000E-06 -115.57788587E-03 -10.25125617E-03
+27.12500E-06 -92.46230870E-03 -10.25125617E-03
+27.15000E-06 -184.92461741E-03 -3.41708539E-03
+27.17500E-06 -115.57788587E-03 +0.0E+00
+27.20000E-06 -92.46230870E-03 -23.91959773E-03
+27.22500E-06 -92.46230870E-03 -13.66834156E-03
+27.25000E-06 -92.46230870E-03 +0.0E+00
+27.27500E-06 -161.80904024E-03 -10.25125617E-03
+27.30000E-06 -23.11557717E-03 -13.66834156E-03
+27.32500E-06 -92.46230870E-03 -3.41708539E-03
+27.35000E-06 -115.57788587E-03 -3.41708539E-03
+27.37500E-06 -115.57788587E-03 -10.25125617E-03
+27.40000E-06 -92.46230870E-03 -10.25125617E-03
+27.42500E-06 -69.34673154E-03 +0.0E+00
+27.45000E-06 -138.69346307E-03 -13.66834156E-03
+27.47500E-06 -161.80904024E-03 +0.0E+00
+27.50000E-06 -184.92461741E-03 +0.0E+00
+27.52500E-06 -161.80904024E-03 -13.66834156E-03
+27.55000E-06 -161.80904024E-03 -13.66834156E-03
+27.57500E-06 -115.57788587E-03 +0.0E+00
+27.60000E-06 -92.46230870E-03 -23.91959773E-03
+27.62500E-06 -92.46230870E-03 -17.08542695E-03
+27.65000E-06 -161.80904024E-03 +0.0E+00
+27.67500E-06 -161.80904024E-03 +0.0E+00
+27.70000E-06 -115.57788587E-03 -10.25125617E-03
+27.72500E-06 -92.46230870E-03 -13.66834156E-03
+27.75000E-06 -92.46230870E-03 +0.0E+00
+27.77500E-06 -92.46230870E-03 +0.0E+00
+27.80000E-06 -92.46230870E-03 -13.66834156E-03
+27.82500E-06 -92.46230870E-03 -3.41708539E-03
+27.85000E-06 -92.46230870E-03 +0.0E+00
+27.87500E-06 -161.80904024E-03 +0.0E+00
+27.90000E-06 -46.23115433E-03 +0.0E+00
+27.92500E-06 -161.80904024E-03 +0.0E+00
+27.95000E-06 -161.80904024E-03 -3.41708539E-03
+27.97500E-06 -92.46230870E-03 -10.25125617E-03
+28.00000E-06 -69.34673154E-03 -10.25125617E-03
+28.02500E-06 -92.46230870E-03 -13.66834156E-03
+28.05000E-06 -161.80904024E-03 -3.41708539E-03
+28.07500E-06 -92.46230870E-03 +0.0E+00
+28.10000E-06 -115.57788587E-03 +0.0E+00
+28.12500E-06 -92.46230870E-03 -13.66834156E-03
+28.15000E-06 -184.92461741E-03 -3.41708539E-03
+28.17500E-06 -92.46230870E-03 -10.25125617E-03
+28.20000E-06 -161.80904024E-03 -13.66834156E-03
+28.22500E-06 -92.46230870E-03 -3.41708539E-03
+28.25000E-06 -92.46230870E-03 +0.0E+00
+28.27500E-06 -184.92461741E-03 +0.0E+00
+28.30000E-06 -115.57788587E-03 +0.0E+00
+28.32500E-06 -92.46230870E-03 -10.25125617E-03
+28.35000E-06 -92.46230870E-03 -3.41708539E-03
+28.37500E-06 -92.46230870E-03 -13.66834156E-03
+28.40000E-06 -23.11557717E-03 -10.25125617E-03
+28.42500E-06 -92.46230870E-03 -3.41708539E-03
+28.45000E-06 -161.80904024E-03 -10.25125617E-03
+28.47500E-06 -161.80904024E-03 -3.41708539E-03
+28.50000E-06 -115.57788587E-03 -10.25125617E-03
+28.52500E-06 -92.46230870E-03 -10.25125617E-03
+28.55000E-06 -161.80904024E-03 +0.0E+00
+28.57500E-06 -92.46230870E-03 -10.25125617E-03
+28.60000E-06 -23.11557717E-03 -23.91959774E-03
+28.62500E-06 -184.92461741E-03 -6.83417078E-03
+28.65000E-06 -92.46230870E-03 -10.25125617E-03
+28.67500E-06 -161.80904024E-03 -3.41708539E-03
+28.70000E-06 -115.57788587E-03 +0.0E+00
+28.72500E-06 -92.46230870E-03 -13.66834156E-03
+28.75000E-06 -92.46230870E-03 +0.0E+00
+28.77500E-06 -92.46230870E-03 +0.0E+00
+28.80000E-06 -115.57788587E-03 -13.66834156E-03
+28.82500E-06 -69.34673154E-03 -3.41708539E-03
+28.85000E-06 -92.46230870E-03 -13.66834156E-03
+28.87500E-06 -161.80904024E-03 -3.41708539E-03
+28.90000E-06 -115.57788587E-03 -10.25125617E-03
+28.92500E-06 -161.80904024E-03 -13.66834156E-03
+28.95000E-06 -184.92461741E-03 -3.41708539E-03
+28.97500E-06 -92.46230870E-03 +10.25125617E-03
+29.00000E-06 -161.80904024E-03 -10.25125617E-03
+29.02500E-06 -115.57788587E-03 -6.83417078E-03
+29.05000E-06 -92.46230870E-03 -13.66834156E-03
+29.07500E-06 -92.46230870E-03 -10.25125617E-03
+29.10000E-06 -115.57788587E-03 -13.66834156E-03
+29.12500E-06 -92.46230870E-03 +0.0E+00
+29.15000E-06 -115.57788587E-03 +0.0E+00
+29.17500E-06 -92.46230870E-03 +0.0E+00
+29.20000E-06 -92.46230870E-03 -13.66834156E-03
+29.22500E-06 -92.46230870E-03 -13.66834156E-03
+29.25000E-06 -92.46230870E-03 +0.0E+00
+29.27500E-06 -23.11557716E-03 -10.25125617E-03
+29.30000E-06 -23.11557716E-03 -3.41708539E-03
+29.32500E-06 -92.46230870E-03 -13.66834156E-03
+29.35000E-06 -161.80904025E-03 -3.41708539E-03
+29.37500E-06 -92.46230870E-03 +0.0E+00
+29.40000E-06 -92.46230870E-03 -13.66834156E-03
+29.42500E-06 -92.46230870E-03 -3.41708539E-03
+29.45000E-06 -92.46230870E-03 -3.41708539E-03
+29.47500E-06 -184.92461741E-03 -13.66834156E-03
+29.50000E-06 -92.46230870E-03 +0.0E+00
+29.52500E-06 -92.46230870E-03 -3.41708539E-03
+29.55000E-06 -92.46230870E-03 +10.25125617E-03
+29.57500E-06 -92.46230870E-03 -10.25125617E-03
+29.60000E-06 -92.46230870E-03 -10.25125617E-03
+29.62500E-06 -184.92461741E-03 -3.41708539E-03
+29.65000E-06 -92.46230870E-03 -13.66834156E-03
+29.67500E-06 -161.80904025E-03 -3.41708539E-03
+29.70000E-06 -184.92461741E-03 -3.41708539E-03
+29.72500E-06 -161.80904025E-03 +0.0E+00
+29.75000E-06 -161.80904025E-03 -6.83417078E-03
+29.77500E-06 -92.46230870E-03 -10.25125617E-03
+29.80000E-06 -92.46230870E-03 -13.66834156E-03
+29.82500E-06 -92.46230870E-03 -10.25125617E-03
+29.85000E-06 -92.46230870E-03 -3.41708539E-03
+29.87500E-06 -161.80904025E-03 -10.25125617E-03
+29.90000E-06 -115.57788587E-03 +0.0E+00
+29.92500E-06 -92.46230870E-03 -10.25125617E-03
+29.95000E-06 -115.57788587E-03 +0.0E+00
+29.97500E-06 -92.46230870E-03 +0.0E+00
+30.00000E-06 -115.57788587E-03 -6.83417079E-03
+30.02500E-06 -92.46230870E-03 +0.0E+00
+30.05000E-06 -92.46230870E-03 +0.0E+00
+30.07500E-06 -184.92461741E-03 +0.0E+00
+30.10000E-06 -115.57788587E-03 +0.0E+00
+30.12500E-06 -69.34673154E-03 -13.66834156E-03
+30.15000E-06 -92.46230870E-03 -13.66834156E-03
+30.17500E-06 -115.57788587E-03 +0.0E+00
+30.20000E-06 -92.46230870E-03 -10.25125617E-03
+30.22500E-06 -92.46230870E-03 -17.08542695E-03
+30.25000E-06 -92.46230870E-03 +0.0E+00
+30.27500E-06 -161.80904025E-03 +0.0E+00
+30.30000E-06 -92.46230870E-03 +0.0E+00
+30.32500E-06 -92.46230870E-03 +0.0E+00
+30.35000E-06 -184.92461741E-03 -3.41708539E-03
+30.37500E-06 -184.92461741E-03 +0.0E+00
+30.40000E-06 -23.11557716E-03 -10.25125617E-03
+30.42500E-06 -115.57788587E-03 -3.41708539E-03
+30.45000E-06 -92.46230870E-03 -13.66834156E-03
+30.47500E-06 -92.46230870E-03 -13.66834156E-03
+30.50000E-06 -92.46230870E-03 -10.25125617E-03
+30.52500E-06 -161.80904025E-03 -3.41708539E-03
+30.55000E-06 -92.46230870E-03 +0.0E+00
+30.57500E-06 -115.57788587E-03 +0.0E+00
+30.60000E-06 -115.57788587E-03 -13.66834156E-03
+30.62500E-06 -23.11557716E-03 -6.83417078E-03
+30.65000E-06 -161.80904025E-03 +0.0E+00
+30.67500E-06 -161.80904025E-03 -10.25125617E-03
+30.70000E-06 -184.92461741E-03 +0.0E+00
+30.72500E-06 -92.46230870E-03 +0.0E+00
+30.75000E-06 -184.92461741E-03 +0.0E+00
+30.77500E-06 -184.92461741E-03 -10.25125617E-03
+30.80000E-06 -92.46230870E-03 -20.50251235E-03
+30.82500E-06 -92.46230870E-03 -17.08542695E-03
+30.85000E-06 -92.46230870E-03 +0.0E+00
+30.87500E-06 -231.15577179E-03 +0.0E+00
+30.90000E-06 -92.46230870E-03 +0.0E+00
+30.92500E-06 -92.46230870E-03 -10.25125617E-03
+30.95000E-06 -92.46230870E-03 -3.41708539E-03
+30.97500E-06 -184.92461741E-03 -13.66834156E-03
+31.00000E-06 -92.46230870E-03 -3.41708539E-03
+31.02500E-06 -92.46230870E-03 -27.33668312E-03
+31.05000E-06 -92.46230870E-03 -13.66834156E-03
+31.07500E-06 -161.80904025E-03 +0.0E+00
+31.10000E-06 -92.46230870E-03 +10.25125617E-03
+31.12500E-06 -92.46230870E-03 -10.25125617E-03
+31.15000E-06 -92.46230870E-03 -3.41708539E-03
+31.17500E-06 -115.57788586E-03 -10.25125617E-03
+31.20000E-06 -92.46230870E-03 -10.25125617E-03
+31.22500E-06 -23.11557716E-03 -13.66834156E-03
+31.25000E-06 -161.80904025E-03 +0.0E+00
+31.27500E-06 -161.80904025E-03 -13.66834156E-03
+31.30000E-06 -115.57788586E-03 +0.0E+00
+31.32500E-06 -115.57788586E-03 +0.0E+00
+31.35000E-06 -184.92461741E-03 -3.41708539E-03
+31.37500E-06 -115.57788586E-03 -10.25125617E-03
+31.40000E-06 -69.34673155E-03 -10.25125617E-03
+31.42500E-06 -92.46230870E-03 -13.66834156E-03
+31.45000E-06 -92.46230870E-03 +0.0E+00
+31.47500E-06 -92.46230870E-03 -10.25125617E-03
+31.50000E-06 -115.57788586E-03 -10.25125617E-03
+31.52500E-06 -92.46230870E-03 -3.41708539E-03
+31.55000E-06 -92.46230870E-03 -3.41708539E-03
+31.57500E-06 -92.46230870E-03 -10.25125617E-03
+31.60000E-06 -92.46230870E-03 -10.25125617E-03
+31.62500E-06 -184.92461741E-03 -3.41708539E-03
+31.65000E-06 -161.80904025E-03 +0.0E+00
+31.67500E-06 -92.46230870E-03 -3.41708539E-03
+31.70000E-06 -115.57788586E-03 -10.25125617E-03
+31.72500E-06 -92.46230870E-03 +0.0E+00
+31.75000E-06 -92.46230870E-03 -6.83417078E-03
+31.77500E-06 -115.57788586E-03 -10.25125617E-03
+31.80000E-06 -161.80904025E-03 -10.25125617E-03
+31.82500E-06 -161.80904025E-03 -3.41708539E-03
+31.85000E-06 -184.92461741E-03 -10.25125617E-03
+31.87500E-06 -92.46230870E-03 +0.0E+00
+31.90000E-06 -115.57788586E-03 +0.0E+00
+31.92500E-06 -92.46230870E-03 -10.25125617E-03
+31.95000E-06 -92.46230870E-03 -3.41708539E-03
+31.97500E-06 -92.46230870E-03 -13.66834156E-03
+32.00000E-06 -92.46230870E-03 -10.25125617E-03
+32.02500E-06 -161.80904025E-03 -3.41708539E-03
+32.05000E-06 -161.80904025E-03 -3.41708539E-03
+32.07500E-06 -184.92461741E-03 +0.0E+00
+32.10000E-06 -115.57788586E-03 -13.66834156E-03
+32.12500E-06 -161.80904025E-03 -13.66834156E-03
+32.15000E-06 -184.92461741E-03 +0.0E+00
+32.17500E-06 -92.46230870E-03 -13.66834156E-03
+32.20000E-06 -184.92461741E-03 -10.25125617E-03
+32.22500E-06 -184.92461741E-03 -3.41708539E-03
+32.25000E-06 -92.46230870E-03 +0.0E+00
+32.27500E-06 -92.46230870E-03 +0.0E+00
+32.30000E-06 -184.92461741E-03 +0.0E+00
+32.32500E-06 -92.46230870E-03 +0.0E+00
+32.35000E-06 -92.46230870E-03 -3.41708539E-03
+32.37500E-06 -92.46230870E-03 -10.25125617E-03
+32.40000E-06 +0.0E+00 -10.25125617E-03
+32.42500E-06 -92.46230870E-03 -3.41708539E-03
+32.45000E-06 -161.80904025E-03 +0.0E+00
+32.47500E-06 -161.80904025E-03 +0.0E+00
+32.50000E-06 -115.57788586E-03 -3.41708539E-03
+32.52500E-06 -92.46230870E-03 -10.25125617E-03
+32.55000E-06 -92.46230870E-03 -3.41708539E-03
+32.57500E-06 -161.80904025E-03 +0.0E+00
+32.60000E-06 -92.46230870E-03 -23.91959774E-03
+32.62500E-06 -161.80904025E-03 -13.66834156E-03
+32.65000E-06 -92.46230870E-03 +0.0E+00
+32.67500E-06 -161.80904025E-03 +0.0E+00
+32.70000E-06 -115.57788586E-03 -10.25125617E-03
+32.72500E-06 -161.80904025E-03 -3.41708539E-03
+32.75000E-06 -92.46230870E-03 -3.41708539E-03
+32.77500E-06 -115.57788586E-03 -10.25125617E-03
+32.80000E-06 -92.46230870E-03 +0.0E+00
+32.82500E-06 -161.80904025E-03 -17.08542695E-03
+32.85000E-06 -115.57788586E-03 +0.0E+00
+32.87500E-06 -161.80904025E-03 -13.66834156E-03
+32.90000E-06 -92.46230870E-03 -13.66834156E-03
+32.92500E-06 -69.34673155E-03 -13.66834156E-03
+32.95000E-06 -92.46230870E-03 +0.0E+00
+32.97500E-06 -115.57788586E-03 +0.0E+00
+33.00000E-06 -92.46230870E-03 +0.0E+00
+33.02500E-06 -92.46230870E-03 -13.66834156E-03
+33.05000E-06 -92.46230870E-03 -3.41708539E-03
+33.07500E-06 -184.92461741E-03 +0.0E+00
+33.10000E-06 -115.57788586E-03 +0.0E+00
+33.12500E-06 -92.46230870E-03 -10.25125617E-03
+33.15000E-06 -184.92461741E-03 -3.41708539E-03
+33.17500E-06 -115.57788586E-03 +0.0E+00
+33.20000E-06 -92.46230870E-03 -10.25125617E-03
+33.22500E-06 -92.46230870E-03 -13.66834156E-03
+33.25000E-06 -92.46230870E-03 -3.41708539E-03
+33.27500E-06 -161.80904025E-03 +0.0E+00
+33.30000E-06 -92.46230870E-03 +0.0E+00
+33.32500E-06 -92.46230870E-03 -10.25125617E-03
+33.35000E-06 -92.46230870E-03 -3.41708539E-03
+33.37500E-06 -184.92461741E-03 +0.0E+00
+33.40000E-06 -92.46230870E-03 -13.66834156E-03
+33.42500E-06 -92.46230870E-03 -13.66834156E-03
+33.45000E-06 -184.92461741E-03 -3.41708539E-03
+33.47500E-06 -115.57788586E-03 +0.0E+00
+33.50000E-06 -115.57788586E-03 +0.0E+00
+33.52500E-06 -161.80904025E-03 +0.0E+00
+33.55000E-06 -92.46230870E-03 -3.41708539E-03
+33.57500E-06 -92.46230870E-03 +0.0E+00
+33.60000E-06 -92.46230870E-03 -13.66834156E-03
+33.62500E-06 -184.92461741E-03 +10.25125617E-03
+33.65000E-06 -92.46230870E-03 +0.0E+00
+33.67500E-06 -161.80904026E-03 -10.25125617E-03
+33.70000E-06 -46.23115431E-03 +0.0E+00
+33.72500E-06 -92.46230870E-03 -10.25125617E-03
+33.75000E-06 -161.80904026E-03 -13.66834156E-03
+33.77500E-06 -92.46230870E-03 -3.41708539E-03
+33.80000E-06 -92.46230870E-03 -13.66834156E-03
+33.82500E-06 -92.46230870E-03 -17.08542695E-03
+33.85000E-06 -92.46230870E-03 +0.0E+00
+33.87500E-06 -184.92461741E-03 -3.41708539E-03
+33.90000E-06 -115.57788586E-03 -10.25125617E-03
+33.92500E-06 -138.69346310E-03 -13.66834156E-03
+33.95000E-06 -161.80904026E-03 -3.41708539E-03
+33.97500E-06 -184.92461741E-03 -3.41708539E-03
+34.00000E-06 -115.57788586E-03 -10.25125617E-03
+34.02500E-06 -115.57788586E-03 -17.08542695E-03
+34.05000E-06 -161.80904026E-03 -10.25125617E-03
+34.07500E-06 -184.92461741E-03 +0.0E+00
+34.10000E-06 -115.57788586E-03 +0.0E+00
+34.12500E-06 -161.80904026E-03 -3.41708539E-03
+34.15000E-06 -92.46230870E-03 +0.0E+00
+34.17500E-06 -115.57788586E-03 -10.25125617E-03
+34.20000E-06 -92.46230870E-03 -23.91959774E-03
+34.22500E-06 -92.46230870E-03 -13.66834156E-03
+34.25000E-06 -69.34673155E-03 +0.0E+00
+34.27500E-06 -161.80904026E-03 -3.41708539E-03
+34.30000E-06 -69.34673155E-03 +0.0E+00
+34.32500E-06 -92.46230870E-03 -10.25125618E-03
+34.35000E-06 -161.80904026E-03 -3.41708539E-03
+34.37500E-06 -92.46230870E-03 +0.0E+00
+34.40000E-06 -92.46230870E-03 -13.66834156E-03
+34.42500E-06 -92.46230870E-03 -13.66834156E-03
+34.45000E-06 -92.46230870E-03 -13.66834156E-03
+34.47500E-06 -92.46230870E-03 +0.0E+00
+34.50000E-06 -115.57788586E-03 +0.0E+00
+34.52500E-06 -92.46230870E-03 +0.0E+00
+34.55000E-06 -23.11557715E-03 -13.66834156E-03
+34.57500E-06 -92.46230870E-03 -10.25125618E-03
+34.60000E-06 -92.46230870E-03 -10.25125618E-03
+34.62500E-06 -23.11557715E-03 -13.66834156E-03
+34.65000E-06 -161.80904026E-03 -13.66834156E-03
+34.67500E-06 -115.57788586E-03 -13.66834156E-03
+34.70000E-06 -92.46230870E-03 -3.41708539E-03
+34.72500E-06 -92.46230870E-03 -10.25125618E-03
+34.75000E-06 -69.34673155E-03 -3.41708539E-03
+34.77500E-06 -69.34673155E-03 -10.25125618E-03
+34.80000E-06 -92.46230870E-03 -13.66834156E-03
+34.82500E-06 -92.46230870E-03 -3.41708539E-03
+34.85000E-06 -92.46230870E-03 -13.66834156E-03
+34.87500E-06 -115.57788586E-03 +0.0E+00
+34.90000E-06 -115.57788586E-03 +0.0E+00
+34.92500E-06 -161.80904026E-03 -10.25125618E-03
+34.95000E-06 -92.46230870E-03 +6.83417079E-03
+34.97500E-06 -92.46230870E-03 +0.0E+00
+35.00000E-06 -92.46230870E-03 -10.25125618E-03
+35.02500E-06 -92.46230870E-03 -3.41708539E-03
+35.05000E-06 -161.80904026E-03 -3.41708539E-03
+35.07500E-06 -161.80904026E-03 -10.25125618E-03
+35.10000E-06 -115.57788586E-03 -13.66834156E-03
+35.12500E-06 -92.46230870E-03 -10.25125618E-03
+35.15000E-06 -161.80904026E-03 -3.41708539E-03
+35.17500E-06 -161.80904026E-03 +0.0E+00
+35.20000E-06 -92.46230870E-03 -10.25125618E-03
+35.22500E-06 -92.46230870E-03 -13.66834156E-03
+35.25000E-06 -92.46230870E-03 -3.41708539E-03
+35.27500E-06 -161.80904026E-03 -13.66834156E-03
+35.30000E-06 -92.46230870E-03 +0.0E+00
+35.32500E-06 -161.80904026E-03 +3.41708539E-03
+35.35000E-06 -161.80904026E-03 +6.83417079E-03
+35.37500E-06 -115.57788586E-03 +0.0E+00
+35.40000E-06 -69.34673155E-03 -23.91959774E-03
+35.42500E-06 -92.46230870E-03 -17.08542695E-03
+35.45000E-06 -92.46230870E-03 -3.41708539E-03
+35.47500E-06 -161.80904026E-03 +0.0E+00
+35.50000E-06 -46.23115430E-03 +10.25125618E-03
+35.52500E-06 -69.34673155E-03 -20.50251235E-03
+35.55000E-06 -161.80904026E-03 +0.0E+00
+35.57500E-06 -115.57788586E-03 -13.66834156E-03
+35.60000E-06 -92.46230870E-03 -13.66834156E-03
+35.62500E-06 -161.80904026E-03 -13.66834156E-03
+35.65000E-06 -115.57788585E-03 -10.25125618E-03
+35.67500E-06 -161.80904026E-03 +0.0E+00
+35.70000E-06 -115.57788585E-03 +0.0E+00
+35.72500E-06 -92.46230870E-03 -3.41708539E-03
+35.75000E-06 -115.57788585E-03 -13.66834156E-03
+35.77500E-06 -46.23115430E-03 +0.0E+00
+35.80000E-06 -92.46230870E-03 -10.25125618E-03
+35.82500E-06 -92.46230870E-03 -3.41708539E-03
+35.85000E-06 -92.46230870E-03 -3.41708539E-03
+35.87500E-06 -161.80904026E-03 +0.0E+00
+35.90000E-06 -69.34673156E-03 +0.0E+00
+35.92500E-06 -92.46230870E-03 +0.0E+00
+35.95000E-06 -115.57788585E-03 -13.66834156E-03
+35.97500E-06 -23.11557715E-03 -13.66834156E-03
+36.00000E-06 -69.34673156E-03 -10.25125618E-03
+36.02500E-06 -92.46230870E-03 -13.66834156E-03
+36.05000E-06 -92.46230870E-03 +0.0E+00
+36.07500E-06 -161.80904026E-03 +0.0E+00
+36.10000E-06 -115.57788585E-03 -10.25125618E-03
+36.12500E-06 -92.46230870E-03 -13.66834156E-03
+36.15000E-06 -138.69346311E-03 -3.41708539E-03
+36.17500E-06 -92.46230870E-03 +0.0E+00
+36.20000E-06 -92.46230870E-03 -6.83417079E-03
+36.22500E-06 -161.80904026E-03 -17.08542695E-03
+36.25000E-06 -92.46230870E-03 +0.0E+00
+36.27500E-06 -161.80904026E-03 -13.66834156E-03
+36.30000E-06 -92.46230870E-03 +0.0E+00
+36.32500E-06 -69.34673156E-03 -10.25125618E-03
+36.35000E-06 -161.80904026E-03 -3.41708539E-03
+36.37500E-06 -92.46230870E-03 +0.0E+00
+36.40000E-06 -161.80904026E-03 -13.66834156E-03
+36.42500E-06 -92.46230870E-03 -3.41708539E-03
+36.45000E-06 -161.80904026E-03 -13.66834156E-03
+36.47500E-06 -184.92461741E-03 +0.0E+00
+36.50000E-06 -46.23115430E-03 -3.41708539E-03
+36.52500E-06 -161.80904026E-03 -3.41708539E-03
+36.55000E-06 -161.80904026E-03 -3.41708539E-03
+36.57500E-06 -92.46230870E-03 -10.25125618E-03
+36.60000E-06 -92.46230870E-03 +0.0E+00
+36.62500E-06 -92.46230870E-03 -3.41708539E-03
+36.65000E-06 -184.92461741E-03 +0.0E+00
+36.67500E-06 -161.80904026E-03 -10.25125618E-03
+36.70000E-06 -115.57788585E-03 -10.25125618E-03
+36.72500E-06 -92.46230870E-03 +0.0E+00
+36.75000E-06 -115.57788585E-03 +0.0E+00
+36.77500E-06 -115.57788585E-03 -3.41708539E-03
+36.80000E-06 -92.46230870E-03 -23.91959774E-03
+36.82500E-06 -69.34673156E-03 -3.41708539E-03
+36.85000E-06 -92.46230870E-03 -3.41708539E-03
+36.87500E-06 -184.92461741E-03 +0.0E+00
+36.90000E-06 -23.11557715E-03 -13.66834156E-03
+36.92500E-06 -92.46230870E-03 -10.25125618E-03
+36.95000E-06 -184.92461741E-03 -3.41708539E-03
+36.97500E-06 -92.46230870E-03 -13.66834156E-03
+37.00000E-06 -92.46230870E-03 -23.91959774E-03
+37.02500E-06 -184.92461741E-03 -3.41708539E-03
+37.05000E-06 -254.27134897E-03 -3.41708539E-03
+37.07500E-06 -115.57788585E-03 -10.25125618E-03
+37.10000E-06 -92.46230870E-03 +0.0E+00
+37.12500E-06 -161.80904026E-03 +0.0E+00
+37.15000E-06 -69.34673156E-03 -17.08542695E-03
+37.17500E-06 -115.57788585E-03 +0.0E+00
+37.20000E-06 -161.80904026E-03 -6.83417079E-03
+37.22500E-06 -69.34673156E-03 -13.66834156E-03
+37.25000E-06 -92.46230870E-03 +0.0E+00
+37.27500E-06 -161.80904026E-03 +0.0E+00
+37.30000E-06 -92.46230870E-03 +10.25125618E-03
+37.32500E-06 -69.34673156E-03 -13.66834156E-03
+37.35000E-06 -184.92461741E-03 +0.0E+00
+37.37500E-06 -184.92461741E-03 +0.0E+00
+37.40000E-06 -92.46230870E-03 -23.91959774E-03
+37.42500E-06 -92.46230870E-03 -3.41708539E-03
+37.45000E-06 -161.80904026E-03 -13.66834156E-03
+37.47500E-06 -161.80904026E-03 -3.41708539E-03
+37.50000E-06 -23.11557715E-03 -13.66834156E-03
+37.52500E-06 -161.80904026E-03 +0.0E+00
+37.55000E-06 -92.46230870E-03 +0.0E+00
+37.57500E-06 -115.57788585E-03 -23.91959774E-03
+37.60000E-06 -184.92461741E-03 -6.83417079E-03
+37.62500E-06 -254.27134897E-03 +0.0E+00
+37.65000E-06 -92.46230870E-03 -13.66834156E-03
+37.67500E-06 -161.80904026E-03 -3.41708539E-03
+37.70000E-06 -138.69346300E-03 +0.0E+00
+37.72500E-06 -92.46230870E-03 -13.66834156E-03
+37.75000E-06 -115.57788585E-03 -3.41708539E-03
+37.77500E-06 -184.92461741E-03 +0.0E+00
+37.80000E-06 -161.80904026E-03 -10.25125618E-03
+37.82500E-06 +0.0E+00 -3.41708539E-03
+37.85000E-06 -92.46230870E-03 -3.41708539E-03
+37.87500E-06 -161.80904026E-03 +0.0E+00
+37.90000E-06 -69.34673156E-03 -13.66834156E-03
+37.92500E-06 -92.46230870E-03 +0.0E+00
+37.95000E-06 -254.27134897E-03 -3.41708539E-03
+37.97500E-06 -23.11557714E-03 -10.25125618E-03
+38.00000E-06 -23.11557714E-03 -13.66834156E-03
+38.02500E-06 -115.57788585E-03 -3.41708539E-03
+38.05000E-06 -161.80904026E-03 +0.0E+00
+38.07500E-06 +0.0E+00 -3.41708539E-03
+38.10000E-06 -23.11557714E-03 +0.0E+00
+38.12500E-06 -184.92461741E-03 -10.25125618E-03
+38.15000E-06 -92.46230870E-03 -3.41708539E-03
+38.17500E-06 -23.11557714E-03 -3.41708539E-03
+38.20000E-06 -254.27134897E-03 -10.25125618E-03
+38.22500E-06 -92.46230870E-03 -13.66834156E-03
+38.25000E-06 -23.11557714E-03 -3.41708539E-03
+38.27500E-06 -184.92461741E-03 -10.25125618E-03
+38.30000E-06 -138.69346299E-03 +0.0E+00
+38.32500E-06 +0.0E+00 -13.66834156E-03
+38.35000E-06 -115.57788585E-03 +0.0E+00
+38.37500E-06 -184.92461741E-03 -10.25125618E-03
+38.40000E-06 +0.0E+00 -10.25125618E-03
+38.42500E-06 -69.34673156E-03 -13.66834156E-03
+38.45000E-06 -208.04019455E-03 +0.0E+00
+38.47500E-06 -115.57788585E-03 -20.50251235E-03
+38.50000E-06 -23.11557714E-03 -13.66834156E-03
+38.52500E-06 -184.92461741E-03 -10.25125618E-03
+38.55000E-06 -161.80904027E-03 -3.41708539E-03
+38.57500E-06 +0.0E+00 -3.41708539E-03
+38.60000E-06 -115.57788585E-03 -10.25125618E-03
+38.62500E-06 -208.04019455E-03 -3.41708539E-03
+38.65000E-06 +0.0E+00 -13.66834156E-03
+38.67500E-06 -92.46230870E-03 +0.0E+00
+38.70000E-06 -277.38692611E-03 +0.0E+00
+38.72500E-06 -69.34673156E-03 -10.25125618E-03
+38.75000E-06 -69.34673156E-03 -13.66834156E-03
+38.77500E-06 -277.38692611E-03 +0.0E+00
+38.80000E-06 -184.92461741E-03 -10.25125618E-03
+38.82500E-06 +23.11557714E-03 -13.66834156E-03
+38.85000E-06 -184.92461741E-03 +3.41708539E-03
+38.87500E-06 -277.38692611E-03 +10.25125618E-03
+38.90000E-06 +0.0E+00 -13.66834156E-03
+38.92500E-06 +0.0E+00 -10.25125618E-03
+38.95000E-06 -184.92461741E-03 +0.0E+00
+38.97500E-06 -23.11557714E-03 +0.0E+00
+39.00000E-06 +69.34673156E-03 -10.25125618E-03
+39.02500E-06 -208.04019455E-03 -3.41708539E-03
+39.05000E-06 -184.92461741E-03 +0.0E+00
+39.07500E-06 +23.11557714E-03 -13.66834156E-03
+39.10000E-06 -115.57788585E-03 +0.0E+00
+39.12500E-06 -277.38692611E-03 +0.0E+00
+39.15000E-06 +0.0E+00 -13.66834156E-03
+39.17500E-06 -23.11557714E-03 -13.66834156E-03
+39.20000E-06 -254.27134897E-03 -3.41708539E-03
+39.22500E-06 -69.34673156E-03 -13.66834156E-03
+39.25000E-06 +69.34673156E-03 -13.66834156E-03
+39.27500E-06 -184.92461741E-03 +0.0E+00
+39.30000E-06 -184.92461741E-03 -10.25125618E-03
+39.32500E-06 +92.46230870E-03 -23.91959774E-03
+39.35000E-06 -184.92461741E-03 +0.0E+00
+39.37500E-06 -300.50250326E-03 +0.0E+00
+39.40000E-06 +0.0E+00 -23.91959774E-03
+39.42500E-06 +0.0E+00 -13.66834156E-03
+39.45000E-06 -300.50250326E-03 +13.66834156E-03
+39.47500E-06 -23.11557714E-03 -3.41708539E-03
+39.50000E-06 +92.46230870E-03 -13.66834156E-03
+39.52500E-06 -208.04019455E-03 +0.0E+00
+39.55000E-06 -254.27134897E-03 +0.0E+00
+39.57500E-06 +184.92461741E-03 -23.91959774E-03
+39.60000E-06 -184.92461741E-03 -13.66834156E-03
+39.62500E-06 -369.84923482E-03 -13.66834156E-03
+39.65000E-06 +46.23115428E-03 -13.66834156E-03
+39.67500E-06 +0.0E+00 +0.0E+00
+39.70000E-06 -369.84923482E-03 +0.0E+00
+39.72500E-06 -92.46230870E-03 -10.25125618E-03
+39.75000E-06 +92.46230870E-03 -3.41708539E-03
+39.77500E-06 -277.38692611E-03 +13.66834156E-03
+39.80000E-06 -254.27134897E-03 -6.83417079E-03
+39.82500E-06 +184.92461741E-03 -13.66834156E-03
+39.85000E-06 -92.46230870E-03 +0.0E+00
+39.87500E-06 -369.84923482E-03 +13.66834156E-03
+39.90000E-06 +92.46230870E-03 -10.25125618E-03
+39.92500E-06 +69.34673156E-03 +0.0E+00
+39.95000E-06 -462.31154352E-03 +0.0E+00
+39.97500E-06 +0.0E+00 -13.66834156E-03
+40.00000E-06 +184.92461741E-03 -10.25125618E-03
+40.02500E-06 -300.50250325E-03 -3.41708539E-03
+40.05000E-06 -208.04019455E-03 -3.41708539E-03
+40.07500E-06 +184.92461741E-03 -23.91959774E-03
+40.10000E-06 -138.69346298E-03 -10.25125618E-03
+40.12500E-06 -439.19596638E-03 -3.41708539E-03
+40.15000E-06 +23.11557714E-03 -3.41708539E-03
+40.17500E-06 +69.34673156E-03 +0.0E+00
+40.20000E-06 -462.31154352E-03 +0.0E+00
+40.22500E-06 -69.34673157E-03 -3.41708539E-03
+40.25000E-06 +184.92461741E-03 -13.66834156E-03
+40.27500E-06 -392.96481196E-03 +13.66834156E-03
+40.30000E-06 -300.50250325E-03 +0.0E+00
+40.32500E-06 +184.92461741E-03 -27.33668312E-03
+40.35000E-06 -208.04019455E-03 +0.0E+00
+40.37500E-06 -392.96481196E-03 +10.25125618E-03
+40.40000E-06 +184.92461741E-03 -27.33668312E-03
+40.42500E-06 +0.0E+00 -3.41708539E-03
+40.45000E-06 -485.42712066E-03 +3.41708539E-03
+40.47500E-06 -92.46230870E-03 -17.08542695E-03
+40.50000E-06 +184.92461741E-03 -13.66834156E-03
+40.52500E-06 -462.31154352E-03 +3.41708539E-03
+40.55000E-06 -277.38692611E-03 -3.41708539E-03
+40.57500E-06 +277.38692611E-03 -13.66834156E-03
+40.60000E-06 -115.57788584E-03 +0.0E+00
+40.62500E-06 -462.31154352E-03 -3.41708539E-03
+40.65000E-06 +208.04019455E-03 -17.08542695E-03
+40.67500E-06 +92.46230870E-03 -10.25125618E-03
+40.70000E-06 -647.23616093E-03 +10.25125618E-03
+40.72500E-06 -69.34673157E-03 -13.66834156E-03
+40.75000E-06 +369.84923482E-03 -13.66834156E-03
+40.77500E-06 -485.42712066E-03 +23.91959774E-03
+40.80000E-06 -346.73365768E-03 +3.41708538E-03
+40.82500E-06 +392.96481196E-03 -37.58793930E-03
+40.85000E-06 -277.38692611E-03 +0.0E+00
+40.87500E-06 -624.12058380E-03 +3.41708538E-03
+40.90000E-06 +208.04019455E-03 -17.08542695E-03
+40.92500E-06 +138.69346313E-03 -23.91959774E-03
+40.95000E-06 -647.23616093E-03 +23.91959774E-03
+40.97500E-06 -69.34673157E-03 -10.25125618E-03
+41.00000E-06 +439.19596639E-03 -27.33668312E-03
+41.02500E-06 -485.42712066E-03 +10.25125618E-03
+41.05000E-06 -416.08038925E-03 -3.41708538E-03
+41.07500E-06 +392.96481196E-03 -23.91959774E-03
+41.10000E-06 -300.50250325E-03 +0.0E+00
+41.12500E-06 -647.23616093E-03 +10.25125618E-03
+41.15000E-06 +300.50250325E-03 -17.08542695E-03
+41.17500E-06 +161.80904027E-03 -10.25125618E-03
+41.20000E-06 -739.69846964E-03 +3.41708538E-03
+41.22500E-06 -46.23115443E-03 -13.66834156E-03
+41.25000E-06 +439.19596639E-03 -17.08542695E-03
+41.27500E-06 -624.12058380E-03 +17.08542695E-03
+41.30000E-06 -485.42712066E-03 +0.0E+00
+41.32500E-06 +554.77385223E-03 -30.75376851E-03
+41.35000E-06 -208.04019455E-03 +10.25125618E-03
+41.37500E-06 -809.04520121E-03 +13.66834156E-03
+41.40000E-06 +392.96481196E-03 -23.91959774E-03
+41.42500E-06 +254.27134898E-03 -23.91959774E-03
+41.45000E-06 -832.16077834E-03 +27.33668312E-03
+41.47500E-06 +0.0E+00 -17.08542695E-03
+41.50000E-06 +531.65827509E-03 -23.91959774E-03
+41.52500E-06 -670.35173807E-03 +17.08542695E-03
+41.55000E-06 -508.54269796E-03 +0.0E+00
+41.57500E-06 +647.23616093E-03 -37.58793930E-03
+41.60000E-06 -208.04019455E-03 +3.41708538E-03
+41.62500E-06 -832.16077834E-03 +10.25125618E-03
+41.65000E-06 +416.08038909E-03 -27.33668312E-03
+41.67500E-06 +231.15577184E-03 -13.66834156E-03
+41.70000E-06 -947.73866419E-03 +27.33668312E-03
+41.72500E-06 -92.46230886E-03 -23.91959774E-03
+41.75000E-06 +647.23616093E-03 -37.58793930E-03
+41.77500E-06 -762.81404678E-03 +17.08542695E-03
+41.80000E-06 -601.00500666E-03 -3.41708538E-03
+41.82500E-06 +762.81404678E-03 -41.00502469E-03
+41.85000E-06 -231.15577168E-03 +3.41708538E-03
+41.87500E-06 -901.50750991E-03 +23.91959774E-03
+41.90000E-06 +485.42712066E-03 -27.33668312E-03
+41.92500E-06 +346.73365768E-03 -23.91959774E-03
+41.95000E-06 -1.10954770446E+00 +27.33668312E-03
+41.97500E-06 -23.11557730E-03 -17.08542695E-03
+42.00000E-06 +785.92962407E-03 -27.33668312E-03
+42.02500E-06 -785.92962391E-03 +27.33668312E-03
+42.05000E-06 -624.12058380E-03 +0.0E+00
+42.07500E-06 +855.27635548E-03 -41.00502469E-03
+42.10000E-06 -161.80904011E-03 +13.66834156E-03
+42.12500E-06 -1.08643212732E+00 +30.75376851E-03
+42.15000E-06 +577.88942936E-03 -30.75376851E-03
+42.17500E-06 +416.08038925E-03 -13.66834156E-03
+42.20000E-06 -1.17889443603E+00 +27.33668312E-03
+42.22500E-06 +46.23115427E-03 -17.08542695E-03
+42.25000E-06 +832.16077834E-03 -41.00502469E-03
+42.27500E-06 -855.27635548E-03 +30.75376851E-03
+42.30000E-06 -693.46731537E-03 +13.66834156E-03
+42.32500E-06 +1.04020097289E+00 -51.25628086E-03
+42.35000E-06 -231.15577168E-03 +13.66834156E-03
+42.37500E-06 -1.17889443603E+00 +17.08542695E-03
+42.40000E-06 +693.46731520E-03 -64.92462243E-03
+42.42500E-06 +508.54269796E-03 -13.66834156E-03
+42.45000E-06 -1.29447232187E+00 +37.58793930E-03
+42.47500E-06 -69.34673157E-03 -17.08542695E-03
+42.50000E-06 +1.06331655019E+00 -37.58793930E-03
+42.52500E-06 -901.50750975E-03 +27.33668312E-03
+42.55000E-06 -785.92962407E-03 -3.41708538E-03
+42.57500E-06 +1.20201001316E+00 -51.25628086E-03
+42.60000E-06 -254.27134881E-03 +3.41708538E-03
+42.62500E-06 -1.27135674473E+00 +23.91959774E-03
+42.65000E-06 +693.46731520E-03 -54.67336625E-03
+42.67500E-06 +508.54269796E-03 -34.17085392E-03
+42.70000E-06 -1.41005020771E+00 +51.25628086E-03
+42.72500E-06 -23.11557730E-03 -30.75376851E-03
+42.75000E-06 +1.17889443603E+00 -44.42211007E-03
+42.77500E-06 -1.04020097289E+00 +30.75376851E-03
+42.80000E-06 -855.27635565E-03 -10.25125618E-03
+42.82500E-06 +1.29447232187E+00 -71.75879320E-03
+42.85000E-06 -323.61808038E-03 +17.08542695E-03
+42.87500E-06 -1.52562809371E+00 +27.33668312E-03
+42.90000E-06 +855.27635548E-03 -58.09045163E-03
+42.92500E-06 +670.35173824E-03 -23.91959774E-03
+42.95000E-06 -1.57185924798E+00 +51.25628086E-03
+42.97500E-06 +46.23115427E-03 -17.08542695E-03
+43.00000E-06 +1.36381905344E+00 -64.92462243E-03
+43.02500E-06 -1.08643212715E+00 +37.58793930E-03
+43.05000E-06 -947.73866435E-03 +10.25125618E-03
+43.07500E-06 +1.41005020771E+00 -64.92462243E-03
+43.10000E-06 -208.04019437E-03 +6.83417077E-03
+43.12500E-06 -1.64120597955E+00 +41.00502469E-03
+43.15000E-06 +993.96981845E-03 -44.42211007E-03
+43.17500E-06 +762.81404694E-03 -13.66834156E-03
+43.20000E-06 -1.71055271095E+00 +54.67336625E-03
+43.22500E-06 +69.34673140E-03 -30.75376851E-03
+43.25000E-06 +1.45628136214E+00 -47.83919545E-03
+43.27500E-06 -1.24824116743E+00 +54.67336625E-03
+43.30000E-06 -1.04020097306E+00 +13.66834156E-03
+43.32500E-06 +1.68743713382E+00 -78.59296399E-03
+43.35000E-06 -254.27134881E-03 +23.91959774E-03
+43.37500E-06 -1.89547732854E+00 +51.25628086E-03
+43.40000E-06 +1.15577885872E+00 -68.34170781E-03
+43.42500E-06 +947.73866436E-03 -23.91959774E-03
+43.45000E-06 -1.96482405993E+00 +58.09045163E-03
+43.47500E-06 +69.34673140E-03 -44.42211007E-03
+43.50000E-06 +1.61809040242E+00 -54.67336625E-03
+43.52500E-06 -1.36381905327E+00 +54.67336625E-03
+43.55000E-06 -1.13266328177E+00 +10.25125618E-03
+43.57500E-06 +1.84924617410E+00 -85.42713476E-03
+43.60000E-06 -277.38692594E-03 +6.83417077E-03
+43.62500E-06 -1.98793963724E+00 +47.83919548E-03
+43.65000E-06 +1.24824116743E+00 -58.09045163E-03
+43.67500E-06 +947.73866436E-03 -23.91959774E-03
+43.70000E-06 -2.14974867734E+00 +71.75879319E-03
+43.72500E-06 +92.46230853E-03 -41.00502469E-03
+43.75000E-06 +1.82613059697E+00 -64.92462243E-03
+43.77500E-06 -1.54874367067E+00 +68.34170781E-03
+43.80000E-06 -1.29447232205E+00 +10.25125618E-03
+43.82500E-06 +2.05728636864E+00 -95.67839094E-03
+43.85000E-06 -277.38692594E-03 +27.33668312E-03
+43.87500E-06 -2.24221098623E+00 +54.67336625E-03
+43.90000E-06 +1.36381905326E+00 -82.01004937E-03
+43.92500E-06 +1.08643212751E+00 -34.17085392E-03
+43.95000E-06 -2.40402002633E+00 +78.59296399E-03
+43.97500E-06 +92.46230852E-03 -41.00502469E-03
+44.00000E-06 +2.08040194595E+00 -85.42713478E-03
+44.02500E-06 -1.66432155651E+00 +64.92462243E-03
+44.05000E-06 -1.38693463075E+00 +20.50251236E-03
+44.07500E-06 +2.21909540892E+00 -95.67839094E-03
+44.10000E-06 -231.15577149E-03 +34.17085389E-03
+44.12500E-06 -2.35778887206E+00 +68.34170781E-03
+44.15000E-06 +1.47939693910E+00 -85.42713476E-03
+44.17500E-06 +1.27135674492E+00 -37.58793930E-03
+44.20000E-06 -2.61206022087E+00 +95.67839094E-03
+44.22500E-06 +23.11557695E-03 -47.83919545E-03
+44.25000E-06 +2.33467329493E+00 -82.01004937E-03
+44.27500E-06 -1.82613059678E+00 +85.42713476E-03
+44.30000E-06 -1.50251251659E+00 +23.91959774E-03
+44.32500E-06 +2.42713560346E+00 -105.92964711E-03
+44.35000E-06 -300.50250306E-03 +30.75376851E-03
+44.37500E-06 -2.65829137531E+00 +82.01004937E-03
+44.40000E-06 +1.64120597937E+00 -95.67839094E-03
+44.42500E-06 +1.36381905363E+00 -37.58793930E-03
+44.45000E-06 -2.79698483828E+00 +105.92964711E-03
+44.47500E-06 +115.57788565E-03 -47.83919545E-03
+44.50000E-06 +2.54271348948E+00 -95.67839094E-03
+44.52500E-06 -1.84924617391E+00 +85.42713476E-03
+44.55000E-06 -1.64120597974E+00 +23.91959774E-03
+44.57500E-06 +2.77386926115E+00 -112.76381788E-03
+44.60000E-06 -369.84923463E-03 +34.17085389E-03
+44.62500E-06 -2.88944714717E+00 +82.01004937E-03
+44.65000E-06 +1.75678386521E+00 -112.76381788E-03
+44.67500E-06 +1.47939693946E+00 -34.17085392E-03
+44.70000E-06 -3.07437176439E+00 +119.59798868E-03
+44.72500E-06 +46.23115407E-03 -61.50753702E-03
+44.75000E-06 +2.63517579818E+00 -105.92964711E-03
+44.77500E-06 -2.05728636845E+00 +99.09547632E-03
+44.80000E-06 -1.80301502003E+00 +10.25125618E-03
+44.82500E-06 +2.98190945568E+00 -126.43215944E-03
+44.85000E-06 -323.61808018E-03 +58.09045163E-03
+44.87500E-06 -3.09748734171E+00 +92.26130555E-03
+44.90000E-06 +1.94170848261E+00 -102.51256170E-03
+44.92500E-06 +1.64120597975E+00 -47.83919548E-03
+44.95000E-06 -3.28241195893E+00 +126.43215944E-03
+44.97500E-06 +46.23115407E-03 -47.83919545E-03
+45.00000E-06 +2.93567830143E+00 -116.18090329E-03
+45.02500E-06 -2.31155771743E+00 +109.34673250E-03
+45.05000E-06 -1.91859290586E+00 +30.75376854E-03
+45.07500E-06 +3.18994965022E+00 -150.35175718E-03
+45.10000E-06 -254.27134861E-03 +47.83919545E-03
+45.12500E-06 -3.35175869069E+00 +102.51256173E-03
+45.15000E-06 +2.08040194557E+00 -126.43215944E-03
+45.17500E-06 +1.80301502003E+00 -34.17085392E-03
+45.20000E-06 -3.53668330791E+00 +126.43215944E-03
+45.22500E-06 +69.34673119E-03 -71.75879319E-03
+45.25000E-06 +3.25929638199E+00 -116.18090329E-03
+45.27500E-06 -2.45025118039E+00 +126.43215944E-03
+45.30000E-06 -2.10351752327E+00 +37.58793930E-03
+45.32500E-06 +3.46733657634E+00 -146.93467180E-03
+45.35000E-06 -254.27134860E-03 +58.09045163E-03
+45.37500E-06 -3.62914561681E+00 +105.92964711E-03
+45.40000E-06 +2.33467329456E+00 -140.10050100E-03
+45.42500E-06 +1.91859290587E+00 -51.25628087E-03
+45.45000E-06 -3.76783907958E+00 +150.35175718E-03
+45.47500E-06 -23.11557752E-03 -51.25628084E-03
+45.50000E-06 +3.53668330811E+00 -129.84924485E-03
+45.52500E-06 -2.47336675752E+00 +126.43215944E-03
+45.55000E-06 -2.33467329514E+00 +44.42211010E-03
+45.57500E-06 +3.65226119374E+00 -164.02009875E-03
+45.60000E-06 -277.38692573E-03 +41.00502466E-03
+45.62500E-06 -3.83718581135E+00 +116.18090329E-03
+45.65000E-06 +2.35778887168E+00 -153.76884257E-03
+45.67500E-06 +2.17286425486E+00 -58.09045166E-03
+45.70000E-06 -4.02211042856E+00 +160.60301336E-03
+45.72500E-06 -390E-12 -85.42713476E-03
+45.75000E-06 +3.72160792552E+00 -133.26633024E-03
+45.77500E-06 -2.65829137492E+00 +140.10050100E-03
+45.80000E-06 -2.45025118097E+00 +27.33668312E-03
+45.82500E-06 +3.83718581115E+00 -191.35678187E-03
+45.85000E-06 -346.73365730E-03 +71.75879319E-03
+45.87500E-06 -4.09145716034E+00 +133.26633024E-03
+45.90000E-06 +2.56582906622E+00 -153.76884257E-03
+45.92500E-06 +2.35778887227E+00 -44.42211010E-03
+45.95000E-06 -4.29949735468E+00 +174.27135492E-03
+45.97500E-06 +69.34673118E-03 -75.17587858E-03
+46.00000E-06 +4.06834158321E+00 -157.18592798E-03
+46.02500E-06 -2.86633156945E+00 +150.35175718E-03
+46.05000E-06 -2.61206022126E+00 +47.83919548E-03
+46.07500E-06 +4.20703504597E+00 -201.60803805E-03
+46.10000E-06 -254.27134839E-03 +71.75879319E-03
+46.12500E-06 -4.43819081803E+00 +143.51758642E-03
+46.15000E-06 +2.75075368362E+00 -160.60301333E-03
+46.17500E-06 +2.49648233543E+00 -44.42211010E-03
+46.20000E-06 -4.57688428079E+00 +177.68844031E-03
+46.22500E-06 +92.46230830E-03 -78.59296396E-03
+46.25000E-06 +4.27638177775E+00 -160.60301336E-03
+46.27500E-06 -3.09748734131E+00 +167.43718413E-03
+46.30000E-06 -2.70452252997E+00 +47.83919548E-03
+46.32500E-06 +4.48442197209E+00 -205.02512343E-03
+46.35000E-06 -323.61807996E-03 +88.84422014E-03
+46.37500E-06 -4.62311543544E+00 +160.60301336E-03
+46.40000E-06 +2.86633156945E+00 -191.35678187E-03
+46.42500E-06 +2.68140695284E+00 -47.83919548E-03
+46.45000E-06 -4.87738678403E+00 +205.02512343E-03
+46.47500E-06 +23.11557672E-03 -88.84422014E-03
+46.50000E-06 +4.53065312674E+00 -170.85426954E-03
+46.52500E-06 -3.14371849556E+00 +170.85426951E-03
+46.55000E-06 -3.00502503342E+00 +44.42211010E-03
+46.57500E-06 +4.83115562978E+00 -228.94472117E-03
+46.60000E-06 -231.15577125E-03 +68.34170778E-03
+46.62500E-06 -4.99296467027E+00 +157.18592798E-03
+46.65000E-06 +3.05125618685E+00 -198.19095264E-03
+46.67500E-06 +2.77386926155E+00 -58.09045166E-03
+46.70000E-06 -5.13165813302E+00 +218.69346499E-03
+46.72500E-06 -46.23115486E-03 -85.42713476E-03
+46.75000E-06 +4.83115562998E+00 -174.27135492E-03
+46.77500E-06 -3.32864311297E+00 +184.52261107E-03
+46.80000E-06 -3.14371849637E+00 +34.17085392E-03
+46.82500E-06 +4.96984909273E+00 -239.19597732E-03
+46.85000E-06 -323.61807995E-03 +88.84422014E-03
+46.87500E-06 -5.17788928768E+00 +170.85426954E-03
+46.90000E-06 +3.21306522713E+00 -198.19095264E-03
+46.92500E-06 +2.95879387897E+00 -68.34170784E-03
+46.95000E-06 -5.38592948201E+00 +235.77889194E-03
+46.97500E-06 -23.11557775E-03 -102.51256170E-03
+47.00000E-06 +5.08542697897E+00 -205.02512346E-03
+47.02500E-06 -3.51356773037E+00 +205.02512343E-03
+47.05000E-06 -3.30552753666E+00 +41.00502472E-03
+47.07500E-06 +5.17788928726E+00 -246.03014812E-03
+47.10000E-06 -254.27134836E-03 +78.59296396E-03
+47.12500E-06 -5.36281390509E+00 +184.52261110E-03
+47.15000E-06 +3.35175869008E+00 -215.27637958E-03
+47.17500E-06 +3.25929638242E+00 -68.34170784E-03
+47.20000E-06 -5.61708525366E+00 +232.36180656E-03
+47.22500E-06 -630E-12 -119.59798865E-03
+47.25000E-06 +5.36281390509E+00 -198.19095267E-03
+47.27500E-06 -3.69849234777E+00 +222.11055038E-03
+47.30000E-06 -3.51356773120E+00 +54.67336628E-03
+47.32500E-06 +5.50150736783E+00 -269.94974586E-03
+47.35000E-06 -231.15577124E-03 +105.92964708E-03
+47.37500E-06 -5.73266313991E+00 +198.19095267E-03
+47.40000E-06 +3.44422099878E+00 -239.19597732E-03
+47.42500E-06 +3.35175869113E+00 -61.50753705E-03
+47.45000E-06 -5.89447217978E+00 +269.94974586E-03
+47.47500E-06 -92.46230934E-03 -109.34673247E-03
+47.50000E-06 +5.61708525408E+00 -222.11055041E-03
+47.52500E-06 -3.74472350202E+00 +225.52763576E-03
+47.55000E-06 -3.65226119437E+00 +54.67336628E-03
+47.57500E-06 +5.68643198524E+00 -297.28642898E-03
+47.60000E-06 -254.27134835E-03 +92.26130552E-03
+47.62500E-06 -5.91758775732E+00 +208.44220885E-03
+47.65000E-06 +3.62914561619E+00 -256.28140427E-03
+47.67500E-06 +3.46733657696E+00 -68.34170784E-03
+47.70000E-06 -6.07939679718E+00 +283.61808742E-03
+47.72500E-06 -92.46230935E-03 -119.59798865E-03
+47.75000E-06 +5.75577871704E+00 -225.52763579E-03
+47.77500E-06 -3.90653254230E+00 +252.86431888E-03
+47.80000E-06 -3.74472350308E+00 +47.83919548E-03
+47.82500E-06 +5.91758775690E+00 -314.37185593E-03
+47.85000E-06 -184.92461676E-03 +109.34673247E-03
+47.87500E-06 -6.17185910632E+00 +201.60803805E-03
+47.90000E-06 +3.72160792489E+00 -252.86431888E-03
+47.92500E-06 +3.58291446280E+00 -68.34170784E-03
+47.95000E-06 -6.26432141459E+00 +297.28642898E-03
+47.97500E-06 -92.46230935E-03 -123.01507403E-03
+48.00000E-06 +5.94070333445E+00 -246.03014815E-03
+48.02500E-06 -3.99899485100E+00 +252.86431888E-03
+48.05000E-06 -3.92964812050E+00 +64.92462246E-03
+48.07500E-06 +6.10251237430E+00 -321.20602673E-03
+48.10000E-06 -138.69346230E-03 +119.59798864E-03
+48.12500E-06 -6.31055256927E+00 +235.77889197E-03
+48.15000E-06 +3.83718581071E+00 -269.94974583E-03
+48.17500E-06 +3.81407023467E+00 -68.34170784E-03
+48.20000E-06 -6.42613045488E+00 +290.45225819E-03
+48.22500E-06 -92.46230936E-03 -133.26633021E-03
+48.25000E-06 +6.17185910632E+00 -239.19597735E-03
+48.27500E-06 -4.18391946840E+00 +263.11557506E-03
+48.30000E-06 -4.02211042921E+00 +68.34170784E-03
+48.32500E-06 +6.28743699171E+00 -324.62311211E-03
+48.35000E-06 -184.92461675E-03 +123.01507403E-03
+48.37500E-06 -6.54170834114E+00 +235.77889197E-03
+48.40000E-06 +3.83718581070E+00 -290.45225819E-03
+48.42500E-06 +3.83718581180E+00 -71.75879323E-03
+48.45000E-06 -6.61105507229E+00 +314.37185593E-03
+48.47500E-06 -184.92461807E-03 -140.10050097E-03
+48.50000E-06 +6.35678372373E+00 -249.44723353E-03
+48.52500E-06 -4.27638177710E+00 +269.94974583E-03
+48.55000E-06 -4.18391946950E+00 +64.92462246E-03
+48.57500E-06 +6.44924603200E+00 -328.04019749E-03
+48.60000E-06 -46.23115358E-03 +126.43215941E-03
+48.62500E-06 -6.65728622697E+00 +235.77889197E-03
+48.65000E-06 +4.04522600523E+00 -297.28642895E-03
+48.67500E-06 +3.99899485210E+00 -78.59296402E-03
+48.70000E-06 -6.81909526682E+00 +328.04019749E-03
+48.72500E-06 -92.46230937E-03 -136.68341559E-03
+48.75000E-06 +6.49547718668E+00 -263.11557510E-03
+48.77500E-06 -4.23015062263E+00 +280.20100201E-03
+48.80000E-06 -4.27638177821E+00 +68.34170784E-03
+48.82500E-06 +6.56482391782E+00 -355.37688062E-03
+48.85000E-06 -23.11557645E-03 +123.01507403E-03
+48.87500E-06 -6.84221084438E+00 +249.44723353E-03
+48.90000E-06 +4.02211042810E+00 -307.53768513E-03
+48.92500E-06 +4.06834158369E+00 -75.17587864E-03
+48.95000E-06 -6.84221084393E+00 +328.04019749E-03
+48.97500E-06 -161.80904096E-03 -146.93467177E-03
+49.00000E-06 +6.63417064985E+00 -273.36683128E-03
+49.02500E-06 -4.32261293133E+00 +283.61808739E-03
+49.05000E-06 -4.36884408693E+00 +78.59296402E-03
+49.07500E-06 +6.68040180364E+00 -351.95979523E-03
+49.10000E-06 +46.23115514E-03 +133.26633021E-03
+49.12500E-06 -7.00401988468E+00 +263.11557510E-03
+49.15000E-06 +4.04522600522E+00 -307.53768513E-03
+49.17500E-06 +4.16080389240E+00 -78.59296402E-03
+49.20000E-06 -6.93467315264E+00 +341.70853905E-03
+49.22500E-06 -231.15577256E-03 -153.76884253E-03
+49.25000E-06 +6.88844199885E+00 -276.78391666E-03
+49.27500E-06 -4.39195966291E+00 +293.86934357E-03
+49.30000E-06 -4.46130639563E+00 +68.34170784E-03
+49.32500E-06 +6.74974853523E+00 -365.62813680E-03
+49.35000E-06 +46.23115515E-03 +140.10050097E-03
+49.37500E-06 -7.02713546180E+00 +273.36683128E-03
+49.40000E-06 +4.13768831391E+00 -331.45728287E-03
+49.42500E-06 +4.27638177823E+00 -78.59296402E-03
+49.45000E-06 -7.05025103846E+00 +355.37688062E-03
+49.47500E-06 -254.27134969E-03 -153.76884253E-03
+49.50000E-06 +6.88844199886E+00 -290.45225822E-03
+49.52500E-06 -4.32261293132E+00 +321.20602669E-03
+49.55000E-06 -4.50753755011E+00 +78.59296402E-03
+49.57500E-06 +6.81909526681E+00 -365.62813680E-03
+49.60000E-06 +46.23115516E-03 +140.10050097E-03
+49.62500E-06 -7.09648219339E+00 +263.11557510E-03
+49.65000E-06 +4.11457273679E+00 -334.87436826E-03
+49.67500E-06 +4.29949735535E+00 -78.59296403E-03
+49.70000E-06 -7.09648219292E+00 +379.29647836E-03
+49.72500E-06 -254.27134969E-03 -164.02009871E-03
+49.75000E-06 +6.84221084439E+00 -280.20100204E-03
+49.77500E-06 -4.25326619972E+00 +310.95477051E-03
+49.80000E-06 -4.53065312724E+00 +68.34170785E-03
+49.82500E-06 +6.81909526681E+00 -382.71356374E-03
+49.85000E-06 +115.57788675E-03 +150.35175715E-03
+49.87500E-06 -7.16582892498E+00 +273.36683128E-03
+49.90000E-06 +4.13768831390E+00 -324.62311208E-03
+49.92500E-06 +4.36884408695E+00 -75.17587864E-03
+49.95000E-06 -7.02713546133E+00 +365.62813680E-03
+49.97500E-06 -323.61808129E-03 -150.35175715E-03
+50.00000E-06 +6.98090430757E+00 -300.70351440E-03
+50.02500E-06 -4.32261293131E+00 +331.45728287E-03
+50.05000E-06 -4.64623101306E+00 +75.17587864E-03
+50.07500E-06 +6.84221084392E+00 -389.54773454E-03
+50.10000E-06 +46.23115518E-03 +170.85426951E-03
+50.12500E-06 -7.11959777051E+00 +276.78391666E-03
+50.15000E-06 +4.04522600519E+00 -324.62311208E-03
+50.17500E-06 +4.36884408695E+00 -75.17587864E-03
+50.20000E-06 -7.05025103845E+00 +369.04522218E-03
+50.22500E-06 -323.61808130E-03 -170.85426947E-03
+50.25000E-06 +6.84221084440E+00 -280.20100204E-03
+50.27500E-06 -4.32261293130E+00 +321.20602669E-03
+50.30000E-06 -4.64623101307E+00 +78.59296403E-03
+50.32500E-06 +6.84221084392E+00 -379.29647836E-03
+50.35000E-06 +46.23115518E-03 +150.35175715E-03
+50.37500E-06 -7.11959777051E+00 +276.78391666E-03
+50.40000E-06 +4.13768831389E+00 -345.12562444E-03
+50.42500E-06 +4.27638177825E+00 -78.59296403E-03
+50.45000E-06 -7.09648219292E+00 +365.62813680E-03
+50.47500E-06 -416.08039001E-03 -170.85426951E-03
+50.50000E-06 +6.81909526728E+00 -290.45225822E-03
+50.52500E-06 -4.23015062259E+00 +334.87436826E-03
+50.55000E-06 -4.62311543596E+00 +68.34170785E-03
+50.57500E-06 +6.74974853521E+00 -382.71356374E-03
+50.60000E-06 +161.80904101E-03 +153.76884253E-03
+50.62500E-06 -7.09648219340E+00 +287.03517284E-03
+50.65000E-06 +4.04522600518E+00 -338.29145364E-03
+50.67500E-06 +4.36884408697E+00 -68.34170785E-03
+50.70000E-06 -6.93467315262E+00 +375.87939298E-03
+50.72500E-06 -323.61808131E-03 -167.43718409E-03
+50.75000E-06 +6.81909526728E+00 -290.45225822E-03
+50.77500E-06 -4.16080389100E+00 +334.87436825E-03
+50.80000E-06 -4.55376870438E+00 +64.92462246E-03
+50.82500E-06 +6.65728622651E+00 -396.38190530E-03
+50.85000E-06 +138.69346390E-03 +167.43718409E-03
+50.87500E-06 -7.00401988470E+00 +276.78391666E-03
+50.90000E-06 +3.92964811935E+00 -334.87436825E-03
+50.92500E-06 +4.27638177827E+00 -78.59296403E-03
+50.95000E-06 -6.84221084392E+00 +379.29647836E-03
+50.97500E-06 -439.19596714E-03 -164.02009871E-03
+51.00000E-06 +6.74974853570E+00 -297.28642902E-03
+51.02500E-06 -4.13768831387E+00 +334.87436825E-03
+51.05000E-06 -4.55376870438E+00 +64.92462247E-03
+51.07500E-06 +6.49547718621E+00 -389.54773454E-03
+51.10000E-06 +138.69346391E-03 +164.02009871E-03
+51.12500E-06 -6.95778873022E+00 +276.78391666E-03
+51.15000E-06 +3.86030138775E+00 -334.87436825E-03
+51.17500E-06 +4.27638177827E+00 -75.17587865E-03
+51.20000E-06 -6.68040180362E+00 +369.04522218E-03
+51.22500E-06 -416.08039003E-03 -181.10552565E-03
+51.25000E-06 +6.72663295858E+00 -290.45225822E-03
+51.27500E-06 -4.11457273675E+00 +331.45728287E-03
+51.30000E-06 -4.55376870439E+00 +64.92462247E-03
+51.32500E-06 +6.37989930039E+00 -379.29647836E-03
+51.35000E-06 +184.92461815E-03 +164.02009871E-03
+51.37500E-06 -6.77286411282E+00 +276.78391666E-03
+51.40000E-06 +3.74472350193E+00 -348.54270982E-03
+51.42500E-06 +4.18391946958E+00 -68.34170785E-03
+51.45000E-06 -6.56482391780E+00 +379.29647836E-03
+51.47500E-06 -531.65827586E-03 -164.02009871E-03
+51.50000E-06 +6.56482391829E+00 -290.45225822E-03
+51.52500E-06 -3.92964811934E+00 +324.62311207E-03
+51.55000E-06 -4.39195966410E+00 +61.50753708E-03
+51.57500E-06 +6.26432141457E+00 -379.29647836E-03
+51.60000E-06 +184.92461816E-03 +143.51758635E-03
+51.62500E-06 -6.56482391829E+00 +263.11557510E-03
+51.65000E-06 +3.58291446163E+00 -334.87436825E-03
+51.67500E-06 +4.04522600640E+00 -64.92462247E-03
+51.70000E-06 -6.49547718620E+00 +369.04522218E-03
+51.72500E-06 -439.19596716E-03 -174.27135489E-03
+51.75000E-06 +6.31055256929E+00 -280.20100204E-03
+51.77500E-06 -3.76783907903E+00 +321.20602669E-03
+51.80000E-06 -4.32261293251E+00 +54.67336629E-03
+51.82500E-06 +6.10251237427E+00 -379.29647836E-03
+51.85000E-06 +208.04019527E-03 +160.60301333E-03
+51.87500E-06 -6.47236160959E+00 +269.94974590E-03
+51.90000E-06 +3.46733657580E+00 -331.45728287E-03
+51.92500E-06 +4.02211042929E+00 -64.92462247E-03
+51.95000E-06 -6.28743699168E+00 +365.62813680E-03
+51.97500E-06 -462.31154428E-03 -164.02009871E-03
+52.00000E-06 +6.19497468348E+00 -276.78391666E-03
+52.02500E-06 -3.67537677032E+00 +307.53768513E-03
+52.05000E-06 -4.13768831511E+00 +61.50753709E-03
+52.07500E-06 +5.91758775686E+00 -375.87939298E-03
+52.10000E-06 +208.04019528E-03 +150.35175715E-03
+52.12500E-06 -6.37989930089E+00 +249.44723354E-03
+52.15000E-06 +3.39798984421E+00 -324.62311207E-03
+52.17500E-06 +3.90653254348E+00 -64.92462247E-03
+52.20000E-06 -6.01005006556E+00 +341.70853905E-03
+52.22500E-06 -462.31154429E-03 -164.02009871E-03
+52.25000E-06 +5.94070333448E+00 -266.53266048E-03
+52.27500E-06 -3.55979888450E+00 +307.53768513E-03
+52.30000E-06 -4.04522600641E+00 +64.92462247E-03
+52.32500E-06 +5.70954756233E+00 -362.21105142E-03
+52.35000E-06 +277.38692688E-03 +160.60301333E-03
+52.37500E-06 -6.10251237478E+00 +259.69848972E-03
+52.40000E-06 +3.23618080416E+00 -334.87436825E-03
+52.42500E-06 +3.79095465741E+00 -68.34170785E-03
+52.45000E-06 -5.89447217974E+00 +351.95979523E-03
+52.47500E-06 -531.65827589E-03 -164.02009871E-03
+52.50000E-06 +5.73266313996E+00 -263.11557510E-03
+52.52500E-06 -3.35175868997E+00 +304.12059975E-03
+52.55000E-06 -4.02211042930E+00 +47.83919552E-03
+52.57500E-06 +5.45527621333E+00 -351.95979523E-03
+52.60000E-06 +300.50250400E-03 +150.35175715E-03
+52.62500E-06 -5.91758775737E+00 +242.61306278E-03
+52.65000E-06 +3.14371849545E+00 -307.53768513E-03
+52.67500E-06 +3.69849234871E+00 -68.34170785E-03
+52.70000E-06 -5.64020083074E+00 +338.29145367E-03
+52.72500E-06 -554.77385300E-03 -157.18592795E-03
+52.75000E-06 +5.50150736807E+00 -259.69848972E-03
+52.77500E-06 -3.21306522678E+00 +297.28642895E-03
+52.80000E-06 -3.79095465742E+00 +41.00502472E-03
+52.82500E-06 +5.17788928721E+00 -338.29145367E-03
+52.85000E-06 +323.61808112E-03 +136.68341558E-03
+52.87500E-06 -5.64020083126E+00 +235.77889198E-03
+52.90000E-06 +2.88944714644E+00 -297.28642895E-03
+52.92500E-06 +3.49045215420E+00 -64.92462247E-03
+52.95000E-06 -5.31658275040E+00 +338.29145367E-03
+52.97500E-06 -531.65827564E-03 -160.60301333E-03
+53.00000E-06 +5.29346717355E+00 -249.44723354E-03
+53.02500E-06 -3.07437176385E+00 +266.53266044E-03
+53.05000E-06 -3.62914561712E+00 +41.00502473E-03
+53.07500E-06 +4.99296466980E+00 -324.62311211E-03
+53.10000E-06 +208.04019531E-03 +136.68341558E-03
+53.12500E-06 -5.47839179096E+00 +211.85929423E-03
+53.15000E-06 +2.72763810614E+00 -307.53768513E-03
+53.17500E-06 +3.39798984550E+00 -51.25628091E-03
+53.20000E-06 -5.15477371010E+00 +300.70351437E-03
+53.22500E-06 -508.54269854E-03 -164.02009871E-03
+53.25000E-06 +5.01608024744E+00 -239.19597736E-03
+53.27500E-06 -2.95879387803E+00 +280.20100200E-03
+53.30000E-06 -3.60603004002E+00 +41.00502473E-03
+53.32500E-06 +4.71557774368E+00 -321.20602673E-03
+53.35000E-06 +231.15577242E-03 +146.93467176E-03
+53.37500E-06 -5.13165813325E+00 +222.11055041E-03
+53.40000E-06 +2.65829137480E+00 -290.45225819E-03
+53.42500E-06 +3.25929638231E+00 -47.83919549E-03
+53.45000E-06 -4.80804005239E+00 +297.28642899E-03
+53.47500E-06 -601.00500725E-03 -146.93467176E-03
+53.50000E-06 +4.73869332132E+00 -235.77889198E-03
+53.52500E-06 -2.77386926061E+00 +252.86431888E-03
+53.55000E-06 -3.42110542261E+00 +41.00502473E-03
+53.57500E-06 +4.41507524046E+00 -297.28642899E-03
+53.60000E-06 +254.27134954E-03 +123.01507402E-03
+53.62500E-06 -4.83115563003E+00 +208.44220885E-03
+53.65000E-06 +2.40402002579E+00 -269.94974582E-03
+53.67500E-06 +2.98190945620E+00 -51.25628091E-03
+53.70000E-06 -4.62311543497E+00 +297.28642899E-03
+53.72500E-06 -439.19596695E-03 -146.93467176E-03
+53.75000E-06 +4.48442197232E+00 -211.85929423E-03
+53.77500E-06 -2.65829137479E+00 +249.44723350E-03
+53.80000E-06 -3.16683407361E+00 +30.75376854E-03
+53.82500E-06 +4.23015062305E+00 -300.70351437E-03
+53.85000E-06 +254.27134954E-03 +119.59798864E-03
+53.87500E-06 -4.57688428102E+00 +194.77386729E-03
+53.90000E-06 +2.28844213997E+00 -249.44723350E-03
+53.92500E-06 +2.95879387909E+00 -41.00502473E-03
+53.95000E-06 -4.32261293175E+00 +269.94974586E-03
+53.97500E-06 -462.31154407E-03 -136.68341558E-03
+54.00000E-06 +4.27638177780E+00 -218.69346503E-03
+54.02500E-06 -2.47336675738E+00 +235.77889194E-03
+54.05000E-06 -3.00502503331E+00 +41.00502473E-03
+54.07500E-06 +3.95276369693E+00 -283.61808742E-03
+54.10000E-06 +184.92461795E-03 +119.59798864E-03
+54.12500E-06 -4.39195966362E+00 +184.52261111E-03
+54.15000E-06 +2.10351752256E+00 -252.86431888E-03
+54.17500E-06 +2.63517579850E+00 -41.00502473E-03
+54.20000E-06 -4.02211042853E+00 +259.69848968E-03
+54.22500E-06 -531.65827566E-03 -146.93467176E-03
+54.25000E-06 +3.95276369720E+00 -194.77386729E-03
+54.27500E-06 -2.33467329446E+00 +235.77889194E-03
+54.30000E-06 -2.91256272461E+00 +30.75376855E-03
+54.32500E-06 +3.67537677081E+00 -280.20100204E-03
+54.35000E-06 +208.04019506E-03 +116.18090326E-03
+54.37500E-06 -4.02211042880E+00 +181.10552573E-03
+54.40000E-06 +1.98793963674E+00 -239.19597732E-03
+54.42500E-06 +2.47336675820E+00 -54.67336629E-03
+54.45000E-06 -3.83718581111E+00 +246.03014812E-03
+54.47500E-06 -554.77385278E-03 -129.84924482E-03
+54.50000E-06 +3.65226119398E+00 -184.52261111E-03
+54.52500E-06 -2.10351752256E+00 +222.11055037E-03
+54.55000E-06 -2.72763810721E+00 +27.33668317E-03
+54.57500E-06 +3.46733657629E+00 -256.28140430E-03
+54.60000E-06 +208.04019507E-03 +109.34673246E-03
+54.62500E-06 -3.83718581139E+00 +164.02009879E-03
+54.65000E-06 +1.73366828773E+00 -225.52763576E-03
+54.67500E-06 +2.38090444950E+00 -44.42211011E-03
+54.70000E-06 -3.58291446211E+00 +228.94472118E-03
+54.72500E-06 -462.31154408E-03 -119.59798864E-03
+54.75000E-06 +3.49045215368E+00 -170.85426955E-03
+54.77500E-06 -1.98793963674E+00 +201.60803801E-03
+54.80000E-06 -2.54271348980E+00 +20.50251236E-03
+54.82500E-06 +3.18994965018E+00 -246.03014812E-03
+54.85000E-06 +300.50250378E-03 +105.92964708E-03
+54.87500E-06 -3.55979888528E+00 +146.93467180E-03
+54.90000E-06 +1.68743713352E+00 -211.85929419E-03
+54.92500E-06 +2.19597983209E+00 -30.75376855E-03
+54.95000E-06 -3.30552753599E+00 +215.27637961E-03
+54.97500E-06 -508.54269830E-03 -116.18090326E-03
+55.00000E-06 +3.21306522756E+00 -170.85426955E-03
+55.02500E-06 -1.84924617382E+00 +194.77386725E-03
+55.05000E-06 -2.35778887239E+00 +27.33668317E-03
+55.07500E-06 +2.98190945566E+00 -218.69346499E-03
+55.10000E-06 +138.69346348E-03 +102.51256170E-03
+55.12500E-06 -3.28241195916E+00 +146.93467180E-03
+55.15000E-06 +1.45628136161E+00 -198.19095263E-03
+55.17500E-06 +2.08040194628E+00 -30.75376855E-03
+55.20000E-06 -3.00502503277E+00 +191.35678187E-03
+55.22500E-06 -416.08038959E-03 -105.92964708E-03
+55.25000E-06 +2.93567830145E+00 -146.93467180E-03
+55.27500E-06 -1.75678386511E+00 +184.52261107E-03
+55.30000E-06 -2.21909540920E+00 +20.50251236E-03
+55.32500E-06 +2.65829137505E+00 -205.02512343E-03
+55.35000E-06 +161.80904059E-03 +88.84422013E-03
+55.37500E-06 -3.02814061015E+00 +129.84924486E-03
+55.40000E-06 +1.31758789869E+00 -194.77386725E-03
+55.42500E-06 +1.84924617438E+00 -34.17085393E-03
+55.45000E-06 -2.82010041536E+00 +198.19095267E-03
+55.47500E-06 -439.19596670E-03 -102.51256170E-03
+55.50000E-06 +2.65829137534E+00 -143.51758642E-03
+55.52500E-06 -1.52562809320E+00 +157.18592794E-03
+55.55000E-06 -2.01105521469E+00 +30.75376855E-03
+55.57500E-06 +2.35778887183E+00 -191.35678187E-03
+55.60000E-06 +92.46230899E-03 +78.59296395E-03
+55.62500E-06 -2.91256272435E+00 +126.43215948E-03
+55.65000E-06 +1.29447232158E+00 -191.35678187E-03
+55.67500E-06 +1.66432155697E+00 -23.91959774E-03
+55.70000E-06 -2.61206022084E+00 +184.52261111E-03
+55.72500E-06 -346.73365800E-03 -102.51256170E-03
+55.75000E-06 +2.45025118082E+00 -129.84924486E-03
+55.77500E-06 -1.38693463029E+00 +153.76884256E-03
+55.80000E-06 -1.84924617438E+00 +20.50251236E-03
+55.82500E-06 +2.26532656313E+00 -177.68844031E-03
+55.85000E-06 +69.34673189E-03 +75.17587857E-03
+55.87500E-06 -2.63517579823E+00 +109.34673250E-03
+55.90000E-06 +1.10954770417E+00 -153.76884256E-03
+55.92500E-06 +1.50251251667E+00 -34.17085393E-03
+55.95000E-06 -2.35778887183E+00 +164.02009875E-03
+55.97500E-06 -439.19596671E-03 -88.84422013E-03
+56.00000E-06 +2.28844214052E+00 -140.10050104E-03
+56.02500E-06 -1.29447232158E+00 +136.68341562E-03
+56.05000E-06 -1.68743713408E+00 +17.08542698E-03
+56.07500E-06 +2.05728636861E+00 -174.27135493E-03
+56.10000E-06 +161.80904060E-03 +75.17587857E-03
+56.12500E-06 -2.35778887212E+00 +102.51256174E-03
+56.15000E-06 +993.96981836E-03 -143.51758638E-03
+56.17500E-06 +1.41005020797E+00 -20.50251236E-03
+56.20000E-06 -2.14974867732E+00 +140.10050100E-03
+56.22500E-06 -346.73365801E-03 -78.59296395E-03
+56.25000E-06 +2.01105521440E+00 -105.92964712E-03
+56.27500E-06 -1.17889443577E+00 +136.68341562E-03
+56.30000E-06 -1.52562809378E+00 +6.83417080E-03
+56.32500E-06 +1.80301501960E+00 -146.93467180E-03
+56.35000E-06 +92.46230900E-03 +71.75879319E-03
+56.37500E-06 -2.19597983181E+00 +105.92964712E-03
+56.40000E-06 +901.50750965E-03 -160.60301337E-03
+56.42500E-06 +1.31758789926E+00 -20.50251236E-03
+56.45000E-06 -1.98793963701E+00 +143.51758642E-03
+56.47500E-06 -369.84923511E-03 -85.42713475E-03
+56.50000E-06 +1.82613059699E+00 -105.92964712E-03
+56.52500E-06 -1.10954770416E+00 +126.43215944E-03
+56.55000E-06 -1.41005020797E+00 +6.83417080E-03
+56.57500E-06 +1.61809040219E+00 -150.35175718E-03
+56.60000E-06 +115.57788610E-03 +61.50753701E-03
+56.62500E-06 -1.94170848280E+00 +85.42713480E-03
+56.65000E-06 +739.69846934E-03 -112.76381788E-03
+56.67500E-06 +1.04020097315E+00 -20.50251237E-03
+56.70000E-06 -1.87236175120E+00 +123.01507406E-03
+56.72500E-06 -369.84923512E-03 -85.42713475E-03
+56.75000E-06 +1.57185924798E+00 -92.26130556E-03
+56.77500E-06 -993.96981836E-03 +112.76381788E-03
+56.80000E-06 -1.31758789927E+00 -3.41708538E-03
+56.82500E-06 +1.43316578478E+00 -126.43215944E-03
+56.85000E-06 +115.57788610E-03 +58.09045163E-03
+56.87500E-06 -1.82613059699E+00 +78.59296399E-03
+56.90000E-06 +693.46731514E-03 -123.01507406E-03
+56.92500E-06 +1.04020097315E+00 -20.50251237E-03
+56.95000E-06 -1.59497482508E+00 +105.92964712E-03
+56.97500E-06 -231.15577191E-03 -71.75879319E-03
+57.00000E-06 +1.45628136218E+00 -92.26130556E-03
+57.02500E-06 -878.39193255E-03 +99.09547631E-03
+57.05000E-06 -1.24824116766E+00 +6.83417080E-03
+57.07500E-06 +1.34070347607E+00 -123.01507406E-03
+57.10000E-06 +115.57788611E-03 +47.83919545E-03
+57.12500E-06 -1.54874367088E+00 +68.34170781E-03
+57.15000E-06 +601.00500643E-03 -109.34673250E-03
+57.17500E-06 +970.85424155E-03 -20.50251237E-03
+57.20000E-06 -1.43316578478E+00 +95.67839094E-03
+57.22500E-06 -323.61808062E-03 -71.75879319E-03
+57.25000E-06 +1.20201001316E+00 -78.59296399E-03
+57.27500E-06 -785.92962384E-03 +95.67839094E-03
+57.30000E-06 -1.08643212736E+00 -3.41708538E-03
+57.32500E-06 +1.10954770446E+00 -109.34673250E-03
+57.35000E-06 -23.11557710E-03 +44.42211007E-03
+57.37500E-06 -1.50251251638E+00 +68.34170781E-03
+57.40000E-06 +508.54269773E-03 -109.34673250E-03
+57.42500E-06 +785.92962414E-03 -23.91959774E-03
+57.45000E-06 -1.31758789897E+00 +95.67839094E-03
+57.47500E-06 -392.96481222E-03 -58.09045163E-03
+57.50000E-06 +1.15577885896E+00 -68.34170781E-03
+57.52500E-06 -693.46731514E-03 +75.17587857E-03
+57.55000E-06 -1.01708539605E+00 +3.41708542E-03
+57.57500E-06 +1.01708539575E+00 -109.34673250E-03
+57.60000E-06 +69.34673160E-03 +34.17085388E-03
+57.62500E-06 -1.27135674477E+00 +47.83919549E-03
+57.65000E-06 +416.08038902E-03 -85.42713475E-03
+57.67500E-06 +716.58289254E-03 -20.50251237E-03
+57.70000E-06 -1.15577885866E+00 +71.75879319E-03
+57.72500E-06 -300.50250352E-03 -58.09045163E-03
+57.75000E-06 +1.01708539575E+00 -75.17587861E-03
+57.77500E-06 -601.00500643E-03 +82.01004937E-03
+57.80000E-06 -878.39193285E-03 -3.41708538E-03
+57.82500E-06 +832.16077834E-03 -109.34673250E-03
+57.85000E-06 -46.23115420E-03 +41.00502469E-03
+57.87500E-06 -1.20201001316E+00 +41.00502469E-03
+57.90000E-06 +300.50250321E-03 -82.01004937E-03
+57.92500E-06 +601.00500673E-03 -20.50251237E-03
+57.95000E-06 -1.04020097285E+00 +78.59296399E-03
+57.97500E-06 -231.15577192E-03 -51.25628087E-03
+58.00000E-06 +901.50750995E-03 -64.92462243E-03
+58.02500E-06 -531.65827482E-03 +54.67336625E-03
+58.05000E-06 -809.04520124E-03 +0.0E+00
+58.07500E-06 +762.81404674E-03 -82.01004937E-03
+58.10000E-06 +46.23115451E-03 +30.75376850E-03
+58.12500E-06 -1.01708539575E+00 +37.58793931E-03
+58.15000E-06 +300.50250321E-03 -68.34170781E-03
+58.17500E-06 +508.54269803E-03 -6.83417080E-03
+58.20000E-06 -947.73866415E-03 +58.09045163E-03
+58.22500E-06 -300.50250352E-03 -44.42211007E-03
+58.25000E-06 +809.04520124E-03 -51.25628087E-03
+58.27500E-06 -485.42712062E-03 +58.09045163E-03
+58.30000E-06 -739.69846964E-03 -3.41708538E-03
+58.32500E-06 +577.88942933E-03 -78.59296399E-03
+58.35000E-06 -23.11557710E-03 +37.58793931E-03
+58.37500E-06 -924.62308705E-03 +37.58793931E-03
+58.40000E-06 +300.50250321E-03 -82.01004937E-03
+58.42500E-06 +439.19596643E-03 -13.66834156E-03
+58.45000E-06 -855.27635544E-03 +54.67336625E-03
+58.47500E-06 -208.04019482E-03 -30.75376850E-03
+58.50000E-06 +554.77385223E-03 -54.67336625E-03
+58.52500E-06 -462.31154352E-03 +54.67336625E-03
+58.55000E-06 -624.12058384E-03 +10.25125618E-03
+58.57500E-06 +554.77385223E-03 -54.67336625E-03
+58.60000E-06 +69.34673161E-03 +17.08542694E-03
+58.62500E-06 -901.50750995E-03 +23.91959775E-03
+58.65000E-06 +231.15577161E-03 -58.09045163E-03
+58.67500E-06 +323.61808062E-03 -23.91959775E-03
+58.70000E-06 -762.81404674E-03 +44.42211007E-03
+58.72500E-06 -231.15577192E-03 -41.00502469E-03
+58.75000E-06 +554.77385223E-03 -44.42211007E-03
+58.77500E-06 -416.08038902E-03 +47.83919544E-03
+58.80000E-06 -601.00500674E-03 -10.25125618E-03
+58.82500E-06 +462.31154352E-03 -58.09045163E-03
+58.85000E-06 -23.11557710E-03 +23.91959775E-03
+58.87500E-06 -716.58289254E-03 +17.08542694E-03
+58.90000E-06 +208.04019451E-03 -58.09045163E-03
+58.92500E-06 +346.73365772E-03 -20.50251237E-03
+58.95000E-06 -670.35173803E-03 +47.83919549E-03
+58.97500E-06 -161.80904031E-03 -30.75376850E-03
+59.00000E-06 +439.19596643E-03 -51.25628087E-03
+59.02500E-06 -300.50250321E-03 +47.83919549E-03
+59.05000E-06 -508.54269804E-03 -3.41708538E-03
+59.07500E-06 +323.61808031E-03 -54.67336625E-03
+59.10000E-06 -46.23115419E-03 +27.33668312E-03
+59.12500E-06 -624.12058384E-03 +27.33668312E-03
+59.15000E-06 +115.57788580E-03 -34.17085388E-03
+59.17500E-06 +231.15577192E-03 +3.41708538E-03
+59.20000E-06 -554.77385223E-03 +27.33668312E-03
+59.22500E-06 -161.80904031E-03 -34.17085388E-03
+59.25000E-06 +439.19596643E-03 -27.33668312E-03
+59.27500E-06 -369.84923482E-03 +30.75376850E-03
+59.30000E-06 -439.19596643E-03 +0.0E+00
+59.32500E-06 +277.38692611E-03 -51.25628087E-03
+59.35000E-06 -23.11557710E-03 +13.66834156E-03
+59.37500E-06 -647.23616093E-03 +27.33668312E-03
+59.40000E-06 +115.57788580E-03 -51.25628087E-03
+59.42500E-06 +184.92461741E-03 -13.66834156E-03
+59.45000E-06 -554.77385223E-03 +27.33668312E-03
+59.47500E-06 -323.61808063E-03 -27.33668312E-03
+59.50000E-06 +346.73365772E-03 -37.58793931E-03
+59.52500E-06 -300.50250321E-03 +30.75376850E-03
+59.55000E-06 -508.54269804E-03 +10.25125618E-03
+59.57500E-06 +277.38692611E-03 -41.00502469E-03
+59.60000E-06 +0.0E+00 +6.83417076E-03
+59.62500E-06 -485.42712062E-03 +10.25125618E-03
+59.65000E-06 +23.11557710E-03 -41.00502469E-03
+59.67500E-06 +161.80904031E-03 +0.0E+00
+59.70000E-06 -392.96481191E-03 +27.33668312E-03
+59.72500E-06 -231.15577192E-03 -23.91959775E-03
+59.75000E-06 +277.38692611E-03 -27.33668312E-03
+59.77500E-06 -208.04019451E-03 +23.91959775E-03
+59.80000E-06 -392.96481191E-03 -23.91959775E-03
+59.82500E-06 +208.04019451E-03 -44.42211007E-03
+59.85000E-06 -92.46230870E-03 +3.41708538E-03
+59.87500E-06 -462.31154352E-03 +13.66834156E-03
+59.90000E-06 +92.46230870E-03 -41.00502469E-03
+59.92500E-06 +92.46230870E-03 -10.25125618E-03
+59.95000E-06 -392.96481191E-03 +17.08542694E-03
+59.97500E-06 -184.92461741E-03 -23.91959775E-03
+60.00000E-06 +184.92461741E-03 -23.91959775E-03
+60.02500E-06 -277.38692611E-03 +23.91959775E-03
+60.05000E-06 -277.38692611E-03 -3.41708538E-03
+60.07500E-06 +254.27134902E-03 -27.33668312E-03
+60.10000E-06 -115.57788580E-03 +3.41708538E-03
+60.12500E-06 -369.84923482E-03 +10.25125618E-03
+60.15000E-06 +0.0E+00 -27.33668312E-03
+60.17500E-06 +69.34673161E-03 -10.25125618E-03
+60.20000E-06 -369.84923482E-03 +6.83417076E-03
+60.22500E-06 -231.15577193E-03 -20.50251232E-03
+60.25000E-06 +92.46230870E-03 -27.33668312E-03
+60.27500E-06 -184.92461741E-03 +13.66834156E-03
+60.30000E-06 -300.50250321E-03 +0.0E+00
+60.32500E-06 +92.46230870E-03 -34.17085393E-03
+60.35000E-06 -92.46230870E-03 +10.25125618E-03
+60.37500E-06 -392.96481191E-03 +6.83417081E-03
+60.40000E-06 +23.11557709E-03 -27.33668312E-03
+60.42500E-06 +23.11557709E-03 -13.66834156E-03
+60.45000E-06 -369.84923482E-03 +23.91959775E-03
+60.47500E-06 -184.92461741E-03 -13.66834156E-03
+60.50000E-06 +161.80904032E-03 -13.66834156E-03
+60.52500E-06 -161.80904032E-03 +17.08542694E-03
+60.55000E-06 -184.92461741E-03 +0.0E+00
+60.57500E-06 +92.46230870E-03 -37.58793931E-03
+60.60000E-06 -115.57788580E-03 +0.0E+00
+60.62500E-06 -346.73365773E-03 +10.25125618E-03
+60.65000E-06 +23.11557709E-03 -17.08542694E-03
+60.67500E-06 -23.11557709E-03 +0.0E+00
+60.70000E-06 -300.50250321E-03 +13.66834156E-03
+60.72500E-06 -161.80904032E-03 -17.08542694E-03
+60.75000E-06 +92.46230870E-03 -13.66834156E-03
+60.77500E-06 -208.04019450E-03 +13.66834156E-03
+60.80000E-06 -323.61808063E-03 -10.25125618E-03
+60.82500E-06 +92.46230870E-03 -27.33668312E-03
+60.85000E-06 -92.46230870E-03 +0.0E+00
+60.87500E-06 -346.73365773E-03 +0.0E+00
+60.90000E-06 -23.11557709E-03 -17.08542694E-03
+60.92500E-06 +0.0E+00 -10.25125618E-03
+60.95000E-06 -231.15577160E-03 +0.0E+00
+60.97500E-06 -115.57788580E-03 -13.66834156E-03
+61.00000E-06 +161.80904032E-03 -23.91959775E-03
+61.02500E-06 -184.92461741E-03 +10.25125618E-03
+61.05000E-06 -208.04019450E-03 +0.0E+00
+61.07500E-06 -23.11557709E-03 -17.08542694E-03
+61.10000E-06 -115.57788580E-03 -13.66834156E-03
+61.12500E-06 -208.04019450E-03 +0.0E+00
+61.15000E-06 -92.46230870E-03 -17.08542694E-03
+61.17500E-06 +0.0E+00 -10.25125618E-03
+61.20000E-06 -254.27134902E-03 +17.08542694E-03
+61.22500E-06 -92.46230870E-03 -17.08542694E-03
+61.25000E-06 +0.0E+00 -23.91959775E-03
+61.27500E-06 -184.92461741E-03 +0.0E+00
+61.30000E-06 -277.38692611E-03 -10.25125618E-03
+61.32500E-06 +0.0E+00 -23.91959775E-03
+61.35000E-06 +0.0E+00 -3.41708538E-03
+61.37500E-06 -184.92461741E-03 +0.0E+00
+61.40000E-06 -69.34673161E-03 -27.33668312E-03
+61.42500E-06 +0.0E+00 -13.66834156E-03
+61.45000E-06 -277.38692611E-03 +0.0E+00
+61.47500E-06 -184.92461741E-03 -17.08542694E-03
+61.50000E-06 +69.34673161E-03 -13.66834156E-03
+61.52500E-06 -161.80904032E-03 +0.0E+00
+61.55000E-06 -184.92461741E-03 -3.41708538E-03
+61.57500E-06 +0.0E+00 -23.91959775E-03
+61.60000E-06 -92.46230870E-03 -10.25125618E-03
+61.62500E-06 -277.38692611E-03 -3.41708538E-03
+61.65000E-06 -69.34673161E-03 -23.91959775E-03
+61.67500E-06 -92.46230870E-03 +0.0E+00
+61.70000E-06 -231.15577159E-03 +0.0E+00
+61.72500E-06 -161.80904032E-03 -13.66834156E-03
+61.75000E-06 +0.0E+00 -13.66834156E-03
+61.77500E-06 -115.57788580E-03 -10.25125618E-03
+61.80000E-06 -184.92461741E-03 -13.66834156E-03
+61.82500E-06 +0.0E+00 -17.08542694E-03
+61.85000E-06 -92.46230870E-03 +3.41708538E-03
+61.87500E-06 -254.27134902E-03 +0.0E+00
+61.90000E-06 -92.46230870E-03 -17.08542694E-03
+61.92500E-06 +0.0E+00 -13.66834156E-03
+61.95000E-06 -254.27134902E-03 +10.25125618E-03
+61.97500E-06 -115.57788580E-03 -10.25125618E-03
+62.00000E-06 +0.0E+00 -23.91959775E-03
+62.02500E-06 -184.92461741E-03 -3.41708538E-03
+62.05000E-06 -161.80904032E-03 -10.25125618E-03
+62.07500E-06 +0.0E+00 -13.66834156E-03
+62.10000E-06 -46.23115418E-03 +0.0E+00
+62.12500E-06 -161.80904032E-03 +0.0E+00
+62.15000E-06 -92.46230870E-03 -17.08542694E-03
+62.17500E-06 -92.46230870E-03 -6.83417081E-03
+62.20000E-06 -184.92461741E-03 -20.50251237E-03
+62.22500E-06 -92.46230870E-03 -3.41708538E-03
+62.25000E-06 -92.46230870E-03 +0.0E+00
+62.27500E-06 -161.80904032E-03 +0.0E+00
+62.30000E-06 -115.57788579E-03 +0.0E+00
+62.32500E-06 -69.34673161E-03 -10.25125618E-03
+62.35000E-06 -115.57788579E-03 -3.41708538E-03
+62.37500E-06 -184.92461741E-03 -6.83417081E-03
+62.40000E-06 -92.46230870E-03 -13.66834156E-03
+62.42500E-06 -92.46230870E-03 -17.08542694E-03
+62.45000E-06 -254.27134903E-03 +0.0E+00
+62.47500E-06 -161.80904032E-03 -3.41708538E-03
+62.50000E-06 -23.11557709E-03 -13.66834156E-03
+62.52500E-06 -161.80904032E-03 -13.66834156E-03
+62.55000E-06 -92.46230870E-03 +0.0E+00
+62.57500E-06 -23.11557709E-03 -13.66834156E-03
+62.60000E-06 -92.46230870E-03 -13.66834156E-03
+62.62500E-06 -115.57788579E-03 +0.0E+00
+62.65000E-06 -92.46230870E-03 -13.66834156E-03
+62.67500E-06 -92.46230870E-03 +0.0E+00
+62.70000E-06 -115.57788579E-03 +3.41708538E-03
+62.72500E-06 -161.80904032E-03 -13.66834156E-03
+62.75000E-06 -69.34673162E-03 -3.41708538E-03
+62.77500E-06 -92.46230870E-03 -13.66834156E-03
+62.80000E-06 -92.46230870E-03 -10.25125618E-03
+62.82500E-06 -69.34673162E-03 -13.66834156E-03
+62.85000E-06 -92.46230870E-03 +0.0E+00
+62.87500E-06 -277.38692611E-03 +13.66834156E-03
+62.90000E-06 -115.57788579E-03 -10.25125618E-03
+62.92500E-06 -92.46230870E-03 -10.25125618E-03
+62.95000E-06 -161.80904032E-03 +0.0E+00
+62.97500E-06 -92.46230870E-03 -10.25125618E-03
+63.00000E-06 -92.46230870E-03 -23.91959775E-03
+63.02500E-06 -161.80904032E-03 -3.41708538E-03
+63.05000E-06 -184.92461741E-03 +0.0E+00
+63.07500E-06 -92.46230870E-03 -13.66834156E-03
+63.10000E-06 -92.46230870E-03 +0.0E+00
+63.12500E-06 -92.46230870E-03 -13.66834156E-03
+63.15000E-06 -161.80904032E-03 -3.41708538E-03
+63.17500E-06 -23.11557709E-03 -10.25125618E-03
+63.20000E-06 -184.92461741E-03 -10.25125618E-03
+63.22500E-06 -115.57788579E-03 -17.08542694E-03
+63.25000E-06 -92.46230870E-03 -13.66834156E-03
+63.27500E-06 -161.80904032E-03 +0.0E+00
+63.30000E-06 -115.57788579E-03 +0.0E+00
+63.32500E-06 -69.34673162E-03 -13.66834156E-03
+63.35000E-06 -92.46230870E-03 +0.0E+00
+63.37500E-06 -92.46230870E-03 -3.41708538E-03
+63.40000E-06 +0.0E+00 -23.91959775E-03
+63.42500E-06 -69.34673162E-03 -23.91959775E-03
+63.45000E-06 -69.34673162E-03 -3.41708538E-03
+63.47500E-06 -161.80904032E-03 +0.0E+00
+63.50000E-06 -115.57788579E-03 +0.0E+00
+63.52500E-06 -161.80904032E-03 +0.0E+00
+63.55000E-06 -161.80904032E-03 -3.41708538E-03
+63.57500E-06 -92.46230870E-03 -3.41708538E-03
+63.60000E-06 -23.11557709E-03 -3.41708538E-03
+63.62500E-06 -161.80904032E-03 -3.41708538E-03
+63.65000E-06 -69.34673162E-03 +0.0E+00
+63.67500E-06 -92.46230870E-03 +0.0E+00
+63.70000E-06 -115.57788579E-03 -13.66834156E-03
+63.72500E-06 -69.34673162E-03 +0.0E+00
+63.75000E-06 -92.46230870E-03 -3.41708538E-03
+63.77500E-06 -23.11557709E-03 -10.25125618E-03
+63.80000E-06 -92.46230870E-03 -13.66834156E-03
+63.82500E-06 -115.57788579E-03 -10.25125618E-03
+63.85000E-06 -161.80904032E-03 +0.0E+00
+63.87500E-06 -161.80904032E-03 +6.83417081E-03
+63.90000E-06 -92.46230870E-03 +0.0E+00
+63.92500E-06 -92.46230870E-03 -13.66834156E-03
+63.95000E-06 -92.46230870E-03 -3.41708538E-03
+63.97500E-06 -115.57788579E-03 +0.0E+00
+64.00000E-06 -23.11557709E-03 -13.66834156E-03
+64.02500E-06 -92.46230870E-03 -13.66834156E-03
+64.05000E-06 -161.80904032E-03 -3.41708538E-03
+64.07500E-06 -161.80904032E-03 -13.66834156E-03
+64.10000E-06 -115.57788579E-03 +0.0E+00
+64.12500E-06 -161.80904032E-03 -10.25125618E-03
+64.15000E-06 -92.46230870E-03 +0.0E+00
+64.17500E-06 -23.11557709E-03 -10.25125619E-03
+64.20000E-06 -92.46230870E-03 -13.66834156E-03
+64.22500E-06 -161.80904032E-03 -13.66834156E-03
+64.25000E-06 -46.23115417E-03 -3.41708538E-03
+64.27500E-06 -184.92461741E-03 +0.0E+00
+64.30000E-06 -115.57788579E-03 -3.41708538E-03
+64.32500E-06 -92.46230870E-03 +0.0E+00
+64.35000E-06 -184.92461741E-03 -13.66834156E-03
+64.37500E-06 -115.57788579E-03 -10.25125619E-03
+64.40000E-06 -92.46230870E-03 -13.66834156E-03
+64.42500E-06 -92.46230870E-03 -13.66834156E-03
+64.45000E-06 -92.46230870E-03 -10.25125619E-03
+64.47500E-06 -92.46230870E-03 -10.25125619E-03
+64.50000E-06 -115.57788579E-03 -13.66834156E-03
+64.52500E-06 -161.80904032E-03 -10.25125619E-03
+64.55000E-06 -184.92461741E-03 +0.0E+00
+64.57500E-06 -115.57788579E-03 -10.25125619E-03
+64.60000E-06 -69.34673162E-03 +3.41708538E-03
+64.62500E-06 -92.46230870E-03 -3.41708538E-03
+64.65000E-06 -161.80904032E-03 +0.0E+00
+64.67500E-06 -161.80904032E-03 +0.0E+00
+64.70000E-06 -115.57788579E-03 +0.0E+00
+64.72500E-06 -92.46230870E-03 -13.66834156E-03
+64.75000E-06 -161.80904032E-03 -3.41708538E-03
+64.77500E-06 -92.46230870E-03 +0.0E+00
+64.80000E-06 -69.34673162E-03 -10.25125619E-03
+64.82500E-06 -92.46230870E-03 -13.66834156E-03
+64.85000E-06 -92.46230870E-03 -3.41708538E-03
+64.87500E-06 -184.92461741E-03 +0.0E+00
+64.90000E-06 -115.57788579E-03 -10.25125619E-03
+64.92500E-06 -92.46230870E-03 -10.25125619E-03
+64.95000E-06 -161.80904033E-03 -3.41708538E-03
+64.97500E-06 -184.92461741E-03 -10.25125619E-03
+65.00000E-06 -115.57788579E-03 -3.41708538E-03
+65.02500E-06 -92.46230870E-03 -13.66834156E-03
+65.05000E-06 -184.92461741E-03 -13.66834156E-03
+65.07500E-06 -161.80904033E-03 -13.66834156E-03
+65.10000E-06 -92.46230870E-03 -10.25125619E-03
+65.12500E-06 -161.80904033E-03 -10.25125619E-03
+65.15000E-06 -161.80904033E-03 +0.0E+00
+65.17500E-06 -115.57788579E-03 -13.66834156E-03
+65.20000E-06 -161.80904033E-03 -3.41708538E-03
+65.22500E-06 -92.46230870E-03 -13.66834156E-03
+65.25000E-06 -138.69346324E-03 -3.41708538E-03
+65.27500E-06 -92.46230870E-03 +0.0E+00
+65.30000E-06 -115.57788579E-03 +0.0E+00
+65.32500E-06 -92.46230870E-03 -10.25125619E-03
+65.35000E-06 -92.46230870E-03 -13.66834156E-03
+65.37500E-06 -23.11557708E-03 +0.0E+00
+65.40000E-06 -115.57788579E-03 -10.25125619E-03
+65.42500E-06 -92.46230870E-03 -3.41708538E-03
+65.45000E-06 -115.57788579E-03 -10.25125619E-03
+65.47500E-06 -161.80904033E-03 -13.66834156E-03
+65.50000E-06 -115.57788579E-03 -10.25125619E-03
+65.52500E-06 -92.46230870E-03 -13.66834156E-03
+65.55000E-06 -92.46230870E-03 -13.66834156E-03
+65.57500E-06 -23.11557708E-03 -13.66834156E-03
+65.60000E-06 -92.46230870E-03 -10.25125619E-03
+65.62500E-06 -161.80904033E-03 -17.08542694E-03
+65.65000E-06 -161.80904033E-03 -13.66834156E-03
+65.67500E-06 -184.92461741E-03 +0.0E+00
+65.70000E-06 -115.57788579E-03 -10.25125619E-03
+65.72500E-06 -92.46230870E-03 -10.25125619E-03
+65.75000E-06 -92.46230870E-03 -13.66834156E-03
+65.77500E-06 -92.46230870E-03 +0.0E+00
+65.80000E-06 -161.80904033E-03 -13.66834156E-03
+65.82500E-06 -92.46230870E-03 -17.08542694E-03
+65.85000E-06 -23.11557708E-03 +0.0E+00
+65.87500E-06 -184.92461741E-03 +0.0E+00
+65.90000E-06 -92.46230870E-03 -13.66834156E-03
+65.92500E-06 -184.92461741E-03 +0.0E+00
+65.95000E-06 -92.46230870E-03 -3.41708538E-03
+65.97500E-06 -92.46230870E-03 -13.66834156E-03
+66.00000E-06 -92.46230870E-03 -13.66834156E-03
+66.02500E-06 -92.46230870E-03 -3.41708538E-03
+66.05000E-06 -161.80904033E-03 +0.0E+00
+66.07500E-06 -161.80904033E-03 -10.25125619E-03
+66.10000E-06 -69.34673124E-03 +10.25125619E-03
+66.12500E-06 -92.46230870E-03 +0.0E+00
+66.15000E-06 -161.80904033E-03 +0.0E+00
+66.17500E-06 -115.57788579E-03 +0.0E+00
+66.20000E-06 -92.46230870E-03 -10.25125619E-03
+66.22500E-06 -92.46230870E-03 -13.66834156E-03
+66.25000E-06 -92.46230870E-03 -13.66834156E-03
+66.27500E-06 -161.80904033E-03 +3.41708538E-03
+66.30000E-06 -115.57788579E-03 -13.66834156E-03
+66.32500E-06 -161.80904033E-03 -13.66834156E-03
+66.35000E-06 -161.80904033E-03 -3.41708538E-03
+66.37500E-06 -92.46230870E-03 +0.0E+00
+66.40000E-06 -115.57788579E-03 -6.83417081E-03
+66.42500E-06 -92.46230870E-03 -3.41708538E-03
+66.45000E-06 -184.92461741E-03 -3.41708538E-03
+66.47500E-06 -161.80904033E-03 -10.25125619E-03
+66.50000E-06 -115.57788579E-03 -10.25125619E-03
+66.52500E-06 -92.46230870E-03 +0.0E+00
+66.55000E-06 -115.57788579E-03 +0.0E+00
+66.57500E-06 -115.57788579E-03 -10.25125619E-03
+66.60000E-06 -23.11557708E-03 -13.66834156E-03
+66.62500E-06 -92.46230870E-03 -3.41708538E-03
+66.65000E-06 -92.46230870E-03 -3.41708538E-03
+66.67500E-06 -184.92461741E-03 +0.0E+00
+66.70000E-06 -115.57788578E-03 -10.25125619E-03
+66.72500E-06 -23.11557708E-03 -3.41708538E-03
+66.75000E-06 -92.46230870E-03 -3.41708538E-03
+66.77500E-06 -92.46230870E-03 +0.0E+00
+66.80000E-06 -115.57788578E-03 -13.66834156E-03
+66.82500E-06 -115.57788578E-03 -6.83417075E-03
+66.85000E-06 -92.46230870E-03 +0.0E+00
+66.87500E-06 -184.92461741E-03 +0.0E+00
+66.90000E-06 -115.57788578E-03 -10.25125619E-03
+66.92500E-06 -23.11557708E-03 -13.66834156E-03
+66.95000E-06 -161.80904033E-03 +0.0E+00
+66.97500E-06 -115.57788578E-03 +0.0E+00
+67.00000E-06 -92.46230870E-03 -13.66834156E-03
+67.02500E-06 -115.57788578E-03 -3.41708538E-03
+67.05000E-06 -115.57788578E-03 -3.41708538E-03
+67.07500E-06 -161.80904033E-03 +0.0E+00
+67.10000E-06 -115.57788578E-03 -13.66834156E-03
+67.12500E-06 -92.46230870E-03 -3.41708538E-03
+67.15000E-06 -92.46230870E-03 -3.41708538E-03
+67.17500E-06 -92.46230870E-03 +0.0E+00
+67.20000E-06 -161.80904033E-03 -13.66834156E-03
+67.22500E-06 -92.46230870E-03 -3.41708538E-03
+67.25000E-06 -184.92461741E-03 -3.41708538E-03
+67.27500E-06 -184.92461741E-03 +0.0E+00
+67.30000E-06 -115.57788578E-03 -10.25125619E-03
+67.32500E-06 -92.46230870E-03 -10.25125619E-03
+67.35000E-06 -92.46230870E-03 -3.41708538E-03
+67.37500E-06 -115.57788578E-03 +0.0E+00
+67.40000E-06 -161.80904033E-03 -10.25125619E-03
+67.42500E-06 -92.46230870E-03 -13.66834156E-03
+67.45000E-06 -161.80904033E-03 -13.66834156E-03
+67.47500E-06 -92.46230870E-03 +10.25125619E-03
+67.50000E-06 -92.46230870E-03 +0.0E+00
+67.52500E-06 -92.46230870E-03 -13.66834156E-03
+67.55000E-06 -92.46230870E-03 -3.41708538E-03
+67.57500E-06 -184.92461741E-03 +0.0E+00
+67.60000E-06 -92.46230870E-03 -10.25125619E-03
+67.62500E-06 -92.46230870E-03 -6.83417075E-03
+67.65000E-06 -92.46230870E-03 +0.0E+00
+67.67500E-06 -92.46230870E-03 +0.0E+00
+67.70000E-06 -184.92461741E-03 -13.66834156E-03
+67.72500E-06 -92.46230870E-03 +0.0E+00
+67.75000E-06 -161.80904033E-03 -3.41708538E-03
+67.77500E-06 -46.23115415E-03 +10.25125619E-03
+67.80000E-06 -92.46230870E-03 -13.66834156E-03
+67.82500E-06 -69.34673163E-03 -13.66834156E-03
+67.85000E-06 -92.46230870E-03 +0.0E+00
+67.87500E-06 -161.80904033E-03 +0.0E+00
+67.90000E-06 -115.57788578E-03 +0.0E+00
+67.92500E-06 -92.46230870E-03 -13.66834156E-03
+67.95000E-06 -161.80904033E-03 -3.41708538E-03
+67.97500E-06 -92.46230870E-03 -10.25125619E-03
+68.00000E-06 -23.11557708E-03 +3.41708538E-03
+68.02500E-06 -92.46230870E-03 -3.41708538E-03
+68.05000E-06 -231.15577196E-03 -3.41708538E-03
+68.07500E-06 -161.80904033E-03 +0.0E+00
+68.10000E-06 -92.46230870E-03 -13.66834156E-03
+68.12500E-06 -92.46230870E-03 -13.66834156E-03
+68.15000E-06 -92.46230870E-03 -3.41708538E-03
+68.17500E-06 -92.46230870E-03 -10.25125619E-03
+68.20000E-06 -92.46230870E-03 -10.25125619E-03
+68.22500E-06 -184.92461741E-03 -3.41708538E-03
+68.25000E-06 -161.80904033E-03 +0.0E+00
+68.27500E-06 -92.46230870E-03 +0.0E+00
+68.30000E-06 -46.23115415E-03 -10.25125619E-03
+68.32500E-06 -92.46230870E-03 -13.66834156E-03
+68.35000E-06 -92.46230870E-03 -3.41708538E-03
+68.37500E-06 -184.92461741E-03 +0.0E+00
+68.40000E-06 -92.46230870E-03 -13.66834156E-03
+68.42500E-06 -161.80904033E-03 -3.41708538E-03
+68.45000E-06 -92.46230870E-03 +0.0E+00
+68.47500E-06 -161.80904033E-03 +0.0E+00
+68.50000E-06 -92.46230870E-03 -10.25125619E-03
+68.52500E-06 -69.34673163E-03 -10.25125619E-03
+68.55000E-06 -92.46230870E-03 +0.0E+00
+68.57500E-06 -115.57788578E-03 +0.0E+00
+68.60000E-06 -23.11557708E-03 -13.66834156E-03
+68.62500E-06 -92.46230870E-03 -3.41708538E-03
+68.65000E-06 -92.46230870E-03 -10.25125619E-03
+68.67500E-06 -161.80904033E-03 -10.25125619E-03
+68.70000E-06 -115.57788578E-03 +0.0E+00
+68.72500E-06 -92.46230870E-03 +0.0E+00
+68.75000E-06 -184.92461741E-03 +0.0E+00
+68.77500E-06 -115.57788578E-03 -13.66834156E-03
+68.80000E-06 -161.80904033E-03 -10.25125619E-03
+68.82500E-06 -161.80904033E-03 -17.08542694E-03
+68.85000E-06 -69.34673163E-03 -13.66834156E-03
+68.87500E-06 -92.46230870E-03 -10.25125619E-03
+68.90000E-06 -115.57788578E-03 -3.41708538E-03
+68.92500E-06 -92.46230870E-03 -13.66834156E-03
+68.95000E-06 -92.46230870E-03 -3.41708538E-03
+68.97500E-06 -115.57788578E-03 -13.66834156E-03
+69.00000E-06 -92.46230870E-03 -10.25125619E-03
+69.02500E-06 -115.57788578E-03 -13.66834156E-03
+69.05000E-06 -115.57788578E-03 +0.0E+00
+69.07500E-06 -184.92461741E-03 -13.66834156E-03
+69.10000E-06 -115.57788578E-03 -13.66834156E-03
+69.12500E-06 -184.92461741E-03 -3.41708538E-03
+69.15000E-06 -161.80904034E-03 -3.41708538E-03
+69.17500E-06 -115.57788578E-03 -13.66834156E-03
+69.20000E-06 -92.46230870E-03 -10.25125619E-03
+69.22500E-06 -184.92461741E-03 +0.0E+00
+69.25000E-06 -161.80904034E-03 +0.0E+00
+69.27500E-06 -161.80904034E-03 +0.0E+00
+69.30000E-06 -115.57788578E-03 -10.25125619E-03
+69.32500E-06 -92.46230870E-03 +0.0E+00
+69.35000E-06 -92.46230870E-03 -3.41708538E-03
+69.37500E-06 -92.46230870E-03 +0.0E+00
+69.40000E-06 -92.46230870E-03 -13.66834156E-03
+69.42500E-06 -161.80904034E-03 -17.08542694E-03
+69.45000E-06 -184.92461741E-03 -10.25125619E-03
+69.47500E-06 -115.57788578E-03 +0.0E+00
+69.50000E-06 -115.57788578E-03 +0.0E+00
+69.52500E-06 -184.92461741E-03 +0.0E+00
+69.55000E-06 -184.92461741E-03 -3.41708538E-03
+69.57500E-06 -184.92461741E-03 +0.0E+00
+69.60000E-06 -69.34673163E-03 -10.25125619E-03
+69.62500E-06 -23.11557707E-03 -13.66834156E-03
+69.65000E-06 -184.92461741E-03 -3.41708538E-03
+69.67500E-06 -92.46230870E-03 -17.08542694E-03
+69.70000E-06 -46.23115415E-03 -13.66834156E-03
+69.72500E-06 -92.46230870E-03 -10.25125619E-03
+69.75000E-06 -184.92461741E-03 +0.0E+00
+69.77500E-06 -115.57788578E-03 +0.0E+00
+69.80000E-06 -92.46230870E-03 -10.25125619E-03
+69.82500E-06 -92.46230870E-03 -13.66834156E-03
+69.85000E-06 -161.80904034E-03 -10.25125619E-03
+69.87500E-06 -184.92461741E-03 -13.66834156E-03
+69.90000E-06 -115.57788578E-03 -10.25125619E-03
+69.92500E-06 -92.46230870E-03 +0.0E+00
+69.95000E-06 -92.46230870E-03 +0.0E+00
+69.97500E-06 -23.11557707E-03 -13.66834156E-03
+70.00000E-06 -69.34673163E-03 -10.25125619E-03
+70.02500E-06 -92.46230870E-03 -3.41708538E-03
+70.05000E-06 -115.57788578E-03 -3.41708538E-03
+70.07500E-06 -92.46230870E-03 -10.25125619E-03
+70.10000E-06 -92.46230870E-03 +0.0E+00
+70.12500E-06 -92.46230870E-03 -13.66834156E-03
+70.15000E-06 -184.92461741E-03 -3.41708538E-03
+70.17500E-06 -92.46230870E-03 +0.0E+00
+70.20000E-06 -92.46230870E-03 -13.66834156E-03
+70.22500E-06 -161.80904034E-03 -6.83417075E-03
+70.25000E-06 -92.46230870E-03 +0.0E+00
+70.27500E-06 -184.92461741E-03 +0.0E+00
+70.30000E-06 -92.46230870E-03 +0.0E+00
+70.32500E-06 -92.46230870E-03 -10.25125619E-03
+70.35000E-06 -115.57788578E-03 -17.08542694E-03
+70.37500E-06 -115.57788578E-03 -3.41708538E-03
+70.40000E-06 -69.34673163E-03 -13.66834156E-03
+70.42500E-06 -92.46230870E-03 -3.41708538E-03
+70.45000E-06 -92.46230870E-03 -10.25125619E-03
+70.47500E-06 -184.92461741E-03 -10.25125619E-03
+70.50000E-06 -92.46230870E-03 +0.0E+00
+70.52500E-06 -161.80904034E-03 -3.41708538E-03
+70.55000E-06 -184.92461741E-03 +0.0E+00
+70.57500E-06 -92.46230870E-03 +0.0E+00
+70.60000E-06 -115.57788578E-03 -10.25125619E-03
+70.62500E-06 -138.69346327E-03 -13.66834156E-03
+70.65000E-06 -92.46230870E-03 +0.0E+00
+70.67500E-06 -184.92461741E-03 +0.0E+00
+70.70000E-06 -69.34673163E-03 -10.25125619E-03
+70.72500E-06 -92.46230870E-03 -13.66834156E-03
+70.75000E-06 -161.80904034E-03 -3.41708537E-03
+70.77500E-06 -92.46230870E-03 +0.0E+00
+70.80000E-06 -92.46230870E-03 -10.25125619E-03
+70.82500E-06 -115.57788578E-03 -3.41708537E-03
+70.85000E-06 -92.46230870E-03 +0.0E+00
+70.87500E-06 -184.92461741E-03 -3.41708537E-03
+70.90000E-06 -92.46230870E-03 -3.41708537E-03
+70.92500E-06 -92.46230870E-03 -10.25125619E-03
+70.95000E-06 -161.80904034E-03 -3.41708537E-03
+70.97500E-06 -115.57788577E-03 +0.0E+00
+71.00000E-06 -92.46230870E-03 -10.25125619E-03
+71.02500E-06 -69.34673163E-03 -13.66834156E-03
+71.05000E-06 -92.46230870E-03 +0.0E+00
+71.07500E-06 -92.46230870E-03 +0.0E+00
+71.10000E-06 -46.23115414E-03 +0.0E+00
+71.12500E-06 -92.46230870E-03 +0.0E+00
+71.15000E-06 -161.80904034E-03 -13.66834156E-03
+71.17500E-06 -115.57788577E-03 -10.25125619E-03
+71.20000E-06 -92.46230870E-03 -10.25125619E-03
+71.22500E-06 -161.80904034E-03 -17.08542694E-03
+71.25000E-06 -92.46230870E-03 -13.66834156E-03
+71.27500E-06 -92.46230870E-03 +0.0E+00
+71.30000E-06 -115.57788577E-03 -13.66834156E-03
+71.32500E-06 -92.46230870E-03 -13.66834156E-03
+71.35000E-06 -115.57788577E-03 -3.41708537E-03
+71.37500E-06 -92.46230870E-03 -10.25125619E-03
+71.40000E-06 -161.80904034E-03 -13.66834156E-03
+71.42500E-06 -184.92461741E-03 -13.66834156E-03
+71.45000E-06 -92.46230870E-03 -3.41708537E-03
+71.47500E-06 -161.80904034E-03 -10.25125619E-03
+71.50000E-06 -115.57788577E-03 -3.41708537E-03
+71.52500E-06 -92.46230870E-03 -13.66834156E-03
+71.55000E-06 -92.46230870E-03 -3.41708537E-03
+71.57500E-06 -46.23115414E-03 +0.0E+00
+71.60000E-06 -92.46230870E-03 -20.50251238E-03
+71.62500E-06 -92.46230870E-03 -3.41708537E-03
+71.65000E-06 -161.80904034E-03 +0.0E+00
+71.67500E-06 -92.46230870E-03 -13.66834156E-03
+71.70000E-06 -115.57788577E-03 -3.41708537E-03
+71.72500E-06 -92.46230870E-03 +0.0E+00
+71.75000E-06 -161.80904034E-03 -3.41708537E-03
+71.77500E-06 -92.46230870E-03 +0.0E+00
+71.80000E-06 -184.92461741E-03 -13.66834156E-03
+71.82500E-06 -161.80904034E-03 -3.41708537E-03
+71.85000E-06 -92.46230870E-03 +0.0E+00
+71.87500E-06 -23.11557707E-03 +0.0E+00
+71.90000E-06 -115.57788577E-03 +0.0E+00
+71.92500E-06 -92.46230870E-03 -10.25125619E-03
+71.95000E-06 -92.46230870E-03 -3.41708537E-03
+71.97500E-06 -115.57788577E-03 +3.41708537E-03
+72.00000E-06 -115.57788577E-03 -23.91959775E-03
+72.02500E-06 -92.46230870E-03 -13.66834156E-03
+72.05000E-06 -184.92461741E-03 +0.0E+00
+72.07500E-06 -161.80904034E-03 +0.0E+00
+72.10000E-06 -115.57788577E-03 -13.66834156E-03
+72.12500E-06 -92.46230870E-03 +0.0E+00
+72.15000E-06 -161.80904034E-03 -13.66834156E-03
+72.17500E-06 -115.57788577E-03 -10.25125619E-03
+72.20000E-06 -92.46230870E-03 -20.50251238E-03
+72.22500E-06 -92.46230870E-03 -3.41708537E-03
+72.25000E-06 -161.80904034E-03 +10.25125619E-03
+72.27500E-06 -184.92461741E-03 +0.0E+00
+72.30000E-06 -115.57788577E-03 -10.25125619E-03
+72.32500E-06 -161.80904034E-03 +0.0E+00
+72.35000E-06 -115.57788577E-03 +0.0E+00
+72.37500E-06 -115.57788577E-03 -13.66834156E-03
+72.40000E-06 -115.57788577E-03 +0.0E+00
+72.42500E-06 -115.57788577E-03 -13.66834156E-03
+72.45000E-06 -92.46230870E-03 -3.41708537E-03
+72.47500E-06 -161.80904034E-03 -3.41708537E-03
+72.50000E-06 -115.57788577E-03 +0.0E+00
+72.52500E-06 -161.80904034E-03 +0.0E+00
+72.55000E-06 -92.46230870E-03 -3.41708537E-03
+72.57500E-06 -115.57788577E-03 +3.41708537E-03
+72.60000E-06 -184.92461741E-03 -10.25125619E-03
+72.62500E-06 -115.57788577E-03 -6.83417075E-03
+72.65000E-06 -161.80904034E-03 +0.0E+00
+72.67500E-06 -161.80904034E-03 -10.25125619E-03
+72.70000E-06 -115.57788577E-03 +0.0E+00
+72.72500E-06 -92.46230870E-03 -10.25125619E-03
+72.75000E-06 -92.46230870E-03 -3.41708537E-03
+72.77500E-06 -92.46230870E-03 +10.25125619E-03
+72.80000E-06 -23.11557707E-03 -13.66834156E-03
+72.82500E-06 -92.46230870E-03 -13.66834156E-03
+72.85000E-06 -92.46230870E-03 +0.0E+00
+72.87500E-06 -161.80904034E-03 +0.0E+00
+72.90000E-06 -92.46230870E-03 -3.41708537E-03
+72.92500E-06 -92.46230870E-03 -3.41708537E-03
+72.95000E-06 -115.57788577E-03 -17.08542694E-03
+72.97500E-06 -92.46230870E-03 -3.41708537E-03
+73.00000E-06 -92.46230870E-03 -10.25125619E-03
+73.02500E-06 -92.46230870E-03 -13.66834156E-03
+73.05000E-06 -161.80904034E-03 +0.0E+00
+73.07500E-06 -161.80904034E-03 +0.0E+00
+73.10000E-06 -115.57788577E-03 +0.0E+00
+73.12500E-06 -161.80904034E-03 -6.83417081E-03
+73.15000E-06 -184.92461741E-03 -3.41708537E-03
+73.17500E-06 -92.46230870E-03 -10.25125619E-03
+73.20000E-06 -161.80904034E-03 -10.25125619E-03
+73.22500E-06 -92.46230870E-03 -17.08542694E-03
+73.25000E-06 -161.80904034E-03 +0.0E+00
+73.27500E-06 -92.46230870E-03 -3.41708537E-03
+73.30000E-06 -115.57788577E-03 -3.41708537E-03
+73.32500E-06 -92.46230870E-03 -13.66834156E-03
+73.35000E-06 -161.80904035E-03 +6.83417081E-03
+73.37500E-06 -92.46230870E-03 +10.25125619E-03
+73.40000E-06 -92.46230870E-03 -23.91959775E-03
+73.42500E-06 -92.46230870E-03 -13.66834156E-03
+73.45000E-06 -69.34673164E-03 +0.0E+00
+73.47500E-06 -161.80904035E-03 +0.0E+00
+73.50000E-06 -115.57788577E-03 -10.25125619E-03
+73.52500E-06 -92.46230870E-03 +0.0E+00
+73.55000E-06 -92.46230870E-03 +0.0E+00
+73.57500E-06 -92.46230870E-03 -10.25125619E-03
+73.60000E-06 -161.80904035E-03 -10.25125619E-03
+73.62500E-06 -92.46230870E-03 -3.41708537E-03
+73.65000E-06 -161.80904035E-03 -13.66834156E-03
+73.67500E-06 -92.46230870E-03 +0.0E+00
+73.70000E-06 -92.46230870E-03 -13.66834156E-03
+73.72500E-06 -92.46230870E-03 +0.0E+00
+73.75000E-06 -92.46230870E-03 -3.41708537E-03
+73.77500E-06 -92.46230870E-03 +0.0E+00
+73.80000E-06 -92.46230870E-03 -23.91959775E-03
+73.82500E-06 -92.46230870E-03 -13.66834156E-03
+73.85000E-06 -161.80904035E-03 -13.66834156E-03
+73.87500E-06 -161.80904035E-03 -3.41708537E-03
