x-axis 1 2
second Volt Volt
+25.10000E-06 -66.13065582E-03 +8.14070366E-03
+25.12500E-06 -75.57789236E-03 -48.14070277E-03
+25.15000E-06 -9.44723655E-03 -19.99999955E-03
+25.17500E-06 -75.57789236E-03 -19.99999955E-03
+25.20000E-06 -75.57789236E-03 -19.99999955E-03
+25.22500E-06 -75.57789236E-03 -19.99999955E-03
+25.25000E-06 -9.44723655E-03 -24.02010001E-03
+25.27500E-06 +0.0E+00 -19.99999955E-03
+25.30000E-06 -75.57789236E-03 -19.99999955E-03
+25.32500E-06 -141.70854818E-03 -19.99999955E-03
+25.35000E-06 -9.44723655E-03 -19.99999955E-03
+25.37500E-06 -66.13065582E-03 -19.99999955E-03
+25.40000E-06 +0.0E+00 -48.14070277E-03
+25.42500E-06 -9.44723655E-03 -48.14070277E-03
+25.45000E-06 -66.13065582E-03 -24.02010001E-03
+25.47500E-06 -66.13065582E-03 -24.02010001E-03
+25.50000E-06 -75.57789236E-03 -19.99999955E-03
+25.52500E-06 +0.0E+00 -48.14070277E-03
+25.55000E-06 -9.44723655E-03 -48.14070277E-03
+25.57500E-06 -75.57789236E-03 -19.99999955E-03
+25.60000E-06 -75.57789236E-03 -19.99999955E-03
+25.62500E-06 +0.0E+00 -80.30150645E-03
+25.65000E-06 +0.0E+00 -52.16080323E-03
+25.67500E-06 -9.44723654E-03 -19.99999955E-03
+25.70000E-06 -66.13065582E-03 -19.99999955E-03
+25.72500E-06 -9.44723654E-03 +8.14070366E-03
+25.75000E-06 -75.57789236E-03 -44.12060231E-03
+25.77500E-06 -66.13065582E-03 -19.99999955E-03
+25.80000E-06 -75.57789236E-03 -19.99999955E-03
+25.82500E-06 -66.13065582E-03 -48.14070277E-03
+25.85000E-06 -75.57789236E-03 -24.02010001E-03
+25.87500E-06 -66.13065582E-03 -19.99999955E-03
+25.90000E-06 -75.57789236E-03 -19.99999955E-03
+25.92500E-06 -66.13065582E-03 -19.99999955E-03
+25.95000E-06 +0.0E+00 -48.14070277E-03
+25.97500E-06 -132.26131164E-03 -19.99999955E-03
+26.00000E-06 -66.13065582E-03 -19.99999955E-03
+26.02500E-06 -75.57789236E-03 -48.14070277E-03
+26.05000E-06 -9.44723654E-03 -28.04020047E-03
+26.07500E-06 -66.13065582E-03 -24.02010001E-03
+26.10000E-06 -75.57789236E-03 +8.14070366E-03
+26.12500E-06 -9.44723654E-03 -19.99999955E-03
+26.15000E-06 -9.44723654E-03 -15.97989909E-03
+26.17500E-06 -66.13065582E-03 +4.12060321E-03
+26.20000E-06 -75.57789236E-03 -15.97989909E-03
+26.22500E-06 -75.57789236E-03 -52.16080323E-03
+26.25000E-06 +0.0E+00 -19.99999955E-03
+26.27500E-06 +0.0E+00 -24.02010001E-03
+26.30000E-06 +0.0E+00 -19.99999955E-03
+26.32500E-06 -9.44723654E-03 +8.14070366E-03
+26.35000E-06 -75.57789236E-03 -19.99999955E-03
+26.37500E-06 -66.13065582E-03 -19.99999955E-03
+26.40000E-06 -9.44723654E-03 -19.99999955E-03
+26.42500E-06 -9.44723654E-03 -48.14070277E-03
+26.45000E-06 -75.57789236E-03 -24.02010001E-03
+26.47500E-06 +0.0E+00 -19.99999955E-03
+26.50000E-06 -66.13065582E-03 -15.97989909E-03
+26.52500E-06 -75.57789236E-03 -19.99999955E-03
+26.55000E-06 -75.57789236E-03 -24.02010001E-03
+26.57500E-06 -75.57789236E-03 -19.99999955E-03
+26.60000E-06 -66.13065582E-03 -48.14070277E-03
+26.62500E-06 -9.44723654E-03 -48.14070277E-03
+26.65000E-06 +0.0E+00 -24.02010001E-03
+26.67500E-06 -75.57789236E-03 -19.99999955E-03
+26.70000E-06 -9.44723654E-03 -19.99999955E-03
+26.72500E-06 -75.57789236E-03 -19.99999955E-03
+26.75000E-06 -9.44723654E-03 -19.99999955E-03
+26.77500E-06 -66.13065582E-03 -24.02010001E-03
+26.80000E-06 -75.57789236E-03 -48.14070277E-03
+26.82500E-06 -75.57789236E-03 -48.14070277E-03
+26.85000E-06 +0.0E+00 -24.02010001E-03
+26.87500E-06 -66.13065582E-03 -24.02010001E-03
+26.90000E-06 -66.13065582E-03 -19.99999955E-03
+26.92500E-06 -75.57789236E-03 -19.99999955E-03
+26.95000E-06 -9.44723654E-03 -48.14070277E-03
+26.97500E-06 -75.57789236E-03 -19.99999955E-03
+27.00000E-06 -9.44723654E-03 -19.99999955E-03
+27.02500E-06 -9.44723654E-03 -48.14070277E-03
+27.05000E-06 -75.57789236E-03 -24.02010001E-03
+27.07500E-06 -9.44723654E-03 -24.02010001E-03
+27.10000E-06 -75.57789236E-03 -19.99999955E-03
+27.12500E-06 +0.0E+00 -15.97989909E-03
+27.15000E-06 +0.0E+00 -48.14070277E-03
+27.17500E-06 -75.57789236E-03 -24.02010001E-03
+27.20000E-06 -66.13065582E-03 -19.99999955E-03
+27.22500E-06 -75.57789236E-03 -48.14070277E-03
+27.25000E-06 +0.0E+00 -52.16080323E-03
+27.27500E-06 +0.0E+00 +8.14070366E-03
+27.30000E-06 -75.57789236E-03 -24.02010001E-03
+27.32500E-06 -75.57789236E-03 -19.99999955E-03
+27.35000E-06 -18.89447308E-03 -19.99999955E-03
+27.37500E-06 +0.0E+00 -19.99999955E-03
+27.40000E-06 -66.13065582E-03 -15.97989910E-03
+27.42500E-06 -75.57789236E-03 -76.28140599E-03
+27.45000E-06 +0.0E+00 -24.02010001E-03
+27.47500E-06 -9.44723654E-03 -19.99999955E-03
+27.50000E-06 -75.57789236E-03 -15.97989910E-03
+27.52500E-06 -75.57789236E-03 -19.99999955E-03
+27.55000E-06 +0.0E+00 -19.99999955E-03
+27.57500E-06 -66.13065582E-03 +4.12060321E-03
+27.60000E-06 -75.57789236E-03 -48.14070277E-03
+27.62500E-06 -9.44723654E-03 -48.14070277E-03
+27.65000E-06 +0.0E+00 -24.02010001E-03
+27.67500E-06 +0.0E+00 -19.99999955E-03
+27.70000E-06 -75.57789236E-03 -19.99999955E-03
+27.72500E-06 -75.57789236E-03 -19.99999955E-03
+27.75000E-06 +0.0E+00 -48.14070277E-03
+27.77500E-06 -66.13065582E-03 -19.99999955E-03
+27.80000E-06 -75.57789236E-03 -19.99999955E-03
+27.82500E-06 +0.0E+00 -48.14070277E-03
+27.85000E-06 -66.13065582E-03 +8.14070367E-03
+27.87500E-06 +0.0E+00 -19.99999955E-03
+27.90000E-06 -66.13065582E-03 -19.99999955E-03
+27.92500E-06 +0.0E+00 -19.99999955E-03
+27.95000E-06 +56.68341928E-03 -48.14070277E-03
+27.97500E-06 +0.0E+00 -24.02010001E-03
+28.00000E-06 -75.57789236E-03 -52.16080323E-03
+28.02500E-06 -75.57789236E-03 -52.16080323E-03
+28.05000E-06 -9.44723654E-03 -56.18090369E-03
+28.07500E-06 -66.13065582E-03 -19.99999955E-03
+28.10000E-06 -9.44723654E-03 -19.99999955E-03
+28.12500E-06 -75.57789236E-03 -48.14070277E-03
+28.15000E-06 -18.89447308E-03 -19.99999955E-03
+28.17500E-06 +0.0E+00 -24.02010001E-03
+28.20000E-06 -75.57789236E-03 -48.14070277E-03
+28.22500E-06 -9.44723654E-03 -52.16080323E-03
+28.25000E-06 -9.44723654E-03 -24.02010001E-03
+28.27500E-06 -66.13065582E-03 -19.99999955E-03
+28.30000E-06 +0.0E+00 +8.14070367E-03
+28.32500E-06 -66.13065582E-03 -15.97989910E-03
+28.35000E-06 +0.0E+00 -19.99999955E-03
+28.37500E-06 +0.0E+00 -19.99999955E-03
+28.40000E-06 -66.13065582E-03 -52.16080323E-03
+28.42500E-06 -66.13065582E-03 -48.14070277E-03
+28.45000E-06 -9.44723654E-03 +8.14070367E-03
+28.47500E-06 +0.0E+00 -19.99999955E-03
+28.50000E-06 -75.57789236E-03 +8.14070367E-03
+28.52500E-06 -9.44723654E-03 -19.99999955E-03
+28.55000E-06 -9.44723654E-03 -19.99999955E-03
+28.57500E-06 +0.0E+00 -19.99999955E-03
+28.60000E-06 -9.44723654E-03 -19.99999955E-03
+28.62500E-06 -75.57789236E-03 -19.99999955E-03
+28.65000E-06 +0.0E+00 -19.99999955E-03
+28.67500E-06 -75.57789236E-03 -19.99999955E-03
+28.70000E-06 -75.57789236E-03 -19.99999955E-03
+28.72500E-06 +0.0E+00 -19.99999955E-03
+28.75000E-06 -75.57789236E-03 -19.99999955E-03
+28.77500E-06 +0.0E+00 -24.02010001E-03
+28.80000E-06 -75.57789236E-03 -19.99999955E-03
+28.82500E-06 -75.57789236E-03 -48.14070277E-03
+28.85000E-06 +0.0E+00 -24.02010001E-03
+28.87500E-06 +0.0E+00 -24.02010001E-03
+28.90000E-06 -75.57789236E-03 +8.14070367E-03
+28.92500E-06 -66.13065582E-03 -15.97989910E-03
+28.95000E-06 -75.57789236E-03 -15.97989910E-03
+28.97500E-06 -66.13065582E-03 +4.12060321E-03
+29.00000E-06 -141.70854819E-03 -48.14070277E-03
+29.02500E-06 +0.0E+00 -52.16080323E-03
+29.05000E-06 -9.44723654E-03 -19.99999955E-03
+29.07500E-06 +0.0E+00 -19.99999955E-03
+29.10000E-06 -66.13065582E-03 +8.14070367E-03
+29.12500E-06 -9.44723654E-03 -19.99999955E-03
+29.15000E-06 -85.02512890E-03 -48.14070277E-03
+29.17500E-06 -75.57789236E-03 -19.99999955E-03
+29.20000E-06 +0.0E+00 -19.99999955E-03
+29.22500E-06 -66.13065582E-03 -48.14070277E-03
+29.25000E-06 -9.44723654E-03 -52.16080323E-03
+29.27500E-06 -66.13065582E-03 -24.02010001E-03
+29.30000E-06 -9.44723654E-03 -19.99999955E-03
+29.32500E-06 -75.57789236E-03 -48.14070277E-03
+29.35000E-06 -9.44723654E-03 -19.99999955E-03
+29.37500E-06 +0.0E+00 -19.99999955E-03
+29.40000E-06 -66.13065583E-03 -19.99999955E-03
+29.42500E-06 -9.44723654E-03 -76.28140599E-03
+29.45000E-06 +0.0E+00 -24.02010001E-03
+29.47500E-06 +0.0E+00 -19.99999955E-03
+29.50000E-06 -75.57789236E-03 -19.99999955E-03
+29.52500E-06 -141.70854819E-03 +8.14070367E-03
+29.55000E-06 +0.0E+00 -19.99999955E-03
+29.57500E-06 -66.13065583E-03 -52.16080323E-03
+29.60000E-06 -66.13065583E-03 -48.14070277E-03
+29.62500E-06 -9.44723654E-03 -48.14070277E-03
+29.65000E-06 -66.13065583E-03 -24.02010001E-03
+29.67500E-06 -9.44723654E-03 -19.99999955E-03
+29.70000E-06 -66.13065583E-03 -19.99999955E-03
+29.72500E-06 -9.44723654E-03 -19.99999955E-03
+29.75000E-06 -75.57789236E-03 -19.99999955E-03
+29.77500E-06 -66.13065583E-03 +8.14070367E-03
+29.80000E-06 -66.13065583E-03 -52.16080323E-03
+29.82500E-06 +0.0E+00 -48.14070277E-03
+29.85000E-06 -66.13065583E-03 -24.02010001E-03
+29.87500E-06 -9.44723654E-03 -19.99999955E-03
+29.90000E-06 -66.13065583E-03 -19.99999955E-03
+29.92500E-06 -75.57789236E-03 -19.99999955E-03
+29.95000E-06 -9.44723654E-03 -44.12060232E-03
+29.97500E-06 -66.13065583E-03 -19.99999955E-03
+30.00000E-06 -75.57789236E-03 -48.14070277E-03
+30.02500E-06 -9.44723654E-03 -48.14070277E-03
+30.05000E-06 +0.0E+00 +4.12060321E-03
+30.07500E-06 -66.13065583E-03 -24.02010001E-03
+30.10000E-06 -66.13065583E-03 -19.99999955E-03
+30.12500E-06 -9.44723654E-03 -19.99999955E-03
+30.15000E-06 -9.44723654E-03 -19.99999955E-03
+30.17500E-06 +0.0E+00 -19.99999955E-03
+30.20000E-06 -66.13065583E-03 -19.99999955E-03
+30.22500E-06 -9.44723654E-03 -48.14070277E-03
+30.25000E-06 +0.0E+00 -24.02010001E-03
+30.27500E-06 -66.13065583E-03 -19.99999955E-03
+30.30000E-06 +0.0E+00 -19.99999955E-03
+30.32500E-06 -9.44723654E-03 +8.14070367E-03
+30.35000E-06 -9.44723654E-03 -19.99999955E-03
+30.37500E-06 -9.44723654E-03 -19.99999955E-03
+30.40000E-06 -9.44723654E-03 -19.99999955E-03
+30.42500E-06 -75.57789236E-03 -52.16080323E-03
+30.45000E-06 +0.0E+00 -24.02010001E-03
+30.47500E-06 +0.0E+00 -19.99999955E-03
+30.50000E-06 -9.44723654E-03 -19.99999955E-03
+30.52500E-06 -9.44723654E-03 +8.14070367E-03
+30.55000E-06 -9.44723654E-03 -48.14070277E-03
+30.57500E-06 +0.0E+00 -19.99999955E-03
+30.60000E-06 -66.13065583E-03 +8.14070367E-03
+30.62500E-06 -66.13065583E-03 -52.16080323E-03
+30.65000E-06 +0.0E+00 -24.02010001E-03
+30.67500E-06 -75.57789236E-03 -19.99999955E-03
+30.70000E-06 -75.57789236E-03 +8.14070367E-03
+30.72500E-06 -66.13065583E-03 -15.97989910E-03
+30.75000E-06 -9.44723654E-03 -19.99999955E-03
+30.77500E-06 -66.13065583E-03 -19.99999955E-03
+30.80000E-06 -66.13065583E-03 -19.99999955E-03
+30.82500E-06 -9.44723654E-03 -52.16080323E-03
+30.85000E-06 -66.13065583E-03 -24.02010001E-03
+30.87500E-06 -75.57789236E-03 -24.02010001E-03
+30.90000E-06 -9.44723654E-03 -19.99999955E-03
+30.92500E-06 -9.44723654E-03 -19.99999955E-03
+30.95000E-06 +0.0E+00 -19.99999955E-03
+30.97500E-06 -66.13065583E-03 -19.99999955E-03
+31.00000E-06 -75.57789236E-03 -19.99999955E-03
+31.02500E-06 -75.57789236E-03 -48.14070277E-03
+31.05000E-06 +0.0E+00 -24.02010001E-03
+31.07500E-06 -9.44723653E-03 -24.02010001E-03
+31.10000E-06 -66.13065583E-03 -48.14070277E-03
+31.12500E-06 -75.57789236E-03 -19.99999955E-03
+31.15000E-06 -66.13065583E-03 -19.99999955E-03
+31.17500E-06 -66.13065583E-03 -24.02010001E-03
+31.20000E-06 -66.13065583E-03 -19.99999955E-03
+31.22500E-06 +0.0E+00 -19.99999955E-03
+31.25000E-06 +0.0E+00 +8.14070367E-03
+31.27500E-06 -66.13065583E-03 -19.99999955E-03
+31.30000E-06 -66.13065583E-03 -19.99999955E-03
+31.32500E-06 -141.70854819E-03 -19.99999955E-03
+31.35000E-06 +0.0E+00 -19.99999955E-03
+31.37500E-06 -66.13065583E-03 +8.14070367E-03
+31.40000E-06 -75.57789236E-03 -19.99999955E-03
+31.42500E-06 -9.44723653E-03 -48.14070277E-03
+31.45000E-06 -66.13065583E-03 -24.02010001E-03
+31.47500E-06 +0.0E+00 -15.97989910E-03
+31.50000E-06 +0.0E+00 -48.14070277E-03
+31.52500E-06 -75.57789236E-03 -19.99999955E-03
+31.55000E-06 -9.44723653E-03 -48.14070277E-03
+31.57500E-06 -66.13065583E-03 -19.99999955E-03
+31.60000E-06 -66.13065583E-03 -15.97989910E-03
+31.62500E-06 -75.57789236E-03 -48.14070277E-03
+31.65000E-06 +0.0E+00 -24.02010001E-03
+31.67500E-06 -66.13065583E-03 -19.99999955E-03
+31.70000E-06 +0.0E+00 -15.97989910E-03
+31.72500E-06 -9.44723653E-03 -19.99999955E-03
+31.75000E-06 -9.44723653E-03 -19.99999955E-03
+31.77500E-06 -66.13065583E-03 -19.99999955E-03
+31.80000E-06 -75.57789236E-03 -19.99999955E-03
+31.82500E-06 -66.13065583E-03 -48.14070277E-03
+31.85000E-06 -75.57789236E-03 -24.02010001E-03
+31.87500E-06 -66.13065583E-03 -19.99999955E-03
+31.90000E-06 -75.57789236E-03 -24.02010001E-03
+31.92500E-06 -75.57789236E-03 -19.99999955E-03
+31.95000E-06 -75.57789236E-03 -48.14070277E-03
+31.97500E-06 -75.57789236E-03 -52.16080323E-03
+32.00000E-06 -75.57789236E-03 -48.14070277E-03
+32.02500E-06 -9.44723653E-03 -52.16080323E-03
+32.05000E-06 -9.44723653E-03 -52.16080323E-03
+32.07500E-06 -75.57789236E-03 -19.99999955E-03
+32.10000E-06 -9.44723653E-03 -48.14070277E-03
+32.12500E-06 -9.44723653E-03 +8.14070367E-03
+32.15000E-06 -9.44723653E-03 -19.99999955E-03
+32.17500E-06 +0.0E+00 -24.02010001E-03
+32.20000E-06 -9.44723653E-03 -19.99999955E-03
+32.22500E-06 -9.44723653E-03 -52.16080323E-03
+32.25000E-06 -66.13065583E-03 -24.02010001E-03
+32.27500E-06 +0.0E+00 -19.99999955E-03
+32.30000E-06 -66.13065583E-03 -19.99999955E-03
+32.32500E-06 -75.57789236E-03 -19.99999955E-03
+32.35000E-06 +56.68341930E-03 -48.14070277E-03
+32.37500E-06 -66.13065583E-03 -24.02010001E-03
+32.40000E-06 -66.13065583E-03 -48.14070277E-03
+32.42500E-06 -85.02512890E-03 -48.14070277E-03
+32.45000E-06 +0.0E+00 -24.02010001E-03
+32.47500E-06 -9.44723653E-03 -56.18090368E-03
+32.50000E-06 +0.0E+00 -19.99999955E-03
+32.52500E-06 -75.57789236E-03 -19.99999955E-03
+32.55000E-06 -9.44723653E-03 -11.95979865E-03
+32.57500E-06 +0.0E+00 -19.99999955E-03
+32.60000E-06 -66.13065583E-03 -15.97989910E-03
+32.62500E-06 -75.57789236E-03 -48.14070277E-03
+32.65000E-06 -66.13065583E-03 -24.02010001E-03
+32.67500E-06 -66.13065583E-03 -19.99999955E-03
+32.70000E-06 -66.13065583E-03 +8.14070367E-03
+32.72500E-06 +66.13065583E-03 -15.97989910E-03
+32.75000E-06 +0.0E+00 -15.97989910E-03
+32.77500E-06 +0.0E+00 -24.02010001E-03
+32.80000E-06 -9.44723653E-03 -19.99999955E-03
+32.82500E-06 -9.44723653E-03 -48.14070277E-03
+32.85000E-06 +0.0E+00 -52.16080323E-03
+32.87500E-06 -66.13065583E-03 -19.99999955E-03
+32.90000E-06 -66.13065583E-03 -19.99999955E-03
+32.92500E-06 +0.0E+00 -19.99999955E-03
+32.95000E-06 +0.0E+00 -19.99999955E-03
+32.97500E-06 -66.13065583E-03 +8.14070367E-03
+33.00000E-06 -75.57789236E-03 -19.99999955E-03
+33.02500E-06 +0.0E+00 -48.14070278E-03
+33.05000E-06 +0.0E+00 -24.02010001E-03
+33.07500E-06 -9.44723653E-03 -19.99999955E-03
+33.10000E-06 -75.57789236E-03 +12.16080412E-03
+33.12500E-06 -9.44723653E-03 -19.99999955E-03
+33.15000E-06 +0.0E+00 -15.97989910E-03
+33.17500E-06 -9.44723653E-03 -19.99999955E-03
+33.20000E-06 -75.57789236E-03 +12.16080412E-03
+33.22500E-06 -9.44723653E-03 -76.28140600E-03
+33.25000E-06 -9.44723653E-03 -19.99999955E-03
+33.27500E-06 +0.0E+00 -19.99999955E-03
+33.30000E-06 -75.57789236E-03 -19.99999955E-03
+33.32500E-06 -66.13065583E-03 -15.97989910E-03
+33.35000E-06 -75.57789236E-03 -44.12060232E-03
+33.37500E-06 -9.44723653E-03 -24.02010001E-03
+33.40000E-06 -75.57789236E-03 -19.99999955E-03
+33.42500E-06 -9.44723653E-03 -52.16080323E-03
+33.45000E-06 +0.0E+00 -24.02010001E-03
+33.47500E-06 -9.44723653E-03 -19.99999955E-03
+33.50000E-06 -66.13065583E-03 -19.99999955E-03
+33.52500E-06 -75.57789236E-03 -48.14070278E-03
+33.55000E-06 +0.0E+00 -15.97989910E-03
+33.57500E-06 -75.57789236E-03 -19.99999955E-03
+33.60000E-06 -75.57789236E-03 -52.16080323E-03
+33.62500E-06 -18.89447306E-03 -48.14070278E-03
+33.65000E-06 -75.57789236E-03 -52.16080323E-03
+33.67500E-06 +0.0E+00 +8.14070367E-03
+33.70000E-06 -66.13065583E-03 -19.99999955E-03
+33.72500E-06 -75.57789236E-03 -19.99999955E-03
+33.75000E-06 +0.0E+00 -48.14070278E-03
+33.77500E-06 +0.0E+00 -19.99999955E-03
+33.80000E-06 -75.57789236E-03 +12.16080412E-03
+33.82500E-06 +0.0E+00 -48.14070278E-03
+33.85000E-06 +0.0E+00 -24.02010001E-03
+33.87500E-06 -75.57789236E-03 -19.99999955E-03
+33.90000E-06 -75.57789236E-03 -19.99999955E-03
+33.92500E-06 -9.44723653E-03 +12.16080412E-03
+33.95000E-06 +0.0E+00 -44.12060232E-03
+33.97500E-06 +0.0E+00 -24.02010001E-03
+34.00000E-06 -75.57789236E-03 -19.99999955E-03
+34.02500E-06 -9.44723653E-03 -19.99999955E-03
+34.05000E-06 -75.57789236E-03 +4.12060322E-03
+34.07500E-06 +0.0E+00 +8.14070367E-03
+34.10000E-06 -66.13065583E-03 +8.14070367E-03
+34.12500E-06 -141.70854820E-03 +8.14070367E-03
+34.15000E-06 -66.13065583E-03 -19.99999955E-03
+34.17500E-06 -66.13065583E-03 -24.02010001E-03
+34.20000E-06 -66.13065583E-03 +8.14070367E-03
+34.22500E-06 -9.44723653E-03 -48.14070278E-03
+34.25000E-06 -66.13065583E-03 -52.16080323E-03
+34.27500E-06 -9.44723653E-03 -19.99999955E-03
+34.30000E-06 -66.13065583E-03 -19.99999955E-03
+34.32500E-06 -75.57789236E-03 -19.99999955E-03
+34.35000E-06 +0.0E+00 -48.14070278E-03
+34.37500E-06 -66.13065583E-03 +8.14070367E-03
+34.40000E-06 -66.13065583E-03 -19.99999955E-03
+34.42500E-06 -9.44723653E-03 -44.12060232E-03
+34.45000E-06 -9.44723653E-03 -24.02010001E-03
+34.47500E-06 +0.0E+00 -19.99999955E-03
+34.50000E-06 -75.57789236E-03 +8.14070367E-03
+34.52500E-06 +0.0E+00 -19.99999955E-03
+34.55000E-06 -75.57789236E-03 -19.99999955E-03
+34.57500E-06 -75.57789236E-03 -19.99999955E-03
+34.60000E-06 -75.57789236E-03 -48.14070278E-03
+34.62500E-06 +0.0E+00 -19.99999955E-03
+34.65000E-06 -9.44723653E-03 -24.02010001E-03
+34.67500E-06 -75.57789236E-03 -19.99999955E-03
+34.70000E-06 -75.57789236E-03 -52.16080323E-03
+34.72500E-06 -75.57789236E-03 -19.99999955E-03
+34.75000E-06 -9.44723653E-03 -19.99999955E-03
+34.77500E-06 +0.0E+00 -19.99999955E-03
+34.80000E-06 -75.57789236E-03 -48.14070278E-03
+34.82500E-06 -75.57789236E-03 -15.97989910E-03
+34.85000E-06 -66.13065584E-03 -52.16080323E-03
+34.87500E-06 -66.13065584E-03 -19.99999955E-03
+34.90000E-06 +0.0E+00 +8.14070367E-03
+34.92500E-06 -75.57789236E-03 -19.99999955E-03
+34.95000E-06 -9.44723653E-03 -19.99999955E-03
+34.97500E-06 -66.13065584E-03 +8.14070367E-03
+35.00000E-06 -9.44723653E-03 -48.14070278E-03
+35.02500E-06 -75.57789236E-03 -52.16080323E-03
+35.05000E-06 -66.13065584E-03 -52.16080323E-03
+35.07500E-06 +0.0E+00 -19.99999955E-03
+35.10000E-06 -75.57789236E-03 +8.14070367E-03
+35.12500E-06 -9.44723653E-03 -19.99999955E-03
+35.15000E-06 +0.0E+00 -19.99999955E-03
+35.17500E-06 -66.13065584E-03 +36.28140689E-03
+35.20000E-06 +0.0E+00 -19.99999955E-03
+35.22500E-06 -75.57789236E-03 -19.99999955E-03
+35.25000E-06 +0.0E+00 +4.12060322E-03
+35.27500E-06 +0.0E+00 -19.99999955E-03
+35.30000E-06 +0.0E+00 -19.99999955E-03
+35.32500E-06 +0.0E+00 -15.97989910E-03
+35.35000E-06 -75.57789236E-03 +12.16080412E-03
+35.37500E-06 +0.0E+00 +8.14070367E-03
+35.40000E-06 -9.44723653E-03 -19.99999955E-03
+35.42500E-06 -9.44723653E-03 -48.14070278E-03
+35.45000E-06 +0.0E+00 -28.04020046E-03
+35.47500E-06 +0.0E+00 -19.99999955E-03
+35.50000E-06 -66.13065584E-03 -19.99999955E-03
+35.52500E-06 -75.57789236E-03 -19.99999955E-03
+35.55000E-06 -66.13065584E-03 -19.99999955E-03
+35.57500E-06 -66.13065584E-03 -19.99999955E-03
+35.60000E-06 -66.13065584E-03 -19.99999955E-03
+35.62500E-06 -9.44723653E-03 -76.28140600E-03
+35.65000E-06 -9.44723653E-03 -28.04020046E-03
+35.67500E-06 -75.57789236E-03 -19.99999955E-03
+35.70000E-06 -66.13065584E-03 -15.97989910E-03
+35.72500E-06 -75.57789236E-03 -24.02010000E-03
+35.75000E-06 -66.13065584E-03 -19.99999955E-03
+35.77500E-06 -9.44723653E-03 -24.02010000E-03
+35.80000E-06 -75.57789236E-03 -19.99999955E-03
+35.82500E-06 -9.44723653E-03 -48.14070278E-03
+35.85000E-06 -66.13065584E-03 -24.02010000E-03
+35.87500E-06 -75.57789236E-03 -19.99999955E-03
+35.90000E-06 +0.0E+00 -19.99999955E-03
+35.92500E-06 -75.57789236E-03 -19.99999955E-03
+35.95000E-06 -9.44723653E-03 -52.16080323E-03
+35.97500E-06 -75.57789236E-03 -19.99999955E-03
+36.00000E-06 -75.57789236E-03 -19.99999955E-03
+36.02500E-06 -75.57789236E-03 -48.14070278E-03
+36.05000E-06 -66.13065584E-03 +4.12060322E-03
+36.07500E-06 -9.44723653E-03 -19.99999955E-03
+36.10000E-06 -75.57789236E-03 +8.14070367E-03
+36.12500E-06 -9.44723653E-03 -19.99999955E-03
+36.15000E-06 -18.89447305E-03 -19.99999955E-03
+36.17500E-06 -9.44723653E-03 -19.99999955E-03
+36.20000E-06 -66.13065584E-03 -19.99999955E-03
+36.22500E-06 +0.0E+00 -52.16080323E-03
+36.25000E-06 +0.0E+00 -24.02010000E-03
+36.27500E-06 +0.0E+00 -19.99999955E-03
+36.30000E-06 -66.13065584E-03 +8.14070367E-03
+36.32500E-06 -9.44723653E-03 -19.99999955E-03
+36.35000E-06 -9.44723653E-03 -19.99999955E-03
+36.37500E-06 +0.0E+00 +8.14070367E-03
+36.40000E-06 -75.57789236E-03 -19.99999955E-03
+36.42500E-06 -75.57789236E-03 -48.14070278E-03
+36.45000E-06 +0.0E+00 -24.02010000E-03
+36.47500E-06 -66.13065584E-03 -19.99999955E-03
+36.50000E-06 -75.57789236E-03 -19.99999955E-03
+36.52500E-06 -75.57789236E-03 -19.99999955E-03
+36.55000E-06 +0.0E+00 -48.14070278E-03
+36.57500E-06 +0.0E+00 -24.02010000E-03
+36.60000E-06 -75.57789236E-03 -19.99999955E-03
+36.62500E-06 +0.0E+00 -44.12060233E-03
+36.65000E-06 +0.0E+00 -52.16080323E-03
+36.67500E-06 +0.0E+00 -19.99999955E-03
+36.70000E-06 +0.0E+00 -19.99999955E-03
+36.72500E-06 -141.70854820E-03 -19.99999955E-03
+36.75000E-06 +0.0E+00 -19.99999955E-03
+36.77500E-06 +0.0E+00 -19.99999955E-03
+36.80000E-06 -75.57789236E-03 -19.99999955E-03
+36.82500E-06 -9.44723652E-03 -52.16080323E-03
+36.85000E-06 -66.13065584E-03 -52.16080323E-03
+36.87500E-06 -66.13065584E-03 -19.99999955E-03
+36.90000E-06 -66.13065584E-03 -19.99999955E-03
+36.92500E-06 -75.57789236E-03 -19.99999955E-03
+36.95000E-06 -9.44723652E-03 -19.99999955E-03
+36.97500E-06 -75.57789236E-03 -24.02010000E-03
+37.00000E-06 +0.0E+00 -19.99999955E-03
+37.02500E-06 -75.57789236E-03 -48.14070278E-03
+37.05000E-06 -75.57789236E-03 -19.99999955E-03
+37.07500E-06 +0.0E+00 -19.99999955E-03
+37.10000E-06 -75.57789236E-03 -19.99999955E-03
+37.12500E-06 +0.0E+00 -19.99999955E-03
+37.15000E-06 +0.0E+00 -48.14070278E-03
+37.17500E-06 -141.70854820E-03 -19.99999955E-03
+37.20000E-06 +0.0E+00 -19.99999955E-03
+37.22500E-06 -18.89447305E-03 -76.28140600E-03
+37.25000E-06 +0.0E+00 -24.02010000E-03
+37.27500E-06 -56.68341932E-03 -52.16080323E-03
+37.30000E-06 -75.57789236E-03 -19.99999955E-03
+37.32500E-06 +0.0E+00 -19.99999955E-03
+37.35000E-06 -141.70854820E-03 -48.14070278E-03
+37.37500E-06 -66.13065584E-03 -24.02010000E-03
+37.40000E-06 -66.13065584E-03 -48.14070278E-03
+37.42500E-06 -66.13065584E-03 -48.14070278E-03
+37.45000E-06 -9.44723652E-03 -24.02010000E-03
+37.47500E-06 -9.44723652E-03 -19.99999955E-03
+37.50000E-06 -75.57789236E-03 +8.14070367E-03
+37.52500E-06 -75.57789236E-03 -15.97989910E-03
+37.55000E-06 -66.13065584E-03 -15.97989910E-03
+37.57500E-06 +0.0E+00 -24.02010000E-03
+37.60000E-06 -75.57789236E-03 -52.16080323E-03
+37.62500E-06 -75.57789236E-03 -48.14070278E-03
+37.65000E-06 -75.57789236E-03 -24.02010000E-03
+37.67500E-06 -66.13065584E-03 -19.99999955E-03
+37.70000E-06 +0.0E+00 -19.99999955E-03
+37.72500E-06 -141.70854820E-03 -24.02010000E-03
+37.75000E-06 -75.57789236E-03 -19.99999955E-03
+37.77500E-06 +0.0E+00 -19.99999955E-03
+37.80000E-06 -75.57789236E-03 +8.14070367E-03
+37.82500E-06 +56.68341932E-03 -48.14070278E-03
+37.85000E-06 -85.02512889E-03 -24.02010000E-03
+37.87500E-06 +0.0E+00 -19.99999955E-03
+37.90000E-06 -75.57789236E-03 -48.14070278E-03
+37.92500E-06 -75.57789236E-03 -19.99999955E-03
+37.95000E-06 +0.0E+00 -19.99999955E-03
+37.97500E-06 -75.57789236E-03 +8.14070367E-03
+38.00000E-06 +0.0E+00 -19.99999955E-03
+38.02500E-06 -9.44723652E-03 -80.30150645E-03
+38.05000E-06 -75.57789236E-03 -24.02010000E-03
+38.07500E-06 +0.0E+00 -19.99999955E-03
+38.10000E-06 -75.57789236E-03 -24.02010000E-03
+38.12500E-06 +0.0E+00 -15.97989910E-03
+38.15000E-06 -75.57789236E-03 -48.14070278E-03
+38.17500E-06 -75.57789236E-03 -19.99999955E-03
+38.20000E-06 +0.0E+00 -48.14070278E-03
+38.22500E-06 -141.70854820E-03 -80.30150645E-03
+38.25000E-06 -9.44723652E-03 -24.02010000E-03
+38.27500E-06 +0.0E+00 -52.16080323E-03
+38.30000E-06 -75.57789236E-03 -19.99999955E-03
+38.32500E-06 +75.57789236E-03 -19.99999955E-03
+38.35000E-06 -151.15578473E-03 -52.16080323E-03
+38.37500E-06 +0.0E+00 -19.99999955E-03
+38.40000E-06 -9.44723652E-03 -52.16080323E-03
+38.42500E-06 -85.02512888E-03 -48.14070278E-03
+38.45000E-06 +9.44723652E-03 -24.02010000E-03
+38.47500E-06 -151.15578473E-03 -19.99999955E-03
+38.50000E-06 +0.0E+00 -15.97989910E-03
+38.52500E-06 -66.13065584E-03 -52.16080323E-03
+38.55000E-06 -85.02512888E-03 +12.16080412E-03
+38.57500E-06 +75.57789236E-03 -48.14070278E-03
+38.60000E-06 -141.70854820E-03 -48.14070278E-03
+38.62500E-06 +56.68341932E-03 -15.97989910E-03
+38.65000E-06 +0.0E+00 -56.18090368E-03
+38.67500E-06 -75.57789236E-03 -19.99999955E-03
+38.70000E-06 +0.0E+00 -48.14070278E-03
+38.72500E-06 -151.15578473E-03 -19.99999955E-03
+38.75000E-06 +66.13065584E-03 -15.97989910E-03
+38.77500E-06 -9.44723652E-03 -24.02010000E-03
+38.80000E-06 -75.57789236E-03 +12.16080412E-03
+38.82500E-06 +0.0E+00 -48.14070278E-03
+38.85000E-06 -141.70854821E-03 -24.02010000E-03
+38.87500E-06 +9.44723652E-03 +8.14070367E-03
+38.90000E-06 +0.0E+00 -52.16080323E-03
+38.92500E-06 -151.15578473E-03 +12.16080412E-03
+38.95000E-06 +66.13065584E-03 -48.14070278E-03
+38.97500E-06 -151.15578473E-03 -24.02010000E-03
+39.00000E-06 +0.0E+00 -19.99999955E-03
+39.02500E-06 -75.57789236E-03 -80.30150646E-03
+39.05000E-06 -85.02512888E-03 -52.16080323E-03
+39.07500E-06 +85.02512888E-03 -19.99999955E-03
+39.10000E-06 -151.15578473E-03 -19.99999955E-03
+39.12500E-06 +0.0E+00 -15.97989910E-03
+39.15000E-06 +56.68341932E-03 -48.14070278E-03
+39.17500E-06 -151.15578473E-03 -19.99999955E-03
+39.20000E-06 +9.44723652E-03 -19.99999955E-03
+39.22500E-06 -151.15578473E-03 -48.14070278E-03
+39.25000E-06 +75.57789236E-03 +12.16080412E-03
+39.27500E-06 -66.13065584E-03 -80.30150646E-03
+39.30000E-06 -217.28644057E-03 +12.16080412E-03
+39.32500E-06 +75.57789236E-03 -19.99999955E-03
+39.35000E-06 -217.28644057E-03 -80.30150646E-03
+39.37500E-06 +66.13065584E-03 +12.16080412E-03
+39.40000E-06 -66.13065584E-03 -52.16080323E-03
+39.42500E-06 -85.02512888E-03 -15.97989910E-03
+39.45000E-06 +151.15578473E-03 -28.04020045E-03
+39.47500E-06 -226.73367709E-03 -24.02010000E-03
+39.50000E-06 +66.13065584E-03 +12.16080412E-03
+39.52500E-06 -66.13065584E-03 -52.16080323E-03
+39.55000E-06 -94.47236540E-03 +12.16080412E-03
+39.57500E-06 +217.28644057E-03 -19.99999955E-03
+39.60000E-06 -217.28644057E-03 -52.16080323E-03
+39.62500E-06 +66.13065584E-03 -11.95979866E-03
+39.65000E-06 +0.0E+00 -56.18090368E-03
+39.67500E-06 -141.70854821E-03 +12.16080412E-03
+39.70000E-06 +151.15578473E-03 -19.99999955E-03
+39.72500E-06 -226.73367709E-03 -24.02010000E-03
+39.75000E-06 +66.13065584E-03 +16.18090457E-03
+39.77500E-06 -66.13065584E-03 -52.16080323E-03
+39.80000E-06 -160.60302125E-03 +8.14070367E-03
+39.82500E-06 +151.15578473E-03 -48.14070278E-03
+39.85000E-06 -292.86433293E-03 -52.16080323E-03
+39.87500E-06 +75.57789236E-03 +44.32160780E-03
+39.90000E-06 -66.13065584E-03 -52.16080323E-03
+39.92500E-06 -160.60302124E-03 +40.30150735E-03
+39.95000E-06 +151.15578473E-03 -19.99999955E-03
+39.97500E-06 -302.31156945E-03 -56.18090368E-03
+40.00000E-06 +141.70854821E-03 +16.18090457E-03
+40.02500E-06 +0.0E+00 -84.32160690E-03
+40.05000E-06 -226.73367709E-03 +8.14070367E-03
+40.07500E-06 +160.60302124E-03 -24.02010000E-03
+40.10000E-06 -226.73367709E-03 -19.99999955E-03
+40.12500E-06 +75.57789236E-03 +44.32160780E-03
+40.15000E-06 +0.0E+00 -108.44220968E-03
+40.17500E-06 -160.60302124E-03 +12.16080412E-03
+40.20000E-06 +217.28644057E-03 -48.14070278E-03
+40.22500E-06 -302.31156945E-03 -80.30150646E-03
+40.25000E-06 +151.15578473E-03 +40.30150735E-03
+40.27500E-06 -66.13065585E-03 -80.30150646E-03
+40.30000E-06 -236.18091361E-03 +16.18090457E-03
+40.32500E-06 +226.73367709E-03 -48.14070278E-03
+40.35000E-06 -302.31156945E-03 -52.16080323E-03
+40.37500E-06 +75.57789236E-03 +40.30150735E-03
+40.40000E-06 -9.44723652E-03 -84.32160690E-03
+40.42500E-06 -236.18091361E-03 -15.97989911E-03
+40.45000E-06 +236.18091361E-03 -24.02010000E-03
+40.47500E-06 -377.88946182E-03 -28.04020045E-03
+40.50000E-06 +151.15578473E-03 +48.34170825E-03
+40.52500E-06 +0.0E+00 -84.32160690E-03
+40.55000E-06 -236.18091361E-03 +16.18090457E-03
+40.57500E-06 +302.31156945E-03 -19.99999955E-03
+40.60000E-06 -368.44222530E-03 -84.32160690E-03
+40.62500E-06 +141.70854821E-03 +48.34170825E-03
+40.65000E-06 +9.44723652E-03 -88.34170735E-03
+40.67500E-06 -236.18091361E-03 +44.32160780E-03
+40.70000E-06 +368.44222530E-03 -19.99999955E-03
+40.72500E-06 -444.02011766E-03 -80.30150646E-03
+40.75000E-06 +141.70854821E-03 +48.34170825E-03
+40.77500E-06 -66.13065585E-03 -88.34170735E-03
+40.80000E-06 -236.18091361E-03 +44.32160780E-03
+40.82500E-06 +368.44222530E-03 -48.14070278E-03
+40.85000E-06 -453.46735418E-03 -56.18090368E-03
+40.87500E-06 +151.15578473E-03 +72.46231103E-03
+40.90000E-06 -66.13065585E-03 -88.34170735E-03
+40.92500E-06 -302.31156945E-03 +40.30150735E-03
+40.95000E-06 +302.31156945E-03 -44.12060233E-03
+40.97500E-06 -387.33669833E-03 -56.18090368E-03
+41.00000E-06 +217.28644057E-03 +80.50251192E-03
+41.02500E-06 +0.0E+00 -144.62311381E-03
+41.05000E-06 -245.62815012E-03 +40.30150735E-03
+41.07500E-06 +444.02011766E-03 -19.99999955E-03
+41.10000E-06 -453.46735418E-03 -56.18090368E-03
+41.12500E-06 +226.73367709E-03 +76.48241147E-03
+41.15000E-06 +0.0E+00 -144.62311381E-03
+41.17500E-06 -377.88946182E-03 +40.30150735E-03
+41.20000E-06 +453.46735418E-03 -19.99999955E-03
+41.22500E-06 -529.04524654E-03 -88.34170735E-03
+41.25000E-06 +226.73367709E-03 +76.48241147E-03
+41.27500E-06 +0.0E+00 -120.50251103E-03
+41.30000E-06 -311.75880597E-03 +76.48241147E-03
+41.32500E-06 +453.46735418E-03 -15.97989911E-03
+41.35000E-06 -529.04524654E-03 -112.46231013E-03
+41.37500E-06 +283.41709642E-03 +104.62311470E-03
+41.40000E-06 -132.26131169E-03 -148.64321426E-03
+41.42500E-06 -377.88946182E-03 +44.32160780E-03
+41.45000E-06 +462.91459069E-03 -19.99999955E-03
+41.47500E-06 -604.62313890E-03 -84.32160690E-03
+41.50000E-06 +292.86433294E-03 +108.64321515E-03
+41.52500E-06 -66.13065585E-03 -144.62311381E-03
+41.55000E-06 -387.33669833E-03 +44.32160780E-03
+41.57500E-06 +529.04524654E-03 -52.16080323E-03
+41.60000E-06 -670.75379475E-03 -112.46231013E-03
+41.62500E-06 +292.86433294E-03 +112.66331560E-03
+41.65000E-06 -66.13065585E-03 -152.66331470E-03
+41.67500E-06 -453.46735418E-03 +72.46231103E-03
+41.70000E-06 +604.62313890E-03 -48.14070278E-03
+41.72500E-06 -670.75379475E-03 -120.50251103E-03
+41.75000E-06 +358.99498879E-03 +108.64321515E-03
+41.77500E-06 +0.0E+00 -180.80401793E-03
+41.80000E-06 -387.33669833E-03 +104.62311470E-03
+41.82500E-06 +604.62313890E-03 -48.14070278E-03
+41.85000E-06 -680.20103127E-03 -92.36180780E-03
+41.87500E-06 +368.44222530E-03 +140.80401883E-03
+41.90000E-06 +0.0E+00 -180.80401793E-03
+41.92500E-06 -462.91459069E-03 +104.62311470E-03
+41.95000E-06 +614.07037542E-03 -44.12060234E-03
+41.97500E-06 -746.33168712E-03 -120.50251103E-03
+42.00000E-06 +368.44222530E-03 +140.80401883E-03
+42.02500E-06 +0.0E+00 -212.96482161E-03
+42.05000E-06 -472.36182721E-03 +128.74371749E-03
+42.07500E-06 +623.51761193E-03 -24.02010000E-03
+42.10000E-06 -755.77892363E-03 -116.48241058E-03
+42.12500E-06 +444.02011766E-03 +144.82411927E-03
+42.15000E-06 +66.13065585E-03 -241.10552484E-03
+42.17500E-06 -472.36182721E-03 +136.78391838E-03
+42.20000E-06 +755.77892363E-03 -48.14070278E-03
+42.22500E-06 -831.35681599E-03 -148.64321426E-03
+42.25000E-06 +444.02011766E-03 +140.80401883E-03
+42.27500E-06 +9.44723651E-03 -212.96482161E-03
+42.30000E-06 -538.49248306E-03 +108.64321515E-03
+42.32500E-06 +765.22616015E-03 -44.12060234E-03
+42.35000E-06 -850.25128902E-03 -144.62311381E-03
+42.37500E-06 +444.02011766E-03 +172.96482250E-03
+42.40000E-06 -56.68341933E-03 -241.10552484E-03
+42.42500E-06 -614.07037542E-03 +108.64321515E-03
+42.45000E-06 +831.35681599E-03 -56.18090367E-03
+42.47500E-06 -973.06536421E-03 -148.64321426E-03
+42.50000E-06 +519.59801003E-03 +209.14572662E-03
+42.52500E-06 -66.13065585E-03 -245.12562528E-03
+42.55000E-06 -614.07037542E-03 +112.66331560E-03
+42.57500E-06 +906.93470836E-03 -24.02010000E-03
+42.60000E-06 -1.04864325657E+00 -148.64321426E-03
+42.62500E-06 +519.59801003E-03 +209.14572662E-03
+42.65000E-06 +9.44723651E-03 -281.30652940E-03
+42.67500E-06 -623.51761193E-03 +140.80401883E-03
+42.70000E-06 +973.06536421E-03 -19.99999955E-03
+42.72500E-06 -1.04864325657E+00 -152.66331470E-03
+42.75000E-06 +585.72866588E-03 +209.14572662E-03
+42.77500E-06 -122.81407519E-03 -305.42713219E-03
+42.80000E-06 -689.64826778E-03 +168.94472206E-03
+42.82500E-06 +991.95983723E-03 -48.14070278E-03
+42.85000E-06 -1.05809049308E+00 -188.84421882E-03
+42.87500E-06 +595.17590239E-03 +237.28642985E-03
+42.90000E-06 +9.44723651E-03 -277.28642896E-03
+42.92500E-06 -755.77892363E-03 +140.80401883E-03
+42.95000E-06 +1.13366838545E+00 -72.26130557E-03
+42.97500E-06 -1.12422114893E+00 -180.80401793E-03
+43.00000E-06 +595.17590239E-03 +241.30653030E-03
+43.02500E-06 +0.0E+00 -337.58793586E-03
+43.05000E-06 -765.22616014E-03 +164.92462161E-03
+43.07500E-06 +1.14311562196E+00 -52.16080323E-03
+43.10000E-06 -1.20924627781E+00 -184.82411838E-03
+43.12500E-06 +670.75379475E-03 +245.32663074E-03
+43.15000E-06 +9.44723651E-03 -337.58793586E-03
+43.17500E-06 -765.22616014E-03 +201.10552573E-03
+43.20000E-06 +1.14311562196E+00 -48.14070278E-03
+43.22500E-06 -1.28482417017E+00 -212.96482161E-03
+43.25000E-06 +736.88445061E-03 +297.58793676E-03
+43.27500E-06 +9.44723651E-03 -309.44723263E-03
+43.30000E-06 -774.67339666E-03 +233.26632941E-03
+43.32500E-06 +1.28482417017E+00 -76.28140601E-03
+43.35000E-06 -1.36040206254E+00 -212.96482161E-03
+43.37500E-06 +821.90957948E-03 +329.74874043E-03
+43.40000E-06 -56.68341934E-03 -373.76883999E-03
+43.42500E-06 -850.25128902E-03 +205.12562618E-03
+43.45000E-06 +1.29427140668E+00 -52.16080323E-03
+43.47500E-06 -1.43597995490E+00 -216.98492205E-03
+43.50000E-06 +755.77892363E-03 +305.62813765E-03
+43.52500E-06 -56.68341934E-03 -373.76883999E-03
+43.55000E-06 -925.82918138E-03 +205.12562618E-03
+43.57500E-06 +1.43597995490E+00 -52.16080323E-03
+43.60000E-06 -1.50211061075E+00 -221.00502250E-03
+43.62500E-06 +888.04023533E-03 +337.78894132E-03
+43.65000E-06 -56.68341934E-03 -438.09044734E-03
+43.67500E-06 -991.95983723E-03 +233.26632941E-03
+43.70000E-06 +1.44542719141E+00 -48.14070278E-03
+43.72500E-06 -1.64381915896E+00 -221.00502250E-03
+43.75000E-06 +821.90957948E-03 +369.94974500E-03
+43.77500E-06 -47.23618283E-03 -434.07034689E-03
+43.80000E-06 -1.05809049308E+00 +233.26632941E-03
+43.82500E-06 +1.52100508377E+00 -108.44220969E-03
+43.85000E-06 -1.58713573962E+00 -253.16582617E-03
+43.87500E-06 +963.61812770E-03 +398.09044823E-03
+43.90000E-06 -113.36683868E-03 -442.11054778E-03
+43.92500E-06 -1.07698496611E+00 +265.42713308E-03
+43.95000E-06 +1.59658297614E+00 -80.30150646E-03
+43.97500E-06 -1.72884428784E+00 -281.30652940E-03
+44.00000E-06 +963.61812770E-03 +402.11054868E-03
+44.02500E-06 +0.0E+00 -526.53265747E-03
+44.05000E-06 -1.08643220262E+00 +293.56783631E-03
+44.07500E-06 +1.67216086850E+00 -52.16080323E-03
+44.10000E-06 -1.80442218020E+00 -281.30652940E-03
+44.12500E-06 +1.03919602006E+00 +434.27135235E-03
+44.15000E-06 +18.89447302E-03 -502.41205469E-03
+44.17500E-06 -1.21869351432E+00 +325.72863999E-03
+44.20000E-06 +1.74773876086E+00 -52.16080323E-03
+44.22500E-06 -1.88000007257E+00 -281.30652940E-03
+44.25000E-06 +1.11477391242E+00 +434.27135235E-03
+44.27500E-06 -47.23618283E-03 -534.57285836E-03
+44.30000E-06 -1.16201009498E+00 +325.72863999E-03
+44.32500E-06 +1.82331665322E+00 -76.28140602E-03
+44.35000E-06 -1.96502520144E+00 -313.46733308E-03
+44.37500E-06 +1.18090456828E+00 +466.43215603E-03
+44.40000E-06 -113.36683868E-03 -558.69346115E-03
+44.42500E-06 -1.23758798734E+00 +329.74874043E-03
+44.45000E-06 +1.90834178210E+00 -80.30150646E-03
+44.47500E-06 -2.03115585729E+00 -285.32662985E-03
+44.50000E-06 +1.19035180479E+00 +494.57285926E-03
+44.52500E-06 -122.81407520E-03 -594.87436527E-03
+44.55000E-06 -1.31316587970E+00 +357.88944367E-03
+44.57500E-06 +1.97447243795E+00 -76.28140602E-03
+44.60000E-06 -2.17286440551E+00 -313.46733308E-03
+44.62500E-06 +1.26592969715E+00 +474.47235691E-03
+44.65000E-06 -56.68341934E-03 -631.05526939E-03
+44.67500E-06 -1.37929653556E+00 +361.90954411E-03
+44.70000E-06 +2.12562822268E+00 -76.28140602E-03
+44.72500E-06 -2.25788953438E+00 -321.50753397E-03
+44.75000E-06 +1.26592969715E+00 +562.91456705E-03
+44.77500E-06 -47.23618283E-03 -631.05526939E-03
+44.80000E-06 -1.44542719141E+00 +394.07034779E-03
+44.82500E-06 +2.26733677089E+00 -104.42210925E-03
+44.85000E-06 -2.33346742675E+00 -349.64823720E-03
+44.87500E-06 +1.40763824537E+00 +562.91456705E-03
+44.90000E-06 -113.36683869E-03 -687.33667585E-03
+44.92500E-06 -1.45487442792E+00 +454.37185469E-03
+44.95000E-06 +2.34291466326E+00 -104.42210925E-03
+44.97500E-06 -2.34291466326E+00 -381.80904087E-03
+45.00000E-06 +1.40763824537E+00 +627.23617440E-03
+45.02500E-06 -47.23618283E-03 -719.49747953E-03
+45.05000E-06 -1.53989955679E+00 +418.19095057E-03
+45.07500E-06 +2.36180913627E+00 -76.28140602E-03
+45.10000E-06 -2.55075386733E+00 -349.64823720E-03
+45.12500E-06 +1.48321613773E+00 +627.23617440E-03
+45.15000E-06 -56.68341934E-03 -723.51757997E-03
+45.17500E-06 -1.53989955679E+00 +430.25125191E-03
+45.20000E-06 +2.50351768449E+00 -104.42210925E-03
+45.22500E-06 -2.63577899620E+00 -409.94974410E-03
+45.25000E-06 +1.55879403010E+00 +655.37687764E-03
+45.27500E-06 -47.23618284E-03 -727.53768042E-03
+45.30000E-06 -1.62492468566E+00 +490.55275881E-03
+45.32500E-06 +2.58854281336E+00 -80.30150646E-03
+45.35000E-06 -2.63577899620E+00 -413.96984455E-03
+45.37500E-06 +1.63437192246E+00 +719.69848499E-03
+45.40000E-06 -113.36683869E-03 -783.81908688E-03
+45.42500E-06 -1.69105534151E+00 +486.53265837E-03
+45.45000E-06 +2.65467346922E+00 -108.44220969E-03
+45.47500E-06 -2.85306543678E+00 -413.96984455E-03
+45.50000E-06 +1.70994981483E+00 +723.71858543E-03
+45.52500E-06 -113.36683869E-03 -824.02009144E-03
+45.55000E-06 -1.76663323388E+00 +494.57285926E-03
+45.57500E-06 +2.80582925394E+00 -104.42210925E-03
+45.60000E-06 -2.92864332914E+00 -446.13064822E-03
+45.62500E-06 +1.78552770719E+00 +759.89948955E-03
+45.65000E-06 -103.91960219E-03 -856.18089512E-03
+45.67500E-06 -1.84221112624E+00 +550.85426572E-03
+45.70000E-06 +2.88140714630E+00 -132.56281248E-03
+45.72500E-06 -3.00422122151E+00 -446.13064822E-03
+45.75000E-06 +1.85165836304E+00 +755.87938911E-03
+45.77500E-06 -103.91960219E-03 -888.34169880E-03
+45.80000E-06 -1.84221112624E+00 +583.01506940E-03
+45.82500E-06 +3.02311569452E+00 -132.56281248E-03
+45.85000E-06 -3.14592976973E+00 -482.31155234E-03
+45.87500E-06 +1.93668349192E+00 +816.18089601E-03
+45.90000E-06 -113.36683870E-03 -944.62310526E-03
+45.92500E-06 -1.92723625511E+00 +611.15577263E-03
+45.95000E-06 +3.09869358689E+00 -108.44220969E-03
+45.97500E-06 -3.16482424274E+00 -510.45225557E-03
+46.00000E-06 +1.93668349192E+00 +792.06029322E-03
+46.02500E-06 -113.36683870E-03 -976.78390894E-03
+46.05000E-06 -1.99336691096E+00 +611.15577263E-03
+46.07500E-06 +3.19316595226E+00 -136.58291293E-03
+46.10000E-06 -3.38211068332E+00 -514.47235602E-03
+46.12500E-06 +2.00281414777E+00 +880.50250337E-03
+46.15000E-06 -113.36683870E-03 -1.00894471261E+00
+46.17500E-06 -2.00281414747E+00 +615.17587307E-03
+46.20000E-06 +3.26874384463E+00 -132.56281248E-03
+46.22500E-06 -3.39155791983E+00 -542.61305925E-03
+46.25000E-06 +2.07839204014E+00 +884.52260381E-03
+46.27500E-06 -94.47236568E-03 -1.01296481306E+00
+46.30000E-06 -2.07839203983E+00 +647.33667675E-03
+46.32500E-06 +3.33487450048E+00 -136.58291293E-03
+46.35000E-06 -3.46713581219E+00 -546.63315969E-03
+46.37500E-06 +2.07839204014E+00 +944.82411072E-03
+46.40000E-06 -103.91960219E-03 -1.04512561673E+00
+46.42500E-06 -2.22010058805E+00 +679.49748043E-03
+46.45000E-06 +3.41989962935E+00 -140.60301337E-03
+46.47500E-06 -3.60884436041E+00 -546.63315969E-03
+46.50000E-06 +2.22010058836E+00 +981.00501484E-03
+46.52500E-06 -179.49749456E-03 -1.07326631996E+00
+46.55000E-06 -2.29567848041E+00 +735.77888689E-03
+46.57500E-06 +3.50492475822E+00 -136.58291293E-03
+46.60000E-06 -3.68442225278E+00 -550.65326013E-03
+46.62500E-06 +2.29567848072E+00 +956.88441205E-03
+46.65000E-06 -103.91960219E-03 -1.14562812820E+00
+46.67500E-06 -2.30512571692E+00 +771.95979101E-03
+46.70000E-06 +3.63718606993E+00 -136.58291293E-03
+46.72500E-06 -3.76000014514E+00 -574.77386292E-03
+46.75000E-06 +2.29567848072E+00 +1.01718591895E+00
+46.77500E-06 -170.05025805E-03 -1.16974873099E+00
+46.80000E-06 -2.37125637277E+00 +767.93969057E-03
+46.82500E-06 +3.77889461815E+00 -168.74371660E-03
+46.85000E-06 -3.91115592987E+00 -614.97486749E-03
+46.87500E-06 +2.39015084610E+00 +1.01718591895E+00
+46.90000E-06 -94.47236569E-03 -1.20592963511E+00
+46.92500E-06 -2.38070360928E+00 +800.10049424E-03
+46.95000E-06 +3.79778909117E+00 -164.72361616E-03
+46.97500E-06 -3.92060316637E+00 -639.09547028E-03
+47.00000E-06 +2.45628150196E+00 +1.08150752630E+00
+47.02500E-06 -103.91960220E-03 -1.23809043879E+00
+47.05000E-06 -2.45628150164E+00 +804.12059469E-03
+47.07500E-06 +3.94894487589E+00 -172.76381705E-03
+47.10000E-06 -4.06231171459E+00 -647.13567116E-03
+47.12500E-06 +2.53185939432E+00 +1.11366832998E+00
+47.15000E-06 -103.91960220E-03 -1.23809043879E+00
+47.17500E-06 -2.46572873814E+00 +836.28139836E-03
+47.20000E-06 +3.96783934890E+00 -192.86431940E-03
+47.22500E-06 -4.14733684346E+00 -647.13567116E-03
+47.25000E-06 +2.59799005018E+00 +1.13778893277E+00
+47.27500E-06 -170.05025806E-03 -1.30241204614E+00
+47.30000E-06 -2.54130663051E+00 +836.28139836E-03
+47.32500E-06 +4.03397000476E+00 -168.74371660E-03
+47.35000E-06 -4.28904539169E+00 -675.27637439E-03
+47.37500E-06 +2.60743728669E+00 +1.17396983689E+00
+47.40000E-06 -170.05025806E-03 -1.33457284981E+00
+47.42500E-06 -2.61688452287E+00 +900.60300571E-03
+47.45000E-06 +4.24180920884E+00 -196.88441984E-03
+47.47500E-06 -4.28904539169E+00 -679.29647483E-03
+47.50000E-06 +2.73969859841E+00 +1.21015074101E+00
+47.52500E-06 -236.18091392E-03 -1.33859295025E+00
+47.55000E-06 -2.61688452287E+00 +928.74370895E-03
+47.57500E-06 +4.31738710120E+00 -196.88441984E-03
+47.60000E-06 -4.44020117641E+00 -679.29647483E-03
+47.62500E-06 +2.74914583491E+00 +1.21417084145E+00
+47.65000E-06 -170.05025806E-03 -1.40291455761E+00
+47.67500E-06 -2.69246241523E+00 +960.90451262E-03
+47.70000E-06 +4.39296499356E+00 -196.88441984E-03
+47.72500E-06 -4.50633183227E+00 -711.45727851E-03
+47.75000E-06 +2.82472372728E+00 +1.30261305159E+00
+47.77500E-06 -170.05025806E-03 -1.43105526084E+00
+47.80000E-06 -2.75859307109E+00 +960.90451262E-03
+47.82500E-06 +4.47799012243E+00 -225.02512307E-03
+47.85000E-06 -4.51577906878E+00 -715.47737895E-03
+47.87500E-06 +2.90030161964E+00 +1.30663315203E+00
+47.90000E-06 -170.05025807E-03 -1.46321606452E+00
+47.92500E-06 -2.84361819995E+00 +964.92461307E-03
+47.95000E-06 +4.54412077829E+00 -221.00502263E-03
+47.97500E-06 -4.66693485350E+00 -747.63818263E-03
+48.00000E-06 +2.83417096378E+00 +1.33477385527E+00
+48.02500E-06 -179.49749457E-03 -1.49537686819E+00
+48.05000E-06 -2.84361819995E+00 +1.02120601954E+00
+48.07500E-06 +4.55356801479E+00 -196.88441984E-03
+48.10000E-06 -4.73306550936E+00 -743.61808218E-03
+48.12500E-06 +2.97587951200E+00 +1.36693465894E+00
+48.15000E-06 -170.05025807E-03 -1.52753767187E+00
+48.17500E-06 -2.85306543646E+00 +1.02120601954E+00
+48.20000E-06 +4.62914590715E+00 -196.88441984E-03
+48.22500E-06 -4.81809063823E+00 -771.75878542E-03
+48.25000E-06 +2.97587951201E+00 +1.36693465894E+00
+48.27500E-06 -226.73367743E-03 -1.55969847554E+00
+48.30000E-06 -2.91919609231E+00 +1.05738692365E+00
+48.32500E-06 +4.63859314366E+00 -200.90452028E-03
+48.35000E-06 -4.82753787473E+00 -807.93968953E-03
+48.37500E-06 +3.04201016787E+00 +1.37497485982E+00
+48.40000E-06 -236.18091393E-03 -1.55969847554E+00
+48.42500E-06 -2.92864332881E+00 +1.02924622042E+00
+48.45000E-06 +4.78030169188E+00 -200.90452028E-03
+48.47500E-06 -4.90311576710E+00 -807.93968953E-03
+48.50000E-06 +3.11758806023E+00 +1.43527636673E+00
+48.52500E-06 -226.73367743E-03 -1.56371857598E+00
+48.55000E-06 -2.92864332881E+00 +1.08954772733E+00
+48.57500E-06 +4.85587958424E+00 -229.04522352E-03
+48.60000E-06 -4.96924642296E+00 -807.93968953E-03
+48.62500E-06 +3.05145740437E+00 +1.43929646717E+00
+48.65000E-06 -170.05025807E-03 -1.62402008289E+00
+48.67500E-06 -3.00422122117E+00 +1.09356782777E+00
+48.70000E-06 +4.85587958424E+00 -225.02512308E-03
+48.72500E-06 -5.04482431532E+00 -783.81908674E-03
+48.75000E-06 +3.18371871609E+00 +1.44331656762E+00
+48.77500E-06 -160.60302157E-03 -1.66020098701E+00
+48.80000E-06 -3.00422122117E+00 +1.12572863145E+00
+48.82500E-06 +4.98814089596E+00 -253.16582631E-03
+48.85000E-06 -5.11095497118E+00 -815.97989042E-03
+48.87500E-06 +3.20261318910E+00 +1.49557787364E+00
+48.90000E-06 -236.18091394E-03 -1.68834169025E+00
+48.92500E-06 -3.07035187703E+00 +1.14984923424E+00
+48.95000E-06 +4.93145747660E+00 -253.16582631E-03
+48.97500E-06 -5.12040220768E+00 -844.12059365E-03
+49.00000E-06 +3.20261318910E+00 +1.53175877776E+00
+49.02500E-06 -236.18091394E-03 -1.72050249392E+00
+49.05000E-06 -3.00422122117E+00 +1.14984923424E+00
+49.07500E-06 +5.00703536897E+00 -196.88441984E-03
+49.10000E-06 -5.12040220769E+00 -840.10049321E-03
+49.12500E-06 +3.20261318910E+00 +1.52371857688E+00
+49.15000E-06 -236.18091394E-03 -1.72050249392E+00
+49.17500E-06 -3.01366845767E+00 +1.15386933468E+00
+49.20000E-06 +5.00703536897E+00 -253.16582631E-03
+49.22500E-06 -5.19598010005E+00 -900.40200012E-03
+49.25000E-06 +3.27819108147E+00 +1.55989948099E+00
+49.27500E-06 -236.18091394E-03 -1.72050249392E+00
+49.30000E-06 -3.07979911353E+00 +1.15788943512E+00
+49.32500E-06 +5.01648260547E+00 -229.04522352E-03
+49.35000E-06 -5.19598010005E+00 -872.26129688E-03
+49.37500E-06 +3.27819108147E+00 +1.55989948099E+00
+49.40000E-06 -236.18091394E-03 -1.75266329760E+00
+49.42500E-06 -3.07979911353E+00 +1.18603013836E+00
+49.45000E-06 +5.09206049783E+00 -257.18592676E-03
+49.47500E-06 -5.20542733655E+00 -848.14069409E-03
+49.50000E-06 +3.34432173733E+00 +1.56793968188E+00
+49.52500E-06 -302.31156981E-03 -1.78080400083E+00
+49.55000E-06 -3.08924635003E+00 +1.21819094204E+00
+49.57500E-06 +5.08261326133E+00 -229.04522352E-03
+49.60000E-06 -5.27155799241E+00 -844.12059365E-03
+49.62500E-06 +3.33487450083E+00 +1.53979897864E+00
+49.65000E-06 -292.86433331E-03 -1.78884420171E+00
+49.67500E-06 -3.14592976939E+00 +1.21819094204E+00
+49.70000E-06 +5.08261326133E+00 -253.16582632E-03
+49.72500E-06 -5.27155799241E+00 -872.26129688E-03
+49.75000E-06 +3.33487450083E+00 +1.57195978232E+00
+49.77500E-06 -236.18091395E-03 -1.78884420171E+00
+49.80000E-06 -3.07979911353E+00 +1.22221104248E+00
+49.82500E-06 +5.14874391719E+00 -281.30652955E-03
+49.85000E-06 -5.26211075591E+00 -852.16079453E-03
+49.87500E-06 +3.34432173734E+00 +1.62824118879E+00
+49.90000E-06 -236.18091395E-03 -1.81296480451E+00
+49.92500E-06 -3.08924635002E+00 +1.24633164527E+00
+49.95000E-06 +5.14874391719E+00 -253.16582632E-03
+49.97500E-06 -5.28100522891E+00 -908.44220100E-03
+50.00000E-06 +3.35376897384E+00 +1.56793968187E+00
+50.02500E-06 -311.75880632E-03 -1.84110550774E+00
+50.05000E-06 -3.15537700589E+00 +1.24633164527E+00
+50.07500E-06 +5.15819115369E+00 -285.32662999E-03
+50.10000E-06 -5.34713588478E+00 -880.30149776E-03
+50.12500E-06 +3.27819108148E+00 +1.62824118879E+00
+50.15000E-06 -302.31156982E-03 -1.84512560819E+00
+50.17500E-06 -3.15537700588E+00 +1.21819094204E+00
+50.20000E-06 +5.02592984196E+00 -281.30652955E-03
+50.22500E-06 -5.34713588478E+00 -904.42210056E-03
+50.25000E-06 +3.34432173734E+00 +1.62824118879E+00
+50.27500E-06 -302.31156982E-03 -1.81698490495E+00
+50.30000E-06 -3.01366845766E+00 +1.25035174571E+00
+50.32500E-06 +5.09206049782E+00 -253.16582632E-03
+50.35000E-06 -5.28100522892E+00 -876.28139732E-03
+50.37500E-06 +3.34432173734E+00 +1.62824118879E+00
+50.40000E-06 -302.31156982E-03 -1.82100500539E+00
+50.42500E-06 -3.01366845765E+00 +1.22221104248E+00
+50.45000E-06 +5.08261326132E+00 -289.34673043E-03
+50.47500E-06 -5.27155799242E+00 -908.44220099E-03
+50.50000E-06 +3.34432173734E+00 +1.63226128922E+00
+50.52500E-06 -311.75880632E-03 -1.82100500539E+00
+50.55000E-06 -3.07979911352E+00 +1.25035174571E+00
+50.57500E-06 +5.14874391719E+00 -285.32663000E-03
+50.60000E-06 -5.26211075592E+00 -904.42210055E-03
+50.62500E-06 +3.27819108148E+00 +1.60412058599E+00
+50.65000E-06 -245.62815046E-03 -1.82100500539E+00
+50.67500E-06 -3.07979911352E+00 +1.25035174571E+00
+50.70000E-06 +5.07316602482E+00 -285.32663000E-03
+50.72500E-06 -5.18653286356E+00 -876.28139732E-03
+50.75000E-06 +3.27819108148E+00 +1.62824118878E+00
+50.77500E-06 -302.31156983E-03 -1.81698490495E+00
+50.80000E-06 -2.99477398465E+00 +1.27849244895E+00
+50.82500E-06 +5.00703536896E+00 -285.32663000E-03
+50.85000E-06 -5.12040220769E+00 -880.30149776E-03
+50.87500E-06 +3.26874384498E+00 +1.62824118878E+00
+50.90000E-06 -311.75880633E-03 -1.81698490495E+00
+50.92500E-06 -3.07035187701E+00 +1.25035174572E+00
+50.95000E-06 +4.93145747660E+00 -285.32663000E-03
+50.97500E-06 -5.12040220769E+00 -848.14069408E-03
+51.00000E-06 +3.26874384499E+00 +1.63226128922E+00
+51.02500E-06 -311.75880633E-03 -1.84110550775E+00
+51.05000E-06 -2.99477398465E+00 +1.24633164528E+00
+51.07500E-06 +4.93145747660E+00 -257.18592676E-03
+51.10000E-06 -5.12040220769E+00 -904.42210055E-03
+51.12500E-06 +3.26874384499E+00 +1.62824118878E+00
+51.15000E-06 -245.62815046E-03 -1.81698490495E+00
+51.17500E-06 -2.92864332878E+00 +1.25035174572E+00
+51.20000E-06 +4.85587958423E+00 -281.30652956E-03
+51.22500E-06 -5.05427155183E+00 -872.26129688E-03
+51.25000E-06 +3.20261318912E+00 +1.59608038511E+00
+51.27500E-06 -311.75880633E-03 -1.81698490495E+00
+51.30000E-06 -2.92864332878E+00 +1.25035174572E+00
+51.32500E-06 +4.85587958423E+00 -261.20602720E-03
+51.35000E-06 -4.97869365947E+00 -876.28139732E-03
+51.37500E-06 +3.19316595263E+00 +1.62422108834E+00
+51.40000E-06 -311.75880633E-03 -1.78482410127E+00
+51.42500E-06 -2.92864332878E+00 +1.19005023880E+00
+51.45000E-06 +4.77085445537E+00 -293.36683088E-03
+51.47500E-06 -4.90311576710E+00 -876.28139731E-03
+51.50000E-06 +3.19316595263E+00 +1.59608038511E+00
+51.52500E-06 -377.88946220E-03 -1.81698490495E+00
+51.55000E-06 -2.85306543642E+00 +1.19407033924E+00
+51.57500E-06 +4.70472379950E+00 -285.32663000E-03
+51.60000E-06 -4.88422129411E+00 -844.12059364E-03
+51.62500E-06 +3.11758806027E+00 +1.53979897863E+00
+51.65000E-06 -311.75880634E-03 -1.81296480451E+00
+51.67500E-06 -2.85306543642E+00 +1.24633164528E+00
+51.70000E-06 +4.69527656301E+00 -285.32663000E-03
+51.72500E-06 -4.88422129411E+00 -840.10049320E-03
+51.75000E-06 +3.04201016791E+00 +1.56793968187E+00
+51.77500E-06 -311.75880634E-03 -1.75668339804E+00
+51.80000E-06 -2.76804030755E+00 +1.21819094204E+00
+51.82500E-06 +4.55356801478E+00 -285.32663000E-03
+51.85000E-06 -4.80864340175E+00 -844.12059364E-03
+51.87500E-06 +2.97587951204E+00 +1.56391958143E+00
+51.90000E-06 -321.20604284E-03 -1.74864319716E+00
+51.92500E-06 -2.76804030755E+00 +1.21417084160E+00
+51.95000E-06 +4.54412077828E+00 -285.32663000E-03
+51.97500E-06 -4.67638209001E+00 -815.97989040E-03
+52.00000E-06 +2.90974885617E+00 +1.53577887819E+00
+52.02500E-06 -255.07538697E-03 -1.77678390040E+00
+52.05000E-06 -2.69246241519E+00 +1.18201003793E+00
+52.07500E-06 +4.41185946655E+00 -257.18592677E-03
+52.10000E-06 -4.66693485352E+00 -807.93968952E-03
+52.12500E-06 +2.90974885618E+00 +1.53175877776E+00
+52.15000E-06 -321.20604284E-03 -1.74864319716E+00
+52.17500E-06 -2.70190965168E+00 +1.18201003793E+00
+52.20000E-06 +4.33628157418E+00 -285.32663000E-03
+52.22500E-06 -4.51577906879E+00 -836.08039276E-03
+52.25000E-06 +2.84361820031E+00 +1.49557787364E+00
+52.27500E-06 -245.62815048E-03 -1.69236179069E+00
+52.30000E-06 -2.61688452282E+00 +1.15386933469E+00
+52.32500E-06 +4.26070368182E+00 -285.32663000E-03
+52.35000E-06 -4.58190972466E+00 -807.93968952E-03
+52.37500E-06 +2.82472372732E+00 +1.49155777320E+00
+52.40000E-06 -321.20604284E-03 -1.68432158981E+00
+52.42500E-06 -2.55075386696E+00 +1.12572863146E+00
+52.45000E-06 +4.25125644532E+00 -289.34673044E-03
+52.47500E-06 -4.43075393993E+00 -775.77888585E-03
+52.50000E-06 +2.82472372732E+00 +1.46743717040E+00
+52.52500E-06 -311.75880635E-03 -1.62402008290E+00
+52.55000E-06 -2.54130663046E+00 +1.09356782778E+00
+52.57500E-06 +4.10010066060E+00 -261.20602721E-03
+52.60000E-06 -4.35517604757E+00 -807.93968952E-03
+52.62500E-06 +2.74914583496E+00 +1.40713566349E+00
+52.65000E-06 -245.62815048E-03 -1.62402008290E+00
+52.67500E-06 -2.46572873809E+00 +1.14984923426E+00
+52.70000E-06 +4.09065342410E+00 -285.32663001E-03
+52.72500E-06 -4.28904539170E+00 -743.61808217E-03
+52.75000E-06 +2.73969859846E+00 +1.40311556305E+00
+52.77500E-06 -245.62815048E-03 -1.59587937966E+00
+52.80000E-06 -2.39015084573E+00 +1.08954772734E+00
+52.82500E-06 +3.93949763937E+00 -289.34673044E-03
+52.85000E-06 -4.13788960698E+00 -747.63818261E-03
+52.87500E-06 +2.66412070610E+00 +1.37497485981E+00
+52.90000E-06 -245.62815048E-03 -1.56371857598E+00
+52.92500E-06 -2.38070360923E+00 +1.08954772734E+00
+52.95000E-06 +3.87336698351E+00 -261.20602721E-03
+52.97500E-06 -4.06231171462E+00 -715.47737893E-03
+53.00000E-06 +2.53185939437E+00 +1.36693465894E+00
+53.02500E-06 -245.62815049E-03 -1.55567837511E+00
+53.05000E-06 -2.30512571687E+00 +1.05336682323E+00
+53.07500E-06 +3.72221119878E+00 -229.04522353E-03
+53.10000E-06 -3.98673382225E+00 -715.47737893E-03
+53.12500E-06 +2.53185939437E+00 +1.30663315202E+00
+53.15000E-06 -255.07538698E-03 -1.52351757143E+00
+53.17500E-06 -2.22954782451E+00 +1.05336682323E+00
+53.20000E-06 +3.64663330642E+00 -257.18592677E-03
+53.22500E-06 -3.84502527402E+00 -707.43717805E-03
+53.25000E-06 +2.45628150201E+00 +1.29859295115E+00
+53.27500E-06 -255.07538698E-03 -1.49537686820E+00
+53.30000E-06 -2.15396993214E+00 +1.02120601956E+00
+53.32500E-06 +3.57105541405E+00 -285.32663001E-03
+53.35000E-06 -3.76944738166E+00 -707.43717805E-03
+53.37500E-06 +2.38070360964E+00 +1.27045224791E+00
+53.40000E-06 -255.07538698E-03 -1.46321606452E+00
+53.42500E-06 -2.08783927627E+00 +968.94471352E-03
+53.45000E-06 +3.48603028519E+00 -233.06532397E-03
+53.47500E-06 -3.61829159693E+00 -647.13567114E-03
+53.50000E-06 +2.37125637315E+00 +1.24231154467E+00
+53.52500E-06 -255.07538698E-03 -1.39889445717E+00
+53.55000E-06 -2.00281414741E+00 +964.92461308E-03
+53.57500E-06 +3.41989962933E+00 -261.20602721E-03
+53.60000E-06 -3.59939712395E+00 -647.13567114E-03
+53.62500E-06 +2.29567848079E+00 +1.18603013820E+00
+53.65000E-06 -255.07538699E-03 -1.40291455761E+00
+53.67500E-06 -1.99336691092E+00 +960.90451264E-03
+53.70000E-06 +3.26874384460E+00 -229.04522353E-03
+53.72500E-06 -3.53326646808E+00 -647.13567114E-03
+53.75000E-06 +2.15396993256E+00 +1.17798993732E+00
+53.77500E-06 -255.07538699E-03 -1.33859295025E+00
+53.80000E-06 -1.92723625505E+00 +932.76380940E-03
+53.82500E-06 +3.18371871574E+00 -257.18592677E-03
+53.85000E-06 -3.38211068335E+00 -614.97486746E-03
+53.87500E-06 +2.08783927669E+00 +1.14180903321E+00
+53.90000E-06 -188.94473112E-03 -1.33457284982E+00
+53.92500E-06 -1.85165836269E+00 +960.90451264E-03
+53.95000E-06 +3.10814082338E+00 -257.18592677E-03
+53.97500E-06 -3.31598002748E+00 -610.95476703E-03
+54.00000E-06 +2.01226138433E+00 +1.11768843041E+00
+54.02500E-06 -188.94473112E-03 -1.33055274938E+00
+54.05000E-06 -1.78552770681E+00 +868.44220205E-03
+54.07500E-06 +2.96643227514E+00 -229.04522353E-03
+54.10000E-06 -3.16482424276E+00 -578.79396335E-03
+54.12500E-06 +1.93668349196E+00 +1.10964822953E+00
+54.15000E-06 -264.52262348E-03 -1.24211053923E+00
+54.17500E-06 -1.70050257796E+00 +840.30149882E-03
+54.20000E-06 +2.81527649042E+00 -229.04522354E-03
+54.22500E-06 -3.02311569452E+00 -606.93466659E-03
+54.25000E-06 +1.86110559960E+00 +1.04532662218E+00
+54.27500E-06 -198.39196761E-03 -1.20592963512E+00
+54.30000E-06 -1.70050257796E+00 +836.28139838E-03
+54.32500E-06 +2.74914583455E+00 -196.88441986E-03
+54.35000E-06 -2.94753780216E+00 -546.63315967E-03
+54.37500E-06 +1.79497494373E+00 +1.01718591894E+00
+54.40000E-06 -198.39196761E-03 -1.20190953468E+00
+54.42500E-06 -1.61547744910E+00 +779.99999190E-03
+54.45000E-06 +2.66412070569E+00 -200.90452030E-03
+54.47500E-06 -2.86251267330E+00 -546.63315967E-03
+54.50000E-06 +1.85165836311E+00 +1.01316581850E+00
+54.52500E-06 -198.39196761E-03 -1.11748742496E+00
+54.55000E-06 -1.62492468559E+00 +775.97989147E-03
+54.57500E-06 +2.57909557684E+00 -200.90452030E-03
+54.60000E-06 -2.77748754445E+00 -514.47235600E-03
+54.62500E-06 +1.78552770724E+00 +924.72360835E-03
+54.65000E-06 -264.52262349E-03 -1.14562812820E+00
+54.67500E-06 -1.53989955674E+00 +739.79898735E-03
+54.70000E-06 +2.51296492096E+00 -200.90452030E-03
+54.72500E-06 -2.70190965209E+00 -510.45225556E-03
+54.75000E-06 +1.63437192251E+00 +920.70350791E-03
+54.77500E-06 -255.07538700E-03 -1.08130652085E+00
+54.80000E-06 -1.53045232024E+00 +743.81908779E-03
+54.82500E-06 +2.42793979211E+00 -229.04522354E-03
+54.85000E-06 -2.56020110385E+00 -482.31155232E-03
+54.87500E-06 +1.62492468602E+00 +916.68340748E-03
+54.90000E-06 -198.39196762E-03 -1.04512561674E+00
+54.92500E-06 -1.38874377201E+00 +707.63818368E-03
+54.95000E-06 +2.35236189975E+00 -200.90452030E-03
+54.97500E-06 -2.49407044798E+00 -454.17084908E-03
+55.00000E-06 +1.55879403015E+00 +856.38190056E-03
+55.02500E-06 -198.39196762E-03 -1.01296481306E+00
+55.05000E-06 -1.38874377201E+00 +651.35677720E-03
+55.07500E-06 +2.27678400738E+00 -168.74371662E-03
+55.10000E-06 -2.34291466326E+00 -478.29145188E-03
+55.12500E-06 +1.48321613779E+00 +848.34169969E-03
+55.15000E-06 -132.26131175E-03 -952.66330615E-03
+55.17500E-06 -1.31316587964E+00 +675.47738000E-03
+55.20000E-06 +2.12562822266E+00 -196.88441986E-03
+55.22500E-06 -2.26733677089E+00 -446.13064821E-03
+55.25000E-06 +1.41708548192E+00 +788.04019277E-03
+55.27500E-06 -198.39196762E-03 -952.66330615E-03
+55.30000E-06 -1.23758798728E+00 +647.33667676E-03
+55.32500E-06 +2.05005033029E+00 -200.90452030E-03
+55.35000E-06 -2.25788953440E+00 -417.98994497E-03
+55.37500E-06 +1.40763824543E+00 +759.89948953E-03
+55.40000E-06 -198.39196762E-03 -920.50250247E-03
+55.42500E-06 -1.22814075079E+00 +587.03516985E-03
+55.45000E-06 +1.97447243793E+00 -200.90452030E-03
+55.47500E-06 -2.10673374968E+00 -413.96984453E-03
+55.50000E-06 +1.26592969719E+00 +755.87938910E-03
+55.52500E-06 -198.39196762E-03 -856.18089512E-03
+55.55000E-06 -1.16201009492E+00 +587.03516985E-03
+55.57500E-06 +1.89889454557E+00 -168.74371662E-03
+55.60000E-06 -2.09728651319E+00 -413.96984453E-03
+55.62500E-06 +1.19035180483E+00 +695.57788218E-03
+55.65000E-06 -188.94473113E-03 -856.18089512E-03
+55.67500E-06 -1.07698496606E+00 +554.87436617E-03
+55.70000E-06 +1.74773876084E+00 -136.58291295E-03
+55.72500E-06 -1.95557796495E+00 -381.80904086E-03
+55.75000E-06 +1.19035180483E+00 +691.55778175E-03
+55.77500E-06 -132.26131175E-03 -791.85928777E-03
+55.80000E-06 -1.00140707370E+00 +550.85426574E-03
+55.82500E-06 +1.73829152435E+00 -168.74371662E-03
+55.85000E-06 -1.88000007259E+00 -385.82914129E-03
+55.87500E-06 +1.12422114896E+00 +659.39697807E-03
+55.90000E-06 -132.26131175E-03 -787.83918733E-03
+55.92500E-06 -1.06753772957E+00 +518.69346206E-03
+55.95000E-06 +1.66271363199E+00 -168.74371662E-03
+55.97500E-06 -1.80442218022E+00 -349.64823718E-03
+56.00000E-06 +1.10532667598E+00 +627.23617440E-03
+56.02500E-06 -132.26131175E-03 -783.81908690E-03
+56.05000E-06 -991.95983721E-03 +514.67336163E-03
+56.07500E-06 +1.58713573962E+00 -140.60301338E-03
+56.10000E-06 -1.72884428786E+00 -345.62813674E-03
+56.12500E-06 +973.06536423E-03 +595.07537072E-03
+56.15000E-06 -66.13065587E-03 -723.51757998E-03
+56.17500E-06 -925.82918133E-03 +458.39195515E-03
+56.20000E-06 +1.44542719139E+00 -140.60301338E-03
+56.22500E-06 -1.65326639550E+00 -377.78894042E-03
+56.25000E-06 +963.61812774E-03 +587.03516985E-03
+56.27500E-06 -132.26131175E-03 -695.37687674E-03
+56.30000E-06 -925.82918133E-03 +462.41205558E-03
+56.32500E-06 +1.43597995490E+00 -140.60301339E-03
+56.35000E-06 -1.52100508375E+00 -345.62813674E-03
+56.37500E-06 +954.17089126E-03 +530.75376337E-03
+56.40000E-06 -132.26131175E-03 -659.19597263E-03
+56.42500E-06 -850.25128897E-03 +426.23115147E-03
+56.45000E-06 +1.36984929902E+00 -144.62311382E-03
+56.47500E-06 -1.43597995490E+00 -285.32662983E-03
+56.50000E-06 +888.04023538E-03 +530.75376337E-03
+56.52500E-06 -207.83920411E-03 -627.03516896E-03
+56.55000E-06 -840.80405248E-03 +398.09044823E-03
+56.57500E-06 +1.28482417017E+00 -140.60301339E-03
+56.60000E-06 -1.41708548192E+00 -285.32662983E-03
+56.62500E-06 +821.90957951E-03 +470.45225645E-03
+56.65000E-06 -132.26131175E-03 -631.05526939E-03
+56.67500E-06 -774.67339661E-03 +390.05024736E-03
+56.70000E-06 +1.14311562193E+00 -84.32160690E-03
+56.72500E-06 -1.28482417017E+00 -257.18592659E-03
+56.75000E-06 +755.77892363E-03 +466.43215602E-03
+56.77500E-06 -132.26131175E-03 -570.75376247E-03
+56.80000E-06 -699.09550424E-03 +361.90954412E-03
+56.82500E-06 +1.13366838545E+00 -136.58291295E-03
+56.85000E-06 -1.28482417017E+00 -257.18592659E-03
+56.87500E-06 +746.33168714E-03 +462.41205558E-03
+56.90000E-06 -132.26131175E-03 -534.57285836E-03
+56.92500E-06 -689.64826776E-03 +390.05024736E-03
+56.95000E-06 +1.06753772957E+00 -136.58291295E-03
+56.97500E-06 -1.19979904132E+00 -249.14572572E-03
+57.00000E-06 +746.33168714E-03 +430.25125191E-03
+57.02500E-06 -141.70854824E-03 -530.55275793E-03
+57.05000E-06 -689.64826775E-03 +329.74874044E-03
+57.07500E-06 +991.95983721E-03 -112.46231015E-03
+57.10000E-06 -1.12422114896E+00 -216.98492204E-03
+57.12500E-06 +670.75379478E-03 +398.09044823E-03
+57.15000E-06 -75.57789236E-03 -502.41205469E-03
+57.17500E-06 -547.93971952E-03 +329.74874044E-03
+57.20000E-06 +982.51260072E-03 -112.46231015E-03
+57.22500E-06 -1.06753772957E+00 -245.12562528E-03
+57.25000E-06 +595.17590242E-03 +365.92964455E-03
+57.27500E-06 -66.13065588E-03 -470.25125101E-03
+57.30000E-06 -614.07037539E-03 +325.72864001E-03
+57.32500E-06 +916.38194484E-03 -108.44220971E-03
+57.35000E-06 -991.95983721E-03 -212.96482161E-03
+57.37500E-06 +595.17590242E-03 +369.94974499E-03
+57.40000E-06 -141.70854824E-03 -438.09044734E-03
+57.42500E-06 -614.07037539E-03 +297.58793677E-03
+57.45000E-06 +840.80405248E-03 -112.46231015E-03
+57.47500E-06 -982.51260072E-03 -216.98492204E-03
+57.50000E-06 +585.72866593E-03 +341.80904175E-03
+57.52500E-06 -132.26131175E-03 -409.94974410E-03
+57.55000E-06 -472.36182715E-03 +265.42713309E-03
+57.57500E-06 +831.35681599E-03 -112.46231015E-03
+57.60000E-06 -906.93470836E-03 -184.82411837E-03
+57.62500E-06 +519.59801006E-03 +305.62813764E-03
+57.65000E-06 -132.26131175E-03 -377.78894042E-03
+57.67500E-06 -472.36182715E-03 +237.28642985E-03
+57.70000E-06 +689.64826775E-03 -80.30150647E-03
+57.72500E-06 -897.48747187E-03 -184.82411837E-03
+57.75000E-06 +444.02011769E-03 +301.60803720E-03
+57.77500E-06 -66.13065588E-03 -405.92964366E-03
+57.80000E-06 -462.91459066E-03 +233.26632942E-03
+57.82500E-06 +689.64826775E-03 -108.44220971E-03
+57.85000E-06 -755.77892363E-03 -156.68341512E-03
+57.87500E-06 +519.59801006E-03 +273.46733396E-03
+57.90000E-06 -66.13065588E-03 -373.76883999E-03
+57.92500E-06 -519.59801006E-03 +205.12562618E-03
+57.95000E-06 +689.64826775E-03 -108.44220971E-03
+57.97500E-06 -755.77892363E-03 -152.66331469E-03
+58.00000E-06 +453.46735418E-03 +273.46733396E-03
+58.02500E-06 -66.13065588E-03 -369.74873955E-03
+58.05000E-06 -453.46735418E-03 +201.10552574E-03
+58.07500E-06 +604.62313890E-03 -80.30150647E-03
+58.10000E-06 -680.20103127E-03 -148.64321426E-03
+58.12500E-06 +368.44222533E-03 +273.46733396E-03
+58.15000E-06 -66.13065588E-03 -337.58793588E-03
+58.17500E-06 -387.33669830E-03 +201.10552574E-03
+58.20000E-06 +538.49248303E-03 -80.30150647E-03
+58.22500E-06 -680.20103127E-03 -180.80401793E-03
+58.25000E-06 +368.44222533E-03 +265.42713309E-03
+58.27500E-06 -66.13065588E-03 -309.44723263E-03
+58.30000E-06 -377.88946182E-03 +201.10552574E-03
+58.32500E-06 +538.49248303E-03 -112.46231015E-03
+58.35000E-06 -604.62313890E-03 -176.78391750E-03
+58.37500E-06 +368.44222533E-03 +233.26632942E-03
+58.40000E-06 -75.57789236E-03 -337.58793588E-03
+58.42500E-06 -321.20604242E-03 +140.80401883E-03
+58.45000E-06 +529.04524654E-03 -84.32160690E-03
+58.47500E-06 -595.17590242E-03 -120.50251101E-03
+58.50000E-06 +292.86433297E-03 +237.28642985E-03
+58.52500E-06 -75.57789236E-03 -249.14572572E-03
+58.55000E-06 -311.75880594E-03 +168.94472207E-03
+58.57500E-06 +519.59801006E-03 -56.18090366E-03
+58.60000E-06 -585.72866594E-03 -144.62311382E-03
+58.62500E-06 +292.86433297E-03 +148.84421969E-03
+58.65000E-06 -75.57789236E-03 -249.14572572E-03
+58.67500E-06 -311.75880594E-03 +140.80401883E-03
+58.70000E-06 +453.46735418E-03 -80.30150647E-03
+58.72500E-06 -529.04524654E-03 -116.48241058E-03
+58.75000E-06 +226.73367709E-03 +176.98492293E-03
+58.77500E-06 -75.57789236E-03 -245.12562528E-03
+58.80000E-06 -311.75880594E-03 +140.80401883E-03
+58.82500E-06 +444.02011769E-03 -80.30150647E-03
+58.85000E-06 -453.46735418E-03 -88.34170734E-03
+58.87500E-06 +217.28644061E-03 +144.82411926E-03
+58.90000E-06 -75.57789236E-03 -245.12562528E-03
+58.92500E-06 -311.75880594E-03 +112.66331558E-03
+58.95000E-06 +377.88946182E-03 -52.16080323E-03
+58.97500E-06 -453.46735418E-03 -92.36180777E-03
+59.00000E-06 +283.41709649E-03 +148.84421969E-03
+59.02500E-06 -66.13065588E-03 -245.12562528E-03
+59.05000E-06 -302.31156945E-03 +136.78391839E-03
+59.07500E-06 +311.75880594E-03 -48.14070280E-03
+59.10000E-06 -453.46735418E-03 -88.34170734E-03
+59.12500E-06 +226.73367709E-03 +140.80401883E-03
+59.15000E-06 -66.13065588E-03 -212.96482161E-03
+59.17500E-06 -236.18091357E-03 +104.62311472E-03
+59.20000E-06 +302.31156945E-03 -52.16080323E-03
+59.22500E-06 -453.46735418E-03 -88.34170734E-03
+59.25000E-06 +151.15578473E-03 +136.78391839E-03
+59.27500E-06 -66.13065588E-03 -184.82411836E-03
+59.30000E-06 -226.73367709E-03 +108.64321515E-03
+59.32500E-06 +236.18091357E-03 -52.16080323E-03
+59.35000E-06 -453.46735418E-03 -88.34170734E-03
+59.37500E-06 +151.15578473E-03 +136.78391839E-03
+59.40000E-06 -66.13065588E-03 -180.80401793E-03
+59.42500E-06 -226.73367709E-03 +108.64321515E-03
+59.45000E-06 +226.73367709E-03 -52.16080323E-03
+59.47500E-06 -368.44222533E-03 -84.32160690E-03
+59.50000E-06 +151.15578473E-03 +112.66331558E-03
+59.52500E-06 -75.57789236E-03 -176.78391750E-03
+59.55000E-06 -160.60302121E-03 +76.48241147E-03
+59.57500E-06 +226.73367709E-03 -52.16080323E-03
+59.60000E-06 -311.75880593E-03 -84.32160690E-03
+59.62500E-06 +151.15578473E-03 +104.62311472E-03
+59.65000E-06 -66.13065588E-03 -180.80401793E-03
+59.67500E-06 -226.73367709E-03 +104.62311472E-03
+59.70000E-06 +236.18091357E-03 -48.14070280E-03
+59.72500E-06 -302.31156945E-03 -84.32160690E-03
+59.75000E-06 +141.70854824E-03 +108.64321515E-03
+59.77500E-06 -66.13065588E-03 -120.50251101E-03
+59.80000E-06 -226.73367709E-03 +76.48241147E-03
+59.82500E-06 +217.28644061E-03 -76.28140604E-03
+59.85000E-06 -302.31156945E-03 -84.32160690E-03
+59.87500E-06 +151.15578473E-03 +76.48241147E-03
+59.90000E-06 -75.57789236E-03 -116.48241058E-03
+59.92500E-06 -151.15578473E-03 +48.34170823E-03
+59.95000E-06 +226.73367709E-03 -80.30150647E-03
+59.97500E-06 -236.18091357E-03 -56.18090366E-03
+60.00000E-06 +141.70854824E-03 +76.48241147E-03
+60.02500E-06 -66.13065588E-03 -176.78391750E-03
+60.05000E-06 -141.70854824E-03 +44.32160780E-03
+60.07500E-06 +217.28644061E-03 -52.16080323E-03
+60.10000E-06 -226.73367709E-03 -56.18090366E-03
+60.12500E-06 +75.57789236E-03 +76.48241147E-03
+60.15000E-06 -9.44723648E-03 -144.62311382E-03
+60.17500E-06 -160.60302121E-03 +48.34170823E-03
+60.20000E-06 +151.15578473E-03 -48.14070280E-03
+60.22500E-06 -160.60302121E-03 -80.30150647E-03
+60.25000E-06 +141.70854825E-03 +44.32160780E-03
+60.27500E-06 +0.0E+00 -120.50251101E-03
+60.30000E-06 -94.47236533E-03 +48.34170823E-03
+60.32500E-06 +85.02512884E-03 -52.16080323E-03
+60.35000E-06 -226.73367709E-03 -80.30150647E-03
+60.37500E-06 +75.57789236E-03 +44.32160780E-03
+60.40000E-06 -66.13065588E-03 -116.48241058E-03
+60.42500E-06 -94.47236532E-03 +12.16080412E-03
+60.45000E-06 +160.60302121E-03 -52.16080323E-03
+60.47500E-06 -226.73367709E-03 -52.16080323E-03
+60.50000E-06 +75.57789236E-03 +76.48241147E-03
+60.52500E-06 -75.57789236E-03 -112.46231015E-03
+60.55000E-06 -151.15578473E-03 +44.32160780E-03
+60.57500E-06 +141.70854825E-03 -24.02009998E-03
+60.60000E-06 -160.60302121E-03 -56.18090366E-03
+60.62500E-06 +66.13065588E-03 +16.18090455E-03
+60.65000E-06 -85.02512884E-03 -120.50251101E-03
+60.67500E-06 -75.57789236E-03 +40.30150737E-03
+60.70000E-06 +85.02512884E-03 -19.99999955E-03
+60.72500E-06 -217.28644061E-03 -52.16080323E-03
+60.75000E-06 +0.0E+00 +44.32160780E-03
+60.77500E-06 -66.13065588E-03 -84.32160690E-03
+60.80000E-06 -75.57789236E-03 +44.32160780E-03
+60.82500E-06 +75.57789236E-03 -48.14070280E-03
+60.85000E-06 -151.15578473E-03 -56.18090366E-03
+60.87500E-06 +0.0E+00 +44.32160780E-03
+60.90000E-06 -66.13065588E-03 -84.32160690E-03
+60.92500E-06 -151.15578473E-03 +44.32160780E-03
+60.95000E-06 +9.44723648E-03 -48.14070280E-03
+60.97500E-06 -151.15578473E-03 -24.02009998E-03
+61.00000E-06 +9.44723648E-03 +12.16080412E-03
+61.02500E-06 -75.57789236E-03 -84.32160690E-03
+61.05000E-06 -85.02512884E-03 +12.16080412E-03
+61.07500E-06 +9.44723648E-03 -24.02009998E-03
+61.10000E-06 -151.15578473E-03 -24.02009998E-03
+61.12500E-06 +66.13065588E-03 +44.32160780E-03
+61.15000E-06 +0.0E+00 -80.30150647E-03
+61.17500E-06 -66.13065588E-03 +12.16080412E-03
+61.20000E-06 +75.57789236E-03 +8.14070369E-03
+61.22500E-06 -151.15578473E-03 -80.30150647E-03
+61.25000E-06 +0.0E+00 +12.16080412E-03
+61.27500E-06 -75.57789236E-03 -52.16080323E-03
+61.30000E-06 -75.57789236E-03 +40.30150737E-03
+61.32500E-06 +9.44723648E-03 -19.99999955E-03
+61.35000E-06 -85.02512884E-03 -48.14070280E-03
+61.37500E-06 +0.0E+00 +44.32160780E-03
+61.40000E-06 -75.57789236E-03 -80.30150647E-03
+61.42500E-06 -85.02512884E-03 -48.14070280E-03
+61.45000E-06 +75.57789236E-03 -28.04020042E-03
+61.47500E-06 -151.15578473E-03 -56.18090366E-03
+61.50000E-06 +0.0E+00 +12.16080412E-03
+61.52500E-06 -9.44723648E-03 -56.18090366E-03
+61.55000E-06 -9.44723648E-03 -19.99999955E-03
+61.57500E-06 +0.0E+00 -24.02009998E-03
+61.60000E-06 -141.70854825E-03 -24.02009998E-03
+61.62500E-06 +0.0E+00 -44.12060237E-03
+61.65000E-06 -66.13065588E-03 -56.18090366E-03
+61.67500E-06 -75.57789236E-03 +12.16080412E-03
+61.70000E-06 +0.0E+00 -19.99999955E-03
+61.72500E-06 -141.70854825E-03 -48.14070280E-03
+61.75000E-06 -9.44723648E-03 +16.18090455E-03
+61.77500E-06 -66.13065588E-03 -28.04020042E-03
+61.80000E-06 -66.13065588E-03 +12.16080412E-03
+61.82500E-06 +66.13065588E-03 -48.14070280E-03
+61.85000E-06 -75.57789236E-03 -52.16080323E-03
+61.87500E-06 -66.13065588E-03 +12.16080412E-03
+61.90000E-06 -75.57789236E-03 -56.18090366E-03
+61.92500E-06 -75.57789236E-03 -15.97989912E-03
+61.95000E-06 +0.0E+00 -19.99999955E-03
+61.97500E-06 -75.57789236E-03 -24.02009998E-03
+62.00000E-06 -75.57789236E-03 -15.97989912E-03
+62.02500E-06 -9.44723648E-03 -52.16080323E-03
+62.05000E-06 -75.57789236E-03 -19.99999955E-03
+62.07500E-06 +9.44723648E-03 +8.14070369E-03
+62.10000E-06 -75.57789236E-03 -19.99999955E-03
+62.12500E-06 +0.0E+00 +12.16080412E-03
+62.15000E-06 -9.44723648E-03 -80.30150647E-03
+62.17500E-06 -75.57789236E-03 +12.16080412E-03
+62.20000E-06 -75.57789236E-03 -19.99999955E-03
+62.22500E-06 -75.57789236E-03 -52.16080323E-03
+62.25000E-06 +0.0E+00 -19.99999955E-03
+62.27500E-06 -75.57789236E-03 -24.02009998E-03
+62.30000E-06 -66.13065589E-03 +12.16080412E-03
+62.32500E-06 +66.13065589E-03 -48.14070280E-03
+62.35000E-06 -85.02512884E-03 -19.99999955E-03
+62.37500E-06 -66.13065589E-03 -19.99999955E-03
+62.40000E-06 -66.13065589E-03 -52.16080323E-03
+62.42500E-06 -9.44723648E-03 -48.14070280E-03
+62.45000E-06 +0.0E+00 -24.02009998E-03
+62.47500E-06 -75.57789236E-03 -19.99999955E-03
+62.50000E-06 -9.44723648E-03 +8.14070369E-03
+62.52500E-06 +0.0E+00 -52.16080323E-03
+62.55000E-06 -9.44723648E-03 -19.99999955E-03
+62.57500E-06 +0.0E+00 -52.16080323E-03
+62.60000E-06 -141.70854825E-03 -19.99999955E-03
+62.62500E-06 -75.57789236E-03 -15.97989912E-03
+62.65000E-06 -75.57789236E-03 -56.18090366E-03
+62.67500E-06 -75.57789236E-03 -19.99999955E-03
+62.70000E-06 +0.0E+00 -15.97989912E-03
+62.72500E-06 -75.57789236E-03 -19.99999955E-03
+62.75000E-06 -75.57789236E-03 -19.99999955E-03
+62.77500E-06 -66.13065589E-03 -24.02009998E-03
+62.80000E-06 -75.57789236E-03 +12.16080412E-03
+62.82500E-06 -9.44723648E-03 -48.14070280E-03
+62.85000E-06 -66.13065589E-03 -24.02009998E-03
+62.87500E-06 -75.57789236E-03 -15.97989912E-03
+62.90000E-06 +0.0E+00 -24.02009998E-03
+62.92500E-06 -141.70854825E-03 -15.97989912E-03
+62.95000E-06 +0.0E+00 -44.12060237E-03
+62.97500E-06 -75.57789236E-03 -19.99999955E-03
+63.00000E-06 -75.57789236E-03 +12.16080412E-03
+63.02500E-06 -9.44723648E-03 -80.30150647E-03
+63.05000E-06 -66.13065589E-03 -24.02009998E-03
+63.07500E-06 +56.68341941E-03 -52.16080323E-03
+63.10000E-06 -75.57789236E-03 -52.16080323E-03
+63.12500E-06 -9.44723648E-03 -15.97989912E-03
+63.15000E-06 -18.89447295E-03 -52.16080323E-03
+63.17500E-06 +0.0E+00 -19.99999955E-03
+63.20000E-06 +0.0E+00 -19.99999955E-03
+63.22500E-06 -75.57789236E-03 -48.14070280E-03
+63.25000E-06 +0.0E+00 -24.02009998E-03
+63.27500E-06 +0.0E+00 -19.99999955E-03
+63.30000E-06 -75.57789236E-03 -19.99999955E-03
+63.32500E-06 -9.44723648E-03 -15.97989912E-03
+63.35000E-06 -9.44723648E-03 -52.16080323E-03
+63.37500E-06 +0.0E+00 -19.99999955E-03
+63.40000E-06 -66.13065589E-03 -19.99999955E-03
+63.42500E-06 +0.0E+00 -19.99999955E-03
+63.45000E-06 -66.13065589E-03 -24.02009998E-03
+63.47500E-06 -75.57789236E-03 -19.99999955E-03
+63.50000E-06 -9.44723648E-03 -19.99999955E-03
+63.52500E-06 +0.0E+00 -19.99999955E-03
+63.55000E-06 -9.44723648E-03 -19.99999955E-03
+63.57500E-06 -9.44723648E-03 -24.02009998E-03
+63.60000E-06 -75.57789236E-03 -15.97989912E-03
+63.62500E-06 -85.02512884E-03 -19.99999955E-03
+63.65000E-06 -9.44723648E-03 -24.02009998E-03
+63.67500E-06 -66.13065589E-03 -19.99999955E-03
+63.70000E-06 +0.0E+00 -19.99999955E-03
+63.72500E-06 -9.44723647E-03 -19.99999955E-03
+63.75000E-06 +0.0E+00 -48.14070280E-03
+63.77500E-06 -75.57789236E-03 -52.16080323E-03
+63.80000E-06 -75.57789236E-03 -19.99999955E-03
+63.82500E-06 -9.44723647E-03 -48.14070280E-03
+63.85000E-06 -75.57789236E-03 -24.02009998E-03
+63.87500E-06 -66.13065589E-03 +8.14070369E-03
+63.90000E-06 -75.57789236E-03 -19.99999955E-03
+63.92500E-06 -9.44723647E-03 -19.99999955E-03
+63.95000E-06 +0.0E+00 -19.99999955E-03
+63.97500E-06 -75.57789236E-03 -19.99999955E-03
+64.00000E-06 -66.13065589E-03 -19.99999955E-03
+64.02500E-06 -9.44723647E-03 -52.16080323E-03
+64.05000E-06 -9.44723647E-03 -19.99999955E-03
+64.07500E-06 -66.13065589E-03 -24.02009998E-03
+64.10000E-06 -66.13065589E-03 -19.99999955E-03
+64.12500E-06 -75.57789236E-03 +8.14070369E-03
+64.15000E-06 -75.57789236E-03 -48.14070280E-03
+64.17500E-06 -66.13065589E-03 -19.99999955E-03
+64.20000E-06 -66.13065589E-03 -19.99999955E-03
+64.22500E-06 -9.44723647E-03 -19.99999955E-03
+64.25000E-06 +0.0E+00 -19.99999955E-03
+64.27500E-06 -9.44723647E-03 -19.99999955E-03
+64.30000E-06 -75.57789236E-03 -19.99999955E-03
+64.32500E-06 -75.57789236E-03 -19.99999955E-03
+64.35000E-06 -66.13065589E-03 +8.14070369E-03
+64.37500E-06 -75.57789236E-03 -19.99999955E-03
+64.40000E-06 -9.44723647E-03 -19.99999955E-03
+64.42500E-06 -9.44723647E-03 -52.16080323E-03
+64.45000E-06 +0.0E+00 -19.99999955E-03
+64.47500E-06 +0.0E+00 -19.99999955E-03
+64.50000E-06 -75.57789236E-03 -15.97989912E-03
+64.52500E-06 +0.0E+00 -19.99999955E-03
+64.55000E-06 -66.13065589E-03 -19.99999955E-03
+64.57500E-06 +0.0E+00 -24.02009998E-03
+64.60000E-06 -75.57789236E-03 -48.14070280E-03
+64.62500E-06 -9.44723647E-03 -44.12060237E-03
+64.65000E-06 +0.0E+00 -24.02009998E-03
+64.67500E-06 -66.13065589E-03 -19.99999955E-03
+64.70000E-06 -66.13065589E-03 -19.99999955E-03
+64.72500E-06 -75.57789236E-03 -48.14070280E-03
+64.75000E-06 +0.0E+00 -15.97989912E-03
+64.77500E-06 -75.57789236E-03 -19.99999955E-03
+64.80000E-06 -9.44723647E-03 -19.99999955E-03
+64.82500E-06 -9.44723647E-03 -19.99999955E-03
+64.85000E-06 -9.44723647E-03 -24.02009998E-03
+64.87500E-06 -66.13065589E-03 -24.02009998E-03
+64.90000E-06 -9.44723647E-03 -19.99999955E-03
+64.92500E-06 -75.57789236E-03 -15.97989912E-03
+64.95000E-06 -75.57789236E-03 -19.99999955E-03
+64.97500E-06 -75.57789236E-03 -19.99999955E-03
+65.00000E-06 -141.70854825E-03 -19.99999955E-03
+65.02500E-06 -9.44723647E-03 -76.28140605E-03
+65.05000E-06 +0.0E+00 -19.99999955E-03
+65.07500E-06 -75.57789236E-03 -24.02009998E-03
+65.10000E-06 -9.44723647E-03 -15.97989912E-03
+65.12500E-06 -9.44723647E-03 -44.12060237E-03
+65.15000E-06 +0.0E+00 -19.99999955E-03
+65.17500E-06 -75.57789236E-03 +8.14070369E-03
+65.20000E-06 -75.57789236E-03 -19.99999955E-03
+65.22500E-06 -75.57789236E-03 -19.99999955E-03
+65.25000E-06 +0.0E+00 -24.02009998E-03
+65.27500E-06 -75.57789236E-03 -24.02009998E-03
+65.30000E-06 -75.57789236E-03 -44.12060237E-03
+65.32500E-06 -75.57789236E-03 +4.12060327E-03
+65.35000E-06 -75.57789236E-03 -15.97989912E-03
+65.37500E-06 -66.13065589E-03 +8.14070369E-03
+65.40000E-06 -141.70854825E-03 -48.14070280E-03
+65.42500E-06 -9.44723647E-03 -48.14070280E-03
+65.45000E-06 +0.0E+00 -48.14070280E-03
+65.47500E-06 -75.57789236E-03 -19.99999955E-03
+65.50000E-06 -9.44723647E-03 +8.14070369E-03
+65.52500E-06 -75.57789236E-03 -19.99999955E-03
+65.55000E-06 -75.57789236E-03 -48.14070280E-03
+65.57500E-06 -75.57789236E-03 -24.02009998E-03
+65.60000E-06 -66.13065589E-03 -19.99999955E-03
+65.62500E-06 -9.44723647E-03 -48.14070280E-03
+65.65000E-06 +0.0E+00 -52.16080323E-03
+65.67500E-06 +0.0E+00 +8.14070369E-03
+65.70000E-06 -75.57789236E-03 +12.16080412E-03
+65.72500E-06 -9.44723647E-03 -19.99999955E-03
+65.75000E-06 -9.44723647E-03 -19.99999955E-03
+65.77500E-06 -75.57789236E-03 -52.16080323E-03
+65.80000E-06 -75.57789236E-03 -19.99999955E-03
+65.82500E-06 -75.57789236E-03 -48.14070280E-03
+65.85000E-06 +0.0E+00 -52.16080323E-03
+65.87500E-06 -66.13065589E-03 -15.97989913E-03
+65.90000E-06 -66.13065589E-03 -19.99999955E-03
+65.92500E-06 -141.70854825E-03 -19.99999955E-03
+65.95000E-06 +66.13065589E-03 -48.14070280E-03
+65.97500E-06 +0.0E+00 -24.02009998E-03
+66.00000E-06 -75.57789236E-03 -19.99999955E-03
+66.02500E-06 +0.0E+00 -76.28140605E-03
+66.05000E-06 -66.13065589E-03 -24.02009998E-03
+66.07500E-06 -9.44723647E-03 +12.16080412E-03
+66.10000E-06 -66.13065589E-03 -19.99999955E-03
+66.12500E-06 -66.13065589E-03 -44.12060237E-03
+66.15000E-06 -9.44723647E-03 -48.14070280E-03
+66.17500E-06 -9.44723647E-03 -19.99999955E-03
+66.20000E-06 +0.0E+00 -19.99999955E-03
+66.22500E-06 -9.44723647E-03 -48.14070280E-03
+66.25000E-06 -9.44723647E-03 -19.99999955E-03
+66.27500E-06 +0.0E+00 -19.99999955E-03
+66.30000E-06 -66.13065589E-03 -19.99999955E-03
+66.32500E-06 -66.13065589E-03 -19.99999955E-03
+66.35000E-06 -85.02512883E-03 -19.99999955E-03
+66.37500E-06 -75.57789236E-03 -19.99999955E-03
+66.40000E-06 -75.57789236E-03 -19.99999955E-03
+66.42500E-06 -9.44723647E-03 -48.14070280E-03
+66.45000E-06 +0.0E+00 -24.02009998E-03
+66.47500E-06 +0.0E+00 -19.99999955E-03
+66.50000E-06 +0.0E+00 -19.99999955E-03
+66.52500E-06 -75.57789236E-03 -19.99999955E-03
+66.55000E-06 -66.13065589E-03 -48.14070280E-03
+66.57500E-06 +0.0E+00 -24.02009998E-03
+66.60000E-06 -9.44723647E-03 -19.99999955E-03
+66.62500E-06 -75.57789236E-03 -48.14070280E-03
+66.65000E-06 +0.0E+00 -24.02009998E-03
+66.67500E-06 -66.13065589E-03 -19.99999955E-03
+66.70000E-06 -75.57789236E-03 -19.99999955E-03
+66.72500E-06 -75.57789236E-03 +12.16080412E-03
+66.75000E-06 -66.13065589E-03 -19.99999955E-03
+66.77500E-06 -66.13065589E-03 -19.99999955E-03
+66.80000E-06 -75.57789236E-03 -19.99999955E-03
+66.82500E-06 +0.0E+00 -48.14070280E-03
+66.85000E-06 +0.0E+00 -48.14070280E-03
+66.87500E-06 -75.57789236E-03 -19.99999955E-03
+66.90000E-06 -75.57789236E-03 -19.99999955E-03
+66.92500E-06 -9.44723647E-03 -19.99999955E-03
+66.95000E-06 +0.0E+00 -48.14070280E-03
+66.97500E-06 +0.0E+00 -15.97989913E-03
+67.00000E-06 +0.0E+00 -19.99999955E-03
+67.02500E-06 -9.44723647E-03 -48.14070280E-03
+67.05000E-06 +0.0E+00 -24.02009998E-03
+67.07500E-06 -66.13065589E-03 -19.99999955E-03
+67.10000E-06 -75.57789236E-03 -19.99999955E-03
+67.12500E-06 -66.13065589E-03 -19.99999955E-03
+67.15000E-06 +0.0E+00 -48.14070280E-03
+67.17500E-06 -66.13065589E-03 -24.02009998E-03
+67.20000E-06 -75.57789236E-03 -19.99999955E-03
+67.22500E-06 -9.44723647E-03 -44.12060238E-03
+67.25000E-06 +0.0E+00 -24.02009998E-03
+67.27500E-06 -75.57789236E-03 -19.99999955E-03
+67.30000E-06 -66.13065589E-03 +8.14070370E-03
+67.32500E-06 -75.57789236E-03 -19.99999955E-03
+67.35000E-06 -66.13065589E-03 -48.14070280E-03
+67.37500E-06 -9.44723647E-03 -24.02009998E-03
+67.40000E-06 -75.57789236E-03 -19.99999955E-03
+67.42500E-06 -75.57789236E-03 -48.14070280E-03
+67.45000E-06 +0.0E+00 -19.99999955E-03
+67.47500E-06 -66.13065589E-03 -24.02009998E-03
+67.50000E-06 -66.13065589E-03 -48.14070280E-03
+67.52500E-06 -9.44723647E-03 -19.99999955E-03
+67.55000E-06 -75.57789236E-03 -24.02009998E-03
+67.57500E-06 +0.0E+00 -19.99999955E-03
+67.60000E-06 -66.13065589E-03 -15.97989913E-03
+67.62500E-06 -66.13065589E-03 -48.14070280E-03
+67.65000E-06 +0.0E+00 -52.16080323E-03
+67.67500E-06 -75.57789236E-03 -24.02009998E-03
+67.70000E-06 -75.57789236E-03 -15.97989913E-03
+67.72500E-06 -9.44723647E-03 -19.99999955E-03
+67.75000E-06 -9.44723647E-03 -52.16080323E-03
+67.77500E-06 -75.57789236E-03 -19.99999955E-03
+67.80000E-06 -75.57789236E-03 -19.99999955E-03
+67.82500E-06 -9.44723647E-03 -48.14070280E-03
+67.85000E-06 +0.0E+00 -24.02009998E-03
+67.87500E-06 -9.44723647E-03 -24.02009998E-03
+67.90000E-06 -9.44723647E-03 +8.14070370E-03
+67.92500E-06 -75.57789236E-03 -19.99999955E-03
+67.95000E-06 -9.44723647E-03 -19.99999955E-03
+67.97500E-06 -75.57789236E-03 +8.14070370E-03
+68.00000E-06 -75.57789236E-03 -19.99999955E-03
+68.02500E-06 -75.57789236E-03 -48.14070280E-03
+68.05000E-06 +0.0E+00 -24.02009998E-03
+68.07500E-06 -75.57789236E-03 -15.97989913E-03
+68.10000E-06 -75.57789236E-03 -15.97989913E-03
+68.12500E-06 -9.44723647E-03 +8.14070370E-03
+68.15000E-06 -75.57789236E-03 -19.99999955E-03
+68.17500E-06 -66.13065590E-03 -19.99999955E-03
+68.20000E-06 -66.13065590E-03 -19.99999955E-03
+68.22500E-06 +0.0E+00 -19.99999955E-03
+68.25000E-06 +0.0E+00 -24.02009998E-03
+68.27500E-06 -75.57789236E-03 -19.99999955E-03
+68.30000E-06 -66.13065590E-03 -19.99999955E-03
+68.32500E-06 -75.57789236E-03 +8.14070370E-03
+68.35000E-06 -9.44723647E-03 -15.97989913E-03
+68.37500E-06 -66.13065590E-03 -52.16080323E-03
+68.40000E-06 -75.57789236E-03 -48.14070280E-03
+68.42500E-06 -75.57789236E-03 -48.14070280E-03
+68.45000E-06 +0.0E+00 -19.99999955E-03
+68.47500E-06 -75.57789236E-03 -19.99999955E-03
+68.50000E-06 -9.44723647E-03 -19.99999955E-03
+68.52500E-06 -75.57789236E-03 -19.99999955E-03
+68.55000E-06 -75.57789236E-03 -19.99999955E-03
+68.57500E-06 +0.0E+00 -24.02009998E-03
+68.60000E-06 -75.57789236E-03 -19.99999955E-03
+68.62500E-06 -66.13065590E-03 -52.16080323E-03
+68.65000E-06 -9.44723647E-03 -24.02009998E-03
+68.67500E-06 -9.44723647E-03 -19.99999955E-03
+68.70000E-06 -66.13065590E-03 -19.99999955E-03
+68.72500E-06 -75.57789236E-03 -19.99999955E-03
+68.75000E-06 +0.0E+00 -19.99999955E-03
+68.77500E-06 +0.0E+00 -19.99999955E-03
+68.80000E-06 -75.57789236E-03 -48.14070280E-03
+68.82500E-06 -75.57789236E-03 -48.14070280E-03
+68.85000E-06 -9.44723647E-03 -24.02009998E-03
+68.87500E-06 +66.13065590E-03 -24.02009998E-03
+68.90000E-06 +0.0E+00 -44.12060238E-03
+68.92500E-06 -75.57789236E-03 -19.99999955E-03
+68.95000E-06 +0.0E+00 -19.99999955E-03
+68.97500E-06 -66.13065590E-03 -24.02009998E-03
+69.00000E-06 -75.57789236E-03 -24.02009998E-03
+69.02500E-06 +0.0E+00 -19.99999955E-03
+69.05000E-06 +0.0E+00 -24.02009998E-03
+69.07500E-06 +0.0E+00 -19.99999955E-03
+69.10000E-06 -75.57789236E-03 -19.99999955E-03
+69.12500E-06 -9.44723647E-03 -19.99999955E-03
+69.15000E-06 +0.0E+00 -48.14070280E-03
+69.17500E-06 +0.0E+00 -24.02009998E-03
+69.20000E-06 -75.57789236E-03 -19.99999955E-03
+69.22500E-06 -9.44723647E-03 -48.14070280E-03
+69.25000E-06 +0.0E+00 -24.02009998E-03
+69.27500E-06 -66.13065590E-03 -15.97989913E-03
+69.30000E-06 -75.57789236E-03 -19.99999955E-03
+69.32500E-06 -66.13065590E-03 -15.97989913E-03
+69.35000E-06 -66.13065590E-03 -48.14070280E-03
+69.37500E-06 -56.68341943E-03 -19.99999955E-03
+69.40000E-06 +0.0E+00 -48.14070280E-03
+69.42500E-06 -9.44723647E-03 -76.28140605E-03
+69.45000E-06 -9.44723646E-03 -24.02009998E-03
+69.47500E-06 +0.0E+00 -19.99999955E-03
+69.50000E-06 -75.57789236E-03 -19.99999955E-03
+69.52500E-06 -75.57789236E-03 -19.99999955E-03
+69.55000E-06 -75.57789236E-03 -19.99999955E-03
+69.57500E-06 -75.57789236E-03 -19.99999955E-03
+69.60000E-06 -75.57789236E-03 -19.99999955E-03
+69.62500E-06 -66.13065590E-03 -48.14070280E-03
+69.65000E-06 -66.13065590E-03 -24.02009998E-03
+69.67500E-06 +0.0E+00 -19.99999955E-03
+69.70000E-06 -75.57789236E-03 -19.99999955E-03
+69.72500E-06 -75.57789236E-03 -15.97989913E-03
+69.75000E-06 -66.13065590E-03 -48.14070280E-03
+69.77500E-06 -9.44723646E-03 -19.99999955E-03
+69.80000E-06 -75.57789236E-03 -15.97989913E-03
+69.82500E-06 -75.57789236E-03 -48.14070280E-03
+69.85000E-06 -9.44723646E-03 -24.02009998E-03
+69.87500E-06 -75.57789236E-03 -24.02009998E-03
+69.90000E-06 +0.0E+00 -19.99999955E-03
+69.92500E-06 -66.13065590E-03 -52.16080323E-03
+69.95000E-06 +0.0E+00 -19.99999955E-03
+69.97500E-06 +0.0E+00 -19.99999955E-03
+70.00000E-06 -75.57789236E-03 -19.99999955E-03
+70.02500E-06 -75.57789236E-03 -19.99999955E-03
+70.05000E-06 -66.13065590E-03 -24.02009998E-03
+70.07500E-06 -66.13065590E-03 -19.99999955E-03
+70.10000E-06 +0.0E+00 -24.02009998E-03
+70.12500E-06 -9.44723646E-03 -24.02009998E-03
+70.15000E-06 -75.57789236E-03 -48.14070280E-03
+70.17500E-06 -75.57789236E-03 -15.97989913E-03
+70.20000E-06 -66.13065590E-03 -19.99999955E-03
+70.22500E-06 -9.44723646E-03 -52.16080323E-03
+70.25000E-06 -66.13065590E-03 -24.02009998E-03
+70.27500E-06 +0.0E+00 -19.99999955E-03
+70.30000E-06 -9.44723646E-03 -19.99999955E-03
+70.32500E-06 -9.44723646E-03 -19.99999955E-03
+70.35000E-06 -75.57789236E-03 -19.99999955E-03
+70.37500E-06 -9.44723646E-03 -24.02009998E-03
+70.40000E-06 -66.13065590E-03 -19.99999955E-03
+70.42500E-06 -75.57789236E-03 -48.14070280E-03
+70.45000E-06 +0.0E+00 -19.99999955E-03
+70.47500E-06 +0.0E+00 -19.99999955E-03
+70.50000E-06 -9.44723646E-03 -19.99999955E-03
+70.52500E-06 -9.44723646E-03 -19.99999955E-03
+70.55000E-06 -75.57789236E-03 -48.14070280E-03
+70.57500E-06 -9.44723646E-03 -19.99999955E-03
+70.60000E-06 -66.13065590E-03 -19.99999955E-03
+70.62500E-06 -9.44723646E-03 -52.16080323E-03
+70.65000E-06 -66.13065590E-03 -52.16080323E-03
+70.67500E-06 -66.13065590E-03 -19.99999955E-03
+70.70000E-06 -75.57789236E-03 -19.99999955E-03
+70.72500E-06 -9.44723646E-03 -15.97989913E-03
+70.75000E-06 -9.44723646E-03 -52.16080323E-03
+70.77500E-06 -75.57789236E-03 -19.99999955E-03
+70.80000E-06 -75.57789236E-03 -19.99999955E-03
+70.82500E-06 -18.89447292E-03 -19.99999955E-03
+70.85000E-06 -66.13065590E-03 -24.02009998E-03
+70.87500E-06 +0.0E+00 -19.99999955E-03
+70.90000E-06 -66.13065590E-03 -19.99999955E-03
+70.92500E-06 -75.57789236E-03 -19.99999955E-03
+70.95000E-06 +66.13065590E-03 -24.02009998E-03
+70.97500E-06 -66.13065590E-03 -52.16080323E-03
+71.00000E-06 -75.57789236E-03 -44.12060238E-03
+71.02500E-06 -75.57789236E-03 -44.12060238E-03
+71.05000E-06 -9.44723646E-03 -52.16080323E-03
+71.07500E-06 -66.13065590E-03 +8.14070370E-03
+71.10000E-06 -9.44723646E-03 -19.99999955E-03
+71.12500E-06 -66.13065590E-03 -24.02009998E-03
+71.15000E-06 -75.57789236E-03 -24.02009998E-03
+71.17500E-06 -66.13065590E-03 -19.99999955E-03
+71.20000E-06 -75.57789236E-03 -19.99999955E-03
+71.22500E-06 +0.0E+00 -48.14070280E-03
+71.25000E-06 +0.0E+00 -24.02009998E-03
+71.27500E-06 +0.0E+00 -19.99999955E-03
+71.30000E-06 +0.0E+00 +8.14070370E-03
+71.32500E-06 -132.26131180E-03 -19.99999955E-03
+71.35000E-06 -9.44723646E-03 -48.14070280E-03
+71.37500E-06 -9.44723646E-03 -24.02009998E-03
+71.40000E-06 +0.0E+00 -48.14070281E-03
+71.42500E-06 -75.57789236E-03 -48.14070281E-03
+71.45000E-06 -66.13065590E-03 -24.02009998E-03
+71.47500E-06 -66.13065590E-03 -19.99999955E-03
+71.50000E-06 -66.13065590E-03 -19.99999955E-03
+71.52500E-06 -9.44723646E-03 +8.14070370E-03
+71.55000E-06 -75.57789236E-03 -48.14070281E-03
+71.57500E-06 -75.57789236E-03 -24.02009998E-03
+71.60000E-06 -75.57789236E-03 -19.99999955E-03
+71.62500E-06 -75.57789236E-03 -48.14070281E-03
+71.65000E-06 -9.44723646E-03 -24.02009998E-03
+71.67500E-06 +0.0E+00 -19.99999955E-03
+71.70000E-06 -66.13065590E-03 -48.14070281E-03
+71.72500E-06 -75.57789236E-03 -19.99999955E-03
+71.75000E-06 -75.57789236E-03 -15.97989913E-03
+71.77500E-06 -66.13065590E-03 -48.14070281E-03
+71.80000E-06 -75.57789236E-03 -52.16080323E-03
+71.82500E-06 +0.0E+00 -48.14070281E-03
+71.85000E-06 -75.57789236E-03 -24.02009998E-03
+71.87500E-06 -75.57789236E-03 -24.02009998E-03
+71.90000E-06 -9.44723646E-03 -19.99999955E-03
+71.92500E-06 -9.44723646E-03 -19.99999955E-03
+71.95000E-06 -75.57789236E-03 -19.99999955E-03
+71.97500E-06 -66.13065590E-03 -24.02009998E-03
+72.00000E-06 -66.13065590E-03 -19.99999955E-03
+72.02500E-06 -9.44723646E-03 -19.99999955E-03
+72.05000E-06 +0.0E+00 -52.16080323E-03
+72.07500E-06 -66.13065590E-03 -24.02009998E-03
+72.10000E-06 +0.0E+00 +8.14070370E-03
+72.12500E-06 -75.57789236E-03 -19.99999955E-03
+72.15000E-06 +0.0E+00 -19.99999955E-03
+72.17500E-06 -66.13065590E-03 -24.02009998E-03
+72.20000E-06 -75.57789236E-03 -48.14070281E-03
+72.22500E-06 -9.44723646E-03 -19.99999955E-03
+72.25000E-06 -75.57789236E-03 -52.16080323E-03
+72.27500E-06 -9.44723646E-03 -19.99999955E-03
+72.30000E-06 -75.57789236E-03 -19.99999955E-03
+72.32500E-06 -66.13065590E-03 -19.99999955E-03
+72.35000E-06 +0.0E+00 -48.14070281E-03
+72.37500E-06 -75.57789236E-03 -19.99999955E-03
+72.40000E-06 -9.44723646E-03 -19.99999955E-03
+72.42500E-06 -66.13065590E-03 -48.14070281E-03
+72.45000E-06 +0.0E+00 +4.12060328E-03
+72.47500E-06 -66.13065590E-03 -24.02009998E-03
+72.50000E-06 -9.44723646E-03 -19.99999955E-03
+72.52500E-06 +0.0E+00 +12.16080412E-03
+72.55000E-06 -9.44723646E-03 -48.14070281E-03
+72.57500E-06 -66.13065590E-03 -19.99999955E-03
+72.60000E-06 +0.0E+00 +8.14070370E-03
+72.62500E-06 -9.44723646E-03 -24.02009998E-03
+72.65000E-06 +0.0E+00 -24.02009998E-03
+72.67500E-06 -66.13065590E-03 -24.02009998E-03
+72.70000E-06 -75.57789236E-03 -19.99999955E-03
+72.72500E-06 -66.13065590E-03 -15.97989913E-03
+72.75000E-06 +0.0E+00 -19.99999955E-03
+72.77500E-06 +0.0E+00 -19.99999955E-03
+72.80000E-06 -66.13065590E-03 -19.99999955E-03
+72.82500E-06 +0.0E+00 -52.16080323E-03
+72.85000E-06 +9.44723646E-03 -24.02009998E-03
+72.87500E-06 -66.13065590E-03 -19.99999955E-03
+72.90000E-06 -75.57789236E-03 -19.99999955E-03
+72.92500E-06 -9.44723646E-03 -19.99999955E-03
+72.95000E-06 -75.57789236E-03 -19.99999955E-03
+72.97500E-06 +0.0E+00 -19.99999955E-03
+73.00000E-06 -66.13065591E-03 -48.14070281E-03
+73.02500E-06 -75.57789236E-03 -48.14070281E-03
+73.05000E-06 -9.44723646E-03 -24.02009998E-03
+73.07500E-06 +56.68341945E-03 -19.99999955E-03
+73.10000E-06 -75.57789236E-03 -19.99999955E-03
+73.12500E-06 -75.57789236E-03 -15.97989913E-03
+73.15000E-06 -9.44723646E-03 -19.99999955E-03
+73.17500E-06 +0.0E+00 -19.99999955E-03
+73.20000E-06 +0.0E+00 -48.14070281E-03
+73.22500E-06 -9.44723646E-03 -48.14070281E-03
+73.25000E-06 +0.0E+00 -24.02009997E-03
+73.27500E-06 +0.0E+00 -19.99999955E-03
+73.30000E-06 +0.0E+00 -19.99999955E-03
+73.32500E-06 -66.13065591E-03 -19.99999955E-03
+73.35000E-06 -66.13065591E-03 -19.99999955E-03
+73.37500E-06 -9.44723646E-03 -19.99999955E-03
+73.40000E-06 -9.44723646E-03 -19.99999955E-03
+73.42500E-06 -75.57789236E-03 -19.99999955E-03
+73.45000E-06 -66.13065591E-03 -24.02009997E-03
+73.47500E-06 -75.57789236E-03 -19.99999955E-03
+73.50000E-06 +0.0E+00 +8.14070370E-03
+73.52500E-06 -75.57789236E-03 -48.14070281E-03
+73.55000E-06 +0.0E+00 -19.99999955E-03
+73.57500E-06 -66.13065591E-03 -24.02009997E-03
+73.60000E-06 -75.57789236E-03 -19.99999955E-03
+73.62500E-06 -9.44723646E-03 -48.14070281E-03
+73.65000E-06 -66.13065591E-03 -24.02009997E-03
+73.67500E-06 -75.57789236E-03 -19.99999955E-03
+73.70000E-06 -75.57789236E-03 -19.99999955E-03
+73.72500E-06 -66.13065591E-03 -19.99999955E-03
+73.75000E-06 +0.0E+00 -24.02009997E-03
+73.77500E-06 -66.13065591E-03 -52.16080323E-03
+73.80000E-06 -66.13065591E-03 -19.99999955E-03
+73.82500E-06 -75.57789236E-03 -48.14070281E-03
+73.85000E-06 -66.13065591E-03 -52.16080323E-03
+73.87500E-06 +0.0E+00 -19.99999955E-03
+73.90000E-06 -75.57789236E-03 -19.99999955E-03
+73.92500E-06 -75.57789236E-03 -19.99999955E-03
+73.95000E-06 -66.13065591E-03 -48.14070281E-03
+73.97500E-06 +0.0E+00 -24.02009997E-03
+74.00000E-06 -66.13065591E-03 -19.99999955E-03
+74.02500E-06 -75.57789236E-03 -44.12060239E-03
+74.05000E-06 -66.13065591E-03 -24.02009997E-03
+74.07500E-06 -66.13065591E-03 -19.99999955E-03
+74.10000E-06 -66.13065591E-03 -19.99999955E-03
+74.12500E-06 -75.57789236E-03 -19.99999955E-03
+74.15000E-06 -9.44723646E-03 -48.14070281E-03
+74.17500E-06 -9.44723646E-03 -24.02009997E-03
+74.20000E-06 -75.57789236E-03 -48.14070281E-03
+74.22500E-06 -75.57789236E-03 -48.14070281E-03
+74.25000E-06 -9.44723646E-03 -24.02009997E-03
+74.27500E-06 -9.44723646E-03 -19.99999955E-03
+74.30000E-06 -66.13065591E-03 -19.99999955E-03
+74.32500E-06 -75.57789236E-03 -19.99999955E-03
+74.35000E-06 -9.44723646E-03 -48.14070281E-03
+74.37500E-06 -9.44723646E-03 -24.02009997E-03
+74.40000E-06 -75.57789236E-03 -19.99999955E-03
+74.42500E-06 -9.44723646E-03 -52.16080323E-03
+74.45000E-06 +0.0E+00 -24.02009997E-03
+74.47500E-06 -66.13065591E-03 -19.99999955E-03
+74.50000E-06 -9.44723646E-03 -19.99999955E-03
+74.52500E-06 -66.13065591E-03 +8.14070370E-03
+74.55000E-06 -75.57789236E-03 -19.99999955E-03
+74.57500E-06 +0.0E+00 -19.99999955E-03
+74.60000E-06 -75.57789236E-03 -19.99999955E-03
+74.62500E-06 -75.57789236E-03 -48.14070281E-03
+74.65000E-06 -75.57789236E-03 -24.02009997E-03
+74.67500E-06 +66.13065591E-03 -19.99999955E-03
+74.70000E-06 -66.13065591E-03 -19.99999955E-03
+74.72500E-06 -9.44723646E-03 -48.14070281E-03
+74.75000E-06 +0.0E+00 -19.99999955E-03
+74.77500E-06 -75.57789236E-03 -19.99999955E-03
+74.80000E-06 -75.57789236E-03 -19.99999955E-03
+74.82500E-06 -9.44723645E-03 -15.97989913E-03
+74.85000E-06 -66.13065591E-03 -19.99999955E-03
+74.87500E-06 +0.0E+00 -19.99999955E-03
+74.90000E-06 -66.13065591E-03 +8.14070370E-03
+74.92500E-06 +0.0E+00 +12.16080412E-03
+74.95000E-06 +0.0E+00 -52.16080323E-03
+74.97500E-06 -66.13065591E-03 -24.02009997E-03
+75.00000E-06 -9.44723645E-03 -19.99999955E-03
+75.02500E-06 -66.13065591E-03 -52.16080323E-03
+75.05000E-06 -75.57789236E-03 -24.02009997E-03
+75.07500E-06 -66.13065591E-03 -19.99999955E-03
