0.6898995958662557
0.6087423558225175
0.7526620348538817
0.6111218336146493
0.561090243453477
0.7388815515932309
0.6246887395262924
0.7907658551296068
1.870231522441574
2.5005882916930218
3.228572232667776
1.9259922588930223
0.5281899292467783
0.5304671981251355
0.654070615118201
0.5950977060077253
0.6512273590570475
0.7163511914673971
0.6177118905312088
0.6627977614059583
0.7239895648579913
0.6278717076284569
0.735995268974581
0.6827656282719409
0.7439587030071434
0.6917614812279911
0.6964200741039587
0.7895455031240048
0.7159638221768709
0.6766733068419339
0.6819479871888912
0.6988738977335235
0.7001103695049077
0.7531776389563904
0.7308037020720693
0.8314908667950976
0.7499332091054561
0.6806658970609777
0.8499328477040572
0.730894965389963
0.7112084759346912
0.6795560142607567
0.6255508553827511
0.6081543813796821
0.6586907568428296
0.6506316793690065
0.5942247438451105
1.1763918605987
1.8501527445029533
2.735646485445156
3.827630848635742
0.8170102446537988
0.886060930626219
0.7234113544359236
0.5890839203439101
0.7753265853645027
0.7174563932693656
0.7154451985213579
0.889243264447679
0.7990195088073808
0.8307751018389766
0.9275856452273804
0.6411683106292707
0.6795047311603307
0.6563696568607794
0.6088354966253723
0.6904112187330553
0.6503101504107125
0.7495672046257649
0.6961719181090661
0.6381280805156734
0.7022526096324849
0.6766931584553711
0.7095865177065603
0.6912505544814318
0.7410114384358243
0.8963949967487281
1.0460694044135805
0.9124978729750316
0.6744192668209951
0.621057425539213
0.6818222804459334
0.7016838540478731
0.595411528817668
0.5434001101664083
0.5403916164254654
1.006449028374081
1.590941122149015
0.6188710897053745
0.8156220833387784
4.172623382465148
0.4859813689406519
0.40087810430117604
0.9720120592247123
1.650836024511756
2.4288577500105433
3.2960227510716216
2.991217838351998
2.9618487420308
1.967512708800757
1.8859844866622597
1.4341951216652764
0.9354199321236256
0.453258679280816
0.5774154415497226
0.49821485116826203
0.545353571123643
0.7409423816006254
1.177143375575811
1.7335701995257375
1.9524639871214133
3.170185661655594
3.6605291643687363
2.3723644487049764
2.2675770241629873
1.3381964501060726
0.9260276823704224
0.5925929682562505
0.4995506430398429
0.51452580190712
0.5423177883128225
0.5921170955944673
0.5988327983489238
8.38895662332593
2.9508849060940086
4.814198274809925
2.5964966323224115
2.159543297111447
6.5378436076937465
6.253543641760776
4.280216029743752
