500000.0
0.0025262826209134777
1000000.0
0.0024894306832218523
1500000.0
0.002708657474664373
2000000.0
0.002998517761633192
2500000.0
0.003059870247024534
3000000.0
0.0031923269395609296
3500000.0
0.003159046269237121
4000000.0
0.003326579709715707
4500000.0
0.0033954925854141615
5000000.0
0.003439864585159121
5500000.0
0.0039356132520691825
6000000.0
0.003888577581191978
6500000.0
0.004150083517229374
7000000.0
0.004042267677632659
7500000.0
0.004374581705733063
8000000.0
0.004733027732108909
8500000.0
0.00489402298826515
9000000.0
0.004817567086345247
9500000.0
0.004855094573214363
10000000.0
0.005007034882170498
10500000.0
0.005290654665110741
11000000.0
0.005690009612501558
11500000.0
0.005446003335834377
12000000.0
0.005939501852211512
12500000.0
0.005864777043940392
13000000.0
0.006354988972003909
13500000.0
0.0061626289543023
14000000.0
0.006818936470218609
14500000.0
0.006848076791814606
15000000.0
0.006965293555300692
15500000.0
0.007158417264451747
16000000.0
0.007321372944207642
16500000.0
0.007545941109375215
17000000.0
0.007843352090753703
17500000.0
0.008215076391739566
18000000.0
0.008562588085590838
18500000.0
0.008651519386483553
19000000.0
0.008834414412577042
19500000.0
0.009274943200175205
20000000.0
0.009569482560578914
20500000.0
0.009737618629382229
21000000.0
0.009909869465965698
21500000.0
0.010593209154270955
22000000.0
0.010496495127131819
22500000.0
0.010940614720464165
23000000.0
0.010726186302349715
23500000.0
0.011343216167712883
24000000.0
0.01185959345298572
24500000.0
0.012103315516491795
25000000.0
0.012266533013892774
25500000.0
0.012612043343497033
26000000.0
0.012926877463395386
26500000.0
0.013530756496511597
27000000.0
0.013590054621403254
27500000.0
0.014265979263819176
28000000.0
0.01446363775230156
28500000.0
0.015001259732305535
29000000.0
0.015419235649016816
29500000.0
0.015724361524621935
30000000.0
0.016405348974446572
30500000.0
0.01654005840074141
31000000.0
0.017257121832263595
31500000.0
0.017573290615461704
32000000.0
0.018180309225731574
32500000.0
0.018379188023422043
33000000.0
0.01951240827652807
33500000.0
0.01960366228746791
34000000.0
0.020407014082802138
34500000.0
0.020948605800502083
35000000.0
0.02148111523439736
35500000.0
0.022316757799576047
36000000.0
0.022921894582309168
36500000.0
0.02354390623995874
37000000.0
0.024516632659898646
37500000.0
0.02528063179545771
38000000.0
0.026438711615043197
38500000.0
0.027867920160004635
39000000.0
0.02922702624649107
39500000.0
0.030179987613133993
40000000.0
0.03241520398070523
40500000.0
0.034035297285475545
41000000.0
0.03570932035521747
41500000.0
0.038120273284258
42000000.0
0.039995409165614906
42500000.0
0.04220475125783481
43000000.0
0.04508789001584694
43500000.0
0.04213477930513092
44000000.0
0.03981954326126005
44500000.0
0.038085100991145454
45000000.0
0.035516988122152836
45500000.0
0.03393726687970613
46000000.0
0.0324229033124063
46500000.0
0.03107466016611203
47000000.0
0.029739608348546217
47500000.0
0.028746128251712633
48000000.0
0.02771898410522476
48500000.0
0.026938507196828117
49000000.0
0.026268000660246107
49500000.0
0.02557313918958618
50000000.0
0.025324435624285862
