12.3
12.1
12.2
12.4
12.3
12.3
12.3
12.3
12.4
12.3
12.5
12.5
12.5
12.5
12.6
13.0
13.0
12.9
12.9
13.0
12.9
13.2
13.0
13.3
13.2
13.3
13.1
13.5
13.4
13.6
13.6
13.7
13.8
14.0
14.1
14.2
14.4
14.4
14.8
14.8
15.0
15.1
15.8
15.3
15.7
15.6
16.1
16.2
16.4
16.5
16.8
16.9
17.1
17.4
17.7
18.1
18.2
18.7
18.6
19.4
19.4
20.0
20.0
20.7
20.8
21.6
21.8
22.7
22.4
23.2
24.1
24.1
24.8
25.1
25.7
26.0
26.7
26.8
27.4
28.0
28.0
28.0
28.2
28.4
28.4
28.5
28.2
27.9
28.1
27.1
26.8
26.7
26.3
25.2
24.8
24.0
23.7
23.0
22.5
22.2
