500000.0
0.0016251409674333086
1000000.0
0.0019994192441941264
1500000.0
0.0022783388181218133
2000000.0
0.002643031425471314
2500000.0
0.002791921300367755
3000000.0
0.0029812385424150653
3500000.0
0.0030444029678015896
4000000.0
0.0032738999507471883
4500000.0
0.0035996709898678584
5000000.0
0.0037932719366662476
5500000.0
0.004272433517902049
6000000.0
0.004462983990330104
6500000.0
0.0045023381892569025
7000000.0
0.004557838795386126
7500000.0
0.00490175511681041
8000000.0
0.005089161155280895
8500000.0
0.005296269062822289
9000000.0
0.005429515421784266
9500000.0
0.005927593857003217
10000000.0
0.005740777180722201
10500000.0
0.005979366800316859
11000000.0
0.0062061835408799264
11500000.0
0.006300032490924915
12000000.0
0.006735321957388953
12500000.0
0.0068628433718806465
13000000.0
0.006881367212829277
13500000.0
0.0072365099855722015
14000000.0
0.007274664137215667
14500000.0
0.00730211072787059
15000000.0
0.00730211072787059
15500000.0
0.007672324291220413
16000000.0
0.007672324291220413
16500000.0
0.007936909144099162
17000000.0
0.007936909144099162
17500000.0
0.008229983102280257
18000000.0
0.008137015376044226
18500000.0
0.008200961713068106
19000000.0
0.008510116851217008
19500000.0
0.008727968059712293
20000000.0
0.00881859560413296
20500000.0
0.009048861566155406
21000000.0
0.009048861566155406
21500000.0
0.009282604034988257
22000000.0
0.009356443938184024
22500000.0
0.009432261148960694
23000000.0
0.009698734473481931
23500000.0
0.009604885523436945
24000000.0
0.009585051754795015
24500000.0
0.009838937206412218
25000000.0
0.010027533196221074
25500000.0
0.009838937206412218
26000000.0
0.010487246186618978
26500000.0
0.010394278460382947
27000000.0
0.010555711223006152
27500000.0
0.01065358868070167
28000000.0
0.010747437630746658
28500000.0
0.010754354145243096
29000000.0
0.011027937696352857
29500000.0
0.011048552334437335
30000000.0
0.011951415164972074
30500000.0
0.012109118804917132
31000000.0
0.012475864069079006
31500000.0
0.012642626473435324
32000000.0
0.012864187961685751
32500000.0
0.012940174444389798
33000000.0
0.013042589006266724
33500000.0
0.013481205430985337
34000000.0
0.013378247933748717
34500000.0
0.01337204236156249
35000000.0
0.013691007233353352
35500000.0
0.01374322614622052
36000000.0
0.014144100697126467
36500000.0
0.014201872425437875
37000000.0
0.014347477845137832
37500000.0
0.01426100576623927
38000000.0
0.01451818879993492
38500000.0
0.01487107683286488
39000000.0
0.01517457921990451
39500000.0
0.015218982681727469
40000000.0
0.015455855164081685
40500000.0
0.015487680095454133
41000000.0
0.015455855164081685
41500000.0
0.015855502383533032
42000000.0
0.016568908625732987
42500000.0
0.016615364405763885
43000000.0
0.01672753089215482
43500000.0
0.01649636887238263
44000000.0
0.01724649274901088
44500000.0
0.016969808031382053
45000000.0
0.016927943317426395
45500000.0
0.017077961188917506
46000000.0
0.01768337200553502
46500000.0
0.018100268449494354
47000000.0
0.018100268449494354
47500000.0
0.018550390965105815
48000000.0
0.01857491659097078
48500000.0
0.018713394234285037
49000000.0
0.01862086094301536
49500000.0
0.018713394234285037
50000000.0
0.018923808117602352
