10.9
10.5
10.8
10.5
10.5
10.5
10.2
10.3
10.4
10.4
10.5
10.5
10.4
10.3
10.5
10.5
10.5
10.4
10.7
10.5
10.5
10.5
10.6
10.8
10.8
10.7
10.8
10.8
10.6
10.6
10.7
10.7
10.7
10.7
10.7
10.6
10.6
10.7
10.6
10.6
10.6
10.6
10.7
10.6
10.5
10.6
10.5
10.4
10.4
10.6
10.4
10.7
10.6
10.6
10.5
10.6
10.4
10.6
10.5
10.7
10.6
11.0
10.9
11.0
10.9
11.2
11.2
11.2
11.0
11.4
11.3
11.6
11.5
11.5
11.4
11.7
11.9
11.9
12.0
12.1
11.9
12.1
12.4
12.9
12.8
13.0
12.7
13.3
13.1
13.1
13.3
13.9
14.0
14.0
14.0
14.1
14.1
14.1
14.1
14.2
